0
4278
8485
12550
16402
19973
23203
26035
28419
30314
31684
32507
32766
32456
31581
30156
28203
25758
22860
19561
15917
11991
7852
3573
-771
-5106
-9352
-13436
-17284
-20829
-24006
-26759
-29038
-30801
-32015
-32660
-32720
-32196
-31094
-29434
-27244
-24563
-21439
-17925
-14087
-9991
-5712
-1327
3083
7441
11667
15683
19415
22796
25762
28259
30239
31667
32514
32764
32412
31462
29931
27847
25247
22178
18696
14865
10755
6443
2009
-2465
-6896
-11201
-15299
-19113
-22570
-25606
-28162
-30190
-31650
-32514
-32764
-32394
-31411
-29832
-27686
-25012
-21861
-18292
-14372
-10175
-5781
-1274
3259
7733
12062
16161
19951
23359
26318
28771
30668
31973
32659
32711
32127
30919
29107
26727
23823
20452
16679
12577
8226
3711
-879
-5455
-9926
-14204
-18204
-21846
-25058
-27775
-29942
-31516
-32464
-32766
-32415
-31417
-29790
-27567
-24790
-21514
-17805
-13736
-9388
-4849
-209
4437
8997
13377
17489
21248
24578
27411
29687
31359
32393
32765
32468
31507
29899
27676
24884
21579
17828
13707
9301
4700
0
-4703
-9311
-13729
-17864
-21629
-24947
-27746
-29968
-31566
-32503
-32761
-32332
-31225
-29460
-27076
-24119
-20653
-16748
-12488
-7961
-3263
1506
6246
10856
15238
19298
22949
26112
28719
30713
32051
32702
32651
31900
30461
28366
25658
22395
18646
14492
10022
5332
524
-4298
-9029
-13567
-17811
-21669
-25055
-27896
-30127
-31699
-32577
-32739
-32182
-30916
-28967
-26379
-23206
-19519
-15397
-10932
-6222
-1372
3511
8320
12945
17284
21240
24723
27655
29968
31611
32545
32748
32214
30954
28995
26381
23169
19431
15252
10724
5950
1038
-3899
-8751
-13405
-17757
-21705
-25159
-28038
-30277
-31822
-32637
-32702
-32014
-30588
-28456
-25665
-22280
-18377
-14047
-9388
-4509
477
5455
10308
14924
19194
23018
26305
28979
30974
32243
32756
32498
31476
29711
27244
24133
20449
16280
11722
6884
1880
-3170
-8148
-12935
-17416
-21484
-25041
-28000
-30291
-31856
-32659
-32677
-31909
-30373
-28105
-25157
-21600
-17520
-13013
-8189
-3163
1941
7001
11893
16499
20705
24407
27516
29953
31659
32589
32721
32049
30590
28377
25463
21921
17836
13307
8448
3377
-1780
-6896
-11843
-16499
-20746
-24479
-27603
-30040
-31727
-32621
-32699
-31957
-30413
-28105
-25088
-21439
-17247
-12618
-7668
-2522
2689
7836
12787
17416
21605
25247
28248
30530
32035
32723
32574
31592
29801
27244
23987
20112
15718
10917
5832
595
-4660
-9798
-14685
-19194
-23208
-26622
-29345
-31307
-32455
-32757
-32206
-30813
-28614
-25665
-22043
-17841
-13169
-8148
-2911
2405
7661
12717
17440
21705
25397
28419
30689
32146
32750
32483
31352
29385
26633
23169
19084
14487
9500
4255
-1105
-6439
-11603
-16457
-20870
-24723
-27911
-30346
-31961
-32712
-32578
-31559
-29684
-27001
-23582
-19519
-14922
-9916
-4636
771
6162
11386
16301
20770
24671
27896
30354
31977
32719
32558
31498
29565
26813
23317
19172
14492
9407
4058
-1405
-6833
-12073
-16978
-21411
-25247
-28377
-30713
-32188
-32760
-32410
-31148
-29007
-26047
-22351
-18021
-13179
-7961
-2516
3003
8440
13640
18454
22745
26389
29282
31340
32503
32737
32033
30409
27913
24613
20604
16000
10932
5547
0
-5550
-10942
-16021
-20637
-24657
-27963
-30458
-32068
-32745
-32468
-31244
-29107
-26118
-22364
-17952
-13013
-7689
-2137
3479
8997
14252
19090
23367
26955
29748
31662
32640
32650
31691
29790
27003
23411
19119
14256
8965
3403
-2262
-7862
-13230
-18204
-22633
-26385
-29345
-31423
-32556
-32707
-31871
-30072
-27362
-23823
-19561
-14703
-9397
-3803
1908
7565
12994
18030
22517
26318
29316
31419
32559
32702
31841
30001
27238
23635
19302
14372
8996
3339
-2422
-8112
-13553
-18577
-23026
-26761
-29667
-31650
-32648
-32629
-31591
-29565
-26615
-22829
-18327
-13249
-7752
-2009
3799
9491
14886
19815
24120
27666
30338
32052
32751
32412
31044
28690
25423
21345
16586
11295
5642
-193
-6025
-11667
-16938
-21669
-25706
-28920
-31206
-32489
-32726
-31909
-30063
-27244
-23544
-19081
-13998
-8460
-2644
3259
9060
14569
19606
24006
27626
30346
32075
32756
32366
30916
28451
25051
20827
15917
10480
4696
-1244
-7147
-12817
-18065
-22719
-26622
-29644
-31684
-32674
-32578
-31398
-29173
-25975
-21909
-17110
-11737
-5969
0
5972
11747
17130
21941
26016
29217
31436
32596
32657
31615
29504
26395
22390
17625
12260
6476
470
-5554
-11392
-16845
-21726
-25867
-29127
-31393
-32585
-32662
-31619
-29491
-26349
-22301
-17483
-12062
-6222
-166
5898
11762
17222
22088
26191
29387
31566
32648
32597
31411
29131
25835
21636
16679
11138
5205
-912
-7001
-12847
-18244
-23003
-26955
-29960
-31912
-32739
-32412
-30940
-28374
-24803
-20353
-15179
-9465
-3413
2763
8843
14612
19863
24407
28083
30758
32334
32755
32003
30103
27124
23169
18381
12929
7010
836
-5370
-11386
-16993
-21989
-26191
-29446
-31636
-32680
-32538
-31214
-28754
-25247
-20819
-15630
-9868
-3744
2518
8692
14551
19879
24480
28184
30855
32393
32739
31880
29845
26709
22585
17625
12011
5950
-333
-6607
-12639
-18204
-23094
-27128
-30152
-32055
-32763
-32248
-30528
-27666
-23767
-18976
-13473
-7461
-1167
5173
11322
17047
22132
26385
29644
31785
32724
32427
30901
28203
24435
19738
14288
8294
1981
-4409
-10635
-16457
-21654
-26025
-29402
-31656
-32697
-32485
-31027
-28377
-24634
-19943
-14481
-8460
-2109
4324
10594
16457
21686
26077
29459
31699
32710
32451
30929
28203
24378
19601
14056
7961
1552
-4919
-11201
-17047
-22227
-26537
-29806
-31906
-32751
-32307
-30590
-27666
-23648
-18696
-13002
-6791
-309
6187
12441
18204
23246
27366
30398
32222
32762
31995
29951
26709
22398
17189
11289
4935
-1619
-8112
-14281
-19879
-24678
-28486
-31147
-32552
-32643
-31416
-28917
-25247
-20553
-15023
-8882
-2378
4225
10659
16662
21989
26421
29777
31918
32756
32254
30432
27362
23169
18024
12137
5748
-879
-7473
-13762
-19485
-24407
-28323
-31070
-32533
-32650
-31414
-28875
-25136
-20353
-14721
-8475
-1874
4807
11292
17307
22602
26955
30182
32146
32765
32010
29911
26556
22083
16679
10571
4016
-2711
-9326
-15551
-21121
-25799
-29387
-31732
-32732
-32344
-30582
-27520
-23286
-18060
-12062
-5547
1206
7911
14280
20041
24947
28786
31393
32653
32513
30975
28105
24024
18906
12972
6476
-301
-7069
-13534
-19415
-24458
-28443
-31196
-32596
-32580
-31148
-28360
-24336
-19250
-13322
-6811
0
6813
13332
19269
24364
28393
31178
32594
32578
31129
28309
24241
19103
13120
6555
-301
-7147
-13680
-19609
-24671
-28641
-31340
-32648
-32505
-30916
-27948
-23735
-18460
-12360
-5706
1206
8067
14569
20421
25359
29162
31656
32728
32328
30473
27244
22786
17298
11027
4255
-2711
-9557
-15974
-21669
-26383
-29901
-32062
-32766
-31979
-29736
-26137
-21345
-15577
-9095
-2195
4807
11593
17850
23291
27666
30771
32464
32665
31362
28614
24546
19345
13249
6538
-477
-7473
-14125
-20126
-25196
-29098
-31650
-32732
-32292
-30349
-26991
-22374
-16712
-10266
-3339
3746
10659
17076
22694
27251
30530
32377
32702
31489
28793
24740
19519
13375
6597
-494
-7565
-14281
-20323
-25404
-29282
-31772
-32753
-32178
-30072
-26533
-21729
-15887
-9285
-2238
4919
11843
18204
23695
28052
31066
32589
32548
30942
27847
23411
17845
11416
4435
-2763
-9830
-16425
-22227
-26955
-30378
-32330
-32713
-31507
-28769
-24631
-19293
-13013
-6096
1120
8285
15047
21076
26077
29802
32068
32763
31850
29372
25451
20276
14101
7230
0
-7232
-14111
-20295
-25478
-29402
-31872
-32764
-32033
-29711
-25913
-20827
-14703
-7845
-595
6688
13640
19914
25196
29220
31785
32759
32093
29819
26047
20967
14832
7950
664
-6656
-13645
-19948
-25247
-29273
-31822
-32763
-32046
-29706
-25861
-20703
-14492
-7543
-209
7138
14125
20396
25629
29557
31977
32766
31880
29363
25342
20022
13674
6622
-771
-8129
-15071
-21240
-26318
-30042
-32219
-32734
-31559
-28754
-24461
-18901
-12360
-5177
2276
9615
16457
22447
27271
30678
32489
32608
31026
27825
23169
17302
10527
3199
-4298
-11573
-18244
-23960
-28419
-31387
-32705
-32302
-30198
-26501
-21406
-15179
-8148
-684
6817
13962
20369
25700
29668
32064
32757
31710
28975
24698
19103
12488
5205
-2358
-9798
-16717
-22745
-27557
-30894
-32577
-32513
-30703
-27244
-22319
-16192
-9191
-1693
5898
13175
19743
25247
29388
31941
32765
31816
29141
24884
19276
12618
5272
-2362
-9871
-16845
-22903
-27714
-31014
-32621
-32445
-30495
-26875
-21781
-15492
-8351
-749
6896
14165
20658
26016
29942
32220
32721
31417
28377
23767
17841
10926
3403
-4310
-11787
-18613
-24407
-28847
-31684
-32759
-32010
-29476
-25298
-19707
-13013
-5590
2148
9769
16845
22980
27828
31116
32659
32366
30254
26438
21133
14635
7310
-430
-8148
-15409
-21801
-26962
-30598
-32502
-32563
-30778
-27244
-22162
-15818
-8572
-836
6950
14343
20920
26305
30190
32350
32661
31103
27762
22829
16586
9388
1649
-6187
-13670
-20369
-25898
-29936
-32249
-32702
-31267
-28024
-23161
-16955
-9766
-2009
5867
13405
20168
25762
29860
32222
32709
31291
28049
23169
16936
9711
1916
-5992
-13553
-20323
-25904
-29968
-32275
-32687
-31179
-27837
-22855
-16527
-9222
-1372
6562
14111
20829
26318
30252
32397
32623
30916
27374
22206
15718
8294
373
-7571
-15067
-21669
-26980
-30683
-32556
-32483
-30469
-26631
-21197
-14492
-6916
1077
9009
16402
22811
27851
31216
32702
32218
29790
25564
19793
12824
5078
-2978
-10856
-18080
-24210
-28873
-31785
-32766
-31757
-28816
-24119
-17952
-10689
-2772
5316
13083
20053
25799
29968
32304
32662
31017
27469
22233
15630
8064
0
-8067
-15639
-22251
-27492
-31038
-32669
-32282
-29899
-25665
-19840
-12785
-4935
3223
11185
18454
24578
29176
31960
32754
31507
28295
23317
16881
9388
1306
-6859
-14599
-21426
-26913
-30713
-32587
-32415
-30206
-26096
-20343
-13307
-5431
2789
10837
18204
24423
29100
31937
32755
31498
28244
23199
16679
9099
938
-7285
-15047
-21854
-27271
-30951
-32659
-32282
-29844
-25497
-19519
-12290
-4271
4023
12062
19330
25359
29762
32252
32670
30984
27303
21861
15008
7184
-1105
-9326
-16947
-23474
-28484
-31650
-32766
-31757
-28687
-23753
-17274
-9670
-1435
6896
14781
21705
27215
30951
32666
32248
29720
25247
19119
11737
3583
-4807
-12886
-20121
-26035
-30239
-32455
-32534
-30469
-26395
-20578
-13400
-5336
3083
11302
18775
25007
29584
32200
32681
30992
27244
21684
14679
6695
-1736
-10055
-17706
-24178
-29038
-31959
-32744
-31340
-27837
-22468
-15592
-7668
771
9163
16942
23583
28641
31772
32764
31548
28203
22955
16155
8261
-193
-8637
-16499
-23246
-28419
-31667
-32766
-31641
-28366
-23161
-16378
-8479
0
8482
16388
23178
28387
31659
32766
31633
28334
23092
16267
8323
-193
-8699
-16610
-23382
-28547
-31748
-32764
-31521
-28105
-22748
-15818
-7793
771
9287
17161
23850
28887
31923
32744
31292
27666
22114
15023
6884
-1736
-10238
-18030
-24565
-29387
-32158
-32681
-30919
-26991
-21173
-13868
-5590
3083
11543
19194
25499
30012
32414
32534
30361
26047
19895
12336
3903
-4807
-13181
-20625
-26610
-30711
-32637
-32248
-29569
-24790
-18247
-10405
-1820
6896
15124
22277
27843
31423
32760
31757
28483
23169
16196
8060
-655
-9326
-17331
-24094
-29127
-32068
-32703
-30984
-27033
-21133
-13707
-5289
3511
12062
19743
25999
30374
32552
32371
29844
25150
18630
10754
2094
-6719
-15047
-22282
-27896
-31478
-32765
-31661
-28244
-22763
-15616
-7324
1506
10228
18204
24847
29668
32313
32585
30461
26096
19809
12062
3423
-5469
-13962
-21426
-27310
-31178
-32740
-31881
-28661
-23317
-16242
-7961
912
9721
17811
24578
29519
32265
32608
30520
26157
19840
12041
3339
-5613
-14150
-21629
-27492
-31296
-32755
-31758
-28377
-22863
-15630
-7219
1736
10564
18599
25234
29968
32443
32468
30041
25342
18725
10689
1842
-7147
-15598
-22868
-28404
-31785
-32751
-31227
-27327
-21345
-13736
-5078
3969
12717
20496
26712
30887
32702
32014
28875
23522
16364
7950
-1077
-10024
-18204
-24986
-29848
-32414
-32483
-30050
-25298
-18593
-10451
-1499
7571
16058
23305
28750
31969
32711
30916
26720
20449
12587
3744
-5391
-14111
-21734
-27666
-31442
-32766
-31533
-27837
-21964
-14372
-5653
3510
12401
20323
26654
30894
32710
31957
28692
23169
15822
7226
-1941
-10958
-19113
-25762
-30378
-32596
-32237
-29328
-24096
-16955
-8469
691
9799
18132
25028
29936
32465
32412
29778
24772
17791
9388
234
-8940
-17404
-24479
-29598
-32350
-32513
-30072
-25219
-18342
-9991
-836
8388
16942
24135
29387
32275
32563
30226
25451
18620
10283
1113
-8148
-16754
-24006
-29316
-32252
-32574
-30254
-25477
-18630
-10266
-1066
8222
16845
24098
29390
32286
32549
30156
25298
18372
9941
695
-8610
-17213
-24407
-29603
-32371
-32482
-29925
-24908
-17841
-9305
0
9307
17850
24924
29942
32491
32356
29546
24293
17028
8351
-1019
-10308
-18745
-25629
-30386
-32621
-32145
-28995
-23432
-15917
-7073
2362
11603
19879
26497
30903
32728
31816
28241
22301
14491
5464
-4023
-13175
-21224
-27492
-31451
-32766
-31324
-27244
-20868
-12732
-3519
5992
15001
22745
28568
31977
32682
30619
25962
19103
10622
1238
-8253
-17047
-24394
-29668
-32420
-32412
-29643
-24347
-16973
-8148
1373
10781
19269
26112
30723
32705
31886
28334
22351
14449
5304
-4298
-13534
-21608
-27826
-31650
-32749
-31026
-26627
-19930
-11510
-2094
7504
16457
23989
29446
32355
32460
29752
24461
17046
8148
-1459
-10942
-19477
-26318
-30870
-32732
-31742
-27983
-21780
-13674
-4371
5316
14541
22496
28484
31977
32669
30495
25645
18541
9807
209
-9410
-18204
-25397
-30356
-32640
-32046
-28625
-22675
-14721
-5464
4278
13645
21806
28038
31787
32719
30748
26047
19032
10324
695
-8997
-17892
-25196
-30256
-32621
-32077
-28669
-22701
-14703
-5389
4409
13816
21989
28193
31872
32694
30582
25725
18555
9715
0
-9718
-18563
-25739
-30598
-32699
-31850
-28126
-21861
-13619
-4144
5708
15047
23026
28920
32194
32549
29951
24631
17073
7961
-1876
-11547
-20168
-26955
-31287
-32766
-31257
-26894
-20073
-11416
-1713
8148
17267
24807
30076
32589
32113
28690
22632
14492
5018
-4919
-14407
-22570
-28657
-32104
-32591
-30072
-24775
-17189
-8012
1907
11653
20323
27113
31393
32763
31094
26539
19519
10683
852
-9060
-18132
-25519
-30530
-32697
-31816
-27965
-21503
-13031
-3339
6667
16052
23938
29584
32459
32292
29097
23169
15065
5543
-4501
-14125
-22423
-28612
-32108
-32578
-29977
-24546
-16798
-7461
2582
12385
21019
27666
31694
32721
30647
25665
18247
9095
-923
-10856
-19760
-26786
-31264
-32766
-31146
-26556
-19431
-10451
-470
9557
18675
26008
30855
32749
31507
27244
20368
11537
1595
-8501
-17784
-25359
-30497
-32702
-31758
-27754
-21074
-12360
-2451
7696
17103
24860
30215
32648
31922
28105
21563
12929
3039
-7147
-16643
-24525
-30025
-32607
-32016
-28309
-21844
-13249
-3359
6859
16412
24364
29939
32588
32050
28377
21924
13322
3413
-6833
-16412
-24382
-29960
-32596
-32028
-28309
-21804
-13150
-3199
7069
16643
24578
30089
32630
31946
28105
21482
12732
2719
-7565
-17103
-24947
-30318
-32680
-31797
-27754
-20951
-12062
-1970
8320
17784
25478
30633
32732
31565
27244
20200
11134
952
-9326
-18675
-26154
-31014
-32765
-31228
-26556
-19215
-9941
333
10578
19760
26955
31436
32749
30759
25665
17979
8475
-1887
-12062
-21019
-27851
-31864
-32650
-30126
-24546
-16475
-6728
3703
13762
22423
28806
32258
32427
29291
23169
14683
4696
-5772
-15653
-23938
-29777
-32571
-32033
-28214
-21503
-12587
-2378
8077
17706
25519
30711
32748
31416
26850
19519
10175
-219
-10594
-19879
-27113
-31549
-32726
-30520
-25157
-17189
-7439
3083
13289
22119
28657
32222
32441
29289
23092
14492
4381
-6187
-16114
-24364
-30076
-32652
-31820
-27666
-20619
-11416
-1017
9491
19008
26537
31287
32757
30792
25595
17709
7961
-2625
-12939
-21894
-28547
-32194
-32451
-29286
-23032
-14346
-4144
6498
16457
24678
30291
32699
31644
27238
19943
10531
0
-10533
-19951
-27251
-31656
-32694
-30254
-24592
-16309
-6286
4409
14637
23305
29487
32519
32077
28203
21312
12137
1660
-8997
-18692
-26385
-31248
-32757
-30748
-25434
-17383
-7461
3266
13645
22556
29038
32390
32248
28625
21909
12824
2351
-8378
-18204
-26061
-31098
-32765
-30880
-25645
-17625
-7689
3083
13524
22496
29023
32393
32235
28565
21780
12618
2077
-8692
-18516
-26318
-31245
-32755
-30681
-25247
-17046
-6975
3863
14280
23132
29446
32527
32033
28015
20915
11510
836
-9932
-19609
-27125
-31650
-32682
-30103
-24198
-15616
-5304
5596
15880
24407
30232
32705
31550
26894
19250
9465
-1373
-12062
-21411
-28379
-32188
-32412
-29022
-22395
-13267
-2656
8253
18244
26197
31222
32754
30619
25054
16679
6433
-4537
-15001
-23783
-29895
-32648
-31731
-27244
-19690
-9916
976
11762
21224
28293
32170
32415
28997
22301
13080
2378
-8595
-18599
-26497
-31393
-32729
-30352
-24528
-15917
-5494
5554
15974
24578
30386
32734
31352
26395
18425
8351
-2679
-13405
-22602
-29217
-32491
-32046
-27932
-20616
-10936
0
10939
20625
27944
32055
32482
29173
22507
13249
2462
-8610
-18692
-26622
-31481
-32707
-30156
-24119
-15293
-4696
6446
16845
25296
30817
32766
30916
25477
17079
6695
-4468
-15115
-24006
-30106
-32702
-31489
-26606
-18620
-8460
2689
13528
22788
29387
32552
31909
27532
19930
9991
-1120
-12103
-21669
-28693
-32350
-32208
-28280
-21025
-11295
-234
10856
20671
28052
32127
32412
28871
21921
12379
1372
-9799
-19815
-27487
-31906
-32545
-29328
-22632
-13249
-2291
8940
19113
27016
31708
32629
29666
23169
13911
2992
-8285
-18577
-26654
-31549
-32677
-29899
-23544
-14372
-3477
7836
18214
26411
31442
32702
30037
23764
14635
3744
-7598
-18030
-26293
-31393
-32711
-30086
-23833
-14703
-3796
7571
18026
26305
31405
32707
30050
23753
14577
3632
-7754
-18204
-26446
-31479
-32688
-29925
-23522
-14256
-3253
8148
18560
26712
31608
32650
29706
23135
13736
2656
-8751
-19090
-27095
-31785
-32581
-29385
-22585
-13013
-1842
9557
19786
27585
31994
32468
28947
21861
12081
809
-10564
-20637
-28166
-32219
-32293
-28377
-20951
-10932
440
11762
21629
28819
32437
32033
27653
19840
9561
-1907
-13142
-22745
-29519
-32621
-31661
-26755
-18514
-7961
3586
14689
23960
30239
32740
31148
25658
16955
6128
-5469
-16384
-25247
-30944
-32759
-30461
-24336
-15151
-4058
7546
18204
26572
31595
32638
29565
22763
13087
1756
-9798
-20118
-27896
-32148
-32332
-28424
-20915
-10754
771
12203
22088
29171
32552
31797
27001
18769
8148
-3511
-14727
-24069
-30346
-32754
-30984
-25260
-16309
-5272
6439
17331
26008
31359
32696
29845
23169
13521
2137
-9523
-19964
-27843
-32146
-32318
-28334
-20703
-10405
1234
12717
22564
29503
32637
31559
26407
17841
6968
-4807
-15965
-25058
-30909
-32757
-30361
-24028
-14577
-3233
8533
19194
27364
31977
32433
28669
21173
10917
-762
-12345
-22321
-29387
-32619
-31592
-26438
-17828
-6884
4961
16161
25247
31028
32744
30168
23635
13998
2522
-9287
-19879
-27860
-32179
-32265
-28105
-20242
-9711
2101
13640
23382
30040
32733
31103
25362
16267
5018
-6896
-17901
-26537
-31659
-32585
-29190
-21921
-11741
0
11743
21929
29201
32589
31641
26480
17791
6728
-5233
-16499
-25566
-31222
-32709
-29826
-22955
-13013
-1327
10537
20994
28641
32450
31909
27088
18630
7668
-4324
-15739
-25041
-30976
-32744
-30105
-23411
-13561
-1880
10055
20637
28436
32397
31982
27244
18822
7852
-4182
-15653
-25007
-30974
-32743
-30072
-23319
-13400
-1660
10308
20879
28612
32455
31881
26966
18377
7282
-4807
-16245
-25468
-31216
-32702
-29720
-22675
-12528
-664
11292
21705
29147
32596
31576
26225
17274
5950
-6193
-17489
-26383
-31650
-32564
-28995
-21433
-10917
1105
12978
23064
29968
32737
30984
24950
15465
3839
-8320
-19330
-27666
-32170
-32217
-27796
-19519
-8531
3643
15314
24860
30951
32739
29972
23032
12884
938
-11141
-21669
-29176
-32613
-31498
-25982
-16835
-5332
6918
18204
26944
31912
32410
28366
20343
9465
-2743
-14569
-24351
-30713
-32759
-30198
-23387
-13283
-1306
10856
21492
29100
32604
31507
25962
16748
5166
-7147
-18454
-27152
-32008
-32332
-28076
-19840
-8789
3510
15314
24947
31038
32720
29752
22551
12140
0
-12143
-22559
-29762
-32723
-31017
-24884
-15198
-3339
8998
20053
28242
32393
31908
26854
17952
6476
-5930
-17489
-26541
-31785
-32465
-28481
-20402
-9388
2978
14918
24714
30951
32730
29790
22554
12062
-172
-12385
-22811
-29942
-32746
-30813
-24421
-14492
-2462
9926
20879
28806
32556
31581
26021
16679
4912
-7571
-18956
-27585
-32200
-32127
-27374
-18630
-7167
5342
17076
26318
31719
32485
28504
20353
9222
-3259
-15267
-25041
-31147
-32687
-29434
-21861
-11077
1334
13553
23783
30517
32764
30189
23169
12736
423
-11953
-22570
-29860
-32743
-30792
-24293
-14202
-2009
10483
21426
29201
32652
31267
25247
15482
3419
-9153
-20369
-28563
-32514
-31633
-26047
-16586
-4654
7973
19415
27967
32350
31910
26709
17520
5712
-6950
-18577
-27428
-32179
-32116
-27244
-18292
-6597
6088
17864
26962
32015
32263
27666
18910
7310
-5391
-17284
-26579
-31872
-32366
-27983
-19380
-7852
4862
16845
26287
31760
32433
28203
19707
8226
-4501
-16550
-26094
-31684
-32472
-28334
-19895
-8434
4310
16402
26003
31651
32486
28377
19946
8475
-4288
-16402
-26016
-31662
-32478
-28334
-19861
-8351
4437
16550
26133
31717
32445
28203
19638
8060
-4756
-16845
-26351
-31812
-32386
-27983
-19276
-7602
5243
17284
26666
31941
32293
27666
18769
6975
-5898
-17864
-27071
-32095
-32157
-27244
-18113
-6176
6719
18577
27557
32265
31968
26709
17302
5205
-7702
-19415
-28111
-32434
-31710
-26047
-16326
-4058
8843
20369
28719
32588
31368
25247
15179
2736
-10137
-21426
-29364
-32705
-30922
-24293
-13853
-1238
11573
22570
30025
32764
30353
23169
12339
-434
-13142
-23783
-30678
-32739
-29638
-21861
-10632
2276
14829
25041
31296
32604
28754
20353
8727
-4282
-16616
-26318
-31849
-32328
-27676
-18630
-6622
6439
18480
27585
32302
31880
26381
16679
4318
-8734
-20396
-28806
-32620
-31227
-24845
-14492
-1820
11144
22329
29942
32763
30335
23047
12062
-859
-13645
-24243
-30951
-32688
-29173
-20967
-9388
3703
16202
26094
31785
32354
27709
18593
6476
-6688
-18775
-27832
-32393
-31718
-25913
-15915
-3339
9779
21317
29402
32723
30737
23764
12933
0
-12935
-23772
-30745
-32720
-29372
-21243
-9654
3510
16105
26077
31798
32332
27590
18342
6096
-7147
-19226
-28162
-32493
-31507
-25362
-15061
-2291
10856
22227
29953
32765
30198
22670
11416
-1716
-14569
-25028
-31370
-32548
-28366
-19509
-7435
5867
18204
27539
32330
31782
25982
15887
3163
-10086
-21669
-29667
-32753
-30413
-23032
-11831
1334
14281
24860
31312
32563
28403
19519
7387
-5976
-18347
-27666
-32377
-31693
-25725
-15465
-2622
10659
22164
29968
32766
30086
22374
10917
-2369
-15261
-25599
-31650
-32396
-27709
-18372
-5950
7473
19643
28516
32596
31195
24546
13765
664
-12550
-23653
-30771
-32702
-29116
-20616
-8634
4807
17440
27128
32230
31881
26137
15968
3092
-10308
-21966
-29901
-32766
-30072
-22272
-10689
2711
15653
25937
31812
32275
27244
17574
4908
-8595
-20637
-29162
-32712
-30681
-23411
-12140
1206
14349
25041
31451
32480
27948
18630
6117
-7445
-19735
-28641
-32634
-31026
-24089
-13013
301
13567
24501
31222
32570
28309
19172
6728
-6876
-19298
-28393
-32589
-31159
-24347
-13326
0
13328
24354
31166
32585
28360
19220
6748
-6896
-19347
-28443
-32604
-31103
-24198
-13087
301
13640
24608
31294
32533
28105
18778
6176
-7504
-19879
-28786
-32669
-30847
-23635
-12290
1206
14493
25247
31583
32389
27520
17828
5008
-8692
-20870
-29387
-32745
-30352
-22624
-10917
2711
15865
26229
31977
32094
26556
16335
3233
-10442
-22277
-30182
-32757
-29546
-21112
-8944
4807
17712
27483
32390
31559
25136
14256
845
-12717
-24026
-31070
-32598
-28334
-19032
-6345
7473
19964
28903
32697
30666
23169
11540
-2148
-15456
-26008
-31918
-32127
-26596
-16309
-3103
10659
22517
30346
32741
29270
20553
8148
-5719
-18563
-28078
-32552
-31179
-24202
-12874
771
14281
25223
31625
32332
27214
17189
4062
-9798
-21894
-30040
-32762
-29565
-21025
-8682
5233
18204
27882
32514
31257
24336
13002
-691
-14262
-25247
-31650
-32307
-27094
-16955
-3732
10171
22227
30239
32747
29289
20494
7961
-6025
-18915
-28356
-32621
-30929
-23586
-11931
1907
15400
26077
31982
32033
26215
15592
2109
-11762
-23479
-30889
-32629
-28377
-18910
-5966
8077
20637
29402
32756
30080
21861
9613
-4409
-17621
-27585
-32459
-31342
-24435
-13013
816
14497
25499
31785
32188
26631
16140
2656
-11322
-23203
-30782
-32650
-28456
-18976
-5969
8148
20755
29503
32763
29925
21514
9095
-5021
-18204
-27995
-32564
-31058
-23753
-12011
1977
15598
26305
32095
31880
25698
14703
952
-12978
-24480
-31393
-32418
-27360
-17165
-3744
10381
22559
30497
32702
28754
19394
6380
-7836
-20580
-29446
-32762
-29899
-21393
-8847
5370
18577
28275
32630
30814
23169
11138
-3003
-16579
-27016
-32334
-31523
-24733
-13249
751
14612
25700
31906
32048
26096
15179
1372
-12698
-24354
-31371
-32412
-27273
-16932
-3359
10856
23003
30758
32638
28280
18514
5205
-9101
-21669
-30089
-32747
-29131
-19930
-6905
7445
20371
29387
32762
29844
21189
8460
-5898
-19125
-28673
-32702
-30433
-22301
-9868
4468
17946
27963
32585
30916
23274
11134
-3159
-16845
-27275
-32428
-31305
-24119
-12260
1977
15833
26622
32247
31615
24845
13249
-923
-14918
-26016
-32055
-31858
-25461
-14105
0
14107
25468
31864
32046
25975
14832
792
-13405
-24986
-31684
-32188
-26395
-15435
-1452
12817
24578
31525
32292
26727
15917
1981
-12345
-24250
-31393
-32366
-26976
-16280
-2378
11993
24006
31293
32415
27148
16527
2644
-11762
-23850
-31230
-32442
-27244
-16660
-2779
11653
23783
31206
32451
27267
16679
2783
-11667
-23806
-31222
-32441
-27217
-16586
-2656
11803
23919
31277
32412
27094
16378
2398
-12062
-24120
-31370
-32361
-26894
-16056
-2009
12441
24407
31496
32285
26615
15616
1488
-12939
-24777
-31650
-32178
-26251
-15055
-836
13553
25223
31826
32033
25797
14372
52
-14280
-25739
-32015
-31841
-25247
-13561
863
15115
26318
32208
31592
24592
12618
-1908
-16052
-26950
-32393
-31276
-23823
-11540
3083
17085
27622
32556
30880
22932
10324
-4384
-18204
-28323
-32682
-30389
-21909
-8965
5807
19399
29038
32755
29790
20744
7461
-7347
-20658
-29748
-32757
-29067
-19428
-5811
8997
21966
30436
32669
28203
17952
4016
-10746
-23305
-31079
-32468
-27184
-16309
-2077
12583
24657
31656
32135
25992
14491
0
-14493
-25999
-32139
-31644
-24613
-12494
2208
16457
27304
32503
30975
23032
10317
-4537
-18454
-28547
-32719
-30103
-21238
-7961
6971
20458
29694
32757
29007
19220
5431
-9491
-22439
-30713
-32587
-27666
-16973
-2736
12073
24364
31568
32177
26060
14492
-108
-14689
-26197
-32222
-31498
-24174
-11781
3083
17304
27896
32634
30520
21996
8847
-6162
-19879
-29416
-32766
-29219
-19519
-5706
9311
22368
30711
32578
27570
16743
2378
-12491
-24723
-31732
-32033
-25558
-13674
1105
15653
26888
32428
31095
23169
10328
-4707
-18745
-28806
-32750
-29736
-20402
-6728
8378
21705
30414
32650
27932
17262
2911
-12062
-24465
-31651
-32083
-25665
-13765
1077
15692
26955
32455
31012
22932
9941
-5180
-19194
-29098
-32765
-29406
-19738
-5832
9326
22486
30817
32526
27244
16102
1495
-13436
-25478
-32035
-31693
-24521
-12062
2999
17416
28078
32680
30226
21243
7668
-7565
-21167
-30192
-32685
-28105
-17438
-2992
12103
24578
31727
31995
25321
13150
-1876
-16499
-27539
-32596
-30567
-21889
-8448
6833
20630
29936
32722
28377
17845
3419
-11753
-24364
-31659
-32040
-25423
-13249
1823
16499
27568
32607
30508
21729
8189
-7147
-20920
-30108
-32693
-28105
-17347
-2779
12401
24860
31856
31850
24838
12360
-2839
-17416
-28160
-32702
-30037
-20749
-6884
8501
22013
30668
32552
27244
15915
1066
-14020
-26008
-32243
-31342
-23500
-10451
4915
19194
29220
32766
29042
18871
4509
-10856
-23813
-31479
-32147
-25665
-13473
1720
16533
27666
32637
30335
21271
7461
-8015
-21705
-30552
-32578
-27327
-15968
-1038
14125
26133
32294
31228
23169
9920
-5554
-19786
-29584
-32748
-28565
-17970
-3339
12043
24723
31849
31816
24627
11897
-3511
-18132
-28673
-32755
-29458
-19519
-5177
10334
23516
31393
32182
25702
13414
-1907
-16800
-27896
-32682
-30072
-20653
-6555
9029
22570
30997
32395
26445
14492
-751
-15827
-27310
-32589
-30461
-21406
-7481
8148
21926
30713
32507
26894
15151
-48
-15238
-26955
-32522
-30664
-21804
-7961
7702
21608
30575
32549
27076
15403
202
-15047
-26852
-32503
-30703
-21861
-8002
7696
21629
30598
32538
27001
15255
0
-15257
-27007
-32541
-30582
-21579
-7602
8129
21989
30779
32468
26664
14703
-655
-15865
-27411
-32621
-30288
-20948
-6758
8997
22672
31098
32318
26047
13736
-1763
-16855
-28038
-32713
-29790
-19946
-5464
10289
23653
31516
32046
25116
12336
-3319
-18204
-28847
-32766
-29042
-18541
-3711
11987
24889
31977
31593
23823
10480
-5316
-19871
-29777
-32711
-27983
-16697
-1495
14059
26318
32404
30885
22114
8148
-7733
-21801
-30745
-32460
-26539
-14372
1180
16457
27860
32699
29832
19930
5325
-10537
-23916
-31650
-31910
-24631
-11530
4298
19113
29409
32747
28334
17210
2009
-13670
-26112
-32365
-30942
-22178
-8148
7817
21929
30833
32412
26285
13907
-1780
-17047
-28259
-32743
-29429
-19103
-4222
11667
24777
31977
31548
23586
9991
-5992
-20546
-30192
-32619
-27244
-15350
219
15739
27492
32660
30001
20149
5464
-10533
-24006
-31719
-31816
-24270
-10892
5106
19879
29873
32681
27625
15917
373
-15261
-27221
-32621
-30156
-20416
-5748
10308
23879
31684
31836
24293
10875
-5173
-19973
-29942
-32665
-27477
-15633
0
15636
27483
32666
29925
19920
5078
-10999
-24407
-31886
-31615
-23656
-9941
6193
20824
30386
32549
26782
14487
-1341
-16845
-28242
-32749
-29262
-18630
-3445
12583
25539
32252
31078
22301
8064
-8148
-22368
-31111
-32231
-25451
-12429
3643
18824
29387
32737
28047
16465
836
-15001
-27152
-32625
-30072
-20115
-5205
10989
24479
31937
31523
23335
9388
-6876
-21447
-30723
-32412
-26092
-13322
2743
18132
29038
32759
28371
16955
1338
-14612
-26944
-32596
-30164
-20247
-5304
10958
24501
31960
31477
23169
9099
-7236
-21774
-30894
-32323
-25702
-12676
3510
18824
29446
32724
27837
16000
166
-15711
-27666
-32707
-29572
-19041
-3744
12491
25602
32304
30916
21780
7184
-9215
-23305
-31551
-31880
-24205
-10451
5930
20824
30486
32483
26311
13518
-2679
-18204
-29147
-32749
-28098
-16364
-502
15488
27574
32702
29574
18976
3583
-12717
-25806
-32371
-30748
-21345
-6538
9926
23879
31785
31636
23467
9346
-7147
-21830
-30974
-32254
-25342
-11991
4409
19692
29968
32623
26976
14462
-1736
-17495
-28798
-32764
-28377
-16752
-852
15267
27492
32699
29554
18857
3339
-13034
-26077
-32450
-30520
-20777
-5712
10817
24578
32042
31291
22515
7961
-8637
-23021
-31496
-31881
-24075
-10079
6509
21426
30833
32307
25463
12062
-4448
-19815
-30076
-32585
-26689
-13907
2465
18204
29244
32732
27762
15616
-569
-16610
-28356
-32765
-28692
-17189
-1231
15047
27428
32699
29490
18630
2932
-13528
-26478
-32552
-30168
-19943
-4530
12062
25519
32337
30737
21133
6022
-10659
-24565
-32068
-31208
-22206
-7407
9326
23628
31760
31593
23169
8686
-8070
-22719
-31423
-31903
-24028
-9858
6896
21846
31070
32147
24790
10926
-5807
-21019
-30711
-32336
-25461
-11891
4807
20244
30356
32478
26047
12755
-3899
-19528
-30012
-32581
-26556
-13521
3083
18877
29687
32654
26991
14192
-2362
-18294
-29387
-32703
-27360
-14769
1736
17784
29119
32734
27666
15255
-1206
-17349
-28887
-32752
-27913
-15652
771
16993
28695
32761
28105
15962
-434
-16717
-28547
-32765
-28244
-16186
193
16523
28443
32766
28334
16326
-48
-16412
-28387
-32766
-28374
-16382
0
0
0
0
0
0
0
0
0
0
0
0
0
0
0
0
0
0
0
0
0
0
0
0
0
0
0
0
0
0
0
0
0
0
0
0
0
0
0
0
0
0
0
0
0
0
0
0
0
0
0
0
0
0
0
0
0
0
0
0
0
0
0
0
0
0
0
0
0
0
0
0
0
0
0
0
0
0
0
0
0
0
0
0
0
0
0
0
0
0
0
0
0
0
0
0
0
0
0
0
0
0
0
0
0
0
0
0
0
0
0
0
0
0
0
0
0
0
0
0
0
0
0
0
0
0
0
0
0
0
0
0
0
0
0
0
0
0
0
0
0
0
0
0
0
0
0
0
0
0
0
0
0
0
0
0
0
0
0
0
0
0
0
0
0
0
0
0
0
0
0
0
0
0
0
0
0
0
0
0
0
0
0
0
0
0
0
0
0
0
0
0
0
0
0
0
0
0
0
0
0
0
0
0
0
0
0
0
0
0
0
0
0
0
0
0
0
0
0
0
0
0
0
0
0
0
0
0
0
0
0
0
0
0
0
0
0
0
0
0
0
0
0
0
0
0
0
0
0
0
0
0
0
0
0
0
0
0
0
0
0
0
0
0
0
0
0
0
0
0
0
0
0
0
0
0
0
0
0
0
0
0
0
0
0
0
0
0
0
0
0
0
0
0
0
0
0
0
0
0
0
0
0
0
0
0
0
0
0
0
0
0
0
0
0
0
0
0
0
0
0
0
0
0
0
0
0
0
0
0
0
0
0
0
0
0
0
0
0
0
0
0
0
0
0
0
0
0
0
0
0
0
0
0
0
0
0
0
0
0
0
0
0
0
0
0
0
0
0
0
0
0
0
0
0
0
0
0
0
0
0
0
0
0
0
0
0
0
0
0
0
0
0
0
0
0
0
0
0
0
0
0
0
0
0
0
0
0
0
0
0
0
0
0
0
0
0
0
0
0
0
0
0
0
0
0
0
0
0
0
0
0
0
0
0
0
0
0
0
0
0
0
0
0
0
0
0
0
0
0
0
0
0
0
0
0
0
0
0
0
0
0
0
0
0
0
0
0
0
0
0
0
0
0
0
0
0
0
0
0
0
0
0
0
0
0
0
0
0
0
0
0
0
0
0
0
0
0
0
0
0
0
0
0
0
0
0
0
0
0
0
0
0
0
0
0
0
0
0
0
0
0
0
0
0
0
0
0
0
0
0
0
0
0
0
0
0
0
0
0
0
0
0
0
0
0
0
0
0
0
0
0
0
0
0
0
0
0
0
0
0
0
0
0
0
0
0
0
0
0
0
0
0
0
0
0
0
0
0
0
0
0
0
0
0
0
0
0
0
0
0
0
0
0
0
0
0
0
0
0
0
0
0
0
0
0
0
0
0
0
0
0
0
0
0
0
0
0
0
0
0
0
0
0
0
0
0
0
0
0
0
0
0
0
0
0
0
0
0
0
0
0
0
0
0
0
0
0
0
0
0
0
0
0
0
0
0
0
0
0
0
0
0
0
0
0
0
0
0
0
0
0
0
0
0
0
0
0
0
0
0
0
0
0
0
0
0
0
0
0
0
0
0
0
0
0
0
0
0
0
0
0
0
0
0
0
0
0
0
0
0
0
0
0
0
0
0
0
0
0
0
0
0
0
0
0
0
0
0
0
0
0
0
0
0
0
0
0
0
0
0
0
0
0
0
0
0
0
0
0
0
0
0
0
0
0
0
0
0
0
0
0
0
0
0
0
0
0
0
0
0
0
0
0
0
0
0
0
0
0
0
0
0
0
0
0
0
0
0
0
0
0
0
0
0
0
0
0
0
0
0
0
0
0
0
0
0
0
0
0
0
0
0
0
0
0
0
0
0
0
0
0
0
0
0
0
0
0
0
0
0
0
0
0
0
0
0
0
0
0
0
0
0
0
0
0
0
0
0
0
0
0
0
0
0
0
0
0
0
0
0
0
0
0
0
0
0
0
0
0
0
0
0
0
0
0
0
0
0
0
0
0
0
0
0
0
0
0
0
0
0
0
0
0
0
0
0
0
0
0
0
0
0
0
0
0
0
0
0
0
0
0
0
0
0
0
0
0
0
0
0
0
0
0
0
0
0
0
0
0
0
0
0
0
0
0
0
0
0
0
0
0
0
0
0
0
0
0
0
0
0
0
0
0
0
0
0
0
0
0
13106
12880
12210
11123
9661
7881
5851
3650
1358
-936
-3153
-5213
-7047
-8595
-9810
-10662
-11134
-11224
-10946
-10326
-9404
-8226
-6848
-5328
-3728
-2105
-516
989
2368
3587
4620
5452
6076
6494
6714
6751
6624
6357
5972
5493
4943
4343
3710
3059
2402
1746
1098
462
-160
-766
-1355
-1923
-2467
-2980
-3456
-3886
-4259
-4565
-4792
-4930
-4969
-4901
-4721
-4428
-4024
-3514
-2909
-2222
-1471
-676
140
956
1747
2488
3159
3740
4214
4569
4796
4892
4856
4693
4413
4026
3550
3000
2397
1760
1109
463
-158
-740
-1268
-1730
-2118
-2426
-2650
-2792
-2854
-2841
-2760
-2622
-2436
-2215
-1970
-1716
-1463
-1223
-1007
-822
-674
-568
-504
-480
-490
-527
-580
-637
-682
-701
-678
-598
-449
-220
95
498
986
1549
2174
2838
3517
4181
4794
5323
5730
5983
6049
5903
5527
4912
4058
2976
1689
232
-1350
-3006
-4673
-6286
-7776
-9076
-10123
-10860
-11241
-11233
-10817
-9990
-8768
-7183
-5285
-3138
-819
1585
3983
6278
8378
10196
11655
12693
13263
13339
12916
12007
10650
8898
6825
4516
2066
-421
-2846
-5109
-7119
-8797
-10079
-10921
-11299
-11207
-10663
-9703
-8382
-6769
-4944
-2994
-1012
913
2698
4268
5561
6527
7138
7381
7260
6799
6033
5015
3804
2467
1077
-297
-1588
-2736
-3691
-4412
-4874
-5064
-4982
-4642
-4071
-3303
-2383
-1359
-283
791
1817
2746
3541
4170
4609
4846
4876
4706
4347
3822
3156
2381
1530
640
-256
-1124
-1934
-2659
-3276
-3769
-4126
-4340
-4410
-4339
-4137
-3814
-3387
-2874
-2294
-1670
-1022
-374
254
842
1373
1830
2203
2480
2658
2734
2712
2597
2401
2137
1821
1473
1113
761
438
162
-49
-187
-242
-211
-98
88
335
624
930
1229
1493
1695
1808
1811
1685
1420
1012
466
-205
-981
-1831
-2719
-3603
-4439
-5181
-5783
-6207
-6416
-6384
-6096
-5546
-4742
-3705
-2465
-1066
439
1993
3531
4990
6307
7424
8291
8870
9131
9064
8668
7959
6967
5734
4311
2759
1142
-474
-2027
-3455
-4709
-5745
-6535
-7059
-7315
-7309
-7062
-6603
-5969
-5202
-4347
-3449
-2548
-1683
-882
-168
445
956
1366
1686
1933
2125
2284
2429
2577
2740
2924
3129
3345
3560
3754
3901
3977
3955
3811
3527
3090
2498
1758
886
-90
-1133
-2199
-3237
-4194
-5017
-5656
-6069
-6222
-6094
-5681
-4990
-4046
-2890
-1574
-164
1269
2650
3904
4958
5751
6234
6373
6154
5581
4678
3490
2076
513
-1115
-2718
-4205
-5489
-6494
-7157
-7435
-7302
-6759
-5826
-4549
-2989
-1228
642
2523
4312
5914
7240
8219
8796
8939
8640
7915
6804
5366
3681
1840
-57
-1910
-3621
-5100
-6273
-7084
-7501
-7511
-7130
-6393
-5356
-4094
-2693
-1245
155
1421
2473
3247
3701
3811
3580
3030
2210
1183
29
-1161
-2297
-3287
-4048
-4511
-4624
-4360
-3712
-2702
-1375
202
1944
3752
5517
7131
8488
9495
10077
10178
9769
8850
7449
5619
3441
1015
-1540
-4102
-6542
-8735
-10571
-11955
-12815
-13106
-12815
-11955
-10571
-8735
-6542
-4102
-1540
1015
3441
5619
7449
8850
9769
10178
10077
9495
8488
7131
5517
3752
1944
202
-1375
-2702
-3712
-4360
-4624
-4511
-4048
-3287
-2297
-1161
29
1183
2210
3030
3580
3811
3701
3247
2473
1421
155
-1245
-2693
-4094
-5356
-6393
-7130
-7511
-7501
-7084
-6273
-5100
-3621
-1910
-57
1840
3681
5366
6804
7915
8640
8939
8796
8219
7240
5914
4312
2523
642
-1228
-2989
-4549
-5826
-6759
-7302
-7435
-7157
-6494
-5489
-4205
-2718
-1115
513
2076
3490
4678
5581
6154
6373
6234
5751
4958
3904
2650
1269
-164
-1574
-2890
-4046
-4990
-5681
-6094
-6222
-6069
-5656
-5017
-4194
-3237
-2199
-1133
-90
886
1758
2498
3090
3527
3811
3955
3977
3901
3754
3560
3345
3129
2924
2740
2577
2429
2284
2125
1933
1686
1366
956
445
-168
-882
-1683
-2548
-3449
-4347
-5202
-5969
-6603
-7062
-7309
-7315
-7059
-6535
-5745
-4709
-3455
-2027
-474
1142
2759
4311
5734
6967
7959
8668
9064
9131
8870
8291
7424
6307
4990
3531
1993
439
-1066
-2465
-3705
-4742
-5546
-6096
-6384
-6416
-6207
-5783
-5181
-4439
-3603
-2719
-1831
-981
-205
466
1012
1420
1685
1811
1808
1695
1493
1229
930
624
335
88
-98
-211
-242
-187
-49
162
438
761
1113
1473
1821
2137
2401
2597
2712
2734
2658
2480
2203
1830
1373
842
254
-374
-1022
-1670
-2294
-2874
-3387
-3814
-4137
-4339
-4410
-4340
-4126
-3769
-3276
-2659
-1934
-1124
-256
640
1530
2381
3156
3822
4347
4706
4876
4846
4609
4170
3541
2746
1817
791
-283
-1359
-2383
-3303
-4071
-4642
-4982
-5064
-4874
-4412
-3691
-2736
-1588
-297
1077
2467
3804
5015
6033
6799
7260
7381
7138
6527
5561
4268
2698
913
-1012
-2994
-4944
-6769
-8382
-9703
-10663
-11207
-11299
-10921
-10079
-8797
-7119
-5109
-2846
-421
2066
4516
6825
8898
10650
12007
12916
13339
13263
12693
11655
10196
8378
6278
3983
1585
-819
-3138
-5285
-7183
-8768
-9990
-10817
-11233
-11241
-10860
-10123
-9076
-7776
-6286
-4673
-3006
-1350
232
1689
2976
4058
4912
5527
5903
6049
5983
5730
5323
4794
4181
3517
2838
2174
1549
986
498
95
-220
-449
-598
-678
-701
-682
-637
-580
-527
-490
-480
-504
-568
-674
-822
-1007
-1223
-1463
-1716
-1970
-2215
-2436
-2622
-2760
-2841
-2854
-2792
-2650
-2426
-2118
-1730
-1268
-740
-158
463
1109
1760
2397
3000
3550
4026
4413
4693
4856
4892
4796
4569
4214
3740
3159
2488
1747
956
140
-676
-1471
-2222
-2909
-3514
-4024
-4428
-4721
-4901
-4969
-4930
-4792
-4565
-4259
-3886
-3456
-2980
-2467
-1923
-1355
-766
-160
462
1098
1746
2402
3059
3710
4343
4943
5493
5972
6357
6624
6751
6714
6494
6076
5452
4620
3587
2368
989
-516
-2105
-3728
-5328
-6848
-8226
-9404
-10326
-10946
-11224
-11134
-10662
-9810
-8595
-7047
-5213
-3153
-936
1358
3650
5851
7881
9661
11123
12210
12880
0
0
0
0
0
0
0
0
0
0
0
0
0
0
0
0
0
0
0
0
0
0
0
0
0
0
0
0
0
0
0
0
0
0
0
0
0
0
0
0
0
0
0
0
0
0
0
0
0
0
0
0
0
0
0
0
0
0
0
0
0
0
0
0
0
0
0
-6553
-6475
-6244
-5862
-5337
-4678
-3898
-3011
-2035
-990
99
1210
2314
3383
4387
5297
6085
6724
7190
7461
7523
7365
6982
6379
5564
4556
3381
2069
660
-803
-2273
-3701
-5036
-6230
-7237
-8017
-8536
-8770
-8705
-8335
-7670
-6726
-5536
-4138
-2583
-927
769
2443
4029
5467
6701
7683
8375
8749
8793
8506
7901
7005
5857
4504
3004
1420
-182
-1738
-3186
-4469
-5537
-6354
-6892
-7140
-7097
-6775
-6201
-5411
-4448
-3363
-2211
-1046
77
1113
2018
2760
3317
3676
3837
3810
3615
3279
2837
2326
1786
1255
769
358
44
-156
-239
-206
-71
146
422
723
1018
1272
1455
1539
1504
1334
1026
583
18
-646
-1381
-2153
-2921
-3646
-4285
-4801
-5161
-5337
-5312
-5076
-4630
-3984
-3158
-2181
-1088
79
1277
2459
3581
4600
5479
6187
6700
7002
7086
6954
6614
6083
5382
4539
3584
2547
1460
355
-739
-1797
-2795
-3713
-4536
-5249
-5844
-6313
-6649
-6849
-6909
-6828
-6605
-6240
-5734
-5090
-4314
-3415
-2406
-1302
-124
1102
2347
3578
4759
5851
6816
7618
8221
8597
8722
8583
8173
7499
6575
5429
4096
2621
1058
-537
-2104
-3585
-4922
-6065
-6970
-7606
-7952
-8001
-7759
-7244
-6488
-5532
-4428
-3229
-1994
-782
353
1363
2207
2858
3298
3521
3536
3362
3029
2574
2041
1476
925
430
29
-249
-387
-374
-214
79
483
966
1489
2011
2490
2886
3163
3295
3261
3054
2675
2138
1466
692
-146
-1005
-1842
-2612
-3276
-3803
-4169
-4359
-4372
-4214
-3906
-3473
-2951
-2378
-1794
-1239
-747
-348
-61
103
149
87
-57
-254
-464
-645
-755
-752
-604
-286
215
899
1750
2737
3818
4936
6025
7016
7836
8416
8693
8619
8157
7293
6031
4398
2442
232
-2145
-4590
-6994
-9244
-11229
-12846
-14007
-14642
-14703
-14169
-13048
-11375
-9214
-6651
-3794
-768
2294
5258
7990
10368
12289
13669
14452
14611
14148
13098
11523
9508
7161
4603
1964
-625
-3041
-5170
-6919
-8214
-9010
-9290
-9064
-8369
-7268
-5845
-4197
-2433
-663
1003
2468
3648
4478
4917
4947
4578
3841
2792
1504
66
-1427
-2877
-4188
-5273
-6059
-6491
-6536
-6182
-5444
-4356
-2975
-1374
360
2136
3855
5424
6759
7788
8456
8727
8589
8050
7140
5909
4424
2762
1011
-738
-2400
-3891
-5142
-6098
-6718
-6985
-6899
-6478
-5759
-4795
-3649
-2393
-1100
153
1299
2277
3037
3546
3783
3747
3450
2921
2200
1339
394
-572
-1500
-2333
-3020
-3519
-3800
-3848
-3656
-3236
-2608
-1805
-867
157
1219
2265
3245
4114
4831
5365
5692
5800
5686
5356
4825
4115
3257
2284
1231
137
-959
-2023
-3022
-3926
-4708
-5350
-5834
-6151
-6294
-6260
-6054
-5682
-5152
-4480
-3680
-2774
-1782
-729
356
1447
2512
3521
4442
5245
5901
6385
6675
6754
6613
6249
5667
4882
3915
2796
1564
261
-1062
-2356
-3568
-4648
-5549
-6232
-6664
-6824
-6700
-6296
-5626
-4715
-3602
-2333
-965
442
1827
3126
4281
5240
5958
6402
6553
6402
5958
5240
4281
3126
1827
442
-965
-2333
-3602
-4715
-5626
-6296
-6700
-6824
-6664
-6232
-5549
-4648
-3568
-2356
-1062
261
1564
2796
3915
4882
5667
6249
6613
6754
6675
6385
5901
5245
4442
3521
2512
1447
356
-729
-1782
-2774
-3680
-4480
-5152
-5682
-6054
-6260
-6294
-6151
-5834
-5350
-4708
-3926
-3022
-2023
-959
137
1231
2284
3257
4115
4825
5356
5686
5800
5692
5365
4831
4114
3245
2265
1219
157
-867
-1805
-2608
-3236
-3656
-3848
-3800
-3519
-3020
-2333
-1500
-572
394
1339
2200
2921
3450
3747
3783
3546
3037
2277
1299
153
-1100
-2393
-3649
-4795
-5759
-6478
-6899
-6985
-6718
-6098
-5142
-3891
-2400
-738
1011
2762
4424
5909
7140
8050
8589
8727
8456
7788
6759
5424
3855
2136
360
-1374
-2975
-4356
-5444
-6182
-6536
-6491
-6059
-5273
-4188
-2877
-1427
66
1504
2792
3841
4578
4947
4917
4478
3648
2468
1003
-663
-2433
-4197
-5845
-7268
-8369
-9064
-9290
-9010
-8214
-6919
-5170
-3041
-625
1964
4603
7161
9508
11523
13098
14148
14611
14452
13669
12289
10368
7990
5258
2294
-768
-3794
-6651
-9214
-11375
-13048
-14169
-14703
-14642
-14007
-12846
-11229
-9244
-6994
-4590
-2145
232
2442
4398
6031
7293
8157
8619
8693
8416
7836
7016
6025
4936
3818
2737
1750
899
215
-286
-604
-752
-755
-645
-464
-254
-57
87
149
103
-61
-348
-747
-1239
-1794
-2378
-2951
-3473
-3906
-4214
-4372
-4359
-4169
-3803
-3276
-2612
-1842
-1005
-146
692
1466
2138
2675
3054
3261
3295
3163
2886
2490
2011
1489
966
483
79
-214
-374
-387
-249
29
430
925
1476
2041
2574
3029
3362
3536
3521
3298
2858
2207
1363
353
-782
-1994
-3229
-4428
-5532
-6488
-7244
-7759
-8001
-7952
-7606
-6970
-6065
-4922
-3585
-2104
-537
1058
2621
4096
5429
6575
7499
8173
8583
8722
8597
8221
7618
6816
5851
4759
3578
2347
1102
-124
-1302
-2406
-3415
-4314
-5090
-5734
-6240
-6605
-6828
-6909
-6849
-6649
-6313
-5844
-5249
-4536
-3713
-2795
-1797
-739
355
1460
2547
3584
4539
5382
6083
6614
6954
7086
7002
6700
6187
5479
4600
3581
2459
1277
79
-1088
-2181
-3158
-3984
-4630
-5076
-5312
-5337
-5161
-4801
-4285
-3646
-2921
-2153
-1381
-646
18
583
1026
1334
1504
1539
1455
1272
1018
723
422
146
-71
-206
-239
-156
44
358
769
1255
1786
2326
2837
3279
3615
3810
3837
3676
3317
2760
2018
1113
77
-1046
-2211
-3363
-4448
-5411
-6201
-6775
-7097
-7140
-6892
-6354
-5537
-4469
-3186
-1738
-182
1420
3004
4504
5857
7005
7901
8506
8793
8749
8375
7683
6701
5467
4029
2443
769
-927
-2583
-4138
-5536
-6726
-7670
-8335
-8705
-8770
-8536
-8017
-7237
-6230
-5036
-3701
-2273
-803
660
2069
3381
4556
5564
6379
6982
7365
7523
7461
7190
6724
6085
5297
4387
3383
2314
1210
99
-990
-2035
-3011
-3898
-4678
-5337
-5862
-6244
-6475
0
0
0
0
0
0
0
0
0
0
0
0
0
0
0
0
0
0
0
0
0
0
0
0
0
0
0
0
0
0
0
0
0
0
0
0
0
0
0
0
0
0
0
0
0
0
0
0
0
0
0
0
0
0
0
0
0
0
0
0
0
0
0
0
0
0
0
6553
6422
6036
5411
4578
3575
2446
1243
19
-1172
-2283
-3267
-4088
-4716
-5135
-5336
-5322
-5107
-4711
-4165
-3503
-2761
-1979
-1193
-438
256
866
1377
1777
2065
2245
2328
2326
2258
2143
1998
1842
1689
1550
1433
1339
1268
1215
1170
1125
1068
988
876
724
530
293
16
-293
-625
-966
-1301
-1616
-1895
-2125
-2295
-2397
-2428
-2388
-2281
-2115
-1900
-1650
-1378
-1099
-825
-566
-329
-120
63
224
371
512
660
827
1023
1258
1535
1856
2214
2599
2993
3374
3715
3988
4160
4204
4092
3805
3328
2657
1800
773
-393
-1660
-2979
-4293
-5540
-6657
-7583
-8261
-8643
-8692
-8386
-7718
-6700
-5360
-3745
-1916
51
2075
4064
5927
7576
8932
9927
10508
10643
10320
9549
8361
6809
4964
2912
747
-1427
-3509
-5402
-7016
-8278
-9132
-9542
-9495
-9002
-8094
-6825
-5264
-3497
-1615
283
2103
3755
5159
6252
6986
7337
7298
6886
6134
5095
3833
2424
948
-514
-1886
-3099
-4095
-4833
-5285
-5444
-5315
-4925
-4309
-3516
-2603
-1629
-654
267
1085
1761
2269
2594
2736
2708
2533
2243
1878
1480
1092
752
493
341
308
398
602
900
1262
1650
2025
2340
2556
2634
2544
2266
1794
1131
298
-675
-1746
-2863
-3968
-5001
-5902
-6616
-7094
-7299
-7208
-6811
-6115
-5143
-3930
-2527
-993
604
2197
3713
5089
6266
7197
7847
8197
8243
7994
7476
6726
5789
4720
3573
2405
1269
209
-736
-1544
-2198
-2697
-3050
-3276
-3403
-3462
-3487
-3511
-3563
-3666
-3833
-4066
-4358
-4690
-5032
-5347
-5591
-5719
-5686
-5450
-4980
-4253
-3261
-2012
-529
1147
2961
4845
6719
8497
10092
11418
12399
12968
13076
12694
11812
10446
8636
6441
3944
1241
-1557
-4335
-6974
-9361
-11392
-12979
-14054
-14571
-14511
-13880
-12712
-11065
-9019
-6670
-4130
-1514
1056
3468
5619
7417
8796
9706
10126
10058
9529
8588
7303
5759
4049
2272
528
-1089
-2498
-3628
-4430
-4872
-4944
-4658
-4047
-3159
-2058
-819
477
1748
2915
3905
4658
5126
5281
5109
4617
3829
2785
1538
152
-1303
-2754
-4128
-5358
-6384
-7157
-7642
-7819
-7682
-7241
-6520
-5554
-4391
-3083
-1689
-268
1121
2426
3600
4605
5414
6007
6380
6537
6489
6260
5874
5364
4763
4103
3414
2725
2057
1427
845
315
-161
-592
-987
-1355
-1710
-2063
-2422
-2794
-3181
-3579
-3980
-4371
-4736
-5053
-5301
-5456
-5494
-5397
-5146
-4730
-4145
-3393
-2484
-1436
-274
969
2254
3540
4779
5925
6933
7760
8368
8727
8814
8617
8134
7372
6352
5104
3667
2088
422
-1273
-2937
-4510
-5933
-7154
-8126
-8812
-9186
-9234
-8952
-8352
-7455
-6297
-4921
-3382
-1739
-56
1599
3164
4576
5781
6732
7393
7740
7762
7462
6856
5973
4855
3551
2122
630
-856
-2273
-3556
-4650
-5505
-6086
-6368
-6341
-6007
-5385
-4506
-3413
-2159
-803
586
1946
3209
4315
5210
5852
6209
6263
6012
5467
4653
3611
2388
1044
-356
-1746
-3060
-4233
-5211
-5944
-6399
-6553
-6399
-5944
-5211
-4233
-3060
-1746
-356
1044
2388
3611
4653
5467
6012
6263
6209
5852
5210
4315
3209
1946
586
-803
-2159
-3413
-4506
-5385
-6007
-6341
-6368
-6086
-5505
-4650
-3556
-2273
-856
630
2122
3551
4855
5973
6856
7462
7762
7740
7393
6732
5781
4576
3164
1599
-56
-1739
-3382
-4921
-6297
-7455
-8352
-8952
-9234
-9186
-8812
-8126
-7154
-5933
-4510
-2937
-1273
422
2088
3667
5104
6352
7372
8134
8617
8814
8727
8368
7760
6933
5925
4779
3540
2254
969
-274
-1436
-2484
-3393
-4145
-4730
-5146
-5397
-5494
-5456
-5301
-5053
-4736
-4371
-3980
-3579
-3181
-2794
-2422
-2063
-1710
-1355
-987
-592
-161
315
845
1427
2057
2725
3414
4103
4763
5364
5874
6260
6489
6537
6380
6007
5414
4605
3600
2426
1121
-268
-1689
-3083
-4391
-5554
-6520
-7241
-7682
-7819
-7642
-7157
-6384
-5358
-4128
-2754
-1303
152
1538
2785
3829
4617
5109
5281
5126
4658
3905
2915
1748
477
-819
-2058
-3159
-4047
-4658
-4944
-4872
-4430
-3628
-2498
-1089
528
2272
4049
5759
7303
8588
9529
10058
10126
9706
8796
7417
5619
3468
1056
-1514
-4130
-6670
-9019
-11065
-12712
-13880
-14511
-14571
-14054
-12979
-11392
-9361
-6974
-4335
-1557
1241
3944
6441
8636
10446
11812
12694
13076
12968
12399
11418
10092
8497
6719
4845
2961
1147
-529
-2012
-3261
-4253
-4980
-5450
-5686
-5719
-5591
-5347
-5032
-4690
-4358
-4066
-3833
-3666
-3563
-3511
-3487
-3462
-3403
-3276
-3050
-2697
-2198
-1544
-736
209
1269
2405
3573
4720
5789
6726
7476
7994
8243
8197
7847
7197
6266
5089
3713
2197
604
-993
-2527
-3930
-5143
-6115
-6811
-7208
-7299
-7094
-6616
-5902
-5001
-3968
-2863
-1746
-675
298
1131
1794
2266
2544
2634
2556
2340
2025
1650
1262
900
602
398
308
341
493
752
1092
1480
1878
2243
2533
2708
2736
2594
2269
1761
1085
267
-654
-1629
-2603
-3516
-4309
-4925
-5315
-5444
-5285
-4833
-4095
-3099
-1886
-514
948
2424
3833
5095
6134
6886
7298
7337
6986
6252
5159
3755
2103
283
-1615
-3497
-5264
-6825
-8094
-9002
-9495
-9542
-9132
-8278
-7016
-5402
-3509
-1427
747
2912
4964
6809
8361
9549
10320
10643
10508
9927
8932
7576
5927
4064
2075
51
-1916
-3745
-5360
-6700
-7718
-8386
-8692
-8643
-8261
-7583
-6657
-5540
-4293
-2979
-1660
-393
773
1800
2657
3328
3805
4092
4204
4160
3988
3715
3374
2993
2599
2214
1856
1535
1258
1023
827
660
512
371
224
63
-120
-329
-566
-825
-1099
-1378
-1650
-1900
-2115
-2281
-2388
-2428
-2397
-2295
-2125
-1895
-1616
-1301
-966
-625
-293
16
293
530
724
876
988
1068
1125
1170
1215
1268
1339
1433
1550
1689
1842
1998
2143
2258
2326
2328
2245
2065
1777
1377
866
256
-438
-1193
-1979
-2761
-3503
-4165
-4711
-5107
-5322
-5336
-5135
-4716
-4088
-3267
-2283
-1172
19
1243
2446
3575
4578
5411
6036
6422
0
0
0
0
0
0
0
0
0
0
0
0
0
0
0
0
0
0
0
0
0
0
0
0
0
0
0
0
0
0
0
0
0
0
0
0
0
0
0
0
0
0
0
0
0
0
0
0
0
0
0
0
0
0
0
0
0
0
0
0
0
0
0
0
0
0
0
9830
9675
9216
8466
7451
6203
4762
3176
1494
-226
-1929
-3559
-5061
-6386
-7490
-8337
-8898
-9158
-9109
-8758
-8121
-7224
-6104
-4807
-3384
-1892
-387
1071
2430
3640
4659
5454
6005
6300
6343
6145
5733
5139
4403
3573
2697
1822
994
254
-366
-844
-1167
-1333
-1350
-1239
-1027
-749
-444
-152
87
240
275
175
-70
-461
-982
-1609
-2307
-3034
-3740
-4377
-4891
-5238
-5377
-5279
-4925
-4312
-3451
-2367
-1101
295
1762
3229
4626
5882
6933
7721
8202
8346
8140
7590
6717
5562
4179
2636
1007
-626
-2185
-3594
-4786
-5706
-6314
-6589
-6529
-6150
-5485
-4585
-3512
-2339
-1142
2
1023
1857
2454
2780
2818
2572
2065
1337
442
-550
-1567
-2529
-3358
-3986
-4352
-4415
-4147
-3544
-2622
-1417
14
1600
3258
4894
6416
7731
8756
9421
9675
9486
8846
7770
6297
4489
2424
198
-2084
-4317
-6393
-8211
-9687
-10749
-11349
-11463
-11088
-10251
-8997
-7395
-5527
-3491
-1388
678
2611
4321
5734
6794
7468
7742
7627
7153
6370
5343
4149
2870
1590
388
-663
-1507
-2098
-2413
-2446
-2209
-1735
-1069
-271
591
1449
2230
2871
3314
3518
3454
3112
2501
1644
584
-625
-1920
-3227
-4475
-5591
-6511
-7180
-7556
-7612
-7339
-6745
-5856
-4709
-3359
-1868
-305
1259
2756
4119
5294
6236
6912
7307
7417
7254
6843
6219
5424
4508
3521
2512
1528
607
-218
-927
-1508
-1959
-2286
-2505
-2636
-2704
-2732
-2747
-2768
-2811
-2886
-2993
-3127
-3276
-3420
-3537
-3599
-3580
-3456
-3207
-2819
-2284
-1607
-800
114
1105
2135
3158
4126
4992
5709
6236
6539
6595
6390
5925
5212
4279
3162
1908
572
-786
-2105
-3326
-4393
-5257
-5882
-6240
-6318
-6117
-5650
-4945
-4039
-2978
-1816
-609
585
1713
2723
3574
4232
4676
4892
4882
4656
4234
3645
2924
2108
1237
352
-510
-1319
-2045
-2668
-3173
-3554
-3808
-3940
-3958
-3873
-3697
-3443
-3123
-2747
-2322
-1856
-1349
-805
-223
397
1053
1742
2457
3186
3915
4621
5279
5862
6336
6669
6828
6784
6513
5997
5227
4206
2948
1480
-160
-1922
-3747
-5566
-7306
-8892
-10251
-11315
-12024
-12331
-12202
-11623
-10595
-9142
-7304
-5141
-2728
-152
2488
5092
7557
9782
11678
13165
14182
14687
14656
14090
13012
11466
9515
7239
4731
2091
-572
-3157
-5561
-7694
-9478
-10853
-11776
-12225
-12198
-11715
-10814
-9548
-7985
-6204
-4289
-2326
-401
1406
3027
4402
5487
6252
6686
6790
6584
6099
5378
4475
3446
2354
1258
216
-719
-1506
-2109
-2508
-2691
-2659
-2425
-2013
-1452
-782
-46
711
1444
2110
2669
3088
3343
3415
3299
2994
2513
1876
1108
243
-679
-1620
-2538
-3391
-4141
-4754
-5202
-5463
-5523
-5377
-5028
-4486
-3772
-2912
-1936
-883
206
1293
2335
3292
4129
4813
5320
5630
5735
5630
5323
4827
4164
3362
2454
1477
472
-520
-1461
-2313
-3042
-3621
-4028
-4250
-4282
-4125
-3792
-3300
-2674
-1947
-1152
-328
485
1251
1933
2500
2924
3187
3276
3187
2924
2500
1933
1251
485
-328
-1152
-1947
-2674
-3300
-3792
-4125
-4282
-4250
-4028
-3621
-3042
-2313
-1461
-520
472
1477
2454
3362
4164
4827
5323
5630
5735
5630
5320
4813
4129
3292
2335
1293
206
-883
-1936
-2912
-3772
-4486
-5028
-5377
-5523
-5463
-5202
-4754
-4141
-3391
-2538
-1620
-679
243
1108
1876
2513
2994
3299
3415
3343
3088
2669
2110
1444
711
-46
-782
-1452
-2013
-2425
-2659
-2691
-2508
-2109
-1506
-719
216
1258
2354
3446
4475
5378
6099
6584
6790
6686
6252
5487
4402
3027
1406
-401
-2326
-4289
-6204
-7985
-9548
-10814
-11715
-12198
-12225
-11776
-10853
-9478
-7694
-5561
-3157
-572
2091
4731
7239
9515
11466
13012
14090
14656
14687
14182
13165
11678
9782
7557
5092
2488
-152
-2728
-5141
-7304
-9142
-10595
-11623
-12202
-12331
-12024
-11315
-10251
-8892
-7306
-5566
-3747
-1922
-160
1480
2948
4206
5227
5997
6513
6784
6828
6669
6336
5862
5279
4621
3915
3186
2457
1742
1053
397
-223
-805
-1349
-1856
-2322
-2747
-3123
-3443
-3697
-3873
-3958
-3940
-3808
-3554
-3173
-2668
-2045
-1319
-510
352
1237
2108
2924
3645
4234
4656
4882
4892
4676
4232
3574
2723
1713
585
-609
-1816
-2978
-4039
-4945
-5650
-6117
-6318
-6240
-5882
-5257
-4393
-3326
-2105
-786
572
1908
3162
4279
5212
5925
6390
6595
6539
6236
5709
4992
4126
3158
2135
1105
114
-800
-1607
-2284
-2819
-3207
-3456
-3580
-3599
-3537
-3420
-3276
-3127
-2993
-2886
-2811
-2768
-2747
-2732
-2704
-2636
-2505
-2286
-1959
-1508
-927
-218
607
1528
2512
3521
4508
5424
6219
6843
7254
7417
7307
6912
6236
5294
4119
2756
1259
-305
-1868
-3359
-4709
-5856
-6745
-7339
-7612
-7556
-7180
-6511
-5591
-4475
-3227
-1920
-625
584
1644
2501
3112
3454
3518
3314
2871
2230
1449
591
-271
-1069
-1735
-2209
-2446
-2413
-2098
-1507
-663
388
1590
2870
4149
5343
6370
7153
7627
7742
7468
6794
5734
4321
2611
678
-1388
-3491
-5527
-7395
-8997
-10251
-11088
-11463
-11349
-10749
-9687
-8211
-6393
-4317
-2084
198
2424
4489
6297
7770
8846
9486
9675
9421
8756
7731
6416
4894
3258
1600
14
-1417
-2622
-3544
-4147
-4415
-4352
-3986
-3358
-2529
-1567
-550
442
1337
2065
2572
2818
2780
2454
1857
1023
2
-1142
-2339
-3512
-4585
-5485
-6150
-6529
-6589
-6314
-5706
-4786
-3594
-2185
-626
1007
2636
4179
5562
6717
7590
8140
8346
8202
7721
6933
5882
4626
3229
1762
295
-1101
-2367
-3451
-4312
-4925
-5279
-5377
-5238
-4891
-4377
-3740
-3034
-2307
-1609
-982
-461
-70
175
275
240
87
-152
-444
-749
-1027
-1239
-1350
-1333
-1167
-844
-366
254
994
1822
2697
3573
4403
5139
5733
6145
6343
6300
6005
5454
4659
3640
2430
1071
-387
-1892
-3384
-4807
-6104
-7224
-8121
-8758
-9109
-9158
-8898
-8337
-7490
-6386
-5061
-3559
-1929
-226
1494
3176
4762
6203
7451
8466
9216
9675
0
0
0
0
0
0
0
0
0
0
0
0
0
0
0
0
0
0
0
0
0
0
0
0
0
0
0
0
0
0
0
0
0
0
0
0
0
0
0
0
0
0
0
0
0
0
0
0
0
0
0
0
0
0
0
0
0
0
0
0
0
0
0
0
0
0
0
