0
4278
8485
12550
16402
19973
23203
26035
28419
30314
31684
32507
32766
32456
31581
30156
28203
25758
22860
19561
15917
11991
7852
3573
-771
-5106
-9352
-13436
-17284
-20829
-24006
-26759
-29038
-30801
-32015
-32660
-32720
-32196
-31094
-29434
-27244
-24563
-21439
-17925
-14087
-9991
-5712
-1327
3083
7441
11667
15683
19415
22796
25762
28259
30239
31667
32514
32764
32412
31462
29931
27847
25247
22178
18696
14865
10755
6443
2009
-2465
-6896
-11201
-15299
-19113
-22570
-25606
-28162
-30190
-31650
-32514
-32764
-32394
-31411
-29832
-27686
-25012
-21861
-18292
-14372
-10175
-5781
-1274
3259
7733
12062
16161
19951
23359
26318
28771
30668
31973
32659
32711
32127
30919
29107
26727
23823
20452
16679
12577
8226
3711
-879
-5455
-9926
-14204
-18204
-21846
-25058
-27775
-29942
-31516
-32464
-32766
-32415
-31417
-29790
-27567
-24790
-21514
-17805
-13736
-9388
-4849
-209
4437
8997
13377
17489
21248
24578
27411
29687
31359
32393
32765
32468
31507
29899
27676
24884
21579
17828
13707
9301
4700
0
-4703
-9311
-13729
-17864
-21629
-24947
-27746
-29968
-31566
-32503
-32761
-32332
-31225
-29460
-27076
-24119
-20653
-16748
-12488
-7961
-3263
1506
6246
10856
15238
19298
22949
26112
28719
30713
32051
32702
32651
31900
30461
28366
25658
22395
18646
14492
10022
5332
524
-4298
-9029
-13567
-17811
-21669
-25055
-27896
-30127
-31699
-32577
-32739
-32182
-30916
-28967
-26379
-23206
-19519
-15397
-10932
-6222
-1372
3511
8320
12945
17284
21240
24723
27655
29968
31611
32545
32748
32214
30954
28995
26381
23169
19431
15252
10724
5950
1038
-3899
-8751
-13405
-17757
-21705
-25159
-28038
-30277
-31822
-32637
-32702
-32014
-30588
-28456
-25665
-22280
-18377
-14047
-9388
-4509
477
5455
10308
14924
19194
23018
26305
28979
30974
32243
32756
32498
31476
29711
27244
24133
20449
16280
11722
6884
1880
-3170
-8148
-12935
-17416
-21484
-25041
-28000
-30291
-31856
-32659
-32677
-31909
-30373
-28105
-25157
-21600
-17520
-13013
-8189
-3163
1941
7001
11893
16499
20705
24407
27516
29953
31659
32589
32721
32049
30590
28377
25463
21921
17836
13307
8448
3377
-1780
-6896
-11843
-16499
-20746
-24479
-27603
-30040
-31727
-32621
-32699
-31957
-30413
-28105
-25088
-21439
-17247
-12618
-7668
-2522
2689
7836
12787
17416
21605
25247
28248
30530
32035
32723
32574
31592
29801
27244
23987
20112
15718
10917
5832
595
-4660
-9798
-14685
-19194
-23208
-26622
-29345
-31307
-32455
-32757
-32206
-30813
-28614
-25665
-22043
-17841
-13169
-8148
-2911
2405
7661
12717
17440
21705
25397
28419
30689
32146
32750
32483
31352
29385
26633
23169
19084
14487
9500
4255
-1105
-6439
-11603
-16457
-20870
-24723
-27911
-30346
-31961
-32712
-32578
-31559
-29684
-27001
-23582
-19519
-14922
-9916
-4636
771
6162
11386
16301
20770
24671
27896
30354
31977
32719
32558
31498
29565
26813
23317
19172
14492
9407
4058
-1405
-6833
-12073
-16978
-21411
-25247
-28377
-30713
-32188
-32760
-32410
-31148
-29007
-26047
-22351
-18021
-13179
-7961
-2516
3003
8440
13640
18454
22745
26389
29282
31340
32503
32737
32033
30409
27913
24613
20604
16000
10932
5547
0
-5550
-10942
-16021
-20637
-24657
-27963
-30458
-32068
-32745
-32468
-31244
-29107
-26118
-22364
-17952
-13013
-7689
-2137
3479
8997
14252
19090
23367
26955
29748
31662
32640
32650
31691
29790
27003
23411
19119
14256
8965
3403
-2262
-7862
-13230
-18204
-22633
-26385
-29345
-31423
-32556
-32707
-31871
-30072
-27362
-23823
-19561
-14703
-9397
-3803
1908
7565
12994
18030
22517
26318
29316
31419
32559
32702
31841
30001
27238
23635
19302
14372
8996
3339
-2422
-8112
-13553
-18577
-23026
-26761
-29667
-31650
-32648
-32629
-31591
-29565
-26615
-22829
-18327
-13249
-7752
-2009
3799
9491
14886
19815
24120
27666
30338
32052
32751
32412
31044
28690
25423
21345
16586
11295
5642
-193
-6025
-11667
-16938
-21669
-25706
-28920
-31206
-32489
-32726
-31909
-30063
-27244
-23544
-19081
-13998
-8460
-2644
3259
9060
14569
19606
24006
27626
30346
32075
32756
32366
30916
28451
25051
20827
15917
10480
4696
-1244
-7147
-12817
-18065
-22719
-26622
-29644
-31684
-32674
-32578
-31398
-29173
-25975
-21909
-17110
-11737
-5969
0
5972
11747
17130
21941
26016
29217
31436
32596
32657
31615
29504
26395
22390
17625
12260
6476
470
-5554
-11392
-16845
-21726
-25867
-29127
-31393
-32585
-32662
-31619
-29491
-26349
-22301
-17483
-12062
-6222
-166
5898
11762
17222
22088
26191
29387
31566
32648
32597
31411
29131
25835
21636
16679
11138
5205
-912
-7001
-12847
-18244
-23003
-26955
-29960
-31912
-32739
-32412
-30940
-28374
-24803
-20353
-15179
-9465
-3413
2763
8843
14612
19863
24407
28083
30758
32334
32755
32003
30103
27124
23169
18381
12929
7010
836
-5370
-11386
-16993
-21989
-26191
-29446
-31636
-32680
-32538
-31214
-28754
-25247
-20819
-15630
-9868
-3744
2518
8692
14551
19879
24480
28184
30855
32393
32739
31880
29845
26709
22585
17625
12011
5950
-333
-6607
-12639
-18204
-23094
-27128
-30152
-32055
-32763
-32248
-30528
-27666
-23767
-18976
-13473
-7461
-1167
5173
11322
17047
22132
26385
29644
31785
32724
32427
30901
28203
24435
19738
14288
8294
1981
-4409
-10635
-16457
-21654
-26025
-29402
-31656
-32697
-32485
-31027
-28377
-24634
-19943
-14481
-8460
-2109
4324
10594
16457
21686
26077
29459
31699
32710
32451
30929
28203
24378
19601
14056
7961
1552
-4919
-11201
-17047
-22227
-26537
-29806
-31906
-32751
-32307
-30590
-27666
-23648
-18696
-13002
-6791
-309
6187
12441
18204
23246
27366
30398
32222
32762
31995
29951
26709
22398
17189
11289
4935
-1619
-8112
-14281
-19879
-24678
-28486
-31147
-32552
-32643
-31416
-28917
-25247
-20553
-15023
-8882
-2378
4225
10659
16662
21989
26421
29777
31918
32756
32254
30432
27362
23169
18024
12137
5748
-879
-7473
-13762
-19485
-24407
-28323
-31070
-32533
-32650
-31414
-28875
-25136
-20353
-14721
-8475
-1874
4807
11292
17307
22602
26955
30182
32146
32765
32010
29911
26556
22083
16679
10571
4016
-2711
-9326
-15551
-21121
-25799
-29387
-31732
-32732
-32344
-30582
-27520
-23286
-18060
-12062
-5547
1206
7911
14280
20041
24947
28786
31393
32653
32513
30975
28105
24024
18906
12972
6476
-301
-7069
-13534
-19415
-24458
-28443
-31196
-32596
-32580
-31148
-28360
-24336
-19250
-13322
-6811
0
6813
13332
19269
24364
28393
31178
32594
32578
31129
28309
24241
19103
13120
6555
-301
-7147
-13680
-19609
-24671
-28641
-31340
-32648
-32505
-30916
-27948
-23735
-18460
-12360
-5706
1206
8067
14569
20421
25359
29162
31656
32728
32328
30473
27244
22786
17298
11027
4255
-2711
-9557
-15974
-21669
-26383
-29901
-32062
-32766
-31979
-29736
-26137
-21345
-15577
-9095
-2195
4807
11593
17850
23291
27666
30771
32464
32665
31362
28614
24546
19345
13249
6538
-477
-7473
-14125
-20126
-25196
-29098
-31650
-32732
-32292
-30349
-26991
-22374
-16712
-10266
-3339
3746
10659
17076
22694
27251
30530
32377
32702
31489
28793
24740
19519
13375
6597
-494
-7565
-14281
-20323
-25404
-29282
-31772
-32753
-32178
-30072
-26533
-21729
-15887
-9285
-2238
4919
11843
18204
23695
28052
31066
32589
32548
30942
27847
23411
17845
11416
4435
-2763
-9830
-16425
-22227
-26955
-30378
-32330
-32713
-31507
-28769
-24631
-19293
-13013
-6096
1120
8285
15047
21076
26077
29802
32068
32763
31850
29372
25451
20276
14101
7230
0
-7232
-14111
-20295
-25478
-29402
-31872
-32764
-32033
-29711
-25913
-20827
-14703
-7845
-595
6688
13640
19914
25196
29220
31785
32759
32093
29819
26047
20967
14832
7950
664
-6656
-13645
-19948
-25247
-29273
-31822
-32763
-32046
-29706
-25861
-20703
-14492
-7543
-209
7138
14125
20396
25629
29557
31977
32766
31880
29363
25342
20022
13674
6622
-771
-8129
-15071
-21240
-26318
-30042
-32219
-32734
-31559
-28754
-24461
-18901
-12360
-5177
2276
9615
16457
22447
27271
30678
32489
32608
31026
27825
23169
17302
10527
3199
-4298
-11573
-18244
-23960
-28419
-31387
-32705
-32302
-30198
-26501
-21406
-15179
-8148
-684
6817
13962
20369
25700
29668
32064
32757
31710
28975
24698
19103
12488
5205
-2358
-9798
-16717
-22745
-27557
-30894
-32577
-32513
-30703
-27244
-22319
-16192
-9191
-1693
5898
13175
19743
25247
29388
31941
32765
31816
29141
24884
19276
12618
5272
-2362
-9871
-16845
-22903
-27714
-31014
-32621
-32445
-30495
-26875
-21781
-15492
-8351
-749
6896
14165
20658
26016
29942
32220
32721
31417
28377
23767
17841
10926
3403
-4310
-11787
-18613
-24407
-28847
-31684
-32759
-32010
-29476
-25298
-19707
-13013
-5590
2148
9769
16845
22980
27828
31116
32659
32366
30254
26438
21133
14635
7310
-430
-8148
-15409
-21801
-26962
-30598
-32502
-32563
-30778
-27244
-22162
-15818
-8572
-836
6950
14343
20920
26305
30190
32350
32661
31103
27762
22829
16586
9388
1649
-6187
-13670
-20369
-25898
-29936
-32249
-32702
-31267
-28024
-23161
-16955
-9766
-2009
5867
13405
20168
25762
29860
32222
32709
31291
28049
23169
16936
9711
1916
-5992
-13553
-20323
-25904
-29968
-32275
-32687
-31179
-27837
-22855
-16527
-9222
-1372
6562
14111
20829
26318
30252
32397
32623
30916
27374
22206
15718
8294
373
-7571
-15067
-21669
-26980
-30683
-32556
-32483
-30469
-26631
-21197
-14492
-6916
1077
9009
16402
22811
27851
31216
32702
32218
29790
25564
19793
12824
5078
-2978
-10856
-18080
-24210
-28873
-31785
-32766
-31757
-28816
-24119
-17952
-10689
-2772
5316
13083
20053
25799
29968
32304
32662
31017
27469
22233
15630
8064
0
-8067
-15639
-22251
-27492
-31038
-32669
-32282
-29899
-25665
-19840
-12785
-4935
3223
11185
18454
24578
29176
31960
32754
31507
28295
23317
16881
9388
1306
-6859
-14599
-21426
-26913
-30713
-32587
-32415
-30206
-26096
-20343
-13307
-5431
2789
10837
18204
24423
29100
31937
32755
31498
28244
23199
16679
9099
938
-7285
-15047
-21854
-27271
-30951
-32659
-32282
-29844
-25497
-19519
-12290
-4271
4023
12062
19330
25359
29762
32252
32670
30984
27303
21861
15008
7184
-1105
-9326
-16947
-23474
-28484
-31650
-32766
-31757
-28687
-23753
-17274
-9670
-1435
6896
14781
21705
27215
30951
32666
32248
29720
25247
19119
11737
3583
-4807
-12886
-20121
-26035
-30239
-32455
-32534
-30469
-26395
-20578
-13400
-5336
3083
11302
18775
25007
29584
32200
32681
30992
27244
21684
14679
6695
-1736
-10055
-17706
-24178
-29038
-31959
-32744
-31340
-27837
-22468
-15592
-7668
771
9163
16942
23583
28641
31772
32764
31548
28203
22955
16155
8261
-193
-8637
-16499
-23246
-28419
-31667
-32766
-31641
-28366
-23161
-16378
-8479
0
8482
16388
23178
28387
31659
32766
31633
28334
23092
16267
8323
-193
-8699
-16610
-23382
-28547
-31748
-32764
-31521
-28105
-22748
-15818
-7793
771
9287
17161
23850
28887
31923
32744
31292
27666
22114
15023
6884
-1736
-10238
-18030
-24565
-29387
-32158
-32681
-30919
-26991
-21173
-13868
-5590
3083
11543
19194
25499
30012
32414
32534
30361
26047
19895
12336
3903
-4807
-13181
-20625
-26610
-30711
-32637
-32248
-29569
-24790
-18247
-10405
-1820
6896
15124
22277
27843
31423
32760
31757
28483
23169
16196
8060
-655
-9326
-17331
-24094
-29127
-32068
-32703
-30984
-27033
-21133
-13707
-5289
3511
12062
19743
25999
30374
32552
32371
29844
25150
18630
10754
2094
-6719
-15047
-22282
-27896
-31478
-32765
-31661
-28244
-22763
-15616
-7324
1506
10228
18204
24847
29668
32313
32585
30461
26096
19809
12062
3423
-5469
-13962
-21426
-27310
-31178
-32740
-31881
-28661
-23317
-16242
-7961
912
9721
17811
24578
29519
32265
32608
30520
26157
19840
12041
3339
-5613
-14150
-21629
-27492
-31296
-32755
-31758
-28377
-22863
-15630
-7219
1736
10564
18599
25234
29968
32443
32468
30041
25342
18725
10689
1842
-7147
-15598
-22868
-28404
-31785
-32751
-31227
-27327
-21345
-13736
-5078
3969
12717
20496
26712
30887
32702
32014
28875
23522
16364
7950
-1077
-10024
-18204
-24986
-29848
-32414
-32483
-30050
-25298
-18593
-10451
-1499
7571
16058
23305
28750
31969
32711
30916
26720
20449
12587
3744
-5391
-14111
-21734
-27666
-31442
-32766
-31533
-27837
-21964
-14372
-5653
3510
12401
20323
26654
30894
32710
31957
28692
23169
15822
7226
-1941
-10958
-19113
-25762
-30378
-32596
-32237
-29328
-24096
-16955
-8469
691
9799
18132
25028
29936
32465
32412
29778
24772
17791
9388
234
-8940
-17404
-24479
-29598
-32350
-32513
-30072
-25219
-18342
-9991
-836
8388
16942
24135
29387
32275
32563
30226
25451
18620
10283
1113
-8148
-16754
-24006
-29316
-32252
-32574
-30254
-25477
-18630
-10266
-1066
8222
16845
24098
29390
32286
32549
30156
25298
18372
9941
695
-8610
-17213
-24407
-29603
-32371
-32482
-29925
-24908
-17841
-9305
0
9307
17850
24924
29942
32491
32356
29546
24293
17028
8351
-1019
-10308
-18745
-25629
-30386
-32621
-32145
-28995
-23432
-15917
-7073
2362
11603
19879
26497
30903
32728
31816
28241
22301
14491
5464
-4023
-13175
-21224
-27492
-31451
-32766
-31324
-27244
-20868
-12732
-3519
5992
15001
22745
28568
31977
32682
30619
25962
19103
10622
1238
-8253
-17047
-24394
-29668
-32420
-32412
-29643
-24347
-16973
-8148
1373
10781
19269
26112
30723
32705
31886
28334
22351
14449
5304
-4298
-13534
-21608
-27826
-31650
-32749
-31026
-26627
-19930
-11510
-2094
7504
16457
23989
29446
32355
32460
29752
24461
17046
8148
-1459
-10942
-19477
-26318
-30870
-32732
-31742
-27983
-21780
-13674
-4371
5316
14541
22496
28484
31977
32669
30495
25645
18541
9807
209
-9410
-18204
-25397
-30356
-32640
-32046
-28625
-22675
-14721
-5464
4278
13645
21806
28038
31787
32719
30748
26047
19032
10324
695
-8997
-17892
-25196
-30256
-32621
-32077
-28669
-22701
-14703
-5389
4409
13816
21989
28193
31872
32694
30582
25725
18555
9715
0
-9718
-18563
-25739
-30598
-32699
-31850
-28126
-21861
-13619
-4144
5708
15047
23026
28920
32194
32549
29951
24631
17073
7961
-1876
-11547
-20168
-26955
-31287
-32766
-31257
-26894
-20073
-11416
-1713
8148
17267
24807
30076
32589
32113
28690
22632
14492
5018
-4919
-14407
-22570
-28657
-32104
-32591
-30072
-24775
-17189
-8012
1907
11653
20323
27113
31393
32763
31094
26539
19519
10683
852
-9060
-18132
-25519
-30530
-32697
-31816
-27965
-21503
-13031
-3339
6667
16052
23938
29584
32459
32292
29097
23169
15065
5543
-4501
-14125
-22423
-28612
-32108
-32578
-29977
-24546
-16798
-7461
2582
12385
21019
27666
31694
32721
30647
25665
18247
9095
-923
-10856
-19760
-26786
-31264
-32766
-31146
-26556
-19431
-10451
-470
9557
18675
26008
30855
32749
31507
27244
20368
11537
1595
-8501
-17784
-25359
-30497
-32702
-31758
-27754
-21074
-12360
-2451
7696
17103
24860
30215
32648
31922
28105
21563
12929
3039
-7147
-16643
-24525
-30025
-32607
-32016
-28309
-21844
-13249
-3359
6859
16412
24364
29939
32588
32050
28377
21924
13322
3413
-6833
-16412
-24382
-29960
-32596
-32028
-28309
-21804
-13150
-3199
7069
16643
24578
30089
32630
31946
28105
21482
12732
2719
-7565
-17103
-24947
-30318
-32680
-31797
-27754
-20951
-12062
-1970
8320
17784
25478
30633
32732
31565
27244
20200
11134
952
-9326
-18675
-26154
-31014
-32765
-31228
-26556
-19215
-9941
333
10578
19760
26955
31436
32749
30759
25665
17979
8475
-1887
-12062
-21019
-27851
-31864
-32650
-30126
-24546
-16475
-6728
3703
13762
22423
28806
32258
32427
29291
23169
14683
4696
-5772
-15653
-23938
-29777
-32571
-32033
-28214
-21503
-12587
-2378
8077
17706
25519
30711
32748
31416
26850
19519
10175
-219
-10594
-19879
-27113
-31549
-32726
-30520
-25157
-17189
-7439
3083
13289
22119
28657
32222
32441
29289
23092
14492
4381
-6187
-16114
-24364
-30076
-32652
-31820
-27666
-20619
-11416
-1017
9491
19008
26537
31287
32757
30792
25595
17709
7961
-2625
-12939
-21894
-28547
-32194
-32451
-29286
-23032
-14346
-4144
6498
16457
24678
30291
32699
31644
27238
19943
10531
0
-10533
-19951
-27251
-31656
-32694
-30254
-24592
-16309
-6286
4409
14637
23305
29487
32519
32077
28203
21312
12137
1660
-8997
-18692
-26385
-31248
-32757
-30748
-25434
-17383
-7461
3266
13645
22556
29038
32390
32248
28625
21909
12824
2351
-8378
-18204
-26061
-31098
-32765
-30880
-25645
-17625
-7689
3083
13524
22496
29023
32393
32235
28565
21780
12618
2077
-8692
-18516
-26318
-31245
-32755
-30681
-25247
-17046
-6975
3863
14280
23132
29446
32527
32033
28015
20915
11510
836
-9932
-19609
-27125
-31650
-32682
-30103
-24198
-15616
-5304
5596
15880
24407
30232
32705
31550
26894
19250
9465
-1373
-12062
-21411
-28379
-32188
-32412
-29022
-22395
-13267
-2656
8253
18244
26197
31222
32754
30619
25054
16679
6433
-4537
-15001
-23783
-29895
-32648
-31731
-27244
-19690
-9916
976
11762
21224
28293
32170
32415
28997
22301
13080
2378
-8595
-18599
-26497
-31393
-32729
-30352
-24528
-15917
-5494
5554
15974
24578
30386
32734
31352
26395
18425
8351
-2679
-13405
-22602
-29217
-32491
-32046
-27932
-20616
-10936
0
10939
20625
27944
32055
32482
29173
22507
13249
2462
-8610
-18692
-26622
-31481
-32707
-30156
-24119
-15293
-4696
6446
16845
25296
30817
32766
30916
25477
17079
6695
-4468
-15115
-24006
-30106
-32702
-31489
-26606
-18620
-8460
2689
13528
22788
29387
32552
31909
27532
19930
9991
-1120
-12103
-21669
-28693
-32350
-32208
-28280
-21025
-11295
-234
10856
20671
28052
32127
32412
28871
21921
12379
1372
-9799
-19815
-27487
-31906
-32545
-29328
-22632
-13249
-2291
8940
19113
27016
31708
32629
29666
23169
13911
2992
-8285
-18577
-26654
-31549
-32677
-29899
-23544
-14372
-3477
7836
18214
26411
31442
32702
30037
23764
14635
3744
-7598
-18030
-26293
-31393
-32711
-30086
-23833
-14703
-3796
7571
18026
26305
31405
32707
30050
23753
14577
3632
-7754
-18204
-26446
-31479
-32688
-29925
-23522
-14256
-3253
8148
18560
26712
31608
32650
29706
23135
13736
2656
-8751
-19090
-27095
-31785
-32581
-29385
-22585
-13013
-1842
9557
19786
27585
31994
32468
28947
21861
12081
809
-10564
-20637
-28166
-32219
-32293
-28377
-20951
-10932
440
11762
21629
28819
32437
32033
27653
19840
9561
-1907
-13142
-22745
-29519
-32621
-31661
-26755
-18514
-7961
3586
14689
23960
30239
32740
31148
25658
16955
6128
-5469
-16384
-25247
-30944
-32759
-30461
-24336
-15151
-4058
7546
18204
26572
31595
32638
29565
22763
13087
1756
-9798
-20118
-27896
-32148
-32332
-28424
-20915
-10754
771
12203
22088
29171
32552
31797
27001
18769
8148
-3511
-14727
-24069
-30346
-32754
-30984
-25260
-16309
-5272
6439
17331
26008
31359
32696
29845
23169
13521
2137
-9523
-19964
-27843
-32146
-32318
-28334
-20703
-10405
1234
12717
22564
29503
32637
31559
26407
17841
6968
-4807
-15965
-25058
-30909
-32757
-30361
-24028
-14577
-3233
8533
19194
27364
31977
32433
28669
21173
10917
-762
-12345
-22321
-29387
-32619
-31592
-26438
-17828
-6884
4961
16161
25247
31028
32744
30168
23635
13998
2522
-9287
-19879
-27860
-32179
-32265
-28105
-20242
-9711
2101
13640
23382
30040
32733
31103
25362
16267
5018
-6896
-17901
-26537
-31659
-32585
-29190
-21921
-11741
0
11743
21929
29201
32589
31641
26480
17791
6728
-5233
-16499
-25566
-31222
-32709
-29826
-22955
-13013
-1327
10537
20994
28641
32450
31909
27088
18630
7668
-4324
-15739
-25041
-30976
-32744
-30105
-23411
-13561
-1880
10055
20637
28436
32397
31982
27244
18822
7852
-4182
-15653
-25007
-30974
-32743
-30072
-23319
-13400
-1660
10308
20879
28612
32455
31881
26966
18377
7282
-4807
-16245
-25468
-31216
-32702
-29720
-22675
-12528
-664
11292
21705
29147
32596
31576
26225
17274
5950
-6193
-17489
-26383
-31650
-32564
-28995
-21433
-10917
1105
12978
23064
29968
32737
30984
24950
15465
3839
-8320
-19330
-27666
-32170
-32217
-27796
-19519
-8531
3643
15314
24860
30951
32739
29972
23032
12884
938
-11141
-21669
-29176
-32613
-31498
-25982
-16835
-5332
6918
18204
26944
31912
32410
28366
20343
9465
-2743
-14569
-24351
-30713
-32759
-30198
-23387
-13283
-1306
10856
21492
29100
32604
31507
25962
16748
5166
-7147
-18454
-27152
-32008
-32332
-28076
-19840
-8789
3510
15314
24947
31038
32720
29752
22551
12140
0
-12143
-22559
-29762
-32723
-31017
-24884
-15198
-3339
8998
20053
28242
32393
31908
26854
17952
6476
-5930
-17489
-26541
-31785
-32465
-28481
-20402
-9388
2978
14918
24714
30951
32730
29790
22554
12062
-172
-12385
-22811
-29942
-32746
-30813
-24421
-14492
-2462
9926
20879
28806
32556
31581
26021
16679
4912
-7571
-18956
-27585
-32200
-32127
-27374
-18630
-7167
5342
17076
26318
31719
32485
28504
20353
9222
-3259
-15267
-25041
-31147
-32687
-29434
-21861
-11077
1334
13553
23783
30517
32764
30189
23169
12736
423
-11953
-22570
-29860
-32743
-30792
-24293
-14202
-2009
10483
21426
29201
32652
31267
25247
15482
3419
-9153
-20369
-28563
-32514
-31633
-26047
-16586
-4654
7973
19415
27967
32350
31910
26709
17520
5712
-6950
-18577
-27428
-32179
-32116
-27244
-18292
-6597
6088
17864
26962
32015
32263
27666
18910
7310
-5391
-17284
-26579
-31872
-32366
-27983
-19380
-7852
4862
16845
26287
31760
32433
28203
19707
8226
-4501
-16550
-26094
-31684
-32472
-28334
-19895
-8434
4310
16402
26003
31651
32486
28377
19946
8475
-4288
-16402
-26016
-31662
-32478
-28334
-19861
-8351
4437
16550
26133
31717
32445
28203
19638
8060
-4756
-16845
-26351
-31812
-32386
-27983
-19276
-7602
5243
17284
26666
31941
32293
27666
18769
6975
-5898
-17864
-27071
-32095
-32157
-27244
-18113
-6176
6719
18577
27557
32265
31968
26709
17302
5205
-7702
-19415
-28111
-32434
-31710
-26047
-16326
-4058
8843
20369
28719
32588
31368
25247
15179
2736
-10137
-21426
-29364
-32705
-30922
-24293
-13853
-1238
11573
22570
30025
32764
30353
23169
12339
-434
-13142
-23783
-30678
-32739
-29638
-21861
-10632
2276
14829
25041
31296
32604
28754
20353
8727
-4282
-16616
-26318
-31849
-32328
-27676
-18630
-6622
6439
18480
27585
32302
31880
26381
16679
4318
-8734
-20396
-28806
-32620
-31227
-24845
-14492
-1820
11144
22329
29942
32763
30335
23047
12062
-859
-13645
-24243
-30951
-32688
-29173
-20967
-9388
3703
16202
26094
31785
32354
27709
18593
6476
-6688
-18775
-27832
-32393
-31718
-25913
-15915
-3339
9779
21317
29402
32723
30737
23764
12933
0
-12935
-23772
-30745
-32720
-29372
-21243
-9654
3510
16105
26077
31798
32332
27590
18342
6096
-7147
-19226
-28162
-32493
-31507
-25362
-15061
-2291
10856
22227
29953
32765
30198
22670
11416
-1716
-14569
-25028
-31370
-32548
-28366
-19509
-7435
5867
18204
27539
32330
31782
25982
15887
3163
-10086
-21669
-29667
-32753
-30413
-23032
-11831
1334
14281
24860
31312
32563
28403
19519
7387
-5976
-18347
-27666
-32377
-31693
-25725
-15465
-2622
10659
22164
29968
32766
30086
22374
10917
-2369
-15261
-25599
-31650
-32396
-27709
-18372
-5950
7473
19643
28516
32596
31195
24546
13765
664
-12550
-23653
-30771
-32702
-29116
-20616
-8634
4807
17440
27128
32230
31881
26137
15968
3092
-10308
-21966
-29901
-32766
-30072
-22272
-10689
2711
15653
25937
31812
32275
27244
17574
4908
-8595
-20637
-29162
-32712
-30681
-23411
-12140
1206
14349
25041
31451
32480
27948
18630
6117
-7445
-19735
-28641
-32634
-31026
-24089
-13013
301
13567
24501
31222
32570
28309
19172
6728
-6876
-19298
-28393
-32589
-31159
-24347
-13326
0
13328
24354
31166
32585
28360
19220
6748
-6896
-19347
-28443
-32604
-31103
-24198
-13087
301
13640
24608
31294
32533
28105
18778
6176
-7504
-19879
-28786
-32669
-30847
-23635
-12290
1206
14493
25247
31583
32389
27520
17828
5008
-8692
-20870
-29387
-32745
-30352
-22624
-10917
2711
15865
26229
31977
32094
26556
16335
3233
-10442
-22277
-30182
-32757
-29546
-21112
-8944
4807
17712
27483
32390
31559
25136
14256
845
-12717
-24026
-31070
-32598
-28334
-19032
-6345
7473
19964
28903
32697
30666
23169
11540
-2148
-15456
-26008
-31918
-32127
-26596
-16309
-3103
10659
22517
30346
32741
29270
20553
8148
-5719
-18563
-28078
-32552
-31179
-24202
-12874
771
14281
25223
31625
32332
27214
17189
4062
-9798
-21894
-30040
-32762
-29565
-21025
-8682
5233
18204
27882
32514
31257
24336
13002
-691
-14262
-25247
-31650
-32307
-27094
-16955
-3732
10171
22227
30239
32747
29289
20494
7961
-6025
-18915
-28356
-32621
-30929
-23586
-11931
1907
15400
26077
31982
32033
26215
15592
2109
-11762
-23479
-30889
-32629
-28377
-18910
-5966
8077
20637
29402
32756
30080
21861
9613
-4409
-17621
-27585
-32459
-31342
-24435
-13013
816
14497
25499
31785
32188
26631
16140
2656
-11322
-23203
-30782
-32650
-28456
-18976
-5969
8148
20755
29503
32763
29925
21514
9095
-5021
-18204
-27995
-32564
-31058
-23753
-12011
1977
15598
26305
32095
31880
25698
14703
952
-12978
-24480
-31393
-32418
-27360
-17165
-3744
10381
22559
30497
32702
28754
19394
6380
-7836
-20580
-29446
-32762
-29899
-21393
-8847
5370
18577
28275
32630
30814
23169
11138
-3003
-16579
-27016
-32334
-31523
-24733
-13249
751
14612
25700
31906
32048
26096
15179
1372
-12698
-24354
-31371
-32412
-27273
-16932
-3359
10856
23003
30758
32638
28280
18514
5205
-9101
-21669
-30089
-32747
-29131
-19930
-6905
7445
20371
29387
32762
29844
21189
8460
-5898
-19125
-28673
-32702
-30433
-22301
-9868
4468
17946
27963
32585
30916
23274
11134
-3159
-16845
-27275
-32428
-31305
-24119
-12260
1977
15833
26622
32247
31615
24845
13249
-923
-14918
-26016
-32055
-31858
-25461
-14105
0
14107
25468
31864
32046
25975
14832
792
-13405
-24986
-31684
-32188
-26395
-15435
-1452
12817
24578
31525
32292
26727
15917
1981
-12345
-24250
-31393
-32366
-26976
-16280
-2378
11993
24006
31293
32415
27148
16527
2644
-11762
-23850
-31230
-32442
-27244
-16660
-2779
11653
23783
31206
32451
27267
16679
2783
-11667
-23806
-31222
-32441
-27217
-16586
-2656
11803
23919
31277
32412
27094
16378
2398
-12062
-24120
-31370
-32361
-26894
-16056
-2009
12441
24407
31496
32285
26615
15616
1488
-12939
-24777
-31650
-32178
-26251
-15055
-836
13553
25223
31826
32033
25797
14372
52
-14280
-25739
-32015
-31841
-25247
-13561
863
15115
26318
32208
31592
24592
12618
-1908
-16052
-26950
-32393
-31276
-23823
-11540
3083
17085
27622
32556
30880
22932
10324
-4384
-18204
-28323
-32682
-30389
-21909
-8965
5807
19399
29038
32755
29790
20744
7461
-7347
-20658
-29748
-32757
-29067
-19428
-5811
8997
21966
30436
32669
28203
17952
4016
-10746
-23305
-31079
-32468
-27184
-16309
-2077
12583
24657
31656
32135
25992
14491
0
-14493
-25999
-32139
-31644
-24613
-12494
2208
16457
27304
32503
30975
23032
10317
-4537
-18454
-28547
-32719
-30103
-21238
-7961
6971
20458
29694
32757
29007
19220
5431
-9491
-22439
-30713
-32587
-27666
-16973
-2736
12073
24364
31568
32177
26060
14492
-108
-14689
-26197
-32222
-31498
-24174
-11781
3083
17304
27896
32634
30520
21996
8847
-6162
-19879
-29416
-32766
-29219
-19519
-5706
9311
22368
30711
32578
27570
16743
2378
-12491
-24723
-31732
-32033
-25558
-13674
1105
15653
26888
32428
31095
23169
10328
-4707
-18745
-28806
-32750
-29736
-20402
-6728
8378
21705
30414
32650
27932
17262
2911
-12062
-24465
-31651
-32083
-25665
-13765
1077
15692
26955
32455
31012
22932
9941
-5180
-19194
-29098
-32765
-29406
-19738
-5832
9326
22486
30817
32526
27244
16102
1495
-13436
-25478
-32035
-31693
-24521
-12062
2999
17416
28078
32680
30226
21243
7668
-7565
-21167
-30192
-32685
-28105
-17438
-2992
12103
24578
31727
31995
25321
13150
-1876
-16499
-27539
-32596
-30567
-21889
-8448
6833
20630
29936
32722
28377
17845
3419
-11753
-24364
-31659
-32040
-25423
-13249
1823
16499
27568
32607
30508
21729
8189
-7147
-20920
-30108
-32693
-28105
-17347
-2779
12401
24860
31856
31850
24838
12360
-2839
-17416
-28160
-32702
-30037
-20749
-6884
8501
22013
30668
32552
27244
15915
1066
-14020
-26008
-32243
-31342
-23500
-10451
4915
19194
29220
32766
29042
18871
4509
-10856
-23813
-31479
-32147
-25665
-13473
1720
16533
27666
32637
30335
21271
7461
-8015
-21705
-30552
-32578
-27327
-15968
-1038
14125
26133
32294
31228
23169
9920
-5554
-19786
-29584
-32748
-28565
-17970
-3339
12043
24723
31849
31816
24627
11897
-3511
-18132
-28673
-32755
-29458
-19519
-5177
10334
23516
31393
32182
25702
13414
-1907
-16800
-27896
-32682
-30072
-20653
-6555
9029
22570
30997
32395
26445
14492
-751
-15827
-27310
-32589
-30461
-21406
-7481
8148
21926
30713
32507
26894
15151
-48
-15238
-26955
-32522
-30664
-21804
-7961
7702
21608
30575
32549
27076
15403
202
-15047
-26852
-32503
-30703
-21861
-8002
7696
21629
30598
32538
27001
15255
0
-15257
-27007
-32541
-30582
-21579
-7602
8129
21989
30779
32468
26664
14703
-655
-15865
-27411
-32621
-30288
-20948
-6758
8997
22672
31098
32318
26047
13736
-1763
-16855
-28038
-32713
-29790
-19946
-5464
10289
23653
31516
32046
25116
12336
-3319
-18204
-28847
-32766
-29042
-18541
-3711
11987
24889
31977
31593
23823
10480
-5316
-19871
-29777
-32711
-27983
-16697
-1495
14059
26318
32404
30885
22114
8148
-7733
-21801
-30745
-32460
-26539
-14372
1180
16457
27860
32699
29832
19930
5325
-10537
-23916
-31650
-31910
-24631
-11530
4298
19113
29409
32747
28334
17210
2009
-13670
-26112
-32365
-30942
-22178
-8148
7817
21929
30833
32412
26285
13907
-1780
-17047
-28259
-32743
-29429
-19103
-4222
11667
24777
31977
31548
23586
9991
-5992
-20546
-30192
-32619
-27244
-15350
219
15739
27492
32660
30001
20149
5464
-10533
-24006
-31719
-31816
-24270
-10892
5106
19879
29873
32681
27625
15917
373
-15261
-27221
-32621
-30156
-20416
-5748
10308
23879
31684
31836
24293
10875
-5173
-19973
-29942
-32665
-27477
-15633
0
15636
27483
32666
29925
19920
5078
-10999
-24407
-31886
-31615
-23656
-9941
6193
20824
30386
32549
26782
14487
-1341
-16845
-28242
-32749
-29262
-18630
-3445
12583
25539
32252
31078
22301
8064
-8148
-22368
-31111
-32231
-25451
-12429
3643
18824
29387
32737
28047
16465
836
-15001
-27152
-32625
-30072
-20115
-5205
10989
24479
31937
31523
23335
9388
-6876
-21447
-30723
-32412
-26092
-13322
2743
18132
29038
32759
28371
16955
1338
-14612
-26944
-32596
-30164
-20247
-5304
10958
24501
31960
31477
23169
9099
-7236
-21774
-30894
-32323
-25702
-12676
3510
18824
29446
32724
27837
16000
166
-15711
-27666
-32707
-29572
-19041
-3744
12491
25602
32304
30916
21780
7184
-9215
-23305
-31551
-31880
-24205
-10451
5930
20824
30486
32483
26311
13518
-2679
-18204
-29147
-32749
-28098
-16364
-502
15488
27574
32702
29574
18976
3583
-12717
-25806
-32371
-30748
-21345
-6538
9926
23879
31785
31636
23467
9346
-7147
-21830
-30974
-32254
-25342
-11991
4409
19692
29968
32623
26976
14462
-1736
-17495
-28798
-32764
-28377
-16752
-852
15267
27492
32699
29554
18857
3339
-13034
-26077
-32450
-30520
-20777
-5712
10817
24578
32042
31291
22515
7961
-8637
-23021
-31496
-31881
-24075
-10079
6509
21426
30833
32307
25463
12062
-4448
-19815
-30076
-32585
-26689
-13907
2465
18204
29244
32732
27762
15616
-569
-16610
-28356
-32765
-28692
-17189
-1231
15047
27428
32699
29490
18630
2932
-13528
-26478
-32552
-30168
-19943
-4530
12062
25519
32337
30737
21133
6022
-10659
-24565
-32068
-31208
-22206
-7407
9326
23628
31760
31593
23169
8686
-8070
-22719
-31423
-31903
-24028
-9858
6896
21846
31070
32147
24790
10926
-5807
-21019
-30711
-32336
-25461
-11891
4807
20244
30356
32478
26047
12755
-3899
-19528
-30012
-32581
-26556
-13521
3083
18877
29687
32654
26991
14192
-2362
-18294
-29387
-32703
-27360
-14769
1736
17784
29119
32734
27666
15255
-1206
-17349
-28887
-32752
-27913
-15652
771
16993
28695
32761
28105
15962
-434
-16717
-28547
-32765
-28244
-16186
193
16523
28443
32766
28334
16326
-48
-16412
-28387
-32766
-28374
-16382
0
0
0
0
0
0
0
0
0
0
0
0
0
0
0
0
0
0
0
0
0
0
0
0
0
0
0
0
0
0
0
0
0
0
0
0
0
0
0
0
0
0
0
0
0
0
0
0
0
0
0
0
0
0
0
0
0
0
0
0
0
0
0
0
0
0
0
0
0
0
0
0
0
0
0
0
0
0
0
0
0
0
0
0
0
0
0
0
0
0
0
0
0
0
0
0
0
0
0
0
0
0
0
0
0
0
0
0
0
0
0
0
0
0
0
0
0
0
0
0
0
0
0
0
0
0
0
0
0
0
0
0
0
0
0
0
0
0
0
0
0
0
0
0
0
0
0
0
0
0
0
0
0
0
0
0
0
0
0
0
0
0
0
0
0
0
0
0
0
0
0
0
0
0
0
0
0
0
0
0
0
0
0
0
0
0
0
0
0
0
0
0
0
0
0
0
0
0
0
0
0
0
0
0
0
0
0
0
0
0
0
0
0
0
0
0
0
0
0
0
0
0
0
0
0
0
0
0
0
0
0
0
0
0
0
0
0
0
0
0
0
0
0
0
0
0
0
0
0
0
0
0
0
0
0
0
0
0
0
0
0
0
0
0
0
0
0
0
0
0
0
0
0
0
0
0
0
0
0
0
0
0
0
0
0
0
0
0
0
0
0
0
0
0
0
0
0
0
0
0
0
0
0
0
0
0
0
0
0
0
0
0
0
0
0
0
0
0
0
0
0
0
0
0
0
0
0
0
0
0
0
0
0
0
0
0
0
0
0
0
0
0
0
0
0
0
0
0
0
0
0
0
0
0
0
0
0
0
0
0
0
0
0
0
0
0
0
0
0
0
0
0
0
0
0
0
0
0
0
0
0
0
0
0
0
0
0
0
0
0
0
0
0
0
0
0
0
0
0
0
0
0
0
0
0
0
0
0
0
0
0
0
0
0
0
0
0
0
0
0
0
0
0
0
0
0
0
0
0
0
0
0
0
0
0
0
0
0
0
0
0
0
0
0
0
0
0
0
0
0
0
0
0
0
0
0
0
0
0
0
0
0
0
0
0
0
0
0
0
0
0
0
0
0
0
0
0
0
0
0
0
0
0
0
0
0
0
0
0
0
0
0
0
0
0
0
0
0
0
0
0
0
0
0
0
0
0
0
0
0
0
0
0
0
0
0
0
0
0
0
0
0
0
0
0
0
0
0
0
0
0
0
0
0
0
0
0
0
0
0
0
0
0
0
0
0
0
0
0
0
0
0
0
0
0
0
0
0
0
0
0
0
0
0
0
0
0
0
0
0
0
0
0
0
0
0
0
0
0
0
0
0
0
0
0
0
0
0
0
0
0
0
0
0
0
0
0
0
0
0
0
0
0
0
0
0
0
0
0
0
0
0
0
0
0
0
0
0
0
0
0
0
0
0
0
0
0
0
0
0
0
0
0
0
0
0
0
0
0
0
0
0
0
0
0
0
0
0
0
0
0
0
0
0
0
0
0
0
0
0
0
0
0
0
0
0
0
0
0
0
0
0
0
0
0
0
0
0
0
0
0
0
0
0
0
0
0
0
0
0
0
0
0
0
0
0
0
0
0
0
0
0
0
0
0
0
0
0
0
0
0
0
0
0
0
0
0
0
0
0
0
0
0
0
0
0
0
0
0
0
0
0
0
0
0
0
0
0
0
0
0
0
0
0
0
0
0
0
0
0
0
0
0
0
0
0
0
0
0
0
0
0
0
0
0
0
0
0
0
0
0
0
0
0
0
0
0
0
0
0
0
0
0
0
0
0
0
0
0
0
0
0
0
0
0
0
0
0
0
0
0
0
0
0
0
0
0
0
0
0
0
0
0
0
0
0
0
0
0
0
0
0
0
0
0
0
0
0
0
0
0
0
0
0
0
0
0
0
0
0
0
0
0
0
0
0
0
0
0
0
0
0
0
0
0
0
0
0
0
0
0
0
0
0
0
0
0
0
0
0
0
0
0
0
0
0
0
0
0
0
0
0
0
0
0
0
0
0
0
0
0
0
0
0
0
0
0
0
0
0
0
0
0
0
0
0
0
0
0
0
0
0
0
0
0
0
0
0
0
0
0
0
0
0
0
0
0
0
0
0
0
0
0
0
0
0
0
0
0
0
0
0
0
0
0
0
0
0
0
0
0
0
0
0
0
0
0
0
0
0
13106
12757
11730
10085
7915
5346
2523
-394
-3246
-5877
-8147
-9943
-11178
-11801
-11799
-11193
-10036
-8412
-6427
-4202
-1865
457
2644
4592
6215
7451
8265
8645
8604
8177
7414
6379
5145
3785
2370
969
-362
-1578
-2641
-3530
-4232
-4744
-5070
-5220
-5208
-5050
-4759
-4352
-3841
-3239
-2559
-1814
-1016
-183
666
1511
2326
3084
3756
4313
4729
4979
5047
4920
4595
4081
3392
2554
1602
575
-481
-1518
-2490
-3351
-4062
-4592
-4917
-5026
-4918
-4601
-4095
-3429
-2638
-1762
-843
74
950
1748
2435
2988
3388
3628
3707
3632
3418
3082
2650
2149
1606
1050
507
1
-448
-828
-1127
-1341
-1474
-1532
-1527
-1474
-1391
-1296
-1208
-1141
-1110
-1120
-1174
-1267
-1388
-1519
-1638
-1718
-1733
-1655
-1460
-1131
-660
-46
695
1541
2452
3380
4266
5049
5663
6047
6148
5924
5352
4427
3168
1618
-157
-2073
-4029
-5911
-7603
-8990
-9970
-10460
-10399
-9761
-8550
-6809
-4614
-2073
678
3487
6192
8630
10649
12119
12941
13052
12430
11100
9131
6630
3742
633
-2511
-5504
-8169
-10345
-11905
-12760
-12865
-12221
-10878
-8929
-6502
-3757
-869
1981
4617
6881
8644
9809
10324
10179
9407
8083
6314
4234
1992
-256
-2361
-4190
-5631
-6606
-7070
-7016
-6472
-5501
-4191
-2651
-1000
637
2145
3421
4382
4972
5163
4957
4382
3492
2363
1081
-257
-1557
-2729
-3695
-4394
-4787
-4855
-4601
-4050
-3244
-2242
-1110
76
1246
2328
3262
3997
4498
4744
4728
4461
3965
3276
2437
1497
508
-475
-1405
-2237
-2932
-3462
-3807
-3957
-3914
-3687
-3297
-2769
-2138
-1438
-711
5
673
1260
1738
2087
2296
2363
2293
2104
1818
1465
1077
691
340
54
-142
-235
-219
-100
107
375
671
955
1186
1323
1331
1185
869
385
-251
-1012
-1850
-2710
-3526
-4229
-4754
-5041
-5041
-4726
-4085
-3130
-1899
-448
1144
2785
4375
5809
6988
7827
8257
8234
7742
6796
5439
3742
1800
-275
-2361
-4335
-6079
-7490
-8485
-9010
-9039
-8579
-7665
-6362
-4757
-2953
-1062
803
2538
4051
5267
6138
6640
6774
6564
6054
5305
4384
3364
2313
1292
351
-474
-1167
-1723
-2149
-2464
-2693
-2861
-2991
-3100
-3194
-3272
-3320
-3319
-3240
-3055
-2738
-2269
-1638
-851
69
1087
2149
3191
4141
4923
5470
5722
5638
5201
4417
3319
1968
447
-1143
-2691
-4084
-5213
-5989
-6344
-6239
-5672
-4676
-3317
-1692
75
1851
3497
4879
5882
6419
6437
5925
4912
3470
1706
-245
-2232
-4095
-5682
-6860
-7525
-7613
-7105
-6026
-4451
-2490
-289
1986
4165
6079
7579
8550
8913
8638
7745
6299
4410
2221
-102
-2387
-4463
-6178
-7412
-8083
-8155
-7641
-6599
-5131
-3367
-1460
428
2145
3555
4555
5077
5102
4651
3793
2629
1289
-83
-1345
-2361
-3023
-3258
-3033
-2362
-1301
51
1565
3091
4472
5556
6215
6351
5911
4889
3334
1339
-956
-3383
-5753
-7871
-9558
-10660
-11064
-10706
-9583
-7746
-5306
-2420
716
3886
6865
9440
11426
12678
13106
12678
11426
9440
6865
3886
716
-2420
-5306
-7746
-9583
-10706
-11064
-10660
-9558
-7871
-5753
-3383
-956
1339
3334
4889
5911
6351
6215
5556
4472
3091
1565
51
-1301
-2362
-3033
-3258
-3023
-2361
-1345
-83
1289
2629
3793
4651
5102
5077
4555
3555
2145
428
-1460
-3367
-5131
-6599
-7641
-8155
-8083
-7412
-6178
-4463
-2387
-102
2221
4410
6299
7745
8638
8913
8550
7579
6079
4165
1986
-289
-2490
-4451
-6026
-7105
-7613
-7525
-6860
-5682
-4095
-2232
-245
1706
3470
4912
5925
6437
6419
5882
4879
3497
1851
75
-1692
-3317
-4676
-5672
-6239
-6344
-5989
-5213
-4084
-2691
-1143
447
1968
3319
4417
5201
5638
5722
5470
4923
4141
3191
2149
1087
69
-851
-1638
-2269
-2738
-3055
-3240
-3319
-3320
-3272
-3194
-3100
-2991
-2861
-2693
-2464
-2149
-1723
-1167
-474
351
1292
2313
3364
4384
5305
6054
6564
6774
6640
6138
5267
4051
2538
803
-1062
-2953
-4757
-6362
-7665
-8579
-9039
-9010
-8485
-7490
-6079
-4335
-2361
-275
1800
3742
5439
6796
7742
8234
8257
7827
6988
5809
4375
2785
1144
-448
-1899
-3130
-4085
-4726
-5041
-5041
-4754
-4229
-3526
-2710
-1850
-1012
-251
385
869
1185
1331
1323
1186
955
671
375
107
-100
-219
-235
-142
54
340
691
1077
1465
1818
2104
2293
2363
2296
2087
1738
1260
673
5
-711
-1438
-2138
-2769
-3297
-3687
-3914
-3957
-3807
-3462
-2932
-2237
-1405
-475
508
1497
2437
3276
3965
4461
4728
4744
4498
3997
3262
2328
1246
76
-1110
-2242
-3244
-4050
-4601
-4855
-4787
-4394
-3695
-2729
-1557
-257
1081
2363
3492
4382
4957
5163
4972
4382
3421
2145
637
-1000
-2651
-4191
-5501
-6472
-7016
-7070
-6606
-5631
-4190
-2361
-256
1992
4234
6314
8083
9407
10179
10324
9809
8644
6881
4617
1981
-869
-3757
-6502
-8929
-10878
-12221
-12865
-12760
-11905
-10345
-8169
-5504
-2511
633
3742
6630
9131
11100
12430
13052
12941
12119
10649
8630
6192
3487
678
-2073
-4614
-6809
-8550
-9761
-10399
-10460
-9970
-8990
-7603
-5911
-4029
-2073
-157
1618
3168
4427
5352
5924
6148
6047
5663
5049
4266
3380
2452
1541
695
-46
-660
-1131
-1460
-1655
-1733
-1718
-1638
-1519
-1388
-1267
-1174
-1120
-1110
-1141
-1208
-1296
-1391
-1474
-1527
-1532
-1474
-1341
-1127
-828
-448
1
507
1050
1606
2149
2650
3082
3418
3632
3707
3628
3388
2988
2435
1748
950
74
-843
-1762
-2638
-3429
-4095
-4601
-4918
-5026
-4917
-4592
-4062
-3351
-2490
-1518
-481
575
1602
2554
3392
4081
4595
4920
5047
4979
4729
4313
3756
3084
2326
1511
666
-183
-1016
-1814
-2559
-3239
-3841
-4352
-4759
-5050
-5208
-5220
-5070
-4744
-4232
-3530
-2641
-1578
-362
969
2370
3785
5145
6379
7414
8177
8604
8645
8265
7451
6215
4592
2644
457
-1865
-4202
-6427
-8412
-10036
-11193
-11799
-11801
-11178
-9943
-8147
-5877
-3246
-394
2523
5346
7915
10085
11730
12757
0
0
0
0
0
0
0
0
0
0
0
0
0
0
0
0
0
0
0
0
0
0
0
0
0
0
0
0
0
0
0
0
0
0
0
0
0
0
0
0
0
0
0
0
0
0
0
0
0
0
0
0
0
0
0
0
0
0
0
0
0
0
0
0
0
0
0
-6553
-6421
-6032
-5397
-4540
-3490
-2285
-970
404
1785
3117
4342
5405
6258
6854
7161
7153
6820
6166
5209
3983
2536
932
-758
-2455
-4074
-5531
-6748
-7653
-8192
-8326
-8034
-7323
-6217
-4766
-3039
-1125
877
2860
4714
6333
7625
8513
8940
8878
8326
7309
5884
4128
2143
41
-2055
-4024
-5752
-7138
-8103
-8593
-8583
-8081
-7121
-5768
-4109
-2250
-306
1602
3362
4871
6043
6819
7164
7074
6572
5706
4548
3183
1710
227
-1170
-2399
-3389
-4095
-4492
-4577
-4373
-3920
-3274
-2503
-1676
-863
-127
483
932
1203
1298
1234
1044
773
470
186
-30
-141
-121
42
342
758
1255
1783
2289
2715
3007
3118
3013
2675
2103
1317
353
-734
-1880
-3010
-4046
-4915
-5550
-5901
-5932
-5627
-4994
-4061
-2873
-1496
-4
1518
2988
4325
5455
6318
6871
7088
6963
6507
5750
4735
3517
2156
721
-724
-2118
-3403
-4530
-5461
-6166
-6627
-6832
-6782
-6482
-5946
-5192
-4246
-3136
-1896
-563
819
2206
3548
4795
5893
6792
7445
7810
7856
7564
6927
5959
4687
3158
1437
-399
-2263
-4059
-5691
-7069
-8114
-8761
-8969
-8720
-8022
-6911
-5447
-3713
-1809
154
2065
3814
5301
6447
7193
7509
7393
6872
5996
4841
3496
2059
631
-694
-1835
-2730
-3337
-3641
-3651
-3401
-2940
-2337
-1663
-994
-399
64
355
454
359
92
-306
-785
-1281
-1728
-2064
-2238
-2211
-1966
-1502
-843
-30
878
1816
2709
3486
4083
4450
4554
4382
3946
3276
2421
1444
416
-589
-1503
-2268
-2840
-3195
-3329
-3258
-3016
-2652
-2220
-1782
-1392
-1096
-923
-886
-975
-1162
-1400
-1630
-1787
-1805
-1626
-1208
-529
405
1562
2882
4278
5645
6865
7821
8399
8508
8081
7088
5542
3496
1046
-1672
-4496
-7244
-9725
-11759
-13186
-13880
-13760
-12799
-11027
-8529
-5444
-1955
1722
5354
8708
11562
13729
15065
15480
14948
13506
11256
8349
4986
1394
-2185
-5517
-8386
-10611
-12064
-12671
-12424
-11372
-9623
-7332
-4689
-1901
819
3273
5292
6744
7550
7683
7172
6098
4582
2781
866
-984
-2606
-3858
-4636
-4880
-4576
-3763
-2521
-969
746
2466
4030
5291
6129
6456
6231
5458
4186
2508
549
-1538
-3593
-5454
-6974
-8032
-8542
-8461
-7791
-6580
-4915
-2917
-733
1477
3559
5363
6768
7681
8051
7866
7158
5995
4479
2735
899
-887
-2496
-3814
-4756
-5270
-5340
-4985
-4257
-3237
-2025
-732
526
1644
2530
3115
3357
3246
2801
2067
1115
31
-1087
-2144
-3047
-3717
-4095
-4147
-3862
-3256
-2370
-1265
-18
1283
2551
3697
4645
5330
5708
5754
5464
4857
3970
2854
1575
204
-1182
-2512
-3716
-4735
-5521
-6039
-6268
-6202
-5848
-5225
-4366
-3309
-2103
-801
540
1863
3111
4229
5167
5880
6333
6501
6369
5935
5213
4229
3023
1649
171
-1338
-2802
-4141
-5281
-6152
-6702
-6890
-6698
-6128
-5206
-3978
-2514
-895
780
2413
3900
5149
6077
6624
6751
6448
5732
4647
3262
1667
-32
-1725
-3299
-4648
-5682
-6331
-6553
-6331
-5682
-4648
-3299
-1725
-32
1667
3262
4647
5732
6448
6751
6624
6077
5149
3900
2413
780
-895
-2514
-3978
-5206
-6128
-6698
-6890
-6702
-6152
-5281
-4141
-2802
-1338
171
1649
3023
4229
5213
5935
6369
6501
6333
5880
5167
4229
3111
1863
540
-801
-2103
-3309
-4366
-5225
-5848
-6202
-6268
-6039
-5521
-4735
-3716
-2512
-1182
204
1575
2854
3970
4857
5464
5754
5708
5330
4645
3697
2551
1283
-18
-1265
-2370
-3256
-3862
-4147
-4095
-3717
-3047
-2144
-1087
31
1115
2067
2801
3246
3357
3115
2530
1644
526
-732
-2025
-3237
-4257
-4985
-5340
-5270
-4756
-3814
-2496
-887
899
2735
4479
5995
7158
7866
8051
7681
6768
5363
3559
1477
-733
-2917
-4915
-6580
-7791
-8461
-8542
-8032
-6974
-5454
-3593
-1538
549
2508
4186
5458
6231
6456
6129
5291
4030
2466
746
-969
-2521
-3763
-4576
-4880
-4636
-3858
-2606
-984
866
2781
4582
6098
7172
7683
7550
6744
5292
3273
819
-1901
-4689
-7332
-9623
-11372
-12424
-12671
-12064
-10611
-8386
-5517
-2185
1394
4986
8349
11256
13506
14948
15480
15065
13729
11562
8708
5354
1722
-1955
-5444
-8529
-11027
-12799
-13760
-13880
-13186
-11759
-9725
-7244
-4496
-1672
1046
3496
5542
7088
8081
8508
8399
7821
6865
5645
4278
2882
1562
405
-529
-1208
-1626
-1805
-1787
-1630
-1400
-1162
-975
-886
-923
-1096
-1392
-1782
-2220
-2652
-3016
-3258
-3329
-3195
-2840
-2268
-1503
-589
416
1444
2421
3276
3946
4382
4554
4450
4083
3486
2709
1816
878
-30
-843
-1502
-1966
-2211
-2238
-2064
-1728
-1281
-785
-306
92
359
454
355
64
-399
-994
-1663
-2337
-2940
-3401
-3651
-3641
-3337
-2730
-1835
-694
631
2059
3496
4841
5996
6872
7393
7509
7193
6447
5301
3814
2065
154
-1809
-3713
-5447
-6911
-8022
-8720
-8969
-8761
-8114
-7069
-5691
-4059
-2263
-399
1437
3158
4687
5959
6927
7564
7856
7810
7445
6792
5893
4795
3548
2206
819
-563
-1896
-3136
-4246
-5192
-5946
-6482
-6782
-6832
-6627
-6166
-5461
-4530
-3403
-2118
-724
721
2156
3517
4735
5750
6507
6963
7088
6871
6318
5455
4325
2988
1518
-4
-1496
-2873
-4061
-4994
-5627
-5932
-5901
-5550
-4915
-4046
-3010
-1880
-734
353
1317
2103
2675
3013
3118
3007
2715
2289
1783
1255
758
342
42
-121
-141
-30
186
470
773
1044
1234
1298
1203
932
483
-127
-863
-1676
-2503
-3274
-3920
-4373
-4577
-4492
-4095
-3389
-2399
-1170
227
1710
3183
4548
5706
6572
7074
7164
6819
6043
4871
3362
1602
-306
-2250
-4109
-5768
-7121
-8081
-8583
-8593
-8103
-7138
-5752
-4024
-2055
41
2143
4128
5884
7309
8326
8878
8940
8513
7625
6333
4714
2860
877
-1125
-3039
-4766
-6217
-7323
-8034
-8326
-8192
-7653
-6748
-5531
-4074
-2455
-758
932
2536
3983
5209
6166
6820
7153
7161
6854
6258
5405
4342
3117
1785
404
-970
-2285
-3490
-4540
-5397
-6032
-6421
0
0
0
0
0
0
0
0
0
0
0
0
0
0
0
0
0
0
0
0
0
0
0
0
0
0
0
0
0
0
0
0
0
0
0
0
0
0
0
0
0
0
0
0
0
0
0
0
0
0
0
0
0
0
0
0
0
0
0
0
0
0
0
0
0
0
0
9830
9505
8553
7042
5078
2802
372
-2043
-4277
-6182
-7632
-8539
-8855
-8575
-7738
-6421
-4734
-2809
-792
1170
2942
4406
5475
6093
6242
5941
5243
4227
2995
1659
332
-877
-1881
-2611
-3027
-3118
-2903
-2428
-1757
-973
-161
590
1205
1622
1800
1723
1399
860
160
-633
-1443
-2189
-2796
-3201
-3357
-3239
-2843
-2190
-1322
-299
805
1913
2943
3820
4480
4875
4976
4777
4289
3546
2596
1501
327
-851
-1970
-2967
-3791
-4408
-4793
-4940
-4856
-4558
-4073
-3437
-2685
-1855
-983
-103
756
1573
2326
2998
3575
4045
4393
4607
4676
4585
4326
3893
3283
2504
1572
512
-637
-1831
-3014
-4122
-5092
-5860
-6369
-6573
-6440
-5957
-5132
-3995
-2599
-1013
672
2363
3955
5349
6455
7198
7526
7411
6855
5889
4570
2981
1222
-594
-2352
-3939
-5254
-6216
-6765
-6874
-6543
-5802
-4710
-3347
-1811
-208
1350
2764
3942
4812
5328
5468
5236
4664
3804
2727
1514
253
-968
-2073
-2993
-3678
-4095
-4234
-4102
-3723
-3137
-2394
-1548
-657
224
1049
1777
2378
2835
3138
3289
3296
3173
2935
2599
2183
1702
1167
591
-15
-643
-1279
-1909
-2515
-3074
-3559
-3943
-4196
-4289
-4197
-3905
-3402
-2695
-1800
-748
415
1634
2844
3975
4957
5725
6223
6411
6265
5783
4982
3903
2604
1158
-351
-1836
-3211
-4397
-5329
-5961
-6265
-6239
-5901
-5289
-4459
-3476
-2412
-1339
-321
585
1345
1936
2355
2617
2752
2797
2796
2792
2822
2909
3063
3276
3523
3763
3941
3998
3873
3511
2872
1936
706
-785
-2477
-4283
-6094
-7784
-9225
-10288
-10861
-10855
-10217
-8930
-7025
-4577
-1703
1441
4675
7798
10609
12918
14559
15405
15377
14450
12660
10098
6909
3283
-559
-4382
-7945
-11025
-13431
-15016
-15685
-15407
-14214
-12196
-9500
-6314
-2856
640
3948
6856
9186
10809
11645
11675
10938
9524
7571
5248
2747
263
-2018
-3937
-5367
-6227
-6483
-6153
-5302
-4033
-2481
-800
850
2320
3478
4223
4491
4264
3565
2457
1040
-561
-2207
-3753
-5064
-6024
-6544
-6574
-6100
-5149
-3786
-2107
-234
1699
3555
5202
6527
7440
7885
7841
7321
6374
5076
3525
1834
120
-1504
-2940
-4110
-4957
-5457
-5610
-5445
-5010
-4372
-3606
-2788
-1990
-1272
-678
-231
63
224
284
288
287
333
473
740
1152
1707
2382
3135
3907
4626
5217
5603
5717
5505
4936
4003
2727
1159
-625
-2530
-4441
-6236
-7793
-9000
-9762
-10008
-9699
-8830
-7434
-5575
-3353
-890
1671
4183
6494
8467
9982
10947
11304
11033
10150
8710
6800
4537
2057
-493
-2964
-5215
-7120
-8576
-9511
-9884
-9691
-8962
-7756
-6162
-4286
-2249
-177
1806
3589
5076
6191
6888
7145
6969
6393
5471
4280
2903
1437
-25
-1395
-2593
-3553
-4231
-4599
-4650
-4400
-3879
-3135
-2227
-1220
-184
812
1709
2451
2998
3322
3411
3267
2906
2360
1667
877
41
-786
-1554
-2215
-2729
-3067
-3211
-3153
-2901
-2470
-1889
-1193
-424
369
1142
1847
2444
2897
3180
3276
3180
2897
2444
1847
1142
369
-424
-1193
-1889
-2470
-2901
-3153
-3211
-3067
-2729
-2215
-1554
-786
41
877
1667
2360
2906
3267
3411
3322
2998
2451
1709
812
-184
-1220
-2227
-3135
-3879
-4400
-4650
-4599
-4231
-3553
-2593
-1395
-25
1437
2903
4280
5471
6393
6969
7145
6888
6191
5076
3589
1806
-177
-2249
-4286
-6162
-7756
-8962
-9691
-9884
-9511
-8576
-7120
-5215
-2964
-493
2057
4537
6800
8710
10150
11033
11304
10947
9982
8467
6494
4183
1671
-890
-3353
-5575
-7434
-8830
-9699
-10008
-9762
-9000
-7793
-6236
-4441
-2530
-625
1159
2727
4003
4936
5505
5717
5603
5217
4626
3907
3135
2382
1707
1152
740
473
333
287
288
284
224
63
-231
-678
-1272
-1990
-2788
-3606
-4372
-5010
-5445
-5610
-5457
-4957
-4110
-2940
-1504
120
1834
3525
5076
6374
7321
7841
7885
7440
6527
5202
3555
1699
-234
-2107
-3786
-5149
-6100
-6574
-6544
-6024
-5064
-3753
-2207
-561
1040
2457
3565
4264
4491
4223
3478
2320
850
-800
-2481
-4033
-5302
-6153
-6483
-6227
-5367
-3937
-2018
263
2747
5248
7571
9524
10938
11675
11645
10809
9186
6856
3948
640
-2856
-6314
-9500
-12196
-14214
-15407
-15685
-15016
-13431
-11025
-7945
-4382
-559
3283
6909
10098
12660
14450
15377
15405
14559
12918
10609
7798
4675
1441
-1703
-4577
-7025
-8930
-10217
-10855
-10861
-10288
-9225
-7784
-6094
-4283
-2477
-785
706
1936
2872
3511
3873
3998
3941
3763
3523
3276
3063
2909
2822
2792
2796
2797
2752
2617
2355
1936
1345
585
-321
-1339
-2412
-3476
-4459
-5289
-5901
-6239
-6265
-5961
-5329
-4397
-3211
-1836
-351
1158
2604
3903
4982
5783
6265
6411
6223
5725
4957
3975
2844
1634
415
-748
-1800
-2695
-3402
-3905
-4197
-4289
-4196
-3943
-3559
-3074
-2515
-1909
-1279
-643
-15
591
1167
1702
2183
2599
2935
3173
3296
3289
3138
2835
2378
1777
1049
224
-657
-1548
-2394
-3137
-3723
-4102
-4234
-4095
-3678
-2993
-2073
-968
253
1514
2727
3804
4664
5236
5468
5328
4812
3942
2764
1350
-208
-1811
-3347
-4710
-5802
-6543
-6874
-6765
-6216
-5254
-3939
-2352
-594
1222
2981
4570
5889
6855
7411
7526
7198
6455
5349
3955
2363
672
-1013
-2599
-3995
-5132
-5957
-6440
-6573
-6369
-5860
-5092
-4122
-3014
-1831
-637
512
1572
2504
3283
3893
4326
4585
4676
4607
4393
4045
3575
2998
2326
1573
756
-103
-983
-1855
-2685
-3437
-4073
-4558
-4856
-4940
-4793
-4408
-3791
-2967
-1970
-851
327
1501
2596
3546
4289
4777
4976
4875
4480
3820
2943
1913
805
-299
-1322
-2190
-2843
-3239
-3357
-3201
-2796
-2189
-1443
-633
160
860
1399
1723
1800
1622
1205
590
-161
-973
-1757
-2428
-2903
-3118
-3027
-2611
-1881
-877
332
1659
2995
4227
5243
5941
6242
6093
5475
4406
2942
1170
-792
-2809
-4734
-6421
-7738
-8575
-8855
-8539
-7632
-6182
-4277
-2043
372
2802
5078
7042
8553
9505
0
0
0
0
0
0
0
0
0
0
0
0
0
0
0
0
0
0
0
0
0
0
0
0
0
0
0
0
0
0
0
0
0
0
0
0
0
0
0
0
0
0
0
0
0
0
0
0
0
0
0
0
0
0
0
0
0
0
0
0
0
0
0
0
0
0
0
9830
9573
8818
7607
6008
4109
2017
-154
-2287
-4268
-5994
-7377
-8353
-8879
-8941
-8548
-7736
-6562
-5101
-3440
-1675
98
1788
3312
4601
5602
6281
6623
6633
6334
5762
4966
4002
2930
1812
705
-339
-1280
-2086
-2734
-3215
-3528
-3682
-3693
-3581
-3369
-3080
-2738
-2363
-1970
-1571
-1174
-783
-399
-19
357
735
1113
1491
1863
2221
2554
2846
3081
3240
3307
3264
3100
2806
2381
1830
1166
408
-413
-1268
-2117
-2918
-3630
-4213
-4631
-4856
-4867
-4654
-4220
-3577
-2753
-1783
-713
403
1511
2552
3471
4221
4761
5064
5115
4915
4478
3833
3020
2091
1100
107
-831
-1665
-2352
-2860
-3173
-3288
-3217
-2985
-2628
-2189
-1713
-1247
-834
-505
-283
-177
-183
-281
-440
-621
-780
-869
-848
-684
-355
141
795
1574
2430
3303
4121
4809
5293
5508
5403
4946
4132
2979
1533
-133
-1928
-3742
-5457
-6956
-8127
-8879
-9141
-8874
-8073
-6771
-5032
-2956
-666
1696
3985
6052
7764
9010
9712
9824
9345
8311
6798
4913
2790
575
-1579
-3530
-5151
-6342
-7039
-7215
-6883
-6097
-4941
-3528
-1985
-448
954
2109
2927
3352
3363
2980
2255
1274
147
-1005
-2056
-2889
-3406
-3534
-3239
-2522
-1425
-27
1563
3215
4785
6132
7124
7655
7651
7078
5946
4310
2265
-55
-2498
-4891
-7062
-8854
-10129
-10788
-10773
-10073
-8727
-6820
-4477
-1852
879
3535
5942
7944
9417
10275
10478
10031
8987
7437
5505
3337
1090
-1079
-3031
-4646
-5837
-6553
-6783
-6553
-5923
-4979
-3825
-2576
-1342
-224
698
1369
1762
1882
1758
1445
1013
542
110
-210
-366
-323
-72
368
958
1634
2320
2932
3388
3618
3569
3210
2541
1590
413
-906
-2269
-3567
-4686
-5525
-6000
-6052
-5655
-4818
-3586
-2038
-282
1554
3333
4915
6172
6999
7321
7098
6333
5070
3393
1417
-716
-2851
-4830
-6502
-7740
-8444
-8555
-8053
-6965
-5361
-3345
-1054
1356
3720
5878
7682
9009
9770
9914
9434
8361
6767
4756
2457
14
-2421
-4705
-6704
-8310
-9438
-10039
-10096
-9622
-8662
-7284
-5578
-3643
-1584
492
2490
4322
5914
7213
8178
8787
9034
8923
8474
7710
6665
5378
3891
2251
508
-1282
-3063
-4773
-6346
-7719
-8827
-9610
-10016
-10004
-9549
-8644
-7307
-5576
-3515
-1212
1228
3685
6027
8125
9855
11108
11800
11875
11315
10136
8397
6189
3636
886
-1898
-4550
-6911
-8838
-10216
-10967
-11051
-10474
-9287
-7578
-5471
-3113
-668
1698
3832
5595
6881
7621
7787
7393
6494
5182
3575
1812
37
-1606
-2993
-4020
-4616
-4748
-4419
-3674
-2587
-1261
180
1609
2898
3932
4619
4895
4729
4128
3135
1822
290
-1342
-2949
-4405
-5595
-6423
-6821
-6753
-6215
-5240
-3891
-2260
-456
1397
3177
4763
6052
6962
7436
7451
7011
6154
4942
3460
1809
96
-1568
-3085
-4364
-5336
-5952
-6189
-6051
-5561
-4767
-3732
-2530
-1244
43
1254
2318
3178
3792
4135
4198
3993
3545
2891
2081
1171
222
-705
-1554
-2273
-2819
-3160
-3276
-3160
-2819
-2273
-1554
-705
222
1171
2081
2891
3545
3993
4198
4135
3792
3178
2318
1254
43
-1244
-2530
-3732
-4767
-5561
-6051
-6189
-5952
-5336
-4364
-3085
-1568
96
1809
3460
4942
6154
7011
7451
7436
6962
6052
4763
3177
1397
-456
-2260
-3891
-5240
-6215
-6753
-6821
-6423
-5595
-4405
-2949
-1342
290
1822
3135
4128
4729
4895
4619
3932
2898
1609
180
-1261
-2587
-3674
-4419
-4748
-4616
-4020
-2993
-1606
37
1812
3575
5182
6494
7393
7787
7621
6881
5595
3832
1698
-668
-3113
-5471
-7578
-9287
-10474
-11051
-10967
-10216
-8838
-6911
-4550
-1898
886
3636
6189
8397
10136
11315
11875
11800
11108
9855
8125
6027
3685
1228
-1212
-3515
-5576
-7307
-8644
-9549
-10004
-10016
-9610
-8827
-7719
-6346
-4773
-3063
-1282
508
2251
3891
5378
6665
7710
8474
8923
9034
8787
8178
7213
5914
4322
2490
492
-1584
-3643
-5578
-7284
-8662
-9622
-10096
-10039
-9438
-8310
-6704
-4705
-2421
14
2457
4756
6767
8361
9434
9914
9770
9009
7682
5878
3720
1356
-1054
-3345
-5361
-6965
-8053
-8555
-8444
-7740
-6502
-4830
-2851
-716
1417
3393
5070
6333
7098
7321
6999
6172
4915
3333
1554
-282
-2038
-3586
-4818
-5655
-6052
-6000
-5525
-4686
-3567
-2269
-906
413
1590
2541
3210
3569
3618
3388
2932
2320
1634
958
368
-72
-323
-366
-210
110
542
1013
1445
1758
1882
1762
1369
698
-224
-1342
-2576
-3825
-4979
-5923
-6553
-6783
-6553
-5837
-4646
-3031
-1079
1090
3337
5505
7437
8987
10031
10478
10275
9417
7944
5942
3535
879
-1852
-4477
-6820
-8727
-10073
-10773
-10788
-10129
-8854
-7062
-4891
-2498
-55
2265
4310
5946
7078
7651
7655
7124
6132
4785
3215
1563
-27
-1425
-2522
-3239
-3534
-3406
-2889
-2056
-1005
147
1274
2255
2980
3363
3352
2927
2109
954
-448
-1985
-3528
-4941
-6097
-6883
-7215
-7039
-6342
-5151
-3530
-1579
575
2790
4913
6798
8311
9345
9824
9712
9010
7764
6052
3985
1696
-666
-2956
-5032
-6771
-8073
-8874
-9141
-8879
-8127
-6956
-5457
-3742
-1928
-133
1533
2979
4132
4946
5403
5508
5293
4809
4121
3303
2430
1574
795
141
-355
-684
-848
-869
-780
-621
-440
-281
-183
-177
-283
-505
-834
-1247
-1713
-2189
-2628
-2985
-3217
-3288
-3173
-2860
-2352
-1665
-831
107
1100
2091
3020
3833
4478
4915
5115
5064
4761
4221
3471
2552
1511
403
-713
-1783
-2753
-3577
-4220
-4654
-4867
-4856
-4631
-4213
-3630
-2918
-2117
-1268
-413
408
1166
1830
2381
2806
3100
3264
3307
3240
3081
2846
2554
2221
1863
1491
1113
735
357
-19
-399
-783
-1174
-1571
-1970
-2363
-2738
-3080
-3369
-3581
-3693
-3682
-3528
-3215
-2734
-2086
-1280
-339
705
1812
2930
4002
4966
5762
6334
6633
6623
6281
5602
4601
3312
1788
98
-1675
-3440
-5101
-6562
-7736
-8548
-8941
-8879
-8353
-7377
-5994
-4268
-2287
-154
2017
4109
6008
7607
8818
9573
0
0
0
0
0
0
0
0
0
0
0
0
0
0
0
0
0
0
0
0
0
0
0
0
0
0
0
0
0
0
0
0
0
0
0
0
0
0
0
0
0
0
0
0
0
0
0
0
0
0
0
0
0
0
0
0
0
0
0
0
0
0
0
0
0
0
0
