0
4278
8485
12550
16402
19973
23203
26035
28419
30314
31684
32507
32766
32456
31581
30156
28203
25758
22860
19561
15917
11991
7852
3573
-771
-5106
-9352
-13436
-17284
-20829
-24006
-26759
-29038
-30801
-32015
-32660
-32720
-32196
-31094
-29434
-27244
-24563
-21439
-17925
-14087
-9991
-5712
-1327
3083
7441
11667
15683
19415
22796
25762
28259
30239
31667
32514
32764
32412
31462
29931
27847
25247
22178
18696
14865
10755
6443
2009
-2465
-6896
-11201
-15299
-19113
-22570
-25606
-28162
-30190
-31650
-32514
-32764
-32394
-31411
-29832
-27686
-25012
-21861
-18292
-14372
-10175
-5781
-1274
3259
7733
12062
16161
19951
23359
26318
28771
30668
31973
32659
32711
32127
30919
29107
26727
23823
20452
16679
12577
8226
3711
-879
-5455
-9926
-14204
-18204
-21846
-25058
-27775
-29942
-31516
-32464
-32766
-32415
-31417
-29790
-27567
-24790
-21514
-17805
-13736
-9388
-4849
-209
4437
8997
13377
17489
21248
24578
27411
29687
31359
32393
32765
32468
31507
29899
27676
24884
21579
17828
13707
9301
4700
0
-4703
-9311
-13729
-17864
-21629
-24947
-27746
-29968
-31566
-32503
-32761
-32332
-31225
-29460
-27076
-24119
-20653
-16748
-12488
-7961
-3263
1506
6246
10856
15238
19298
22949
26112
28719
30713
32051
32702
32651
31900
30461
28366
25658
22395
18646
14492
10022
5332
524
-4298
-9029
-13567
-17811
-21669
-25055
-27896
-30127
-31699
-32577
-32739
-32182
-30916
-28967
-26379
-23206
-19519
-15397
-10932
-6222
-1372
3511
8320
12945
17284
21240
24723
27655
29968
31611
32545
32748
32214
30954
28995
26381
23169
19431
15252
10724
5950
1038
-3899
-8751
-13405
-17757
-21705
-25159
-28038
-30277
-31822
-32637
-32702
-32014
-30588
-28456
-25665
-22280
-18377
-14047
-9388
-4509
477
5455
10308
14924
19194
23018
26305
28979
30974
32243
32756
32498
31476
29711
27244
24133
20449
16280
11722
6884
1880
-3170
-8148
-12935
-17416
-21484
-25041
-28000
-30291
-31856
-32659
-32677
-31909
-30373
-28105
-25157
-21600
-17520
-13013
-8189
-3163
1941
7001
11893
16499
20705
24407
27516
29953
31659
32589
32721
32049
30590
28377
25463
21921
17836
13307
8448
3377
-1780
-6896
-11843
-16499
-20746
-24479
-27603
-30040
-31727
-32621
-32699
-31957
-30413
-28105
-25088
-21439
-17247
-12618
-7668
-2522
2689
7836
12787
17416
21605
25247
28248
30530
32035
32723
32574
31592
29801
27244
23987
20112
15718
10917
5832
595
-4660
-9798
-14685
-19194
-23208
-26622
-29345
-31307
-32455
-32757
-32206
-30813
-28614
-25665
-22043
-17841
-13169
-8148
-2911
2405
7661
12717
17440
21705
25397
28419
30689
32146
32750
32483
31352
29385
26633
23169
19084
14487
9500
4255
-1105
-6439
-11603
-16457
-20870
-24723
-27911
-30346
-31961
-32712
-32578
-31559
-29684
-27001
-23582
-19519
-14922
-9916
-4636
771
6162
11386
16301
20770
24671
27896
30354
31977
32719
32558
31498
29565
26813
23317
19172
14492
9407
4058
-1405
-6833
-12073
-16978
-21411
-25247
-28377
-30713
-32188
-32760
-32410
-31148
-29007
-26047
-22351
-18021
-13179
-7961
-2516
3003
8440
13640
18454
22745
26389
29282
31340
32503
32737
32033
30409
27913
24613
20604
16000
10932
5547
0
-5550
-10942
-16021
-20637
-24657
-27963
-30458
-32068
-32745
-32468
-31244
-29107
-26118
-22364
-17952
-13013
-7689
-2137
3479
8997
14252
19090
23367
26955
29748
31662
32640
32650
31691
29790
27003
23411
19119
14256
8965
3403
-2262
-7862
-13230
-18204
-22633
-26385
-29345
-31423
-32556
-32707
-31871
-30072
-27362
-23823
-19561
-14703
-9397
-3803
1908
7565
12994
18030
22517
26318
29316
31419
32559
32702
31841
30001
27238
23635
19302
14372
8996
3339
-2422
-8112
-13553
-18577
-23026
-26761
-29667
-31650
-32648
-32629
-31591
-29565
-26615
-22829
-18327
-13249
-7752
-2009
3799
9491
14886
19815
24120
27666
30338
32052
32751
32412
31044
28690
25423
21345
16586
11295
5642
-193
-6025
-11667
-16938
-21669
-25706
-28920
-31206
-32489
-32726
-31909
-30063
-27244
-23544
-19081
-13998
-8460
-2644
3259
9060
14569
19606
24006
27626
30346
32075
32756
32366
30916
28451
25051
20827
15917
10480
4696
-1244
-7147
-12817
-18065
-22719
-26622
-29644
-31684
-32674
-32578
-31398
-29173
-25975
-21909
-17110
-11737
-5969
0
5972
11747
17130
21941
26016
29217
31436
32596
32657
31615
29504
26395
22390
17625
12260
6476
470
-5554
-11392
-16845
-21726
-25867
-29127
-31393
-32585
-32662
-31619
-29491
-26349
-22301
-17483
-12062
-6222
-166
5898
11762
17222
22088
26191
29387
31566
32648
32597
31411
29131
25835
21636
16679
11138
5205
-912
-7001
-12847
-18244
-23003
-26955
-29960
-31912
-32739
-32412
-30940
-28374
-24803
-20353
-15179
-9465
-3413
2763
8843
14612
19863
24407
28083
30758
32334
32755
32003
30103
27124
23169
18381
12929
7010
836
-5370
-11386
-16993
-21989
-26191
-29446
-31636
-32680
-32538
-31214
-28754
-25247
-20819
-15630
-9868
-3744
2518
8692
14551
19879
24480
28184
30855
32393
32739
31880
29845
26709
22585
17625
12011
5950
-333
-6607
-12639
-18204
-23094
-27128
-30152
-32055
-32763
-32248
-30528
-27666
-23767
-18976
-13473
-7461
-1167
5173
11322
17047
22132
26385
29644
31785
32724
32427
30901
28203
24435
19738
14288
8294
1981
-4409
-10635
-16457
-21654
-26025
-29402
-31656
-32697
-32485
-31027
-28377
-24634
-19943
-14481
-8460
-2109
4324
10594
16457
21686
26077
29459
31699
32710
32451
30929
28203
24378
19601
14056
7961
1552
-4919
-11201
-17047
-22227
-26537
-29806
-31906
-32751
-32307
-30590
-27666
-23648
-18696
-13002
-6791
-309
6187
12441
18204
23246
27366
30398
32222
32762
31995
29951
26709
22398
17189
11289
4935
-1619
-8112
-14281
-19879
-24678
-28486
-31147
-32552
-32643
-31416
-28917
-25247
-20553
-15023
-8882
-2378
4225
10659
16662
21989
26421
29777
31918
32756
32254
30432
27362
23169
18024
12137
5748
-879
-7473
-13762
-19485
-24407
-28323
-31070
-32533
-32650
-31414
-28875
-25136
-20353
-14721
-8475
-1874
4807
11292
17307
22602
26955
30182
32146
32765
32010
29911
26556
22083
16679
10571
4016
-2711
-9326
-15551
-21121
-25799
-29387
-31732
-32732
-32344
-30582
-27520
-23286
-18060
-12062
-5547
1206
7911
14280
20041
24947
28786
31393
32653
32513
30975
28105
24024
18906
12972
6476
-301
-7069
-13534
-19415
-24458
-28443
-31196
-32596
-32580
-31148
-28360
-24336
-19250
-13322
-6811
0
6813
13332
19269
24364
28393
31178
32594
32578
31129
28309
24241
19103
13120
6555
-301
-7147
-13680
-19609
-24671
-28641
-31340
-32648
-32505
-30916
-27948
-23735
-18460
-12360
-5706
1206
8067
14569
20421
25359
29162
31656
32728
32328
30473
27244
22786
17298
11027
4255
-2711
-9557
-15974
-21669
-26383
-29901
-32062
-32766
-31979
-29736
-26137
-21345
-15577
-9095
-2195
4807
11593
17850
23291
27666
30771
32464
32665
31362
28614
24546
19345
13249
6538
-477
-7473
-14125
-20126
-25196
-29098
-31650
-32732
-32292
-30349
-26991
-22374
-16712
-10266
-3339
3746
10659
17076
22694
27251
30530
32377
32702
31489
28793
24740
19519
13375
6597
-494
-7565
-14281
-20323
-25404
-29282
-31772
-32753
-32178
-30072
-26533
-21729
-15887
-9285
-2238
4919
11843
18204
23695
28052
31066
32589
32548
30942
27847
23411
17845
11416
4435
-2763
-9830
-16425
-22227
-26955
-30378
-32330
-32713
-31507
-28769
-24631
-19293
-13013
-6096
1120
8285
15047
21076
26077
29802
32068
32763
31850
29372
25451
20276
14101
7230
0
-7232
-14111
-20295
-25478
-29402
-31872
-32764
-32033
-29711
-25913
-20827
-14703
-7845
-595
6688
13640
19914
25196
29220
31785
32759
32093
29819
26047
20967
14832
7950
664
-6656
-13645
-19948
-25247
-29273
-31822
-32763
-32046
-29706
-25861
-20703
-14492
-7543
-209
7138
14125
20396
25629
29557
31977
32766
31880
29363
25342
20022
13674
6622
-771
-8129
-15071
-21240
-26318
-30042
-32219
-32734
-31559
-28754
-24461
-18901
-12360
-5177
2276
9615
16457
22447
27271
30678
32489
32608
31026
27825
23169
17302
10527
3199
-4298
-11573
-18244
-23960
-28419
-31387
-32705
-32302
-30198
-26501
-21406
-15179
-8148
-684
6817
13962
20369
25700
29668
32064
32757
31710
28975
24698
19103
12488
5205
-2358
-9798
-16717
-22745
-27557
-30894
-32577
-32513
-30703
-27244
-22319
-16192
-9191
-1693
5898
13175
19743
25247
29388
31941
32765
31816
29141
24884
19276
12618
5272
-2362
-9871
-16845
-22903
-27714
-31014
-32621
-32445
-30495
-26875
-21781
-15492
-8351
-749
6896
14165
20658
26016
29942
32220
32721
31417
28377
23767
17841
10926
3403
-4310
-11787
-18613
-24407
-28847
-31684
-32759
-32010
-29476
-25298
-19707
-13013
-5590
2148
9769
16845
22980
27828
31116
32659
32366
30254
26438
21133
14635
7310
-430
-8148
-15409
-21801
-26962
-30598
-32502
-32563
-30778
-27244
-22162
-15818
-8572
-836
6950
14343
20920
26305
30190
32350
32661
31103
27762
22829
16586
9388
1649
-6187
-13670
-20369
-25898
-29936
-32249
-32702
-31267
-28024
-23161
-16955
-9766
-2009
5867
13405
20168
25762
29860
32222
32709
31291
28049
23169
16936
9711
1916
-5992
-13553
-20323
-25904
-29968
-32275
-32687
-31179
-27837
-22855
-16527
-9222
-1372
6562
14111
20829
26318
30252
32397
32623
30916
27374
22206
15718
8294
373
-7571
-15067
-21669
-26980
-30683
-32556
-32483
-30469
-26631
-21197
-14492
-6916
1077
9009
16402
22811
27851
31216
32702
32218
29790
25564
19793
12824
5078
-2978
-10856
-18080
-24210
-28873
-31785
-32766
-31757
-28816
-24119
-17952
-10689
-2772
5316
13083
20053
25799
29968
32304
32662
31017
27469
22233
15630
8064
0
-8067
-15639
-22251
-27492
-31038
-32669
-32282
-29899
-25665
-19840
-12785
-4935
3223
11185
18454
24578
29176
31960
32754
31507
28295
23317
16881
9388
1306
-6859
-14599
-21426
-26913
-30713
-32587
-32415
-30206
-26096
-20343
-13307
-5431
2789
10837
18204
24423
29100
31937
32755
31498
28244
23199
16679
9099
938
-7285
-15047
-21854
-27271
-30951
-32659
-32282
-29844
-25497
-19519
-12290
-4271
4023
12062
19330
25359
29762
32252
32670
30984
27303
21861
15008
7184
-1105
-9326
-16947
-23474
-28484
-31650
-32766
-31757
-28687
-23753
-17274
-9670
-1435
6896
14781
21705
27215
30951
32666
32248
29720
25247
19119
11737
3583
-4807
-12886
-20121
-26035
-30239
-32455
-32534
-30469
-26395
-20578
-13400
-5336
3083
11302
18775
25007
29584
32200
32681
30992
27244
21684
14679
6695
-1736
-10055
-17706
-24178
-29038
-31959
-32744
-31340
-27837
-22468
-15592
-7668
771
9163
16942
23583
28641
31772
32764
31548
28203
22955
16155
8261
-193
-8637
-16499
-23246
-28419
-31667
-32766
-31641
-28366
-23161
-16378
-8479
0
8482
16388
23178
28387
31659
32766
31633
28334
23092
16267
8323
-193
-8699
-16610
-23382
-28547
-31748
-32764
-31521
-28105
-22748
-15818
-7793
771
9287
17161
23850
28887
31923
32744
31292
27666
22114
15023
6884
-1736
-10238
-18030
-24565
-29387
-32158
-32681
-30919
-26991
-21173
-13868
-5590
3083
11543
19194
25499
30012
32414
32534
30361
26047
19895
12336
3903
-4807
-13181
-20625
-26610
-30711
-32637
-32248
-29569
-24790
-18247
-10405
-1820
6896
15124
22277
27843
31423
32760
31757
28483
23169
16196
8060
-655
-9326
-17331
-24094
-29127
-32068
-32703
-30984
-27033
-21133
-13707
-5289
3511
12062
19743
25999
30374
32552
32371
29844
25150
18630
10754
2094
-6719
-15047
-22282
-27896
-31478
-32765
-31661
-28244
-22763
-15616
-7324
1506
10228
18204
24847
29668
32313
32585
30461
26096
19809
12062
3423
-5469
-13962
-21426
-27310
-31178
-32740
-31881
-28661
-23317
-16242
-7961
912
9721
17811
24578
29519
32265
32608
30520
26157
19840
12041
3339
-5613
-14150
-21629
-27492
-31296
-32755
-31758
-28377
-22863
-15630
-7219
1736
10564
18599
25234
29968
32443
32468
30041
25342
18725
10689
1842
-7147
-15598
-22868
-28404
-31785
-32751
-31227
-27327
-21345
-13736
-5078
3969
12717
20496
26712
30887
32702
32014
28875
23522
16364
7950
-1077
-10024
-18204
-24986
-29848
-32414
-32483
-30050
-25298
-18593
-10451
-1499
7571
16058
23305
28750
31969
32711
30916
26720
20449
12587
3744
-5391
-14111
-21734
-27666
-31442
-32766
-31533
-27837
-21964
-14372
-5653
3510
12401
20323
26654
30894
32710
31957
28692
23169
15822
7226
-1941
-10958
-19113
-25762
-30378
-32596
-32237
-29328
-24096
-16955
-8469
691
9799
18132
25028
29936
32465
32412
29778
24772
17791
9388
234
-8940
-17404
-24479
-29598
-32350
-32513
-30072
-25219
-18342
-9991
-836
8388
16942
24135
29387
32275
32563
30226
25451
18620
10283
1113
-8148
-16754
-24006
-29316
-32252
-32574
-30254
-25477
-18630
-10266
-1066
8222
16845
24098
29390
32286
32549
30156
25298
18372
9941
695
-8610
-17213
-24407
-29603
-32371
-32482
-29925
-24908
-17841
-9305
0
9307
17850
24924
29942
32491
32356
29546
24293
17028
8351
-1019
-10308
-18745
-25629
-30386
-32621
-32145
-28995
-23432
-15917
-7073
2362
11603
19879
26497
30903
32728
31816
28241
22301
14491
5464
-4023
-13175
-21224
-27492
-31451
-32766
-31324
-27244
-20868
-12732
-3519
5992
15001
22745
28568
31977
32682
30619
25962
19103
10622
1238
-8253
-17047
-24394
-29668
-32420
-32412
-29643
-24347
-16973
-8148
1373
10781
19269
26112
30723
32705
31886
28334
22351
14449
5304
-4298
-13534
-21608
-27826
-31650
-32749
-31026
-26627
-19930
-11510
-2094
7504
16457
23989
29446
32355
32460
29752
24461
17046
8148
-1459
-10942
-19477
-26318
-30870
-32732
-31742
-27983
-21780
-13674
-4371
5316
14541
22496
28484
31977
32669
30495
25645
18541
9807
209
-9410
-18204
-25397
-30356
-32640
-32046
-28625
-22675
-14721
-5464
4278
13645
21806
28038
31787
32719
30748
26047
19032
10324
695
-8997
-17892
-25196
-30256
-32621
-32077
-28669
-22701
-14703
-5389
4409
13816
21989
28193
31872
32694
30582
25725
18555
9715
0
-9718
-18563
-25739
-30598
-32699
-31850
-28126
-21861
-13619
-4144
5708
15047
23026
28920
32194
32549
29951
24631
17073
7961
-1876
-11547
-20168
-26955
-31287
-32766
-31257
-26894
-20073
-11416
-1713
8148
17267
24807
30076
32589
32113
28690
22632
14492
5018
-4919
-14407
-22570
-28657
-32104
-32591
-30072
-24775
-17189
-8012
1907
11653
20323
27113
31393
32763
31094
26539
19519
10683
852
-9060
-18132
-25519
-30530
-32697
-31816
-27965
-21503
-13031
-3339
6667
16052
23938
29584
32459
32292
29097
23169
15065
5543
-4501
-14125
-22423
-28612
-32108
-32578
-29977
-24546
-16798
-7461
2582
12385
21019
27666
31694
32721
30647
25665
18247
9095
-923
-10856
-19760
-26786
-31264
-32766
-31146
-26556
-19431
-10451
-470
9557
18675
26008
30855
32749
31507
27244
20368
11537
1595
-8501
-17784
-25359
-30497
-32702
-31758
-27754
-21074
-12360
-2451
7696
17103
24860
30215
32648
31922
28105
21563
12929
3039
-7147
-16643
-24525
-30025
-32607
-32016
-28309
-21844
-13249
-3359
6859
16412
24364
29939
32588
32050
28377
21924
13322
3413
-6833
-16412
-24382
-29960
-32596
-32028
-28309
-21804
-13150
-3199
7069
16643
24578
30089
32630
31946
28105
21482
12732
2719
-7565
-17103
-24947
-30318
-32680
-31797
-27754
-20951
-12062
-1970
8320
17784
25478
30633
32732
31565
27244
20200
11134
952
-9326
-18675
-26154
-31014
-32765
-31228
-26556
-19215
-9941
333
10578
19760
26955
31436
32749
30759
25665
17979
8475
-1887
-12062
-21019
-27851
-31864
-32650
-30126
-24546
-16475
-6728
3703
13762
22423
28806
32258
32427
29291
23169
14683
4696
-5772
-15653
-23938
-29777
-32571
-32033
-28214
-21503
-12587
-2378
8077
17706
25519
30711
32748
31416
26850
19519
10175
-219
-10594
-19879
-27113
-31549
-32726
-30520
-25157
-17189
-7439
3083
13289
22119
28657
32222
32441
29289
23092
14492
4381
-6187
-16114
-24364
-30076
-32652
-31820
-27666
-20619
-11416
-1017
9491
19008
26537
31287
32757
30792
25595
17709
7961
-2625
-12939
-21894
-28547
-32194
-32451
-29286
-23032
-14346
-4144
6498
16457
24678
30291
32699
31644
27238
19943
10531
0
-10533
-19951
-27251
-31656
-32694
-30254
-24592
-16309
-6286
4409
14637
23305
29487
32519
32077
28203
21312
12137
1660
-8997
-18692
-26385
-31248
-32757
-30748
-25434
-17383
-7461
3266
13645
22556
29038
32390
32248
28625
21909
12824
2351
-8378
-18204
-26061
-31098
-32765
-30880
-25645
-17625
-7689
3083
13524
22496
29023
32393
32235
28565
21780
12618
2077
-8692
-18516
-26318
-31245
-32755
-30681
-25247
-17046
-6975
3863
14280
23132
29446
32527
32033
28015
20915
11510
836
-9932
-19609
-27125
-31650
-32682
-30103
-24198
-15616
-5304
5596
15880
24407
30232
32705
31550
26894
19250
9465
-1373
-12062
-21411
-28379
-32188
-32412
-29022
-22395
-13267
-2656
8253
18244
26197
31222
32754
30619
25054
16679
6433
-4537
-15001
-23783
-29895
-32648
-31731
-27244
-19690
-9916
976
11762
21224
28293
32170
32415
28997
22301
13080
2378
-8595
-18599
-26497
-31393
-32729
-30352
-24528
-15917
-5494
5554
15974
24578
30386
32734
31352
26395
18425
8351
-2679
-13405
-22602
-29217
-32491
-32046
-27932
-20616
-10936
0
10939
20625
27944
32055
32482
29173
22507
13249
2462
-8610
-18692
-26622
-31481
-32707
-30156
-24119
-15293
-4696
6446
16845
25296
30817
32766
30916
25477
17079
6695
-4468
-15115
-24006
-30106
-32702
-31489
-26606
-18620
-8460
2689
13528
22788
29387
32552
31909
27532
19930
9991
-1120
-12103
-21669
-28693
-32350
-32208
-28280
-21025
-11295
-234
10856
20671
28052
32127
32412
28871
21921
12379
1372
-9799
-19815
-27487
-31906
-32545
-29328
-22632
-13249
-2291
8940
19113
27016
31708
32629
29666
23169
13911
2992
-8285
-18577
-26654
-31549
-32677
-29899
-23544
-14372
-3477
7836
18214
26411
31442
32702
30037
23764
14635
3744
-7598
-18030
-26293
-31393
-32711
-30086
-23833
-14703
-3796
7571
18026
26305
31405
32707
30050
23753
14577
3632
-7754
-18204
-26446
-31479
-32688
-29925
-23522
-14256
-3253
8148
18560
26712
31608
32650
29706
23135
13736
2656
-8751
-19090
-27095
-31785
-32581
-29385
-22585
-13013
-1842
9557
19786
27585
31994
32468
28947
21861
12081
809
-10564
-20637
-28166
-32219
-32293
-28377
-20951
-10932
440
11762
21629
28819
32437
32033
27653
19840
9561
-1907
-13142
-22745
-29519
-32621
-31661
-26755
-18514
-7961
3586
14689
23960
30239
32740
31148
25658
16955
6128
-5469
-16384
-25247
-30944
-32759
-30461
-24336
-15151
-4058
7546
18204
26572
31595
32638
29565
22763
13087
1756
-9798
-20118
-27896
-32148
-32332
-28424
-20915
-10754
771
12203
22088
29171
32552
31797
27001
18769
8148
-3511
-14727
-24069
-30346
-32754
-30984
-25260
-16309
-5272
6439
17331
26008
31359
32696
29845
23169
13521
2137
-9523
-19964
-27843
-32146
-32318
-28334
-20703
-10405
1234
12717
22564
29503
32637
31559
26407
17841
6968
-4807
-15965
-25058
-30909
-32757
-30361
-24028
-14577
-3233
8533
19194
27364
31977
32433
28669
21173
10917
-762
-12345
-22321
-29387
-32619
-31592
-26438
-17828
-6884
4961
16161
25247
31028
32744
30168
23635
13998
2522
-9287
-19879
-27860
-32179
-32265
-28105
-20242
-9711
2101
13640
23382
30040
32733
31103
25362
16267
5018
-6896
-17901
-26537
-31659
-32585
-29190
-21921
-11741
0
11743
21929
29201
32589
31641
26480
17791
6728
-5233
-16499
-25566
-31222
-32709
-29826
-22955
-13013
-1327
10537
20994
28641
32450
31909
27088
18630
7668
-4324
-15739
-25041
-30976
-32744
-30105
-23411
-13561
-1880
10055
20637
28436
32397
31982
27244
18822
7852
-4182
-15653
-25007
-30974
-32743
-30072
-23319
-13400
-1660
10308
20879
28612
32455
31881
26966
18377
7282
-4807
-16245
-25468
-31216
-32702
-29720
-22675
-12528
-664
11292
21705
29147
32596
31576
26225
17274
5950
-6193
-17489
-26383
-31650
-32564
-28995
-21433
-10917
1105
12978
23064
29968
32737
30984
24950
15465
3839
-8320
-19330
-27666
-32170
-32217
-27796
-19519
-8531
3643
15314
24860
30951
32739
29972
23032
12884
938
-11141
-21669
-29176
-32613
-31498
-25982
-16835
-5332
6918
18204
26944
31912
32410
28366
20343
9465
-2743
-14569
-24351
-30713
-32759
-30198
-23387
-13283
-1306
10856
21492
29100
32604
31507
25962
16748
5166
-7147
-18454
-27152
-32008
-32332
-28076
-19840
-8789
3510
15314
24947
31038
32720
29752
22551
12140
0
-12143
-22559
-29762
-32723
-31017
-24884
-15198
-3339
8998
20053
28242
32393
31908
26854
17952
6476
-5930
-17489
-26541
-31785
-32465
-28481
-20402
-9388
2978
14918
24714
30951
32730
29790
22554
12062
-172
-12385
-22811
-29942
-32746
-30813
-24421
-14492
-2462
9926
20879
28806
32556
31581
26021
16679
4912
-7571
-18956
-27585
-32200
-32127
-27374
-18630
-7167
5342
17076
26318
31719
32485
28504
20353
9222
-3259
-15267
-25041
-31147
-32687
-29434
-21861
-11077
1334
13553
23783
30517
32764
30189
23169
12736
423
-11953
-22570
-29860
-32743
-30792
-24293
-14202
-2009
10483
21426
29201
32652
31267
25247
15482
3419
-9153
-20369
-28563
-32514
-31633
-26047
-16586
-4654
7973
19415
27967
32350
31910
26709
17520
5712
-6950
-18577
-27428
-32179
-32116
-27244
-18292
-6597
6088
17864
26962
32015
32263
27666
18910
7310
-5391
-17284
-26579
-31872
-32366
-27983
-19380
-7852
4862
16845
26287
31760
32433
28203
19707
8226
-4501
-16550
-26094
-31684
-32472
-28334
-19895
-8434
4310
16402
26003
31651
32486
28377
19946
8475
-4288
-16402
-26016
-31662
-32478
-28334
-19861
-8351
4437
16550
26133
31717
32445
28203
19638
8060
-4756
-16845
-26351
-31812
-32386
-27983
-19276
-7602
5243
17284
26666
31941
32293
27666
18769
6975
-5898
-17864
-27071
-32095
-32157
-27244
-18113
-6176
6719
18577
27557
32265
31968
26709
17302
5205
-7702
-19415
-28111
-32434
-31710
-26047
-16326
-4058
8843
20369
28719
32588
31368
25247
15179
2736
-10137
-21426
-29364
-32705
-30922
-24293
-13853
-1238
11573
22570
30025
32764
30353
23169
12339
-434
-13142
-23783
-30678
-32739
-29638
-21861
-10632
2276
14829
25041
31296
32604
28754
20353
8727
-4282
-16616
-26318
-31849
-32328
-27676
-18630
-6622
6439
18480
27585
32302
31880
26381
16679
4318
-8734
-20396
-28806
-32620
-31227
-24845
-14492
-1820
11144
22329
29942
32763
30335
23047
12062
-859
-13645
-24243
-30951
-32688
-29173
-20967
-9388
3703
16202
26094
31785
32354
27709
18593
6476
-6688
-18775
-27832
-32393
-31718
-25913
-15915
-3339
9779
21317
29402
32723
30737
23764
12933
0
-12935
-23772
-30745
-32720
-29372
-21243
-9654
3510
16105
26077
31798
32332
27590
18342
6096
-7147
-19226
-28162
-32493
-31507
-25362
-15061
-2291
10856
22227
29953
32765
30198
22670
11416
-1716
-14569
-25028
-31370
-32548
-28366
-19509
-7435
5867
18204
27539
32330
31782
25982
15887
3163
-10086
-21669
-29667
-32753
-30413
-23032
-11831
1334
14281
24860
31312
32563
28403
19519
7387
-5976
-18347
-27666
-32377
-31693
-25725
-15465
-2622
10659
22164
29968
32766
30086
22374
10917
-2369
-15261
-25599
-31650
-32396
-27709
-18372
-5950
7473
19643
28516
32596
31195
24546
13765
664
-12550
-23653
-30771
-32702
-29116
-20616
-8634
4807
17440
27128
32230
31881
26137
15968
3092
-10308
-21966
-29901
-32766
-30072
-22272
-10689
2711
15653
25937
31812
32275
27244
17574
4908
-8595
-20637
-29162
-32712
-30681
-23411
-12140
1206
14349
25041
31451
32480
27948
18630
6117
-7445
-19735
-28641
-32634
-31026
-24089
-13013
301
13567
24501
31222
32570
28309
19172
6728
-6876
-19298
-28393
-32589
-31159
-24347
-13326
0
13328
24354
31166
32585
28360
19220
6748
-6896
-19347
-28443
-32604
-31103
-24198
-13087
301
13640
24608
31294
32533
28105
18778
6176
-7504
-19879
-28786
-32669
-30847
-23635
-12290
1206
14493
25247
31583
32389
27520
17828
5008
-8692
-20870
-29387
-32745
-30352
-22624
-10917
2711
15865
26229
31977
32094
26556
16335
3233
-10442
-22277
-30182
-32757
-29546
-21112
-8944
4807
17712
27483
32390
31559
25136
14256
845
-12717
-24026
-31070
-32598
-28334
-19032
-6345
7473
19964
28903
32697
30666
23169
11540
-2148
-15456
-26008
-31918
-32127
-26596
-16309
-3103
10659
22517
30346
32741
29270
20553
8148
-5719
-18563
-28078
-32552
-31179
-24202
-12874
771
14281
25223
31625
32332
27214
17189
4062
-9798
-21894
-30040
-32762
-29565
-21025
-8682
5233
18204
27882
32514
31257
24336
13002
-691
-14262
-25247
-31650
-32307
-27094
-16955
-3732
10171
22227
30239
32747
29289
20494
7961
-6025
-18915
-28356
-32621
-30929
-23586
-11931
1907
15400
26077
31982
32033
26215
15592
2109
-11762
-23479
-30889
-32629
-28377
-18910
-5966
8077
20637
29402
32756
30080
21861
9613
-4409
-17621
-27585
-32459
-31342
-24435
-13013
816
14497
25499
31785
32188
26631
16140
2656
-11322
-23203
-30782
-32650
-28456
-18976
-5969
8148
20755
29503
32763
29925
21514
9095
-5021
-18204
-27995
-32564
-31058
-23753
-12011
1977
15598
26305
32095
31880
25698
14703
952
-12978
-24480
-31393
-32418
-27360
-17165
-3744
10381
22559
30497
32702
28754
19394
6380
-7836
-20580
-29446
-32762
-29899
-21393
-8847
5370
18577
28275
32630
30814
23169
11138
-3003
-16579
-27016
-32334
-31523
-24733
-13249
751
14612
25700
31906
32048
26096
15179
1372
-12698
-24354
-31371
-32412
-27273
-16932
-3359
10856
23003
30758
32638
28280
18514
5205
-9101
-21669
-30089
-32747
-29131
-19930
-6905
7445
20371
29387
32762
29844
21189
8460
-5898
-19125
-28673
-32702
-30433
-22301
-9868
4468
17946
27963
32585
30916
23274
11134
-3159
-16845
-27275
-32428
-31305
-24119
-12260
1977
15833
26622
32247
31615
24845
13249
-923
-14918
-26016
-32055
-31858
-25461
-14105
0
14107
25468
31864
32046
25975
14832
792
-13405
-24986
-31684
-32188
-26395
-15435
-1452
12817
24578
31525
32292
26727
15917
1981
-12345
-24250
-31393
-32366
-26976
-16280
-2378
11993
24006
31293
32415
27148
16527
2644
-11762
-23850
-31230
-32442
-27244
-16660
-2779
11653
23783
31206
32451
27267
16679
2783
-11667
-23806
-31222
-32441
-27217
-16586
-2656
11803
23919
31277
32412
27094
16378
2398
-12062
-24120
-31370
-32361
-26894
-16056
-2009
12441
24407
31496
32285
26615
15616
1488
-12939
-24777
-31650
-32178
-26251
-15055
-836
13553
25223
31826
32033
25797
14372
52
-14280
-25739
-32015
-31841
-25247
-13561
863
15115
26318
32208
31592
24592
12618
-1908
-16052
-26950
-32393
-31276
-23823
-11540
3083
17085
27622
32556
30880
22932
10324
-4384
-18204
-28323
-32682
-30389
-21909
-8965
5807
19399
29038
32755
29790
20744
7461
-7347
-20658
-29748
-32757
-29067
-19428
-5811
8997
21966
30436
32669
28203
17952
4016
-10746
-23305
-31079
-32468
-27184
-16309
-2077
12583
24657
31656
32135
25992
14491
0
-14493
-25999
-32139
-31644
-24613
-12494
2208
16457
27304
32503
30975
23032
10317
-4537
-18454
-28547
-32719
-30103
-21238
-7961
6971
20458
29694
32757
29007
19220
5431
-9491
-22439
-30713
-32587
-27666
-16973
-2736
12073
24364
31568
32177
26060
14492
-108
-14689
-26197
-32222
-31498
-24174
-11781
3083
17304
27896
32634
30520
21996
8847
-6162
-19879
-29416
-32766
-29219
-19519
-5706
9311
22368
30711
32578
27570
16743
2378
-12491
-24723
-31732
-32033
-25558
-13674
1105
15653
26888
32428
31095
23169
10328
-4707
-18745
-28806
-32750
-29736
-20402
-6728
8378
21705
30414
32650
27932
17262
2911
-12062
-24465
-31651
-32083
-25665
-13765
1077
15692
26955
32455
31012
22932
9941
-5180
-19194
-29098
-32765
-29406
-19738
-5832
9326
22486
30817
32526
27244
16102
1495
-13436
-25478
-32035
-31693
-24521
-12062
2999
17416
28078
32680
30226
21243
7668
-7565
-21167
-30192
-32685
-28105
-17438
-2992
12103
24578
31727
31995
25321
13150
-1876
-16499
-27539
-32596
-30567
-21889
-8448
6833
20630
29936
32722
28377
17845
3419
-11753
-24364
-31659
-32040
-25423
-13249
1823
16499
27568
32607
30508
21729
8189
-7147
-20920
-30108
-32693
-28105
-17347
-2779
12401
24860
31856
31850
24838
12360
-2839
-17416
-28160
-32702
-30037
-20749
-6884
8501
22013
30668
32552
27244
15915
1066
-14020
-26008
-32243
-31342
-23500
-10451
4915
19194
29220
32766
29042
18871
4509
-10856
-23813
-31479
-32147
-25665
-13473
1720
16533
27666
32637
30335
21271
7461
-8015
-21705
-30552
-32578
-27327
-15968
-1038
14125
26133
32294
31228
23169
9920
-5554
-19786
-29584
-32748
-28565
-17970
-3339
12043
24723
31849
31816
24627
11897
-3511
-18132
-28673
-32755
-29458
-19519
-5177
10334
23516
31393
32182
25702
13414
-1907
-16800
-27896
-32682
-30072
-20653
-6555
9029
22570
30997
32395
26445
14492
-751
-15827
-27310
-32589
-30461
-21406
-7481
8148
21926
30713
32507
26894
15151
-48
-15238
-26955
-32522
-30664
-21804
-7961
7702
21608
30575
32549
27076
15403
202
-15047
-26852
-32503
-30703
-21861
-8002
7696
21629
30598
32538
27001
15255
0
-15257
-27007
-32541
-30582
-21579
-7602
8129
21989
30779
32468
26664
14703
-655
-15865
-27411
-32621
-30288
-20948
-6758
8997
22672
31098
32318
26047
13736
-1763
-16855
-28038
-32713
-29790
-19946
-5464
10289
23653
31516
32046
25116
12336
-3319
-18204
-28847
-32766
-29042
-18541
-3711
11987
24889
31977
31593
23823
10480
-5316
-19871
-29777
-32711
-27983
-16697
-1495
14059
26318
32404
30885
22114
8148
-7733
-21801
-30745
-32460
-26539
-14372
1180
16457
27860
32699
29832
19930
5325
-10537
-23916
-31650
-31910
-24631
-11530
4298
19113
29409
32747
28334
17210
2009
-13670
-26112
-32365
-30942
-22178
-8148
7817
21929
30833
32412
26285
13907
-1780
-17047
-28259
-32743
-29429
-19103
-4222
11667
24777
31977
31548
23586
9991
-5992
-20546
-30192
-32619
-27244
-15350
219
15739
27492
32660
30001
20149
5464
-10533
-24006
-31719
-31816
-24270
-10892
5106
19879
29873
32681
27625
15917
373
-15261
-27221
-32621
-30156
-20416
-5748
10308
23879
31684
31836
24293
10875
-5173
-19973
-29942
-32665
-27477
-15633
0
15636
27483
32666
29925
19920
5078
-10999
-24407
-31886
-31615
-23656
-9941
6193
20824
30386
32549
26782
14487
-1341
-16845
-28242
-32749
-29262
-18630
-3445
12583
25539
32252
31078
22301
8064
-8148
-22368
-31111
-32231
-25451
-12429
3643
18824
29387
32737
28047
16465
836
-15001
-27152
-32625
-30072
-20115
-5205
10989
24479
31937
31523
23335
9388
-6876
-21447
-30723
-32412
-26092
-13322
2743
18132
29038
32759
28371
16955
1338
-14612
-26944
-32596
-30164
-20247
-5304
10958
24501
31960
31477
23169
9099
-7236
-21774
-30894
-32323
-25702
-12676
3510
18824
29446
32724
27837
16000
166
-15711
-27666
-32707
-29572
-19041
-3744
12491
25602
32304
30916
21780
7184
-9215
-23305
-31551
-31880
-24205
-10451
5930
20824
30486
32483
26311
13518
-2679
-18204
-29147
-32749
-28098
-16364
-502
15488
27574
32702
29574
18976
3583
-12717
-25806
-32371
-30748
-21345
-6538
9926
23879
31785
31636
23467
9346
-7147
-21830
-30974
-32254
-25342
-11991
4409
19692
29968
32623
26976
14462
-1736
-17495
-28798
-32764
-28377
-16752
-852
15267
27492
32699
29554
18857
3339
-13034
-26077
-32450
-30520
-20777
-5712
10817
24578
32042
31291
22515
7961
-8637
-23021
-31496
-31881
-24075
-10079
6509
21426
30833
32307
25463
12062
-4448
-19815
-30076
-32585
-26689
-13907
2465
18204
29244
32732
27762
15616
-569
-16610
-28356
-32765
-28692
-17189
-1231
15047
27428
32699
29490
18630
2932
-13528
-26478
-32552
-30168
-19943
-4530
12062
25519
32337
30737
21133
6022
-10659
-24565
-32068
-31208
-22206
-7407
9326
23628
31760
31593
23169
8686
-8070
-22719
-31423
-31903
-24028
-9858
6896
21846
31070
32147
24790
10926
-5807
-21019
-30711
-32336
-25461
-11891
4807
20244
30356
32478
26047
12755
-3899
-19528
-30012
-32581
-26556
-13521
3083
18877
29687
32654
26991
14192
-2362
-18294
-29387
-32703
-27360
-14769
1736
17784
29119
32734
27666
15255
-1206
-17349
-28887
-32752
-27913
-15652
771
16993
28695
32761
28105
15962
-434
-16717
-28547
-32765
-28244
-16186
193
16523
28443
32766
28334
16326
-48
-16412
-28387
-32766
-28374
-16382
0
0
0
0
0
0
0
0
0
0
0
0
0
0
0
0
0
0
0
0
0
0
0
0
0
0
0
0
0
0
0
0
0
0
0
0
0
0
0
0
0
0
0
0
0
0
0
0
0
0
0
0
0
0
0
0
0
0
0
0
0
0
0
0
0
0
0
0
0
0
0
0
0
0
0
0
0
0
0
0
0
0
0
0
0
0
0
0
0
0
0
0
0
0
0
0
0
0
0
0
0
0
0
0
0
0
0
0
0
0
0
0
0
0
0
0
0
0
0
0
0
0
0
0
0
0
0
0
0
0
0
0
0
0
0
0
0
0
0
0
0
0
0
0
0
0
0
0
0
0
0
0
0
0
0
0
0
0
0
0
0
0
0
0
0
0
0
0
0
0
0
0
0
0
0
0
0
0
0
0
0
0
0
0
0
0
0
0
0
0
0
0
0
0
0
0
0
0
0
0
0
0
0
0
0
0
0
0
0
0
0
0
0
0
0
0
0
0
0
0
0
0
0
0
0
0
0
0
0
0
0
0
0
0
0
0
0
0
0
0
0
0
0
0
0
0
0
0
0
0
0
0
0
0
0
0
0
0
0
0
0
0
0
0
0
0
0
0
0
0
0
0
0
0
0
0
0
0
0
0
0
0
0
0
0
0
0
0
0
0
0
0
0
0
0
0
0
0
0
0
0
0
0
0
0
0
0
0
0
0
0
0
0
0
0
0
0
0
0
0
0
0
0
0
0
0
0
0
0
0
0
0
0
0
0
0
0
0
0
0
0
0
0
0
0
0
0
0
0
0
0
0
0
0
0
0
0
0
0
0
0
0
0
0
0
0
0
0
0
0
0
0
0
0
0
0
0
0
0
0
0
0
0
0
0
0
0
0
0
0
0
0
0
0
0
0
0
0
0
0
0
0
0
0
0
0
0
0
0
0
0
0
0
0
0
0
0
0
0
0
0
0
0
0
0
0
0
0
0
0
0
0
0
0
0
0
0
0
0
0
0
0
0
0
0
0
0
0
0
0
0
0
0
0
0
0
0
0
0
0
0
0
0
0
0
0
0
0
0
0
0
0
0
0
0
0
0
0
0
0
0
0
0
0
0
0
0
0
0
0
0
0
0
0
0
0
0
0
0
0
0
0
0
0
0
0
0
0
0
0
0
0
0
0
0
0
0
0
0
0
0
0
0
0
0
0
0
0
0
0
0
0
0
0
0
0
0
0
0
0
0
0
0
0
0
0
0
0
0
0
0
0
0
0
0
0
0
0
0
0
0
0
0
0
0
0
0
0
0
0
0
0
0
0
0
0
0
0
0
0
0
0
0
0
0
0
0
0
0
0
0
0
0
0
0
0
0
0
0
0
0
0
0
0
0
0
0
0
0
0
0
0
0
0
0
0
0
0
0
0
0
0
0
0
0
0
0
0
0
0
0
0
0
0
0
0
0
0
0
0
0
0
0
0
0
0
0
0
0
0
0
0
0
0
0
0
0
0
0
0
0
0
0
0
0
0
0
0
0
0
0
0
0
0
0
0
0
0
0
0
0
0
0
0
0
0
0
0
0
0
0
0
0
0
0
0
0
0
0
0
0
0
0
0
0
0
0
0
0
0
0
0
0
0
0
0
0
0
0
0
0
0
0
0
0
0
0
0
0
0
0
0
0
0
0
0
0
0
0
0
0
0
0
0
0
0
0
0
0
0
0
0
0
0
0
0
0
0
0
0
0
0
0
0
0
0
0
0
0
0
0
0
0
0
0
0
0
0
0
0
0
0
0
0
0
0
0
0
0
0
0
0
0
0
0
0
0
0
0
0
0
0
0
0
0
0
0
0
0
0
0
0
0
0
0
0
0
0
0
0
0
0
0
0
0
0
0
0
0
0
0
0
0
0
0
0
0
0
0
0
0
0
0
0
0
0
0
0
0
0
0
0
0
0
0
0
0
0
0
0
0
0
0
0
0
0
0
0
0
0
0
0
0
0
0
0
0
0
0
0
0
0
0
0
0
0
0
0
0
0
0
0
0
0
0
0
0
0
0
0
0
0
0
0
0
0
0
0
0
0
0
0
0
0
0
0
0
0
0
0
0
0
0
0
0
0
0
0
0
0
0
0
0
0
0
0
0
0
0
0
0
0
0
0
0
0
0
0
0
0
0
0
0
0
0
0
0
0
0
0
16383
16001
14875
13062
10651
7763
4541
1143
-2265
-5521
-8471
-10978
-12933
-14254
-14893
-14838
-14110
-12765
-10887
-8581
-5974
-3198
-392
2311
4792
6945
8689
9964
10741
11014
10805
10154
9126
7794
6242
4559
2830
1135
-455
-1886
-3115
-4116
-4877
-5401
-5702
-5804
-5736
-5530
-5218
-4829
-4387
-3911
-3411
-2893
-2355
-1794
-1202
-572
99
814
1567
2345
3128
3892
4602
5223
5716
6046
6177
6085
5751
5171
4352
3315
2095
740
-692
-2138
-3529
-4794
-5869
-6697
-7234
-7448
-7326
-6872
-6110
-5078
-3831
-2436
-967
497
1880
3113
4132
4892
5361
5528
5399
4999
4369
3564
2647
1687
754
-88
-785
-1294
-1587
-1657
-1512
-1180
-704
-138
453
1004
1450
1731
1801
1628
1199
522
-375
-1444
-2621
-3825
-4970
-5965
-6724
-7168
-7237
-6887
-6102
-4890
-3288
-1360
806
3105
5413
7601
9541
11110
12203
12735
12650
11924
10568
8628
6183
3345
247
-2956
-6104
-9033
-11585
-13624
-15035
-15735
-15679
-14860
-13311
-11106
-8351
-5184
-1764
1734
5136
8269
10975
13119
14598
15344
15327
14558
13089
11007
8430
5501
2378
-771
-3784
-6506
-8805
-10572
-11730
-12239
-12093
-11324
-9997
-8204
-6062
-3703
-1265
1110
3295
5172
6650
7661
8167
8163
7671
6744
5457
3904
2191
431
-1265
-2794
-4066
-5010
-5579
-5747
-5517
-4916
-3991
-2810
-1455
-16
1413
2744
3893
4790
5384
5640
5547
5115
4373
3367
2161
826
-558
-1912
-3160
-4234
-5076
-5644
-5914
-5876
-5541
-4934
-4095
-3076
-1936
-739
451
1574
2575
3410
4044
4458
4644
4608
4367
3951
3394
2737
2025
1299
599
-38
-587
-1029
-1354
-1561
-1657
-1657
-1582
-1457
-1306
-1155
-1028
-942
-912
-944
-1037
-1183
-1370
-1576
-1780
-1956
-2076
-2118
-2060
-1886
-1586
-1159
-611
43
782
1576
2391
3187
3925
4562
5062
5389
5517
5426
5104
4553
3784
2816
1682
422
-916
-2280
-3614
-4860
-5962
-6869
-7537
-7929
-8021
-7797
-7258
-6417
-5299
-3942
-2396
-719
1023
2762
4426
5944
7253
8293
9018
9393
9396
9022
8281
7201
5821
4197
2394
487
-1443
-3317
-5055
-6581
-7830
-8749
-9297
-9454
-9212
-8584
-7601
-6309
-4767
-3046
-1226
609
2379
4003
5409
6538
7344
7795
7881
7605
6992
6079
4921
3581
2131
645
-798
-2131
-3290
-4221
-4885
-5260
-5337
-5126
-4651
-3950
-3071
-2073
-1018
31
1013
1873
2564
3051
3313
3341
3142
2735
2152
1434
630
-206
-1023
-1769
-2397
-2869
-3157
-3245
-3128
-2814
-2322
-1681
-930
-111
728
1543
2288
2923
3416
3744
3890
3852
3634
3252
2729
2093
1378
619
-146
-885
-1567
-2166
-2664
-3046
-3307
-3447
-3471
-3389
-3214
-2961
-2647
-2286
-1891
-1475
-1045
-607
-166
277
723
1170
1616
2059
2493
2908
3293
3632
3908
4102
4192
4162
3993
3676
3202
2573
1798
893
-114
-1193
-2302
-3396
-4425
-5341
-6096
-6646
-6956
-6999
-6760
-6236
-5438
-4391
-3132
-1710
-182
1386
2928
4374
5661
6728
7528
8024
8191
8024
7528
6728
5661
4374
2928
1386
-182
-1710
-3132
-4391
-5438
-6236
-6760
-6999
-6956
-6646
-6096
-5341
-4425
-3396
-2302
-1193
-114
893
1798
2573
3202
3676
3993
4162
4192
4102
3908
3632
3293
2908
2493
2059
1616
1170
723
277
-166
-607
-1045
-1475
-1891
-2286
-2647
-2961
-3214
-3389
-3471
-3447
-3307
-3046
-2664
-2166
-1567
-885
-146
619
1378
2093
2729
3252
3634
3852
3890
3744
3416
2923
2288
1543
728
-111
-930
-1681
-2322
-2814
-3128
-3245
-3157
-2869
-2397
-1769
-1023
-206
630
1434
2152
2735
3142
3341
3313
3051
2564
1873
1013
31
-1018
-2073
-3071
-3950
-4651
-5126
-5337
-5260
-4885
-4221
-3290
-2131
-798
645
2131
3581
4921
6079
6992
7605
7881
7795
7344
6538
5409
4003
2379
609
-1226
-3046
-4767
-6309
-7601
-8584
-9212
-9454
-9297
-8749
-7830
-6581
-5055
-3317
-1443
487
2394
4197
5821
7201
8281
9022
9396
9393
9018
8293
7253
5944
4426
2762
1023
-719
-2396
-3942
-5299
-6417
-7258
-7797
-8021
-7929
-7537
-6869
-5962
-4860
-3614
-2280
-916
422
1682
2816
3784
4553
5104
5426
5517
5389
5062
4562
3925
3187
2391
1576
782
43
-611
-1159
-1586
-1886
-2060
-2118
-2076
-1956
-1780
-1576
-1370
-1183
-1037
-944
-912
-942
-1028
-1155
-1306
-1457
-1582
-1657
-1657
-1561
-1354
-1029
-587
-38
599
1299
2025
2737
3394
3951
4367
4608
4644
4458
4044
3410
2575
1574
451
-739
-1936
-3076
-4095
-4934
-5541
-5876
-5914
-5644
-5076
-4234
-3160
-1912
-558
826
2161
3367
4373
5115
5547
5640
5384
4790
3893
2744
1413
-16
-1455
-2810
-3991
-4916
-5517
-5747
-5579
-5010
-4066
-2794
-1265
431
2191
3904
5457
6744
7671
8163
8167
7661
6650
5172
3295
1110
-1265
-3703
-6062
-8204
-9997
-11324
-12093
-12239
-11730
-10572
-8805
-6506
-3784
-771
2378
5501
8430
11007
13089
14558
15327
15344
14598
13119
10975
8269
5136
1734
-1764
-5184
-8351
-11106
-13311
-14860
-15679
-15735
-15035
-13624
-11585
-9033
-6104
-2956
247
3345
6183
8628
10568
11924
12650
12735
12203
11110
9541
7601
5413
3105
806
-1360
-3288
-4890
-6102
-6887
-7237
-7168
-6724
-5965
-4970
-3825
-2621
-1444
-375
522
1199
1628
1801
1731
1450
1004
453
-138
-704
-1180
-1512
-1657
-1587
-1294
-785
-88
754
1687
2647
3564
4369
4999
5399
5528
5361
4892
4132
3113
1880
497
-967
-2436
-3831
-5078
-6110
-6872
-7326
-7448
-7234
-6697
-5869
-4794
-3529
-2138
-692
740
2095
3315
4352
5171
5751
6085
6177
6046
5716
5223
4602
3892
3128
2345
1567
814
99
-572
-1202
-1794
-2355
-2893
-3411
-3911
-4387
-4829
-5218
-5530
-5736
-5804
-5702
-5401
-4877
-4116
-3115
-1886
-455
1135
2830
4559
6242
7794
9126
10154
10805
11014
10741
9964
8689
6945
4792
2311
-392
-3198
-5974
-8581
-10887
-12765
-14110
-14838
-14893
-14254
-12933
-10978
-8471
-5521
-2265
1143
4541
7763
10651
13062
14875
16001
0
0
0
0
0
0
0
0
0
0
0
0
0
0
0
0
0
0
0
0
0
0
0
0
0
0
0
0
0
0
0
0
0
0
0
0
0
0
0
0
0
0
0
0
0
0
0
0
0
0
0
0
0
0
0
0
0
0
0
0
0
0
0
0
0
0
0
-8191
-8048
-7623
-6927
-5982
-4814
-3461
-1963
-370
1265
2884
4429
5840
7057
8029
8708
9056
9049
8672
7928
6835
5428
3756
1882
-116
-2156
-4147
-5996
-7616
-8926
-9858
-10357
-10391
-9948
-9038
-7695
-5975
-3956
-1729
599
2918
5114
7077
8709
9926
10665
10888
10581
9759
8461
6753
4723
2473
119
-2220
-4425
-6384
-8002
-9197
-9915
-10126
-9828
-9044
-7824
-6240
-4383
-2356
-269
1768
3650
5284
6592
7517
8025
8105
7771
7061
6029
4748
3300
1773
255
-1169
-2430
-3466
-4236
-4717
-4905
-4814
-4476
-3937
-3251
-2479
-1683
-923
-248
298
692
919
983
900
701
425
118
-171
-396
-516
-499
-326
8
495
1110
1813
2556
3282
3928
4434
4744
4810
4600
4095
3298
2228
926
-551
-2134
-3737
-5272
-6650
-7783
-8595
-9026
-9031
-8591
-7707
-6406
-4740
-2780
-616
1649
3904
6038
7941
9515
10678
11367
11542
11191
10325
8985
7231
5148
2834
398
-2045
-4383
-6508
-8327
-9761
-10751
-11263
-11285
-10828
-9927
-8635
-7021
-5168
-3164
-1103
924
2835
4555
6022
7190
8028
8522
8674
8502
8033
7306
6368
5269
4060
2792
1513
265
-915
-1997
-2960
-3785
-4464
-4989
-5361
-5581
-5653
-5584
-5379
-5047
-4597
-4036
-3378
-2635
-1821
-956
-59
844
1729
2567
3330
3990
4521
4899
5108
5136
4979
4642
4136
3484
2714
1860
963
64
-793
-1571
-2234
-2753
-3108
-3290
-3299
-3148
-2858
-2459
-1988
-1485
-991
-547
-188
58
174
153
0
-268
-622
-1026
-1433
-1797
-2069
-2203
-2162
-1919
-1459
-784
88
1126
2279
3486
4676
5771
6695
7372
7739
7743
7352
6553
5355
3793
1924
-174
-2408
-4669
-6841
-8808
-10459
-11696
-12438
-12626
-12229
-11245
-9705
-7666
-5214
-2460
468
3433
6291
8900
11131
12873
14036
14562
14423
13625
12207
10240
7821
5070
2123
-874
-3778
-6451
-8767
-10624
-11942
-12674
-12801
-12336
-11324
-9835
-7962
-5813
-3509
-1170
1082
3141
4914
6327
7332
7906
8048
7787
7167
6255
5127
3869
2565
1300
145
-836
-1602
-2126
-2400
-2436
-2263
-1922
-1465
-951
-439
15
363
566
600
455
139
-327
-909
-1560
-2226
-2851
-3380
-3759
-3948
-3915
-3644
-3136
-2404
-1482
-415
741
1923
3064
4095
4956
5593
5966
6049
5834
5329
4559
3566
2404
1137
-164
-1431
-2594
-3592
-4373
-4902
-5155
-5130
-4838
-4307
-3580
-2710
-1756
-782
148
978
1659
2152
2434
2498
2352
2018
1531
940
298
-337
-910
-1367
-1666
-1773
-1671
-1358
-847
-168
636
1512
2398
3227
3934
4458
4749
4767
4490
3913
3051
1935
616
-840
-2359
-3857
-5246
-6444
-7375
-7975
-8195
-8009
-7409
-6412
-5057
-3403
-1527
480
2518
4483
6272
7789
8952
9695
9975
9770
9086
7951
6419
4565
2481
272
-1949
-4072
-5988
-7598
-8820
-9593
-9878
-9663
-8961
-7811
-6275
-4436
-2392
-252
1869
3863
5623
7057
8093
8678
8785
8412
7583
6347
4776
2957
992
-1009
-2936
-4683
-6152
-7264
-7956
-8191
-7956
-7264
-6152
-4683
-2936
-1009
992
2957
4776
6347
7583
8412
8785
8678
8093
7057
5623
3863
1869
-252
-2392
-4436
-6275
-7811
-8961
-9663
-9878
-9593
-8820
-7598
-5988
-4072
-1949
272
2481
4565
6419
7951
9086
9770
9975
9695
8952
7789
6272
4483
2518
480
-1527
-3403
-5057
-6412
-7409
-8009
-8195
-7975
-7375
-6444
-5246
-3857
-2359
-840
616
1935
3051
3913
4490
4767
4749
4458
3934
3227
2398
1512
636
-168
-847
-1358
-1671
-1773
-1666
-1367
-910
-337
298
940
1531
2018
2352
2498
2434
2152
1659
978
148
-782
-1756
-2710
-3580
-4307
-4838
-5130
-5155
-4902
-4373
-3592
-2594
-1431
-164
1137
2404
3566
4559
5329
5834
6049
5966
5593
4956
4095
3064
1923
741
-415
-1482
-2404
-3136
-3644
-3915
-3948
-3759
-3380
-2851
-2226
-1560
-909
-327
139
455
600
566
363
15
-439
-951
-1465
-1922
-2263
-2436
-2400
-2126
-1602
-836
145
1300
2565
3869
5127
6255
7167
7787
8048
7906
7332
6327
4914
3141
1082
-1170
-3509
-5813
-7962
-9835
-11324
-12336
-12801
-12674
-11942
-10624
-8767
-6451
-3778
-874
2123
5070
7821
10240
12207
13625
14423
14562
14036
12873
11131
8900
6291
3433
468
-2460
-5214
-7666
-9705
-11245
-12229
-12626
-12438
-11696
-10459
-8808
-6841
-4669
-2408
-174
1924
3793
5355
6553
7352
7743
7739
7372
6695
5771
4676
3486
2279
1126
88
-784
-1459
-1919
-2162
-2203
-2069
-1797
-1433
-1026
-622
-268
0
153
174
58
-188
-547
-991
-1485
-1988
-2459
-2858
-3148
-3299
-3290
-3108
-2753
-2234
-1571
-793
64
963
1860
2714
3484
4136
4642
4979
5136
5108
4899
4521
3990
3330
2567
1729
844
-59
-956
-1821
-2635
-3378
-4036
-4597
-5047
-5379
-5584
-5653
-5581
-5361
-4989
-4464
-3785
-2960
-1997
-915
265
1513
2792
4060
5269
6368
7306
8033
8502
8674
8522
8028
7190
6022
4555
2835
924
-1103
-3164
-5168
-7021
-8635
-9927
-10828
-11285
-11263
-10751
-9761
-8327
-6508
-4383
-2045
398
2834
5148
7231
8985
10325
11191
11542
11367
10678
9515
7941
6038
3904
1649
-616
-2780
-4740
-6406
-7707
-8591
-9031
-9026
-8595
-7783
-6650
-5272
-3737
-2134
-551
926
2228
3298
4095
4600
4810
4744
4434
3928
3282
2556
1813
1110
495
8
-326
-499
-516
-396
-171
118
425
701
900
983
919
692
298
-248
-923
-1683
-2479
-3251
-3937
-4476
-4814
-4905
-4717
-4236
-3466
-2430
-1169
255
1773
3300
4748
6029
7061
7771
8105
8025
7517
6592
5284
3650
1768
-269
-2356
-4383
-6240
-7824
-9044
-9828
-10126
-9915
-9197
-8002
-6384
-4425
-2220
119
2473
4723
6753
8461
9759
10581
10888
10665
9926
8709
7077
5114
2918
599
-1729
-3956
-5975
-7695
-9038
-9948
-10391
-10357
-9858
-8926
-7616
-5996
-4147
-2156
-116
1882
3756
5428
6835
7928
8672
9049
9056
8708
8029
7057
5840
4429
2884
1265
-370
-1963
-3461
-4814
-5982
-6927
-7623
-8048
0
0
0
0
0
0
0
0
0
0
0
0
0
0
0
0
0
0
0
0
0
0
0
0
0
0
0
0
0
0
0
0
0
0
0
0
0
0
0
0
0
0
0
0
0
0
0
0
0
0
0
0
0
0
0
0
0
0
0
0
0
0
0
0
0
0
0
8191
7986
7381
6408
5120
3585
1884
107
-1653
-3306
-4768
-5967
-6845
-7364
-7504
-7269
-6678
-5775
-4614
-3264
-1803
-310
1134
2457
3594
4495
5122
5458
5500
5264
4780
4090
3247
2309
1336
387
-483
-1233
-1827
-2245
-2479
-2533
-2425
-2183
-1842
-1442
-1026
-634
-301
-58
76
94
-3
-203
-484
-813
-1155
-1469
-1718
-1864
-1879
-1740
-1438
-974
-361
374
1196
2059
2912
3701
4371
4871
5159
5202
4979
4484
3726
2731
1537
198
-1224
-2661
-4039
-5285
-6330
-7115
-7593
-7728
-7505
-6925
-6006
-4785
-3315
-1661
99
1885
3612
5197
6564
7647
8392
8762
8739
8321
7528
6397
4979
3340
1557
-287
-2108
-3822
-5351
-6627
-7593
-8209
-8449
-8308
-7797
-6943
-5792
-4400
-2834
-1169
514
2141
3637
4934
5976
6719
7134
7209
6945
6363
5495
4388
3100
1695
244
-1183
-2517
-3695
-4663
-5375
-5800
-5923
-5741
-5267
-4530
-3570
-2437
-1193
98
1370
2556
3596
4435
5031
5352
5382
5119
4577
3782
2775
1610
344
-953
-2218
-3381
-4383
-5169
-5696
-5934
-5870
-5502
-4846
-3934
-2809
-1527
-149
1255
2617
3870
4951
5806
6395
6689
6674
6353
5741
4869
3782
2531
1177
-216
-1585
-2869
-4011
-4964
-5693
-6172
-6391
-6350
-6062
-5552
-4852
-4002
-3046
-2027
-990
23
979
1849
2612
3253
3768
4156
4424
4582
4642
4615
4515
4349
4123
3838
3493
3082
2597
2031
1377
630
-208
-1132
-2126
-3168
-4225
-5259
-6224
-7069
-7742
-8191
-8371
-8241
-7774
-6957
-5792
-4301
-2522
-515
1648
3879
6080
8148
9980
11477
12551
13132
13168
12633
11527
9879
7745
5207
2370
-642
-3695
-6646
-9358
-11697
-13550
-14822
-15446
-15387
-14642
-13242
-11252
-8763
-5894
-2781
426
3576
6519
9118
11255
12834
13790
14093
13741
12771
11246
9259
6924
4368
1727
-862
-3274
-5392
-7124
-8400
-9178
-9447
-9223
-8549
-7494
-6141
-4589
-2944
-1308
218
1550
2621
3380
3804
3891
3664
3163
2450
1594
677
-221
-1023
-1663
-2084
-2250
-2143
-1766
-1143
-314
661
1716
2775
3758
4593
5211
5560
5601
5317
4707
3793
2615
1230
-292
-1873
-3429
-4878
-6141
-7151
-7854
-8211
-8204
-7830
-7109
-6077
-4783
-3291
-1672
0
1649
3205
4604
5792
6728
7385
7750
7822
7616
7154
6469
5600
4589
3477
2308
1120
-53
-1183
-2244
-3219
-4093
-4854
-5494
-6007
-6384
-6618
-6702
-6627
-6384
-5967
-5370
-4593
-3640
-2522
-1260
118
1576
3066
4534
5920
7162
8197
8966
9416
9506
9210
8516
7433
5991
4236
2238
77
-2148
-4337
-6383
-8181
-9637
-10671
-11220
-11248
-10741
-9716
-8217
-6312
-4094
-1675
823
3272
5542
7515
9086
10171
10714
10688
10097
8976
7392
5437
3221
874
-1471
-3681
-5631
-7211
-8335
-8943
-9006
-8529
-7547
-6128
-4362
-2363
-256
1827
3758
5418
6706
7545
7885
7709
7032
5900
4388
2593
632
-1369
-3284
-4989
-6376
-7356
-7867
-7875
-7379
-6411
-5031
-3326
-1403
616
2605
4438
5999
7191
7937
8191
7937
7191
5999
4438
2605
616
-1403
-3326
-5031
-6411
-7379
-7875
-7867
-7356
-6376
-4989
-3284
-1369
632
2593
4388
5900
7032
7709
7885
7545
6706
5418
3758
1827
-256
-2363
-4362
-6128
-7547
-8529
-9006
-8943
-8335
-7211
-5631
-3681
-1471
874
3221
5437
7392
8976
10097
10688
10714
10171
9086
7515
5542
3272
823
-1675
-4094
-6312
-8217
-9716
-10741
-11248
-11220
-10671
-9637
-8181
-6383
-4337
-2148
77
2238
4236
5991
7433
8516
9210
9506
9416
8966
8197
7162
5920
4534
3066
1576
118
-1260
-2522
-3640
-4593
-5370
-5967
-6384
-6627
-6702
-6618
-6384
-6007
-5494
-4854
-4093
-3219
-2244
-1183
-53
1120
2308
3477
4589
5600
6469
7154
7616
7822
7750
7385
6728
5792
4604
3205
1649
0
-1672
-3291
-4783
-6077
-7109
-7830
-8204
-8211
-7854
-7151
-6141
-4878
-3429
-1873
-292
1230
2615
3793
4707
5317
5601
5560
5211
4593
3758
2775
1716
661
-314
-1143
-1766
-2143
-2250
-2084
-1663
-1023
-221
677
1594
2450
3163
3664
3891
3804
3380
2621
1550
218
-1308
-2944
-4589
-6141
-7494
-8549
-9223
-9447
-9178
-8400
-7124
-5392
-3274
-862
1727
4368
6924
9259
11246
12771
13741
14093
13790
12834
11255
9118
6519
3576
426
-2781
-5894
-8763
-11252
-13242
-14642
-15387
-15446
-14822
-13550
-11697
-9358
-6646
-3695
-642
2370
5207
7745
9879
11527
12633
13168
13132
12551
11477
9980
8148
6080
3879
1648
-515
-2522
-4301
-5792
-6957
-7774
-8241
-8371
-8191
-7742
-7069
-6224
-5259
-4225
-3168
-2126
-1132
-208
630
1377
2031
2597
3082
3493
3838
4123
4349
4515
4615
4642
4582
4424
4156
3768
3253
2612
1849
979
23
-990
-2027
-3046
-4002
-4852
-5552
-6062
-6350
-6391
-6172
-5693
-4964
-4011
-2869
-1585
-216
1177
2531
3782
4869
5741
6353
6674
6689
6395
5806
4951
3870
2617
1255
-149
-1527
-2809
-3934
-4846
-5502
-5870
-5934
-5696
-5169
-4383
-3381
-2218
-953
344
1610
2775
3782
4577
5119
5382
5352
5031
4435
3596
2556
1370
98
-1193
-2437
-3570
-4530
-5267
-5741
-5923
-5800
-5375
-4663
-3695
-2517
-1183
244
1695
3100
4388
5495
6363
6945
7209
7134
6719
5976
4934
3637
2141
514
-1169
-2834
-4400
-5792
-6943
-7797
-8308
-8449
-8209
-7593
-6627
-5351
-3822
-2108
-287
1557
3340
4979
6397
7528
8321
8739
8762
8392
7647
6564
5197
3612
1885
99
-1661
-3315
-4785
-6006
-6925
-7505
-7728
-7593
-7115
-6330
-5285
-4039
-2661
-1224
198
1537
2731
3726
4484
4979
5202
5159
4871
4371
3701
2912
2059
1196
374
-361
-974
-1438
-1740
-1879
-1864
-1718
-1469
-1155
-813
-484
-203
-3
94
76
-58
-301
-634
-1026
-1442
-1842
-2183
-2425
-2533
-2479
-2245
-1827
-1233
-483
387
1336
2309
3247
4090
4780
5264
5500
5458
5122
4495
3594
2457
1134
-310
-1803
-3264
-4614
-5775
-6678
-7269
-7504
-7364
-6845
-5967
-4768
-3306
-1653
107
1884
3585
5120
6408
7381
7986
0
0
0
0
0
0
0
0
0
0
0
0
0
0
0
0
0
0
0
0
0
0
0
0
0
0
0
0
0
0
0
0
0
0
0
0
0
0
0
0
0
0
0
0
0
0
0
0
0
0
0
0
0
0
0
0
0
0
0
0
0
0
0
0
0
0
0
12287
12002
11160
9805
8003
5846
3439
902
-1641
-4070
-6269
-8139
-9596
-10582
-11062
-11027
-10496
-9509
-8130
-6439
-4529
-2499
-449
1521
3327
4892
6159
7086
7654
7863
7729
7285
6579
5665
4604
3458
2288
1147
81
-871
-1688
-2356
-2870
-3238
-3475
-3599
-3633
-3599
-3517
-3404
-3271
-3125
-2964
-2782
-2571
-2316
-2004
-1623
-1164
-622
0
692
1438
2211
2982
3713
4366
4903
5285
5482
5470
5234
4771
4089
3209
2164
997
-242
-1497
-2709
-3821
-4779
-5537
-6059
-6320
-6310
-6032
-5504
-4756
-3827
-2768
-1632
-477
641
1674
2576
3313
3862
4212
4363
4329
4130
3797
3365
2872
2354
1845
1374
962
621
355
157
15
-90
-184
-291
-435
-638
-913
-1266
-1696
-2190
-2725
-3271
-3790
-4241
-4580
-4767
-4765
-4546
-4093
-3403
-2485
-1366
-85
1305
2741
4153
5467
6610
7516
8125
8394
8293
7813
6964
5776
4297
2593
741
-1170
-3049
-4806
-6353
-7617
-8535
-9064
-9183
-8890
-8205
-7167
-5835
-4281
-2586
-837
877
2477
3886
5047
5913
6459
6678
6582
6199
5572
4755
3810
2801
1793
842
0
-698
-1228
-1580
-1760
-1787
-1690
-1507
-1282
-1059
-879
-778
-782
-906
-1152
-1509
-1954
-2450
-2954
-3417
-3787
-4016
-4061
-3888
-3477
-2822
-1934
-840
415
1777
3177
4541
5792
6853
7656
8144
8275
8022
7383
6373
5029
3408
1582
-363
-2335
-4237
-5976
-7463
-8624
-9400
-9753
-9664
-9138
-8202
-6904
-5309
-3497
-1556
417
2331
4095
5631
6871
7767
8288
8423
8181
7589
6690
5540
4205
2757
1270
-186
-1546
-2754
-3764
-4545
-5079
-5360
-5396
-5207
-4820
-4270
-3597
-2841
-2041
-1236
-457
267
917
1478
1940
2301
2560
2722
2792
2777
2684
2519
2288
1996
1646
1244
796
310
-205
-736
-1265
-1774
-2238
-2633
-2934
-3115
-3155
-3037
-2749
-2289
-1664
-892
0
973
1981
2970
3882
4658
5242
5582
5638
5383
4805
3910
2722
1284
-340
-2077
-3838
-5528
-7050
-8307
-9215
-9702
-9715
-9225
-8228
-6748
-4836
-2569
-49
2606
5266
7792
10049
11909
13261
14017
14116
13529
12264
10362
7899
4983
1748
-1654
-5059
-8297
-11205
-13634
-15457
-16575
-16925
-16480
-15254
-13302
-10714
-7613
-4149
-489
3187
6703
9888
12589
14679
16063
16680
16510
15573
13927
11664
8907
5801
2505
-814
-3994
-6882
-9346
-11277
-12599
-13268
-13277
-12651
-11449
-9758
-7687
-5361
-2912
-474
1825
3873
5576
6864
7692
8047
7940
7411
6520
5347
3984
2528
1078
-274
-1448
-2378
-3020
-3349
-3364
-3084
-2550
-1817
-952
-32
866
1670
2312
2740
2915
2818
2450
1830
996
0
-1092
-2208
-3271
-4208
-4950
-5440
-5638
-5516
-5071
-4317
-3286
-2029
-611
892
2400
3827
5095
6131
6875
7283
7330
7009
6335
5342
4081
2618
1031
-595
-2178
-3633
-4884
-5869
-6538
-6860
-6825
-6440
-5733
-4749
-3547
-2198
-779
627
1945
3102
4035
4698
5060
5108
4846
4299
3507
2524
1415
252
-892
-1945
-2840
-3523
-3950
-4095
-3950
-3523
-2840
-1945
-892
252
1415
2524
3507
4299
4846
5108
5060
4698
4035
3102
1945
627
-779
-2198
-3547
-4749
-5733
-6440
-6825
-6860
-6538
-5869
-4884
-3633
-2178
-595
1031
2618
4081
5342
6335
7009
7330
7283
6875
6131
5095
3827
2400
892
-611
-2029
-3286
-4317
-5071
-5516
-5638
-5440
-4950
-4208
-3271
-2208
-1092
0
996
1830
2450
2818
2915
2740
2312
1670
866
-32
-952
-1817
-2550
-3084
-3364
-3349
-3020
-2378
-1448
-274
1078
2528
3984
5347
6520
7411
7940
8047
7692
6864
5576
3873
1825
-474
-2912
-5361
-7687
-9758
-11449
-12651
-13277
-13268
-12599
-11277
-9346
-6882
-3994
-814
2505
5801
8907
11664
13927
15573
16510
16680
16063
14679
12589
9888
6703
3187
-489
-4149
-7613
-10714
-13302
-15254
-16480
-16925
-16575
-15457
-13634
-11205
-8297
-5059
-1654
1748
4983
7899
10362
12264
13529
14116
14017
13261
11909
10049
7792
5266
2606
-49
-2569
-4836
-6748
-8228
-9225
-9715
-9702
-9215
-8307
-7050
-5528
-3838
-2077
-340
1284
2722
3910
4805
5383
5638
5582
5242
4658
3882
2970
1981
973
0
-892
-1664
-2289
-2749
-3037
-3155
-3115
-2934
-2633
-2238
-1774
-1265
-736
-205
310
796
1244
1646
1996
2288
2519
2684
2777
2792
2722
2560
2301
1940
1478
917
267
-457
-1236
-2041
-2841
-3597
-4270
-4820
-5207
-5396
-5360
-5079
-4545
-3764
-2754
-1546
-186
1270
2757
4205
5540
6690
7589
8181
8423
8288
7767
6871
5631
4095
2331
417
-1556
-3497
-5309
-6904
-8202
-9138
-9664
-9753
-9400
-8624
-7463
-5976
-4237
-2335
-363
1582
3408
5029
6373
7383
8022
8275
8144
7656
6853
5792
4541
3177
1777
415
-840
-1934
-2822
-3477
-3888
-4061
-4016
-3787
-3417
-2954
-2450
-1954
-1509
-1152
-906
-782
-778
-879
-1059
-1282
-1507
-1690
-1787
-1760
-1580
-1228
-698
0
842
1793
2801
3810
4755
5572
6199
6582
6678
6459
5913
5047
3886
2477
877
-837
-2586
-4281
-5835
-7167
-8205
-8890
-9183
-9064
-8535
-7617
-6353
-4806
-3049
-1170
741
2593
4297
5776
6964
7813
8293
8394
8125
7516
6610
5467
4153
2741
1305
-85
-1366
-2485
-3403
-4093
-4546
-4765
-4767
-4580
-4241
-3790
-3271
-2725
-2190
-1696
-1266
-913
-638
-435
-291
-184
-90
15
157
355
621
962
1374
1845
2354
2872
3365
3797
4130
4329
4363
4212
3862
3313
2576
1674
641
-477
-1632
-2768
-3827
-4756
-5504
-6032
-6310
-6320
-6059
-5537
-4779
-3821
-2709
-1497
-242
997
2164
3209
4089
4771
5234
5470
5482
5285
4903
4366
3713
2982
2211
1438
692
0
-622
-1164
-1623
-2004
-2316
-2571
-2782
-2964
-3125
-3271
-3404
-3517
-3599
-3633
-3599
-3475
-3238
-2870
-2356
-1688
-871
81
1147
2288
3458
4604
5665
6579
7285
7729
7863
7654
7086
6159
4892
3327
1521
-449
-2499
-4529
-6439
-8130
-9509
-10496
-11027
-11062
-10582
-9596
-8139
-6269
-4070
-1641
902
3439
5846
8003
9805
11160
12002
0
0
0
0
0
0
0
0
0
0
0
0
0
0
0
0
0
0
0
0
0
0
0
0
0
0
0
0
0
0
0
0
0
0
0
0
0
0
0
0
0
0
0
0
0
0
0
0
0
0
0
0
0
0
0
0
0
0
0
0
0
0
0
0
0
0
0
