0
4278
8485
12550
16402
19973
23203
26035
28419
30314
31684
32507
32766
32456
31581
30156
28203
25758
22860
19561
15917
11991
7852
3573
-771
-5106
-9352
-13436
-17284
-20829
-24006
-26759
-29038
-30801
-32015
-32660
-32720
-32196
-31094
-29434
-27244
-24563
-21439
-17925
-14087
-9991
-5712
-1327
3083
7441
11667
15683
19415
22796
25762
28259
30239
31667
32514
32764
32412
31462
29931
27847
25247
22178
18696
14865
10755
6443
2009
-2465
-6896
-11201
-15299
-19113
-22570
-25606
-28162
-30190
-31650
-32514
-32764
-32394
-31411
-29832
-27686
-25012
-21861
-18292
-14372
-10175
-5781
-1274
3259
7733
12062
16161
19951
23359
26318
28771
30668
31973
32659
32711
32127
30919
29107
26727
23823
20452
16679
12577
8226
3711
-879
-5455
-9926
-14204
-18204
-21846
-25058
-27775
-29942
-31516
-32464
-32766
-32415
-31417
-29790
-27567
-24790
-21514
-17805
-13736
-9388
-4849
-209
4437
8997
13377
17489
21248
24578
27411
29687
31359
32393
32765
32468
31507
29899
27676
24884
21579
17828
13707
9301
4700
0
-4703
-9311
-13729
-17864
-21629
-24947
-27746
-29968
-31566
-32503
-32761
-32332
-31225
-29460
-27076
-24119
-20653
-16748
-12488
-7961
-3263
1506
6246
10856
15238
19298
22949
26112
28719
30713
32051
32702
32651
31900
30461
28366
25658
22395
18646
14492
10022
5332
524
-4298
-9029
-13567
-17811
-21669
-25055
-27896
-30127
-31699
-32577
-32739
-32182
-30916
-28967
-26379
-23206
-19519
-15397
-10932
-6222
-1372
3511
8320
12945
17284
21240
24723
27655
29968
31611
32545
32748
32214
30954
28995
26381
23169
19431
15252
10724
5950
1038
-3899
-8751
-13405
-17757
-21705
-25159
-28038
-30277
-31822
-32637
-32702
-32014
-30588
-28456
-25665
-22280
-18377
-14047
-9388
-4509
477
5455
10308
14924
19194
23018
26305
28979
30974
32243
32756
32498
31476
29711
27244
24133
20449
16280
11722
6884
1880
-3170
-8148
-12935
-17416
-21484
-25041
-28000
-30291
-31856
-32659
-32677
-31909
-30373
-28105
-25157
-21600
-17520
-13013
-8189
-3163
1941
7001
11893
16499
20705
24407
27516
29953
31659
32589
32721
32049
30590
28377
25463
21921
17836
13307
8448
3377
-1780
-6896
-11843
-16499
-20746
-24479
-27603
-30040
-31727
-32621
-32699
-31957
-30413
-28105
-25088
-21439
-17247
-12618
-7668
-2522
2689
7836
12787
17416
21605
25247
28248
30530
32035
32723
32574
31592
29801
27244
23987
20112
15718
10917
5832
595
-4660
-9798
-14685
-19194
-23208
-26622
-29345
-31307
-32455
-32757
-32206
-30813
-28614
-25665
-22043
-17841
-13169
-8148
-2911
2405
7661
12717
17440
21705
25397
28419
30689
32146
32750
32483
31352
29385
26633
23169
19084
14487
9500
4255
-1105
-6439
-11603
-16457
-20870
-24723
-27911
-30346
-31961
-32712
-32578
-31559
-29684
-27001
-23582
-19519
-14922
-9916
-4636
771
6162
11386
16301
20770
24671
27896
30354
31977
32719
32558
31498
29565
26813
23317
19172
14492
9407
4058
-1405
-6833
-12073
-16978
-21411
-25247
-28377
-30713
-32188
-32760
-32410
-31148
-29007
-26047
-22351
-18021
-13179
-7961
-2516
3003
8440
13640
18454
22745
26389
29282
31340
32503
32737
32033
30409
27913
24613
20604
16000
10932
5547
0
-5550
-10942
-16021
-20637
-24657
-27963
-30458
-32068
-32745
-32468
-31244
-29107
-26118
-22364
-17952
-13013
-7689
-2137
3479
8997
14252
19090
23367
26955
29748
31662
32640
32650
31691
29790
27003
23411
19119
14256
8965
3403
-2262
-7862
-13230
-18204
-22633
-26385
-29345
-31423
-32556
-32707
-31871
-30072
-27362
-23823
-19561
-14703
-9397
-3803
1908
7565
12994
18030
22517
26318
29316
31419
32559
32702
31841
30001
27238
23635
19302
14372
8996
3339
-2422
-8112
-13553
-18577
-23026
-26761
-29667
-31650
-32648
-32629
-31591
-29565
-26615
-22829
-18327
-13249
-7752
-2009
3799
9491
14886
19815
24120
27666
30338
32052
32751
32412
31044
28690
25423
21345
16586
11295
5642
-193
-6025
-11667
-16938
-21669
-25706
-28920
-31206
-32489
-32726
-31909
-30063
-27244
-23544
-19081
-13998
-8460
-2644
3259
9060
14569
19606
24006
27626
30346
32075
32756
32366
30916
28451
25051
20827
15917
10480
4696
-1244
-7147
-12817
-18065
-22719
-26622
-29644
-31684
-32674
-32578
-31398
-29173
-25975
-21909
-17110
-11737
-5969
0
5972
11747
17130
21941
26016
29217
31436
32596
32657
31615
29504
26395
22390
17625
12260
6476
470
-5554
-11392
-16845
-21726
-25867
-29127
-31393
-32585
-32662
-31619
-29491
-26349
-22301
-17483
-12062
-6222
-166
5898
11762
17222
22088
26191
29387
31566
32648
32597
31411
29131
25835
21636
16679
11138
5205
-912
-7001
-12847
-18244
-23003
-26955
-29960
-31912
-32739
-32412
-30940
-28374
-24803
-20353
-15179
-9465
-3413
2763
8843
14612
19863
24407
28083
30758
32334
32755
32003
30103
27124
23169
18381
12929
7010
836
-5370
-11386
-16993
-21989
-26191
-29446
-31636
-32680
-32538
-31214
-28754
-25247
-20819
-15630
-9868
-3744
2518
8692
14551
19879
24480
28184
30855
32393
32739
31880
29845
26709
22585
17625
12011
5950
-333
-6607
-12639
-18204
-23094
-27128
-30152
-32055
-32763
-32248
-30528
-27666
-23767
-18976
-13473
-7461
-1167
5173
11322
17047
22132
26385
29644
31785
32724
32427
30901
28203
24435
19738
14288
8294
1981
-4409
-10635
-16457
-21654
-26025
-29402
-31656
-32697
-32485
-31027
-28377
-24634
-19943
-14481
-8460
-2109
4324
10594
16457
21686
26077
29459
31699
32710
32451
30929
28203
24378
19601
14056
7961
1552
-4919
-11201
-17047
-22227
-26537
-29806
-31906
-32751
-32307
-30590
-27666
-23648
-18696
-13002
-6791
-309
6187
12441
18204
23246
27366
30398
32222
32762
31995
29951
26709
22398
17189
11289
4935
-1619
-8112
-14281
-19879
-24678
-28486
-31147
-32552
-32643
-31416
-28917
-25247
-20553
-15023
-8882
-2378
4225
10659
16662
21989
26421
29777
31918
32756
32254
30432
27362
23169
18024
12137
5748
-879
-7473
-13762
-19485
-24407
-28323
-31070
-32533
-32650
-31414
-28875
-25136
-20353
-14721
-8475
-1874
4807
11292
17307
22602
26955
30182
32146
32765
32010
29911
26556
22083
16679
10571
4016
-2711
-9326
-15551
-21121
-25799
-29387
-31732
-32732
-32344
-30582
-27520
-23286
-18060
-12062
-5547
1206
7911
14280
20041
24947
28786
31393
32653
32513
30975
28105
24024
18906
12972
6476
-301
-7069
-13534
-19415
-24458
-28443
-31196
-32596
-32580
-31148
-28360
-24336
-19250
-13322
-6811
0
6813
13332
19269
24364
28393
31178
32594
32578
31129
28309
24241
19103
13120
6555
-301
-7147
-13680
-19609
-24671
-28641
-31340
-32648
-32505
-30916
-27948
-23735
-18460
-12360
-5706
1206
8067
14569
20421
25359
29162
31656
32728
32328
30473
27244
22786
17298
11027
4255
-2711
-9557
-15974
-21669
-26383
-29901
-32062
-32766
-31979
-29736
-26137
-21345
-15577
-9095
-2195
4807
11593
17850
23291
27666
30771
32464
32665
31362
28614
24546
19345
13249
6538
-477
-7473
-14125
-20126
-25196
-29098
-31650
-32732
-32292
-30349
-26991
-22374
-16712
-10266
-3339
3746
10659
17076
22694
27251
30530
32377
32702
31489
28793
24740
19519
13375
6597
-494
-7565
-14281
-20323
-25404
-29282
-31772
-32753
-32178
-30072
-26533
-21729
-15887
-9285
-2238
4919
11843
18204
23695
28052
31066
32589
32548
30942
27847
23411
17845
11416
4435
-2763
-9830
-16425
-22227
-26955
-30378
-32330
-32713
-31507
-28769
-24631
-19293
-13013
-6096
1120
8285
15047
21076
26077
29802
32068
32763
31850
29372
25451
20276
14101
7230
0
-7232
-14111
-20295
-25478
-29402
-31872
-32764
-32033
-29711
-25913
-20827
-14703
-7845
-595
6688
13640
19914
25196
29220
31785
32759
32093
29819
26047
20967
14832
7950
664
-6656
-13645
-19948
-25247
-29273
-31822
-32763
-32046
-29706
-25861
-20703
-14492
-7543
-209
7138
14125
20396
25629
29557
31977
32766
31880
29363
25342
20022
13674
6622
-771
-8129
-15071
-21240
-26318
-30042
-32219
-32734
-31559
-28754
-24461
-18901
-12360
-5177
2276
9615
16457
22447
27271
30678
32489
32608
31026
27825
23169
17302
10527
3199
-4298
-11573
-18244
-23960
-28419
-31387
-32705
-32302
-30198
-26501
-21406
-15179
-8148
-684
6817
13962
20369
25700
29668
32064
32757
31710
28975
24698
19103
12488
5205
-2358
-9798
-16717
-22745
-27557
-30894
-32577
-32513
-30703
-27244
-22319
-16192
-9191
-1693
5898
13175
19743
25247
29388
31941
32765
31816
29141
24884
19276
12618
5272
-2362
-9871
-16845
-22903
-27714
-31014
-32621
-32445
-30495
-26875
-21781
-15492
-8351
-749
6896
14165
20658
26016
29942
32220
32721
31417
28377
23767
17841
10926
3403
-4310
-11787
-18613
-24407
-28847
-31684
-32759
-32010
-29476
-25298
-19707
-13013
-5590
2148
9769
16845
22980
27828
31116
32659
32366
30254
26438
21133
14635
7310
-430
-8148
-15409
-21801
-26962
-30598
-32502
-32563
-30778
-27244
-22162
-15818
-8572
-836
6950
14343
20920
26305
30190
32350
32661
31103
27762
22829
16586
9388
1649
-6187
-13670
-20369
-25898
-29936
-32249
-32702
-31267
-28024
-23161
-16955
-9766
-2009
5867
13405
20168
25762
29860
32222
32709
31291
28049
23169
16936
9711
1916
-5992
-13553
-20323
-25904
-29968
-32275
-32687
-31179
-27837
-22855
-16527
-9222
-1372
6562
14111
20829
26318
30252
32397
32623
30916
27374
22206
15718
8294
373
-7571
-15067
-21669
-26980
-30683
-32556
-32483
-30469
-26631
-21197
-14492
-6916
1077
9009
16402
22811
27851
31216
32702
32218
29790
25564
19793
12824
5078
-2978
-10856
-18080
-24210
-28873
-31785
-32766
-31757
-28816
-24119
-17952
-10689
-2772
5316
13083
20053
25799
29968
32304
32662
31017
27469
22233
15630
8064
0
-8067
-15639
-22251
-27492
-31038
-32669
-32282
-29899
-25665
-19840
-12785
-4935
3223
11185
18454
24578
29176
31960
32754
31507
28295
23317
16881
9388
1306
-6859
-14599
-21426
-26913
-30713
-32587
-32415
-30206
-26096
-20343
-13307
-5431
2789
10837
18204
24423
29100
31937
32755
31498
28244
23199
16679
9099
938
-7285
-15047
-21854
-27271
-30951
-32659
-32282
-29844
-25497
-19519
-12290
-4271
4023
12062
19330
25359
29762
32252
32670
30984
27303
21861
15008
7184
-1105
-9326
-16947
-23474
-28484
-31650
-32766
-31757
-28687
-23753
-17274
-9670
-1435
6896
14781
21705
27215
30951
32666
32248
29720
25247
19119
11737
3583
-4807
-12886
-20121
-26035
-30239
-32455
-32534
-30469
-26395
-20578
-13400
-5336
3083
11302
18775
25007
29584
32200
32681
30992
27244
21684
14679
6695
-1736
-10055
-17706
-24178
-29038
-31959
-32744
-31340
-27837
-22468
-15592
-7668
771
9163
16942
23583
28641
31772
32764
31548
28203
22955
16155
8261
-193
-8637
-16499
-23246
-28419
-31667
-32766
-31641
-28366
-23161
-16378
-8479
0
8482
16388
23178
28387
31659
32766
31633
28334
23092
16267
8323
-193
-8699
-16610
-23382
-28547
-31748
-32764
-31521
-28105
-22748
-15818
-7793
771
9287
17161
23850
28887
31923
32744
31292
27666
22114
15023
6884
-1736
-10238
-18030
-24565
-29387
-32158
-32681
-30919
-26991
-21173
-13868
-5590
3083
11543
19194
25499
30012
32414
32534
30361
26047
19895
12336
3903
-4807
-13181
-20625
-26610
-30711
-32637
-32248
-29569
-24790
-18247
-10405
-1820
6896
15124
22277
27843
31423
32760
31757
28483
23169
16196
8060
-655
-9326
-17331
-24094
-29127
-32068
-32703
-30984
-27033
-21133
-13707
-5289
3511
12062
19743
25999
30374
32552
32371
29844
25150
18630
10754
2094
-6719
-15047
-22282
-27896
-31478
-32765
-31661
-28244
-22763
-15616
-7324
1506
10228
18204
24847
29668
32313
32585
30461
26096
19809
12062
3423
-5469
-13962
-21426
-27310
-31178
-32740
-31881
-28661
-23317
-16242
-7961
912
9721
17811
24578
29519
32265
32608
30520
26157
19840
12041
3339
-5613
-14150
-21629
-27492
-31296
-32755
-31758
-28377
-22863
-15630
-7219
1736
10564
18599
25234
29968
32443
32468
30041
25342
18725
10689
1842
-7147
-15598
-22868
-28404
-31785
-32751
-31227
-27327
-21345
-13736
-5078
3969
12717
20496
26712
30887
32702
32014
28875
23522
16364
7950
-1077
-10024
-18204
-24986
-29848
-32414
-32483
-30050
-25298
-18593
-10451
-1499
7571
16058
23305
28750
31969
32711
30916
26720
20449
12587
3744
-5391
-14111
-21734
-27666
-31442
-32766
-31533
-27837
-21964
-14372
-5653
3510
12401
20323
26654
30894
32710
31957
28692
23169
15822
7226
-1941
-10958
-19113
-25762
-30378
-32596
-32237
-29328
-24096
-16955
-8469
691
9799
18132
25028
29936
32465
32412
29778
24772
17791
9388
234
-8940
-17404
-24479
-29598
-32350
-32513
-30072
-25219
-18342
-9991
-836
8388
16942
24135
29387
32275
32563
30226
25451
18620
10283
1113
-8148
-16754
-24006
-29316
-32252
-32574
-30254
-25477
-18630
-10266
-1066
8222
16845
24098
29390
32286
32549
30156
25298
18372
9941
695
-8610
-17213
-24407
-29603
-32371
-32482
-29925
-24908
-17841
-9305
0
9307
17850
24924
29942
32491
32356
29546
24293
17028
8351
-1019
-10308
-18745
-25629
-30386
-32621
-32145
-28995
-23432
-15917
-7073
2362
11603
19879
26497
30903
32728
31816
28241
22301
14491
5464
-4023
-13175
-21224
-27492
-31451
-32766
-31324
-27244
-20868
-12732
-3519
5992
15001
22745
28568
31977
32682
30619
25962
19103
10622
1238
-8253
-17047
-24394
-29668
-32420
-32412
-29643
-24347
-16973
-8148
1373
10781
19269
26112
30723
32705
31886
28334
22351
14449
5304
-4298
-13534
-21608
-27826
-31650
-32749
-31026
-26627
-19930
-11510
-2094
7504
16457
23989
29446
32355
32460
29752
24461
17046
8148
-1459
-10942
-19477
-26318
-30870
-32732
-31742
-27983
-21780
-13674
-4371
5316
14541
22496
28484
31977
32669
30495
25645
18541
9807
209
-9410
-18204
-25397
-30356
-32640
-32046
-28625
-22675
-14721
-5464
4278
13645
21806
28038
31787
32719
30748
26047
19032
10324
695
-8997
-17892
-25196
-30256
-32621
-32077
-28669
-22701
-14703
-5389
4409
13816
21989
28193
31872
32694
30582
25725
18555
9715
0
-9718
-18563
-25739
-30598
-32699
-31850
-28126
-21861
-13619
-4144
5708
15047
23026
28920
32194
32549
29951
24631
17073
7961
-1876
-11547
-20168
-26955
-31287
-32766
-31257
-26894
-20073
-11416
-1713
8148
17267
24807
30076
32589
32113
28690
22632
14492
5018
-4919
-14407
-22570
-28657
-32104
-32591
-30072
-24775
-17189
-8012
1907
11653
20323
27113
31393
32763
31094
26539
19519
10683
852
-9060
-18132
-25519
-30530
-32697
-31816
-27965
-21503
-13031
-3339
6667
16052
23938
29584
32459
32292
29097
23169
15065
5543
-4501
-14125
-22423
-28612
-32108
-32578
-29977
-24546
-16798
-7461
2582
12385
21019
27666
31694
32721
30647
25665
18247
9095
-923
-10856
-19760
-26786
-31264
-32766
-31146
-26556
-19431
-10451
-470
9557
18675
26008
30855
32749
31507
27244
20368
11537
1595
-8501
-17784
-25359
-30497
-32702
-31758
-27754
-21074
-12360
-2451
7696
17103
24860
30215
32648
31922
28105
21563
12929
3039
-7147
-16643
-24525
-30025
-32607
-32016
-28309
-21844
-13249
-3359
6859
16412
24364
29939
32588
32050
28377
21924
13322
3413
-6833
-16412
-24382
-29960
-32596
-32028
-28309
-21804
-13150
-3199
7069
16643
24578
30089
32630
31946
28105
21482
12732
2719
-7565
-17103
-24947
-30318
-32680
-31797
-27754
-20951
-12062
-1970
8320
17784
25478
30633
32732
31565
27244
20200
11134
952
-9326
-18675
-26154
-31014
-32765
-31228
-26556
-19215
-9941
333
10578
19760
26955
31436
32749
30759
25665
17979
8475
-1887
-12062
-21019
-27851
-31864
-32650
-30126
-24546
-16475
-6728
3703
13762
22423
28806
32258
32427
29291
23169
14683
4696
-5772
-15653
-23938
-29777
-32571
-32033
-28214
-21503
-12587
-2378
8077
17706
25519
30711
32748
31416
26850
19519
10175
-219
-10594
-19879
-27113
-31549
-32726
-30520
-25157
-17189
-7439
3083
13289
22119
28657
32222
32441
29289
23092
14492
4381
-6187
-16114
-24364
-30076
-32652
-31820
-27666
-20619
-11416
-1017
9491
19008
26537
31287
32757
30792
25595
17709
7961
-2625
-12939
-21894
-28547
-32194
-32451
-29286
-23032
-14346
-4144
6498
16457
24678
30291
32699
31644
27238
19943
10531
0
-10533
-19951
-27251
-31656
-32694
-30254
-24592
-16309
-6286
4409
14637
23305
29487
32519
32077
28203
21312
12137
1660
-8997
-18692
-26385
-31248
-32757
-30748
-25434
-17383
-7461
3266
13645
22556
29038
32390
32248
28625
21909
12824
2351
-8378
-18204
-26061
-31098
-32765
-30880
-25645
-17625
-7689
3083
13524
22496
29023
32393
32235
28565
21780
12618
2077
-8692
-18516
-26318
-31245
-32755
-30681
-25247
-17046
-6975
3863
14280
23132
29446
32527
32033
28015
20915
11510
836
-9932
-19609
-27125
-31650
-32682
-30103
-24198
-15616
-5304
5596
15880
24407
30232
32705
31550
26894
19250
9465
-1373
-12062
-21411
-28379
-32188
-32412
-29022
-22395
-13267
-2656
8253
18244
26197
31222
32754
30619
25054
16679
6433
-4537
-15001
-23783
-29895
-32648
-31731
-27244
-19690
-9916
976
11762
21224
28293
32170
32415
28997
22301
13080
2378
-8595
-18599
-26497
-31393
-32729
-30352
-24528
-15917
-5494
5554
15974
24578
30386
32734
31352
26395
18425
8351
-2679
-13405
-22602
-29217
-32491
-32046
-27932
-20616
-10936
0
10939
20625
27944
32055
32482
29173
22507
13249
2462
-8610
-18692
-26622
-31481
-32707
-30156
-24119
-15293
-4696
6446
16845
25296
30817
32766
30916
25477
17079
6695
-4468
-15115
-24006
-30106
-32702
-31489
-26606
-18620
-8460
2689
13528
22788
29387
32552
31909
27532
19930
9991
-1120
-12103
-21669
-28693
-32350
-32208
-28280
-21025
-11295
-234
10856
20671
28052
32127
32412
28871
21921
12379
1372
-9799
-19815
-27487
-31906
-32545
-29328
-22632
-13249
-2291
8940
19113
27016
31708
32629
29666
23169
13911
2992
-8285
-18577
-26654
-31549
-32677
-29899
-23544
-14372
-3477
7836
18214
26411
31442
32702
30037
23764
14635
3744
-7598
-18030
-26293
-31393
-32711
-30086
-23833
-14703
-3796
7571
18026
26305
31405
32707
30050
23753
14577
3632
-7754
-18204
-26446
-31479
-32688
-29925
-23522
-14256
-3253
8148
18560
26712
31608
32650
29706
23135
13736
2656
-8751
-19090
-27095
-31785
-32581
-29385
-22585
-13013
-1842
9557
19786
27585
31994
32468
28947
21861
12081
809
-10564
-20637
-28166
-32219
-32293
-28377
-20951
-10932
440
11762
21629
28819
32437
32033
27653
19840
9561
-1907
-13142
-22745
-29519
-32621
-31661
-26755
-18514
-7961
3586
14689
23960
30239
32740
31148
25658
16955
6128
-5469
-16384
-25247
-30944
-32759
-30461
-24336
-15151
-4058
7546
18204
26572
31595
32638
29565
22763
13087
1756
-9798
-20118
-27896
-32148
-32332
-28424
-20915
-10754
771
12203
22088
29171
32552
31797
27001
18769
8148
-3511
-14727
-24069
-30346
-32754
-30984
-25260
-16309
-5272
6439
17331
26008
31359
32696
29845
23169
13521
2137
-9523
-19964
-27843
-32146
-32318
-28334
-20703
-10405
1234
12717
22564
29503
32637
31559
26407
17841
6968
-4807
-15965
-25058
-30909
-32757
-30361
-24028
-14577
-3233
8533
19194
27364
31977
32433
28669
21173
10917
-762
-12345
-22321
-29387
-32619
-31592
-26438
-17828
-6884
4961
16161
25247
31028
32744
30168
23635
13998
2522
-9287
-19879
-27860
-32179
-32265
-28105
-20242
-9711
2101
13640
23382
30040
32733
31103
25362
16267
5018
-6896
-17901
-26537
-31659
-32585
-29190
-21921
-11741
0
11743
21929
29201
32589
31641
26480
17791
6728
-5233
-16499
-25566
-31222
-32709
-29826
-22955
-13013
-1327
10537
20994
28641
32450
31909
27088
18630
7668
-4324
-15739
-25041
-30976
-32744
-30105
-23411
-13561
-1880
10055
20637
28436
32397
31982
27244
18822
7852
-4182
-15653
-25007
-30974
-32743
-30072
-23319
-13400
-1660
10308
20879
28612
32455
31881
26966
18377
7282
-4807
-16245
-25468
-31216
-32702
-29720
-22675
-12528
-664
11292
21705
29147
32596
31576
26225
17274
5950
-6193
-17489
-26383
-31650
-32564
-28995
-21433
-10917
1105
12978
23064
29968
32737
30984
24950
15465
3839
-8320
-19330
-27666
-32170
-32217
-27796
-19519
-8531
3643
15314
24860
30951
32739
29972
23032
12884
938
-11141
-21669
-29176
-32613
-31498
-25982
-16835
-5332
6918
18204
26944
31912
32410
28366
20343
9465
-2743
-14569
-24351
-30713
-32759
-30198
-23387
-13283
-1306
10856
21492
29100
32604
31507
25962
16748
5166
-7147
-18454
-27152
-32008
-32332
-28076
-19840
-8789
3510
15314
24947
31038
32720
29752
22551
12140
0
-12143
-22559
-29762
-32723
-31017
-24884
-15198
-3339
8998
20053
28242
32393
31908
26854
17952
6476
-5930
-17489
-26541
-31785
-32465
-28481
-20402
-9388
2978
14918
24714
30951
32730
29790
22554
12062
-172
-12385
-22811
-29942
-32746
-30813
-24421
-14492
-2462
9926
20879
28806
32556
31581
26021
16679
4912
-7571
-18956
-27585
-32200
-32127
-27374
-18630
-7167
5342
17076
26318
31719
32485
28504
20353
9222
-3259
-15267
-25041
-31147
-32687
-29434
-21861
-11077
1334
13553
23783
30517
32764
30189
23169
12736
423
-11953
-22570
-29860
-32743
-30792
-24293
-14202
-2009
10483
21426
29201
32652
31267
25247
15482
3419
-9153
-20369
-28563
-32514
-31633
-26047
-16586
-4654
7973
19415
27967
32350
31910
26709
17520
5712
-6950
-18577
-27428
-32179
-32116
-27244
-18292
-6597
6088
17864
26962
32015
32263
27666
18910
7310
-5391
-17284
-26579
-31872
-32366
-27983
-19380
-7852
4862
16845
26287
31760
32433
28203
19707
8226
-4501
-16550
-26094
-31684
-32472
-28334
-19895
-8434
4310
16402
26003
31651
32486
28377
19946
8475
-4288
-16402
-26016
-31662
-32478
-28334
-19861
-8351
4437
16550
26133
31717
32445
28203
19638
8060
-4756
-16845
-26351
-31812
-32386
-27983
-19276
-7602
5243
17284
26666
31941
32293
27666
18769
6975
-5898
-17864
-27071
-32095
-32157
-27244
-18113
-6176
6719
18577
27557
32265
31968
26709
17302
5205
-7702
-19415
-28111
-32434
-31710
-26047
-16326
-4058
8843
20369
28719
32588
31368
25247
15179
2736
-10137
-21426
-29364
-32705
-30922
-24293
-13853
-1238
11573
22570
30025
32764
30353
23169
12339
-434
-13142
-23783
-30678
-32739
-29638
-21861
-10632
2276
14829
25041
31296
32604
28754
20353
8727
-4282
-16616
-26318
-31849
-32328
-27676
-18630
-6622
6439
18480
27585
32302
31880
26381
16679
4318
-8734
-20396
-28806
-32620
-31227
-24845
-14492
-1820
11144
22329
29942
32763
30335
23047
12062
-859
-13645
-24243
-30951
-32688
-29173
-20967
-9388
3703
16202
26094
31785
32354
27709
18593
6476
-6688
-18775
-27832
-32393
-31718
-25913
-15915
-3339
9779
21317
29402
32723
30737
23764
12933
0
-12935
-23772
-30745
-32720
-29372
-21243
-9654
3510
16105
26077
31798
32332
27590
18342
6096
-7147
-19226
-28162
-32493
-31507
-25362
-15061
-2291
10856
22227
29953
32765
30198
22670
11416
-1716
-14569
-25028
-31370
-32548
-28366
-19509
-7435
5867
18204
27539
32330
31782
25982
15887
3163
-10086
-21669
-29667
-32753
-30413
-23032
-11831
1334
14281
24860
31312
32563
28403
19519
7387
-5976
-18347
-27666
-32377
-31693
-25725
-15465
-2622
10659
22164
29968
32766
30086
22374
10917
-2369
-15261
-25599
-31650
-32396
-27709
-18372
-5950
7473
19643
28516
32596
31195
24546
13765
664
-12550
-23653
-30771
-32702
-29116
-20616
-8634
4807
17440
27128
32230
31881
26137
15968
3092
-10308
-21966
-29901
-32766
-30072
-22272
-10689
2711
15653
25937
31812
32275
27244
17574
4908
-8595
-20637
-29162
-32712
-30681
-23411
-12140
1206
14349
25041
31451
32480
27948
18630
6117
-7445
-19735
-28641
-32634
-31026
-24089
-13013
301
13567
24501
31222
32570
28309
19172
6728
-6876
-19298
-28393
-32589
-31159
-24347
-13326
0
13328
24354
31166
32585
28360
19220
6748
-6896
-19347
-28443
-32604
-31103
-24198
-13087
301
13640
24608
31294
32533
28105
18778
6176
-7504
-19879
-28786
-32669
-30847
-23635
-12290
1206
14493
25247
31583
32389
27520
17828
5008
-8692
-20870
-29387
-32745
-30352
-22624
-10917
2711
15865
26229
31977
32094
26556
16335
3233
-10442
-22277
-30182
-32757
-29546
-21112
-8944
4807
17712
27483
32390
31559
25136
14256
845
-12717
-24026
-31070
-32598
-28334
-19032
-6345
7473
19964
28903
32697
30666
23169
11540
-2148
-15456
-26008
-31918
-32127
-26596
-16309
-3103
10659
22517
30346
32741
29270
20553
8148
-5719
-18563
-28078
-32552
-31179
-24202
-12874
771
14281
25223
31625
32332
27214
17189
4062
-9798
-21894
-30040
-32762
-29565
-21025
-8682
5233
18204
27882
32514
31257
24336
13002
-691
-14262
-25247
-31650
-32307
-27094
-16955
-3732
10171
22227
30239
32747
29289
20494
7961
-6025
-18915
-28356
-32621
-30929
-23586
-11931
1907
15400
26077
31982
32033
26215
15592
2109
-11762
-23479
-30889
-32629
-28377
-18910
-5966
8077
20637
29402
32756
30080
21861
9613
-4409
-17621
-27585
-32459
-31342
-24435
-13013
816
14497
25499
31785
32188
26631
16140
2656
-11322
-23203
-30782
-32650
-28456
-18976
-5969
8148
20755
29503
32763
29925
21514
9095
-5021
-18204
-27995
-32564
-31058
-23753
-12011
1977
15598
26305
32095
31880
25698
14703
952
-12978
-24480
-31393
-32418
-27360
-17165
-3744
10381
22559
30497
32702
28754
19394
6380
-7836
-20580
-29446
-32762
-29899
-21393
-8847
5370
18577
28275
32630
30814
23169
11138
-3003
-16579
-27016
-32334
-31523
-24733
-13249
751
14612
25700
31906
32048
26096
15179
1372
-12698
-24354
-31371
-32412
-27273
-16932
-3359
10856
23003
30758
32638
28280
18514
5205
-9101
-21669
-30089
-32747
-29131
-19930
-6905
7445
20371
29387
32762
29844
21189
8460
-5898
-19125
-28673
-32702
-30433
-22301
-9868
4468
17946
27963
32585
30916
23274
11134
-3159
-16845
-27275
-32428
-31305
-24119
-12260
1977
15833
26622
32247
31615
24845
13249
-923
-14918
-26016
-32055
-31858
-25461
-14105
0
14107
25468
31864
32046
25975
14832
792
-13405
-24986
-31684
-32188
-26395
-15435
-1452
12817
24578
31525
32292
26727
15917
1981
-12345
-24250
-31393
-32366
-26976
-16280
-2378
11993
24006
31293
32415
27148
16527
2644
-11762
-23850
-31230
-32442
-27244
-16660
-2779
11653
23783
31206
32451
27267
16679
2783
-11667
-23806
-31222
-32441
-27217
-16586
-2656
11803
23919
31277
32412
27094
16378
2398
-12062
-24120
-31370
-32361
-26894
-16056
-2009
12441
24407
31496
32285
26615
15616
1488
-12939
-24777
-31650
-32178
-26251
-15055
-836
13553
25223
31826
32033
25797
14372
52
-14280
-25739
-32015
-31841
-25247
-13561
863
15115
26318
32208
31592
24592
12618
-1908
-16052
-26950
-32393
-31276
-23823
-11540
3083
17085
27622
32556
30880
22932
10324
-4384
-18204
-28323
-32682
-30389
-21909
-8965
5807
19399
29038
32755
29790
20744
7461
-7347
-20658
-29748
-32757
-29067
-19428
-5811
8997
21966
30436
32669
28203
17952
4016
-10746
-23305
-31079
-32468
-27184
-16309
-2077
12583
24657
31656
32135
25992
14491
0
-14493
-25999
-32139
-31644
-24613
-12494
2208
16457
27304
32503
30975
23032
10317
-4537
-18454
-28547
-32719
-30103
-21238
-7961
6971
20458
29694
32757
29007
19220
5431
-9491
-22439
-30713
-32587
-27666
-16973
-2736
12073
24364
31568
32177
26060
14492
-108
-14689
-26197
-32222
-31498
-24174
-11781
3083
17304
27896
32634
30520
21996
8847
-6162
-19879
-29416
-32766
-29219
-19519
-5706
9311
22368
30711
32578
27570
16743
2378
-12491
-24723
-31732
-32033
-25558
-13674
1105
15653
26888
32428
31095
23169
10328
-4707
-18745
-28806
-32750
-29736
-20402
-6728
8378
21705
30414
32650
27932
17262
2911
-12062
-24465
-31651
-32083
-25665
-13765
1077
15692
26955
32455
31012
22932
9941
-5180
-19194
-29098
-32765
-29406
-19738
-5832
9326
22486
30817
32526
27244
16102
1495
-13436
-25478
-32035
-31693
-24521
-12062
2999
17416
28078
32680
30226
21243
7668
-7565
-21167
-30192
-32685
-28105
-17438
-2992
12103
24578
31727
31995
25321
13150
-1876
-16499
-27539
-32596
-30567
-21889
-8448
6833
20630
29936
32722
28377
17845
3419
-11753
-24364
-31659
-32040
-25423
-13249
1823
16499
27568
32607
30508
21729
8189
-7147
-20920
-30108
-32693
-28105
-17347
-2779
12401
24860
31856
31850
24838
12360
-2839
-17416
-28160
-32702
-30037
-20749
-6884
8501
22013
30668
32552
27244
15915
1066
-14020
-26008
-32243
-31342
-23500
-10451
4915
19194
29220
32766
29042
18871
4509
-10856
-23813
-31479
-32147
-25665
-13473
1720
16533
27666
32637
30335
21271
7461
-8015
-21705
-30552
-32578
-27327
-15968
-1038
14125
26133
32294
31228
23169
9920
-5554
-19786
-29584
-32748
-28565
-17970
-3339
12043
24723
31849
31816
24627
11897
-3511
-18132
-28673
-32755
-29458
-19519
-5177
10334
23516
31393
32182
25702
13414
-1907
-16800
-27896
-32682
-30072
-20653
-6555
9029
22570
30997
32395
26445
14492
-751
-15827
-27310
-32589
-30461
-21406
-7481
8148
21926
30713
32507
26894
15151
-48
-15238
-26955
-32522
-30664
-21804
-7961
7702
21608
30575
32549
27076
15403
202
-15047
-26852
-32503
-30703
-21861
-8002
7696
21629
30598
32538
27001
15255
0
-15257
-27007
-32541
-30582
-21579
-7602
8129
21989
30779
32468
26664
14703
-655
-15865
-27411
-32621
-30288
-20948
-6758
8997
22672
31098
32318
26047
13736
-1763
-16855
-28038
-32713
-29790
-19946
-5464
10289
23653
31516
32046
25116
12336
-3319
-18204
-28847
-32766
-29042
-18541
-3711
11987
24889
31977
31593
23823
10480
-5316
-19871
-29777
-32711
-27983
-16697
-1495
14059
26318
32404
30885
22114
8148
-7733
-21801
-30745
-32460
-26539
-14372
1180
16457
27860
32699
29832
19930
5325
-10537
-23916
-31650
-31910
-24631
-11530
4298
19113
29409
32747
28334
17210
2009
-13670
-26112
-32365
-30942
-22178
-8148
7817
21929
30833
32412
26285
13907
-1780
-17047
-28259
-32743
-29429
-19103
-4222
11667
24777
31977
31548
23586
9991
-5992
-20546
-30192
-32619
-27244
-15350
219
15739
27492
32660
30001
20149
5464
-10533
-24006
-31719
-31816
-24270
-10892
5106
19879
29873
32681
27625
15917
373
-15261
-27221
-32621
-30156
-20416
-5748
10308
23879
31684
31836
24293
10875
-5173
-19973
-29942
-32665
-27477
-15633
0
15636
27483
32666
29925
19920
5078
-10999
-24407
-31886
-31615
-23656
-9941
6193
20824
30386
32549
26782
14487
-1341
-16845
-28242
-32749
-29262
-18630
-3445
12583
25539
32252
31078
22301
8064
-8148
-22368
-31111
-32231
-25451
-12429
3643
18824
29387
32737
28047
16465
836
-15001
-27152
-32625
-30072
-20115
-5205
10989
24479
31937
31523
23335
9388
-6876
-21447
-30723
-32412
-26092
-13322
2743
18132
29038
32759
28371
16955
1338
-14612
-26944
-32596
-30164
-20247
-5304
10958
24501
31960
31477
23169
9099
-7236
-21774
-30894
-32323
-25702
-12676
3510
18824
29446
32724
27837
16000
166
-15711
-27666
-32707
-29572
-19041
-3744
12491
25602
32304
30916
21780
7184
-9215
-23305
-31551
-31880
-24205
-10451
5930
20824
30486
32483
26311
13518
-2679
-18204
-29147
-32749
-28098
-16364
-502
15488
27574
32702
29574
18976
3583
-12717
-25806
-32371
-30748
-21345
-6538
9926
23879
31785
31636
23467
9346
-7147
-21830
-30974
-32254
-25342
-11991
4409
19692
29968
32623
26976
14462
-1736
-17495
-28798
-32764
-28377
-16752
-852
15267
27492
32699
29554
18857
3339
-13034
-26077
-32450
-30520
-20777
-5712
10817
24578
32042
31291
22515
7961
-8637
-23021
-31496
-31881
-24075
-10079
6509
21426
30833
32307
25463
12062
-4448
-19815
-30076
-32585
-26689
-13907
2465
18204
29244
32732
27762
15616
-569
-16610
-28356
-32765
-28692
-17189
-1231
15047
27428
32699
29490
18630
2932
-13528
-26478
-32552
-30168
-19943
-4530
12062
25519
32337
30737
21133
6022
-10659
-24565
-32068
-31208
-22206
-7407
9326
23628
31760
31593
23169
8686
-8070
-22719
-31423
-31903
-24028
-9858
6896
21846
31070
32147
24790
10926
-5807
-21019
-30711
-32336
-25461
-11891
4807
20244
30356
32478
26047
12755
-3899
-19528
-30012
-32581
-26556
-13521
3083
18877
29687
32654
26991
14192
-2362
-18294
-29387
-32703
-27360
-14769
1736
17784
29119
32734
27666
15255
-1206
-17349
-28887
-32752
-27913
-15652
771
16993
28695
32761
28105
15962
-434
-16717
-28547
-32765
-28244
-16186
193
16523
28443
32766
28334
16326
-48
-16412
-28387
-32766
-28374
-16382
0
0
0
0
0
0
0
0
0
0
0
0
0
0
0
0
0
0
0
0
0
0
0
0
0
0
0
0
0
0
0
0
0
0
0
0
0
0
0
0
0
0
0
0
0
0
0
0
0
0
0
0
0
0
0
0
0
0
0
0
0
0
0
0
0
0
0
0
0
0
0
0
0
0
0
0
0
0
0
0
0
0
0
0
0
0
0
0
0
0
0
0
0
0
0
0
0
0
0
0
0
0
0
0
0
0
0
0
0
0
0
0
0
0
0
0
0
0
0
0
0
0
0
0
0
0
0
0
0
0
0
0
0
0
0
0
0
0
0
0
0
0
0
0
0
0
0
0
0
0
0
0
0
0
0
0
0
0
0
0
0
0
0
0
0
0
0
0
0
0
0
0
0
0
0
0
0
0
0
0
0
0
0
0
0
0
0
0
0
0
0
0
0
0
0
0
0
0
0
0
0
0
0
0
0
0
0
0
0
0
0
0
0
0
0
0
0
0
0
0
0
0
0
0
0
0
0
0
0
0
0
0
0
0
0
0
0
0
0
0
0
0
0
0
0
0
0
0
0
0
0
0
0
0
0
0
0
0
0
0
0
0
0
0
0
0
0
0
0
0
0
0
0
0
0
0
0
0
0
0
0
0
0
0
0
0
0
0
0
0
0
0
0
0
0
0
0
0
0
0
0
0
0
0
0
0
0
0
0
0
0
0
0
0
0
0
0
0
0
0
0
0
0
0
0
0
0
0
0
0
0
0
0
0
0
0
0
0
0
0
0
0
0
0
0
0
0
0
0
0
0
0
0
0
0
0
0
0
0
0
0
0
0
0
0
0
0
0
0
0
0
0
0
0
0
0
0
0
0
0
0
0
0
0
0
0
0
0
0
0
0
0
0
0
0
0
0
0
0
0
0
0
0
0
0
0
0
0
0
0
0
0
0
0
0
0
0
0
0
0
0
0
0
0
0
0
0
0
0
0
0
0
0
0
0
0
0
0
0
0
0
0
0
0
0
0
0
0
0
0
0
0
0
0
0
0
0
0
0
0
0
0
0
0
0
0
0
0
0
0
0
0
0
0
0
0
0
0
0
0
0
0
0
0
0
0
0
0
0
0
0
0
0
0
0
0
0
0
0
0
0
0
0
0
0
0
0
0
0
0
0
0
0
0
0
0
0
0
0
0
0
0
0
0
0
0
0
0
0
0
0
0
0
0
0
0
0
0
0
0
0
0
0
0
0
0
0
0
0
0
0
0
0
0
0
0
0
0
0
0
0
0
0
0
0
0
0
0
0
0
0
0
0
0
0
0
0
0
0
0
0
0
0
0
0
0
0
0
0
0
0
0
0
0
0
0
0
0
0
0
0
0
0
0
0
0
0
0
0
0
0
0
0
0
0
0
0
0
0
0
0
0
0
0
0
0
0
0
0
0
0
0
0
0
0
0
0
0
0
0
0
0
0
0
0
0
0
0
0
0
0
0
0
0
0
0
0
0
0
0
0
0
0
0
0
0
0
0
0
0
0
0
0
0
0
0
0
0
0
0
0
0
0
0
0
0
0
0
0
0
0
0
0
0
0
0
0
0
0
0
0
0
0
0
0
0
0
0
0
0
0
0
0
0
0
0
0
0
0
0
0
0
0
0
0
0
0
0
0
0
0
0
0
0
0
0
0
0
0
0
0
0
0
0
0
0
0
0
0
0
0
0
0
0
0
0
0
0
0
0
0
0
0
0
0
0
0
0
0
0
0
0
0
0
0
0
0
0
0
0
0
0
0
0
0
0
0
0
0
0
0
0
0
0
0
0
0
0
0
0
0
0
0
0
0
0
0
0
0
0
0
0
0
0
0
0
0
0
0
0
0
0
0
0
0
0
0
0
0
0
0
0
0
0
0
0
0
0
0
0
0
0
0
0
0
0
0
0
0
0
0
0
0
0
0
0
0
0
0
0
0
0
0
0
0
0
0
0
0
0
0
0
0
0
0
0
0
0
0
0
0
0
0
0
0
0
0
0
0
0
0
0
0
0
0
0
0
0
0
0
0
0
0
0
0
0
0
0
0
0
0
0
0
0
0
0
0
0
0
0
0
0
0
0
0
0
0
0
0
0
0
0
0
0
0
0
0
0
0
0
0
0
0
0
0
0
0
0
0
0
0
0
0
0
0
0
0
0
0
0
2849
2949
3221
3589
3940
4147
4092
3692
2912
1778
371
-1178
-2713
-4075
-5126
-5771
-5973
-5757
-5202
-4429
-3576
-2774
-2125
-1684
-1451
-1373
-1356
-1285
-1048
-560
215
1258
2487
3771
4947
5848
6331
6300
5725
4653
3201
1540
-125
-1592
-2686
-3289
-3355
-2918
-2087
-1024
78
1031
1675
1907
1691
1069
144
-933
-1996
-2884
-3472
-3688
-3526
-3041
-2338
-1552
-820
-260
52
100
-77
-390
-715
-917
-876
-513
195
1209
2427
3696
4839
5681
6071
5915
5185
3928
2264
369
-1551
-3283
-4637
-5471
-5708
-5344
-4445
-3139
-1592
7
1481
2674
3476
3824
3713
3184
2315
1211
-11
-1239
-2369
-3317
-4018
-4431
-4534
-4323
-3812
-3032
-2028
-863
385
1626
2762
3695
4334
4611
4489
3970
3100
1970
704
-546
-1627
-2395
-2743
-2611
-2002
-980
333
1773
3152
4284
5009
5213
4847
3926
2535
811
-1072
-2930
-4587
-5900
-6774
-7167
-7094
-6614
-5820
-4820
-3718
-2603
-1536
-548
356
1194
1992
2770
3536
4278
4963
5538
5944
6122
6027
5638
4965
4049
2956
1771
582
-529
-1502
-2304
-2931
-3405
-3768
-4064
-4330
-4582
-4807
-4965
-4988
-4797
-4316
-3491
-2305
-792
955
2798
4558
6039
7058
7466
7179
6190
4576
2497
174
-2132
-4160
-5677
-6512
-6580
-5891
-4551
-2748
-722
1263
2959
4163
4747
4672
3986
2823
1371
-148
-1519
-2554
-3123
-3171
-2714
-1841
-690
568
1763
2739
3383
3633
3483
2977
2198
1251
247
-712
-1549
-2215
-2689
-2979
-3106
-3102
-2993
-2800
-2531
-2184
-1753
-1231
-622
55
766
1458
2066
2526
2781
2792
2552
2084
1445
717
-1
-612
-1030
-1201
-1106
-768
-250
354
939
1399
1649
1641
1367
871
232
-438
-1020
-1404
-1509
-1299
-792
-59
783
1592
2219
2529
2429
1883
918
-371
-1842
-3312
-4591
-5507
-5929
-5789
-5091
-3913
-2394
-717
919
2328
3359
3922
4000
3647
2980
2162
1370
773
500
620
1130
1951
2942
3917
4676
5033
4849
4052
2657
766
-1441
-3729
-5835
-7505
-8525
-8757
-8154
-6773
-4767
-2367
144
2471
4341
5541
5945
5529
4376
2660
628
-1434
-3248
-4564
-5208
-5095
-4241
-2759
-843
1260
3289
4993
6176
6711
6564
5785
4504
2908
1210
-379
-1687
-2591
-3046
-3074
-2764
-2252
-1692
-1232
-988
-1022
-1332
-1855
-2474
-3037
-3389
-3393
-2958
-2058
-739
880
2627
4291
5657
6533
6782
6339
5223
3539
1463
-781
-2948
-4802
-6150
-6863
-6891
-6264
-5090
-3532
-1788
-60
1471
2668
3450
3798
3751
3396
2846
2221
1631
1157
841
689
668
722
786
795
705
495
172
-228
-654
-1045
-1344
-1512
-1532
-1414
-1196
-930
-677
-495
-424
-481
-655
-906
-1176
-1394
-1495
-1428
-1170
-731
-154
487
1104
1600
1893
1925
1675
1163
455
-354
-1146
-1797
-2196
-2262
-1953
-1276
-284
925
2230
3491
4571
5353
5750
5715
5242
4368
3159
1709
122
-1493
-3035
-4415
-5561
-6416
-6944
-7123
-6944
-6416
-5561
-4415
-3035
-1493
122
1709
3159
4368
5242
5715
5750
5353
4571
3491
2230
925
-284
-1276
-1953
-2262
-2196
-1797
-1146
-354
455
1163
1675
1925
1893
1600
1104
487
-154
-731
-1170
-1428
-1495
-1394
-1176
-906
-655
-481
-424
-495
-677
-930
-1196
-1414
-1532
-1512
-1344
-1045
-654
-228
172
495
705
795
786
722
668
689
841
1157
1631
2221
2846
3396
3751
3798
3450
2668
1471
-60
-1788
-3532
-5090
-6264
-6891
-6863
-6150
-4802
-2948
-781
1463
3539
5223
6339
6782
6533
5657
4291
2627
880
-739
-2058
-2958
-3393
-3389
-3037
-2474
-1855
-1332
-1022
-988
-1232
-1692
-2252
-2764
-3074
-3046
-2591
-1687
-379
1210
2908
4504
5785
6564
6711
6176
4993
3289
1260
-843
-2759
-4241
-5095
-5208
-4564
-3248
-1434
628
2660
4376
5529
5945
5541
4341
2471
144
-2367
-4767
-6773
-8154
-8757
-8525
-7505
-5835
-3729
-1441
766
2657
4052
4849
5033
4676
3917
2942
1951
1130
620
500
773
1370
2162
2980
3647
4000
3922
3359
2328
919
-717
-2394
-3913
-5091
-5789
-5929
-5507
-4591
-3312
-1842
-371
918
1883
2429
2529
2219
1592
783
-59
-792
-1299
-1509
-1404
-1020
-438
232
871
1367
1641
1649
1399
939
354
-250
-768
-1106
-1201
-1030
-612
-1
717
1445
2084
2552
2792
2781
2526
2066
1458
766
55
-622
-1231
-1753
-2184
-2531
-2800
-2993
-3102
-3106
-2979
-2689
-2215
-1549
-712
247
1251
2198
2977
3483
3633
3383
2739
1763
568
-690
-1841
-2714
-3171
-3123
-2554
-1519
-148
1371
2823
3986
4672
4747
4163
2959
1263
-722
-2748
-4551
-5891
-6580
-6512
-5677
-4160
-2132
174
2497
4576
6190
7179
7466
7058
6039
4558
2798
955
-792
-2305
-3491
-4316
-4797
-4988
-4965
-4807
-4582
-4330
-4064
-3768
-3405
-2931
-2304
-1502
-529
582
1771
2956
4049
4965
5638
6027
6122
5944
5538
4963
4278
3536
2770
1992
1194
356
-548
-1536
-2603
-3718
-4820
-5820
-6614
-7094
-7167
-6774
-5900
-4587
-2930
-1072
811
2535
3926
4847
5213
5009
4284
3152
1773
333
-980
-2002
-2611
-2743
-2395
-1627
-546
704
1970
3100
3970
4489
4611
4334
3695
2762
1626
385
-863
-2028
-3032
-3812
-4323
-4534
-4431
-4018
-3317
-2369
-1239
-11
1211
2315
3184
3713
3824
3476
2674
1481
7
-1592
-3139
-4445
-5344
-5708
-5471
-4637
-3283
-1551
369
2264
3928
5185
5915
6071
5681
4839
3696
2427
1209
195
-513
-876
-917
-715
-390
-77
100
52
-260
-820
-1552
-2338
-3041
-3526
-3688
-3472
-2884
-1996
-933
144
1069
1691
1907
1675
1031
78
-1024
-2087
-2918
-3355
-3289
-2686
-1592
-125
1540
3201
4653
5725
6300
6331
5848
4947
3771
2487
1258
215
-560
-1048
-1285
-1356
-1373
-1451
-1684
-2125
-2774
-3576
-4429
-5202
-5757
-5973
-5771
-5126
-4075
-2713
-1178
371
1778
2912
3692
4092
4147
3940
3589
3221
2949
0
0
0
0
0
0
0
0
0
0
0
0
0
0
0
0
0
0
0
0
0
0
0
0
0
0
0
0
0
0
0
0
0
0
0
0
0
0
0
0
0
0
0
0
0
0
0
0
0
0
0
0
0
0
0
0
0
0
0
0
0
0
0
0
0
0
0
4273
3862
2687
914
-1202
-3363
-5258
-6614
-7229
-7001
-5940
-4164
-1880
646
3127
5291
6919
7870
8096
7639
6620
5216
3629
2057
663
-440
-1208
-1656
-1850
-1892
-1893
-1951
-2133
-2460
-2908
-3410
-3871
-4185
-4258
-4023
-3458
-2587
-1484
-260
955
2028
2845
3329
3449
3227
2731
2065
1354
720
268
66
138
459
961
1544
2092
2491
2645
2495
2021
1252
254
-870
-2007
-3036
-3854
-4382
-4578
-4436
-3989
-3297
-2442
-1512
-592
244
947
1487
1857
2069
2151
2134
2050
1928
1786
1633
1471
1295
1098
874
623
349
64
-213
-462
-660
-788
-832
-788
-658
-456
-203
73
341
570
729
794
746
577
289
-106
-587
-1122
-1669
-2185
-2623
-2935
-3084
-3038
-2784
-2322
-1674
-878
8
919
1781
2522
3080
3412
3495
3337
2969
2450
1854
1265
766
426
288
368
643
1059
1532
1957
2225
2237
1915
1222
164
-1200
-2768
-4395
-5915
-7153
-7953
-8192
-7799
-6767
-5158
-3099
-770
1612
3821
5645
6910
7501
7382
6592
5251
3539
1679
-94
-1561
-2543
-2929
-2688
-1873
-616
889
2417
3732
4628
4951
4622
3651
2133
236
-1816
-3782
-5426
-6554
-7039
-6838
-5994
-4633
-2944
-1150
520
1868
2747
3085
2892
2254
1322
280
-674
-1372
-1687
-1563
-1018
-139
929
2012
2929
3524
3694
3399
2675
1623
396
-820
-1848
-2531
-2770
-2528
-1847
-829
367
1563
2576
3255
3496
3262
2583
1555
315
-969
-2136
-3046
-3600
-3760
-3541
-3011
-2276
-1459
-679
-38
399
610
609
447
191
-86
-325
-483
-548
-535
-477
-418
-395
-430
-517
-622
-686
-634
-390
102
871
1895
3102
4377
5566
6501
7022
7005
6377
5141
3371
1215
-1127
-3428
-5458
-7020
-7976
-8262
-7899
-6987
-5685
-4192
-2711
-1423
-458
122
329
242
-10
-272
-390
-244
235
1051
2134
3360
4562
5562
6199
6352
5966
5059
3719
2097
381
-1228
-2552
-3451
-3850
-3746
-3205
-2349
-1339
-345
476
1009
1186
1004
515
-181
-960
-1688
-2248
-2554
-2565
-2288
-1772
-1100
-372
311
865
1233
1390
1346
1140
830
480
149
-115
-291
-374
-381
-340
-281
-232
-206
-202
-201
-175
-90
86
373
773
1266
1812
2354
2826
3161
3301
3206
2857
2261
1450
474
-601
-1708
-2774
-3732
-4526
-5107
-5438
-5491
-5246
-4692
-3833
-2686
-1290
292
1972
3635
5145
6359
7138
7365
6963
5913
4259
2118
-332
-2863
-5221
-7154
-8445
-8935
-8551
-7315
-5344
-2840
-63
2694
5153
7070
8274
8687
8321
7283
5746
3927
2054
331
-1085
-2105
-2713
-2958
-2943
-2796
-2645
-2596
-2708
-2988
-3388
-3818
-4162
-4302
-4144
-3635
-2774
-1619
-275
1118
2415
3478
4208
4557
4530
4190
3636
2990
2369
1866
1529
1357
1300
1269
1157
863
317
-499
-1547
-2725
-3882
-4842
-5428
-5502
-4981
-3868
-2253
-307
1736
3614
5073
5903
5977
5269
3864
1947
-221
-2340
-4112
-5287
-5698
-5287
-4112
-2340
-221
1947
3864
5269
5977
5903
5073
3614
1736
-307
-2253
-3868
-4981
-5502
-5428
-4842
-3882
-2725
-1547
-499
317
863
1157
1269
1300
1357
1529
1866
2369
2990
3636
4190
4530
4557
4208
3478
2415
1118
-275
-1619
-2774
-3635
-4144
-4302
-4162
-3818
-3388
-2988
-2708
-2596
-2645
-2796
-2943
-2958
-2713
-2105
-1085
331
2054
3927
5746
7283
8321
8687
8274
7070
5153
2694
-63
-2840
-5344
-7315
-8551
-8935
-8445
-7154
-5221
-2863
-332
2118
4259
5913
6963
7365
7138
6359
5145
3635
1972
292
-1290
-2686
-3833
-4692
-5246
-5491
-5438
-5107
-4526
-3732
-2774
-1708
-601
474
1450
2261
2857
3206
3301
3161
2826
2354
1812
1266
773
373
86
-90
-175
-201
-202
-206
-232
-281
-340
-381
-374
-291
-115
149
480
830
1140
1346
1390
1233
865
311
-372
-1100
-1772
-2288
-2565
-2554
-2248
-1688
-960
-181
515
1004
1186
1009
476
-345
-1339
-2349
-3205
-3746
-3850
-3451
-2552
-1228
381
2097
3719
5059
5966
6352
6199
5562
4562
3360
2134
1051
235
-244
-390
-272
-10
242
329
122
-458
-1423
-2711
-4192
-5685
-6987
-7899
-8262
-7976
-7020
-5458
-3428
-1127
1215
3371
5141
6377
7005
7022
6501
5566
4377
3102
1895
871
102
-390
-634
-686
-622
-517
-430
-395
-418
-477
-535
-548
-483
-325
-86
191
447
609
610
399
-38
-679
-1459
-2276
-3011
-3541
-3760
-3600
-3046
-2136
-969
315
1555
2583
3262
3496
3255
2576
1563
367
-829
-1847
-2528
-2770
-2531
-1848
-820
396
1623
2675
3399
3694
3524
2929
2012
929
-139
-1018
-1563
-1687
-1372
-674
280
1322
2254
2892
3085
2747
1868
520
-1150
-2944
-4633
-5994
-6838
-7039
-6554
-5426
-3782
-1816
236
2133
3651
4622
4951
4628
3732
2417
889
-616
-1873
-2688
-2929
-2543
-1561
-94
1679
3539
5251
6592
7382
7501
6910
5645
3821
1612
-770
-3099
-5158
-6767
-7799
-8192
-7953
-7153
-5915
-4395
-2768
-1200
164
1222
1915
2237
2225
1957
1532
1059
643
368
288
426
766
1265
1854
2450
2969
3337
3495
3412
3080
2522
1781
919
8
-878
-1674
-2322
-2784
-3038
-3084
-2935
-2623
-2185
-1669
-1122
-587
-106
289
577
746
794
729
570
341
73
-203
-456
-658
-788
-832
-788
-660
-462
-213
64
349
623
874
1098
1295
1471
1633
1786
1928
2050
2134
2151
2069
1857
1487
947
244
-592
-1512
-2442
-3297
-3989
-4436
-4578
-4382
-3854
-3036
-2007
-870
254
1252
2021
2495
2645
2491
2092
1544
961
459
138
66
268
720
1354
2065
2731
3227
3449
3329
2845
2028
955
-260
-1484
-2587
-3458
-4023
-4258
-4185
-3871
-3410
-2908
-2460
-2133
-1951
-1893
-1892
-1850
-1656
-1208
-440
663
2057
3629
5216
6620
7639
8096
7870
6919
5291
3127
646
-1880
-4164
-5940
-7001
-7229
-6614
-5258
-3363
-1202
914
2687
3862
0
0
0
0
0
0
0
0
0
0
0
0
0
0
0
0
0
0
0
0
0
0
0
0
0
0
0
0
0
0
0
0
0
0
0
0
0
0
0
0
0
0
0
0
0
0
0
0
0
0
0
0
0
0
0
0
0
0
0
0
0
0
0
0
0
0
0
1424
1380
1255
1070
854
644
476
378
370
454
615
823
1030
1181
1218
1090
758
207
-552
-1480
-2510
-3550
-4492
-5225
-5644
-5668
-5243
-4360
-3054
-1404
466
2406
4245
5813
6957
7556
7535
6878
5625
3878
1786
-464
-2669
-4623
-6142
-7081
-7346
-6906
-5798
-4119
-2022
298
2628
4750
6464
7607
8070
7804
6829
5231
3152
781
-1669
-3977
-5936
-7375
-8171
-8265
-7666
-6446
-4739
-2720
-592
1439
3186
4494
5263
5454
5091
4257
3084
1734
381
-809
-1703
-2208
-2283
-1948
-1271
-361
643
1600
2374
2859
2988
2738
2136
1252
184
-946
-2019
-2923
-3571
-3909
-3917
-3613
-3045
-2282
-1407
-503
353
1101
1699
2125
2377
2470
2426
2279
2058
1794
1511
1225
948
685
437
201
-26
-252
-483
-723
-977
-1244
-1523
-1805
-2075
-2312
-2491
-2580
-2551
-2377
-2040
-1536
-878
-93
770
1654
2490
3210
3754
4075
4150
3977
3579
3000
2296
1528
753
17
-653
-1249
-1780
-2266
-2731
-3189
-3642
-4067
-4421
-4639
-4643
-4359
-3728
-2724
-1363
286
2111
3952
5628
6952
7762
7937
7425
6246
4500
2358
37
-2218
-4175
-5638
-6472
-6626
-6134
-5110
-3729
-2201
-738
475
1310
1710
1695
1354
830
288
-110
-240
-34
503
1299
2219
3093
3744
4020
3821
3121
1974
510
-1083
-2590
-3800
-4540
-4705
-4273
-3314
-1974
-459
1002
2195
2949
3169
2848
2067
984
-198
-1264
-2024
-2345
-2176
-1559
-618
457
1446
2136
2362
2035
1163
-141
-1685
-3214
-4455
-5164
-5164
-4379
-2850
-736
1705
4160
6292
7801
8467
8181
6967
4975
2465
-232
-2769
-4821
-6141
-6594
-6168
-4982
-3255
-1279
634
2197
3189
3491
3097
2110
726
-806
-2225
-3297
-3857
-3829
-3240
-2213
-937
357
1444
2136
2320
1968
1152
23
-1210
-2315
-3076
-3323
-2965
-2002
-525
1295
3238
5059
6533
7478
7784
7427
6462
5018
3273
1424
-337
-1857
-3030
-3814
-4230
-4347
-4266
-4103
-3962
-3917
-4007
-4222
-4516
-4809
-5008
-5021
-4772
-4216
-3343
-2180
-789
743
2317
3830
5187
6312
7147
7659
7834
7677
7209
6462
5475
4298
2987
1605
224
-1083
-2242
-3188
-3866
-4245
-4321
-4122
-3704
-3150
-2560
-2034
-1663
-1511
-1605
-1930
-2427
-3000
-3527
-3884
-3955
-3660
-2964
-1886
-502
1063
2656
4107
5260
5992
6229
5961
5238
4167
2893
1582
392
-544
-1139
-1364
-1244
-859
-321
235
685
926
897
583
22
-704
-1492
-2220
-2779
-3084
-3090
-2795
-2242
-1509
-698
83
736
1186
1390
1344
1082
663
167
-322
-731
-1002
-1103
-1031
-808
-476
-88
299
637
889
1035
1071
1010
873
689
489
299
139
24
-37
-42
7
111
263
457
680
917
1146
1338
1462
1487
1386
1142
755
242
-357
-991
-1590
-2086
-2413
-2527
-2406
-2063
-1541
-915
-276
273
645
769
613
189
-446
-1201
-1951
-2565
-2920
-2920
-2517
-1713
-571
798
2246
3607
4719
5445
5698
5445
4719
3607
2246
798
-571
-1713
-2517
-2920
-2920
-2565
-1951
-1201
-446
189
613
769
645
273
-276
-915
-1541
-2063
-2406
-2527
-2413
-2086
-1590
-991
-357
242
755
1142
1386
1487
1462
1338
1146
917
680
457
263
111
7
-42
-37
24
139
299
489
689
873
1010
1071
1035
889
637
299
-88
-476
-808
-1031
-1103
-1002
-731
-322
167
663
1082
1344
1390
1186
736
83
-698
-1509
-2242
-2795
-3090
-3084
-2779
-2220
-1492
-704
22
583
897
926
685
235
-321
-859
-1244
-1364
-1139
-544
392
1582
2893
4167
5238
5961
6229
5992
5260
4107
2656
1063
-502
-1886
-2964
-3660
-3955
-3884
-3527
-3000
-2427
-1930
-1605
-1511
-1663
-2034
-2560
-3150
-3704
-4122
-4321
-4245
-3866
-3188
-2242
-1083
224
1605
2987
4298
5475
6462
7209
7677
7834
7659
7147
6312
5187
3830
2317
743
-789
-2180
-3343
-4216
-4772
-5021
-5008
-4809
-4516
-4222
-4007
-3917
-3962
-4103
-4266
-4347
-4230
-3814
-3030
-1857
-337
1424
3273
5018
6462
7427
7784
7478
6533
5059
3238
1295
-525
-2002
-2965
-3323
-3076
-2315
-1210
23
1152
1968
2320
2136
1444
357
-937
-2213
-3240
-3829
-3857
-3297
-2225
-806
726
2110
3097
3491
3189
2197
634
-1279
-3255
-4982
-6168
-6594
-6141
-4821
-2769
-232
2465
4975
6967
8181
8467
7801
6292
4160
1705
-736
-2850
-4379
-5164
-5164
-4455
-3214
-1685
-141
1163
2035
2362
2136
1446
457
-618
-1559
-2176
-2345
-2024
-1264
-198
984
2067
2848
3169
2949
2195
1002
-459
-1974
-3314
-4273
-4705
-4540
-3800
-2590
-1083
510
1974
3121
3821
4020
3744
3093
2219
1299
503
-34
-240
-110
288
830
1354
1695
1710
1310
475
-738
-2201
-3729
-5110
-6134
-6626
-6472
-5638
-4175
-2218
37
2358
4500
6246
7425
7937
7762
6952
5628
3952
2111
286
-1363
-2724
-3728
-4359
-4643
-4639
-4421
-4067
-3642
-3189
-2731
-2266
-1780
-1249
-653
17
753
1528
2296
3000
3579
3977
4150
4075
3754
3210
2490
1654
770
-93
-878
-1536
-2040
-2377
-2551
-2580
-2491
-2312
-2075
-1805
-1523
-1244
-977
-723
-483
-252
-26
201
437
685
948
1225
1511
1794
2058
2279
2426
2470
2377
2125
1699
1101
353
-503
-1407
-2282
-3045
-3613
-3917
-3909
-3571
-2923
-2019
-946
184
1252
2136
2738
2988
2859
2374
1600
643
-361
-1271
-1948
-2283
-2208
-1703
-809
381
1734
3084
4257
5091
5454
5263
4494
3186
1439
-592
-2720
-4739
-6446
-7666
-8265
-8171
-7375
-5936
-3977
-1669
781
3152
5231
6829
7804
8070
7607
6464
4750
2628
298
-2022
-4119
-5798
-6906
-7346
-7081
-6142
-4623
-2669
-464
1786
3878
5625
6878
7535
7556
6957
5813
4245
2406
466
-1404
-3054
-4360
-5243
-5668
-5644
-5225
-4492
-3550
-2510
-1480
-552
207
758
1090
1218
1181
1030
823
615
454
370
378
476
644
854
1070
1255
1380
0
0
0
0
0
0
0
0
0
0
0
0
0
0
0
0
0
0
0
0
0
0
0
0
0
0
0
0
0
0
0
0
0
0
0
0
0
0
0
0
0
0
0
0
0
0
0
0
0
0
0
0
0
0
0
0
0
0
0
0
0
0
0
0
0
0
0
