0
4278
8485
12550
16402
19973
23203
26035
28419
30314
31684
32507
32766
32456
31581
30156
28203
25758
22860
19561
15917
11991
7852
3573
-771
-5106
-9352
-13436
-17284
-20829
-24006
-26759
-29038
-30801
-32015
-32660
-32720
-32196
-31094
-29434
-27244
-24563
-21439
-17925
-14087
-9991
-5712
-1327
3083
7441
11667
15683
19415
22796
25762
28259
30239
31667
32514
32764
32412
31462
29931
27847
25247
22178
18696
14865
10755
6443
2009
-2465
-6896
-11201
-15299
-19113
-22570
-25606
-28162
-30190
-31650
-32514
-32764
-32394
-31411
-29832
-27686
-25012
-21861
-18292
-14372
-10175
-5781
-1274
3259
7733
12062
16161
19951
23359
26318
28771
30668
31973
32659
32711
32127
30919
29107
26727
23823
20452
16679
12577
8226
3711
-879
-5455
-9926
-14204
-18204
-21846
-25058
-27775
-29942
-31516
-32464
-32766
-32415
-31417
-29790
-27567
-24790
-21514
-17805
-13736
-9388
-4849
-209
4437
8997
13377
17489
21248
24578
27411
29687
31359
32393
32765
32468
31507
29899
27676
24884
21579
17828
13707
9301
4700
0
-4703
-9311
-13729
-17864
-21629
-24947
-27746
-29968
-31566
-32503
-32761
-32332
-31225
-29460
-27076
-24119
-20653
-16748
-12488
-7961
-3263
1506
6246
10856
15238
19298
22949
26112
28719
30713
32051
32702
32651
31900
30461
28366
25658
22395
18646
14492
10022
5332
524
-4298
-9029
-13567
-17811
-21669
-25055
-27896
-30127
-31699
-32577
-32739
-32182
-30916
-28967
-26379
-23206
-19519
-15397
-10932
-6222
-1372
3511
8320
12945
17284
21240
24723
27655
29968
31611
32545
32748
32214
30954
28995
26381
23169
19431
15252
10724
5950
1038
-3899
-8751
-13405
-17757
-21705
-25159
-28038
-30277
-31822
-32637
-32702
-32014
-30588
-28456
-25665
-22280
-18377
-14047
-9388
-4509
477
5455
10308
14924
19194
23018
26305
28979
30974
32243
32756
32498
31476
29711
27244
24133
20449
16280
11722
6884
1880
-3170
-8148
-12935
-17416
-21484
-25041
-28000
-30291
-31856
-32659
-32677
-31909
-30373
-28105
-25157
-21600
-17520
-13013
-8189
-3163
1941
7001
11893
16499
20705
24407
27516
29953
31659
32589
32721
32049
30590
28377
25463
21921
17836
13307
8448
3377
-1780
-6896
-11843
-16499
-20746
-24479
-27603
-30040
-31727
-32621
-32699
-31957
-30413
-28105
-25088
-21439
-17247
-12618
-7668
-2522
2689
7836
12787
17416
21605
25247
28248
30530
32035
32723
32574
31592
29801
27244
23987
20112
15718
10917
5832
595
-4660
-9798
-14685
-19194
-23208
-26622
-29345
-31307
-32455
-32757
-32206
-30813
-28614
-25665
-22043
-17841
-13169
-8148
-2911
2405
7661
12717
17440
21705
25397
28419
30689
32146
32750
32483
31352
29385
26633
23169
19084
14487
9500
4255
-1105
-6439
-11603
-16457
-20870
-24723
-27911
-30346
-31961
-32712
-32578
-31559
-29684
-27001
-23582
-19519
-14922
-9916
-4636
771
6162
11386
16301
20770
24671
27896
30354
31977
32719
32558
31498
29565
26813
23317
19172
14492
9407
4058
-1405
-6833
-12073
-16978
-21411
-25247
-28377
-30713
-32188
-32760
-32410
-31148
-29007
-26047
-22351
-18021
-13179
-7961
-2516
3003
8440
13640
18454
22745
26389
29282
31340
32503
32737
32033
30409
27913
24613
20604
16000
10932
5547
0
-5550
-10942
-16021
-20637
-24657
-27963
-30458
-32068
-32745
-32468
-31244
-29107
-26118
-22364
-17952
-13013
-7689
-2137
3479
8997
14252
19090
23367
26955
29748
31662
32640
32650
31691
29790
27003
23411
19119
14256
8965
3403
-2262
-7862
-13230
-18204
-22633
-26385
-29345
-31423
-32556
-32707
-31871
-30072
-27362
-23823
-19561
-14703
-9397
-3803
1908
7565
12994
18030
22517
26318
29316
31419
32559
32702
31841
30001
27238
23635
19302
14372
8996
3339
-2422
-8112
-13553
-18577
-23026
-26761
-29667
-31650
-32648
-32629
-31591
-29565
-26615
-22829
-18327
-13249
-7752
-2009
3799
9491
14886
19815
24120
27666
30338
32052
32751
32412
31044
28690
25423
21345
16586
11295
5642
-193
-6025
-11667
-16938
-21669
-25706
-28920
-31206
-32489
-32726
-31909
-30063
-27244
-23544
-19081
-13998
-8460
-2644
3259
9060
14569
19606
24006
27626
30346
32075
32756
32366
30916
28451
25051
20827
15917
10480
4696
-1244
-7147
-12817
-18065
-22719
-26622
-29644
-31684
-32674
-32578
-31398
-29173
-25975
-21909
-17110
-11737
-5969
0
5972
11747
17130
21941
26016
29217
31436
32596
32657
31615
29504
26395
22390
17625
12260
6476
470
-5554
-11392
-16845
-21726
-25867
-29127
-31393
-32585
-32662
-31619
-29491
-26349
-22301
-17483
-12062
-6222
-166
5898
11762
17222
22088
26191
29387
31566
32648
32597
31411
29131
25835
21636
16679
11138
5205
-912
-7001
-12847
-18244
-23003
-26955
-29960
-31912
-32739
-32412
-30940
-28374
-24803
-20353
-15179
-9465
-3413
2763
8843
14612
19863
24407
28083
30758
32334
32755
32003
30103
27124
23169
18381
12929
7010
836
-5370
-11386
-16993
-21989
-26191
-29446
-31636
-32680
-32538
-31214
-28754
-25247
-20819
-15630
-9868
-3744
2518
8692
14551
19879
24480
28184
30855
32393
32739
31880
29845
26709
22585
17625
12011
5950
-333
-6607
-12639
-18204
-23094
-27128
-30152
-32055
-32763
-32248
-30528
-27666
-23767
-18976
-13473
-7461
-1167
5173
11322
17047
22132
26385
29644
31785
32724
32427
30901
28203
24435
19738
14288
8294
1981
-4409
-10635
-16457
-21654
-26025
-29402
-31656
-32697
-32485
-31027
-28377
-24634
-19943
-14481
-8460
-2109
4324
10594
16457
21686
26077
29459
31699
32710
32451
30929
28203
24378
19601
14056
7961
1552
-4919
-11201
-17047
-22227
-26537
-29806
-31906
-32751
-32307
-30590
-27666
-23648
-18696
-13002
-6791
-309
6187
12441
18204
23246
27366
30398
32222
32762
31995
29951
26709
22398
17189
11289
4935
-1619
-8112
-14281
-19879
-24678
-28486
-31147
-32552
-32643
-31416
-28917
-25247
-20553
-15023
-8882
-2378
4225
10659
16662
21989
26421
29777
31918
32756
32254
30432
27362
23169
18024
12137
5748
-879
-7473
-13762
-19485
-24407
-28323
-31070
-32533
-32650
-31414
-28875
-25136
-20353
-14721
-8475
-1874
4807
11292
17307
22602
26955
30182
32146
32765
32010
29911
26556
22083
16679
10571
4016
-2711
-9326
-15551
-21121
-25799
-29387
-31732
-32732
-32344
-30582
-27520
-23286
-18060
-12062
-5547
1206
7911
14280
20041
24947
28786
31393
32653
32513
30975
28105
24024
18906
12972
6476
-301
-7069
-13534
-19415
-24458
-28443
-31196
-32596
-32580
-31148
-28360
-24336
-19250
-13322
-6811
0
6813
13332
19269
24364
28393
31178
32594
32578
31129
28309
24241
19103
13120
6555
-301
-7147
-13680
-19609
-24671
-28641
-31340
-32648
-32505
-30916
-27948
-23735
-18460
-12360
-5706
1206
8067
14569
20421
25359
29162
31656
32728
32328
30473
27244
22786
17298
11027
4255
-2711
-9557
-15974
-21669
-26383
-29901
-32062
-32766
-31979
-29736
-26137
-21345
-15577
-9095
-2195
4807
11593
17850
23291
27666
30771
32464
32665
31362
28614
24546
19345
13249
6538
-477
-7473
-14125
-20126
-25196
-29098
-31650
-32732
-32292
-30349
-26991
-22374
-16712
-10266
-3339
3746
10659
17076
22694
27251
30530
32377
32702
31489
28793
24740
19519
13375
6597
-494
-7565
-14281
-20323
-25404
-29282
-31772
-32753
-32178
-30072
-26533
-21729
-15887
-9285
-2238
4919
11843
18204
23695
28052
31066
32589
32548
30942
27847
23411
17845
11416
4435
-2763
-9830
-16425
-22227
-26955
-30378
-32330
-32713
-31507
-28769
-24631
-19293
-13013
-6096
1120
8285
15047
21076
26077
29802
32068
32763
31850
29372
25451
20276
14101
7230
0
-7232
-14111
-20295
-25478
-29402
-31872
-32764
-32033
-29711
-25913
-20827
-14703
-7845
-595
6688
13640
19914
25196
29220
31785
32759
32093
29819
26047
20967
14832
7950
664
-6656
-13645
-19948
-25247
-29273
-31822
-32763
-32046
-29706
-25861
-20703
-14492
-7543
-209
7138
14125
20396
25629
29557
31977
32766
31880
29363
25342
20022
13674
6622
-771
-8129
-15071
-21240
-26318
-30042
-32219
-32734
-31559
-28754
-24461
-18901
-12360
-5177
2276
9615
16457
22447
27271
30678
32489
32608
31026
27825
23169
17302
10527
3199
-4298
-11573
-18244
-23960
-28419
-31387
-32705
-32302
-30198
-26501
-21406
-15179
-8148
-684
6817
13962
20369
25700
29668
32064
32757
31710
28975
24698
19103
12488
5205
-2358
-9798
-16717
-22745
-27557
-30894
-32577
-32513
-30703
-27244
-22319
-16192
-9191
-1693
5898
13175
19743
25247
29388
31941
32765
31816
29141
24884
19276
12618
5272
-2362
-9871
-16845
-22903
-27714
-31014
-32621
-32445
-30495
-26875
-21781
-15492
-8351
-749
6896
14165
20658
26016
29942
32220
32721
31417
28377
23767
17841
10926
3403
-4310
-11787
-18613
-24407
-28847
-31684
-32759
-32010
-29476
-25298
-19707
-13013
-5590
2148
9769
16845
22980
27828
31116
32659
32366
30254
26438
21133
14635
7310
-430
-8148
-15409
-21801
-26962
-30598
-32502
-32563
-30778
-27244
-22162
-15818
-8572
-836
6950
14343
20920
26305
30190
32350
32661
31103
27762
22829
16586
9388
1649
-6187
-13670
-20369
-25898
-29936
-32249
-32702
-31267
-28024
-23161
-16955
-9766
-2009
5867
13405
20168
25762
29860
32222
32709
31291
28049
23169
16936
9711
1916
-5992
-13553
-20323
-25904
-29968
-32275
-32687
-31179
-27837
-22855
-16527
-9222
-1372
6562
14111
20829
26318
30252
32397
32623
30916
27374
22206
15718
8294
373
-7571
-15067
-21669
-26980
-30683
-32556
-32483
-30469
-26631
-21197
-14492
-6916
1077
9009
16402
22811
27851
31216
32702
32218
29790
25564
19793
12824
5078
-2978
-10856
-18080
-24210
-28873
-31785
-32766
-31757
-28816
-24119
-17952
-10689
-2772
5316
13083
20053
25799
29968
32304
32662
31017
27469
22233
15630
8064
0
-8067
-15639
-22251
-27492
-31038
-32669
-32282
-29899
-25665
-19840
-12785
-4935
3223
11185
18454
24578
29176
31960
32754
31507
28295
23317
16881
9388
1306
-6859
-14599
-21426
-26913
-30713
-32587
-32415
-30206
-26096
-20343
-13307
-5431
2789
10837
18204
24423
29100
31937
32755
31498
28244
23199
16679
9099
938
-7285
-15047
-21854
-27271
-30951
-32659
-32282
-29844
-25497
-19519
-12290
-4271
4023
12062
19330
25359
29762
32252
32670
30984
27303
21861
15008
7184
-1105
-9326
-16947
-23474
-28484
-31650
-32766
-31757
-28687
-23753
-17274
-9670
-1435
6896
14781
21705
27215
30951
32666
32248
29720
25247
19119
11737
3583
-4807
-12886
-20121
-26035
-30239
-32455
-32534
-30469
-26395
-20578
-13400
-5336
3083
11302
18775
25007
29584
32200
32681
30992
27244
21684
14679
6695
-1736
-10055
-17706
-24178
-29038
-31959
-32744
-31340
-27837
-22468
-15592
-7668
771
9163
16942
23583
28641
31772
32764
31548
28203
22955
16155
8261
-193
-8637
-16499
-23246
-28419
-31667
-32766
-31641
-28366
-23161
-16378
-8479
0
8482
16388
23178
28387
31659
32766
31633
28334
23092
16267
8323
-193
-8699
-16610
-23382
-28547
-31748
-32764
-31521
-28105
-22748
-15818
-7793
771
9287
17161
23850
28887
31923
32744
31292
27666
22114
15023
6884
-1736
-10238
-18030
-24565
-29387
-32158
-32681
-30919
-26991
-21173
-13868
-5590
3083
11543
19194
25499
30012
32414
32534
30361
26047
19895
12336
3903
-4807
-13181
-20625
-26610
-30711
-32637
-32248
-29569
-24790
-18247
-10405
-1820
6896
15124
22277
27843
31423
32760
31757
28483
23169
16196
8060
-655
-9326
-17331
-24094
-29127
-32068
-32703
-30984
-27033
-21133
-13707
-5289
3511
12062
19743
25999
30374
32552
32371
29844
25150
18630
10754
2094
-6719
-15047
-22282
-27896
-31478
-32765
-31661
-28244
-22763
-15616
-7324
1506
10228
18204
24847
29668
32313
32585
30461
26096
19809
12062
3423
-5469
-13962
-21426
-27310
-31178
-32740
-31881
-28661
-23317
-16242
-7961
912
9721
17811
24578
29519
32265
32608
30520
26157
19840
12041
3339
-5613
-14150
-21629
-27492
-31296
-32755
-31758
-28377
-22863
-15630
-7219
1736
10564
18599
25234
29968
32443
32468
30041
25342
18725
10689
1842
-7147
-15598
-22868
-28404
-31785
-32751
-31227
-27327
-21345
-13736
-5078
3969
12717
20496
26712
30887
32702
32014
28875
23522
16364
7950
-1077
-10024
-18204
-24986
-29848
-32414
-32483
-30050
-25298
-18593
-10451
-1499
7571
16058
23305
28750
31969
32711
30916
26720
20449
12587
3744
-5391
-14111
-21734
-27666
-31442
-32766
-31533
-27837
-21964
-14372
-5653
3510
12401
20323
26654
30894
32710
31957
28692
23169
15822
7226
-1941
-10958
-19113
-25762
-30378
-32596
-32237
-29328
-24096
-16955
-8469
691
9799
18132
25028
29936
32465
32412
29778
24772
17791
9388
234
-8940
-17404
-24479
-29598
-32350
-32513
-30072
-25219
-18342
-9991
-836
8388
16942
24135
29387
32275
32563
30226
25451
18620
10283
1113
-8148
-16754
-24006
-29316
-32252
-32574
-30254
-25477
-18630
-10266
-1066
8222
16845
24098
29390
32286
32549
30156
25298
18372
9941
695
-8610
-17213
-24407
-29603
-32371
-32482
-29925
-24908
-17841
-9305
0
9307
17850
24924
29942
32491
32356
29546
24293
17028
8351
-1019
-10308
-18745
-25629
-30386
-32621
-32145
-28995
-23432
-15917
-7073
2362
11603
19879
26497
30903
32728
31816
28241
22301
14491
5464
-4023
-13175
-21224
-27492
-31451
-32766
-31324
-27244
-20868
-12732
-3519
5992
15001
22745
28568
31977
32682
30619
25962
19103
10622
1238
-8253
-17047
-24394
-29668
-32420
-32412
-29643
-24347
-16973
-8148
1373
10781
19269
26112
30723
32705
31886
28334
22351
14449
5304
-4298
-13534
-21608
-27826
-31650
-32749
-31026
-26627
-19930
-11510
-2094
7504
16457
23989
29446
32355
32460
29752
24461
17046
8148
-1459
-10942
-19477
-26318
-30870
-32732
-31742
-27983
-21780
-13674
-4371
5316
14541
22496
28484
31977
32669
30495
25645
18541
9807
209
-9410
-18204
-25397
-30356
-32640
-32046
-28625
-22675
-14721
-5464
4278
13645
21806
28038
31787
32719
30748
26047
19032
10324
695
-8997
-17892
-25196
-30256
-32621
-32077
-28669
-22701
-14703
-5389
4409
13816
21989
28193
31872
32694
30582
25725
18555
9715
0
-9718
-18563
-25739
-30598
-32699
-31850
-28126
-21861
-13619
-4144
5708
15047
23026
28920
32194
32549
29951
24631
17073
7961
-1876
-11547
-20168
-26955
-31287
-32766
-31257
-26894
-20073
-11416
-1713
8148
17267
24807
30076
32589
32113
28690
22632
14492
5018
-4919
-14407
-22570
-28657
-32104
-32591
-30072
-24775
-17189
-8012
1907
11653
20323
27113
31393
32763
31094
26539
19519
10683
852
-9060
-18132
-25519
-30530
-32697
-31816
-27965
-21503
-13031
-3339
6667
16052
23938
29584
32459
32292
29097
23169
15065
5543
-4501
-14125
-22423
-28612
-32108
-32578
-29977
-24546
-16798
-7461
2582
12385
21019
27666
31694
32721
30647
25665
18247
9095
-923
-10856
-19760
-26786
-31264
-32766
-31146
-26556
-19431
-10451
-470
9557
18675
26008
30855
32749
31507
27244
20368
11537
1595
-8501
-17784
-25359
-30497
-32702
-31758
-27754
-21074
-12360
-2451
7696
17103
24860
30215
32648
31922
28105
21563
12929
3039
-7147
-16643
-24525
-30025
-32607
-32016
-28309
-21844
-13249
-3359
6859
16412
24364
29939
32588
32050
28377
21924
13322
3413
-6833
-16412
-24382
-29960
-32596
-32028
-28309
-21804
-13150
-3199
7069
16643
24578
30089
32630
31946
28105
21482
12732
2719
-7565
-17103
-24947
-30318
-32680
-31797
-27754
-20951
-12062
-1970
8320
17784
25478
30633
32732
31565
27244
20200
11134
952
-9326
-18675
-26154
-31014
-32765
-31228
-26556
-19215
-9941
333
10578
19760
26955
31436
32749
30759
25665
17979
8475
-1887
-12062
-21019
-27851
-31864
-32650
-30126
-24546
-16475
-6728
3703
13762
22423
28806
32258
32427
29291
23169
14683
4696
-5772
-15653
-23938
-29777
-32571
-32033
-28214
-21503
-12587
-2378
8077
17706
25519
30711
32748
31416
26850
19519
10175
-219
-10594
-19879
-27113
-31549
-32726
-30520
-25157
-17189
-7439
3083
13289
22119
28657
32222
32441
29289
23092
14492
4381
-6187
-16114
-24364
-30076
-32652
-31820
-27666
-20619
-11416
-1017
9491
19008
26537
31287
32757
30792
25595
17709
7961
-2625
-12939
-21894
-28547
-32194
-32451
-29286
-23032
-14346
-4144
6498
16457
24678
30291
32699
31644
27238
19943
10531
0
-10533
-19951
-27251
-31656
-32694
-30254
-24592
-16309
-6286
4409
14637
23305
29487
32519
32077
28203
21312
12137
1660
-8997
-18692
-26385
-31248
-32757
-30748
-25434
-17383
-7461
3266
13645
22556
29038
32390
32248
28625
21909
12824
2351
-8378
-18204
-26061
-31098
-32765
-30880
-25645
-17625
-7689
3083
13524
22496
29023
32393
32235
28565
21780
12618
2077
-8692
-18516
-26318
-31245
-32755
-30681
-25247
-17046
-6975
3863
14280
23132
29446
32527
32033
28015
20915
11510
836
-9932
-19609
-27125
-31650
-32682
-30103
-24198
-15616
-5304
5596
15880
24407
30232
32705
31550
26894
19250
9465
-1373
-12062
-21411
-28379
-32188
-32412
-29022
-22395
-13267
-2656
8253
18244
26197
31222
32754
30619
25054
16679
6433
-4537
-15001
-23783
-29895
-32648
-31731
-27244
-19690
-9916
976
11762
21224
28293
32170
32415
28997
22301
13080
2378
-8595
-18599
-26497
-31393
-32729
-30352
-24528
-15917
-5494
5554
15974
24578
30386
32734
31352
26395
18425
8351
-2679
-13405
-22602
-29217
-32491
-32046
-27932
-20616
-10936
0
10939
20625
27944
32055
32482
29173
22507
13249
2462
-8610
-18692
-26622
-31481
-32707
-30156
-24119
-15293
-4696
6446
16845
25296
30817
32766
30916
25477
17079
6695
-4468
-15115
-24006
-30106
-32702
-31489
-26606
-18620
-8460
2689
13528
22788
29387
32552
31909
27532
19930
9991
-1120
-12103
-21669
-28693
-32350
-32208
-28280
-21025
-11295
-234
10856
20671
28052
32127
32412
28871
21921
12379
1372
-9799
-19815
-27487
-31906
-32545
-29328
-22632
-13249
-2291
8940
19113
27016
31708
32629
29666
23169
13911
2992
-8285
-18577
-26654
-31549
-32677
-29899
-23544
-14372
-3477
7836
18214
26411
31442
32702
30037
23764
14635
3744
-7598
-18030
-26293
-31393
-32711
-30086
-23833
-14703
-3796
7571
18026
26305
31405
32707
30050
23753
14577
3632
-7754
-18204
-26446
-31479
-32688
-29925
-23522
-14256
-3253
8148
18560
26712
31608
32650
29706
23135
13736
2656
-8751
-19090
-27095
-31785
-32581
-29385
-22585
-13013
-1842
9557
19786
27585
31994
32468
28947
21861
12081
809
-10564
-20637
-28166
-32219
-32293
-28377
-20951
-10932
440
11762
21629
28819
32437
32033
27653
19840
9561
-1907
-13142
-22745
-29519
-32621
-31661
-26755
-18514
-7961
3586
14689
23960
30239
32740
31148
25658
16955
6128
-5469
-16384
-25247
-30944
-32759
-30461
-24336
-15151
-4058
7546
18204
26572
31595
32638
29565
22763
13087
1756
-9798
-20118
-27896
-32148
-32332
-28424
-20915
-10754
771
12203
22088
29171
32552
31797
27001
18769
8148
-3511
-14727
-24069
-30346
-32754
-30984
-25260
-16309
-5272
6439
17331
26008
31359
32696
29845
23169
13521
2137
-9523
-19964
-27843
-32146
-32318
-28334
-20703
-10405
1234
12717
22564
29503
32637
31559
26407
17841
6968
-4807
-15965
-25058
-30909
-32757
-30361
-24028
-14577
-3233
8533
19194
27364
31977
32433
28669
21173
10917
-762
-12345
-22321
-29387
-32619
-31592
-26438
-17828
-6884
4961
16161
25247
31028
32744
30168
23635
13998
2522
-9287
-19879
-27860
-32179
-32265
-28105
-20242
-9711
2101
13640
23382
30040
32733
31103
25362
16267
5018
-6896
-17901
-26537
-31659
-32585
-29190
-21921
-11741
0
11743
21929
29201
32589
31641
26480
17791
6728
-5233
-16499
-25566
-31222
-32709
-29826
-22955
-13013
-1327
10537
20994
28641
32450
31909
27088
18630
7668
-4324
-15739
-25041
-30976
-32744
-30105
-23411
-13561
-1880
10055
20637
28436
32397
31982
27244
18822
7852
-4182
-15653
-25007
-30974
-32743
-30072
-23319
-13400
-1660
10308
20879
28612
32455
31881
26966
18377
7282
-4807
-16245
-25468
-31216
-32702
-29720
-22675
-12528
-664
11292
21705
29147
32596
31576
26225
17274
5950
-6193
-17489
-26383
-31650
-32564
-28995
-21433
-10917
1105
12978
23064
29968
32737
30984
24950
15465
3839
-8320
-19330
-27666
-32170
-32217
-27796
-19519
-8531
3643
15314
24860
30951
32739
29972
23032
12884
938
-11141
-21669
-29176
-32613
-31498
-25982
-16835
-5332
6918
18204
26944
31912
32410
28366
20343
9465
-2743
-14569
-24351
-30713
-32759
-30198
-23387
-13283
-1306
10856
21492
29100
32604
31507
25962
16748
5166
-7147
-18454
-27152
-32008
-32332
-28076
-19840
-8789
3510
15314
24947
31038
32720
29752
22551
12140
0
-12143
-22559
-29762
-32723
-31017
-24884
-15198
-3339
8998
20053
28242
32393
31908
26854
17952
6476
-5930
-17489
-26541
-31785
-32465
-28481
-20402
-9388
2978
14918
24714
30951
32730
29790
22554
12062
-172
-12385
-22811
-29942
-32746
-30813
-24421
-14492
-2462
9926
20879
28806
32556
31581
26021
16679
4912
-7571
-18956
-27585
-32200
-32127
-27374
-18630
-7167
5342
17076
26318
31719
32485
28504
20353
9222
-3259
-15267
-25041
-31147
-32687
-29434
-21861
-11077
1334
13553
23783
30517
32764
30189
23169
12736
423
-11953
-22570
-29860
-32743
-30792
-24293
-14202
-2009
10483
21426
29201
32652
31267
25247
15482
3419
-9153
-20369
-28563
-32514
-31633
-26047
-16586
-4654
7973
19415
27967
32350
31910
26709
17520
5712
-6950
-18577
-27428
-32179
-32116
-27244
-18292
-6597
6088
17864
26962
32015
32263
27666
18910
7310
-5391
-17284
-26579
-31872
-32366
-27983
-19380
-7852
4862
16845
26287
31760
32433
28203
19707
8226
-4501
-16550
-26094
-31684
-32472
-28334
-19895
-8434
4310
16402
26003
31651
32486
28377
19946
8475
-4288
-16402
-26016
-31662
-32478
-28334
-19861
-8351
4437
16550
26133
31717
32445
28203
19638
8060
-4756
-16845
-26351
-31812
-32386
-27983
-19276
-7602
5243
17284
26666
31941
32293
27666
18769
6975
-5898
-17864
-27071
-32095
-32157
-27244
-18113
-6176
6719
18577
27557
32265
31968
26709
17302
5205
-7702
-19415
-28111
-32434
-31710
-26047
-16326
-4058
8843
20369
28719
32588
31368
25247
15179
2736
-10137
-21426
-29364
-32705
-30922
-24293
-13853
-1238
11573
22570
30025
32764
30353
23169
12339
-434
-13142
-23783
-30678
-32739
-29638
-21861
-10632
2276
14829
25041
31296
32604
28754
20353
8727
-4282
-16616
-26318
-31849
-32328
-27676
-18630
-6622
6439
18480
27585
32302
31880
26381
16679
4318
-8734
-20396
-28806
-32620
-31227
-24845
-14492
-1820
11144
22329
29942
32763
30335
23047
12062
-859
-13645
-24243
-30951
-32688
-29173
-20967
-9388
3703
16202
26094
31785
32354
27709
18593
6476
-6688
-18775
-27832
-32393
-31718
-25913
-15915
-3339
9779
21317
29402
32723
30737
23764
12933
0
-12935
-23772
-30745
-32720
-29372
-21243
-9654
3510
16105
26077
31798
32332
27590
18342
6096
-7147
-19226
-28162
-32493
-31507
-25362
-15061
-2291
10856
22227
29953
32765
30198
22670
11416
-1716
-14569
-25028
-31370
-32548
-28366
-19509
-7435
5867
18204
27539
32330
31782
25982
15887
3163
-10086
-21669
-29667
-32753
-30413
-23032
-11831
1334
14281
24860
31312
32563
28403
19519
7387
-5976
-18347
-27666
-32377
-31693
-25725
-15465
-2622
10659
22164
29968
32766
30086
22374
10917
-2369
-15261
-25599
-31650
-32396
-27709
-18372
-5950
7473
19643
28516
32596
31195
24546
13765
664
-12550
-23653
-30771
-32702
-29116
-20616
-8634
4807
17440
27128
32230
31881
26137
15968
3092
-10308
-21966
-29901
-32766
-30072
-22272
-10689
2711
15653
25937
31812
32275
27244
17574
4908
-8595
-20637
-29162
-32712
-30681
-23411
-12140
1206
14349
25041
31451
32480
27948
18630
6117
-7445
-19735
-28641
-32634
-31026
-24089
-13013
301
13567
24501
31222
32570
28309
19172
6728
-6876
-19298
-28393
-32589
-31159
-24347
-13326
0
13328
24354
31166
32585
28360
19220
6748
-6896
-19347
-28443
-32604
-31103
-24198
-13087
301
13640
24608
31294
32533
28105
18778
6176
-7504
-19879
-28786
-32669
-30847
-23635
-12290
1206
14493
25247
31583
32389
27520
17828
5008
-8692
-20870
-29387
-32745
-30352
-22624
-10917
2711
15865
26229
31977
32094
26556
16335
3233
-10442
-22277
-30182
-32757
-29546
-21112
-8944
4807
17712
27483
32390
31559
25136
14256
845
-12717
-24026
-31070
-32598
-28334
-19032
-6345
7473
19964
28903
32697
30666
23169
11540
-2148
-15456
-26008
-31918
-32127
-26596
-16309
-3103
10659
22517
30346
32741
29270
20553
8148
-5719
-18563
-28078
-32552
-31179
-24202
-12874
771
14281
25223
31625
32332
27214
17189
4062
-9798
-21894
-30040
-32762
-29565
-21025
-8682
5233
18204
27882
32514
31257
24336
13002
-691
-14262
-25247
-31650
-32307
-27094
-16955
-3732
10171
22227
30239
32747
29289
20494
7961
-6025
-18915
-28356
-32621
-30929
-23586
-11931
1907
15400
26077
31982
32033
26215
15592
2109
-11762
-23479
-30889
-32629
-28377
-18910
-5966
8077
20637
29402
32756
30080
21861
9613
-4409
-17621
-27585
-32459
-31342
-24435
-13013
816
14497
25499
31785
32188
26631
16140
2656
-11322
-23203
-30782
-32650
-28456
-18976
-5969
8148
20755
29503
32763
29925
21514
9095
-5021
-18204
-27995
-32564
-31058
-23753
-12011
1977
15598
26305
32095
31880
25698
14703
952
-12978
-24480
-31393
-32418
-27360
-17165
-3744
10381
22559
30497
32702
28754
19394
6380
-7836
-20580
-29446
-32762
-29899
-21393
-8847
5370
18577
28275
32630
30814
23169
11138
-3003
-16579
-27016
-32334
-31523
-24733
-13249
751
14612
25700
31906
32048
26096
15179
1372
-12698
-24354
-31371
-32412
-27273
-16932
-3359
10856
23003
30758
32638
28280
18514
5205
-9101
-21669
-30089
-32747
-29131
-19930
-6905
7445
20371
29387
32762
29844
21189
8460
-5898
-19125
-28673
-32702
-30433
-22301
-9868
4468
17946
27963
32585
30916
23274
11134
-3159
-16845
-27275
-32428
-31305
-24119
-12260
1977
15833
26622
32247
31615
24845
13249
-923
-14918
-26016
-32055
-31858
-25461
-14105
0
14107
25468
31864
32046
25975
14832
792
-13405
-24986
-31684
-32188
-26395
-15435
-1452
12817
24578
31525
32292
26727
15917
1981
-12345
-24250
-31393
-32366
-26976
-16280
-2378
11993
24006
31293
32415
27148
16527
2644
-11762
-23850
-31230
-32442
-27244
-16660
-2779
11653
23783
31206
32451
27267
16679
2783
-11667
-23806
-31222
-32441
-27217
-16586
-2656
11803
23919
31277
32412
27094
16378
2398
-12062
-24120
-31370
-32361
-26894
-16056
-2009
12441
24407
31496
32285
26615
15616
1488
-12939
-24777
-31650
-32178
-26251
-15055
-836
13553
25223
31826
32033
25797
14372
52
-14280
-25739
-32015
-31841
-25247
-13561
863
15115
26318
32208
31592
24592
12618
-1908
-16052
-26950
-32393
-31276
-23823
-11540
3083
17085
27622
32556
30880
22932
10324
-4384
-18204
-28323
-32682
-30389
-21909
-8965
5807
19399
29038
32755
29790
20744
7461
-7347
-20658
-29748
-32757
-29067
-19428
-5811
8997
21966
30436
32669
28203
17952
4016
-10746
-23305
-31079
-32468
-27184
-16309
-2077
12583
24657
31656
32135
25992
14491
0
-14493
-25999
-32139
-31644
-24613
-12494
2208
16457
27304
32503
30975
23032
10317
-4537
-18454
-28547
-32719
-30103
-21238
-7961
6971
20458
29694
32757
29007
19220
5431
-9491
-22439
-30713
-32587
-27666
-16973
-2736
12073
24364
31568
32177
26060
14492
-108
-14689
-26197
-32222
-31498
-24174
-11781
3083
17304
27896
32634
30520
21996
8847
-6162
-19879
-29416
-32766
-29219
-19519
-5706
9311
22368
30711
32578
27570
16743
2378
-12491
-24723
-31732
-32033
-25558
-13674
1105
15653
26888
32428
31095
23169
10328
-4707
-18745
-28806
-32750
-29736
-20402
-6728
8378
21705
30414
32650
27932
17262
2911
-12062
-24465
-31651
-32083
-25665
-13765
1077
15692
26955
32455
31012
22932
9941
-5180
-19194
-29098
-32765
-29406
-19738
-5832
9326
22486
30817
32526
27244
16102
1495
-13436
-25478
-32035
-31693
-24521
-12062
2999
17416
28078
32680
30226
21243
7668
-7565
-21167
-30192
-32685
-28105
-17438
-2992
12103
24578
31727
31995
25321
13150
-1876
-16499
-27539
-32596
-30567
-21889
-8448
6833
20630
29936
32722
28377
17845
3419
-11753
-24364
-31659
-32040
-25423
-13249
1823
16499
27568
32607
30508
21729
8189
-7147
-20920
-30108
-32693
-28105
-17347
-2779
12401
24860
31856
31850
24838
12360
-2839
-17416
-28160
-32702
-30037
-20749
-6884
8501
22013
30668
32552
27244
15915
1066
-14020
-26008
-32243
-31342
-23500
-10451
4915
19194
29220
32766
29042
18871
4509
-10856
-23813
-31479
-32147
-25665
-13473
1720
16533
27666
32637
30335
21271
7461
-8015
-21705
-30552
-32578
-27327
-15968
-1038
14125
26133
32294
31228
23169
9920
-5554
-19786
-29584
-32748
-28565
-17970
-3339
12043
24723
31849
31816
24627
11897
-3511
-18132
-28673
-32755
-29458
-19519
-5177
10334
23516
31393
32182
25702
13414
-1907
-16800
-27896
-32682
-30072
-20653
-6555
9029
22570
30997
32395
26445
14492
-751
-15827
-27310
-32589
-30461
-21406
-7481
8148
21926
30713
32507
26894
15151
-48
-15238
-26955
-32522
-30664
-21804
-7961
7702
21608
30575
32549
27076
15403
202
-15047
-26852
-32503
-30703
-21861
-8002
7696
21629
30598
32538
27001
15255
0
-15257
-27007
-32541
-30582
-21579
-7602
8129
21989
30779
32468
26664
14703
-655
-15865
-27411
-32621
-30288
-20948
-6758
8997
22672
31098
32318
26047
13736
-1763
-16855
-28038
-32713
-29790
-19946
-5464
10289
23653
31516
32046
25116
12336
-3319
-18204
-28847
-32766
-29042
-18541
-3711
11987
24889
31977
31593
23823
10480
-5316
-19871
-29777
-32711
-27983
-16697
-1495
14059
26318
32404
30885
22114
8148
-7733
-21801
-30745
-32460
-26539
-14372
1180
16457
27860
32699
29832
19930
5325
-10537
-23916
-31650
-31910
-24631
-11530
4298
19113
29409
32747
28334
17210
2009
-13670
-26112
-32365
-30942
-22178
-8148
7817
21929
30833
32412
26285
13907
-1780
-17047
-28259
-32743
-29429
-19103
-4222
11667
24777
31977
31548
23586
9991
-5992
-20546
-30192
-32619
-27244
-15350
219
15739
27492
32660
30001
20149
5464
-10533
-24006
-31719
-31816
-24270
-10892
5106
19879
29873
32681
27625
15917
373
-15261
-27221
-32621
-30156
-20416
-5748
10308
23879
31684
31836
24293
10875
-5173
-19973
-29942
-32665
-27477
-15633
0
15636
27483
32666
29925
19920
5078
-10999
-24407
-31886
-31615
-23656
-9941
6193
20824
30386
32549
26782
14487
-1341
-16845
-28242
-32749
-29262
-18630
-3445
12583
25539
32252
31078
22301
8064
-8148
-22368
-31111
-32231
-25451
-12429
3643
18824
29387
32737
28047
16465
836
-15001
-27152
-32625
-30072
-20115
-5205
10989
24479
31937
31523
23335
9388
-6876
-21447
-30723
-32412
-26092
-13322
2743
18132
29038
32759
28371
16955
1338
-14612
-26944
-32596
-30164
-20247
-5304
10958
24501
31960
31477
23169
9099
-7236
-21774
-30894
-32323
-25702
-12676
3510
18824
29446
32724
27837
16000
166
-15711
-27666
-32707
-29572
-19041
-3744
12491
25602
32304
30916
21780
7184
-9215
-23305
-31551
-31880
-24205
-10451
5930
20824
30486
32483
26311
13518
-2679
-18204
-29147
-32749
-28098
-16364
-502
15488
27574
32702
29574
18976
3583
-12717
-25806
-32371
-30748
-21345
-6538
9926
23879
31785
31636
23467
9346
-7147
-21830
-30974
-32254
-25342
-11991
4409
19692
29968
32623
26976
14462
-1736
-17495
-28798
-32764
-28377
-16752
-852
15267
27492
32699
29554
18857
3339
-13034
-26077
-32450
-30520
-20777
-5712
10817
24578
32042
31291
22515
7961
-8637
-23021
-31496
-31881
-24075
-10079
6509
21426
30833
32307
25463
12062
-4448
-19815
-30076
-32585
-26689
-13907
2465
18204
29244
32732
27762
15616
-569
-16610
-28356
-32765
-28692
-17189
-1231
15047
27428
32699
29490
18630
2932
-13528
-26478
-32552
-30168
-19943
-4530
12062
25519
32337
30737
21133
6022
-10659
-24565
-32068
-31208
-22206
-7407
9326
23628
31760
31593
23169
8686
-8070
-22719
-31423
-31903
-24028
-9858
6896
21846
31070
32147
24790
10926
-5807
-21019
-30711
-32336
-25461
-11891
4807
20244
30356
32478
26047
12755
-3899
-19528
-30012
-32581
-26556
-13521
3083
18877
29687
32654
26991
14192
-2362
-18294
-29387
-32703
-27360
-14769
1736
17784
29119
32734
27666
15255
-1206
-17349
-28887
-32752
-27913
-15652
771
16993
28695
32761
28105
15962
-434
-16717
-28547
-32765
-28244
-16186
193
16523
28443
32766
28334
16326
-48
-16412
-28387
-32766
-28374
-16382
0
0
0
0
0
0
0
0
0
0
0
0
0
0
0
0
0
0
0
0
0
0
0
0
0
0
0
0
0
0
0
0
0
0
0
0
0
0
0
0
0
0
0
0
0
0
0
0
0
0
0
0
0
0
0
0
0
0
0
0
0
0
0
0
0
0
0
0
0
0
0
0
0
0
0
0
0
0
0
0
0
0
0
0
0
0
0
0
0
0
0
0
0
0
0
0
0
0
0
0
0
0
0
0
0
0
0
0
0
0
0
0
0
0
0
0
0
0
0
0
0
0
0
0
0
0
0
0
0
0
0
0
0
0
0
0
0
0
0
0
0
0
0
0
0
0
0
0
0
0
0
0
0
0
0
0
0
0
0
0
0
0
0
0
0
0
0
0
0
0
0
0
0
0
0
0
0
0
0
0
0
0
0
0
0
0
0
0
0
0
0
0
0
0
0
0
0
0
0
0
0
0
0
0
0
0
0
0
0
0
0
0
0
0
0
0
0
0
0
0
0
0
0
0
0
0
0
0
0
0
0
0
0
0
0
0
0
0
0
0
0
0
0
0
0
0
0
0
0
0
0
0
0
0
0
0
0
0
0
0
0
0
0
0
0
0
0
0
0
0
0
0
0
0
0
0
0
0
0
0
0
0
0
0
0
0
0
0
0
0
0
0
0
0
0
0
0
0
0
0
0
0
0
0
0
0
0
0
0
0
0
0
0
0
0
0
0
0
0
0
0
0
0
0
0
0
0
0
0
0
0
0
0
0
0
0
0
0
0
0
0
0
0
0
0
0
0
0
0
0
0
0
0
0
0
0
0
0
0
0
0
0
0
0
0
0
0
0
0
0
0
0
0
0
0
0
0
0
0
0
0
0
0
0
0
0
0
0
0
0
0
0
0
0
0
0
0
0
0
0
0
0
0
0
0
0
0
0
0
0
0
0
0
0
0
0
0
0
0
0
0
0
0
0
0
0
0
0
0
0
0
0
0
0
0
0
0
0
0
0
0
0
0
0
0
0
0
0
0
0
0
0
0
0
0
0
0
0
0
0
0
0
0
0
0
0
0
0
0
0
0
0
0
0
0
0
0
0
0
0
0
0
0
0
0
0
0
0
0
0
0
0
0
0
0
0
0
0
0
0
0
0
0
0
0
0
0
0
0
0
0
0
0
0
0
0
0
0
0
0
0
0
0
0
0
0
0
0
0
0
0
0
0
0
0
0
0
0
0
0
0
0
0
0
0
0
0
0
0
0
0
0
0
0
0
0
0
0
0
0
0
0
0
0
0
0
0
0
0
0
0
0
0
0
0
0
0
0
0
0
0
0
0
0
0
0
0
0
0
0
0
0
0
0
0
0
0
0
0
0
0
0
0
0
0
0
0
0
0
0
0
0
0
0
0
0
0
0
0
0
0
0
0
0
0
0
0
0
0
0
0
0
0
0
0
0
0
0
0
0
0
0
0
0
0
0
0
0
0
0
0
0
0
0
0
0
0
0
0
0
0
0
0
0
0
0
0
0
0
0
0
0
0
0
0
0
0
0
0
0
0
0
0
0
0
0
0
0
0
0
0
0
0
0
0
0
0
0
0
0
0
0
0
0
0
0
0
0
0
0
0
0
0
0
0
0
0
0
0
0
0
0
0
0
0
0
0
0
0
0
0
0
0
0
0
0
0
0
0
0
0
0
0
0
0
0
0
0
0
0
0
0
0
0
0
0
0
0
0
0
0
0
0
0
0
0
0
0
0
0
0
0
0
0
0
0
0
0
0
0
0
0
0
0
0
0
0
0
0
0
0
0
0
0
0
0
0
0
0
0
0
0
0
0
0
0
0
0
0
0
0
0
0
0
0
0
0
0
0
0
0
0
0
0
0
0
0
0
0
0
0
0
0
0
0
0
0
0
0
0
0
0
0
0
0
0
0
0
0
0
0
0
0
0
0
0
0
0
0
0
0
0
0
0
0
0
0
0
0
0
0
0
0
0
0
0
0
0
0
0
0
0
0
0
0
0
0
0
0
0
0
0
0
0
0
0
0
0
0
0
0
0
0
0
0
0
0
0
0
0
0
0
0
0
0
0
0
0
0
0
0
0
0
0
0
0
0
0
0
0
0
0
0
0
0
0
0
0
0
0
0
0
0
0
0
0
0
0
0
0
0
0
0
0
0
0
0
0
0
0
9972
9758
9123
8093
6710
5028
3117
1058
-1060
-3145
-5102
-6837
-8267
-9321
-9942
-10094
-9766
-8969
-7740
-6140
-4251
-2172
-13
2111
4088
5813
7198
8174
8701
8764
8378
7582
6444
5045
3481
1854
261
-1206
-2476
-3493
-4225
-4663
-4820
-4729
-4439
-4005
-3489
-2948
-2430
-1972
-1595
-1304
-1088
-923
-774
-605
-377
-60
364
903
1544
2259
3005
3726
4360
4844
5118
5137
4869
4304
3455
2359
1073
-325
-1751
-3110
-4311
-5272
-5927
-6232
-6168
-5745
-4996
-3981
-2776
-1471
-160
1065
2125
2955
3512
3777
3758
3484
3004
2385
1696
1013
402
-80
-397
-528
-477
-265
67
469
881
1242
1499
1607
1537
1280
843
254
-446
-1203
-1959
-2652
-3227
-3639
-3856
-3863
-3662
-3269
-2716
-2045
-1302
-534
215
909
1524
2045
2471
2808
3072
3281
3452
3596
3719
3813
3860
3834
3698
3415
2947
2266
1355
218
-1119
-2611
-4184
-5746
-7190
-8402
-9270
-9693
-9593
-8919
-7662
-5851
-3561
-905
1965
4878
7641
10067
11979
13228
13707
13358
12179
10227
7614
4502
1091
-2396
-5727
-8678
-11053
-12694
-13495
-13413
-12465
-10731
-8347
-5493
-2380
767
3725
6293
8300
9627
10204
10025
9138
7643
5684
3433
1077
-1197
-3218
-4842
-5965
-6529
-6523
-5982
-4984
-3640
-2081
-452
1108
2476
3549
4257
4566
4479
4031
3286
2330
1258
171
-840
-1700
-2352
-2764
-2932
-2873
-2626
-2242
-1781
-1304
-862
-498
-235
-81
-24
-37
-84
-120
-104
0
217
556
1006
1539
2110
2664
3138
3469
3602
3495
3127
2498
1634
583
-583
-1783
-2922
-3909
-4659
-5106
-5207
-4946
-4338
-3428
-2287
-1009
302
1539
2598
3393
3859
3964
3707
3119
2266
1236
135
-922
-1827
-2480
-2808
-2767
-2349
-1583
-531
710
2027
3289
4367
5142
5517
5428
4847
3789
2312
511
-1486
-3533
-5469
-7140
-8406
-9155
-9311
-8844
-7769
-6148
-4083
-1711
805
3295
5591
7536
9003
9900
10177
9831
8899
7465
5640
3561
1378
-760
-2716
-4373
-5644
-6475
-6850
-6788
-6341
-5582
-4607
-3514
-2404
-1365
-468
237
731
1014
1113
1074
953
815
718
715
841
1111
1520
2039
2622
3206
3721
4097
4266
4178
3800
3123
2165
970
-394
-1841
-3271
-4580
-5665
-6439
-6831
-6800
-6332
-5447
-4195
-2655
-931
861
2597
4155
5425
6316
6767
6745
6254
5332
4047
2494
788
-944
-2579
-3996
-5093
-5792
-6044
-5833
-5179
-4132
-2771
-1200
465
2103
3591
4820
5701
6168
6189
5760
4911
3702
2219
565
-1142
-2788
-4256
-5447
-6281
-6704
-6688
-6241
-5396
-4215
-2781
-1196
432
1996
3391
4531
5346
5793
5855
5544
4898
3976
2859
1635
399
-755
-1748
-2513
-3004
-3201
-3107
-2752
-2185
-1473
-695
65
728
1224
1498
1515
1267
769
62
-791
-1713
-2614
-3402
-3988
-4298
-4275
-3890
-3140
-2052
-683
884
2547
4189
5689
6930
7810
8245
8183
7604
6523
4991
3094
942
-1330
-3583
-5669
-7455
-8822
-9680
-9972
-9680
-8822
-7455
-5669
-3583
-1330
942
3094
4991
6523
7604
8183
8245
7810
6930
5689
4189
2547
884
-683
-2052
-3140
-3890
-4275
-4298
-3988
-3402
-2614
-1713
-791
62
769
1267
1515
1498
1224
728
65
-695
-1473
-2185
-2752
-3107
-3201
-3004
-2513
-1748
-755
399
1635
2859
3976
4898
5544
5855
5793
5346
4531
3391
1996
432
-1196
-2781
-4215
-5396
-6241
-6688
-6704
-6281
-5447
-4256
-2788
-1142
565
2219
3702
4911
5760
6189
6168
5701
4820
3591
2103
465
-1200
-2771
-4132
-5179
-5833
-6044
-5792
-5093
-3996
-2579
-944
788
2494
4047
5332
6254
6745
6767
6316
5425
4155
2597
861
-931
-2655
-4195
-5447
-6332
-6800
-6831
-6439
-5665
-4580
-3271
-1841
-394
970
2165
3123
3800
4178
4266
4097
3721
3206
2622
2039
1520
1111
841
715
718
815
953
1074
1113
1014
731
237
-468
-1365
-2404
-3514
-4607
-5582
-6341
-6788
-6850
-6475
-5644
-4373
-2716
-760
1378
3561
5640
7465
8899
9831
10177
9900
9003
7536
5591
3295
805
-1711
-4083
-6148
-7769
-8844
-9311
-9155
-8406
-7140
-5469
-3533
-1486
511
2312
3789
4847
5428
5517
5142
4367
3289
2027
710
-531
-1583
-2349
-2767
-2808
-2480
-1827
-922
135
1236
2266
3119
3707
3964
3859
3393
2598
1539
302
-1009
-2287
-3428
-4338
-4946
-5207
-5106
-4659
-3909
-2922
-1783
-583
583
1634
2498
3127
3495
3602
3469
3138
2664
2110
1539
1006
556
217
0
-104
-120
-84
-37
-24
-81
-235
-498
-862
-1304
-1781
-2242
-2626
-2873
-2932
-2764
-2352
-1700
-840
171
1258
2330
3286
4031
4479
4566
4257
3549
2476
1108
-452
-2081
-3640
-4984
-5982
-6523
-6529
-5965
-4842
-3218
-1197
1077
3433
5684
7643
9138
10025
10204
9627
8300
6293
3725
767
-2380
-5493
-8347
-10731
-12465
-13413
-13495
-12694
-11053
-8678
-5727
-2396
1091
4502
7614
10227
12179
13358
13707
13228
11979
10067
7641
4878
1965
-905
-3561
-5851
-7662
-8919
-9593
-9693
-9270
-8402
-7190
-5746
-4184
-2611
-1119
218
1355
2266
2947
3415
3698
3834
3860
3813
3719
3596
3452
3281
3072
2808
2471
2045
1524
909
215
-534
-1302
-2045
-2716
-3269
-3662
-3863
-3856
-3639
-3227
-2652
-1959
-1203
-446
254
843
1280
1537
1607
1499
1242
881
469
67
-265
-477
-528
-397
-80
402
1013
1696
2385
3004
3484
3758
3777
3512
2955
2125
1065
-160
-1471
-2776
-3981
-4996
-5745
-6168
-6232
-5927
-5272
-4311
-3110
-1751
-325
1073
2359
3455
4304
4869
5137
5118
4844
4360
3726
3005
2259
1544
903
364
-60
-377
-605
-774
-923
-1088
-1304
-1595
-1972
-2430
-2948
-3489
-4005
-4439
-4729
-4820
-4663
-4225
-3493
-2476
-1206
261
1854
3481
5045
6444
7582
8378
8764
8701
8174
7198
5813
4088
2111
-13
-2172
-4251
-6140
-7740
-8969
-9766
-10094
-9942
-9321
-8267
-6837
-5102
-3145
-1060
1058
3117
5028
6710
8093
9123
9758
0
0
0
0
0
0
0
0
0
0
0
0
0
0
0
0
0
0
0
0
0
0
0
0
0
0
0
0
0
0
0
0
0
0
0
0
0
0
0
0
0
0
0
0
0
0
0
0
0
0
0
0
0
0
0
0
0
0
0
0
0
0
0
0
0
0
0
-4273
-4234
-4112
-3900
-3583
-3148
-2582
-1878
-1037
-73
989
2113
3245
4325
5287
6063
6590
6813
6695
6215
5378
4210
2762
1106
-668
-2462
-4168
-5682
-6912
-7779
-8226
-8223
-7767
-6885
-5627
-4070
-2304
-434
1431
3190
4744
6014
6938
7478
7618
7367
6753
5823
4639
3272
1796
287
-1180
-2543
-3746
-4741
-5497
-5991
-6213
-6161
-5846
-5284
-4503
-3533
-2415
-1192
84
1364
2590
3705
4657
5393
5873
6063
5944
5514
4787
3796
2590
1235
-190
-1603
-2913
-4039
-4906
-5457
-5655
-5488
-4972
-4144
-3070
-1832
-524
749
1893
2819
3457
3764
3722
3347
2683
1800
788
-247
-1202
-1977
-2486
-2670
-2498
-1976
-1140
-63
1157
2406
3558
4489
5091
5277
4997
4236
3022
1424
-450
-2467
-4472
-6305
-7811
-8856
-9335
-9185
-8389
-6981
-5040
-2688
-81
2603
5180
7470
9312
10581
11188
11097
10320
8918
6996
4692
2170
-397
-2842
-5009
-6771
-8038
-8759
-8926
-8572
-7765
-6602
-5197
-3670
-2141
-712
532
1537
2276
2751
2990
3042
2968
2833
2700
2617
2620
2719
2904
3144
3391
3586
3664
3568
3248
2677
1847
779
-479
-1860
-3274
-4623
-5802
-6716
-7284
-7447
-7177
-6475
-5377
-3951
-2288
-500
1292
2969
4418
5548
6292
6615
6516
6024
5198
4122
2893
1615
391
-690
-1559
-2168
-2497
-2555
-2376
-2014
-1537
-1020
-536
-149
90
156
41
-236
-642
-1122
-1613
-2049
-2370
-2526
-2483
-2230
-1775
-1150
-404
399
1192
1903
2472
2849
3006
2938
2660
2212
1649
1040
457
-28
-361
-500
-428
-154
286
834
1413
1935
2309
2454
2304
1818
990
-154
-1552
-3110
-4708
-6208
-7467
-8352
-8745
-8564
-7764
-6347
-4368
-1925
836
3743
6596
9192
11340
12869
13651
13605
12709
10999
8573
5579
2208
-1320
-4775
-7928
-10573
-12542
-13714
-14024
-13471
-12113
-10063
-7479
-4554
-1497
1482
4186
6446
8136
9175
9536
9245
8373
7033
5366
3529
1680
-30
-1479
-2572
-3254
-3509
-3363
-2876
-2136
-1250
-332
506
1169
1581
1696
1498
1007
272
-634
-1622
-2590
-3439
-4081
-4444
-4483
-4177
-3541
-2613
-1460
-166
1171
2454
3586
4485
5088
5357
5281
4874
4176
3250
2173
1028
-95
-1119
-1975
-2611
-2999
-3131
-3022
-2704
-2229
-1656
-1049
-470
22
387
596
638
519
263
-91
-498
-905
-1261
-1518
-1639
-1598
-1388
-1014
-498
122
802
1488
2127
2666
3060
3277
3294
3109
2731
2187
1514
760
-22
-779
-1459
-2019
-2426
-2658
-2710
-2590
-2320
-1933
-1469
-976
-498
-79
246
453
528
474
304
46
-262
-579
-856
-1049
-1117
-1032
-777
-350
232
941
1728
2537
3302
3952
4424
4656
4606
4244
3564
2583
1340
-101
-1662
-3246
-4749
-6066
-7099
-7761
-7988
-7741
-7009
-5815
-4216
-2294
-161
2055
4215
6179
7814
9004
9662
9731
9193
8070
6423
4349
1978
-540
-3042
-5362
-7346
-8859
-9795
-10089
-9716
-8697
-7097
-5023
-2611
-25
2561
4972
7042
8632
9631
9972
9631
8632
7042
4972
2561
-25
-2611
-5023
-7097
-8697
-9716
-10089
-9795
-8859
-7346
-5362
-3042
-540
1978
4349
6423
8070
9193
9731
9662
9004
7814
6179
4215
2055
-161
-2294
-4216
-5815
-7009
-7741
-7988
-7761
-7099
-6066
-4749
-3246
-1662
-101
1340
2583
3564
4244
4606
4656
4424
3952
3302
2537
1728
941
232
-350
-777
-1032
-1117
-1049
-856
-579
-262
46
304
474
528
453
246
-79
-498
-976
-1469
-1933
-2320
-2590
-2710
-2658
-2426
-2019
-1459
-779
-22
760
1514
2187
2731
3109
3294
3277
3060
2666
2127
1488
802
122
-498
-1014
-1388
-1598
-1639
-1518
-1261
-905
-498
-91
263
519
638
596
387
22
-470
-1049
-1656
-2229
-2704
-3022
-3131
-2999
-2611
-1975
-1119
-95
1028
2173
3250
4176
4874
5281
5357
5088
4485
3586
2454
1171
-166
-1460
-2613
-3541
-4177
-4483
-4444
-4081
-3439
-2590
-1622
-634
272
1007
1498
1696
1581
1169
506
-332
-1250
-2136
-2876
-3363
-3509
-3254
-2572
-1479
-30
1680
3529
5366
7033
8373
9245
9536
9175
8136
6446
4186
1482
-1497
-4554
-7479
-10063
-12113
-13471
-14024
-13714
-12542
-10573
-7928
-4775
-1320
2208
5579
8573
10999
12709
13605
13651
12869
11340
9192
6596
3743
836
-1925
-4368
-6347
-7764
-8564
-8745
-8352
-7467
-6208
-4708
-3110
-1552
-154
990
1818
2304
2454
2309
1935
1413
834
286
-154
-428
-500
-361
-28
457
1040
1649
2212
2660
2938
3006
2849
2472
1903
1192
399
-404
-1150
-1775
-2230
-2483
-2526
-2370
-2049
-1613
-1122
-642
-236
41
156
90
-149
-536
-1020
-1537
-2014
-2376
-2555
-2497
-2168
-1559
-690
391
1615
2893
4122
5198
6024
6516
6615
6292
5548
4418
2969
1292
-500
-2288
-3951
-5377
-6475
-7177
-7447
-7284
-6716
-5802
-4623
-3274
-1860
-479
779
1847
2677
3248
3568
3664
3586
3391
3144
2904
2719
2620
2617
2700
2833
2968
3042
2990
2751
2276
1537
532
-712
-2141
-3670
-5197
-6602
-7765
-8572
-8926
-8759
-8038
-6771
-5009
-2842
-397
2170
4692
6996
8918
10320
11097
11188
10581
9312
7470
5180
2603
-81
-2688
-5040
-6981
-8389
-9185
-9335
-8856
-7811
-6305
-4472
-2467
-450
1424
3022
4236
4997
5277
5091
4489
3558
2406
1157
-63
-1140
-1976
-2498
-2670
-2486
-1977
-1202
-247
788
1800
2683
3347
3722
3764
3457
2819
1893
749
-524
-1832
-3070
-4144
-4972
-5488
-5655
-5457
-4906
-4039
-2913
-1603
-190
1235
2590
3796
4787
5514
5944
6063
5873
5393
4657
3705
2590
1364
84
-1192
-2415
-3533
-4503
-5284
-5846
-6161
-6213
-5991
-5497
-4741
-3746
-2543
-1180
287
1796
3272
4639
5823
6753
7367
7618
7478
6938
6014
4744
3190
1431
-434
-2304
-4070
-5627
-6885
-7767
-8223
-8226
-7779
-6912
-5682
-4168
-2462
-668
1106
2762
4210
5378
6215
6695
6813
6590
6063
5287
4325
3245
2113
989
-73
-1037
-1878
-2582
-3148
-3583
-3900
-4112
-4234
0
0
0
0
0
0
0
0
0
0
0
0
0
0
0
0
0
0
0
0
0
0
0
0
0
0
0
0
0
0
0
0
0
0
0
0
0
0
0
0
0
0
0
0
0
0
0
0
0
0
0
0
0
0
0
0
0
0
0
0
0
0
0
0
0
0
0
9972
9620
8592
6968
4872
2467
-64
-2532
-4755
-6574
-7863
-8546
-8592
-8023
-6910
-5364
-3525
-1553
389
2152
3605
4652
5236
5344
5004
4284
3279
2106
890
-247
-1199
-1885
-2253
-2287
-2006
-1460
-726
100
921
1636
2160
2428
2403
2078
1479
657
-311
-1336
-2319
-3167
-3796
-4146
-4180
-3889
-3295
-2447
-1415
-284
852
1904
2791
3450
3840
3945
3777
3371
2780
2073
1323
602
-25
-513
-834
-980
-968
-833
-624
-399
-219
-135
-190
-406
-783
-1300
-1912
-2559
-3166
-3654
-3948
-3983
-3713
-3119
-2208
-1017
386
1914
3457
4900
6127
7033
7532
7567
7112
6181
4820
3112
1165
-891
-2920
-4785
-6360
-7540
-8248
-8443
-8119
-7307
-6073
-4507
-2723
-843
1007
2712
4171
5305
6064
6424
6393
6003
5307
4375
3285
2117
948
-156
-1142
-1971
-2621
-3086
-3371
-3491
-3467
-3321
-3076
-2751
-2361
-1915
-1419
-877
-295
320
957
1597
2213
2771
3235
3565
3721
3671
3393
2878
2136
1195
100
-1083
-2280
-3404
-4369
-5092
-5504
-5556
-5221
-4502
-3432
-2071
-506
1158
2805
4315
5575
6487
6978
7006
6562
5673
4400
2833
1085
-717
-2446
-3979
-5210
-6058
-6475
-6446
-5992
-5167
-4053
-2752
-1377
-40
1153
2117
2790
3143
3174
2916
2427
1787
1087
422
-121
-470
-575
-414
0
632
1413
2258
3066
3734
4168
4287
4039
3398
2376
1020
-590
-2352
-4138
-5816
-7252
-8327
-8943
-9034
-8568
-7556
-6047
-4127
-1911
463
2849
5095
7065
8638
9725
10269
10252
9691
8638
7176
5408
3450
1424
-554
-2381
-3972
-5266
-6227
-6844
-7131
-7118
-6851
-6382
-5768
-5057
-4293
-3507
-2718
-1932
-1146
-351
465
1313
2198
3112
4038
4945
5789
6518
7072
7394
7430
7137
6491
5488
4147
2515
662
-1320
-3326
-5240
-6942
-8325
-9293
-9775
-9729
-9146
-8053
-6510
-4607
-2460
-202
2024
4081
5840
7193
8061
8399
8197
7484
6324
4810
3059
1204
-618
-2278
-3658
-4666
-5236
-5341
-4986
-4214
-3098
-1738
-251
1234
2594
3711
4489
4858
4779
4249
3299
1995
431
-1276
-3001
-4608
-5971
-6978
-7541
-7604
-7142
-6171
-4741
-2936
-868
1330
3519
5553
7297
8637
9480
9771
9488
8649
7307
5549
3488
1255
-1007
-3161
-5077
-6643
-7776
-8423
-8566
-8222
-7439
-6294
-4885
-3321
-1718
-185
1181
2306
3138
3652
3855
3778
3476
3017
2481
1948
1488
1161
1005
1034
1237
1579
2005
2445
2819
3047
3061
2803
2244
1377
230
-1142
-2658
-4213
-5691
-6969
-7931
-8476
-8530
-8050
-7030
-5505
-3551
-1277
1178
3658
5998
8036
9628
10658
11044
10750
9785
8206
6113
3642
955
-1768
-4349
-6617
-8425
-9658
-10244
-10156
-9414
-8082
-6265
-4100
-1743
638
2882
4840
6387
7433
7927
7855
7247
6169
4715
3004
1167
-661
-2357
-3807
-4923
-5645
-5943
-5817
-5298
-4442
-3323
-2029
-656
703
1961
3044
3892
4466
4746
4730
4435
3892
3145
2245
1247
209
-814
-1773
-2622
-3322
-3843
-4165
-4273
-4165
-3843
-3322
-2622
-1773
-814
209
1247
2245
3145
3892
4435
4730
4746
4466
3892
3044
1961
703
-656
-2029
-3323
-4442
-5298
-5817
-5943
-5645
-4923
-3807
-2357
-661
1167
3004
4715
6169
7247
7855
7927
7433
6387
4840
2882
638
-1743
-4100
-6265
-8082
-9414
-10156
-10244
-9658
-8425
-6617
-4349
-1768
955
3642
6113
8206
9785
10750
11044
10658
9628
8036
5998
3658
1178
-1277
-3551
-5505
-7030
-8050
-8530
-8476
-7931
-6969
-5691
-4213
-2658
-1142
230
1377
2244
2803
3061
3047
2819
2445
2005
1579
1237
1034
1005
1161
1488
1948
2481
3017
3476
3778
3855
3652
3138
2306
1181
-185
-1718
-3321
-4885
-6294
-7439
-8222
-8566
-8423
-7776
-6643
-5077
-3161
-1007
1255
3488
5549
7307
8649
9488
9771
9480
8637
7297
5553
3519
1330
-868
-2936
-4741
-6171
-7142
-7604
-7541
-6978
-5971
-4608
-3001
-1276
431
1995
3299
4249
4779
4858
4489
3711
2594
1234
-251
-1738
-3098
-4214
-4986
-5341
-5236
-4666
-3658
-2278
-618
1204
3059
4810
6324
7484
8197
8399
8061
7193
5840
4081
2024
-202
-2460
-4607
-6510
-8053
-9146
-9729
-9775
-9293
-8325
-6942
-5240
-3326
-1320
662
2515
4147
5488
6491
7137
7430
7394
7072
6518
5789
4945
4038
3112
2198
1313
465
-351
-1146
-1932
-2718
-3507
-4293
-5057
-5768
-6382
-6851
-7118
-7131
-6844
-6227
-5266
-3972
-2381
-554
1424
3450
5408
7176
8638
9691
10252
10269
9725
8638
7065
5095
2849
463
-1911
-4127
-6047
-7556
-8568
-9034
-8943
-8327
-7252
-5816
-4138
-2352
-590
1020
2376
3398
4039
4287
4168
3734
3066
2258
1413
632
0
-414
-575
-470
-121
422
1087
1787
2427
2916
3174
3143
2790
2117
1153
-40
-1377
-2752
-4053
-5167
-5992
-6446
-6475
-6058
-5210
-3979
-2446
-717
1085
2833
4400
5673
6562
7006
6978
6487
5575
4315
2805
1158
-506
-2071
-3432
-4502
-5221
-5556
-5504
-5092
-4369
-3404
-2280
-1083
100
1195
2136
2878
3393
3671
3721
3565
3235
2771
2213
1597
957
320
-295
-877
-1419
-1915
-2361
-2751
-3076
-3321
-3467
-3491
-3371
-3086
-2621
-1971
-1142
-156
948
2117
3285
4375
5307
6003
6393
6424
6064
5305
4171
2712
1007
-843
-2723
-4507
-6073
-7307
-8119
-8443
-8248
-7540
-6360
-4785
-2920
-891
1165
3112
4820
6181
7112
7567
7532
7033
6127
4900
3457
1914
386
-1017
-2208
-3119
-3713
-3983
-3948
-3654
-3166
-2559
-1912
-1300
-783
-406
-190
-135
-219
-399
-624
-833
-968
-980
-834
-513
-25
602
1323
2073
2780
3371
3777
3945
3840
3450
2791
1904
852
-284
-1415
-2447
-3295
-3889
-4180
-4146
-3796
-3167
-2319
-1336
-311
657
1479
2078
2403
2428
2160
1636
921
100
-726
-1460
-2006
-2287
-2253
-1885
-1199
-247
890
2106
3279
4284
5004
5344
5236
4652
3605
2152
389
-1553
-3525
-5364
-6910
-8023
-8592
-8546
-7863
-6574
-4755
-2532
-64
2467
4872
6968
8592
9620
0
0
0
0
0
0
0
0
0
0
0
0
0
0
0
0
0
0
0
0
0
0
0
0
0
0
0
0
0
0
0
0
0
0
0
0
0
0
0
0
0
0
0
0
0
0
0
0
0
0
0
0
0
0
0
0
0
0
0
0
0
0
0
0
0
0
0
9972
9679
8818
7450
5668
3591
1358
-884
-2997
-4852
-6345
-7399
-7976
-8069
-7708
-6950
-5878
-4589
-3185
-1767
-428
759
1743
2495
3009
3303
3409
3372
3242
3068
2891
2740
2630
2560
2514
2463
2372
2203
1920
1498
923
199
-651
-1591
-2564
-3505
-4344
-5011
-5443
-5592
-5430
-4949
-4167
-3127
-1890
-536
845
2163
3329
4268
4921
5254
5257
4946
4360
3559
2617
1615
635
-250
-980
-1512
-1827
-1927
-1835
-1595
-1260
-894
-559
-310
-190
-227
-424
-769
-1225
-1743
-2260
-2709
-3027
-3156
-3055
-2702
-2099
-1268
-257
868
2033
3149
4133
4906
5407
5593
5443
4965
4190
3171
1980
700
-580
-1776
-2812
-3625
-4176
-4445
-4437
-4178
-3713
-3098
-2399
-1681
-1007
-425
27
333
494
525
460
341
215
130
127
237
477
847
1330
1892
2488
3061
3554
3907
4072
4010
3698
3133
2332
1330
179
-1054
-2299
-3477
-4516
-5350
-5926
-6208
-6178
-5838
-5208
-4325
-3240
-2013
-712
596
1847
2983
3955
4724
5266
5567
5627
5454
5067
4493
3762
2909
1973
992
4
-952
-1843
-2634
-3294
-3801
-4132
-4277
-4230
-3996
-3589
-3031
-2356
-1603
-819
-52
648
1238
1681
1951
2036
1939
1679
1291
821
327
-130
-492
-705
-728
-538
-133
466
1217
2055
2902
3668
4261
4596
4602
4232
3464
2313
827
-914
-2801
-4702
-6473
-7970
-9058
-9627
-9596
-8928
-7631
-5761
-3421
-753
2069
4856
7412
9552
11117
11985
12084
11397
9962
7877
5284
2365
-671
-3612
-6248
-8396
-9911
-10697
-10714
-9982
-8577
-6627
-4299
-1783
717
3010
4922
6318
7110
7263
6796
5782
4337
2609
769
-1010
-2566
-3763
-4501
-4727
-4435
-3670
-2522
-1114
404
1880
3160
4113
4640
4684
4233
3325
2042
503
-1145
-2745
-4139
-5187
-5776
-5837
-5346
-4330
-2866
-1072
899
2875
4679
6144
7127
7523
7278
6387
4904
2930
614
-1865
-4312
-6528
-8326
-9553
-10096
-9891
-8936
-7282
-5037
-2353
581
3561
6374
8820
10726
11956
12425
12098
10999
9203
6832
4043
1019
-2046
-4963
-7557
-9678
-11216
-12099
-12300
-11834
-10757
-9157
-7147
-4857
-2422
24
2360
4479
6297
7752
8806
9444
9671
9508
8988
8155
7057
5742
4262
2667
1007
-670
-2316
-3881
-5316
-6572
-7598
-8350
-8787
-8875
-8595
-7941
-6925
-5576
-3947
-2105
-138
1858
3778
5517
6975
8067
8726
8912
8612
7843
6653
5118
3336
1422
-501
-2312
-3896
-5157
-6022
-6446
-6420
-5964
-5129
-3994
-2658
-1230
173
1445
2490
3234
3627
3652
3320
2673
1777
718
-405
-1492
-2445
-3176
-3619
-3731
-3498
-2931
-2072
-984
250
1535
2774
3868
4733
5300
5522
5378
4874
4039
2930
1619
192
-1254
-2628
-3842
-4820
-5505
-5858
-5866
-5537
-4902
-4008
-2919
-1708
-453
769
1889
2845
3592
4096
4345
4341
4100
3655
3046
2320
1529
723
-50
-751
-1345
-1809
-2129
-2300
-2327
-2221
-2000
-1688
-1307
-885
-447
-16
385
739
1030
1246
1379
1424
1379
1246
1030
739
385
-16
-447
-885
-1307
-1688
-2000
-2221
-2327
-2300
-2129
-1809
-1345
-751
-50
723
1529
2320
3046
3655
4100
4341
4345
4096
3592
2845
1889
769
-453
-1708
-2919
-4008
-4902
-5537
-5866
-5858
-5505
-4820
-3842
-2628
-1254
192
1619
2930
4039
4874
5378
5522
5300
4733
3868
2774
1535
250
-984
-2072
-2931
-3498
-3731
-3619
-3176
-2445
-1492
-405
718
1777
2673
3320
3652
3627
3234
2490
1445
173
-1230
-2658
-3994
-5129
-5964
-6420
-6446
-6022
-5157
-3896
-2312
-501
1422
3336
5118
6653
7843
8612
8912
8726
8067
6975
5517
3778
1858
-138
-2105
-3947
-5576
-6925
-7941
-8595
-8875
-8787
-8350
-7598
-6572
-5316
-3881
-2316
-670
1007
2667
4262
5742
7057
8155
8988
9508
9671
9444
8806
7752
6297
4479
2360
24
-2422
-4857
-7147
-9157
-10757
-11834
-12300
-12099
-11216
-9678
-7557
-4963
-2046
1019
4043
6832
9203
10999
12098
12425
11956
10726
8820
6374
3561
581
-2353
-5037
-7282
-8936
-9891
-10096
-9553
-8326
-6528
-4312
-1865
614
2930
4904
6387
7278
7523
7127
6144
4679
2875
899
-1072
-2866
-4330
-5346
-5837
-5776
-5187
-4139
-2745
-1145
503
2042
3325
4233
4684
4640
4113
3160
1880
404
-1114
-2522
-3670
-4435
-4727
-4501
-3763
-2566
-1010
769
2609
4337
5782
6796
7263
7110
6318
4922
3010
717
-1783
-4299
-6627
-8577
-9982
-10714
-10697
-9911
-8396
-6248
-3612
-671
2365
5284
7877
9962
11397
12084
11985
11117
9552
7412
4856
2069
-753
-3421
-5761
-7631
-8928
-9596
-9627
-9058
-7970
-6473
-4702
-2801
-914
827
2313
3464
4232
4602
4596
4261
3668
2902
2055
1217
466
-133
-538
-728
-705
-492
-130
327
821
1291
1679
1939
2036
1951
1681
1238
648
-52
-819
-1603
-2356
-3031
-3589
-3996
-4230
-4277
-4132
-3801
-3294
-2634
-1843
-952
4
992
1973
2909
3762
4493
5067
5454
5627
5567
5266
4724
3955
2983
1847
596
-712
-2013
-3240
-4325
-5208
-5838
-6178
-6208
-5926
-5350
-4516
-3477
-2299
-1054
179
1330
2332
3133
3698
4010
4072
3907
3554
3061
2488
1892
1330
847
477
237
127
130
215
341
460
525
494
333
27
-425
-1007
-1681
-2399
-3098
-3713
-4178
-4437
-4445
-4176
-3625
-2812
-1776
-580
700
1980
3171
4190
4965
5443
5593
5407
4906
4133
3149
2033
868
-257
-1268
-2099
-2702
-3055
-3156
-3027
-2709
-2260
-1743
-1225
-769
-424
-227
-190
-310
-559
-894
-1260
-1595
-1835
-1927
-1827
-1512
-980
-250
635
1615
2617
3559
4360
4946
5257
5254
4921
4268
3329
2163
845
-536
-1890
-3127
-4167
-4949
-5430
-5592
-5443
-5011
-4344
-3505
-2564
-1591
-651
199
923
1498
1920
2203
2372
2463
2514
2560
2630
2740
2891
3068
3242
3372
3409
3303
3009
2495
1743
759
-428
-1767
-3185
-4589
-5878
-6950
-7708
-8069
-7976
-7399
-6345
-4852
-2997
-884
1358
3591
5668
7450
8818
9679
0
0
0
0
0
0
0
0
0
0
0
0
0
0
0
0
0
0
0
0
0
0
0
0
0
0
0
0
0
0
0
0
0
0
0
0
0
0
0
0
0
0
0
0
0
0
0
0
0
0
0
0
0
0
0
0
0
0
0
0
0
0
0
0
0
0
0
