0
4278
8485
12550
16402
19973
23203
26035
28419
30314
31684
32507
32766
32456
31581
30156
28203
25758
22860
19561
15917
11991
7852
3573
-771
-5106
-9352
-13436
-17284
-20829
-24006
-26759
-29038
-30801
-32015
-32660
-32720
-32196
-31094
-29434
-27244
-24563
-21439
-17925
-14087
-9991
-5712
-1327
3083
7441
11667
15683
19415
22796
25762
28259
30239
31667
32514
32764
32412
31462
29931
27847
25247
22178
18696
14865
10755
6443
2009
-2465
-6896
-11201
-15299
-19113
-22570
-25606
-28162
-30190
-31650
-32514
-32764
-32394
-31411
-29832
-27686
-25012
-21861
-18292
-14372
-10175
-5781
-1274
3259
7733
12062
16161
19951
23359
26318
28771
30668
31973
32659
32711
32127
30919
29107
26727
23823
20452
16679
12577
8226
3711
-879
-5455
-9926
-14204
-18204
-21846
-25058
-27775
-29942
-31516
-32464
-32766
-32415
-31417
-29790
-27567
-24790
-21514
-17805
-13736
-9388
-4849
-209
4437
8997
13377
17489
21248
24578
27411
29687
31359
32393
32765
32468
31507
29899
27676
24884
21579
17828
13707
9301
4700
0
-4703
-9311
-13729
-17864
-21629
-24947
-27746
-29968
-31566
-32503
-32761
-32332
-31225
-29460
-27076
-24119
-20653
-16748
-12488
-7961
-3263
1506
6246
10856
15238
19298
22949
26112
28719
30713
32051
32702
32651
31900
30461
28366
25658
22395
18646
14492
10022
5332
524
-4298
-9029
-13567
-17811
-21669
-25055
-27896
-30127
-31699
-32577
-32739
-32182
-30916
-28967
-26379
-23206
-19519
-15397
-10932
-6222
-1372
3511
8320
12945
17284
21240
24723
27655
29968
31611
32545
32748
32214
30954
28995
26381
23169
19431
15252
10724
5950
1038
-3899
-8751
-13405
-17757
-21705
-25159
-28038
-30277
-31822
-32637
-32702
-32014
-30588
-28456
-25665
-22280
-18377
-14047
-9388
-4509
477
5455
10308
14924
19194
23018
26305
28979
30974
32243
32756
32498
31476
29711
27244
24133
20449
16280
11722
6884
1880
-3170
-8148
-12935
-17416
-21484
-25041
-28000
-30291
-31856
-32659
-32677
-31909
-30373
-28105
-25157
-21600
-17520
-13013
-8189
-3163
1941
7001
11893
16499
20705
24407
27516
29953
31659
32589
32721
32049
30590
28377
25463
21921
17836
13307
8448
3377
-1780
-6896
-11843
-16499
-20746
-24479
-27603
-30040
-31727
-32621
-32699
-31957
-30413
-28105
-25088
-21439
-17247
-12618
-7668
-2522
2689
7836
12787
17416
21605
25247
28248
30530
32035
32723
32574
31592
29801
27244
23987
20112
15718
10917
5832
595
-4660
-9798
-14685
-19194
-23208
-26622
-29345
-31307
-32455
-32757
-32206
-30813
-28614
-25665
-22043
-17841
-13169
-8148
-2911
2405
7661
12717
17440
21705
25397
28419
30689
32146
32750
32483
31352
29385
26633
23169
19084
14487
9500
4255
-1105
-6439
-11603
-16457
-20870
-24723
-27911
-30346
-31961
-32712
-32578
-31559
-29684
-27001
-23582
-19519
-14922
-9916
-4636
771
6162
11386
16301
20770
24671
27896
30354
31977
32719
32558
31498
29565
26813
23317
19172
14492
9407
4058
-1405
-6833
-12073
-16978
-21411
-25247
-28377
-30713
-32188
-32760
-32410
-31148
-29007
-26047
-22351
-18021
-13179
-7961
-2516
3003
8440
13640
18454
22745
26389
29282
31340
32503
32737
32033
30409
27913
24613
20604
16000
10932
5547
0
-5550
-10942
-16021
-20637
-24657
-27963
-30458
-32068
-32745
-32468
-31244
-29107
-26118
-22364
-17952
-13013
-7689
-2137
3479
8997
14252
19090
23367
26955
29748
31662
32640
32650
31691
29790
27003
23411
19119
14256
8965
3403
-2262
-7862
-13230
-18204
-22633
-26385
-29345
-31423
-32556
-32707
-31871
-30072
-27362
-23823
-19561
-14703
-9397
-3803
1908
7565
12994
18030
22517
26318
29316
31419
32559
32702
31841
30001
27238
23635
19302
14372
8996
3339
-2422
-8112
-13553
-18577
-23026
-26761
-29667
-31650
-32648
-32629
-31591
-29565
-26615
-22829
-18327
-13249
-7752
-2009
3799
9491
14886
19815
24120
27666
30338
32052
32751
32412
31044
28690
25423
21345
16586
11295
5642
-193
-6025
-11667
-16938
-21669
-25706
-28920
-31206
-32489
-32726
-31909
-30063
-27244
-23544
-19081
-13998
-8460
-2644
3259
9060
14569
19606
24006
27626
30346
32075
32756
32366
30916
28451
25051
20827
15917
10480
4696
-1244
-7147
-12817
-18065
-22719
-26622
-29644
-31684
-32674
-32578
-31398
-29173
-25975
-21909
-17110
-11737
-5969
0
5972
11747
17130
21941
26016
29217
31436
32596
32657
31615
29504
26395
22390
17625
12260
6476
470
-5554
-11392
-16845
-21726
-25867
-29127
-31393
-32585
-32662
-31619
-29491
-26349
-22301
-17483
-12062
-6222
-166
5898
11762
17222
22088
26191
29387
31566
32648
32597
31411
29131
25835
21636
16679
11138
5205
-912
-7001
-12847
-18244
-23003
-26955
-29960
-31912
-32739
-32412
-30940
-28374
-24803
-20353
-15179
-9465
-3413
2763
8843
14612
19863
24407
28083
30758
32334
32755
32003
30103
27124
23169
18381
12929
7010
836
-5370
-11386
-16993
-21989
-26191
-29446
-31636
-32680
-32538
-31214
-28754
-25247
-20819
-15630
-9868
-3744
2518
8692
14551
19879
24480
28184
30855
32393
32739
31880
29845
26709
22585
17625
12011
5950
-333
-6607
-12639
-18204
-23094
-27128
-30152
-32055
-32763
-32248
-30528
-27666
-23767
-18976
-13473
-7461
-1167
5173
11322
17047
22132
26385
29644
31785
32724
32427
30901
28203
24435
19738
14288
8294
1981
-4409
-10635
-16457
-21654
-26025
-29402
-31656
-32697
-32485
-31027
-28377
-24634
-19943
-14481
-8460
-2109
4324
10594
16457
21686
26077
29459
31699
32710
32451
30929
28203
24378
19601
14056
7961
1552
-4919
-11201
-17047
-22227
-26537
-29806
-31906
-32751
-32307
-30590
-27666
-23648
-18696
-13002
-6791
-309
6187
12441
18204
23246
27366
30398
32222
32762
31995
29951
26709
22398
17189
11289
4935
-1619
-8112
-14281
-19879
-24678
-28486
-31147
-32552
-32643
-31416
-28917
-25247
-20553
-15023
-8882
-2378
4225
10659
16662
21989
26421
29777
31918
32756
32254
30432
27362
23169
18024
12137
5748
-879
-7473
-13762
-19485
-24407
-28323
-31070
-32533
-32650
-31414
-28875
-25136
-20353
-14721
-8475
-1874
4807
11292
17307
22602
26955
30182
32146
32765
32010
29911
26556
22083
16679
10571
4016
-2711
-9326
-15551
-21121
-25799
-29387
-31732
-32732
-32344
-30582
-27520
-23286
-18060
-12062
-5547
1206
7911
14280
20041
24947
28786
31393
32653
32513
30975
28105
24024
18906
12972
6476
-301
-7069
-13534
-19415
-24458
-28443
-31196
-32596
-32580
-31148
-28360
-24336
-19250
-13322
-6811
0
6813
13332
19269
24364
28393
31178
32594
32578
31129
28309
24241
19103
13120
6555
-301
-7147
-13680
-19609
-24671
-28641
-31340
-32648
-32505
-30916
-27948
-23735
-18460
-12360
-5706
1206
8067
14569
20421
25359
29162
31656
32728
32328
30473
27244
22786
17298
11027
4255
-2711
-9557
-15974
-21669
-26383
-29901
-32062
-32766
-31979
-29736
-26137
-21345
-15577
-9095
-2195
4807
11593
17850
23291
27666
30771
32464
32665
31362
28614
24546
19345
13249
6538
-477
-7473
-14125
-20126
-25196
-29098
-31650
-32732
-32292
-30349
-26991
-22374
-16712
-10266
-3339
3746
10659
17076
22694
27251
30530
32377
32702
31489
28793
24740
19519
13375
6597
-494
-7565
-14281
-20323
-25404
-29282
-31772
-32753
-32178
-30072
-26533
-21729
-15887
-9285
-2238
4919
11843
18204
23695
28052
31066
32589
32548
30942
27847
23411
17845
11416
4435
-2763
-9830
-16425
-22227
-26955
-30378
-32330
-32713
-31507
-28769
-24631
-19293
-13013
-6096
1120
8285
15047
21076
26077
29802
32068
32763
31850
29372
25451
20276
14101
7230
0
-7232
-14111
-20295
-25478
-29402
-31872
-32764
-32033
-29711
-25913
-20827
-14703
-7845
-595
6688
13640
19914
25196
29220
31785
32759
32093
29819
26047
20967
14832
7950
664
-6656
-13645
-19948
-25247
-29273
-31822
-32763
-32046
-29706
-25861
-20703
-14492
-7543
-209
7138
14125
20396
25629
29557
31977
32766
31880
29363
25342
20022
13674
6622
-771
-8129
-15071
-21240
-26318
-30042
-32219
-32734
-31559
-28754
-24461
-18901
-12360
-5177
2276
9615
16457
22447
27271
30678
32489
32608
31026
27825
23169
17302
10527
3199
-4298
-11573
-18244
-23960
-28419
-31387
-32705
-32302
-30198
-26501
-21406
-15179
-8148
-684
6817
13962
20369
25700
29668
32064
32757
31710
28975
24698
19103
12488
5205
-2358
-9798
-16717
-22745
-27557
-30894
-32577
-32513
-30703
-27244
-22319
-16192
-9191
-1693
5898
13175
19743
25247
29388
31941
32765
31816
29141
24884
19276
12618
5272
-2362
-9871
-16845
-22903
-27714
-31014
-32621
-32445
-30495
-26875
-21781
-15492
-8351
-749
6896
14165
20658
26016
29942
32220
32721
31417
28377
23767
17841
10926
3403
-4310
-11787
-18613
-24407
-28847
-31684
-32759
-32010
-29476
-25298
-19707
-13013
-5590
2148
9769
16845
22980
27828
31116
32659
32366
30254
26438
21133
14635
7310
-430
-8148
-15409
-21801
-26962
-30598
-32502
-32563
-30778
-27244
-22162
-15818
-8572
-836
6950
14343
20920
26305
30190
32350
32661
31103
27762
22829
16586
9388
1649
-6187
-13670
-20369
-25898
-29936
-32249
-32702
-31267
-28024
-23161
-16955
-9766
-2009
5867
13405
20168
25762
29860
32222
32709
31291
28049
23169
16936
9711
1916
-5992
-13553
-20323
-25904
-29968
-32275
-32687
-31179
-27837
-22855
-16527
-9222
-1372
6562
14111
20829
26318
30252
32397
32623
30916
27374
22206
15718
8294
373
-7571
-15067
-21669
-26980
-30683
-32556
-32483
-30469
-26631
-21197
-14492
-6916
1077
9009
16402
22811
27851
31216
32702
32218
29790
25564
19793
12824
5078
-2978
-10856
-18080
-24210
-28873
-31785
-32766
-31757
-28816
-24119
-17952
-10689
-2772
5316
13083
20053
25799
29968
32304
32662
31017
27469
22233
15630
8064
0
-8067
-15639
-22251
-27492
-31038
-32669
-32282
-29899
-25665
-19840
-12785
-4935
3223
11185
18454
24578
29176
31960
32754
31507
28295
23317
16881
9388
1306
-6859
-14599
-21426
-26913
-30713
-32587
-32415
-30206
-26096
-20343
-13307
-5431
2789
10837
18204
24423
29100
31937
32755
31498
28244
23199
16679
9099
938
-7285
-15047
-21854
-27271
-30951
-32659
-32282
-29844
-25497
-19519
-12290
-4271
4023
12062
19330
25359
29762
32252
32670
30984
27303
21861
15008
7184
-1105
-9326
-16947
-23474
-28484
-31650
-32766
-31757
-28687
-23753
-17274
-9670
-1435
6896
14781
21705
27215
30951
32666
32248
29720
25247
19119
11737
3583
-4807
-12886
-20121
-26035
-30239
-32455
-32534
-30469
-26395
-20578
-13400
-5336
3083
11302
18775
25007
29584
32200
32681
30992
27244
21684
14679
6695
-1736
-10055
-17706
-24178
-29038
-31959
-32744
-31340
-27837
-22468
-15592
-7668
771
9163
16942
23583
28641
31772
32764
31548
28203
22955
16155
8261
-193
-8637
-16499
-23246
-28419
-31667
-32766
-31641
-28366
-23161
-16378
-8479
0
8482
16388
23178
28387
31659
32766
31633
28334
23092
16267
8323
-193
-8699
-16610
-23382
-28547
-31748
-32764
-31521
-28105
-22748
-15818
-7793
771
9287
17161
23850
28887
31923
32744
31292
27666
22114
15023
6884
-1736
-10238
-18030
-24565
-29387
-32158
-32681
-30919
-26991
-21173
-13868
-5590
3083
11543
19194
25499
30012
32414
32534
30361
26047
19895
12336
3903
-4807
-13181
-20625
-26610
-30711
-32637
-32248
-29569
-24790
-18247
-10405
-1820
6896
15124
22277
27843
31423
32760
31757
28483
23169
16196
8060
-655
-9326
-17331
-24094
-29127
-32068
-32703
-30984
-27033
-21133
-13707
-5289
3511
12062
19743
25999
30374
32552
32371
29844
25150
18630
10754
2094
-6719
-15047
-22282
-27896
-31478
-32765
-31661
-28244
-22763
-15616
-7324
1506
10228
18204
24847
29668
32313
32585
30461
26096
19809
12062
3423
-5469
-13962
-21426
-27310
-31178
-32740
-31881
-28661
-23317
-16242
-7961
912
9721
17811
24578
29519
32265
32608
30520
26157
19840
12041
3339
-5613
-14150
-21629
-27492
-31296
-32755
-31758
-28377
-22863
-15630
-7219
1736
10564
18599
25234
29968
32443
32468
30041
25342
18725
10689
1842
-7147
-15598
-22868
-28404
-31785
-32751
-31227
-27327
-21345
-13736
-5078
3969
12717
20496
26712
30887
32702
32014
28875
23522
16364
7950
-1077
-10024
-18204
-24986
-29848
-32414
-32483
-30050
-25298
-18593
-10451
-1499
7571
16058
23305
28750
31969
32711
30916
26720
20449
12587
3744
-5391
-14111
-21734
-27666
-31442
-32766
-31533
-27837
-21964
-14372
-5653
3510
12401
20323
26654
30894
32710
31957
28692
23169
15822
7226
-1941
-10958
-19113
-25762
-30378
-32596
-32237
-29328
-24096
-16955
-8469
691
9799
18132
25028
29936
32465
32412
29778
24772
17791
9388
234
-8940
-17404
-24479
-29598
-32350
-32513
-30072
-25219
-18342
-9991
-836
8388
16942
24135
29387
32275
32563
30226
25451
18620
10283
1113
-8148
-16754
-24006
-29316
-32252
-32574
-30254
-25477
-18630
-10266
-1066
8222
16845
24098
29390
32286
32549
30156
25298
18372
9941
695
-8610
-17213
-24407
-29603
-32371
-32482
-29925
-24908
-17841
-9305
0
9307
17850
24924
29942
32491
32356
29546
24293
17028
8351
-1019
-10308
-18745
-25629
-30386
-32621
-32145
-28995
-23432
-15917
-7073
2362
11603
19879
26497
30903
32728
31816
28241
22301
14491
5464
-4023
-13175
-21224
-27492
-31451
-32766
-31324
-27244
-20868
-12732
-3519
5992
15001
22745
28568
31977
32682
30619
25962
19103
10622
1238
-8253
-17047
-24394
-29668
-32420
-32412
-29643
-24347
-16973
-8148
1373
10781
19269
26112
30723
32705
31886
28334
22351
14449
5304
-4298
-13534
-21608
-27826
-31650
-32749
-31026
-26627
-19930
-11510
-2094
7504
16457
23989
29446
32355
32460
29752
24461
17046
8148
-1459
-10942
-19477
-26318
-30870
-32732
-31742
-27983
-21780
-13674
-4371
5316
14541
22496
28484
31977
32669
30495
25645
18541
9807
209
-9410
-18204
-25397
-30356
-32640
-32046
-28625
-22675
-14721
-5464
4278
13645
21806
28038
31787
32719
30748
26047
19032
10324
695
-8997
-17892
-25196
-30256
-32621
-32077
-28669
-22701
-14703
-5389
4409
13816
21989
28193
31872
32694
30582
25725
18555
9715
0
-9718
-18563
-25739
-30598
-32699
-31850
-28126
-21861
-13619
-4144
5708
15047
23026
28920
32194
32549
29951
24631
17073
7961
-1876
-11547
-20168
-26955
-31287
-32766
-31257
-26894
-20073
-11416
-1713
8148
17267
24807
30076
32589
32113
28690
22632
14492
5018
-4919
-14407
-22570
-28657
-32104
-32591
-30072
-24775
-17189
-8012
1907
11653
20323
27113
31393
32763
31094
26539
19519
10683
852
-9060
-18132
-25519
-30530
-32697
-31816
-27965
-21503
-13031
-3339
6667
16052
23938
29584
32459
32292
29097
23169
15065
5543
-4501
-14125
-22423
-28612
-32108
-32578
-29977
-24546
-16798
-7461
2582
12385
21019
27666
31694
32721
30647
25665
18247
9095
-923
-10856
-19760
-26786
-31264
-32766
-31146
-26556
-19431
-10451
-470
9557
18675
26008
30855
32749
31507
27244
20368
11537
1595
-8501
-17784
-25359
-30497
-32702
-31758
-27754
-21074
-12360
-2451
7696
17103
24860
30215
32648
31922
28105
21563
12929
3039
-7147
-16643
-24525
-30025
-32607
-32016
-28309
-21844
-13249
-3359
6859
16412
24364
29939
32588
32050
28377
21924
13322
3413
-6833
-16412
-24382
-29960
-32596
-32028
-28309
-21804
-13150
-3199
7069
16643
24578
30089
32630
31946
28105
21482
12732
2719
-7565
-17103
-24947
-30318
-32680
-31797
-27754
-20951
-12062
-1970
8320
17784
25478
30633
32732
31565
27244
20200
11134
952
-9326
-18675
-26154
-31014
-32765
-31228
-26556
-19215
-9941
333
10578
19760
26955
31436
32749
30759
25665
17979
8475
-1887
-12062
-21019
-27851
-31864
-32650
-30126
-24546
-16475
-6728
3703
13762
22423
28806
32258
32427
29291
23169
14683
4696
-5772
-15653
-23938
-29777
-32571
-32033
-28214
-21503
-12587
-2378
8077
17706
25519
30711
32748
31416
26850
19519
10175
-219
-10594
-19879
-27113
-31549
-32726
-30520
-25157
-17189
-7439
3083
13289
22119
28657
32222
32441
29289
23092
14492
4381
-6187
-16114
-24364
-30076
-32652
-31820
-27666
-20619
-11416
-1017
9491
19008
26537
31287
32757
30792
25595
17709
7961
-2625
-12939
-21894
-28547
-32194
-32451
-29286
-23032
-14346
-4144
6498
16457
24678
30291
32699
31644
27238
19943
10531
0
-10533
-19951
-27251
-31656
-32694
-30254
-24592
-16309
-6286
4409
14637
23305
29487
32519
32077
28203
21312
12137
1660
-8997
-18692
-26385
-31248
-32757
-30748
-25434
-17383
-7461
3266
13645
22556
29038
32390
32248
28625
21909
12824
2351
-8378
-18204
-26061
-31098
-32765
-30880
-25645
-17625
-7689
3083
13524
22496
29023
32393
32235
28565
21780
12618
2077
-8692
-18516
-26318
-31245
-32755
-30681
-25247
-17046
-6975
3863
14280
23132
29446
32527
32033
28015
20915
11510
836
-9932
-19609
-27125
-31650
-32682
-30103
-24198
-15616
-5304
5596
15880
24407
30232
32705
31550
26894
19250
9465
-1373
-12062
-21411
-28379
-32188
-32412
-29022
-22395
-13267
-2656
8253
18244
26197
31222
32754
30619
25054
16679
6433
-4537
-15001
-23783
-29895
-32648
-31731
-27244
-19690
-9916
976
11762
21224
28293
32170
32415
28997
22301
13080
2378
-8595
-18599
-26497
-31393
-32729
-30352
-24528
-15917
-5494
5554
15974
24578
30386
32734
31352
26395
18425
8351
-2679
-13405
-22602
-29217
-32491
-32046
-27932
-20616
-10936
0
10939
20625
27944
32055
32482
29173
22507
13249
2462
-8610
-18692
-26622
-31481
-32707
-30156
-24119
-15293
-4696
6446
16845
25296
30817
32766
30916
25477
17079
6695
-4468
-15115
-24006
-30106
-32702
-31489
-26606
-18620
-8460
2689
13528
22788
29387
32552
31909
27532
19930
9991
-1120
-12103
-21669
-28693
-32350
-32208
-28280
-21025
-11295
-234
10856
20671
28052
32127
32412
28871
21921
12379
1372
-9799
-19815
-27487
-31906
-32545
-29328
-22632
-13249
-2291
8940
19113
27016
31708
32629
29666
23169
13911
2992
-8285
-18577
-26654
-31549
-32677
-29899
-23544
-14372
-3477
7836
18214
26411
31442
32702
30037
23764
14635
3744
-7598
-18030
-26293
-31393
-32711
-30086
-23833
-14703
-3796
7571
18026
26305
31405
32707
30050
23753
14577
3632
-7754
-18204
-26446
-31479
-32688
-29925
-23522
-14256
-3253
8148
18560
26712
31608
32650
29706
23135
13736
2656
-8751
-19090
-27095
-31785
-32581
-29385
-22585
-13013
-1842
9557
19786
27585
31994
32468
28947
21861
12081
809
-10564
-20637
-28166
-32219
-32293
-28377
-20951
-10932
440
11762
21629
28819
32437
32033
27653
19840
9561
-1907
-13142
-22745
-29519
-32621
-31661
-26755
-18514
-7961
3586
14689
23960
30239
32740
31148
25658
16955
6128
-5469
-16384
-25247
-30944
-32759
-30461
-24336
-15151
-4058
7546
18204
26572
31595
32638
29565
22763
13087
1756
-9798
-20118
-27896
-32148
-32332
-28424
-20915
-10754
771
12203
22088
29171
32552
31797
27001
18769
8148
-3511
-14727
-24069
-30346
-32754
-30984
-25260
-16309
-5272
6439
17331
26008
31359
32696
29845
23169
13521
2137
-9523
-19964
-27843
-32146
-32318
-28334
-20703
-10405
1234
12717
22564
29503
32637
31559
26407
17841
6968
-4807
-15965
-25058
-30909
-32757
-30361
-24028
-14577
-3233
8533
19194
27364
31977
32433
28669
21173
10917
-762
-12345
-22321
-29387
-32619
-31592
-26438
-17828
-6884
4961
16161
25247
31028
32744
30168
23635
13998
2522
-9287
-19879
-27860
-32179
-32265
-28105
-20242
-9711
2101
13640
23382
30040
32733
31103
25362
16267
5018
-6896
-17901
-26537
-31659
-32585
-29190
-21921
-11741
0
11743
21929
29201
32589
31641
26480
17791
6728
-5233
-16499
-25566
-31222
-32709
-29826
-22955
-13013
-1327
10537
20994
28641
32450
31909
27088
18630
7668
-4324
-15739
-25041
-30976
-32744
-30105
-23411
-13561
-1880
10055
20637
28436
32397
31982
27244
18822
7852
-4182
-15653
-25007
-30974
-32743
-30072
-23319
-13400
-1660
10308
20879
28612
32455
31881
26966
18377
7282
-4807
-16245
-25468
-31216
-32702
-29720
-22675
-12528
-664
11292
21705
29147
32596
31576
26225
17274
5950
-6193
-17489
-26383
-31650
-32564
-28995
-21433
-10917
1105
12978
23064
29968
32737
30984
24950
15465
3839
-8320
-19330
-27666
-32170
-32217
-27796
-19519
-8531
3643
15314
24860
30951
32739
29972
23032
12884
938
-11141
-21669
-29176
-32613
-31498
-25982
-16835
-5332
6918
18204
26944
31912
32410
28366
20343
9465
-2743
-14569
-24351
-30713
-32759
-30198
-23387
-13283
-1306
10856
21492
29100
32604
31507
25962
16748
5166
-7147
-18454
-27152
-32008
-32332
-28076
-19840
-8789
3510
15314
24947
31038
32720
29752
22551
12140
0
-12143
-22559
-29762
-32723
-31017
-24884
-15198
-3339
8998
20053
28242
32393
31908
26854
17952
6476
-5930
-17489
-26541
-31785
-32465
-28481
-20402
-9388
2978
14918
24714
30951
32730
29790
22554
12062
-172
-12385
-22811
-29942
-32746
-30813
-24421
-14492
-2462
9926
20879
28806
32556
31581
26021
16679
4912
-7571
-18956
-27585
-32200
-32127
-27374
-18630
-7167
5342
17076
26318
31719
32485
28504
20353
9222
-3259
-15267
-25041
-31147
-32687
-29434
-21861
-11077
1334
13553
23783
30517
32764
30189
23169
12736
423
-11953
-22570
-29860
-32743
-30792
-24293
-14202
-2009
10483
21426
29201
32652
31267
25247
15482
3419
-9153
-20369
-28563
-32514
-31633
-26047
-16586
-4654
7973
19415
27967
32350
31910
26709
17520
5712
-6950
-18577
-27428
-32179
-32116
-27244
-18292
-6597
6088
17864
26962
32015
32263
27666
18910
7310
-5391
-17284
-26579
-31872
-32366
-27983
-19380
-7852
4862
16845
26287
31760
32433
28203
19707
8226
-4501
-16550
-26094
-31684
-32472
-28334
-19895
-8434
4310
16402
26003
31651
32486
28377
19946
8475
-4288
-16402
-26016
-31662
-32478
-28334
-19861
-8351
4437
16550
26133
31717
32445
28203
19638
8060
-4756
-16845
-26351
-31812
-32386
-27983
-19276
-7602
5243
17284
26666
31941
32293
27666
18769
6975
-5898
-17864
-27071
-32095
-32157
-27244
-18113
-6176
6719
18577
27557
32265
31968
26709
17302
5205
-7702
-19415
-28111
-32434
-31710
-26047
-16326
-4058
8843
20369
28719
32588
31368
25247
15179
2736
-10137
-21426
-29364
-32705
-30922
-24293
-13853
-1238
11573
22570
30025
32764
30353
23169
12339
-434
-13142
-23783
-30678
-32739
-29638
-21861
-10632
2276
14829
25041
31296
32604
28754
20353
8727
-4282
-16616
-26318
-31849
-32328
-27676
-18630
-6622
6439
18480
27585
32302
31880
26381
16679
4318
-8734
-20396
-28806
-32620
-31227
-24845
-14492
-1820
11144
22329
29942
32763
30335
23047
12062
-859
-13645
-24243
-30951
-32688
-29173
-20967
-9388
3703
16202
26094
31785
32354
27709
18593
6476
-6688
-18775
-27832
-32393
-31718
-25913
-15915
-3339
9779
21317
29402
32723
30737
23764
12933
0
-12935
-23772
-30745
-32720
-29372
-21243
-9654
3510
16105
26077
31798
32332
27590
18342
6096
-7147
-19226
-28162
-32493
-31507
-25362
-15061
-2291
10856
22227
29953
32765
30198
22670
11416
-1716
-14569
-25028
-31370
-32548
-28366
-19509
-7435
5867
18204
27539
32330
31782
25982
15887
3163
-10086
-21669
-29667
-32753
-30413
-23032
-11831
1334
14281
24860
31312
32563
28403
19519
7387
-5976
-18347
-27666
-32377
-31693
-25725
-15465
-2622
10659
22164
29968
32766
30086
22374
10917
-2369
-15261
-25599
-31650
-32396
-27709
-18372
-5950
7473
19643
28516
32596
31195
24546
13765
664
-12550
-23653
-30771
-32702
-29116
-20616
-8634
4807
17440
27128
32230
31881
26137
15968
3092
-10308
-21966
-29901
-32766
-30072
-22272
-10689
2711
15653
25937
31812
32275
27244
17574
4908
-8595
-20637
-29162
-32712
-30681
-23411
-12140
1206
14349
25041
31451
32480
27948
18630
6117
-7445
-19735
-28641
-32634
-31026
-24089
-13013
301
13567
24501
31222
32570
28309
19172
6728
-6876
-19298
-28393
-32589
-31159
-24347
-13326
0
13328
24354
31166
32585
28360
19220
6748
-6896
-19347
-28443
-32604
-31103
-24198
-13087
301
13640
24608
31294
32533
28105
18778
6176
-7504
-19879
-28786
-32669
-30847
-23635
-12290
1206
14493
25247
31583
32389
27520
17828
5008
-8692
-20870
-29387
-32745
-30352
-22624
-10917
2711
15865
26229
31977
32094
26556
16335
3233
-10442
-22277
-30182
-32757
-29546
-21112
-8944
4807
17712
27483
32390
31559
25136
14256
845
-12717
-24026
-31070
-32598
-28334
-19032
-6345
7473
19964
28903
32697
30666
23169
11540
-2148
-15456
-26008
-31918
-32127
-26596
-16309
-3103
10659
22517
30346
32741
29270
20553
8148
-5719
-18563
-28078
-32552
-31179
-24202
-12874
771
14281
25223
31625
32332
27214
17189
4062
-9798
-21894
-30040
-32762
-29565
-21025
-8682
5233
18204
27882
32514
31257
24336
13002
-691
-14262
-25247
-31650
-32307
-27094
-16955
-3732
10171
22227
30239
32747
29289
20494
7961
-6025
-18915
-28356
-32621
-30929
-23586
-11931
1907
15400
26077
31982
32033
26215
15592
2109
-11762
-23479
-30889
-32629
-28377
-18910
-5966
8077
20637
29402
32756
30080
21861
9613
-4409
-17621
-27585
-32459
-31342
-24435
-13013
816
14497
25499
31785
32188
26631
16140
2656
-11322
-23203
-30782
-32650
-28456
-18976
-5969
8148
20755
29503
32763
29925
21514
9095
-5021
-18204
-27995
-32564
-31058
-23753
-12011
1977
15598
26305
32095
31880
25698
14703
952
-12978
-24480
-31393
-32418
-27360
-17165
-3744
10381
22559
30497
32702
28754
19394
6380
-7836
-20580
-29446
-32762
-29899
-21393
-8847
5370
18577
28275
32630
30814
23169
11138
-3003
-16579
-27016
-32334
-31523
-24733
-13249
751
14612
25700
31906
32048
26096
15179
1372
-12698
-24354
-31371
-32412
-27273
-16932
-3359
10856
23003
30758
32638
28280
18514
5205
-9101
-21669
-30089
-32747
-29131
-19930
-6905
7445
20371
29387
32762
29844
21189
8460
-5898
-19125
-28673
-32702
-30433
-22301
-9868
4468
17946
27963
32585
30916
23274
11134
-3159
-16845
-27275
-32428
-31305
-24119
-12260
1977
15833
26622
32247
31615
24845
13249
-923
-14918
-26016
-32055
-31858
-25461
-14105
0
14107
25468
31864
32046
25975
14832
792
-13405
-24986
-31684
-32188
-26395
-15435
-1452
12817
24578
31525
32292
26727
15917
1981
-12345
-24250
-31393
-32366
-26976
-16280
-2378
11993
24006
31293
32415
27148
16527
2644
-11762
-23850
-31230
-32442
-27244
-16660
-2779
11653
23783
31206
32451
27267
16679
2783
-11667
-23806
-31222
-32441
-27217
-16586
-2656
11803
23919
31277
32412
27094
16378
2398
-12062
-24120
-31370
-32361
-26894
-16056
-2009
12441
24407
31496
32285
26615
15616
1488
-12939
-24777
-31650
-32178
-26251
-15055
-836
13553
25223
31826
32033
25797
14372
52
-14280
-25739
-32015
-31841
-25247
-13561
863
15115
26318
32208
31592
24592
12618
-1908
-16052
-26950
-32393
-31276
-23823
-11540
3083
17085
27622
32556
30880
22932
10324
-4384
-18204
-28323
-32682
-30389
-21909
-8965
5807
19399
29038
32755
29790
20744
7461
-7347
-20658
-29748
-32757
-29067
-19428
-5811
8997
21966
30436
32669
28203
17952
4016
-10746
-23305
-31079
-32468
-27184
-16309
-2077
12583
24657
31656
32135
25992
14491
0
-14493
-25999
-32139
-31644
-24613
-12494
2208
16457
27304
32503
30975
23032
10317
-4537
-18454
-28547
-32719
-30103
-21238
-7961
6971
20458
29694
32757
29007
19220
5431
-9491
-22439
-30713
-32587
-27666
-16973
-2736
12073
24364
31568
32177
26060
14492
-108
-14689
-26197
-32222
-31498
-24174
-11781
3083
17304
27896
32634
30520
21996
8847
-6162
-19879
-29416
-32766
-29219
-19519
-5706
9311
22368
30711
32578
27570
16743
2378
-12491
-24723
-31732
-32033
-25558
-13674
1105
15653
26888
32428
31095
23169
10328
-4707
-18745
-28806
-32750
-29736
-20402
-6728
8378
21705
30414
32650
27932
17262
2911
-12062
-24465
-31651
-32083
-25665
-13765
1077
15692
26955
32455
31012
22932
9941
-5180
-19194
-29098
-32765
-29406
-19738
-5832
9326
22486
30817
32526
27244
16102
1495
-13436
-25478
-32035
-31693
-24521
-12062
2999
17416
28078
32680
30226
21243
7668
-7565
-21167
-30192
-32685
-28105
-17438
-2992
12103
24578
31727
31995
25321
13150
-1876
-16499
-27539
-32596
-30567
-21889
-8448
6833
20630
29936
32722
28377
17845
3419
-11753
-24364
-31659
-32040
-25423
-13249
1823
16499
27568
32607
30508
21729
8189
-7147
-20920
-30108
-32693
-28105
-17347
-2779
12401
24860
31856
31850
24838
12360
-2839
-17416
-28160
-32702
-30037
-20749
-6884
8501
22013
30668
32552
27244
15915
1066
-14020
-26008
-32243
-31342
-23500
-10451
4915
19194
29220
32766
29042
18871
4509
-10856
-23813
-31479
-32147
-25665
-13473
1720
16533
27666
32637
30335
21271
7461
-8015
-21705
-30552
-32578
-27327
-15968
-1038
14125
26133
32294
31228
23169
9920
-5554
-19786
-29584
-32748
-28565
-17970
-3339
12043
24723
31849
31816
24627
11897
-3511
-18132
-28673
-32755
-29458
-19519
-5177
10334
23516
31393
32182
25702
13414
-1907
-16800
-27896
-32682
-30072
-20653
-6555
9029
22570
30997
32395
26445
14492
-751
-15827
-27310
-32589
-30461
-21406
-7481
8148
21926
30713
32507
26894
15151
-48
-15238
-26955
-32522
-30664
-21804
-7961
7702
21608
30575
32549
27076
15403
202
-15047
-26852
-32503
-30703
-21861
-8002
7696
21629
30598
32538
27001
15255
0
-15257
-27007
-32541
-30582
-21579
-7602
8129
21989
30779
32468
26664
14703
-655
-15865
-27411
-32621
-30288
-20948
-6758
8997
22672
31098
32318
26047
13736
-1763
-16855
-28038
-32713
-29790
-19946
-5464
10289
23653
31516
32046
25116
12336
-3319
-18204
-28847
-32766
-29042
-18541
-3711
11987
24889
31977
31593
23823
10480
-5316
-19871
-29777
-32711
-27983
-16697
-1495
14059
26318
32404
30885
22114
8148
-7733
-21801
-30745
-32460
-26539
-14372
1180
16457
27860
32699
29832
19930
5325
-10537
-23916
-31650
-31910
-24631
-11530
4298
19113
29409
32747
28334
17210
2009
-13670
-26112
-32365
-30942
-22178
-8148
7817
21929
30833
32412
26285
13907
-1780
-17047
-28259
-32743
-29429
-19103
-4222
11667
24777
31977
31548
23586
9991
-5992
-20546
-30192
-32619
-27244
-15350
219
15739
27492
32660
30001
20149
5464
-10533
-24006
-31719
-31816
-24270
-10892
5106
19879
29873
32681
27625
15917
373
-15261
-27221
-32621
-30156
-20416
-5748
10308
23879
31684
31836
24293
10875
-5173
-19973
-29942
-32665
-27477
-15633
0
15636
27483
32666
29925
19920
5078
-10999
-24407
-31886
-31615
-23656
-9941
6193
20824
30386
32549
26782
14487
-1341
-16845
-28242
-32749
-29262
-18630
-3445
12583
25539
32252
31078
22301
8064
-8148
-22368
-31111
-32231
-25451
-12429
3643
18824
29387
32737
28047
16465
836
-15001
-27152
-32625
-30072
-20115
-5205
10989
24479
31937
31523
23335
9388
-6876
-21447
-30723
-32412
-26092
-13322
2743
18132
29038
32759
28371
16955
1338
-14612
-26944
-32596
-30164
-20247
-5304
10958
24501
31960
31477
23169
9099
-7236
-21774
-30894
-32323
-25702
-12676
3510
18824
29446
32724
27837
16000
166
-15711
-27666
-32707
-29572
-19041
-3744
12491
25602
32304
30916
21780
7184
-9215
-23305
-31551
-31880
-24205
-10451
5930
20824
30486
32483
26311
13518
-2679
-18204
-29147
-32749
-28098
-16364
-502
15488
27574
32702
29574
18976
3583
-12717
-25806
-32371
-30748
-21345
-6538
9926
23879
31785
31636
23467
9346
-7147
-21830
-30974
-32254
-25342
-11991
4409
19692
29968
32623
26976
14462
-1736
-17495
-28798
-32764
-28377
-16752
-852
15267
27492
32699
29554
18857
3339
-13034
-26077
-32450
-30520
-20777
-5712
10817
24578
32042
31291
22515
7961
-8637
-23021
-31496
-31881
-24075
-10079
6509
21426
30833
32307
25463
12062
-4448
-19815
-30076
-32585
-26689
-13907
2465
18204
29244
32732
27762
15616
-569
-16610
-28356
-32765
-28692
-17189
-1231
15047
27428
32699
29490
18630
2932
-13528
-26478
-32552
-30168
-19943
-4530
12062
25519
32337
30737
21133
6022
-10659
-24565
-32068
-31208
-22206
-7407
9326
23628
31760
31593
23169
8686
-8070
-22719
-31423
-31903
-24028
-9858
6896
21846
31070
32147
24790
10926
-5807
-21019
-30711
-32336
-25461
-11891
4807
20244
30356
32478
26047
12755
-3899
-19528
-30012
-32581
-26556
-13521
3083
18877
29687
32654
26991
14192
-2362
-18294
-29387
-32703
-27360
-14769
1736
17784
29119
32734
27666
15255
-1206
-17349
-28887
-32752
-27913
-15652
771
16993
28695
32761
28105
15962
-434
-16717
-28547
-32765
-28244
-16186
193
16523
28443
32766
28334
16326
-48
-16412
-28387
-32766
-28374
-16382
0
0
0
0
0
0
0
0
0
0
0
0
0
0
0
0
0
0
0
0
0
0
0
0
0
0
0
0
0
0
0
0
0
0
0
0
0
0
0
0
0
0
0
0
0
0
0
0
0
0
0
0
0
0
0
0
0
0
0
0
0
0
0
0
0
0
0
0
0
0
0
0
0
0
0
0
0
0
0
0
0
0
0
0
0
0
0
0
0
0
0
0
0
0
0
0
0
0
0
0
0
0
0
0
0
0
0
0
0
0
0
0
0
0
0
0
0
0
0
0
0
0
0
0
0
0
0
0
0
0
0
0
0
0
0
0
0
0
0
0
0
0
0
0
0
0
0
0
0
0
0
0
0
0
0
0
0
0
0
0
0
0
0
0
0
0
0
0
0
0
0
0
0
0
0
0
0
0
0
0
0
0
0
0
0
0
0
0
0
0
0
0
0
0
0
0
0
0
0
0
0
0
0
0
0
0
0
0
0
0
0
0
0
0
0
0
0
0
0
0
0
0
0
0
0
0
0
0
0
0
0
0
0
0
0
0
0
0
0
0
0
0
0
0
0
0
0
0
0
0
0
0
0
0
0
0
0
0
0
0
0
0
0
0
0
0
0
0
0
0
0
0
0
0
0
0
0
0
0
0
0
0
0
0
0
0
0
0
0
0
0
0
0
0
0
0
0
0
0
0
0
0
0
0
0
0
0
0
0
0
0
0
0
0
0
0
0
0
0
0
0
0
0
0
0
0
0
0
0
0
0
0
0
0
0
0
0
0
0
0
0
0
0
0
0
0
0
0
0
0
0
0
0
0
0
0
0
0
0
0
0
0
0
0
0
0
0
0
0
0
0
0
0
0
0
0
0
0
0
0
0
0
0
0
0
0
0
0
0
0
0
0
0
0
0
0
0
0
0
0
0
0
0
0
0
0
0
0
0
0
0
0
0
0
0
0
0
0
0
0
0
0
0
0
0
0
0
0
0
0
0
0
0
0
0
0
0
0
0
0
0
0
0
0
0
0
0
0
0
0
0
0
0
0
0
0
0
0
0
0
0
0
0
0
0
0
0
0
0
0
0
0
0
0
0
0
0
0
0
0
0
0
0
0
0
0
0
0
0
0
0
0
0
0
0
0
0
0
0
0
0
0
0
0
0
0
0
0
0
0
0
0
0
0
0
0
0
0
0
0
0
0
0
0
0
0
0
0
0
0
0
0
0
0
0
0
0
0
0
0
0
0
0
0
0
0
0
0
0
0
0
0
0
0
0
0
0
0
0
0
0
0
0
0
0
0
0
0
0
0
0
0
0
0
0
0
0
0
0
0
0
0
0
0
0
0
0
0
0
0
0
0
0
0
0
0
0
0
0
0
0
0
0
0
0
0
0
0
0
0
0
0
0
0
0
0
0
0
0
0
0
0
0
0
0
0
0
0
0
0
0
0
0
0
0
0
0
0
0
0
0
0
0
0
0
0
0
0
0
0
0
0
0
0
0
0
0
0
0
0
0
0
0
0
0
0
0
0
0
0
0
0
0
0
0
0
0
0
0
0
0
0
0
0
0
0
0
0
0
0
0
0
0
0
0
0
0
0
0
0
0
0
0
0
0
0
0
0
0
0
0
0
0
0
0
0
0
0
0
0
0
0
0
0
0
0
0
0
0
0
0
0
0
0
0
0
0
0
0
0
0
0
0
0
0
0
0
0
0
0
0
0
0
0
0
0
0
0
0
0
0
0
0
0
0
0
0
0
0
0
0
0
0
0
0
0
0
0
0
0
0
0
0
0
0
0
0
0
0
0
0
0
0
0
0
0
0
0
0
0
0
0
0
0
0
0
0
0
0
0
0
0
0
0
0
0
0
0
0
0
0
0
0
0
0
0
0
0
0
0
0
0
0
0
0
0
0
0
0
0
0
0
0
0
0
0
0
0
0
0
0
0
0
0
0
0
0
0
0
0
0
0
0
0
0
0
0
0
0
0
0
0
0
0
0
0
0
0
0
0
0
0
0
0
0
0
0
0
0
0
0
0
0
0
0
0
0
0
0
0
0
0
0
0
0
0
0
0
0
0
0
0
0
0
0
0
0
0
0
0
0
0
0
0
0
0
0
0
0
0
0
0
0
0
0
0
0
0
0
0
0
0
0
0
0
0
0
0
0
0
0
0
0
0
0
0
0
0
0
0
16383
15970
14752
12790
10186
7072
3606
-35
-3666
-7104
-10174
-12723
-14621
-15777
-16133
-15676
-14433
-12470
-9890
-6829
-3444
90
3595
6892
9817
12223
13994
15045
15330
14843
13616
11721
9261
6367
3193
-96
-3333
-6355
-9010
-11170
-12735
-13634
-13835
-13341
-12190
-10456
-8238
-5661
-2864
5
2800
5379
7617
9412
10683
11384
11497
11036
10046
8597
6779
4702
2481
237
-1913
-3866
-5530
-6835
-7733
-8202
-8243
-7881
-7160
-6144
-4906
-3529
-2096
-687
624
1779
2730
3448
3921
4152
4163
3983
3655
3224
2739
2243
1778
1372
1045
806
650
563
521
493
447
350
173
-104
-494
-998
-1600
-2275
-2986
-3685
-4317
-4826
-5157
-5261
-5097
-4642
-3886
-2842
-1540
-30
1618
3323
4992
6527
7832
8816
9402
9533
9172
8312
6972
5199
3070
682
-1844
-4381
-6789
-8934
-10690
-11949
-12628
-12671
-12057
-10802
-8955
-6602
-3856
-855
2243
5278
8086
10513
12426
13715
14305
14158
13276
11701
9512
6824
3777
535
-2730
-5845
-8644
-10978
-12725
-13794
-14134
-13732
-12618
-10858
-8556
-5841
-2868
200
3196
5959
8343
10227
11520
12165
12143
11473
10209
8439
6276
3853
1313
-1197
-3538
-5583
-7228
-8395
-9035
-9135
-8712
-7814
-6516
-4913
-3117
-1244
585
2263
3693
4798
5524
5846
5764
5305
4519
3477
2262
968
-311
-1485
-2475
-3215
-3661
-3791
-3603
-3120
-2385
-1459
-413
670
1710
2628
3355
3835
4030
3922
3514
2829
1911
818
-377
-1599
-2765
-3797
-4625
-5194
-5461
-5404
-5022
-4333
-3374
-2198
-873
525
1917
3223
4370
5292
5940
6278
6290
5979
5364
4482
3383
2128
786
-574
-1882
-3075
-4097
-4904
-5465
-5763
-5796
-5574
-5120
-4468
-3657
-2731
-1738
-722
272
1211
2061
2800
3412
3886
4220
4416
4479
4417
4240
3956
3574
3102
2548
1918
1219
461
-344
-1185
-2040
-2887
-3698
-4441
-5082
-5585
-5913
-6035
-5925
-5563
-4942
-4065
-2951
-1632
-153
1425
3035
4600
6039
7273
8227
8837
9052
8841
8191
7115
5648
3848
1793
-420
-2684
-4883
-6900
-8625
-9960
-10824
-11160
-10938
-10157
-8846
-7066
-4901
-2461
129
2734
5216
7441
9290
10660
11476
11694
11301
10318
8799
6827
4513
1983
-622
-3160
-5491
-7491
-9052
-10094
-10566
-10453
-9771
-8569
-6925
-4943
-2744
-459
1777
3836
5603
6981
7899
8317
8225
7644
6625
5244
3600
1803
-27
-1773
-3326
-4590
-5492
-5982
-6041
-5675
-4922
-3842
-2516
-1044
470
1920
3202
4228
4926
5248
5171
4701
3868
2730
1363
-137
-1671
-3131
-4415
-5432
-6108
-6390
-6250
-5689
-4734
-3437
-1873
-136
1667
3428
5036
6389
7401
8004
8155
7837
7063
5872
4326
2511
527
-1514
-3499
-5316
-6864
-8058
-8830
-9140
-8972
-8337
-7272
-5836
-4109
-2185
-166
1840
3732
5413
6804
7838
8474
8690
8486
7886
6931
5681
4205
2583
898
-768
-2341
-3752
-4944
-5878
-6525
-6873
-6926
-6700
-6221
-5524
-4653
-3650
-2562
-1434
-307
782
1803
2729
3539
4219
4758
5147
5382
5461
5382
5147
4758
4219
3539
2729
1803
782
-307
-1434
-2562
-3650
-4653
-5524
-6221
-6700
-6926
-6873
-6525
-5878
-4944
-3752
-2341
-768
898
2583
4205
5681
6931
7886
8486
8690
8474
7838
6804
5413
3732
1840
-166
-2185
-4109
-5836
-7272
-8337
-8972
-9140
-8830
-8058
-6864
-5316
-3499
-1514
527
2511
4326
5872
7063
7837
8155
8004
7401
6389
5036
3428
1667
-136
-1873
-3437
-4734
-5689
-6250
-6390
-6108
-5432
-4415
-3131
-1671
-137
1363
2730
3868
4701
5171
5248
4926
4228
3202
1920
470
-1044
-2516
-3842
-4922
-5675
-6041
-5982
-5492
-4590
-3326
-1773
-27
1803
3600
5244
6625
7644
8225
8317
7899
6981
5603
3836
1777
-459
-2744
-4943
-6925
-8569
-9771
-10453
-10566
-10094
-9052
-7491
-5491
-3160
-622
1983
4513
6827
8799
10318
11301
11694
11476
10660
9290
7441
5216
2734
129
-2461
-4901
-7066
-8846
-10157
-10938
-11160
-10824
-9960
-8625
-6900
-4883
-2684
-420
1793
3848
5648
7115
8191
8841
9052
8837
8227
7273
6039
4600
3035
1425
-153
-1632
-2951
-4065
-4942
-5563
-5925
-6035
-5913
-5585
-5082
-4441
-3698
-2887
-2040
-1185
-344
461
1219
1918
2548
3102
3574
3956
4240
4417
4479
4416
4220
3886
3412
2800
2061
1211
272
-722
-1738
-2731
-3657
-4468
-5120
-5574
-5796
-5763
-5465
-4904
-4097
-3075
-1882
-574
786
2128
3383
4482
5364
5979
6290
6278
5940
5292
4370
3223
1917
525
-873
-2198
-3374
-4333
-5022
-5404
-5461
-5194
-4625
-3797
-2765
-1599
-377
818
1911
2829
3514
3922
4030
3835
3355
2628
1710
670
-413
-1459
-2385
-3120
-3603
-3791
-3661
-3215
-2475
-1485
-311
968
2262
3477
4519
5305
5764
5846
5524
4798
3693
2263
585
-1244
-3117
-4913
-6516
-7814
-8712
-9135
-9035
-8395
-7228
-5583
-3538
-1197
1313
3853
6276
8439
10209
11473
12143
12165
11520
10227
8343
5959
3196
200
-2868
-5841
-8556
-10858
-12618
-13732
-14134
-13794
-12725
-10978
-8644
-5845
-2730
535
3777
6824
9512
11701
13276
14158
14305
13715
12426
10513
8086
5278
2243
-855
-3856
-6602
-8955
-10802
-12057
-12671
-12628
-11949
-10690
-8934
-6789
-4381
-1844
682
3070
5199
6972
8312
9172
9533
9402
8816
7832
6527
4992
3323
1618
-30
-1540
-2842
-3886
-4642
-5097
-5261
-5157
-4826
-4317
-3685
-2986
-2275
-1600
-998
-494
-104
173
350
447
493
521
563
650
806
1045
1372
1778
2243
2739
3224
3655
3983
4163
4152
3921
3448
2730
1779
624
-687
-2096
-3529
-4906
-6144
-7160
-7881
-8243
-8202
-7733
-6835
-5530
-3866
-1913
237
2481
4702
6779
8597
10046
11036
11497
11384
10683
9412
7617
5379
2800
5
-2864
-5661
-8238
-10456
-12190
-13341
-13835
-13634
-12735
-11170
-9010
-6355
-3333
-96
3193
6367
9261
11721
13616
14843
15330
15045
13994
12223
9817
6892
3595
90
-3444
-6829
-9890
-12470
-14433
-15676
-16133
-15777
-14621
-12723
-10174
-7104
-3666
-35
3606
7072
10186
12790
14752
15970
0
0
0
0
0
0
0
0
0
0
0
0
0
0
0
0
0
0
0
0
0
0
0
0
0
0
0
0
0
0
0
0
0
0
0
0
0
0
0
0
0
0
0
0
0
0
0
0
0
0
0
0
0
0
0
0
0
0
0
0
0
0
0
0
0
0
0
-16383
-15919
-14555
-12370
-9489
-6078
-2335
1524
5282
8721
11649
13900
15350
15923
15591
14383
12373
9686
6480
2945
-713
-4286
-7570
-10381
-12565
-14007
-14635
-14426
-13407
-11648
-9262
-6399
-3229
59
3277
6242
8790
10785
12125
12749
12638
11818
10352
8341
5914
3221
423
-2318
-4848
-7029
-8748
-9923
-10505
-10480
-9872
-8735
-7153
-5232
-3094
-867
1318
3343
5101
6505
7493
8031
8110
7750
6993
5902
4556
3044
1456
-114
-1587
-2890
-3964
-4771
-5289
-5515
-5461
-5155
-4635
-3948
-3145
-2275
-1387
-523
282
1004
1627
2141
2548
2852
3063
3193
3252
3249
3190
3076
2904
2669
2362
1974
1497
927
266
-478
-1290
-2144
-3006
-3834
-4583
-5202
-5644
-5861
-5818
-5487
-4856
-3930
-2730
-1298
308
2016
3740
5388
6863
8075
8938
9386
9368
8860
7861
6401
4536
2349
-56
-2559
-5028
-7328
-9327
-10906
-11966
-12431
-12260
-11440
-10000
-7999
-5532
-2719
296
3355
6297
8961
11200
12889
13929
14258
13850
12720
10922
8546
5716
2580
-696
-3941
-6982
-9658
-11830
-13383
-14240
-14359
-13741
-12424
-10486
-8035
-5209
-2160
945
3944
6682
9019
10841
12066
12644
12563
11847
10552
8768
6604
4189
1660
-843
-3191
-5266
-6969
-8230
-9004
-9277
-9063
-8405
-7365
-6028
-4487
-2842
-1194
364
1754
2910
3788
4366
4640
4631
4373
3916
3320
2647
1961
1318
768
344
69
-54
-36
96
308
555
788
957
1020
942
700
285
-294
-1015
-1839
-2714
-3580
-4370
-5018
-5461
-5645
-5531
-5094
-4330
-3257
-1912
-353
1347
3100
4811
6382
7717
8729
9347
9518
9211
8423
7175
5515
3516
1270
-1112
-3514
-5810
-7881
-9615
-10916
-11708
-11943
-11599
-10683
-9234
-7317
-5022
-2460
244
2959
5552
7893
9868
11379
12353
12742
12529
11724
10370
8533
6304
3794
1122
-1580
-4187
-6575
-8635
-10273
-11419
-12025
-12073
-11568
-10543
-9056
-7184
-5020
-2670
-245
2140
4381
6376
8042
9311
10136
10490
10372
9798
8807
7456
5814
3965
1997
0
-1936
-3727
-5299
-6589
-7551
-8154
-8382
-8241
-7748
-6941
-5864
-4577
-3145
-1635
-119
1337
2672
3832
4774
5465
5887
6035
5915
5547
4961
4196
3296
2310
1289
283
-663
-1511
-2226
-2785
-3174
-3389
-3435
-3325
-3081
-2730
-2303
-1831
-1348
-882
-459
-100
182
383
503
551
540
489
420
355
315
319
381
508
702
957
1257
1584
1911
2209
2446
2593
2621
2510
2244
1818
1238
519
-311
-1216
-2152
-3067
-3907
-4619
-5151
-5461
-5513
-5288
-4778
-3992
-2956
-1711
-313
1171
2668
4097
5379
6439
7213
7647
7706
7374
6655
5576
4184
2542
733
-1151
-3014
-4755
-6279
-7502
-8353
-8782
-8760
-8284
-7373
-6074
-4452
-2594
-597
1429
3376
5139
6621
7742
8442
8683
8455
7774
6681
5239
3533
1661
-269
-2149
-3872
-5342
-6478
-7221
-7533
-7405
-6851
-5911
-4650
-3147
-1499
193
1825
3298
4525
5435
5975
6120
5867
5239
4282
3063
1665
180
-1291
-2655
-3820
-4711
-5270
-5461
-5270
-4711
-3820
-2655
-1291
180
1665
3063
4282
5239
5867
6120
5975
5435
4525
3298
1825
193
-1499
-3147
-4650
-5911
-6851
-7405
-7533
-7221
-6478
-5342
-3872
-2149
-269
1661
3533
5239
6681
7774
8455
8683
8442
7742
6621
5139
3376
1429
-597
-2594
-4452
-6074
-7373
-8284
-8760
-8782
-8353
-7502
-6279
-4755
-3014
-1151
733
2542
4184
5576
6655
7374
7706
7647
7213
6439
5379
4097
2668
1171
-313
-1711
-2956
-3992
-4778
-5288
-5513
-5461
-5151
-4619
-3907
-3067
-2152
-1216
-311
519
1238
1818
2244
2510
2621
2593
2446
2209
1911
1584
1257
957
702
508
381
319
315
355
420
489
540
551
503
383
182
-100
-459
-882
-1348
-1831
-2303
-2730
-3081
-3325
-3435
-3389
-3174
-2785
-2226
-1511
-663
283
1289
2310
3296
4196
4961
5547
5915
6035
5887
5465
4774
3832
2672
1337
-119
-1635
-3145
-4577
-5864
-6941
-7748
-8241
-8382
-8154
-7551
-6589
-5299
-3727
-1936
0
1997
3965
5814
7456
8807
9798
10372
10490
10136
9311
8042
6376
4381
2140
-245
-2670
-5020
-7184
-9056
-10543
-11568
-12073
-12025
-11419
-10273
-8635
-6575
-4187
-1580
1122
3794
6304
8533
10370
11724
12529
12742
12353
11379
9868
7893
5552
2959
244
-2460
-5022
-7317
-9234
-10683
-11599
-11943
-11708
-10916
-9615
-7881
-5810
-3514
-1112
1270
3516
5515
7175
8423
9211
9518
9347
8729
7717
6382
4811
3100
1347
-353
-1912
-3257
-4330
-5094
-5531
-5645
-5461
-5018
-4370
-3580
-2714
-1839
-1015
-294
285
700
942
1020
957
788
555
308
96
-36
-54
69
344
768
1318
1961
2647
3320
3916
4373
4631
4640
4366
3788
2910
1754
364
-1194
-2842
-4487
-6028
-7365
-8405
-9063
-9277
-9004
-8230
-6969
-5266
-3191
-843
1660
4189
6604
8768
10552
11847
12563
12644
12066
10841
9019
6682
3944
945
-2160
-5209
-8035
-10486
-12424
-13741
-14359
-14240
-13383
-11830
-9658
-6982
-3941
-696
2580
5716
8546
10922
12720
13850
14258
13929
12889
11200
8961
6297
3355
296
-2719
-5532
-7999
-10000
-11440
-12260
-12431
-11966
-10906
-9327
-7328
-5028
-2559
-56
2349
4536
6401
7861
8860
9368
9386
8938
8075
6863
5388
3740
2016
308
-1298
-2730
-3930
-4856
-5487
-5818
-5861
-5644
-5202
-4583
-3834
-3006
-2144
-1290
-478
266
927
1497
1974
2362
2669
2904
3076
3190
3249
3252
3193
3063
2852
2548
2141
1627
1004
282
-523
-1387
-2275
-3145
-3948
-4635
-5155
-5461
-5515
-5289
-4771
-3964
-2890
-1587
-114
1456
3044
4556
5902
6993
7750
8110
8031
7493
6505
5101
3343
1318
-867
-3094
-5232
-7153
-8735
-9872
-10480
-10505
-9923
-8748
-7029
-4848
-2318
423
3221
5914
8341
10352
11818
12638
12749
12125
10785
8790
6242
3277
59
-3229
-6399
-9262
-11648
-13407
-14426
-14635
-14007
-12565
-10381
-7570
-4286
-713
2945
6480
9686
12373
14383
15591
15923
15350
13900
11649
8721
5282
1524
-2335
-6078
-9489
-12370
-14555
-15919
0
0
0
0
0
0
0
0
0
0
0
0
0
0
0
0
0
0
0
0
0
0
0
0
0
0
0
0
0
0
0
0
0
0
0
0
0
0
0
0
0
0
0
0
0
0
0
0
0
0
0
0
0
0
0
0
0
0
0
0
0
0
0
0
0
0
0
-10922
-10637
-9797
-8446
-6654
-4514
-2138
351
2824
5153
7216
8907
10137
10844
10989
10567
9597
8131
6243
4030
1605
-906
-3376
-5679
-7698
-9328
-10487
-11116
-11184
-10685
-9646
-8118
-6177
-3922
-1465
1071
3562
5881
7914
9559
10736
11385
11474
10999
9982
8473
6544
4290
1821
-743
-3280
-5664
-7781
-9527
-10817
-11588
-11803
-11450
-10544
-9128
-7270
-5056
-2593
0
2603
5089
7339
9244
10712
11671
12075
11901
11157
9877
8120
5969
3526
909
-1757
-4345
-6728
-8791
-10434
-11575
-12158
-12153
-11559
-10404
-8744
-6659
-4251
-1637
1052
3687
6135
8275
10002
11229
11897
11972
11453
10366
8769
6743
4393
1840
-784
-3347
-5718
-7774
-9414
-10555
-11142
-11150
-10584
-9480
-7901
-5935
-3691
-1293
1131
3451
5543
7300
8631
9470
9782
9557
8819
7618
6031
4152
2095
-21
-2076
-3953
-5550
-6781
-7583
-7920
-7784
-7196
-6202
-4871
-3292
-1568
191
1879
3392
4639
5550
6075
6191
5898
5227
4228
2974
1553
62
-1398
-2730
-3847
-4675
-5162
-5278
-5017
-4401
-3474
-2300
-962
449
1836
3103
4162
4939
5378
5447
5136
4465
3473
2224
800
-705
-2193
-3563
-4723
-5591
-6108
-6232
-5951
-5277
-4249
-2929
-1399
244
1896
3451
4806
5872
6578
6874
6738
6173
5213
3916
2362
648
-1115
-2818
-4349
-5609
-6516
-7010
-7056
-6651
-5816
-4606
-3096
-1382
423
2205
3846
5239
6292
6932
7117
6831
6090
4939
3451
1721
-137
-2004
-3755
-5274
-6458
-7225
-7517
-7311
-6613
-5461
-3924
-2097
-95
1954
3918
5669
7088
8079
8569
8518
7919
6800
5222
3276
1078
-1238
-3532
-5659
-7486
-8893
-9789
-10109
-9824
-8944
-7512
-5607
-3336
-832
1760
4287
6599
8558
10045
10970
11275
10940
9979
8448
6432
4047
1430
-1269
-3897
-6304
-8354
-9933
-10955
-11367
-11152
-10329
-8952
-7106
-4902
-2469
51
2517
4793
6755
8302
9360
9883
9859
9308
8279
6848
5111
3179
1168
-802
-2624
-4201
-5458
-6340
-6820
-6896
-6593
-5954
-5045
-3942
-2730
-1494
-315
734
1600
2242
2640
2796
2727
2471
2075
1596
1094
629
253
6
-82
-3
237
616
1096
1626
2148
2601
2925
3066
2983
2651
2062
1227
179
-1031
-2336
-3656
-4906
-5996
-6843
-7373
-7529
-7273
-6592
-5497
-4027
-2245
-236
1897
4042
6078
7886
9358
10400
10940
10931
10357
9232
7601
5540
3147
542
-2141
-4764
-7191
-9291
-10953
-12088
-12634
-12559
-11867
-10591
-8795
-6573
-4037
-1315
1453
4133
6591
8710
10389
11556
12162
12189
11650
10583
9053
7146
4964
2618
222
-2109
-4272
-6175
-7741
-8916
-9665
-9977
-9859
-9341
-8465
-7290
-5883
-4314
-2657
-983
643
2166
3535
4716
5680
6413
6908
7166
7197
7015
6635
6077
5363
4512
3547
2490
1361
186
-1011
-2203
-3361
-4451
-5441
-6295
-6977
-7454
-7696
-7677
-7381
-6800
-5938
-4809
-3444
-1885
-184
1592
3374
5082
6640
7971
9006
9688
9972
9832
9259
8269
6893
5187
3220
1078
-1141
-3339
-5413
-7264
-8805
-9962
-10679
-10922
-10679
-9962
-8805
-7264
-5413
-3339
-1141
1078
3220
5187
6893
8269
9259
9832
9972
9688
9006
7971
6640
5082
3374
1592
-184
-1885
-3444
-4809
-5938
-6800
-7381
-7677
-7696
-7454
-6977
-6295
-5441
-4451
-3361
-2203
-1011
186
1361
2490
3547
4512
5363
6077
6635
7015
7197
7166
6908
6413
5680
4716
3535
2166
643
-983
-2657
-4314
-5883
-7290
-8465
-9341
-9859
-9977
-9665
-8916
-7741
-6175
-4272
-2109
222
2618
4964
7146
9053
10583
11650
12189
12162
11556
10389
8710
6591
4133
1453
-1315
-4037
-6573
-8795
-10591
-11867
-12559
-12634
-12088
-10953
-9291
-7191
-4764
-2141
542
3147
5540
7601
9232
10357
10931
10940
10400
9358
7886
6078
4042
1897
-236
-2245
-4027
-5497
-6592
-7273
-7529
-7373
-6843
-5996
-4906
-3656
-2336
-1031
179
1227
2062
2651
2983
3066
2925
2601
2148
1626
1096
616
237
-3
-82
6
253
629
1094
1596
2075
2471
2727
2796
2640
2242
1600
734
-315
-1494
-2730
-3942
-5045
-5954
-6593
-6896
-6820
-6340
-5458
-4201
-2624
-802
1168
3179
5111
6848
8279
9308
9859
9883
9360
8302
6755
4793
2517
51
-2469
-4902
-7106
-8952
-10329
-11152
-11367
-10955
-9933
-8354
-6304
-3897
-1269
1430
4047
6432
8448
9979
10940
11275
10970
10045
8558
6599
4287
1760
-832
-3336
-5607
-7512
-8944
-9824
-10109
-9789
-8893
-7486
-5659
-3532
-1238
1078
3276
5222
6800
7919
8518
8569
8079
7088
5669
3918
1954
-95
-2097
-3924
-5461
-6613
-7311
-7517
-7225
-6458
-5274
-3755
-2004
-137
1721
3451
4939
6090
6831
7117
6932
6292
5239
3846
2205
423
-1382
-3096
-4606
-5816
-6651
-7056
-7010
-6516
-5609
-4349
-2818
-1115
648
2362
3916
5213
6173
6738
6874
6578
5872
4806
3451
1896
244
-1399
-2929
-4249
-5277
-5951
-6232
-6108
-5591
-4723
-3563
-2193
-705
800
2224
3473
4465
5136
5447
5378
4939
4162
3103
1836
449
-962
-2300
-3474
-4401
-5017
-5278
-5162
-4675
-3847
-2730
-1398
62
1553
2974
4228
5227
5898
6191
6075
5550
4639
3392
1879
191
-1568
-3292
-4871
-6202
-7196
-7784
-7920
-7583
-6781
-5550
-3953
-2076
-21
2095
4152
6031
7618
8819
9557
9782
9470
8631
7300
5543
3451
1131
-1293
-3691
-5935
-7901
-9480
-10584
-11150
-11142
-10555
-9414
-7774
-5718
-3347
-784
1840
4393
6743
8769
10366
11453
11972
11897
11229
10002
8275
6135
3687
1052
-1637
-4251
-6659
-8744
-10404
-11559
-12153
-12158
-11575
-10434
-8791
-6728
-4345
-1757
909
3526
5969
8120
9877
11157
11901
12075
11671
10712
9244
7339
5089
2603
0
-2593
-5056
-7270
-9128
-10544
-11450
-11803
-11588
-10817
-9527
-7781
-5664
-3280
-743
1821
4290
6544
8473
9982
10999
11474
11385
10736
9559
7914
5881
3562
1071
-1465
-3922
-6177
-8118
-9646
-10685
-11184
-11116
-10487
-9328
-7698
-5679
-3376
-906
1605
4030
6243
8131
9597
10567
10989
10844
10137
8907
7216
5153
2824
351
-2138
-4514
-6654
-8446
-9797
-10637
0
0
0
0
0
0
0
0
0
0
0
0
0
0
0
0
0
0
0
0
0
0
0
0
0
0
0
0
0
0
0
0
0
0
0
0
0
0
0
0
0
0
0
0
0
0
0
0
0
0
0
0
0
0
0
0
0
0
0
0
0
0
0
0
0
0
0
10922
10617
9721
8284
6391
4151
1692
-842
-3311
-5574
-7503
-8994
-9968
-10375
-10202
-9467
-8222
-6547
-4545
-2335
-49
2182
4234
5996
7376
8307
8751
8699
8172
7217
5905
4327
2584
783
-969
-2575
-3950
-5028
-5763
-6134
-6142
-5814
-5191
-4335
-3315
-2208
-1089
-29
909
1680
2250
2607
2753
2706
2500
2176
1783
1371
987
671
453
350
366
489
697
955
1220
1447
1590
1609
1472
1159
665
4
-798
-1698
-2639
-3555
-4377
-5034
-5461
-5604
-5425
-4904
-4043
-2868
-1427
210
1959
3721
5389
6858
8028
8813
9146
8985
8314
7151
5540
3557
1300
-1109
-3542
-5858
-7923
-9613
-10821
-11469
-11505
-10916
-9722
-7978
-5775
-3227
-474
2332
5038
7490
9550
11100
12053
12354
11985
10968
9361
7256
4773
2054
-747
-3473
-5971
-8104
-9756
-10842
-11310
-11145
-10370
-9042
-7250
-5109
-2751
-320
2040
4195
6023
7427
8339
8721
8572
7922
6831
5387
3696
1876
51
-1658
-3146
-4321
-5119
-5502
-5461
-5018
-4224
-3151
-1892
-549
770
1961
2931
3604
3927
3874
3446
2674
1615
349
-1027
-2408
-3681
-4742
-5498
-5875
-5823
-5323
-4386
-3053
-1395
491
2490
4473
6308
7868
9035
9716
9842
9378
8325
6718
4630
2166
-545
-3354
-6099
-8620
-10763
-12391
-13397
-13702
-13269
-12099
-10239
-7771
-4818
-1528
1925
5359
8587
11432
13735
15362
16219
16248
15436
13818
11470
8507
5079
1361
-2455
-6173
-9601
-12560
-14898
-16495
-17267
-17177
-16230
-14476
-12006
-8949
-5461
-1719
2085
5763
9132
12026
14307
15869
16641
16597
15749
14151
11891
9090
5895
2468
-1020
-4399
-7508
-10201
-12357
-13883
-14720
-14842
-14261
-13020
-11194
-8885
-6215
-3320
-342
2575
5295
7696
9673
11145
12058
12385
12127
11316
10004
8269
6204
3916
1519
-872
-3146
-5202
-6949
-8317
-9253
-9728
-9735
-9288
-8424
-7196
-5674
-3940
-2082
-193
1636
3322
4788
5970
6821
7310
7426
7176
6582
5687
4544
3218
1782
313
-1114
-2428
-3563
-4467
-5098
-5433
-5461
-5190
-4644
-3861
-2890
-1790
-626
532
1622
2581
3356
3905
4201
4230
3994
3511
2813
1944
960
-79
-1109
-2067
-2894
-3537
-3957
-4125
-4030
-3676
-3080
-2277
-1312
-243
866
1952
2947
3791
4430
4823
4943
4777
4330
3622
2689
1582
358
-913
-2162
-3321
-4322
-5109
-5636
-5873
-5804
-5429
-4767
-3851
-2729
-1459
-107
1255
2560
3740
4734
5493
5982
6178
6075
5682
5024
4136
3067
1873
613
-649
-1856
-2950
-3886
-4626
-5142
-5421
-5461
-5269
-4867
-4281
-3546
-2702
-1790
-849
80
965
1776
2489
3087
3558
3899
4109
4192
4154
4004
3752
3408
2981
2479
1912
1288
616
-93
-828
-1576
-2317
-3031
-3696
-4284
-4769
-5122
-5317
-5331
-5145
-4748
-4135
-3316
-2305
-1133
160
1528
2912
4251
5478
6530
7346
7874
8072
7913
7385
6497
5273
3757
2011
109
-1863
-3811
-5642
-7260
-8583
-9535
-10062
-10127
-9716
-8838
-7528
-5841
-3854
-1658
640
2933
5107
7055
8682
9905
10664
10922
10664
9905
8682
7055
5107
2933
640
-1658
-3854
-5841
-7528
-8838
-9716
-10127
-10062
-9535
-8583
-7260
-5642
-3811
-1863
109
2011
3757
5273
6497
7385
7913
8072
7874
7346
6530
5478
4251
2912
1528
160
-1133
-2305
-3316
-4135
-4748
-5145
-5331
-5317
-5122
-4769
-4284
-3696
-3031
-2317
-1576
-828
-93
616
1288
1912
2479
2981
3408
3752
4004
4154
4192
4109
3899
3558
3087
2489
1776
965
80
-849
-1790
-2702
-3546
-4281
-4867
-5269
-5461
-5421
-5142
-4626
-3886
-2950
-1856
-649
613
1873
3067
4136
5024
5682
6075
6178
5982
5493
4734
3740
2560
1255
-107
-1459
-2729
-3851
-4767
-5429
-5804
-5873
-5636
-5109
-4322
-3321
-2162
-913
358
1582
2689
3622
4330
4777
4943
4823
4430
3791
2947
1952
866
-243
-1312
-2277
-3080
-3676
-4030
-4125
-3957
-3537
-2894
-2067
-1109
-79
960
1944
2813
3511
3994
4230
4201
3905
3356
2581
1622
532
-626
-1790
-2890
-3861
-4644
-5190
-5461
-5433
-5098
-4467
-3563
-2428
-1114
313
1782
3218
4544
5687
6582
7176
7426
7310
6821
5970
4788
3322
1636
-193
-2082
-3940
-5674
-7196
-8424
-9288
-9735
-9728
-9253
-8317
-6949
-5202
-3146
-872
1519
3916
6204
8269
10004
11316
12127
12385
12058
11145
9673
7696
5295
2575
-342
-3320
-6215
-8885
-11194
-13020
-14261
-14842
-14720
-13883
-12357
-10201
-7508
-4399
-1020
2468
5895
9090
11891
14151
15749
16597
16641
15869
14307
12026
9132
5763
2085
-1719
-5461
-8949
-12006
-14476
-16230
-17177
-17267
-16495
-14898
-12560
-9601
-6173
-2455
1361
5079
8507
11470
13818
15436
16248
16219
15362
13735
11432
8587
5359
1925
-1528
-4818
-7771
-10239
-12099
-13269
-13702
-13397
-12391
-10763
-8620
-6099
-3354
-545
2166
4630
6718
8325
9378
9842
9716
9035
7868
6308
4473
2490
491
-1395
-3053
-4386
-5323
-5823
-5875
-5498
-4742
-3681
-2408
-1027
349
1615
2674
3446
3874
3927
3604
2931
1961
770
-549
-1892
-3151
-4224
-5018
-5461
-5502
-5119
-4321
-3146
-1658
51
1876
3696
5387
6831
7922
8572
8721
8339
7427
6023
4195
2040
-320
-2751
-5109
-7250
-9042
-10370
-11145
-11310
-10842
-9756
-8104
-5971
-3473
-747
2054
4773
7256
9361
10968
11985
12354
12053
11100
9550
7490
5038
2332
-474
-3227
-5775
-7978
-9722
-10916
-11505
-11469
-10821
-9613
-7923
-5858
-3542
-1109
1300
3557
5540
7151
8314
8985
9146
8813
8028
6858
5389
3721
1959
210
-1427
-2868
-4043
-4904
-5425
-5604
-5461
-5034
-4377
-3555
-2639
-1698
-798
4
665
1159
1472
1609
1590
1447
1220
955
697
489
366
350
453
671
987
1371
1783
2176
2500
2706
2753
2607
2250
1680
909
-29
-1089
-2208
-3315
-4335
-5191
-5814
-6142
-6134
-5763
-5028
-3950
-2575
-969
783
2584
4327
5905
7217
8172
8699
8751
8307
7376
5996
4234
2182
-49
-2335
-4545
-6547
-8222
-9467
-10202
-10375
-9968
-8994
-7503
-5574
-3311
-842
1692
4151
6391
8284
9721
10617
0
0
0
0
0
0
0
0
0
0
0
0
0
0
0
0
0
0
0
0
0
0
0
0
0
0
0
0
0
0
0
0
0
0
0
0
0
0
0
0
0
0
0
0
0
0
0
0
0
0
0
0
0
0
0
0
0
0
0
0
0
0
0
0
0
0
0
-10922
-10666
-9909
-8690
-7066
-5117
-2938
-633
1685
3908
5929
7653
9001
9912
10347
10292
9755
8770
7390
5688
3751
1678
-428
-2467
-4342
-5964
-7263
-8183
-8690
-8771
-8435
-7712
-6650
-5312
-3776
-2124
-443
1181
2673
3961
4992
5726
6142
6235
6021
5528
4801
3892
2864
1779
702
-309
-1204
-1942
-2496
-2852
-3008
-2978
-2786
-2464
-2052
-1593
-1130
-703
-345
-80
73
114
49
-105
-324
-573
-817
-1019
-1143
-1160
-1048
-797
-406
110
731
1420
2133
2820
3430
3912
4218
4312
4166
3768
3121
2245
1173
-42
-1340
-2650
-3896
-5003
-5899
-6523
-6826
-6775
-6360
-5588
-4489
-3114
-1529
182
1929
3616
5146
6432
7397
7981
8146
7875
7178
6088
4663
2980
1131
-781
-2649
-4368
-5839
-6980
-7727
-8037
-7896
-7313
-6326
-4996
-3403
-1643
176
1947
3566
4936
5979
6636
6872
6681
6081
5117
3856
2383
797
-797
-2296
-3602
-4631
-5316
-5616
-5513
-5018
-4167
-3021
-1659
-177
1320
2730
3951
4894
5490
5690
5474
4848
3847
2531
983
-696
-2397
-4003
-5404
-6498
-7204
-7461
-7238
-6533
-5375
-3824
-1965
94
2233
4320
6225
7826
9016
9713
9861
9437
8451
6949
5006
2727
236
-2325
-4812
-7081
-9000
-10453
-11354
-11645
-11304
-10344
-8814
-6797
-4400
-1756
989
3686
6188
8358
10078
11259
11840
11796
11135
9902
8170
6041
3637
1091
-1456
-3870
-6023
-7809
-9143
-9967
-10257
-10014
-9274
-8095
-6561
-4769
-2828
-849
1058
2798
4287
5461
6279
6723
6799
6535
5975
5179
4217
3162
2086
1056
126
-658
-1273
-1706
-1962
-2063
-2037
-1926
-1770
-1615
-1497
-1448
-1487
-1620
-1841
-2129
-2453
-2770
-3034
-3196
-3211
-3039
-2652
-2039
-1202
-164
1037
2345
3689
4992
6168
7134
7813
8138
8061
7554
6613
5261
3546
1540
-663
-2956
-5216
-7319
-9145
-10582
-11538
-11943
-11753
-10959
-9583
-7678
-5331
-2651
228
3163
6002
8595
10805
12512
13620
14064
13815
12877
11294
9141
6523
3572
434
-2730
-5765
-8518
-10852
-12652
-13832
-14337
-14148
-13280
-11783
-9737
-7248
-4444
-1466
1540
4429
7066
9328
11115
12355
13000
13034
12470
11351
9742
7731
5420
2923
358
-2156
-4513
-6611
-8368
-9717
-10614
-11036
-10979
-10462
-9522
-8210
-6592
-4742
-2742
-675
1374
3327
5112
6661
7922
8851
9418
9608
9416
8854
7945
6725
5239
3544
1704
-209
-2124
-3964
-5655
-7127
-8314
-9164
-9634
-9695
-9336
-8563
-7399
-5886
-4084
-2067
78
2256
4365
6304
7977
9296
10190
10605
10508
9894
8782
7216
5268
3028
605
-1877
-4294
-6517
-8426
-9916
-10901
-11322
-11148
-10380
-9053
-7231
-5008
-2500
156
2818
5338
7575
9402
10715
11437
11522
10963
9787
8058
5871
3351
638
-2110
-4737
-7091
-9034
-10453
-11265
-11421
-10911
-9765
-8048
-5862
-3335
-618
2130
4745
7073
8973
10333
11072
11145
10550
9321
7534
5296
2743
31
-2677
-5218
-7436
-9197
-10395
-10956
-10848
-10078
-8692
-6775
-4447
-1848
861
3516
5953
8023
9600
10586
10922
10586
9600
8023
5953
3516
861
-1848
-4447
-6775
-8692
-10078
-10848
-10956
-10395
-9197
-7436
-5218
-2677
31
2743
5296
7534
9321
10550
11145
11072
10333
8973
7073
4745
2130
-618
-3335
-5862
-8048
-9765
-10911
-11421
-11265
-10453
-9034
-7091
-4737
-2110
638
3351
5871
8058
9787
10963
11522
11437
10715
9402
7575
5338
2818
156
-2500
-5008
-7231
-9053
-10380
-11148
-11322
-10901
-9916
-8426
-6517
-4294
-1877
605
3028
5268
7216
8782
9894
10508
10605
10190
9296
7977
6304
4365
2256
78
-2067
-4084
-5886
-7399
-8563
-9336
-9695
-9634
-9164
-8314
-7127
-5655
-3964
-2124
-209
1704
3544
5239
6725
7945
8854
9416
9608
9418
8851
7922
6661
5112
3327
1374
-675
-2742
-4742
-6592
-8210
-9522
-10462
-10979
-11036
-10614
-9717
-8368
-6611
-4513
-2156
358
2923
5420
7731
9742
11351
12470
13034
13000
12355
11115
9328
7066
4429
1540
-1466
-4444
-7248
-9737
-11783
-13280
-14148
-14337
-13832
-12652
-10852
-8518
-5765
-2730
434
3572
6523
9141
11294
12877
13815
14064
13620
12512
10805
8595
6002
3163
228
-2651
-5331
-7678
-9583
-10959
-11753
-11943
-11538
-10582
-9145
-7319
-5216
-2956
-663
1540
3546
5261
6613
7554
8061
8138
7813
7134
6168
4992
3689
2345
1037
-164
-1202
-2039
-2652
-3039
-3211
-3196
-3034
-2770
-2453
-2129
-1841
-1620
-1487
-1448
-1497
-1615
-1770
-1926
-2037
-2063
-1962
-1706
-1273
-658
126
1056
2086
3162
4217
5179
5975
6535
6799
6723
6279
5461
4287
2798
1058
-849
-2828
-4769
-6561
-8095
-9274
-10014
-10257
-9967
-9143
-7809
-6023
-3870
-1456
1091
3637
6041
8170
9902
11135
11796
11840
11259
10078
8358
6188
3686
989
-1756
-4400
-6797
-8814
-10344
-11304
-11645
-11354
-10453
-9000
-7081
-4812
-2325
236
2727
5006
6949
8451
9437
9861
9713
9016
7826
6225
4320
2233
94
-1965
-3824
-5375
-6533
-7238
-7461
-7204
-6498
-5404
-4003
-2397
-696
983
2531
3847
4848
5474
5690
5490
4894
3951
2730
1320
-177
-1659
-3021
-4167
-5018
-5513
-5616
-5316
-4631
-3602
-2296
-797
797
2383
3856
5117
6081
6681
6872
6636
5979
4936
3566
1947
176
-1643
-3403
-4996
-6326
-7313
-7896
-8037
-7727
-6980
-5839
-4368
-2649
-781
1131
2980
4663
6088
7178
7875
8146
7981
7397
6432
5146
3616
1929
182
-1529
-3114
-4489
-5588
-6360
-6775
-6826
-6523
-5899
-5003
-3896
-2650
-1340
-42
1173
2245
3121
3768
4166
4312
4218
3912
3430
2820
2133
1420
731
110
-406
-797
-1048
-1160
-1143
-1019
-817
-573
-324
-105
49
114
73
-80
-345
-703
-1130
-1593
-2052
-2464
-2786
-2978
-3008
-2852
-2496
-1942
-1204
-309
702
1779
2864
3892
4801
5528
6021
6235
6142
5726
4992
3961
2673
1181
-443
-2124
-3776
-5312
-6650
-7712
-8435
-8771
-8690
-8183
-7263
-5964
-4342
-2467
-428
1678
3751
5688
7390
8770
9755
10292
10347
9912
9001
7653
5929
3908
1685
-633
-2938
-5117
-7066
-8690
-9909
-10666
0
0
0
0
0
0
0
0
0
0
0
0
0
0
0
0
0
0
0
0
0
0
0
0
0
0
0
0
0
0
0
0
0
0
0
0
0
0
0
0
0
0
0
0
0
0
0
0
0
0
0
0
0
0
0
0
0
0
0
0
0
0
0
0
0
0
0
