0
4278
8485
12550
16402
19973
23203
26035
28419
30314
31684
32507
32766
32456
31581
30156
28203
25758
22860
19561
15917
11991
7852
3573
-771
-5106
-9352
-13436
-17284
-20829
-24006
-26759
-29038
-30801
-32015
-32660
-32720
-32196
-31094
-29434
-27244
-24563
-21439
-17925
-14087
-9991
-5712
-1327
3083
7441
11667
15683
19415
22796
25762
28259
30239
31667
32514
32764
32412
31462
29931
27847
25247
22178
18696
14865
10755
6443
2009
-2465
-6896
-11201
-15299
-19113
-22570
-25606
-28162
-30190
-31650
-32514
-32764
-32394
-31411
-29832
-27686
-25012
-21861
-18292
-14372
-10175
-5781
-1274
3259
7733
12062
16161
19951
23359
26318
28771
30668
31973
32659
32711
32127
30919
29107
26727
23823
20452
16679
12577
8226
3711
-879
-5455
-9926
-14204
-18204
-21846
-25058
-27775
-29942
-31516
-32464
-32766
-32415
-31417
-29790
-27567
-24790
-21514
-17805
-13736
-9388
-4849
-209
4437
8997
13377
17489
21248
24578
27411
29687
31359
32393
32765
32468
31507
29899
27676
24884
21579
17828
13707
9301
4700
0
-4703
-9311
-13729
-17864
-21629
-24947
-27746
-29968
-31566
-32503
-32761
-32332
-31225
-29460
-27076
-24119
-20653
-16748
-12488
-7961
-3263
1506
6246
10856
15238
19298
22949
26112
28719
30713
32051
32702
32651
31900
30461
28366
25658
22395
18646
14492
10022
5332
524
-4298
-9029
-13567
-17811
-21669
-25055
-27896
-30127
-31699
-32577
-32739
-32182
-30916
-28967
-26379
-23206
-19519
-15397
-10932
-6222
-1372
3511
8320
12945
17284
21240
24723
27655
29968
31611
32545
32748
32214
30954
28995
26381
23169
19431
15252
10724
5950
1038
-3899
-8751
-13405
-17757
-21705
-25159
-28038
-30277
-31822
-32637
-32702
-32014
-30588
-28456
-25665
-22280
-18377
-14047
-9388
-4509
477
5455
10308
14924
19194
23018
26305
28979
30974
32243
32756
32498
31476
29711
27244
24133
20449
16280
11722
6884
1880
-3170
-8148
-12935
-17416
-21484
-25041
-28000
-30291
-31856
-32659
-32677
-31909
-30373
-28105
-25157
-21600
-17520
-13013
-8189
-3163
1941
7001
11893
16499
20705
24407
27516
29953
31659
32589
32721
32049
30590
28377
25463
21921
17836
13307
8448
3377
-1780
-6896
-11843
-16499
-20746
-24479
-27603
-30040
-31727
-32621
-32699
-31957
-30413
-28105
-25088
-21439
-17247
-12618
-7668
-2522
2689
7836
12787
17416
21605
25247
28248
30530
32035
32723
32574
31592
29801
27244
23987
20112
15718
10917
5832
595
-4660
-9798
-14685
-19194
-23208
-26622
-29345
-31307
-32455
-32757
-32206
-30813
-28614
-25665
-22043
-17841
-13169
-8148
-2911
2405
7661
12717
17440
21705
25397
28419
30689
32146
32750
32483
31352
29385
26633
23169
19084
14487
9500
4255
-1105
-6439
-11603
-16457
-20870
-24723
-27911
-30346
-31961
-32712
-32578
-31559
-29684
-27001
-23582
-19519
-14922
-9916
-4636
771
6162
11386
16301
20770
24671
27896
30354
31977
32719
32558
31498
29565
26813
23317
19172
14492
9407
4058
-1405
-6833
-12073
-16978
-21411
-25247
-28377
-30713
-32188
-32760
-32410
-31148
-29007
-26047
-22351
-18021
-13179
-7961
-2516
3003
8440
13640
18454
22745
26389
29282
31340
32503
32737
32033
30409
27913
24613
20604
16000
10932
5547
0
-5550
-10942
-16021
-20637
-24657
-27963
-30458
-32068
-32745
-32468
-31244
-29107
-26118
-22364
-17952
-13013
-7689
-2137
3479
8997
14252
19090
23367
26955
29748
31662
32640
32650
31691
29790
27003
23411
19119
14256
8965
3403
-2262
-7862
-13230
-18204
-22633
-26385
-29345
-31423
-32556
-32707
-31871
-30072
-27362
-23823
-19561
-14703
-9397
-3803
1908
7565
12994
18030
22517
26318
29316
31419
32559
32702
31841
30001
27238
23635
19302
14372
8996
3339
-2422
-8112
-13553
-18577
-23026
-26761
-29667
-31650
-32648
-32629
-31591
-29565
-26615
-22829
-18327
-13249
-7752
-2009
3799
9491
14886
19815
24120
27666
30338
32052
32751
32412
31044
28690
25423
21345
16586
11295
5642
-193
-6025
-11667
-16938
-21669
-25706
-28920
-31206
-32489
-32726
-31909
-30063
-27244
-23544
-19081
-13998
-8460
-2644
3259
9060
14569
19606
24006
27626
30346
32075
32756
32366
30916
28451
25051
20827
15917
10480
4696
-1244
-7147
-12817
-18065
-22719
-26622
-29644
-31684
-32674
-32578
-31398
-29173
-25975
-21909
-17110
-11737
-5969
0
5972
11747
17130
21941
26016
29217
31436
32596
32657
31615
29504
26395
22390
17625
12260
6476
470
-5554
-11392
-16845
-21726
-25867
-29127
-31393
-32585
-32662
-31619
-29491
-26349
-22301
-17483
-12062
-6222
-166
5898
11762
17222
22088
26191
29387
31566
32648
32597
31411
29131
25835
21636
16679
11138
5205
-912
-7001
-12847
-18244
-23003
-26955
-29960
-31912
-32739
-32412
-30940
-28374
-24803
-20353
-15179
-9465
-3413
2763
8843
14612
19863
24407
28083
30758
32334
32755
32003
30103
27124
23169
18381
12929
7010
836
-5370
-11386
-16993
-21989
-26191
-29446
-31636
-32680
-32538
-31214
-28754
-25247
-20819
-15630
-9868
-3744
2518
8692
14551
19879
24480
28184
30855
32393
32739
31880
29845
26709
22585
17625
12011
5950
-333
-6607
-12639
-18204
-23094
-27128
-30152
-32055
-32763
-32248
-30528
-27666
-23767
-18976
-13473
-7461
-1167
5173
11322
17047
22132
26385
29644
31785
32724
32427
30901
28203
24435
19738
14288
8294
1981
-4409
-10635
-16457
-21654
-26025
-29402
-31656
-32697
-32485
-31027
-28377
-24634
-19943
-14481
-8460
-2109
4324
10594
16457
21686
26077
29459
31699
32710
32451
30929
28203
24378
19601
14056
7961
1552
-4919
-11201
-17047
-22227
-26537
-29806
-31906
-32751
-32307
-30590
-27666
-23648
-18696
-13002
-6791
-309
6187
12441
18204
23246
27366
30398
32222
32762
31995
29951
26709
22398
17189
11289
4935
-1619
-8112
-14281
-19879
-24678
-28486
-31147
-32552
-32643
-31416
-28917
-25247
-20553
-15023
-8882
-2378
4225
10659
16662
21989
26421
29777
31918
32756
32254
30432
27362
23169
18024
12137
5748
-879
-7473
-13762
-19485
-24407
-28323
-31070
-32533
-32650
-31414
-28875
-25136
-20353
-14721
-8475
-1874
4807
11292
17307
22602
26955
30182
32146
32765
32010
29911
26556
22083
16679
10571
4016
-2711
-9326
-15551
-21121
-25799
-29387
-31732
-32732
-32344
-30582
-27520
-23286
-18060
-12062
-5547
1206
7911
14280
20041
24947
28786
31393
32653
32513
30975
28105
24024
18906
12972
6476
-301
-7069
-13534
-19415
-24458
-28443
-31196
-32596
-32580
-31148
-28360
-24336
-19250
-13322
-6811
0
6813
13332
19269
24364
28393
31178
32594
32578
31129
28309
24241
19103
13120
6555
-301
-7147
-13680
-19609
-24671
-28641
-31340
-32648
-32505
-30916
-27948
-23735
-18460
-12360
-5706
1206
8067
14569
20421
25359
29162
31656
32728
32328
30473
27244
22786
17298
11027
4255
-2711
-9557
-15974
-21669
-26383
-29901
-32062
-32766
-31979
-29736
-26137
-21345
-15577
-9095
-2195
4807
11593
17850
23291
27666
30771
32464
32665
31362
28614
24546
19345
13249
6538
-477
-7473
-14125
-20126
-25196
-29098
-31650
-32732
-32292
-30349
-26991
-22374
-16712
-10266
-3339
3746
10659
17076
22694
27251
30530
32377
32702
31489
28793
24740
19519
13375
6597
-494
-7565
-14281
-20323
-25404
-29282
-31772
-32753
-32178
-30072
-26533
-21729
-15887
-9285
-2238
4919
11843
18204
23695
28052
31066
32589
32548
30942
27847
23411
17845
11416
4435
-2763
-9830
-16425
-22227
-26955
-30378
-32330
-32713
-31507
-28769
-24631
-19293
-13013
-6096
1120
8285
15047
21076
26077
29802
32068
32763
31850
29372
25451
20276
14101
7230
0
-7232
-14111
-20295
-25478
-29402
-31872
-32764
-32033
-29711
-25913
-20827
-14703
-7845
-595
6688
13640
19914
25196
29220
31785
32759
32093
29819
26047
20967
14832
7950
664
-6656
-13645
-19948
-25247
-29273
-31822
-32763
-32046
-29706
-25861
-20703
-14492
-7543
-209
7138
14125
20396
25629
29557
31977
32766
31880
29363
25342
20022
13674
6622
-771
-8129
-15071
-21240
-26318
-30042
-32219
-32734
-31559
-28754
-24461
-18901
-12360
-5177
2276
9615
16457
22447
27271
30678
32489
32608
31026
27825
23169
17302
10527
3199
-4298
-11573
-18244
-23960
-28419
-31387
-32705
-32302
-30198
-26501
-21406
-15179
-8148
-684
6817
13962
20369
25700
29668
32064
32757
31710
28975
24698
19103
12488
5205
-2358
-9798
-16717
-22745
-27557
-30894
-32577
-32513
-30703
-27244
-22319
-16192
-9191
-1693
5898
13175
19743
25247
29388
31941
32765
31816
29141
24884
19276
12618
5272
-2362
-9871
-16845
-22903
-27714
-31014
-32621
-32445
-30495
-26875
-21781
-15492
-8351
-749
6896
14165
20658
26016
29942
32220
32721
31417
28377
23767
17841
10926
3403
-4310
-11787
-18613
-24407
-28847
-31684
-32759
-32010
-29476
-25298
-19707
-13013
-5590
2148
9769
16845
22980
27828
31116
32659
32366
30254
26438
21133
14635
7310
-430
-8148
-15409
-21801
-26962
-30598
-32502
-32563
-30778
-27244
-22162
-15818
-8572
-836
6950
14343
20920
26305
30190
32350
32661
31103
27762
22829
16586
9388
1649
-6187
-13670
-20369
-25898
-29936
-32249
-32702
-31267
-28024
-23161
-16955
-9766
-2009
5867
13405
20168
25762
29860
32222
32709
31291
28049
23169
16936
9711
1916
-5992
-13553
-20323
-25904
-29968
-32275
-32687
-31179
-27837
-22855
-16527
-9222
-1372
6562
14111
20829
26318
30252
32397
32623
30916
27374
22206
15718
8294
373
-7571
-15067
-21669
-26980
-30683
-32556
-32483
-30469
-26631
-21197
-14492
-6916
1077
9009
16402
22811
27851
31216
32702
32218
29790
25564
19793
12824
5078
-2978
-10856
-18080
-24210
-28873
-31785
-32766
-31757
-28816
-24119
-17952
-10689
-2772
5316
13083
20053
25799
29968
32304
32662
31017
27469
22233
15630
8064
0
-8067
-15639
-22251
-27492
-31038
-32669
-32282
-29899
-25665
-19840
-12785
-4935
3223
11185
18454
24578
29176
31960
32754
31507
28295
23317
16881
9388
1306
-6859
-14599
-21426
-26913
-30713
-32587
-32415
-30206
-26096
-20343
-13307
-5431
2789
10837
18204
24423
29100
31937
32755
31498
28244
23199
16679
9099
938
-7285
-15047
-21854
-27271
-30951
-32659
-32282
-29844
-25497
-19519
-12290
-4271
4023
12062
19330
25359
29762
32252
32670
30984
27303
21861
15008
7184
-1105
-9326
-16947
-23474
-28484
-31650
-32766
-31757
-28687
-23753
-17274
-9670
-1435
6896
14781
21705
27215
30951
32666
32248
29720
25247
19119
11737
3583
-4807
-12886
-20121
-26035
-30239
-32455
-32534
-30469
-26395
-20578
-13400
-5336
3083
11302
18775
25007
29584
32200
32681
30992
27244
21684
14679
6695
-1736
-10055
-17706
-24178
-29038
-31959
-32744
-31340
-27837
-22468
-15592
-7668
771
9163
16942
23583
28641
31772
32764
31548
28203
22955
16155
8261
-193
-8637
-16499
-23246
-28419
-31667
-32766
-31641
-28366
-23161
-16378
-8479
0
8482
16388
23178
28387
31659
32766
31633
28334
23092
16267
8323
-193
-8699
-16610
-23382
-28547
-31748
-32764
-31521
-28105
-22748
-15818
-7793
771
9287
17161
23850
28887
31923
32744
31292
27666
22114
15023
6884
-1736
-10238
-18030
-24565
-29387
-32158
-32681
-30919
-26991
-21173
-13868
-5590
3083
11543
19194
25499
30012
32414
32534
30361
26047
19895
12336
3903
-4807
-13181
-20625
-26610
-30711
-32637
-32248
-29569
-24790
-18247
-10405
-1820
6896
15124
22277
27843
31423
32760
31757
28483
23169
16196
8060
-655
-9326
-17331
-24094
-29127
-32068
-32703
-30984
-27033
-21133
-13707
-5289
3511
12062
19743
25999
30374
32552
32371
29844
25150
18630
10754
2094
-6719
-15047
-22282
-27896
-31478
-32765
-31661
-28244
-22763
-15616
-7324
1506
10228
18204
24847
29668
32313
32585
30461
26096
19809
12062
3423
-5469
-13962
-21426
-27310
-31178
-32740
-31881
-28661
-23317
-16242
-7961
912
9721
17811
24578
29519
32265
32608
30520
26157
19840
12041
3339
-5613
-14150
-21629
-27492
-31296
-32755
-31758
-28377
-22863
-15630
-7219
1736
10564
18599
25234
29968
32443
32468
30041
25342
18725
10689
1842
-7147
-15598
-22868
-28404
-31785
-32751
-31227
-27327
-21345
-13736
-5078
3969
12717
20496
26712
30887
32702
32014
28875
23522
16364
7950
-1077
-10024
-18204
-24986
-29848
-32414
-32483
-30050
-25298
-18593
-10451
-1499
7571
16058
23305
28750
31969
32711
30916
26720
20449
12587
3744
-5391
-14111
-21734
-27666
-31442
-32766
-31533
-27837
-21964
-14372
-5653
3510
12401
20323
26654
30894
32710
31957
28692
23169
15822
7226
-1941
-10958
-19113
-25762
-30378
-32596
-32237
-29328
-24096
-16955
-8469
691
9799
18132
25028
29936
32465
32412
29778
24772
17791
9388
234
-8940
-17404
-24479
-29598
-32350
-32513
-30072
-25219
-18342
-9991
-836
8388
16942
24135
29387
32275
32563
30226
25451
18620
10283
1113
-8148
-16754
-24006
-29316
-32252
-32574
-30254
-25477
-18630
-10266
-1066
8222
16845
24098
29390
32286
32549
30156
25298
18372
9941
695
-8610
-17213
-24407
-29603
-32371
-32482
-29925
-24908
-17841
-9305
0
9307
17850
24924
29942
32491
32356
29546
24293
17028
8351
-1019
-10308
-18745
-25629
-30386
-32621
-32145
-28995
-23432
-15917
-7073
2362
11603
19879
26497
30903
32728
31816
28241
22301
14491
5464
-4023
-13175
-21224
-27492
-31451
-32766
-31324
-27244
-20868
-12732
-3519
5992
15001
22745
28568
31977
32682
30619
25962
19103
10622
1238
-8253
-17047
-24394
-29668
-32420
-32412
-29643
-24347
-16973
-8148
1373
10781
19269
26112
30723
32705
31886
28334
22351
14449
5304
-4298
-13534
-21608
-27826
-31650
-32749
-31026
-26627
-19930
-11510
-2094
7504
16457
23989
29446
32355
32460
29752
24461
17046
8148
-1459
-10942
-19477
-26318
-30870
-32732
-31742
-27983
-21780
-13674
-4371
5316
14541
22496
28484
31977
32669
30495
25645
18541
9807
209
-9410
-18204
-25397
-30356
-32640
-32046
-28625
-22675
-14721
-5464
4278
13645
21806
28038
31787
32719
30748
26047
19032
10324
695
-8997
-17892
-25196
-30256
-32621
-32077
-28669
-22701
-14703
-5389
4409
13816
21989
28193
31872
32694
30582
25725
18555
9715
0
-9718
-18563
-25739
-30598
-32699
-31850
-28126
-21861
-13619
-4144
5708
15047
23026
28920
32194
32549
29951
24631
17073
7961
-1876
-11547
-20168
-26955
-31287
-32766
-31257
-26894
-20073
-11416
-1713
8148
17267
24807
30076
32589
32113
28690
22632
14492
5018
-4919
-14407
-22570
-28657
-32104
-32591
-30072
-24775
-17189
-8012
1907
11653
20323
27113
31393
32763
31094
26539
19519
10683
852
-9060
-18132
-25519
-30530
-32697
-31816
-27965
-21503
-13031
-3339
6667
16052
23938
29584
32459
32292
29097
23169
15065
5543
-4501
-14125
-22423
-28612
-32108
-32578
-29977
-24546
-16798
-7461
2582
12385
21019
27666
31694
32721
30647
25665
18247
9095
-923
-10856
-19760
-26786
-31264
-32766
-31146
-26556
-19431
-10451
-470
9557
18675
26008
30855
32749
31507
27244
20368
11537
1595
-8501
-17784
-25359
-30497
-32702
-31758
-27754
-21074
-12360
-2451
7696
17103
24860
30215
32648
31922
28105
21563
12929
3039
-7147
-16643
-24525
-30025
-32607
-32016
-28309
-21844
-13249
-3359
6859
16412
24364
29939
32588
32050
28377
21924
13322
3413
-6833
-16412
-24382
-29960
-32596
-32028
-28309
-21804
-13150
-3199
7069
16643
24578
30089
32630
31946
28105
21482
12732
2719
-7565
-17103
-24947
-30318
-32680
-31797
-27754
-20951
-12062
-1970
8320
17784
25478
30633
32732
31565
27244
20200
11134
952
-9326
-18675
-26154
-31014
-32765
-31228
-26556
-19215
-9941
333
10578
19760
26955
31436
32749
30759
25665
17979
8475
-1887
-12062
-21019
-27851
-31864
-32650
-30126
-24546
-16475
-6728
3703
13762
22423
28806
32258
32427
29291
23169
14683
4696
-5772
-15653
-23938
-29777
-32571
-32033
-28214
-21503
-12587
-2378
8077
17706
25519
30711
32748
31416
26850
19519
10175
-219
-10594
-19879
-27113
-31549
-32726
-30520
-25157
-17189
-7439
3083
13289
22119
28657
32222
32441
29289
23092
14492
4381
-6187
-16114
-24364
-30076
-32652
-31820
-27666
-20619
-11416
-1017
9491
19008
26537
31287
32757
30792
25595
17709
7961
-2625
-12939
-21894
-28547
-32194
-32451
-29286
-23032
-14346
-4144
6498
16457
24678
30291
32699
31644
27238
19943
10531
0
-10533
-19951
-27251
-31656
-32694
-30254
-24592
-16309
-6286
4409
14637
23305
29487
32519
32077
28203
21312
12137
1660
-8997
-18692
-26385
-31248
-32757
-30748
-25434
-17383
-7461
3266
13645
22556
29038
32390
32248
28625
21909
12824
2351
-8378
-18204
-26061
-31098
-32765
-30880
-25645
-17625
-7689
3083
13524
22496
29023
32393
32235
28565
21780
12618
2077
-8692
-18516
-26318
-31245
-32755
-30681
-25247
-17046
-6975
3863
14280
23132
29446
32527
32033
28015
20915
11510
836
-9932
-19609
-27125
-31650
-32682
-30103
-24198
-15616
-5304
5596
15880
24407
30232
32705
31550
26894
19250
9465
-1373
-12062
-21411
-28379
-32188
-32412
-29022
-22395
-13267
-2656
8253
18244
26197
31222
32754
30619
25054
16679
6433
-4537
-15001
-23783
-29895
-32648
-31731
-27244
-19690
-9916
976
11762
21224
28293
32170
32415
28997
22301
13080
2378
-8595
-18599
-26497
-31393
-32729
-30352
-24528
-15917
-5494
5554
15974
24578
30386
32734
31352
26395
18425
8351
-2679
-13405
-22602
-29217
-32491
-32046
-27932
-20616
-10936
0
10939
20625
27944
32055
32482
29173
22507
13249
2462
-8610
-18692
-26622
-31481
-32707
-30156
-24119
-15293
-4696
6446
16845
25296
30817
32766
30916
25477
17079
6695
-4468
-15115
-24006
-30106
-32702
-31489
-26606
-18620
-8460
2689
13528
22788
29387
32552
31909
27532
19930
9991
-1120
-12103
-21669
-28693
-32350
-32208
-28280
-21025
-11295
-234
10856
20671
28052
32127
32412
28871
21921
12379
1372
-9799
-19815
-27487
-31906
-32545
-29328
-22632
-13249
-2291
8940
19113
27016
31708
32629
29666
23169
13911
2992
-8285
-18577
-26654
-31549
-32677
-29899
-23544
-14372
-3477
7836
18214
26411
31442
32702
30037
23764
14635
3744
-7598
-18030
-26293
-31393
-32711
-30086
-23833
-14703
-3796
7571
18026
26305
31405
32707
30050
23753
14577
3632
-7754
-18204
-26446
-31479
-32688
-29925
-23522
-14256
-3253
8148
18560
26712
31608
32650
29706
23135
13736
2656
-8751
-19090
-27095
-31785
-32581
-29385
-22585
-13013
-1842
9557
19786
27585
31994
32468
28947
21861
12081
809
-10564
-20637
-28166
-32219
-32293
-28377
-20951
-10932
440
11762
21629
28819
32437
32033
27653
19840
9561
-1907
-13142
-22745
-29519
-32621
-31661
-26755
-18514
-7961
3586
14689
23960
30239
32740
31148
25658
16955
6128
-5469
-16384
-25247
-30944
-32759
-30461
-24336
-15151
-4058
7546
18204
26572
31595
32638
29565
22763
13087
1756
-9798
-20118
-27896
-32148
-32332
-28424
-20915
-10754
771
12203
22088
29171
32552
31797
27001
18769
8148
-3511
-14727
-24069
-30346
-32754
-30984
-25260
-16309
-5272
6439
17331
26008
31359
32696
29845
23169
13521
2137
-9523
-19964
-27843
-32146
-32318
-28334
-20703
-10405
1234
12717
22564
29503
32637
31559
26407
17841
6968
-4807
-15965
-25058
-30909
-32757
-30361
-24028
-14577
-3233
8533
19194
27364
31977
32433
28669
21173
10917
-762
-12345
-22321
-29387
-32619
-31592
-26438
-17828
-6884
4961
16161
25247
31028
32744
30168
23635
13998
2522
-9287
-19879
-27860
-32179
-32265
-28105
-20242
-9711
2101
13640
23382
30040
32733
31103
25362
16267
5018
-6896
-17901
-26537
-31659
-32585
-29190
-21921
-11741
0
11743
21929
29201
32589
31641
26480
17791
6728
-5233
-16499
-25566
-31222
-32709
-29826
-22955
-13013
-1327
10537
20994
28641
32450
31909
27088
18630
7668
-4324
-15739
-25041
-30976
-32744
-30105
-23411
-13561
-1880
10055
20637
28436
32397
31982
27244
18822
7852
-4182
-15653
-25007
-30974
-32743
-30072
-23319
-13400
-1660
10308
20879
28612
32455
31881
26966
18377
7282
-4807
-16245
-25468
-31216
-32702
-29720
-22675
-12528
-664
11292
21705
29147
32596
31576
26225
17274
5950
-6193
-17489
-26383
-31650
-32564
-28995
-21433
-10917
1105
12978
23064
29968
32737
30984
24950
15465
3839
-8320
-19330
-27666
-32170
-32217
-27796
-19519
-8531
3643
15314
24860
30951
32739
29972
23032
12884
938
-11141
-21669
-29176
-32613
-31498
-25982
-16835
-5332
6918
18204
26944
31912
32410
28366
20343
9465
-2743
-14569
-24351
-30713
-32759
-30198
-23387
-13283
-1306
10856
21492
29100
32604
31507
25962
16748
5166
-7147
-18454
-27152
-32008
-32332
-28076
-19840
-8789
3510
15314
24947
31038
32720
29752
22551
12140
0
-12143
-22559
-29762
-32723
-31017
-24884
-15198
-3339
8998
20053
28242
32393
31908
26854
17952
6476
-5930
-17489
-26541
-31785
-32465
-28481
-20402
-9388
2978
14918
24714
30951
32730
29790
22554
12062
-172
-12385
-22811
-29942
-32746
-30813
-24421
-14492
-2462
9926
20879
28806
32556
31581
26021
16679
4912
-7571
-18956
-27585
-32200
-32127
-27374
-18630
-7167
5342
17076
26318
31719
32485
28504
20353
9222
-3259
-15267
-25041
-31147
-32687
-29434
-21861
-11077
1334
13553
23783
30517
32764
30189
23169
12736
423
-11953
-22570
-29860
-32743
-30792
-24293
-14202
-2009
10483
21426
29201
32652
31267
25247
15482
3419
-9153
-20369
-28563
-32514
-31633
-26047
-16586
-4654
7973
19415
27967
32350
31910
26709
17520
5712
-6950
-18577
-27428
-32179
-32116
-27244
-18292
-6597
6088
17864
26962
32015
32263
27666
18910
7310
-5391
-17284
-26579
-31872
-32366
-27983
-19380
-7852
4862
16845
26287
31760
32433
28203
19707
8226
-4501
-16550
-26094
-31684
-32472
-28334
-19895
-8434
4310
16402
26003
31651
32486
28377
19946
8475
-4288
-16402
-26016
-31662
-32478
-28334
-19861
-8351
4437
16550
26133
31717
32445
28203
19638
8060
-4756
-16845
-26351
-31812
-32386
-27983
-19276
-7602
5243
17284
26666
31941
32293
27666
18769
6975
-5898
-17864
-27071
-32095
-32157
-27244
-18113
-6176
6719
18577
27557
32265
31968
26709
17302
5205
-7702
-19415
-28111
-32434
-31710
-26047
-16326
-4058
8843
20369
28719
32588
31368
25247
15179
2736
-10137
-21426
-29364
-32705
-30922
-24293
-13853
-1238
11573
22570
30025
32764
30353
23169
12339
-434
-13142
-23783
-30678
-32739
-29638
-21861
-10632
2276
14829
25041
31296
32604
28754
20353
8727
-4282
-16616
-26318
-31849
-32328
-27676
-18630
-6622
6439
18480
27585
32302
31880
26381
16679
4318
-8734
-20396
-28806
-32620
-31227
-24845
-14492
-1820
11144
22329
29942
32763
30335
23047
12062
-859
-13645
-24243
-30951
-32688
-29173
-20967
-9388
3703
16202
26094
31785
32354
27709
18593
6476
-6688
-18775
-27832
-32393
-31718
-25913
-15915
-3339
9779
21317
29402
32723
30737
23764
12933
0
-12935
-23772
-30745
-32720
-29372
-21243
-9654
3510
16105
26077
31798
32332
27590
18342
6096
-7147
-19226
-28162
-32493
-31507
-25362
-15061
-2291
10856
22227
29953
32765
30198
22670
11416
-1716
-14569
-25028
-31370
-32548
-28366
-19509
-7435
5867
18204
27539
32330
31782
25982
15887
3163
-10086
-21669
-29667
-32753
-30413
-23032
-11831
1334
14281
24860
31312
32563
28403
19519
7387
-5976
-18347
-27666
-32377
-31693
-25725
-15465
-2622
10659
22164
29968
32766
30086
22374
10917
-2369
-15261
-25599
-31650
-32396
-27709
-18372
-5950
7473
19643
28516
32596
31195
24546
13765
664
-12550
-23653
-30771
-32702
-29116
-20616
-8634
4807
17440
27128
32230
31881
26137
15968
3092
-10308
-21966
-29901
-32766
-30072
-22272
-10689
2711
15653
25937
31812
32275
27244
17574
4908
-8595
-20637
-29162
-32712
-30681
-23411
-12140
1206
14349
25041
31451
32480
27948
18630
6117
-7445
-19735
-28641
-32634
-31026
-24089
-13013
301
13567
24501
31222
32570
28309
19172
6728
-6876
-19298
-28393
-32589
-31159
-24347
-13326
0
13328
24354
31166
32585
28360
19220
6748
-6896
-19347
-28443
-32604
-31103
-24198
-13087
301
13640
24608
31294
32533
28105
18778
6176
-7504
-19879
-28786
-32669
-30847
-23635
-12290
1206
14493
25247
31583
32389
27520
17828
5008
-8692
-20870
-29387
-32745
-30352
-22624
-10917
2711
15865
26229
31977
32094
26556
16335
3233
-10442
-22277
-30182
-32757
-29546
-21112
-8944
4807
17712
27483
32390
31559
25136
14256
845
-12717
-24026
-31070
-32598
-28334
-19032
-6345
7473
19964
28903
32697
30666
23169
11540
-2148
-15456
-26008
-31918
-32127
-26596
-16309
-3103
10659
22517
30346
32741
29270
20553
8148
-5719
-18563
-28078
-32552
-31179
-24202
-12874
771
14281
25223
31625
32332
27214
17189
4062
-9798
-21894
-30040
-32762
-29565
-21025
-8682
5233
18204
27882
32514
31257
24336
13002
-691
-14262
-25247
-31650
-32307
-27094
-16955
-3732
10171
22227
30239
32747
29289
20494
7961
-6025
-18915
-28356
-32621
-30929
-23586
-11931
1907
15400
26077
31982
32033
26215
15592
2109
-11762
-23479
-30889
-32629
-28377
-18910
-5966
8077
20637
29402
32756
30080
21861
9613
-4409
-17621
-27585
-32459
-31342
-24435
-13013
816
14497
25499
31785
32188
26631
16140
2656
-11322
-23203
-30782
-32650
-28456
-18976
-5969
8148
20755
29503
32763
29925
21514
9095
-5021
-18204
-27995
-32564
-31058
-23753
-12011
1977
15598
26305
32095
31880
25698
14703
952
-12978
-24480
-31393
-32418
-27360
-17165
-3744
10381
22559
30497
32702
28754
19394
6380
-7836
-20580
-29446
-32762
-29899
-21393
-8847
5370
18577
28275
32630
30814
23169
11138
-3003
-16579
-27016
-32334
-31523
-24733
-13249
751
14612
25700
31906
32048
26096
15179
1372
-12698
-24354
-31371
-32412
-27273
-16932
-3359
10856
23003
30758
32638
28280
18514
5205
-9101
-21669
-30089
-32747
-29131
-19930
-6905
7445
20371
29387
32762
29844
21189
8460
-5898
-19125
-28673
-32702
-30433
-22301
-9868
4468
17946
27963
32585
30916
23274
11134
-3159
-16845
-27275
-32428
-31305
-24119
-12260
1977
15833
26622
32247
31615
24845
13249
-923
-14918
-26016
-32055
-31858
-25461
-14105
0
14107
25468
31864
32046
25975
14832
792
-13405
-24986
-31684
-32188
-26395
-15435
-1452
12817
24578
31525
32292
26727
15917
1981
-12345
-24250
-31393
-32366
-26976
-16280
-2378
11993
24006
31293
32415
27148
16527
2644
-11762
-23850
-31230
-32442
-27244
-16660
-2779
11653
23783
31206
32451
27267
16679
2783
-11667
-23806
-31222
-32441
-27217
-16586
-2656
11803
23919
31277
32412
27094
16378
2398
-12062
-24120
-31370
-32361
-26894
-16056
-2009
12441
24407
31496
32285
26615
15616
1488
-12939
-24777
-31650
-32178
-26251
-15055
-836
13553
25223
31826
32033
25797
14372
52
-14280
-25739
-32015
-31841
-25247
-13561
863
15115
26318
32208
31592
24592
12618
-1908
-16052
-26950
-32393
-31276
-23823
-11540
3083
17085
27622
32556
30880
22932
10324
-4384
-18204
-28323
-32682
-30389
-21909
-8965
5807
19399
29038
32755
29790
20744
7461
-7347
-20658
-29748
-32757
-29067
-19428
-5811
8997
21966
30436
32669
28203
17952
4016
-10746
-23305
-31079
-32468
-27184
-16309
-2077
12583
24657
31656
32135
25992
14491
0
-14493
-25999
-32139
-31644
-24613
-12494
2208
16457
27304
32503
30975
23032
10317
-4537
-18454
-28547
-32719
-30103
-21238
-7961
6971
20458
29694
32757
29007
19220
5431
-9491
-22439
-30713
-32587
-27666
-16973
-2736
12073
24364
31568
32177
26060
14492
-108
-14689
-26197
-32222
-31498
-24174
-11781
3083
17304
27896
32634
30520
21996
8847
-6162
-19879
-29416
-32766
-29219
-19519
-5706
9311
22368
30711
32578
27570
16743
2378
-12491
-24723
-31732
-32033
-25558
-13674
1105
15653
26888
32428
31095
23169
10328
-4707
-18745
-28806
-32750
-29736
-20402
-6728
8378
21705
30414
32650
27932
17262
2911
-12062
-24465
-31651
-32083
-25665
-13765
1077
15692
26955
32455
31012
22932
9941
-5180
-19194
-29098
-32765
-29406
-19738
-5832
9326
22486
30817
32526
27244
16102
1495
-13436
-25478
-32035
-31693
-24521
-12062
2999
17416
28078
32680
30226
21243
7668
-7565
-21167
-30192
-32685
-28105
-17438
-2992
12103
24578
31727
31995
25321
13150
-1876
-16499
-27539
-32596
-30567
-21889
-8448
6833
20630
29936
32722
28377
17845
3419
-11753
-24364
-31659
-32040
-25423
-13249
1823
16499
27568
32607
30508
21729
8189
-7147
-20920
-30108
-32693
-28105
-17347
-2779
12401
24860
31856
31850
24838
12360
-2839
-17416
-28160
-32702
-30037
-20749
-6884
8501
22013
30668
32552
27244
15915
1066
-14020
-26008
-32243
-31342
-23500
-10451
4915
19194
29220
32766
29042
18871
4509
-10856
-23813
-31479
-32147
-25665
-13473
1720
16533
27666
32637
30335
21271
7461
-8015
-21705
-30552
-32578
-27327
-15968
-1038
14125
26133
32294
31228
23169
9920
-5554
-19786
-29584
-32748
-28565
-17970
-3339
12043
24723
31849
31816
24627
11897
-3511
-18132
-28673
-32755
-29458
-19519
-5177
10334
23516
31393
32182
25702
13414
-1907
-16800
-27896
-32682
-30072
-20653
-6555
9029
22570
30997
32395
26445
14492
-751
-15827
-27310
-32589
-30461
-21406
-7481
8148
21926
30713
32507
26894
15151
-48
-15238
-26955
-32522
-30664
-21804
-7961
7702
21608
30575
32549
27076
15403
202
-15047
-26852
-32503
-30703
-21861
-8002
7696
21629
30598
32538
27001
15255
0
-15257
-27007
-32541
-30582
-21579
-7602
8129
21989
30779
32468
26664
14703
-655
-15865
-27411
-32621
-30288
-20948
-6758
8997
22672
31098
32318
26047
13736
-1763
-16855
-28038
-32713
-29790
-19946
-5464
10289
23653
31516
32046
25116
12336
-3319
-18204
-28847
-32766
-29042
-18541
-3711
11987
24889
31977
31593
23823
10480
-5316
-19871
-29777
-32711
-27983
-16697
-1495
14059
26318
32404
30885
22114
8148
-7733
-21801
-30745
-32460
-26539
-14372
1180
16457
27860
32699
29832
19930
5325
-10537
-23916
-31650
-31910
-24631
-11530
4298
19113
29409
32747
28334
17210
2009
-13670
-26112
-32365
-30942
-22178
-8148
7817
21929
30833
32412
26285
13907
-1780
-17047
-28259
-32743
-29429
-19103
-4222
11667
24777
31977
31548
23586
9991
-5992
-20546
-30192
-32619
-27244
-15350
219
15739
27492
32660
30001
20149
5464
-10533
-24006
-31719
-31816
-24270
-10892
5106
19879
29873
32681
27625
15917
373
-15261
-27221
-32621
-30156
-20416
-5748
10308
23879
31684
31836
24293
10875
-5173
-19973
-29942
-32665
-27477
-15633
0
15636
27483
32666
29925
19920
5078
-10999
-24407
-31886
-31615
-23656
-9941
6193
20824
30386
32549
26782
14487
-1341
-16845
-28242
-32749
-29262
-18630
-3445
12583
25539
32252
31078
22301
8064
-8148
-22368
-31111
-32231
-25451
-12429
3643
18824
29387
32737
28047
16465
836
-15001
-27152
-32625
-30072
-20115
-5205
10989
24479
31937
31523
23335
9388
-6876
-21447
-30723
-32412
-26092
-13322
2743
18132
29038
32759
28371
16955
1338
-14612
-26944
-32596
-30164
-20247
-5304
10958
24501
31960
31477
23169
9099
-7236
-21774
-30894
-32323
-25702
-12676
3510
18824
29446
32724
27837
16000
166
-15711
-27666
-32707
-29572
-19041
-3744
12491
25602
32304
30916
21780
7184
-9215
-23305
-31551
-31880
-24205
-10451
5930
20824
30486
32483
26311
13518
-2679
-18204
-29147
-32749
-28098
-16364
-502
15488
27574
32702
29574
18976
3583
-12717
-25806
-32371
-30748
-21345
-6538
9926
23879
31785
31636
23467
9346
-7147
-21830
-30974
-32254
-25342
-11991
4409
19692
29968
32623
26976
14462
-1736
-17495
-28798
-32764
-28377
-16752
-852
15267
27492
32699
29554
18857
3339
-13034
-26077
-32450
-30520
-20777
-5712
10817
24578
32042
31291
22515
7961
-8637
-23021
-31496
-31881
-24075
-10079
6509
21426
30833
32307
25463
12062
-4448
-19815
-30076
-32585
-26689
-13907
2465
18204
29244
32732
27762
15616
-569
-16610
-28356
-32765
-28692
-17189
-1231
15047
27428
32699
29490
18630
2932
-13528
-26478
-32552
-30168
-19943
-4530
12062
25519
32337
30737
21133
6022
-10659
-24565
-32068
-31208
-22206
-7407
9326
23628
31760
31593
23169
8686
-8070
-22719
-31423
-31903
-24028
-9858
6896
21846
31070
32147
24790
10926
-5807
-21019
-30711
-32336
-25461
-11891
4807
20244
30356
32478
26047
12755
-3899
-19528
-30012
-32581
-26556
-13521
3083
18877
29687
32654
26991
14192
-2362
-18294
-29387
-32703
-27360
-14769
1736
17784
29119
32734
27666
15255
-1206
-17349
-28887
-32752
-27913
-15652
771
16993
28695
32761
28105
15962
-434
-16717
-28547
-32765
-28244
-16186
193
16523
28443
32766
28334
16326
-48
-16412
-28387
-32766
-28374
-16382
0
0
0
0
0
0
0
0
0
0
0
0
0
0
0
0
0
0
0
0
0
0
0
0
0
0
0
0
0
0
0
0
0
0
0
0
0
0
0
0
0
0
0
0
0
0
0
0
0
0
0
0
0
0
0
0
0
0
0
0
0
0
0
0
0
0
0
0
0
0
0
0
0
0
0
0
0
0
0
0
0
0
0
0
0
0
0
0
0
0
0
0
0
0
0
0
0
0
0
0
0
0
0
0
0
0
0
0
0
0
0
0
0
0
0
0
0
0
0
0
0
0
0
0
0
0
0
0
0
0
0
0
0
0
0
0
0
0
0
0
0
0
0
0
0
0
0
0
0
0
0
0
0
0
0
0
0
0
0
0
0
0
0
0
0
0
0
0
0
0
0
0
0
0
0
0
0
0
0
0
0
0
0
0
0
0
0
0
0
0
0
0
0
0
0
0
0
0
0
0
0
0
0
0
0
0
0
0
0
0
0
0
0
0
0
0
0
0
0
0
0
0
0
0
0
0
0
0
0
0
0
0
0
0
0
0
0
0
0
0
0
0
0
0
0
0
0
0
0
0
0
0
0
0
0
0
0
0
0
0
0
0
0
0
0
0
0
0
0
0
0
0
0
0
0
0
0
0
0
0
0
0
0
0
0
0
0
0
0
0
0
0
0
0
0
0
0
0
0
0
0
0
0
0
0
0
0
0
0
0
0
0
0
0
0
0
0
0
0
0
0
0
0
0
0
0
0
0
0
0
0
0
0
0
0
0
0
0
0
0
0
0
0
0
0
0
0
0
0
0
0
0
0
0
0
0
0
0
0
0
0
0
0
0
0
0
0
0
0
0
0
0
0
0
0
0
0
0
0
0
0
0
0
0
0
0
0
0
0
0
0
0
0
0
0
0
0
0
0
0
0
0
0
0
0
0
0
0
0
0
0
0
0
0
0
0
0
0
0
0
0
0
0
0
0
0
0
0
0
0
0
0
0
0
0
0
0
0
0
0
0
0
0
0
0
0
0
0
0
0
0
0
0
0
0
0
0
0
0
0
0
0
0
0
0
0
0
0
0
0
0
0
0
0
0
0
0
0
0
0
0
0
0
0
0
0
0
0
0
0
0
0
0
0
0
0
0
0
0
0
0
0
0
0
0
0
0
0
0
0
0
0
0
0
0
0
0
0
0
0
0
0
0
0
0
0
0
0
0
0
0
0
0
0
0
0
0
0
0
0
0
0
0
0
0
0
0
0
0
0
0
0
0
0
0
0
0
0
0
0
0
0
0
0
0
0
0
0
0
0
0
0
0
0
0
0
0
0
0
0
0
0
0
0
0
0
0
0
0
0
0
0
0
0
0
0
0
0
0
0
0
0
0
0
0
0
0
0
0
0
0
0
0
0
0
0
0
0
0
0
0
0
0
0
0
0
0
0
0
0
0
0
0
0
0
0
0
0
0
0
0
0
0
0
0
0
0
0
0
0
0
0
0
0
0
0
0
0
0
0
0
0
0
0
0
0
0
0
0
0
0
0
0
0
0
0
0
0
0
0
0
0
0
0
0
0
0
0
0
0
0
0
0
0
0
0
0
0
0
0
0
0
0
0
0
0
0
0
0
0
0
0
0
0
0
0
0
0
0
0
0
0
0
0
0
0
0
0
0
0
0
0
0
0
0
0
0
0
0
0
0
0
0
0
0
0
0
0
0
0
0
0
0
0
0
0
0
0
0
0
0
0
0
0
0
0
0
0
0
0
0
0
0
0
0
0
0
0
0
0
0
0
0
0
0
0
0
0
0
0
0
0
0
0
0
0
0
0
0
0
0
0
0
0
0
0
0
0
0
0
0
0
0
0
0
0
0
0
0
0
0
0
0
0
0
0
0
0
0
0
0
0
0
0
0
0
0
0
0
0
0
0
0
0
0
0
0
0
0
0
0
0
0
0
0
0
0
0
0
0
0
0
0
0
0
0
0
0
0
0
0
0
0
0
0
0
0
0
0
0
0
0
0
0
0
0
0
0
0
0
0
0
0
0
0
0
0
0
0
0
0
0
0
0
0
0
0
0
0
0
0
0
0
0
0
0
0
0
0
0
0
0
0
0
0
0
0
0
0
0
0
0
0
0
0
0
0
0
0
0
0
0
0
0
0
0
0
0
0
0
0
0
0
0
0
0
0
0
0
0
12072
11889
11348
10465
9269
7795
6092
4211
2213
159
-1885
-3858
-5699
-7349
-8760
-9890
-10706
-11186
-11319
-11106
-10559
-9700
-8563
-7189
-5627
-3932
-2161
-373
1373
3023
4527
5841
6929
7765
8333
8627
8650
8416
7946
7270
6423
5444
4374
3254
2125
1025
-14
-966
-1808
-2528
-3118
-3576
-3908
-4123
-4235
-4259
-4213
-4114
-3977
-3814
-3637
-3450
-3257
-3055
-2840
-2605
-2340
-2036
-1684
-1277
-809
-282
302
935
1602
2286
2965
3614
4206
4714
5111
5376
5488
5434
5207
4809
4246
3537
2704
1777
791
-214
-1199
-2124
-2951
-3647
-4185
-4545
-4717
-4699
-4499
-4135
-3632
-3022
-2344
-1637
-943
-301
251
686
981
1122
1109
946
654
257
-208
-704
-1186
-1610
-1933
-2118
-2132
-1955
-1576
-996
-228
701
1755
2886
4039
5153
6167
7018
7650
8014
8071
7794
7173
6211
4931
3369
1575
-383
-2435
-4497
-6485
-8314
-9905
-11183
-12090
-12577
-12616
-12194
-11318
-10015
-8328
-6318
-4059
-1635
862
3337
5697
7852
9720
11233
12336
12991
13178
12896
12162
11010
9491
7669
5618
3420
1161
-1072
-3199
-5142
-6834
-8219
-9255
-9916
-10190
-10080
-9606
-8799
-7703
-6372
-4867
-3254
-1598
31
1574
2972
4176
5147
5854
6282
6423
6284
5883
5245
4406
3410
2304
1139
-31
-1159
-2194
-3093
-3819
-4344
-4647
-4717
-4555
-4168
-3576
-2805
-1891
-874
200
1285
2332
3295
4129
4798
5268
5518
5534
5312
4859
4191
3334
2324
1200
11
-1193
-2363
-3449
-4403
-5186
-5763
-6112
-6218
-6078
-5700
-5102
-4314
-3373
-2323
-1211
-90
989
1981
2840
3533
4031
4319
4391
4253
3922
3425
2797
2080
1320
565
-139
-749
-1229
-1550
-1692
-1649
-1425
-1035
-506
127
821
1529
2199
2782
3232
3508
3580
3427
3040
2425
1598
592
-553
-1785
-3047
-4277
-5411
-6389
-7157
-7668
-7888
-7794
-7380
-6653
-5635
-4363
-2886
-1261
443
2160
3817
5346
6687
7785
8598
9097
9269
9111
8640
7881
6873
5665
4311
2869
1400
-40
-1400
-2634
-3705
-4587
-5265
-5733
-5997
-6071
-5975
-5736
-5385
-4950
-4462
-3947
-3428
-2919
-2431
-1969
-1531
-1110
-696
-277
157
620
1117
1652
2221
2815
3417
4008
4560
5042
5425
5676
5767
5674
5382
4884
4180
3287
2227
1037
-237
-1547
-2833
-4037
-5099
-5967
-6593
-6940
-6985
-6718
-6145
-5289
-4185
-2884
-1449
50
1539
2942
4185
5203
5941
6357
6427
6144
5520
4585
3388
1989
462
-1109
-2644
-4056
-5269
-6213
-6836
-7099
-6983
-6491
-5644
-4483
-3065
-1462
243
1965
3613
5104
6360
7318
7929
8165
8014
7489
6619
5453
4055
2500
869
-751
-2281
-3642
-4771
-5617
-6146
-6344
-6215
-5784
-5089
-4186
-3139
-2022
-908
129
1028
1731
2199
2408
2352
2044
1513
805
-20
-898
-1755
-2520
-3124
-3509
-3628
-3453
-2971
-2191
-1141
132
1567
3088
4610
6044
7303
8306
8982
9274
9147
8586
7597
6211
4481
2476
286
-1991
-4250
-6385
-8294
-9884
-11079
-11820
-12072
-11820
-11079
-9884
-8294
-6385
-4250
-1991
286
2476
4481
6211
7597
8586
9147
9274
8982
8306
7303
6044
4610
3088
1567
132
-1141
-2191
-2971
-3453
-3628
-3509
-3124
-2520
-1755
-898
-20
805
1513
2044
2352
2408
2199
1731
1028
129
-908
-2022
-3139
-4186
-5089
-5784
-6215
-6344
-6146
-5617
-4771
-3642
-2281
-751
869
2500
4055
5453
6619
7489
8014
8165
7929
7318
6360
5104
3613
1965
243
-1462
-3065
-4483
-5644
-6491
-6983
-7099
-6836
-6213
-5269
-4056
-2644
-1109
462
1989
3388
4585
5520
6144
6427
6357
5941
5203
4185
2942
1539
50
-1449
-2884
-4185
-5289
-6145
-6718
-6985
-6940
-6593
-5967
-5099
-4037
-2833
-1547
-237
1037
2227
3287
4180
4884
5382
5674
5767
5676
5425
5042
4560
4008
3417
2815
2221
1652
1117
620
157
-277
-696
-1110
-1531
-1969
-2431
-2919
-3428
-3947
-4462
-4950
-5385
-5736
-5975
-6071
-5997
-5733
-5265
-4587
-3705
-2634
-1400
-40
1400
2869
4311
5665
6873
7881
8640
9111
9269
9097
8598
7785
6687
5346
3817
2160
443
-1261
-2886
-4363
-5635
-6653
-7380
-7794
-7888
-7668
-7157
-6389
-5411
-4277
-3047
-1785
-553
592
1598
2425
3040
3427
3580
3508
3232
2782
2199
1529
821
127
-506
-1035
-1425
-1649
-1692
-1550
-1229
-749
-139
565
1320
2080
2797
3425
3922
4253
4391
4319
4031
3533
2840
1981
989
-90
-1211
-2323
-3373
-4314
-5102
-5700
-6078
-6218
-6112
-5763
-5186
-4403
-3449
-2363
-1193
11
1200
2324
3334
4191
4859
5312
5534
5518
5268
4798
4129
3295
2332
1285
200
-874
-1891
-2805
-3576
-4168
-4555
-4717
-4647
-4344
-3819
-3093
-2194
-1159
-31
1139
2304
3410
4406
5245
5883
6284
6423
6282
5854
5147
4176
2972
1574
31
-1598
-3254
-4867
-6372
-7703
-8799
-9606
-10080
-10190
-9916
-9255
-8219
-6834
-5142
-3199
-1072
1161
3420
5618
7669
9491
11010
12162
12896
13178
12991
12336
11233
9720
7852
5697
3337
862
-1635
-4059
-6318
-8328
-10015
-11318
-12194
-12616
-12577
-12090
-11183
-9905
-8314
-6485
-4497
-2435
-383
1575
3369
4931
6211
7173
7794
8071
8014
7650
7018
6167
5153
4039
2886
1755
701
-228
-996
-1576
-1955
-2132
-2118
-1933
-1610
-1186
-704
-208
257
654
946
1109
1122
981
686
251
-301
-943
-1637
-2344
-3022
-3632
-4135
-4499
-4699
-4717
-4545
-4185
-3647
-2951
-2124
-1199
-214
791
1777
2704
3537
4246
4809
5207
5434
5488
5376
5111
4714
4206
3614
2965
2286
1602
935
302
-282
-809
-1277
-1684
-2036
-2340
-2605
-2840
-3055
-3257
-3450
-3637
-3814
-3977
-4114
-4213
-4259
-4235
-4123
-3908
-3576
-3118
-2528
-1808
-966
-14
1025
2125
3254
4374
5444
6423
7270
7946
8416
8650
8627
8333
7765
6929
5841
4527
3023
1373
-373
-2161
-3932
-5627
-7189
-8563
-9700
-10559
-11106
-11319
-11186
-10706
-9890
-8760
-7349
-5699
-3858
-1885
159
2213
4211
6092
7795
9269
10465
11348
11889
0
0
0
0
0
0
0
0
0
0
0
0
0
0
0
0
0
0
0
0
0
0
0
0
0
0
0
0
0
0
0
0
0
0
0
0
0
0
0
0
0
0
0
0
0
0
0
0
0
0
0
0
0
0
0
0
0
0
0
0
0
0
0
0
0
0
0
-8622
-8490
-8099
-7460
-6596
-5533
-4306
-2955
-1522
-52
1407
2813
4123
5298
6303
7111
7700
8056
8171
8045
7686
7108
6330
5377
4280
3071
1785
461
-865
-2156
-3376
-4492
-5474
-6294
-6931
-7366
-7589
-7592
-7375
-6942
-6306
-5482
-4493
-3367
-2136
-835
496
1819
3091
4273
5326
6214
6907
7379
7613
7597
7330
6818
6077
5130
4008
2751
1402
10
-1375
-2704
-3928
-5001
-5884
-6545
-6962
-7121
-7019
-6663
-6072
-5273
-4301
-3200
-2016
-799
400
1534
2558
3435
4134
4634
4924
5003
4880
4572
4108
3520
2845
2124
1397
703
77
-452
-864
-1146
-1294
-1312
-1214
-1021
-761
-464
-165
103
308
423
427
306
56
-319
-807
-1384
-2020
-2678
-3318
-3897
-4372
-4704
-4860
-4811
-4540
-4041
-3317
-2385
-1273
-17
1333
2728
4108
5413
6586
7570
8319
8792
8961
8811
8337
7551
6477
5150
3616
1932
159
-1638
-3393
-5043
-6527
-7794
-8799
-9511
-9909
-9984
-9740
-9192
-8367
-7301
-6036
-4620
-3105
-1544
10
1511
2914
4181
5281
6190
6894
7383
7658
7726
7597
7289
6821
6216
5499
4693
3822
2910
1977
1044
127
-756
-1593
-2372
-3081
-3711
-4254
-4701
-5047
-5287
-5416
-5431
-5333
-5122
-4803
-4381
-3867
-3271
-2608
-1895
-1151
-396
347
1060
1721
2312
2817
3222
3518
3700
3768
3726
3580
3345
3034
2666
2260
1837
1416
1017
654
343
91
-93
-211
-265
-260
-209
-123
-17
91
187
254
278
249
157
0
-225
-514
-860
-1253
-1677
-2117
-2556
-2973
-3349
-3667
-3908
-4058
-4105
-4038
-3852
-3546
-3119
-2578
-1930
-1189
-369
511
1433
2374
3309
4215
5065
5834
6497
7030
7412
7622
7644
7465
7078
6480
5674
4671
3485
2142
671
-890
-2502
-4115
-5680
-7144
-8455
-9562
-10420
-10989
-11235
-11136
-10683
-9877
-8732
-7278
-5556
-3619
-1531
636
2806
4900
6839
8548
9962
11024
11691
11938
11753
11146
10141
8782
7128
5249
3225
1144
-905
-2837
-4571
-6036
-7174
-7946
-8327
-8316
-7926
-7193
-6166
-4911
-3503
-2022
-552
824
2034
3013
3711
4095
4151
3883
3315
2488
1460
299
-918
-2111
-3200
-4110
-4777
-5150
-5194
-4895
-4256
-3304
-2080
-646
923
2546
4133
5595
6850
7821
8450
8693
8528
7952
6987
5674
4074
2264
333
-1622
-3505
-5221
-6683
-7816
-8566
-8895
-8791
-8263
-7342
-6083
-4556
-2846
-1049
736
2413
3889
5085
5938
6403
6461
6112
5382
4318
2986
1468
-142
-1747
-3248
-4551
-5573
-6249
-6529
-6389
-5827
-4866
-3552
-1951
-147
1763
3677
5488
7093
8400
9330
9825
9848
9385
8448
7076
5328
3283
1037
-1303
-3629
-5827
-7793
-9434
-10673
-11452
-11736
-11515
-10804
-9639
-8079
-6201
-4096
-1863
394
2574
4581
6330
7752
8795
9426
9635
9432
8845
7919
6716
5305
3762
2165
592
-888
-2214
-3337
-4221
-4846
-5206
-5308
-5174
-4833
-4325
-3693
-2982
-2236
-1495
-796
-165
378
824
1169
1419
1584
1681
1727
1740
1736
1728
1724
1728
1736
1740
1727
1681
1584
1419
1169
824
378
-165
-796
-1495
-2236
-2982
-3693
-4325
-4833
-5174
-5308
-5206
-4846
-4221
-3337
-2214
-888
592
2165
3762
5305
6716
7919
8845
9432
9635
9426
8795
7752
6330
4581
2574
394
-1863
-4096
-6201
-8079
-9639
-10804
-11515
-11736
-11452
-10673
-9434
-7793
-5827
-3629
-1303
1037
3283
5328
7076
8448
9385
9848
9825
9330
8400
7093
5488
3677
1763
-147
-1951
-3552
-4866
-5827
-6389
-6529
-6249
-5573
-4551
-3248
-1747
-142
1468
2986
4318
5382
6112
6461
6403
5938
5085
3889
2413
736
-1049
-2846
-4556
-6083
-7342
-8263
-8791
-8895
-8566
-7816
-6683
-5221
-3505
-1622
333
2264
4074
5674
6987
7952
8528
8693
8450
7821
6850
5595
4133
2546
923
-646
-2080
-3304
-4256
-4895
-5194
-5150
-4777
-4110
-3200
-2111
-918
299
1460
2488
3315
3883
4151
4095
3711
3013
2034
824
-552
-2022
-3503
-4911
-6166
-7193
-7926
-8316
-8327
-7946
-7174
-6036
-4571
-2837
-905
1144
3225
5249
7128
8782
10141
11146
11753
11938
11691
11024
9962
8548
6839
4900
2806
636
-1531
-3619
-5556
-7278
-8732
-9877
-10683
-11136
-11235
-10989
-10420
-9562
-8455
-7144
-5680
-4115
-2502
-890
671
2142
3485
4671
5674
6480
7078
7465
7644
7622
7412
7030
6497
5834
5065
4215
3309
2374
1433
511
-369
-1189
-1930
-2578
-3119
-3546
-3852
-4038
-4105
-4058
-3908
-3667
-3349
-2973
-2556
-2117
-1677
-1253
-860
-514
-225
0
157
249
278
254
187
91
-17
-123
-209
-260
-265
-211
-93
91
343
654
1017
1416
1837
2260
2666
3034
3345
3580
3726
3768
3700
3518
3222
2817
2312
1721
1060
347
-396
-1151
-1895
-2608
-3271
-3867
-4381
-4803
-5122
-5333
-5431
-5416
-5287
-5047
-4701
-4254
-3711
-3081
-2372
-1593
-756
127
1044
1977
2910
3822
4693
5499
6216
6821
7289
7597
7726
7658
7383
6894
6190
5281
4181
2914
1511
10
-1544
-3105
-4620
-6036
-7301
-8367
-9192
-9740
-9984
-9909
-9511
-8799
-7794
-6527
-5043
-3393
-1638
159
1932
3616
5150
6477
7551
8337
8811
8961
8792
8319
7570
6586
5413
4108
2728
1333
-17
-1273
-2385
-3317
-4041
-4540
-4811
-4860
-4704
-4372
-3897
-3318
-2678
-2020
-1384
-807
-319
56
306
427
423
308
103
-165
-464
-761
-1021
-1214
-1312
-1294
-1146
-864
-452
77
703
1397
2124
2845
3520
4108
4572
4880
5003
4924
4634
4134
3435
2558
1534
400
-799
-2016
-3200
-4301
-5273
-6072
-6663
-7019
-7121
-6962
-6545
-5884
-5001
-3928
-2704
-1375
10
1402
2751
4008
5130
6077
6818
7330
7597
7613
7379
6907
6214
5326
4273
3091
1819
496
-835
-2136
-3367
-4493
-5482
-6306
-6942
-7375
-7592
-7589
-7366
-6931
-6294
-5474
-4492
-3376
-2156
-865
461
1785
3071
4280
5377
6330
7108
7686
8045
8171
8056
7700
7111
6303
5298
4123
2813
1407
-52
-1522
-2955
-4306
-5533
-6596
-7460
-8099
-8490
0
0
0
0
0
0
0
0
0
0
0
0
0
0
0
0
0
0
0
0
0
0
0
0
0
0
0
0
0
0
0
0
0
0
0
0
0
0
0
0
0
0
0
0
0
0
0
0
0
0
0
0
0
0
0
0
0
0
0
0
0
0
0
0
0
0
0
5173
5102
4891
4543
4067
3473
2776
1992
1140
244
-672
-1582
-2457
-3271
-3994
-4602
-5071
-5381
-5517
-5471
-5240
-4827
-4245
-3513
-2654
-1701
-690
340
1350
2299
3146
3859
4408
4771
4936
4898
4662
4244
3667
2962
2167
1324
476
-333
-1064
-1681
-2155
-2465
-2601
-2564
-2363
-2018
-1559
-1022
-447
121
641
1071
1375
1527
1508
1310
939
410
-247
-999
-1799
-2595
-3336
-3969
-4443
-4716
-4756
-4540
-4060
-3322
-2347
-1171
160
1589
3048
4469
5779
6910
7799
8395
8657
8561
8099
7280
6131
4695
3030
1205
-702
-2611
-4437
-6100
-7528
-8659
-9444
-9850
-9863
-9486
-8739
-7659
-6298
-4718
-2993
-1198
587
2289
3839
5176
6253
7037
7507
7660
7507
7073
6393
5513
4484
3363
2204
1061
-18
-993
-1831
-2510
-3018
-3354
-3525
-3545
-3437
-3225
-2938
-2603
-2246
-1889
-1550
-1240
-966
-729
-523
-341
-170
0
184
389
623
887
1178
1487
1799
2098
2360
2563
2682
2696
2586
2341
1954
1429
777
19
-815
-1690
-2562
-3384
-4111
-4694
-5093
-5272
-5206
-4882
-4296
-3463
-2409
-1171
198
1641
3090
4476
5730
6787
7589
8089
8254
8066
7523
6642
5455
4010
2369
604
-1206
-2983
-4646
-6120
-7341
-8256
-8827
-9034
-8875
-8365
-7535
-6434
-5121
-3664
-2137
-613
834
2142
3257
4136
4755
5102
5185
5024
4657
4128
3492
2808
2135
1528
1035
693
528
549
751
1113
1600
2165
2754
3303
3751
4036
4108
3921
3449
2678
1617
289
-1260
-2972
-4772
-6574
-8286
-9815
-11070
-11972
-12451
-12456
-11956
-10946
-9440
-7482
-5135
-2485
367
3308
6215
8966
11441
13532
15145
16208
16669
16504
15718
14340
12427
10058
7332
4364
1277
-1801
-4746
-7441
-9780
-11678
-13069
-13913
-14193
-13920
-13126
-11868
-10221
-8274
-6125
-3880
-1641
492
2434
4107
5455
6439
7040
7259
7118
6653
5917
4972
3889
2741
1599
530
-405
-1160
-1701
-2008
-2075
-1912
-1543
-1002
-333
413
1183
1925
2586
3123
3499
3687
3671
3448
3025
2421
1665
790
-160
-1142
-2112
-3024
-3841
-4527
-5057
-5411
-5581
-5566
-5373
-5018
-4521
-3910
-3213
-2460
-1682
-906
-157
544
1183
1749
2238
2649
2987
3258
3473
3641
3772
3874
3954
4014
4054
4071
4057
4002
3893
3719
3466
3121
2677
2126
1469
709
-142
-1070
-2053
-3063
-4069
-5036
-5928
-6707
-7340
-7794
-8041
-8061
-7840
-7372
-6662
-5722
-4574
-3250
-1787
-230
1370
2963
4496
5915
7171
8219
9023
9551
9784
9710
9331
8658
7711
6522
5130
3581
1929
227
-1464
-3091
-4598
-5935
-7057
-7930
-8525
-8825
-8824
-8526
-7946
-7107
-6044
-4798
-3417
-1952
-459
1007
2394
3651
4733
5603
6233
6603
6704
6537
6116
5462
4606
3588
2453
1250
32
-1149
-2245
-3209
-4001
-4589
-4951
-5074
-4955
-4602
-4036
-3282
-2379
-1369
-300
778
1816
2764
3579
4222
4664
4884
4871
4627
4161
3497
2664
1701
653
-430
-1501
-2509
-3406
-4152
-4710
-5056
-5173
-5056
-4710
-4152
-3406
-2509
-1501
-430
653
1701
2664
3497
4161
4627
4871
4884
4664
4222
3579
2764
1816
778
-300
-1369
-2379
-3282
-4036
-4602
-4955
-5074
-4951
-4589
-4001
-3209
-2245
-1149
32
1250
2453
3588
4606
5462
6116
6537
6704
6603
6233
5603
4733
3651
2394
1007
-459
-1952
-3417
-4798
-6044
-7107
-7946
-8526
-8824
-8825
-8525
-7930
-7057
-5935
-4598
-3091
-1464
227
1929
3581
5130
6522
7711
8658
9331
9710
9784
9551
9023
8219
7171
5915
4496
2963
1370
-230
-1787
-3250
-4574
-5722
-6662
-7372
-7840
-8061
-8041
-7794
-7340
-6707
-5928
-5036
-4069
-3063
-2053
-1070
-142
709
1469
2126
2677
3121
3466
3719
3893
4002
4057
4071
4054
4014
3954
3874
3772
3641
3473
3258
2987
2649
2238
1749
1183
544
-157
-906
-1682
-2460
-3213
-3910
-4521
-5018
-5373
-5566
-5581
-5411
-5057
-4527
-3841
-3024
-2112
-1142
-160
790
1665
2421
3025
3448
3671
3687
3499
3123
2586
1925
1183
413
-333
-1002
-1543
-1912
-2075
-2008
-1701
-1160
-405
530
1599
2741
3889
4972
5917
6653
7118
7259
7040
6439
5455
4107
2434
492
-1641
-3880
-6125
-8274
-10221
-11868
-13126
-13920
-14193
-13913
-13069
-11678
-9780
-7441
-4746
-1801
1277
4364
7332
10058
12427
14340
15718
16504
16669
16208
15145
13532
11441
8966
6215
3308
367
-2485
-5135
-7482
-9440
-10946
-11956
-12456
-12451
-11972
-11070
-9815
-8286
-6574
-4772
-2972
-1260
289
1617
2678
3449
3921
4108
4036
3751
3303
2754
2165
1600
1113
751
549
528
693
1035
1528
2135
2808
3492
4128
4657
5024
5185
5102
4755
4136
3257
2142
834
-613
-2137
-3664
-5121
-6434
-7535
-8365
-8875
-9034
-8827
-8256
-7341
-6120
-4646
-2983
-1206
604
2369
4010
5455
6642
7523
8066
8254
8089
7589
6787
5730
4476
3090
1641
198
-1171
-2409
-3463
-4296
-4882
-5206
-5272
-5093
-4694
-4111
-3384
-2562
-1690
-815
19
777
1429
1954
2341
2586
2696
2682
2563
2360
2098
1799
1487
1178
887
623
389
184
0
-170
-341
-523
-729
-966
-1240
-1550
-1889
-2246
-2603
-2938
-3225
-3437
-3545
-3525
-3354
-3018
-2510
-1831
-993
-18
1061
2204
3363
4484
5513
6393
7073
7507
7660
7507
7037
6253
5176
3839
2289
587
-1198
-2993
-4718
-6298
-7659
-8739
-9486
-9863
-9850
-9444
-8659
-7528
-6100
-4437
-2611
-702
1205
3030
4695
6131
7280
8099
8561
8657
8395
7799
6910
5779
4469
3048
1589
160
-1171
-2347
-3322
-4060
-4540
-4756
-4716
-4443
-3969
-3336
-2595
-1799
-999
-247
410
939
1310
1508
1527
1375
1071
641
121
-447
-1022
-1559
-2018
-2363
-2564
-2601
-2465
-2155
-1681
-1064
-333
476
1324
2167
2962
3667
4244
4662
4898
4936
4771
4408
3859
3146
2299
1350
340
-690
-1701
-2654
-3513
-4245
-4827
-5240
-5471
-5517
-5381
-5071
-4602
-3994
-3271
-2457
-1582
-672
244
1140
1992
2776
3473
4067
4543
4891
5102
0
0
0
0
0
0
0
0
0
0
0
0
0
0
0
0
0
0
0
0
0
0
0
0
0
0
0
0
0
0
0
0
0
0
0
0
0
0
0
0
0
0
0
0
0
0
0
0
0
0
0
0
0
0
0
0
0
0
0
0
0
0
0
0
0
0
0
8622
8504
8153
7577
6791
5816
4675
3401
2026
588
-871
-2313
-3693
-4971
-6108
-7067
-7817
-8333
-8598
-8600
-8338
-7820
-7062
-6088
-4933
-3634
-2238
-794
647
2036
3324
4467
5427
6175
6688
6957
6980
6768
6339
5722
4951
4066
3111
2131
1168
261
-553
-1249
-1808
-2220
-2483
-2606
-2604
-2499
-2320
-2095
-1857
-1636
-1457
-1343
-1307
-1356
-1489
-1696
-1959
-2254
-2551
-2819
-3023
-3132
-3117
-2956
-2635
-2148
-1499
-704
212
1216
2266
3314
4311
5206
5951
6503
6828
6901
6709
6252
5543
4608
3485
2220
870
-505
-1845
-3090
-4185
-5082
-5744
-6147
-6280
-6146
-5762
-5158
-4376
-3466
-2483
-1485
-529
330
1049
1593
1937
2072
2003
1748
1338
814
226
-371
-923
-1376
-1682
-1803
-1711
-1394
-853
-107
811
1858
2975
4098
5156
6079
6803
7268
7427
7249
6718
5837
4628
3133
1407
-475
-2435
-4381
-6223
-7873
-9248
-10278
-10911
-11110
-10859
-10165
-9055
-7578
-5800
-3801
-1672
489
2586
4525
6221
7601
8612
9217
9401
9172
8557
7603
6373
4942
3394
1816
293
-1094
-2278
-3202
-3829
-4139
-4132
-3828
-3263
-2490
-1573
-584
400
1306
2066
2619
2920
2939
2664
2103
1282
242
-957
-2249
-3557
-4800
-5900
-6786
-7394
-7676
-7600
-7153
-6341
-5190
-3744
-2064
-222
1696
3607
5419
7050
8422
9472
10152
10430
10297
9758
8842
7593
6069
4342
2490
594
-1262
-3002
-4557
-5869
-6894
-7603
-7983
-8040
-7792
-7272
-6524
-5599
-4555
-3449
-2338
-1274
-302
543
1239
1771
2139
2351
2426
2389
2271
2104
1921
1753
1623
1552
1548
1616
1747
1929
2139
2352
2539
2669
2714
2650
2459
2129
1659
1057
340
-464
-1322
-2194
-3034
-3796
-4436
-4912
-5191
-5247
-5065
-4642
-3988
-3124
-2086
-917
330
1598
2825
3950
4914
5667
6167
6381
6293
5899
5209
4251
3062
1693
204
-1337
-2864
-4305
-5594
-6669
-7480
-7985
-8158
-7987
-7473
-6634
-5501
-4116
-2535
-818
966
2749
4461
6036
7413
8542
9380
9897
10074
9906
9401
8575
7461
6095
4525
2803
986
-869
-2704
-4462
-6092
-7546
-8782
-9767
-10472
-10880
-10981
-10773
-10262
-9463
-8397
-7092
-5583
-3910
-2118
-253
1632
3488
5263
6906
8370
9610
10587
11271
11635
11665
11355
10708
9741
8478
6955
5217
3317
1314
-727
-2740
-4658
-6416
-7955
-9221
-10172
-10776
-11013
-10877
-10376
-9534
-8384
-6976
-5364
-3615
-1798
14
1753
3351
4748
5894
6750
7292
7508
7403
6993
6311
5399
4311
3105
1846
597
-578
-1624
-2492
-3143
-3550
-3701
-3595
-3248
-2685
-1946
-1076
-131
831
1753
2579
3258
3746
4010
4029
3796
3314
2605
1697
633
-535
-1752
-2957
-4089
-5089
-5904
-6490
-6811
-6846
-6586
-6036
-5213
-4150
-2891
-1486
2
1512
2978
4335
5524
6493
7201
7616
7722
7514
7004
6214
5182
3953
2583
1133
-331
-1748
-3054
-4193
-5118
-5789
-6183
-6284
-6094
-5626
-4907
-3975
-2876
-1666
-404
848
2031
3088
3966
4626
5035
5173
5035
4626
3966
3088
2031
848
-404
-1666
-2876
-3975
-4907
-5626
-6094
-6284
-6183
-5789
-5118
-4193
-3054
-1748
-331
1133
2583
3953
5182
6214
7004
7514
7722
7616
7201
6493
5524
4335
2978
1512
2
-1486
-2891
-4150
-5213
-6036
-6586
-6846
-6811
-6490
-5904
-5089
-4089
-2957
-1752
-535
633
1697
2605
3314
3796
4029
4010
3746
3258
2579
1753
831
-131
-1076
-1946
-2685
-3248
-3595
-3701
-3550
-3143
-2492
-1624
-578
597
1846
3105
4311
5399
6311
6993
7403
7508
7292
6750
5894
4748
3351
1753
14
-1798
-3615
-5364
-6976
-8384
-9534
-10376
-10877
-11013
-10776
-10172
-9221
-7955
-6416
-4658
-2740
-727
1314
3317
5217
6955
8478
9741
10708
11355
11665
11635
11271
10587
9610
8370
6906
5263
3488
1632
-253
-2118
-3910
-5583
-7092
-8397
-9463
-10262
-10773
-10981
-10880
-10472
-9767
-8782
-7546
-6092
-4462
-2704
-869
986
2803
4525
6095
7461
8575
9401
9906
10074
9897
9380
8542
7413
6036
4461
2749
966
-818
-2535
-4116
-5501
-6634
-7473
-7987
-8158
-7985
-7480
-6669
-5594
-4305
-2864
-1337
204
1693
3062
4251
5209
5899
6293
6381
6167
5667
4914
3950
2825
1598
330
-917
-2086
-3124
-3988
-4642
-5065
-5247
-5191
-4912
-4436
-3796
-3034
-2194
-1322
-464
340
1057
1659
2129
2459
2650
2714
2669
2539
2352
2139
1929
1747
1616
1548
1552
1623
1753
1921
2104
2271
2389
2426
2351
2139
1771
1239
543
-302
-1274
-2338
-3449
-4555
-5599
-6524
-7272
-7792
-8040
-7983
-7603
-6894
-5869
-4557
-3002
-1262
594
2490
4342
6069
7593
8842
9758
10297
10430
10152
9472
8422
7050
5419
3607
1696
-222
-2064
-3744
-5190
-6341
-7153
-7600
-7676
-7394
-6786
-5900
-4800
-3557
-2249
-957
242
1282
2103
2664
2939
2920
2619
2066
1306
400
-584
-1573
-2490
-3263
-3828
-4132
-4139
-3829
-3202
-2278
-1094
293
1816
3394
4942
6373
7603
8557
9172
9401
9217
8612
7601
6221
4525
2586
489
-1672
-3801
-5800
-7578
-9055
-10165
-10859
-11110
-10911
-10278
-9248
-7873
-6223
-4381
-2435
-475
1407
3133
4628
5837
6718
7249
7427
7268
6803
6079
5156
4098
2975
1858
811
-107
-853
-1394
-1711
-1803
-1682
-1376
-923
-371
226
814
1338
1748
2003
2072
1937
1593
1049
330
-529
-1485
-2483
-3466
-4376
-5158
-5762
-6146
-6280
-6147
-5744
-5082
-4185
-3090
-1845
-505
870
2220
3485
4608
5543
6252
6709
6901
6828
6503
5951
5206
4311
3314
2266
1216
212
-704
-1499
-2148
-2635
-2956
-3117
-3132
-3023
-2819
-2551
-2254
-1959
-1696
-1489
-1356
-1307
-1343
-1457
-1636
-1857
-2095
-2320
-2499
-2604
-2606
-2483
-2220
-1808
-1249
-553
261
1168
2131
3111
4066
4951
5722
6339
6768
6980
6957
6688
6175
5427
4467
3324
2036
647
-794
-2238
-3634
-4933
-6088
-7062
-7820
-8338
-8600
-8598
-8333
-7817
-7067
-6108
-4971
-3693
-2313
-871
588
2026
3401
4675
5816
6791
7577
8153
8504
0
0
0
0
0
0
0
0
0
0
0
0
0
0
0
0
0
0
0
0
0
0
0
0
0
0
0
0
0
0
0
0
0
0
0
0
0
0
0
0
0
0
0
0
0
0
0
0
0
0
0
0
0
0
0
0
0
0
0
0
0
0
0
0
0
0
0
