0
4278
8485
12550
16402
19973
23203
26035
28419
30314
31684
32507
32766
32456
31581
30156
28203
25758
22860
19561
15917
11991
7852
3573
-771
-5106
-9352
-13436
-17284
-20829
-24006
-26759
-29038
-30801
-32015
-32660
-32720
-32196
-31094
-29434
-27244
-24563
-21439
-17925
-14087
-9991
-5712
-1327
3083
7441
11667
15683
19415
22796
25762
28259
30239
31667
32514
32764
32412
31462
29931
27847
25247
22178
18696
14865
10755
6443
2009
-2465
-6896
-11201
-15299
-19113
-22570
-25606
-28162
-30190
-31650
-32514
-32764
-32394
-31411
-29832
-27686
-25012
-21861
-18292
-14372
-10175
-5781
-1274
3259
7733
12062
16161
19951
23359
26318
28771
30668
31973
32659
32711
32127
30919
29107
26727
23823
20452
16679
12577
8226
3711
-879
-5455
-9926
-14204
-18204
-21846
-25058
-27775
-29942
-31516
-32464
-32766
-32415
-31417
-29790
-27567
-24790
-21514
-17805
-13736
-9388
-4849
-209
4437
8997
13377
17489
21248
24578
27411
29687
31359
32393
32765
32468
31507
29899
27676
24884
21579
17828
13707
9301
4700
0
-4703
-9311
-13729
-17864
-21629
-24947
-27746
-29968
-31566
-32503
-32761
-32332
-31225
-29460
-27076
-24119
-20653
-16748
-12488
-7961
-3263
1506
6246
10856
15238
19298
22949
26112
28719
30713
32051
32702
32651
31900
30461
28366
25658
22395
18646
14492
10022
5332
524
-4298
-9029
-13567
-17811
-21669
-25055
-27896
-30127
-31699
-32577
-32739
-32182
-30916
-28967
-26379
-23206
-19519
-15397
-10932
-6222
-1372
3511
8320
12945
17284
21240
24723
27655
29968
31611
32545
32748
32214
30954
28995
26381
23169
19431
15252
10724
5950
1038
-3899
-8751
-13405
-17757
-21705
-25159
-28038
-30277
-31822
-32637
-32702
-32014
-30588
-28456
-25665
-22280
-18377
-14047
-9388
-4509
477
5455
10308
14924
19194
23018
26305
28979
30974
32243
32756
32498
31476
29711
27244
24133
20449
16280
11722
6884
1880
-3170
-8148
-12935
-17416
-21484
-25041
-28000
-30291
-31856
-32659
-32677
-31909
-30373
-28105
-25157
-21600
-17520
-13013
-8189
-3163
1941
7001
11893
16499
20705
24407
27516
29953
31659
32589
32721
32049
30590
28377
25463
21921
17836
13307
8448
3377
-1780
-6896
-11843
-16499
-20746
-24479
-27603
-30040
-31727
-32621
-32699
-31957
-30413
-28105
-25088
-21439
-17247
-12618
-7668
-2522
2689
7836
12787
17416
21605
25247
28248
30530
32035
32723
32574
31592
29801
27244
23987
20112
15718
10917
5832
595
-4660
-9798
-14685
-19194
-23208
-26622
-29345
-31307
-32455
-32757
-32206
-30813
-28614
-25665
-22043
-17841
-13169
-8148
-2911
2405
7661
12717
17440
21705
25397
28419
30689
32146
32750
32483
31352
29385
26633
23169
19084
14487
9500
4255
-1105
-6439
-11603
-16457
-20870
-24723
-27911
-30346
-31961
-32712
-32578
-31559
-29684
-27001
-23582
-19519
-14922
-9916
-4636
771
6162
11386
16301
20770
24671
27896
30354
31977
32719
32558
31498
29565
26813
23317
19172
14492
9407
4058
-1405
-6833
-12073
-16978
-21411
-25247
-28377
-30713
-32188
-32760
-32410
-31148
-29007
-26047
-22351
-18021
-13179
-7961
-2516
3003
8440
13640
18454
22745
26389
29282
31340
32503
32737
32033
30409
27913
24613
20604
16000
10932
5547
0
-5550
-10942
-16021
-20637
-24657
-27963
-30458
-32068
-32745
-32468
-31244
-29107
-26118
-22364
-17952
-13013
-7689
-2137
3479
8997
14252
19090
23367
26955
29748
31662
32640
32650
31691
29790
27003
23411
19119
14256
8965
3403
-2262
-7862
-13230
-18204
-22633
-26385
-29345
-31423
-32556
-32707
-31871
-30072
-27362
-23823
-19561
-14703
-9397
-3803
1908
7565
12994
18030
22517
26318
29316
31419
32559
32702
31841
30001
27238
23635
19302
14372
8996
3339
-2422
-8112
-13553
-18577
-23026
-26761
-29667
-31650
-32648
-32629
-31591
-29565
-26615
-22829
-18327
-13249
-7752
-2009
3799
9491
14886
19815
24120
27666
30338
32052
32751
32412
31044
28690
25423
21345
16586
11295
5642
-193
-6025
-11667
-16938
-21669
-25706
-28920
-31206
-32489
-32726
-31909
-30063
-27244
-23544
-19081
-13998
-8460
-2644
3259
9060
14569
19606
24006
27626
30346
32075
32756
32366
30916
28451
25051
20827
15917
10480
4696
-1244
-7147
-12817
-18065
-22719
-26622
-29644
-31684
-32674
-32578
-31398
-29173
-25975
-21909
-17110
-11737
-5969
0
5972
11747
17130
21941
26016
29217
31436
32596
32657
31615
29504
26395
22390
17625
12260
6476
470
-5554
-11392
-16845
-21726
-25867
-29127
-31393
-32585
-32662
-31619
-29491
-26349
-22301
-17483
-12062
-6222
-166
5898
11762
17222
22088
26191
29387
31566
32648
32597
31411
29131
25835
21636
16679
11138
5205
-912
-7001
-12847
-18244
-23003
-26955
-29960
-31912
-32739
-32412
-30940
-28374
-24803
-20353
-15179
-9465
-3413
2763
8843
14612
19863
24407
28083
30758
32334
32755
32003
30103
27124
23169
18381
12929
7010
836
-5370
-11386
-16993
-21989
-26191
-29446
-31636
-32680
-32538
-31214
-28754
-25247
-20819
-15630
-9868
-3744
2518
8692
14551
19879
24480
28184
30855
32393
32739
31880
29845
26709
22585
17625
12011
5950
-333
-6607
-12639
-18204
-23094
-27128
-30152
-32055
-32763
-32248
-30528
-27666
-23767
-18976
-13473
-7461
-1167
5173
11322
17047
22132
26385
29644
31785
32724
32427
30901
28203
24435
19738
14288
8294
1981
-4409
-10635
-16457
-21654
-26025
-29402
-31656
-32697
-32485
-31027
-28377
-24634
-19943
-14481
-8460
-2109
4324
10594
16457
21686
26077
29459
31699
32710
32451
30929
28203
24378
19601
14056
7961
1552
-4919
-11201
-17047
-22227
-26537
-29806
-31906
-32751
-32307
-30590
-27666
-23648
-18696
-13002
-6791
-309
6187
12441
18204
23246
27366
30398
32222
32762
31995
29951
26709
22398
17189
11289
4935
-1619
-8112
-14281
-19879
-24678
-28486
-31147
-32552
-32643
-31416
-28917
-25247
-20553
-15023
-8882
-2378
4225
10659
16662
21989
26421
29777
31918
32756
32254
30432
27362
23169
18024
12137
5748
-879
-7473
-13762
-19485
-24407
-28323
-31070
-32533
-32650
-31414
-28875
-25136
-20353
-14721
-8475
-1874
4807
11292
17307
22602
26955
30182
32146
32765
32010
29911
26556
22083
16679
10571
4016
-2711
-9326
-15551
-21121
-25799
-29387
-31732
-32732
-32344
-30582
-27520
-23286
-18060
-12062
-5547
1206
7911
14280
20041
24947
28786
31393
32653
32513
30975
28105
24024
18906
12972
6476
-301
-7069
-13534
-19415
-24458
-28443
-31196
-32596
-32580
-31148
-28360
-24336
-19250
-13322
-6811
0
6813
13332
19269
24364
28393
31178
32594
32578
31129
28309
24241
19103
13120
6555
-301
-7147
-13680
-19609
-24671
-28641
-31340
-32648
-32505
-30916
-27948
-23735
-18460
-12360
-5706
1206
8067
14569
20421
25359
29162
31656
32728
32328
30473
27244
22786
17298
11027
4255
-2711
-9557
-15974
-21669
-26383
-29901
-32062
-32766
-31979
-29736
-26137
-21345
-15577
-9095
-2195
4807
11593
17850
23291
27666
30771
32464
32665
31362
28614
24546
19345
13249
6538
-477
-7473
-14125
-20126
-25196
-29098
-31650
-32732
-32292
-30349
-26991
-22374
-16712
-10266
-3339
3746
10659
17076
22694
27251
30530
32377
32702
31489
28793
24740
19519
13375
6597
-494
-7565
-14281
-20323
-25404
-29282
-31772
-32753
-32178
-30072
-26533
-21729
-15887
-9285
-2238
4919
11843
18204
23695
28052
31066
32589
32548
30942
27847
23411
17845
11416
4435
-2763
-9830
-16425
-22227
-26955
-30378
-32330
-32713
-31507
-28769
-24631
-19293
-13013
-6096
1120
8285
15047
21076
26077
29802
32068
32763
31850
29372
25451
20276
14101
7230
0
-7232
-14111
-20295
-25478
-29402
-31872
-32764
-32033
-29711
-25913
-20827
-14703
-7845
-595
6688
13640
19914
25196
29220
31785
32759
32093
29819
26047
20967
14832
7950
664
-6656
-13645
-19948
-25247
-29273
-31822
-32763
-32046
-29706
-25861
-20703
-14492
-7543
-209
7138
14125
20396
25629
29557
31977
32766
31880
29363
25342
20022
13674
6622
-771
-8129
-15071
-21240
-26318
-30042
-32219
-32734
-31559
-28754
-24461
-18901
-12360
-5177
2276
9615
16457
22447
27271
30678
32489
32608
31026
27825
23169
17302
10527
3199
-4298
-11573
-18244
-23960
-28419
-31387
-32705
-32302
-30198
-26501
-21406
-15179
-8148
-684
6817
13962
20369
25700
29668
32064
32757
31710
28975
24698
19103
12488
5205
-2358
-9798
-16717
-22745
-27557
-30894
-32577
-32513
-30703
-27244
-22319
-16192
-9191
-1693
5898
13175
19743
25247
29388
31941
32765
31816
29141
24884
19276
12618
5272
-2362
-9871
-16845
-22903
-27714
-31014
-32621
-32445
-30495
-26875
-21781
-15492
-8351
-749
6896
14165
20658
26016
29942
32220
32721
31417
28377
23767
17841
10926
3403
-4310
-11787
-18613
-24407
-28847
-31684
-32759
-32010
-29476
-25298
-19707
-13013
-5590
2148
9769
16845
22980
27828
31116
32659
32366
30254
26438
21133
14635
7310
-430
-8148
-15409
-21801
-26962
-30598
-32502
-32563
-30778
-27244
-22162
-15818
-8572
-836
6950
14343
20920
26305
30190
32350
32661
31103
27762
22829
16586
9388
1649
-6187
-13670
-20369
-25898
-29936
-32249
-32702
-31267
-28024
-23161
-16955
-9766
-2009
5867
13405
20168
25762
29860
32222
32709
31291
28049
23169
16936
9711
1916
-5992
-13553
-20323
-25904
-29968
-32275
-32687
-31179
-27837
-22855
-16527
-9222
-1372
6562
14111
20829
26318
30252
32397
32623
30916
27374
22206
15718
8294
373
-7571
-15067
-21669
-26980
-30683
-32556
-32483
-30469
-26631
-21197
-14492
-6916
1077
9009
16402
22811
27851
31216
32702
32218
29790
25564
19793
12824
5078
-2978
-10856
-18080
-24210
-28873
-31785
-32766
-31757
-28816
-24119
-17952
-10689
-2772
5316
13083
20053
25799
29968
32304
32662
31017
27469
22233
15630
8064
0
-8067
-15639
-22251
-27492
-31038
-32669
-32282
-29899
-25665
-19840
-12785
-4935
3223
11185
18454
24578
29176
31960
32754
31507
28295
23317
16881
9388
1306
-6859
-14599
-21426
-26913
-30713
-32587
-32415
-30206
-26096
-20343
-13307
-5431
2789
10837
18204
24423
29100
31937
32755
31498
28244
23199
16679
9099
938
-7285
-15047
-21854
-27271
-30951
-32659
-32282
-29844
-25497
-19519
-12290
-4271
4023
12062
19330
25359
29762
32252
32670
30984
27303
21861
15008
7184
-1105
-9326
-16947
-23474
-28484
-31650
-32766
-31757
-28687
-23753
-17274
-9670
-1435
6896
14781
21705
27215
30951
32666
32248
29720
25247
19119
11737
3583
-4807
-12886
-20121
-26035
-30239
-32455
-32534
-30469
-26395
-20578
-13400
-5336
3083
11302
18775
25007
29584
32200
32681
30992
27244
21684
14679
6695
-1736
-10055
-17706
-24178
-29038
-31959
-32744
-31340
-27837
-22468
-15592
-7668
771
9163
16942
23583
28641
31772
32764
31548
28203
22955
16155
8261
-193
-8637
-16499
-23246
-28419
-31667
-32766
-31641
-28366
-23161
-16378
-8479
0
8482
16388
23178
28387
31659
32766
31633
28334
23092
16267
8323
-193
-8699
-16610
-23382
-28547
-31748
-32764
-31521
-28105
-22748
-15818
-7793
771
9287
17161
23850
28887
31923
32744
31292
27666
22114
15023
6884
-1736
-10238
-18030
-24565
-29387
-32158
-32681
-30919
-26991
-21173
-13868
-5590
3083
11543
19194
25499
30012
32414
32534
30361
26047
19895
12336
3903
-4807
-13181
-20625
-26610
-30711
-32637
-32248
-29569
-24790
-18247
-10405
-1820
6896
15124
22277
27843
31423
32760
31757
28483
23169
16196
8060
-655
-9326
-17331
-24094
-29127
-32068
-32703
-30984
-27033
-21133
-13707
-5289
3511
12062
19743
25999
30374
32552
32371
29844
25150
18630
10754
2094
-6719
-15047
-22282
-27896
-31478
-32765
-31661
-28244
-22763
-15616
-7324
1506
10228
18204
24847
29668
32313
32585
30461
26096
19809
12062
3423
-5469
-13962
-21426
-27310
-31178
-32740
-31881
-28661
-23317
-16242
-7961
912
9721
17811
24578
29519
32265
32608
30520
26157
19840
12041
3339
-5613
-14150
-21629
-27492
-31296
-32755
-31758
-28377
-22863
-15630
-7219
1736
10564
18599
25234
29968
32443
32468
30041
25342
18725
10689
1842
-7147
-15598
-22868
-28404
-31785
-32751
-31227
-27327
-21345
-13736
-5078
3969
12717
20496
26712
30887
32702
32014
28875
23522
16364
7950
-1077
-10024
-18204
-24986
-29848
-32414
-32483
-30050
-25298
-18593
-10451
-1499
7571
16058
23305
28750
31969
32711
30916
26720
20449
12587
3744
-5391
-14111
-21734
-27666
-31442
-32766
-31533
-27837
-21964
-14372
-5653
3510
12401
20323
26654
30894
32710
31957
28692
23169
15822
7226
-1941
-10958
-19113
-25762
-30378
-32596
-32237
-29328
-24096
-16955
-8469
691
9799
18132
25028
29936
32465
32412
29778
24772
17791
9388
234
-8940
-17404
-24479
-29598
-32350
-32513
-30072
-25219
-18342
-9991
-836
8388
16942
24135
29387
32275
32563
30226
25451
18620
10283
1113
-8148
-16754
-24006
-29316
-32252
-32574
-30254
-25477
-18630
-10266
-1066
8222
16845
24098
29390
32286
32549
30156
25298
18372
9941
695
-8610
-17213
-24407
-29603
-32371
-32482
-29925
-24908
-17841
-9305
0
9307
17850
24924
29942
32491
32356
29546
24293
17028
8351
-1019
-10308
-18745
-25629
-30386
-32621
-32145
-28995
-23432
-15917
-7073
2362
11603
19879
26497
30903
32728
31816
28241
22301
14491
5464
-4023
-13175
-21224
-27492
-31451
-32766
-31324
-27244
-20868
-12732
-3519
5992
15001
22745
28568
31977
32682
30619
25962
19103
10622
1238
-8253
-17047
-24394
-29668
-32420
-32412
-29643
-24347
-16973
-8148
1373
10781
19269
26112
30723
32705
31886
28334
22351
14449
5304
-4298
-13534
-21608
-27826
-31650
-32749
-31026
-26627
-19930
-11510
-2094
7504
16457
23989
29446
32355
32460
29752
24461
17046
8148
-1459
-10942
-19477
-26318
-30870
-32732
-31742
-27983
-21780
-13674
-4371
5316
14541
22496
28484
31977
32669
30495
25645
18541
9807
209
-9410
-18204
-25397
-30356
-32640
-32046
-28625
-22675
-14721
-5464
4278
13645
21806
28038
31787
32719
30748
26047
19032
10324
695
-8997
-17892
-25196
-30256
-32621
-32077
-28669
-22701
-14703
-5389
4409
13816
21989
28193
31872
32694
30582
25725
18555
9715
0
-9718
-18563
-25739
-30598
-32699
-31850
-28126
-21861
-13619
-4144
5708
15047
23026
28920
32194
32549
29951
24631
17073
7961
-1876
-11547
-20168
-26955
-31287
-32766
-31257
-26894
-20073
-11416
-1713
8148
17267
24807
30076
32589
32113
28690
22632
14492
5018
-4919
-14407
-22570
-28657
-32104
-32591
-30072
-24775
-17189
-8012
1907
11653
20323
27113
31393
32763
31094
26539
19519
10683
852
-9060
-18132
-25519
-30530
-32697
-31816
-27965
-21503
-13031
-3339
6667
16052
23938
29584
32459
32292
29097
23169
15065
5543
-4501
-14125
-22423
-28612
-32108
-32578
-29977
-24546
-16798
-7461
2582
12385
21019
27666
31694
32721
30647
25665
18247
9095
-923
-10856
-19760
-26786
-31264
-32766
-31146
-26556
-19431
-10451
-470
9557
18675
26008
30855
32749
31507
27244
20368
11537
1595
-8501
-17784
-25359
-30497
-32702
-31758
-27754
-21074
-12360
-2451
7696
17103
24860
30215
32648
31922
28105
21563
12929
3039
-7147
-16643
-24525
-30025
-32607
-32016
-28309
-21844
-13249
-3359
6859
16412
24364
29939
32588
32050
28377
21924
13322
3413
-6833
-16412
-24382
-29960
-32596
-32028
-28309
-21804
-13150
-3199
7069
16643
24578
30089
32630
31946
28105
21482
12732
2719
-7565
-17103
-24947
-30318
-32680
-31797
-27754
-20951
-12062
-1970
8320
17784
25478
30633
32732
31565
27244
20200
11134
952
-9326
-18675
-26154
-31014
-32765
-31228
-26556
-19215
-9941
333
10578
19760
26955
31436
32749
30759
25665
17979
8475
-1887
-12062
-21019
-27851
-31864
-32650
-30126
-24546
-16475
-6728
3703
13762
22423
28806
32258
32427
29291
23169
14683
4696
-5772
-15653
-23938
-29777
-32571
-32033
-28214
-21503
-12587
-2378
8077
17706
25519
30711
32748
31416
26850
19519
10175
-219
-10594
-19879
-27113
-31549
-32726
-30520
-25157
-17189
-7439
3083
13289
22119
28657
32222
32441
29289
23092
14492
4381
-6187
-16114
-24364
-30076
-32652
-31820
-27666
-20619
-11416
-1017
9491
19008
26537
31287
32757
30792
25595
17709
7961
-2625
-12939
-21894
-28547
-32194
-32451
-29286
-23032
-14346
-4144
6498
16457
24678
30291
32699
31644
27238
19943
10531
0
-10533
-19951
-27251
-31656
-32694
-30254
-24592
-16309
-6286
4409
14637
23305
29487
32519
32077
28203
21312
12137
1660
-8997
-18692
-26385
-31248
-32757
-30748
-25434
-17383
-7461
3266
13645
22556
29038
32390
32248
28625
21909
12824
2351
-8378
-18204
-26061
-31098
-32765
-30880
-25645
-17625
-7689
3083
13524
22496
29023
32393
32235
28565
21780
12618
2077
-8692
-18516
-26318
-31245
-32755
-30681
-25247
-17046
-6975
3863
14280
23132
29446
32527
32033
28015
20915
11510
836
-9932
-19609
-27125
-31650
-32682
-30103
-24198
-15616
-5304
5596
15880
24407
30232
32705
31550
26894
19250
9465
-1373
-12062
-21411
-28379
-32188
-32412
-29022
-22395
-13267
-2656
8253
18244
26197
31222
32754
30619
25054
16679
6433
-4537
-15001
-23783
-29895
-32648
-31731
-27244
-19690
-9916
976
11762
21224
28293
32170
32415
28997
22301
13080
2378
-8595
-18599
-26497
-31393
-32729
-30352
-24528
-15917
-5494
5554
15974
24578
30386
32734
31352
26395
18425
8351
-2679
-13405
-22602
-29217
-32491
-32046
-27932
-20616
-10936
0
10939
20625
27944
32055
32482
29173
22507
13249
2462
-8610
-18692
-26622
-31481
-32707
-30156
-24119
-15293
-4696
6446
16845
25296
30817
32766
30916
25477
17079
6695
-4468
-15115
-24006
-30106
-32702
-31489
-26606
-18620
-8460
2689
13528
22788
29387
32552
31909
27532
19930
9991
-1120
-12103
-21669
-28693
-32350
-32208
-28280
-21025
-11295
-234
10856
20671
28052
32127
32412
28871
21921
12379
1372
-9799
-19815
-27487
-31906
-32545
-29328
-22632
-13249
-2291
8940
19113
27016
31708
32629
29666
23169
13911
2992
-8285
-18577
-26654
-31549
-32677
-29899
-23544
-14372
-3477
7836
18214
26411
31442
32702
30037
23764
14635
3744
-7598
-18030
-26293
-31393
-32711
-30086
-23833
-14703
-3796
7571
18026
26305
31405
32707
30050
23753
14577
3632
-7754
-18204
-26446
-31479
-32688
-29925
-23522
-14256
-3253
8148
18560
26712
31608
32650
29706
23135
13736
2656
-8751
-19090
-27095
-31785
-32581
-29385
-22585
-13013
-1842
9557
19786
27585
31994
32468
28947
21861
12081
809
-10564
-20637
-28166
-32219
-32293
-28377
-20951
-10932
440
11762
21629
28819
32437
32033
27653
19840
9561
-1907
-13142
-22745
-29519
-32621
-31661
-26755
-18514
-7961
3586
14689
23960
30239
32740
31148
25658
16955
6128
-5469
-16384
-25247
-30944
-32759
-30461
-24336
-15151
-4058
7546
18204
26572
31595
32638
29565
22763
13087
1756
-9798
-20118
-27896
-32148
-32332
-28424
-20915
-10754
771
12203
22088
29171
32552
31797
27001
18769
8148
-3511
-14727
-24069
-30346
-32754
-30984
-25260
-16309
-5272
6439
17331
26008
31359
32696
29845
23169
13521
2137
-9523
-19964
-27843
-32146
-32318
-28334
-20703
-10405
1234
12717
22564
29503
32637
31559
26407
17841
6968
-4807
-15965
-25058
-30909
-32757
-30361
-24028
-14577
-3233
8533
19194
27364
31977
32433
28669
21173
10917
-762
-12345
-22321
-29387
-32619
-31592
-26438
-17828
-6884
4961
16161
25247
31028
32744
30168
23635
13998
2522
-9287
-19879
-27860
-32179
-32265
-28105
-20242
-9711
2101
13640
23382
30040
32733
31103
25362
16267
5018
-6896
-17901
-26537
-31659
-32585
-29190
-21921
-11741
0
11743
21929
29201
32589
31641
26480
17791
6728
-5233
-16499
-25566
-31222
-32709
-29826
-22955
-13013
-1327
10537
20994
28641
32450
31909
27088
18630
7668
-4324
-15739
-25041
-30976
-32744
-30105
-23411
-13561
-1880
10055
20637
28436
32397
31982
27244
18822
7852
-4182
-15653
-25007
-30974
-32743
-30072
-23319
-13400
-1660
10308
20879
28612
32455
31881
26966
18377
7282
-4807
-16245
-25468
-31216
-32702
-29720
-22675
-12528
-664
11292
21705
29147
32596
31576
26225
17274
5950
-6193
-17489
-26383
-31650
-32564
-28995
-21433
-10917
1105
12978
23064
29968
32737
30984
24950
15465
3839
-8320
-19330
-27666
-32170
-32217
-27796
-19519
-8531
3643
15314
24860
30951
32739
29972
23032
12884
938
-11141
-21669
-29176
-32613
-31498
-25982
-16835
-5332
6918
18204
26944
31912
32410
28366
20343
9465
-2743
-14569
-24351
-30713
-32759
-30198
-23387
-13283
-1306
10856
21492
29100
32604
31507
25962
16748
5166
-7147
-18454
-27152
-32008
-32332
-28076
-19840
-8789
3510
15314
24947
31038
32720
29752
22551
12140
0
-12143
-22559
-29762
-32723
-31017
-24884
-15198
-3339
8998
20053
28242
32393
31908
26854
17952
6476
-5930
-17489
-26541
-31785
-32465
-28481
-20402
-9388
2978
14918
24714
30951
32730
29790
22554
12062
-172
-12385
-22811
-29942
-32746
-30813
-24421
-14492
-2462
9926
20879
28806
32556
31581
26021
16679
4912
-7571
-18956
-27585
-32200
-32127
-27374
-18630
-7167
5342
17076
26318
31719
32485
28504
20353
9222
-3259
-15267
-25041
-31147
-32687
-29434
-21861
-11077
1334
13553
23783
30517
32764
30189
23169
12736
423
-11953
-22570
-29860
-32743
-30792
-24293
-14202
-2009
10483
21426
29201
32652
31267
25247
15482
3419
-9153
-20369
-28563
-32514
-31633
-26047
-16586
-4654
7973
19415
27967
32350
31910
26709
17520
5712
-6950
-18577
-27428
-32179
-32116
-27244
-18292
-6597
6088
17864
26962
32015
32263
27666
18910
7310
-5391
-17284
-26579
-31872
-32366
-27983
-19380
-7852
4862
16845
26287
31760
32433
28203
19707
8226
-4501
-16550
-26094
-31684
-32472
-28334
-19895
-8434
4310
16402
26003
31651
32486
28377
19946
8475
-4288
-16402
-26016
-31662
-32478
-28334
-19861
-8351
4437
16550
26133
31717
32445
28203
19638
8060
-4756
-16845
-26351
-31812
-32386
-27983
-19276
-7602
5243
17284
26666
31941
32293
27666
18769
6975
-5898
-17864
-27071
-32095
-32157
-27244
-18113
-6176
6719
18577
27557
32265
31968
26709
17302
5205
-7702
-19415
-28111
-32434
-31710
-26047
-16326
-4058
8843
20369
28719
32588
31368
25247
15179
2736
-10137
-21426
-29364
-32705
-30922
-24293
-13853
-1238
11573
22570
30025
32764
30353
23169
12339
-434
-13142
-23783
-30678
-32739
-29638
-21861
-10632
2276
14829
25041
31296
32604
28754
20353
8727
-4282
-16616
-26318
-31849
-32328
-27676
-18630
-6622
6439
18480
27585
32302
31880
26381
16679
4318
-8734
-20396
-28806
-32620
-31227
-24845
-14492
-1820
11144
22329
29942
32763
30335
23047
12062
-859
-13645
-24243
-30951
-32688
-29173
-20967
-9388
3703
16202
26094
31785
32354
27709
18593
6476
-6688
-18775
-27832
-32393
-31718
-25913
-15915
-3339
9779
21317
29402
32723
30737
23764
12933
0
-12935
-23772
-30745
-32720
-29372
-21243
-9654
3510
16105
26077
31798
32332
27590
18342
6096
-7147
-19226
-28162
-32493
-31507
-25362
-15061
-2291
10856
22227
29953
32765
30198
22670
11416
-1716
-14569
-25028
-31370
-32548
-28366
-19509
-7435
5867
18204
27539
32330
31782
25982
15887
3163
-10086
-21669
-29667
-32753
-30413
-23032
-11831
1334
14281
24860
31312
32563
28403
19519
7387
-5976
-18347
-27666
-32377
-31693
-25725
-15465
-2622
10659
22164
29968
32766
30086
22374
10917
-2369
-15261
-25599
-31650
-32396
-27709
-18372
-5950
7473
19643
28516
32596
31195
24546
13765
664
-12550
-23653
-30771
-32702
-29116
-20616
-8634
4807
17440
27128
32230
31881
26137
15968
3092
-10308
-21966
-29901
-32766
-30072
-22272
-10689
2711
15653
25937
31812
32275
27244
17574
4908
-8595
-20637
-29162
-32712
-30681
-23411
-12140
1206
14349
25041
31451
32480
27948
18630
6117
-7445
-19735
-28641
-32634
-31026
-24089
-13013
301
13567
24501
31222
32570
28309
19172
6728
-6876
-19298
-28393
-32589
-31159
-24347
-13326
0
13328
24354
31166
32585
28360
19220
6748
-6896
-19347
-28443
-32604
-31103
-24198
-13087
301
13640
24608
31294
32533
28105
18778
6176
-7504
-19879
-28786
-32669
-30847
-23635
-12290
1206
14493
25247
31583
32389
27520
17828
5008
-8692
-20870
-29387
-32745
-30352
-22624
-10917
2711
15865
26229
31977
32094
26556
16335
3233
-10442
-22277
-30182
-32757
-29546
-21112
-8944
4807
17712
27483
32390
31559
25136
14256
845
-12717
-24026
-31070
-32598
-28334
-19032
-6345
7473
19964
28903
32697
30666
23169
11540
-2148
-15456
-26008
-31918
-32127
-26596
-16309
-3103
10659
22517
30346
32741
29270
20553
8148
-5719
-18563
-28078
-32552
-31179
-24202
-12874
771
14281
25223
31625
32332
27214
17189
4062
-9798
-21894
-30040
-32762
-29565
-21025
-8682
5233
18204
27882
32514
31257
24336
13002
-691
-14262
-25247
-31650
-32307
-27094
-16955
-3732
10171
22227
30239
32747
29289
20494
7961
-6025
-18915
-28356
-32621
-30929
-23586
-11931
1907
15400
26077
31982
32033
26215
15592
2109
-11762
-23479
-30889
-32629
-28377
-18910
-5966
8077
20637
29402
32756
30080
21861
9613
-4409
-17621
-27585
-32459
-31342
-24435
-13013
816
14497
25499
31785
32188
26631
16140
2656
-11322
-23203
-30782
-32650
-28456
-18976
-5969
8148
20755
29503
32763
29925
21514
9095
-5021
-18204
-27995
-32564
-31058
-23753
-12011
1977
15598
26305
32095
31880
25698
14703
952
-12978
-24480
-31393
-32418
-27360
-17165
-3744
10381
22559
30497
32702
28754
19394
6380
-7836
-20580
-29446
-32762
-29899
-21393
-8847
5370
18577
28275
32630
30814
23169
11138
-3003
-16579
-27016
-32334
-31523
-24733
-13249
751
14612
25700
31906
32048
26096
15179
1372
-12698
-24354
-31371
-32412
-27273
-16932
-3359
10856
23003
30758
32638
28280
18514
5205
-9101
-21669
-30089
-32747
-29131
-19930
-6905
7445
20371
29387
32762
29844
21189
8460
-5898
-19125
-28673
-32702
-30433
-22301
-9868
4468
17946
27963
32585
30916
23274
11134
-3159
-16845
-27275
-32428
-31305
-24119
-12260
1977
15833
26622
32247
31615
24845
13249
-923
-14918
-26016
-32055
-31858
-25461
-14105
0
14107
25468
31864
32046
25975
14832
792
-13405
-24986
-31684
-32188
-26395
-15435
-1452
12817
24578
31525
32292
26727
15917
1981
-12345
-24250
-31393
-32366
-26976
-16280
-2378
11993
24006
31293
32415
27148
16527
2644
-11762
-23850
-31230
-32442
-27244
-16660
-2779
11653
23783
31206
32451
27267
16679
2783
-11667
-23806
-31222
-32441
-27217
-16586
-2656
11803
23919
31277
32412
27094
16378
2398
-12062
-24120
-31370
-32361
-26894
-16056
-2009
12441
24407
31496
32285
26615
15616
1488
-12939
-24777
-31650
-32178
-26251
-15055
-836
13553
25223
31826
32033
25797
14372
52
-14280
-25739
-32015
-31841
-25247
-13561
863
15115
26318
32208
31592
24592
12618
-1908
-16052
-26950
-32393
-31276
-23823
-11540
3083
17085
27622
32556
30880
22932
10324
-4384
-18204
-28323
-32682
-30389
-21909
-8965
5807
19399
29038
32755
29790
20744
7461
-7347
-20658
-29748
-32757
-29067
-19428
-5811
8997
21966
30436
32669
28203
17952
4016
-10746
-23305
-31079
-32468
-27184
-16309
-2077
12583
24657
31656
32135
25992
14491
0
-14493
-25999
-32139
-31644
-24613
-12494
2208
16457
27304
32503
30975
23032
10317
-4537
-18454
-28547
-32719
-30103
-21238
-7961
6971
20458
29694
32757
29007
19220
5431
-9491
-22439
-30713
-32587
-27666
-16973
-2736
12073
24364
31568
32177
26060
14492
-108
-14689
-26197
-32222
-31498
-24174
-11781
3083
17304
27896
32634
30520
21996
8847
-6162
-19879
-29416
-32766
-29219
-19519
-5706
9311
22368
30711
32578
27570
16743
2378
-12491
-24723
-31732
-32033
-25558
-13674
1105
15653
26888
32428
31095
23169
10328
-4707
-18745
-28806
-32750
-29736
-20402
-6728
8378
21705
30414
32650
27932
17262
2911
-12062
-24465
-31651
-32083
-25665
-13765
1077
15692
26955
32455
31012
22932
9941
-5180
-19194
-29098
-32765
-29406
-19738
-5832
9326
22486
30817
32526
27244
16102
1495
-13436
-25478
-32035
-31693
-24521
-12062
2999
17416
28078
32680
30226
21243
7668
-7565
-21167
-30192
-32685
-28105
-17438
-2992
12103
24578
31727
31995
25321
13150
-1876
-16499
-27539
-32596
-30567
-21889
-8448
6833
20630
29936
32722
28377
17845
3419
-11753
-24364
-31659
-32040
-25423
-13249
1823
16499
27568
32607
30508
21729
8189
-7147
-20920
-30108
-32693
-28105
-17347
-2779
12401
24860
31856
31850
24838
12360
-2839
-17416
-28160
-32702
-30037
-20749
-6884
8501
22013
30668
32552
27244
15915
1066
-14020
-26008
-32243
-31342
-23500
-10451
4915
19194
29220
32766
29042
18871
4509
-10856
-23813
-31479
-32147
-25665
-13473
1720
16533
27666
32637
30335
21271
7461
-8015
-21705
-30552
-32578
-27327
-15968
-1038
14125
26133
32294
31228
23169
9920
-5554
-19786
-29584
-32748
-28565
-17970
-3339
12043
24723
31849
31816
24627
11897
-3511
-18132
-28673
-32755
-29458
-19519
-5177
10334
23516
31393
32182
25702
13414
-1907
-16800
-27896
-32682
-30072
-20653
-6555
9029
22570
30997
32395
26445
14492
-751
-15827
-27310
-32589
-30461
-21406
-7481
8148
21926
30713
32507
26894
15151
-48
-15238
-26955
-32522
-30664
-21804
-7961
7702
21608
30575
32549
27076
15403
202
-15047
-26852
-32503
-30703
-21861
-8002
7696
21629
30598
32538
27001
15255
0
-15257
-27007
-32541
-30582
-21579
-7602
8129
21989
30779
32468
26664
14703
-655
-15865
-27411
-32621
-30288
-20948
-6758
8997
22672
31098
32318
26047
13736
-1763
-16855
-28038
-32713
-29790
-19946
-5464
10289
23653
31516
32046
25116
12336
-3319
-18204
-28847
-32766
-29042
-18541
-3711
11987
24889
31977
31593
23823
10480
-5316
-19871
-29777
-32711
-27983
-16697
-1495
14059
26318
32404
30885
22114
8148
-7733
-21801
-30745
-32460
-26539
-14372
1180
16457
27860
32699
29832
19930
5325
-10537
-23916
-31650
-31910
-24631
-11530
4298
19113
29409
32747
28334
17210
2009
-13670
-26112
-32365
-30942
-22178
-8148
7817
21929
30833
32412
26285
13907
-1780
-17047
-28259
-32743
-29429
-19103
-4222
11667
24777
31977
31548
23586
9991
-5992
-20546
-30192
-32619
-27244
-15350
219
15739
27492
32660
30001
20149
5464
-10533
-24006
-31719
-31816
-24270
-10892
5106
19879
29873
32681
27625
15917
373
-15261
-27221
-32621
-30156
-20416
-5748
10308
23879
31684
31836
24293
10875
-5173
-19973
-29942
-32665
-27477
-15633
0
15636
27483
32666
29925
19920
5078
-10999
-24407
-31886
-31615
-23656
-9941
6193
20824
30386
32549
26782
14487
-1341
-16845
-28242
-32749
-29262
-18630
-3445
12583
25539
32252
31078
22301
8064
-8148
-22368
-31111
-32231
-25451
-12429
3643
18824
29387
32737
28047
16465
836
-15001
-27152
-32625
-30072
-20115
-5205
10989
24479
31937
31523
23335
9388
-6876
-21447
-30723
-32412
-26092
-13322
2743
18132
29038
32759
28371
16955
1338
-14612
-26944
-32596
-30164
-20247
-5304
10958
24501
31960
31477
23169
9099
-7236
-21774
-30894
-32323
-25702
-12676
3510
18824
29446
32724
27837
16000
166
-15711
-27666
-32707
-29572
-19041
-3744
12491
25602
32304
30916
21780
7184
-9215
-23305
-31551
-31880
-24205
-10451
5930
20824
30486
32483
26311
13518
-2679
-18204
-29147
-32749
-28098
-16364
-502
15488
27574
32702
29574
18976
3583
-12717
-25806
-32371
-30748
-21345
-6538
9926
23879
31785
31636
23467
9346
-7147
-21830
-30974
-32254
-25342
-11991
4409
19692
29968
32623
26976
14462
-1736
-17495
-28798
-32764
-28377
-16752
-852
15267
27492
32699
29554
18857
3339
-13034
-26077
-32450
-30520
-20777
-5712
10817
24578
32042
31291
22515
7961
-8637
-23021
-31496
-31881
-24075
-10079
6509
21426
30833
32307
25463
12062
-4448
-19815
-30076
-32585
-26689
-13907
2465
18204
29244
32732
27762
15616
-569
-16610
-28356
-32765
-28692
-17189
-1231
15047
27428
32699
29490
18630
2932
-13528
-26478
-32552
-30168
-19943
-4530
12062
25519
32337
30737
21133
6022
-10659
-24565
-32068
-31208
-22206
-7407
9326
23628
31760
31593
23169
8686
-8070
-22719
-31423
-31903
-24028
-9858
6896
21846
31070
32147
24790
10926
-5807
-21019
-30711
-32336
-25461
-11891
4807
20244
30356
32478
26047
12755
-3899
-19528
-30012
-32581
-26556
-13521
3083
18877
29687
32654
26991
14192
-2362
-18294
-29387
-32703
-27360
-14769
1736
17784
29119
32734
27666
15255
-1206
-17349
-28887
-32752
-27913
-15652
771
16993
28695
32761
28105
15962
-434
-16717
-28547
-32765
-28244
-16186
193
16523
28443
32766
28334
16326
-48
-16412
-28387
-32766
-28374
-16382
0
0
0
0
0
0
0
0
0
0
0
0
0
0
0
0
0
0
0
0
0
0
0
0
0
0
0
0
0
0
0
0
0
0
0
0
0
0
0
0
0
0
0
0
0
0
0
0
0
0
0
0
0
0
0
0
0
0
0
0
0
0
0
0
0
0
0
0
0
0
0
0
0
0
0
0
0
0
0
0
0
0
0
0
0
0
0
0
0
0
0
0
0
0
0
0
0
0
0
0
0
0
0
0
0
0
0
0
0
0
0
0
0
0
0
0
0
0
0
0
0
0
0
0
0
0
0
0
0
0
0
0
0
0
0
0
0
0
0
0
0
0
0
0
0
0
0
0
0
0
0
0
0
0
0
0
0
0
0
0
0
0
0
0
0
0
0
0
0
0
0
0
0
0
0
0
0
0
0
0
0
0
0
0
0
0
0
0
0
0
0
0
0
0
0
0
0
0
0
0
0
0
0
0
0
0
0
0
0
0
0
0
0
0
0
0
0
0
0
0
0
0
0
0
0
0
0
0
0
0
0
0
0
0
0
0
0
0
0
0
0
0
0
0
0
0
0
0
0
0
0
0
0
0
0
0
0
0
0
0
0
0
0
0
0
0
0
0
0
0
0
0
0
0
0
0
0
0
0
0
0
0
0
0
0
0
0
0
0
0
0
0
0
0
0
0
0
0
0
0
0
0
0
0
0
0
0
0
0
0
0
0
0
0
0
0
0
0
0
0
0
0
0
0
0
0
0
0
0
0
0
0
0
0
0
0
0
0
0
0
0
0
0
0
0
0
0
0
0
0
0
0
0
0
0
0
0
0
0
0
0
0
0
0
0
0
0
0
0
0
0
0
0
0
0
0
0
0
0
0
0
0
0
0
0
0
0
0
0
0
0
0
0
0
0
0
0
0
0
0
0
0
0
0
0
0
0
0
0
0
0
0
0
0
0
0
0
0
0
0
0
0
0
0
0
0
0
0
0
0
0
0
0
0
0
0
0
0
0
0
0
0
0
0
0
0
0
0
0
0
0
0
0
0
0
0
0
0
0
0
0
0
0
0
0
0
0
0
0
0
0
0
0
0
0
0
0
0
0
0
0
0
0
0
0
0
0
0
0
0
0
0
0
0
0
0
0
0
0
0
0
0
0
0
0
0
0
0
0
0
0
0
0
0
0
0
0
0
0
0
0
0
0
0
0
0
0
0
0
0
0
0
0
0
0
0
0
0
0
0
0
0
0
0
0
0
0
0
0
0
0
0
0
0
0
0
0
0
0
0
0
0
0
0
0
0
0
0
0
0
0
0
0
0
0
0
0
0
0
0
0
0
0
0
0
0
0
0
0
0
0
0
0
0
0
0
0
0
0
0
0
0
0
0
0
0
0
0
0
0
0
0
0
0
0
0
0
0
0
0
0
0
0
0
0
0
0
0
0
0
0
0
0
0
0
0
0
0
0
0
0
0
0
0
0
0
0
0
0
0
0
0
0
0
0
0
0
0
0
0
0
0
0
0
0
0
0
0
0
0
0
0
0
0
0
0
0
0
0
0
0
0
0
0
0
0
0
0
0
0
0
0
0
0
0
0
0
0
0
0
0
0
0
0
0
0
0
0
0
0
0
0
0
0
0
0
0
0
0
0
0
0
0
0
0
0
0
0
0
0
0
0
0
0
0
0
0
0
0
0
0
0
0
0
0
0
0
0
0
0
0
0
0
0
0
0
0
0
0
0
0
0
0
0
0
0
0
0
0
0
0
0
0
0
0
0
0
0
0
0
0
0
0
0
0
0
0
0
0
0
0
0
0
0
0
0
0
0
0
0
0
0
0
0
0
0
0
0
0
0
0
0
0
0
0
0
0
0
0
0
0
0
0
0
0
0
0
0
0
0
0
0
0
0
0
0
0
0
0
0
0
0
0
0
0
0
0
0
0
0
0
0
0
0
0
0
0
0
0
0
0
0
0
0
0
0
0
0
0
0
0
0
0
0
0
0
0
0
0
0
0
0
0
0
0
0
0
0
0
0
0
0
0
0
0
0
0
0
0
0
0
0
0
0
0
0
0
0
0
0
0
0
0
0
0
0
0
0
0
0
0
0
0
0
0
0
0
0
0
0
0
0
0
0
0
0
0
0
0
0
0
0
0
0
0
0
0
0
0
0
0
0
0
0
0
0
0
0
0
0
20851
20299
18672
16059
12602
8486
3933
-809
-5489
-9856
-13679
-16757
-18930
-20089
-20180
-19208
-17234
-14374
-10789
-6679
-2268
2205
6502
10396
13688
16212
17846
18519
18213
16963
14854
12016
8613
4840
904
-2982
-6615
-9810
-12409
-14292
-15382
-15644
-15093
-13783
-11809
-9300
-6407
-3298
-145
2883
5634
7974
9799
11038
11654
11648
11053
9933
8380
6501
4417
2252
127
-1846
-3576
-4988
-6033
-6685
-6947
-6842
-6413
-5720
-4832
-3825
-2773
-1744
-797
21
681
1170
1489
1655
1697
1653
1562
1468
1408
1411
1498
1676
1939
2267
2630
2986
3289
3492
3547
3416
3068
2488
1679
657
-539
-1859
-3235
-4589
-5838
-6897
-7688
-8143
-8206
-7845
-7050
-5835
-4240
-2330
-190
2072
4344
6502
8425
9998
11124
11723
11746
11170
10006
8297
6116
3566
769
-2132
-4991
-7656
-9986
-11852
-13151
-13807
-13776
-13052
-11664
-9678
-7190
-4325
-1227
1943
5027
7864
10310
12240
13555
14190
14116
13339
11903
9887
7398
4567
1541
-1522
-4468
-7148
-9430
-11205
-12392
-12942
-12839
-12104
-10786
-8968
-6754
-4266
-1639
989
3487
5730
7612
9051
9988
10394
10268
9639
8558
7100
5357
3432
1432
-535
-2370
-3985
-5306
-6280
-6878
-7088
-6924
-6418
-5619
-4589
-3400
-2129
-850
363
1449
2356
3048
3500
3708
3681
3441
3022
2468
1827
1150
485
-120
-630
-1016
-1258
-1350
-1297
-1113
-820
-451
-39
376
761
1080
1306
1418
1401
1254
980
595
122
-412
-973
-1527
-2036
-2466
-2789
-2978
-3018
-2899
-2620
-2191
-1627
-952
-198
602
1410
2187
2896
3501
3971
4283
4416
4362
4118
3691
3093
2346
1480
526
-477
-1490
-2472
-3382
-4180
-4833
-5310
-5586
-5645
-5478
-5086
-4476
-3665
-2681
-1555
-330
949
2233
3469
4604
5589
6376
6925
7205
7193
6878
6262
5359
4199
2820
1274
-376
-2063
-3715
-5256
-6614
-7723
-8523
-8970
-9030
-8690
-7953
-6840
-5391
-3664
-1730
325
2411
4431
6290
7895
9168
10041
10465
10412
9875
8874
7447
5656
3582
1320
-1022
-3335
-5508
-7433
-9017
-10181
-10866
-11037
-10686
-9826
-8500
-6773
-4729
-2469
-105
2247
4472
6461
8118
9363
10139
10414
10178
9451
8277
6721
4868
2817
674
-1449
-3447
-5220
-6682
-7768
-8431
-8650
-8425
-7782
-6768
-5448
-3903
-2222
-500
1167
2696
4006
5036
5740
6095
6096
5759
5121
4231
3156
1967
741
-445
-1522
-2427
-3114
-3547
-3713
-3612
-3263
-2701
-1974
-1139
-257
605
1387
2032
2496
2746
2764
2549
2114
1489
716
-150
-1052
-1926
-2710
-3346
-3786
-3992
-3941
-3627
-3058
-2260
-1272
-149
1048
2250
3387
4390
5196
5752
6019
5970
5599
4916
3948
2739
1346
-162
-1711
-3220
-4611
-5811
-6755
-7391
-7681
-7606
-7162
-6366
-5253
-3873
-2287
-571
1194
2927
4545
5971
7138
7991
8487
8603
8333
7687
6694
5398
3857
2140
323
-1513
-3288
-4923
-6347
-7498
-8327
-8799
-8893
-8606
-7953
-6961
-5673
-4145
-2441
-636
1195
2977
4632
6092
7297
8195
8749
8936
8749
8195
7297
6092
4632
2977
1195
-636
-2441
-4145
-5673
-6961
-7953
-8606
-8893
-8799
-8327
-7498
-6347
-4923
-3288
-1513
323
2140
3857
5398
6694
7687
8333
8603
8487
7991
7138
5971
4545
2927
1194
-571
-2287
-3873
-5253
-6366
-7162
-7606
-7681
-7391
-6755
-5811
-4611
-3220
-1711
-162
1346
2739
3948
4916
5599
5970
6019
5752
5196
4390
3387
2250
1048
-149
-1272
-2260
-3058
-3627
-3941
-3992
-3786
-3346
-2710
-1926
-1052
-150
716
1489
2114
2549
2764
2746
2496
2032
1387
605
-257
-1139
-1974
-2701
-3263
-3612
-3713
-3547
-3114
-2427
-1522
-445
741
1967
3156
4231
5121
5759
6096
6095
5740
5036
4006
2696
1167
-500
-2222
-3903
-5448
-6768
-7782
-8425
-8650
-8431
-7768
-6682
-5220
-3447
-1449
674
2817
4868
6721
8277
9451
10178
10414
10139
9363
8118
6461
4472
2247
-105
-2469
-4729
-6773
-8500
-9826
-10686
-11037
-10866
-10181
-9017
-7433
-5508
-3335
-1022
1320
3582
5656
7447
8874
9875
10412
10465
10041
9168
7895
6290
4431
2411
325
-1730
-3664
-5391
-6840
-7953
-8690
-9030
-8970
-8523
-7723
-6614
-5256
-3715
-2063
-376
1274
2820
4199
5359
6262
6878
7193
7205
6925
6376
5589
4604
3469
2233
949
-330
-1555
-2681
-3665
-4476
-5086
-5478
-5645
-5586
-5310
-4833
-4180
-3382
-2472
-1490
-477
526
1480
2346
3093
3691
4118
4362
4416
4283
3971
3501
2896
2187
1410
602
-198
-952
-1627
-2191
-2620
-2899
-3018
-2978
-2789
-2466
-2036
-1527
-973
-412
122
595
980
1254
1401
1418
1306
1080
761
376
-39
-451
-820
-1113
-1297
-1350
-1258
-1016
-630
-120
485
1150
1827
2468
3022
3441
3681
3708
3500
3048
2356
1449
363
-850
-2129
-3400
-4589
-5619
-6418
-6924
-7088
-6878
-6280
-5306
-3985
-2370
-535
1432
3432
5357
7100
8558
9639
10268
10394
9988
9051
7612
5730
3487
989
-1639
-4266
-6754
-8968
-10786
-12104
-12839
-12942
-12392
-11205
-9430
-7148
-4468
-1522
1541
4567
7398
9887
11903
13339
14116
14190
13555
12240
10310
7864
5027
1943
-1227
-4325
-7190
-9678
-11664
-13052
-13776
-13807
-13151
-11852
-9986
-7656
-4991
-2132
769
3566
6116
8297
10006
11170
11746
11723
11124
9998
8425
6502
4344
2072
-190
-2330
-4240
-5835
-7050
-7845
-8206
-8143
-7688
-6897
-5838
-4589
-3235
-1859
-539
657
1679
2488
3068
3416
3547
3492
3289
2986
2630
2267
1939
1676
1498
1411
1408
1468
1562
1653
1697
1655
1489
1170
681
21
-797
-1744
-2773
-3825
-4832
-5720
-6413
-6842
-6947
-6685
-6033
-4988
-3576
-1846
127
2252
4417
6501
8380
9933
11053
11648
11654
11038
9799
7974
5634
2883
-145
-3298
-6407
-9300
-11809
-13783
-15093
-15644
-15382
-14292
-12409
-9810
-6615
-2982
904
4840
8613
12016
14854
16963
18213
18519
17846
16212
13688
10396
6502
2205
-2268
-6679
-10789
-14374
-17234
-19208
-20180
-20089
-18930
-16757
-13679
-9856
-5489
-809
3933
8486
12602
16059
18672
20299
0
0
0
0
0
0
0
0
0
0
0
0
0
0
0
0
0
0
0
0
0
0
0
0
0
0
0
0
0
0
0
0
0
0
0
0
0
0
0
0
0
0
0
0
0
0
0
0
0
0
0
0
0
0
0
0
0
0
0
0
0
0
0
0
0
0
0
-14894
-14489
-13299
-11388
-8862
-5860
-2548
892
4272
7408
10128
12286
13767
14493
14429
13584
12009
9795
7069
3983
710
-2570
-5679
-8447
-10729
-12403
-13386
-13632
-13136
-11935
-10104
-7751
-5012
-2041
996
3933
6611
8888
10647
11801
12298
12121
11293
9870
7941
5620
3041
348
-2310
-4791
-6964
-8719
-9971
-10662
-10769
-10300
-9293
-7814
-5955
-3823
-1540
770
2985
4990
6685
7990
8847
9225
9118
8545
7550
6198
4568
2751
847
-1046
-2835
-4434
-5770
-6787
-7447
-7729
-7636
-7185
-6410
-5359
-4093
-2677
-1181
325
1775
3107
4269
5217
5921
6360
6526
6421
6059
5462
4658
3683
2577
1382
144
-1094
-2289
-3399
-4386
-5216
-5859
-6289
-6489
-6446
-6157
-5623
-4857
-3879
-2717
-1409
0
1460
2915
4305
5569
6648
7487
8038
8262
8133
7640
6788
5597
4106
2369
456
-1550
-3563
-5485
-7223
-8685
-9791
-10474
-10684
-10395
-9603
-8329
-6620
-4545
-2195
322
2889
5380
7669
9638
11183
12217
12677
12530
11770
10425
8552
6236
3586
729
-2193
-5037
-7659
-9926
-11722
-12955
-13558
-13501
-12783
-11439
-9537
-7172
-4463
-1548
1426
4310
6961
9247
11056
12304
12934
12924
12283
11054
9311
7149
4688
2058
-604
-3165
-5496
-7489
-9052
-10120
-10658
-10658
-10141
-9156
-7772
-6079
-4180
-2181
-192
1685
3362
4763
5833
6541
6877
6852
6499
5867
5016
4018
2944
1865
846
-59
-811
-1384
-1769
-1973
-2017
-1934
-1763
-1551
-1342
-1178
-1092
-1107
-1235
-1471
-1799
-2187
-2597
-2978
-3281
-3454
-3450
-3235
-2783
-2086
-1156
-19
1276
2669
4085
5440
6646
7617
8277
8559
8418
7827
6788
5325
3492
1366
-956
-3360
-5720
-7909
-9802
-11283
-12258
-12653
-12425
-11563
-10088
-8059
-5561
-2712
351
3477
6504
9276
11643
13476
14672
15157
14896
13892
12186
9856
7016
3804
382
-3078
-6402
-9420
-11978
-13946
-15225
-15750
-15497
-14481
-12757
-10417
-7583
-4402
-1038
2335
5550
8445
10880
12737
13934
14423
14192
13268
11714
9623
7114
4326
1407
-1489
-4218
-6645
-8658
-10167
-11115
-11475
-11251
-10479
-9224
-7572
-5626
-3504
-1324
795
2747
4438
5793
6761
7314
7451
7193
6583
5682
4562
3306
1998
718
-458
-1470
-2270
-2830
-3137
-3199
-3038
-2692
-2208
-1641
-1048
-484
0
364
581
635
526
269
-109
-571
-1071
-1557
-1978
-2287
-2444
-2418
-2192
-1762
-1140
-355
554
1537
2533
3478
4308
4962
5388
5546
5408
4966
4227
3219
1983
579
-922
-2445
-3907
-5225
-6325
-7140
-7618
-7726
-7447
-6786
-5769
-4441
-2865
-1118
712
2535
4256
5788
7049
7974
8514
8640
8342
7636
6555
5154
3504
1687
-204
-2076
-3835
-5394
-6676
-7621
-8184
-8342
-8091
-7450
-6457
-5166
-3647
-1980
-250
1454
3048
4454
5606
6452
6956
7103
6893
6347
5502
4411
3135
1748
322
-1065
-2345
-3453
-4338
-4961
-5298
-5341
-5099
-4596
-3869
-2966
-1944
-864
210
1220
2109
2831
3349
3641
3698
3523
3136
2565
1852
1045
196
-638
-1407
-2061
-2560
-2872
-2978
-2872
-2560
-2061
-1407
-638
196
1045
1852
2565
3136
3523
3698
3641
3349
2831
2109
1220
210
-864
-1944
-2966
-3869
-4596
-5099
-5341
-5298
-4961
-4338
-3453
-2345
-1065
322
1748
3135
4411
5502
6347
6893
7103
6956
6452
5606
4454
3048
1454
-250
-1980
-3647
-5166
-6457
-7450
-8091
-8342
-8184
-7621
-6676
-5394
-3835
-2076
-204
1687
3504
5154
6555
7636
8342
8640
8514
7974
7049
5788
4256
2535
712
-1118
-2865
-4441
-5769
-6786
-7447
-7726
-7618
-7140
-6325
-5225
-3907
-2445
-922
579
1983
3219
4227
4966
5408
5546
5388
4962
4308
3478
2533
1537
554
-355
-1140
-1762
-2192
-2418
-2444
-2287
-1978
-1557
-1071
-571
-109
269
526
635
581
364
0
-484
-1048
-1641
-2208
-2692
-3038
-3199
-3137
-2830
-2270
-1470
-458
718
1998
3306
4562
5682
6583
7193
7451
7314
6761
5793
4438
2747
795
-1324
-3504
-5626
-7572
-9224
-10479
-11251
-11475
-11115
-10167
-8658
-6645
-4218
-1489
1407
4326
7114
9623
11714
13268
14192
14423
13934
12737
10880
8445
5550
2335
-1038
-4402
-7583
-10417
-12757
-14481
-15497
-15750
-15225
-13946
-11978
-9420
-6402
-3078
382
3804
7016
9856
12186
13892
14896
15157
14672
13476
11643
9276
6504
3477
351
-2712
-5561
-8059
-10088
-11563
-12425
-12653
-12258
-11283
-9802
-7909
-5720
-3360
-956
1366
3492
5325
6788
7827
8418
8559
8277
7617
6646
5440
4085
2669
1276
-19
-1156
-2086
-2783
-3235
-3450
-3454
-3281
-2978
-2597
-2187
-1799
-1471
-1235
-1107
-1092
-1178
-1342
-1551
-1763
-1934
-2017
-1973
-1769
-1384
-811
-59
846
1865
2944
4018
5016
5867
6499
6852
6877
6541
5833
4763
3362
1685
-192
-2181
-4180
-6079
-7772
-9156
-10141
-10658
-10658
-10120
-9052
-7489
-5496
-3165
-604
2058
4688
7149
9311
11054
12283
12924
12934
12304
11056
9247
6961
4310
1426
-1548
-4463
-7172
-9537
-11439
-12783
-13501
-13558
-12955
-11722
-9926
-7659
-5037
-2193
729
3586
6236
8552
10425
11770
12530
12677
12217
11183
9638
7669
5380
2889
322
-2195
-4545
-6620
-8329
-9603
-10395
-10684
-10474
-9791
-8685
-7223
-5485
-3563
-1550
456
2369
4106
5597
6788
7640
8133
8262
8038
7487
6648
5569
4305
2915
1460
0
-1409
-2717
-3879
-4857
-5623
-6157
-6446
-6489
-6289
-5859
-5216
-4386
-3399
-2289
-1094
144
1382
2577
3683
4658
5462
6059
6421
6526
6360
5921
5217
4269
3107
1775
325
-1181
-2677
-4093
-5359
-6410
-7185
-7636
-7729
-7447
-6787
-5770
-4434
-2835
-1046
847
2751
4568
6198
7550
8545
9118
9225
8847
7990
6685
4990
2985
770
-1540
-3823
-5955
-7814
-9293
-10300
-10769
-10662
-9971
-8719
-6964
-4791
-2310
348
3041
5620
7941
9870
11293
12121
12298
11801
10647
8888
6611
3933
996
-2041
-5012
-7751
-10104
-11935
-13136
-13632
-13386
-12403
-10729
-8447
-5679
-2570
710
3983
7069
9795
12009
13584
14429
14493
13767
12286
10128
7408
4272
892
-2548
-5860
-8862
-11388
-13299
-14489
0
0
0
0
0
0
0
0
0
0
0
0
0
0
0
0
0
0
0
0
0
0
0
0
0
0
0
0
0
0
0
0
0
0
0
0
0
0
0
0
0
0
0
0
0
0
0
0
0
0
0
0
0
0
0
0
0
0
0
0
0
0
0
0
0
0
0
-8936
-8647
-7797
-6438
-4655
-2557
-275
2050
4273
6255
7869
9012
9608
9613
9019
7854
6181
4095
1713
-823
-3367
-5768
-7881
-9577
-10752
-11328
-11264
-10553
-9229
-7357
-5036
-2392
430
3276
5988
8415
10418
11887
12734
12911
12403
11233
9461
7179
4507
1584
-1433
-4390
-7129
-9510
-11409
-12729
-13406
-13407
-12738
-11438
-9576
-7254
-4592
-1727
1193
4024
6628
8878
10672
11928
12597
12659
12122
11028
9440
7449
5157
2682
145
-2334
-4643
-6680
-8362
-9624
-10425
-10746
-10590
-9984
-8971
-7612
-5981
-4158
-2228
-276
1616
3376
4939
6252
7276
7985
8367
8423
8165
7616
6808
5779
4572
3235
1815
362
-1077
-2457
-3734
-4871
-5831
-6586
-7112
-7390
-7411
-7169
-6670
-5926
-4956
-3791
-2467
-1029
473
1984
3444
4796
5980
6943
7639
8030
8090
7807
7184
6238
5005
3532
1881
123
-1660
-3389
-4980
-6354
-7443
-8190
-8554
-8514
-8067
-7231
-6046
-4569
-2872
-1041
830
2646
4315
5749
6874
7633
7988
7924
7447
6587
5395
3940
2306
586
-1122
-2724
-4130
-5262
-6061
-6485
-6519
-6166
-5457
-4441
-3185
-1773
-295
1154
2484
3611
4465
4994
5166
4976
4437
3588
2489
1215
-146
-1503
-2761
-3831
-4637
-5119
-5238
-4977
-4345
-3377
-2128
-675
890
2468
3953
5245
6251
6897
7128
6912
6248
5160
3700
1944
-10
-2051
-4060
-5914
-7498
-8710
-9466
-9708
-9407
-8563
-7211
-5413
-3260
-864
1645
4131
6454
8482
10097
11204
11732
11645
10937
9639
7814
5554
2978
221
-2571
-5249
-7671
-9706
-11245
-12207
-12541
-12230
-11293
-9782
-7779
-5392
-2750
6
2732
5286
7536
9370
10700
11465
11637
11220
10249
8788
6925
4770
2443
69
-2223
-4321
-6120
-7539
-8519
-9029
-9063
-8643
-7815
-6644
-5212
-3611
-1938
-287
1251
2604
3710
4528
5037
5236
5143
4795
4240
3537
2748
1937
1163
476
-83
-492
-739
-830
-785
-633
-415
-177
35
179
218
125
-114
-498
-1012
-1627
-2300
-2980
-3608
-4124
-4471
-4599
-4468
-4053
-3349
-2368
-1142
276
1821
3411
4955
6362
7538
8401
8881
8925
8505
7615
6279
4544
2484
195
-2211
-4612
-6880
-8890
-10524
-11684
-12292
-12299
-11684
-10462
-8677
-6409
-3760
-859
2150
5117
7889
10320
12279
13660
14383
14401
13705
12322
10312
7773
4826
1617
-1693
-4942
-7963
-10606
-12736
-14246
-15058
-15133
-14466
-13092
-11079
-8531
-5574
-2358
957
4206
7229
9879
12026
13571
14442
14604
14057
12836
11009
8674
5953
2985
-81
-3095
-5910
-8391
-10425
-11921
-12816
-13080
-12713
-11746
-10240
-8280
-5972
-3435
-798
1810
4264
6452
8274
9655
10541
10906
10746
10087
8977
7481
5685
3684
1579
-526
-2533
-4351
-5901
-7123
-7970
-8420
-8467
-8126
-7429
-6424
-5171
-3739
-2201
-632
894
2311
3560
4594
5376
5886
6116
6069
5765
5230
4501
3622
2639
1600
552
-458
-1394
-2221
-2912
-3450
-3823
-4029
-4073
-3964
-3718
-3354
-2895
-2363
-1782
-1175
-562
36
606
1133
1605
2016
2358
2628
2822
2939
2978
2939
2822
2628
2358
2016
1605
1133
606
36
-562
-1175
-1782
-2363
-2895
-3354
-3718
-3964
-4073
-4029
-3823
-3450
-2912
-2221
-1394
-458
552
1600
2639
3622
4501
5230
5765
6069
6116
5886
5376
4594
3560
2311
894
-632
-2201
-3739
-5171
-6424
-7429
-8126
-8467
-8420
-7970
-7123
-5901
-4351
-2533
-526
1579
3684
5685
7481
8977
10087
10746
10906
10541
9655
8274
6452
4264
1810
-798
-3435
-5972
-8280
-10240
-11746
-12713
-13080
-12816
-11921
-10425
-8391
-5910
-3095
-81
2985
5953
8674
11009
12836
14057
14604
14442
13571
12026
9879
7229
4206
957
-2358
-5574
-8531
-11079
-13092
-14466
-15133
-15058
-14246
-12736
-10606
-7963
-4942
-1693
1617
4826
7773
10312
12322
13705
14401
14383
13660
12279
10320
7889
5117
2150
-859
-3760
-6409
-8677
-10462
-11684
-12299
-12292
-11684
-10524
-8890
-6880
-4612
-2211
195
2484
4544
6279
7615
8505
8925
8881
8401
7538
6362
4955
3411
1821
276
-1142
-2368
-3349
-4053
-4468
-4599
-4471
-4124
-3608
-2980
-2300
-1627
-1012
-498
-114
125
218
179
35
-177
-415
-633
-785
-830
-739
-492
-83
476
1163
1937
2748
3537
4240
4795
5143
5236
5037
4528
3710
2604
1251
-287
-1938
-3611
-5212
-6644
-7815
-8643
-9063
-9029
-8519
-7539
-6120
-4321
-2223
69
2443
4770
6925
8788
10249
11220
11637
11465
10700
9370
7536
5286
2732
6
-2750
-5392
-7779
-9782
-11293
-12230
-12541
-12207
-11245
-9706
-7671
-5249
-2571
221
2978
5554
7814
9639
10937
11645
11732
11204
10097
8482
6454
4131
1645
-864
-3260
-5413
-7211
-8563
-9407
-9708
-9466
-8710
-7498
-5914
-4060
-2051
-10
1944
3700
5160
6248
6912
7128
6897
6251
5245
3953
2468
890
-675
-2128
-3377
-4345
-4977
-5238
-5119
-4637
-3831
-2761
-1503
-146
1215
2489
3588
4437
4976
5166
4994
4465
3611
2484
1154
-295
-1773
-3185
-4441
-5457
-6166
-6519
-6485
-6061
-5262
-4130
-2724
-1122
586
2306
3940
5395
6587
7447
7924
7988
7633
6874
5749
4315
2646
830
-1041
-2872
-4569
-6046
-7231
-8067
-8514
-8554
-8190
-7443
-6354
-4980
-3389
-1660
123
1881
3532
5005
6238
7184
7807
8090
8030
7639
6943
5980
4796
3444
1984
473
-1029
-2467
-3791
-4956
-5926
-6670
-7169
-7411
-7390
-7112
-6586
-5831
-4871
-3734
-2457
-1077
362
1815
3235
4572
5779
6808
7616
8165
8423
8367
7985
7276
6252
4939
3376
1616
-276
-2228
-4158
-5981
-7612
-8971
-9984
-10590
-10746
-10425
-9624
-8362
-6680
-4643
-2334
145
2682
5157
7449
9440
11028
12122
12659
12597
11928
10672
8878
6628
4024
1193
-1727
-4592
-7254
-9576
-11438
-12738
-13407
-13406
-12729
-11409
-9510
-7129
-4390
-1433
1584
4507
7179
9461
11233
12403
12911
12734
11887
10418
8415
5988
3276
430
-2392
-5036
-7357
-9229
-10553
-11264
-11328
-10752
-9577
-7881
-5768
-3367
-823
1713
4095
6181
7854
9019
9613
9608
9012
7869
6255
4273
2050
-275
-2557
-4655
-6438
-7797
-8647
0
0
0
0
0
0
0
0
0
0
0
0
0
0
0
0
0
0
0
0
0
0
0
0
0
0
0
0
0
0
0
0
0
0
0
0
0
0
0
0
0
0
0
0
0
0
0
0
0
0
0
0
0
0
0
0
0
0
0
0
0
0
0
0
0
0
0
8936
8691
7970
6811
5276
3446
1420
-694
-2784
-4737
-6446
-7818
-8778
-9270
-9265
-8759
-7775
-6360
-4585
-2542
-335
1919
4103
6100
7804
9120
9976
10321
10131
9410
8188
6523
4497
2209
-224
-2681
-5035
-7163
-8955
-10315
-11169
-11470
-11196
-10356
-8987
-7155
-4947
-2473
145
2779
5295
7567
9482
10942
11872
12226
11985
11159
9788
7941
5708
3200
539
-2142
-4714
-7052
-9042
-10592
-11627
-12103
-12003
-11336
-10141
-8482
-6446
-4135
-1664
845
3274
5509
7447
9003
10113
10735
10855
10479
9641
8393
6807
4967
2969
909
-1115
-3014
-4708
-6130
-7229
-7974
-8352
-8366
-8037
-7402
-6508
-5409
-4167
-2843
-1496
-181
1053
2170
3140
3944
4572
5025
5307
5431
5412
5265
5007
4652
4212
3696
3110
2457
1740
963
127
-757
-1681
-2627
-3572
-4486
-5334
-6079
-6676
-7086
-7267
-7186
-6817
-6146
-5171
-3908
-2386
-653
1227
3181
5121
6953
8584
9921
10881
11395
11411
10900
9857
8307
6298
3908
1235
-1600
-4468
-7226
-9736
-11864
-13492
-14522
-14885
-14543
-13491
-11763
-9427
-6585
-3366
78
3580
6967
10068
12722
14792
16164
16761
16544
15516
13721
11242
8199
4741
1042
-2714
-6338
-9647
-12474
-14676
-16143
-16803
-16626
-15624
-13855
-11414
-8431
-5063
-1487
2112
5549
8651
11262
13257
14542
15064
14813
13815
12141
9892
7202
4221
1115
-1948
-4808
-7319
-9357
-10829
-11675
-11871
-11430
-10400
-8861
-6917
-4694
-2327
43
2284
4271
5904
7103
7820
8037
7765
7046
5948
4558
2978
1320
-306
-1796
-3058
-4018
-4626
-4855
-4706
-4205
-3402
-2365
-1178
65
1273
2353
3225
3823
4103
4041
3638
2920
1934
747
-558
-1894
-3164
-4277
-5151
-5716
-5925
-5749
-5187
-4260
-3016
-1520
140
1870
3566
5124
6445
7446
8058
8235
7956
7226
6076
4561
2761
769
-1306
-3354
-5261
-6922
-8245
-9155
-9599
-9552
-9013
-8008
-6590
-4832
-2826
-676
1506
3608
5523
7154
8421
9264
9645
9551
8994
8010
6654
5001
3139
1163
-826
-2733
-4468
-5951
-7119
-7927
-8348
-8375
-8021
-7318
-6312
-5061
-3632
-2099
-534
991
2413
3674
4729
5544
6099
6384
6405
6176
5719
5067
4255
3322
2309
1254
195
-831
-1797
-2675
-3442
-4080
-4576
-4919
-5102
-5122
-4977
-4672
-4212
-3607
-2871
-2021
-1081
-77
959
1993
2987
3902
4697
5333
5777
5999
5977
5699
5163
4381
3375
2181
846
-574
-2015
-3409
-4685
-5776
-6621
-7169
-7382
-7236
-6728
-5873
-4703
-3269
-1640
105
1879
3589
5142
6453
7447
8064
8264
8030
7366
6300
4886
3195
1316
-650
-2597
-4416
-6005
-7273
-8147
-8574
-8526
-8003
-7029
-5658
-3963
-2040
2
2049
3984
5695
7081
8062
8580
8602
8126
7178
5811
4104
2156
80
-2002
-3969
-5704
-7104
-8085
-8589
-8585
-8072
-7078
-5662
-3907
-1916
192
2293
4261
5979
7343
8271
8707
8623
8024
6943
5445
3617
1569
-577
-2694
-4655
-6343
-7655
-8513
-8864
-8687
-7992
-6818
-5237
-3340
-1243
931
3052
4993
6638
7888
8670
8936
8670
7888
6638
4993
3052
931
-1243
-3340
-5237
-6818
-7992
-8687
-8864
-8513
-7655
-6343
-4655
-2694
-577
1569
3617
5445
6943
8024
8623
8707
8271
7343
5979
4261
2293
192
-1916
-3907
-5662
-7078
-8072
-8585
-8589
-8085
-7104
-5704
-3969
-2002
80
2156
4104
5811
7178
8126
8602
8580
8062
7081
5695
3984
2049
2
-2040
-3963
-5658
-7029
-8003
-8526
-8574
-8147
-7273
-6005
-4416
-2597
-650
1316
3195
4886
6300
7366
8030
8264
8064
7447
6453
5142
3589
1879
105
-1640
-3269
-4703
-5873
-6728
-7236
-7382
-7169
-6621
-5776
-4685
-3409
-2015
-574
846
2181
3375
4381
5163
5699
5977
5999
5777
5333
4697
3902
2987
1993
959
-77
-1081
-2021
-2871
-3607
-4212
-4672
-4977
-5122
-5102
-4919
-4576
-4080
-3442
-2675
-1797
-831
195
1254
2309
3322
4255
5067
5719
6176
6405
6384
6099
5544
4729
3674
2413
991
-534
-2099
-3632
-5061
-6312
-7318
-8021
-8375
-8348
-7927
-7119
-5951
-4468
-2733
-826
1163
3139
5001
6654
8010
8994
9551
9645
9264
8421
7154
5523
3608
1506
-676
-2826
-4832
-6590
-8008
-9013
-9552
-9599
-9155
-8245
-6922
-5261
-3354
-1306
769
2761
4561
6076
7226
7956
8235
8058
7446
6445
5124
3566
1870
140
-1520
-3016
-4260
-5187
-5749
-5925
-5716
-5151
-4277
-3164
-1894
-558
747
1934
2920
3638
4041
4103
3823
3225
2353
1273
65
-1178
-2365
-3402
-4205
-4706
-4855
-4626
-4018
-3058
-1796
-306
1320
2978
4558
5948
7046
7765
8037
7820
7103
5904
4271
2284
43
-2327
-4694
-6917
-8861
-10400
-11430
-11871
-11675
-10829
-9357
-7319
-4808
-1948
1115
4221
7202
9892
12141
13815
14813
15064
14542
13257
11262
8651
5549
2112
-1487
-5063
-8431
-11414
-13855
-15624
-16626
-16803
-16143
-14676
-12474
-9647
-6338
-2714
1042
4741
8199
11242
13721
15516
16544
16761
16164
14792
12722
10068
6967
3580
78
-3366
-6585
-9427
-11763
-13491
-14543
-14885
-14522
-13492
-11864
-9736
-7226
-4468
-1600
1235
3908
6298
8307
9857
10900
11411
11395
10881
9921
8584
6953
5121
3181
1227
-653
-2386
-3908
-5171
-6146
-6817
-7186
-7267
-7086
-6676
-6079
-5334
-4486
-3572
-2627
-1681
-757
127
963
1740
2457
3110
3696
4212
4652
5007
5265
5412
5431
5307
5025
4572
3944
3140
2170
1053
-181
-1496
-2843
-4167
-5409
-6508
-7402
-8037
-8366
-8352
-7974
-7229
-6130
-4708
-3014
-1115
909
2969
4967
6807
8393
9641
10479
10855
10735
10113
9003
7447
5509
3274
845
-1664
-4135
-6446
-8482
-10141
-11336
-12003
-12103
-11627
-10592
-9042
-7052
-4714
-2142
539
3200
5708
7941
9788
11159
11985
12226
11872
10942
9482
7567
5295
2779
145
-2473
-4947
-7155
-8987
-10356
-11196
-11470
-11169
-10315
-8955
-7163
-5035
-2681
-224
2209
4497
6523
8188
9410
10131
10321
9976
9120
7804
6100
4103
1919
-335
-2542
-4585
-6360
-7775
-8759
-9265
-9270
-8778
-7818
-6446
-4737
-2784
-694
1420
3446
5276
6811
7970
8691
0
0
0
0
0
0
0
0
0
0
0
0
0
0
0
0
0
0
0
0
0
0
0
0
0
0
0
0
0
0
0
0
0
0
0
0
0
0
0
0
0
0
0
0
0
0
0
0
0
0
0
0
0
0
0
0
0
0
0
0
0
0
0
0
0
0
0
8936
8703
8016
6915
5459
3731
1825
-153
-2098
-3903
-5475
-6732
-7612
-8076
-8108
-7719
-6939
-5824
-4445
-2886
-1240
400
1945
3312
4435
5261
5761
5923
5759
5299
4587
3684
2656
1575
511
-469
-1314
-1980
-2441
-2687
-2723
-2571
-2266
-1850
-1375
-893
-451
-94
145
247
203
21
-275
-655
-1073
-1480
-1826
-2061
-2142
-2037
-1728
-1211
-503
366
1350
2389
3413
4347
5118
5656
5905
5820
5378
4578
3441
2011
356
-1439
-3278
-5051
-6648
-7966
-8911
-9408
-9403
-8872
-7821
-6285
-4332
-2054
430
2989
5480
7760
9691
11154
12049
12309
11901
10826
9127
6883
4203
1228
-1882
-4960
-7831
-10332
-12314
-13658
-14276
-14121
-13188
-11516
-9186
-6317
-3062
405
3894
7211
10170
12601
14365
15355
15509
14810
13289
11023
8132
4770
1122
-2612
-6226
-9518
-12304
-14427
-15764
-16239
-15820
-14527
-12428
-9637
-6305
-2616
1227
5014
8534
11592
14020
15681
16484
16385
15388
13548
10965
7784
4177
343
-3506
-7162
-10425
-13119
-15096
-16253
-16529
-15913
-14440
-12195
-9303
-5923
-2240
1546
5231
8618
11528
13809
15344
16057
15918
14942
13189
10761
7792
4445
901
-2651
-6026
-9050
-11569
-13460
-14634
-15043
-14676
-13568
-11788
-9440
-6656
-3587
-395
2754
5702
8304
10436
12004
12943
13222
12845
11851
10305
8302
5954
3387
736
-1867
-4299
-6447
-8218
-9540
-10369
-10685
-10494
-9827
-8737
-7293
-5581
-3691
-1720
237
2093
3769
5201
6338
7147
7613
7736
7533
7034
6277
5314
4195
2978
1718
465
-730
-1832
-2805
-3624
-4274
-4744
-5034
-5147
-5093
-4883
-4535
-4066
-3494
-2840
-2122
-1360
-573
219
998
1747
2445
3075
3619
4059
4381
4572
4620
4519
4265
3862
3317
2643
1858
988
61
-890
-1830
-2723
-3532
-4222
-4764
-5132
-5306
-5277
-5040
-4602
-3978
-3189
-2267
-1249
-173
914
1970
2951
3817
4533
5069
5405
5528
5434
5128
4624
3944
3118
2178
1163
113
-930
-1928
-2843
-3642
-4297
-4787
-5096
-5217
-5147
-4894
-4468
-3887
-3175
-2356
-1461
-522
430
1364
2247
3051
3749
4318
4738
4996
5083
4993
4729
4298
3712
2989
2153
1230
252
-747
-1733
-2668
-3519
-4251
-4835
-5246
-5464
-5478
-5283
-4882
-4288
-3520
-2607
-1583
-487
637
1744
2789
3728
4522
5136
5545
5731
5686
5412
4922
4235
3384
2404
1338
232
-866
-1913
-2865
-3685
-4340
-4810
-5079
-5143
-5008
-4685
-4196
-3568
-2832
-2022
-1174
-323
498
1263
1947
2533
3008
3366
3606
3731
3749
3670
3505
3266
2965
2611
2213
1777
1309
810
283
-267
-838
-1426
-2020
-2609
-3177
-3706
-4174
-4554
-4822
-4952
-4920
-4707
-4300
-3693
-2888
-1900
-753
516
1865
3238
4575
5811
6882
7725
8284
8513
8377
7860
6962
5702
4117
2266
220
-1931
-4093
-6163
-8039
-9621
-10822
-11570
-11811
-11515
-10676
-9316
-7483
-5249
-2710
22
2822
5557
8096
10313
12094
13345
13998
14009
13368
12095
10241
7889
5143
2131
-1005
-4119
-7062
-9692
-11882
-13528
-14548
-14894
-14548
-13528
-11882
-9692
-7062
-4119
-1005
2131
5143
7889
10241
12095
13368
14009
13998
13345
12094
10313
8096
5557
2822
22
-2710
-5249
-7483
-9316
-10676
-11515
-11811
-11570
-10822
-9621
-8039
-6163
-4093
-1931
220
2266
4117
5702
6962
7860
8377
8513
8284
7725
6882
5811
4575
3238
1865
516
-753
-1900
-2888
-3693
-4300
-4707
-4920
-4952
-4822
-4554
-4174
-3706
-3177
-2609
-2020
-1426
-838
-267
283
810
1309
1777
2213
2611
2965
3266
3505
3670
3749
3731
3606
3366
3008
2533
1947
1263
498
-323
-1174
-2022
-2832
-3568
-4196
-4685
-5008
-5143
-5079
-4810
-4340
-3685
-2865
-1913
-866
232
1338
2404
3384
4235
4922
5412
5686
5731
5545
5136
4522
3728
2789
1744
637
-487
-1583
-2607
-3520
-4288
-4882
-5283
-5478
-5464
-5246
-4835
-4251
-3519
-2668
-1733
-747
252
1230
2153
2989
3712
4298
4729
4993
5083
4996
4738
4318
3749
3051
2247
1364
430
-522
-1461
-2356
-3175
-3887
-4468
-4894
-5147
-5217
-5096
-4787
-4297
-3642
-2843
-1928
-930
113
1163
2178
3118
3944
4624
5128
5434
5528
5405
5069
4533
3817
2951
1970
914
-173
-1249
-2267
-3189
-3978
-4602
-5040
-5277
-5306
-5132
-4764
-4222
-3532
-2723
-1830
-890
61
988
1858
2643
3317
3862
4265
4519
4620
4572
4381
4059
3619
3075
2445
1747
998
219
-573
-1360
-2122
-2840
-3494
-4066
-4535
-4883
-5093
-5147
-5034
-4744
-4274
-3624
-2805
-1832
-730
465
1718
2978
4195
5314
6277
7034
7533
7736
7613
7147
6338
5201
3769
2093
237
-1720
-3691
-5581
-7293
-8737
-9827
-10494
-10685
-10369
-9540
-8218
-6447
-4299
-1867
736
3387
5954
8302
10305
11851
12845
13222
12943
12004
10436
8304
5702
2754
-395
-3587
-6656
-9440
-11788
-13568
-14676
-15043
-14634
-13460
-11569
-9050
-6026
-2651
901
4445
7792
10761
13189
14942
15918
16057
15344
13809
11528
8618
5231
1546
-2240
-5923
-9303
-12195
-14440
-15913
-16529
-16253
-15096
-13119
-10425
-7162
-3506
343
4177
7784
10965
13548
15388
16385
16484
15681
14020
11592
8534
5014
1227
-2616
-6305
-9637
-12428
-14527
-15820
-16239
-15764
-14427
-12304
-9518
-6226
-2612
1122
4770
8132
11023
13289
14810
15509
15355
14365
12601
10170
7211
3894
405
-3062
-6317
-9186
-11516
-13188
-14121
-14276
-13658
-12314
-10332
-7831
-4960
-1882
1228
4203
6883
9127
10826
11901
12309
12049
11154
9691
7760
5480
2989
430
-2054
-4332
-6285
-7821
-8872
-9403
-9408
-8911
-7966
-6648
-5051
-3278
-1439
356
2011
3441
4578
5378
5820
5905
5656
5118
4347
3413
2389
1350
366
-503
-1211
-1728
-2037
-2142
-2061
-1826
-1480
-1073
-655
-275
21
203
247
145
-94
-451
-893
-1375
-1850
-2266
-2571
-2723
-2687
-2441
-1980
-1314
-469
511
1575
2656
3684
4587
5299
5759
5923
5761
5261
4435
3312
1945
400
-1240
-2886
-4445
-5824
-6939
-7719
-8108
-8076
-7612
-6732
-5475
-3903
-2098
-153
1825
3731
5459
6915
8016
8703
0
0
0
0
0
0
0
0
0
0
0
0
0
0
0
0
0
0
0
0
0
0
0
0
0
0
0
0
0
0
0
0
0
0
0
0
0
0
0
0
0
0
0
0
0
0
0
0
0
0
0
0
0
0
0
0
0
0
0
0
0
0
0
0
0
0
0
-2978
-2973
-2953
-2911
-2833
-2702
-2500
-2209
-1814
-1307
-685
45
870
1764
2694
3616
4485
5250
5858
6264
6425
6310
5899
5187
4187
2926
1449
-186
-1907
-3634
-5280
-6760
-7991
-8899
-9425
-9525
-9176
-8378
-7153
-5547
-3626
-1475
804
3106
5316
7323
9022
10323
11154
11464
11230
10453
9164
7419
5299
2904
349
-2241
-4739
-7022
-8977
-10504
-11529
-11998
-11890
-11208
-9988
-8290
-6199
-3821
-1273
1317
3822
6119
8097
9660
10736
11276
11262
10701
9627
8103
6209
4047
1728
-628
-2906
-4993
-6788
-8208
-9189
-9692
-9703
-9232
-8315
-7009
-5388
-3544
-1575
413
2322
4055
5528
6672
7438
7796
7741
7285
6465
5334
3959
2420
802
-805
-2319
-3659
-4759
-5566
-6044
-6174
-5957
-5413
-4579
-3506
-2258
-906
472
1801
3007
4024
4797
5284
5461
5318
4863
4123
3139
1964
663
-691
-2026
-3265
-4339
-5186
-5756
-6012
-5934
-5520
-4786
-3762
-2499
-1057
489
2062
3577
4953
6113
6989
7525
7685
7447
6810
5796
4444
2812
976
-977
-2953
-4850
-6570
-8019
-9115
-9792
-10002
-9719
-8941
-7691
-6019
-3993
-1705
739
3223
5625
7821
9697
11152
12101
12483
12265
11442
10039
8111
5740
3033
116
-2870
-5783
-8476
-10812
-12669
-13945
-14568
-14495
-13718
-12264
-10193
-7598
-4600
-1341
2022
5326
8408
11112
13304
14869
15728
15831
15170
13773
11704
9063
5979
2601
-902
-4362
-7607
-10478
-12833
-14560
-15575
-15833
-15325
-14082
-12171
-9692
-6773
-3563
-224
3078
6182
8936
11211
12904
13941
14285
13934
12921
11312
9202
6708
3966
1117
-1691
-4323
-6654
-8578
-10016
-10914
-11250
-11033
-10297
-9105
-7538
-5696
-3685
-1616
401
2269
3902
5233
6216
6826
7061
6940
6502
5798
4893
3856
2759
1669
647
-256
-1007
-1583
-1976
-2196
-2261
-2203
-2058
-1866
-1667
-1496
-1382
-1344
-1389
-1512
-1700
-1927
-2159
-2358
-2484
-2500
-2373
-2079
-1606
-956
-145
798
1830
2897
3936
4881
5665
6226
6513
6484
6118
5409
4374
3049
1489
-233
-2033
-3816
-5485
-6946
-8109
-8903
-9270
-9177
-8615
-7599
-6170
-4395
-2360
-166
2074
4242
6225
7914
9217
10063
10404
10217
9512
8323
6712
4765
2584
285
-2010
-4182
-6116
-7714
-8896
-9604
-9809
-9508
-8728
-7520
-5957
-4132
-2148
-117
1850
3652
5196
6407
7234
7645
7636
7227
6460
5394
4105
2679
1204
-230
-1546
-2672
-3556
-4162
-4473
-4495
-4250
-3778
-3130
-2368
-1556
-759
-36
563
1002
1259
1329
1222
965
594
159
-287
-691
-1002
-1177
-1185
-1008
-646
-113
557
1320
2118
2888
3562
4075
4370
4402
4140
3576
2719
1601
273
-1193
-2716
-4201
-5554
-6679
-7493
-7925
-7925
-7469
-6557
-5219
-3510
-1515
665
2912
5099
7095
8777
10038
10788
10966
10541
9518
7933
5861
3402
685
-2145
-4931
-7517
-9752
-11503
-12661
-13148
-12924
-11987
-10376
-8169
-5478
-2445
765
3980
7020
9714
11908
13476
14324
14399
13688
12225
10085
7380
4258
887
-2547
-5856
-8857
-11384
-13297
-14489
-14894
-14489
-13297
-11384
-8857
-5856
-2547
887
4258
7380
10085
12225
13688
14399
14324
13476
11908
9714
7020
3980
765
-2445
-5478
-8169
-10376
-11987
-12924
-13148
-12661
-11503
-9752
-7517
-4931
-2145
685
3402
5861
7933
9518
10541
10966
10788
10038
8777
7095
5099
2912
665
-1515
-3510
-5219
-6557
-7469
-7925
-7925
-7493
-6679
-5554
-4201
-2716
-1193
273
1601
2719
3576
4140
4402
4370
4075
3562
2888
2118
1320
557
-113
-646
-1008
-1185
-1177
-1002
-691
-287
159
594
965
1222
1329
1259
1002
563
-36
-759
-1556
-2368
-3130
-3778
-4250
-4495
-4473
-4162
-3556
-2672
-1546
-230
1204
2679
4105
5394
6460
7227
7636
7645
7234
6407
5196
3652
1850
-117
-2148
-4132
-5957
-7520
-8728
-9508
-9809
-9604
-8896
-7714
-6116
-4182
-2010
285
2584
4765
6712
8323
9512
10217
10404
10063
9217
7914
6225
4242
2074
-166
-2360
-4395
-6170
-7599
-8615
-9177
-9270
-8903
-8109
-6946
-5485
-3816
-2033
-233
1489
3049
4374
5409
6118
6484
6513
6226
5665
4881
3936
2897
1830
798
-145
-956
-1606
-2079
-2373
-2500
-2484
-2358
-2159
-1927
-1700
-1512
-1389
-1344
-1382
-1496
-1667
-1866
-2058
-2203
-2261
-2196
-1976
-1583
-1007
-256
647
1669
2759
3856
4893
5798
6502
6940
7061
6826
6216
5233
3902
2269
401
-1616
-3685
-5696
-7538
-9105
-10297
-11033
-11250
-10914
-10016
-8578
-6654
-4323
-1691
1117
3966
6708
9202
11312
12921
13934
14285
13941
12904
11211
8936
6182
3078
-224
-3563
-6773
-9692
-12171
-14082
-15325
-15833
-15575
-14560
-12833
-10478
-7607
-4362
-902
2601
5979
9063
11704
13773
15170
15831
15728
14869
13304
11112
8408
5326
2022
-1341
-4600
-7598
-10193
-12264
-13718
-14495
-14568
-13945
-12669
-10812
-8476
-5783
-2870
116
3033
5740
8111
10039
11442
12265
12483
12101
11152
9697
7821
5625
3223
739
-1705
-3993
-6019
-7691
-8941
-9719
-10002
-9792
-9115
-8019
-6570
-4850
-2953
-977
976
2812
4444
5796
6810
7447
7685
7525
6989
6113
4953
3577
2062
489
-1057
-2499
-3762
-4786
-5520
-5934
-6012
-5756
-5186
-4339
-3265
-2026
-691
663
1964
3139
4123
4863
5318
5461
5284
4797
4024
3007
1801
472
-906
-2258
-3506
-4579
-5413
-5957
-6174
-6044
-5566
-4759
-3659
-2319
-805
802
2420
3959
5334
6465
7285
7741
7796
7438
6672
5528
4055
2322
413
-1575
-3544
-5388
-7009
-8315
-9232
-9703
-9692
-9189
-8208
-6788
-4993
-2906
-628
1728
4047
6209
8103
9627
10701
11262
11276
10736
9660
8097
6119
3822
1317
-1273
-3821
-6199
-8290
-9988
-11208
-11890
-11998
-11529
-10504
-8977
-7022
-4739
-2241
349
2904
5299
7419
9164
10453
11230
11464
11154
10323
9022
7323
5316
3106
804
-1475
-3626
-5547
-7153
-8378
-9176
-9525
-9425
-8899
-7991
-6760
-5280
-3634
-1907
-186
1449
2926
4187
5187
5899
6310
6425
6264
5858
5250
4485
3616
2694
1764
870
45
-685
-1307
-1814
-2209
-2500
-2702
-2833
-2911
-2953
-2973
0
0
0
0
0
0
0
0
0
0
0
0
0
0
0
0
0
0
0
0
0
0
0
0
0
0
0
0
0
0
0
0
0
0
0
0
0
0
0
0
0
0
0
0
0
0
0
0
0
0
0
0
0
0
0
0
0
0
0
0
0
0
0
0
0
0
0
