0
4278
8485
12550
16402
19973
23203
26035
28419
30314
31684
32507
32766
32456
31581
30156
28203
25758
22860
19561
15917
11991
7852
3573
-771
-5106
-9352
-13436
-17284
-20829
-24006
-26759
-29038
-30801
-32015
-32660
-32720
-32196
-31094
-29434
-27244
-24563
-21439
-17925
-14087
-9991
-5712
-1327
3083
7441
11667
15683
19415
22796
25762
28259
30239
31667
32514
32764
32412
31462
29931
27847
25247
22178
18696
14865
10755
6443
2009
-2465
-6896
-11201
-15299
-19113
-22570
-25606
-28162
-30190
-31650
-32514
-32764
-32394
-31411
-29832
-27686
-25012
-21861
-18292
-14372
-10175
-5781
-1274
3259
7733
12062
16161
19951
23359
26318
28771
30668
31973
32659
32711
32127
30919
29107
26727
23823
20452
16679
12577
8226
3711
-879
-5455
-9926
-14204
-18204
-21846
-25058
-27775
-29942
-31516
-32464
-32766
-32415
-31417
-29790
-27567
-24790
-21514
-17805
-13736
-9388
-4849
-209
4437
8997
13377
17489
21248
24578
27411
29687
31359
32393
32765
32468
31507
29899
27676
24884
21579
17828
13707
9301
4700
0
-4703
-9311
-13729
-17864
-21629
-24947
-27746
-29968
-31566
-32503
-32761
-32332
-31225
-29460
-27076
-24119
-20653
-16748
-12488
-7961
-3263
1506
6246
10856
15238
19298
22949
26112
28719
30713
32051
32702
32651
31900
30461
28366
25658
22395
18646
14492
10022
5332
524
-4298
-9029
-13567
-17811
-21669
-25055
-27896
-30127
-31699
-32577
-32739
-32182
-30916
-28967
-26379
-23206
-19519
-15397
-10932
-6222
-1372
3511
8320
12945
17284
21240
24723
27655
29968
31611
32545
32748
32214
30954
28995
26381
23169
19431
15252
10724
5950
1038
-3899
-8751
-13405
-17757
-21705
-25159
-28038
-30277
-31822
-32637
-32702
-32014
-30588
-28456
-25665
-22280
-18377
-14047
-9388
-4509
477
5455
10308
14924
19194
23018
26305
28979
30974
32243
32756
32498
31476
29711
27244
24133
20449
16280
11722
6884
1880
-3170
-8148
-12935
-17416
-21484
-25041
-28000
-30291
-31856
-32659
-32677
-31909
-30373
-28105
-25157
-21600
-17520
-13013
-8189
-3163
1941
7001
11893
16499
20705
24407
27516
29953
31659
32589
32721
32049
30590
28377
25463
21921
17836
13307
8448
3377
-1780
-6896
-11843
-16499
-20746
-24479
-27603
-30040
-31727
-32621
-32699
-31957
-30413
-28105
-25088
-21439
-17247
-12618
-7668
-2522
2689
7836
12787
17416
21605
25247
28248
30530
32035
32723
32574
31592
29801
27244
23987
20112
15718
10917
5832
595
-4660
-9798
-14685
-19194
-23208
-26622
-29345
-31307
-32455
-32757
-32206
-30813
-28614
-25665
-22043
-17841
-13169
-8148
-2911
2405
7661
12717
17440
21705
25397
28419
30689
32146
32750
32483
31352
29385
26633
23169
19084
14487
9500
4255
-1105
-6439
-11603
-16457
-20870
-24723
-27911
-30346
-31961
-32712
-32578
-31559
-29684
-27001
-23582
-19519
-14922
-9916
-4636
771
6162
11386
16301
20770
24671
27896
30354
31977
32719
32558
31498
29565
26813
23317
19172
14492
9407
4058
-1405
-6833
-12073
-16978
-21411
-25247
-28377
-30713
-32188
-32760
-32410
-31148
-29007
-26047
-22351
-18021
-13179
-7961
-2516
3003
8440
13640
18454
22745
26389
29282
31340
32503
32737
32033
30409
27913
24613
20604
16000
10932
5547
0
-5550
-10942
-16021
-20637
-24657
-27963
-30458
-32068
-32745
-32468
-31244
-29107
-26118
-22364
-17952
-13013
-7689
-2137
3479
8997
14252
19090
23367
26955
29748
31662
32640
32650
31691
29790
27003
23411
19119
14256
8965
3403
-2262
-7862
-13230
-18204
-22633
-26385
-29345
-31423
-32556
-32707
-31871
-30072
-27362
-23823
-19561
-14703
-9397
-3803
1908
7565
12994
18030
22517
26318
29316
31419
32559
32702
31841
30001
27238
23635
19302
14372
8996
3339
-2422
-8112
-13553
-18577
-23026
-26761
-29667
-31650
-32648
-32629
-31591
-29565
-26615
-22829
-18327
-13249
-7752
-2009
3799
9491
14886
19815
24120
27666
30338
32052
32751
32412
31044
28690
25423
21345
16586
11295
5642
-193
-6025
-11667
-16938
-21669
-25706
-28920
-31206
-32489
-32726
-31909
-30063
-27244
-23544
-19081
-13998
-8460
-2644
3259
9060
14569
19606
24006
27626
30346
32075
32756
32366
30916
28451
25051
20827
15917
10480
4696
-1244
-7147
-12817
-18065
-22719
-26622
-29644
-31684
-32674
-32578
-31398
-29173
-25975
-21909
-17110
-11737
-5969
0
5972
11747
17130
21941
26016
29217
31436
32596
32657
31615
29504
26395
22390
17625
12260
6476
470
-5554
-11392
-16845
-21726
-25867
-29127
-31393
-32585
-32662
-31619
-29491
-26349
-22301
-17483
-12062
-6222
-166
5898
11762
17222
22088
26191
29387
31566
32648
32597
31411
29131
25835
21636
16679
11138
5205
-912
-7001
-12847
-18244
-23003
-26955
-29960
-31912
-32739
-32412
-30940
-28374
-24803
-20353
-15179
-9465
-3413
2763
8843
14612
19863
24407
28083
30758
32334
32755
32003
30103
27124
23169
18381
12929
7010
836
-5370
-11386
-16993
-21989
-26191
-29446
-31636
-32680
-32538
-31214
-28754
-25247
-20819
-15630
-9868
-3744
2518
8692
14551
19879
24480
28184
30855
32393
32739
31880
29845
26709
22585
17625
12011
5950
-333
-6607
-12639
-18204
-23094
-27128
-30152
-32055
-32763
-32248
-30528
-27666
-23767
-18976
-13473
-7461
-1167
5173
11322
17047
22132
26385
29644
31785
32724
32427
30901
28203
24435
19738
14288
8294
1981
-4409
-10635
-16457
-21654
-26025
-29402
-31656
-32697
-32485
-31027
-28377
-24634
-19943
-14481
-8460
-2109
4324
10594
16457
21686
26077
29459
31699
32710
32451
30929
28203
24378
19601
14056
7961
1552
-4919
-11201
-17047
-22227
-26537
-29806
-31906
-32751
-32307
-30590
-27666
-23648
-18696
-13002
-6791
-309
6187
12441
18204
23246
27366
30398
32222
32762
31995
29951
26709
22398
17189
11289
4935
-1619
-8112
-14281
-19879
-24678
-28486
-31147
-32552
-32643
-31416
-28917
-25247
-20553
-15023
-8882
-2378
4225
10659
16662
21989
26421
29777
31918
32756
32254
30432
27362
23169
18024
12137
5748
-879
-7473
-13762
-19485
-24407
-28323
-31070
-32533
-32650
-31414
-28875
-25136
-20353
-14721
-8475
-1874
4807
11292
17307
22602
26955
30182
32146
32765
32010
29911
26556
22083
16679
10571
4016
-2711
-9326
-15551
-21121
-25799
-29387
-31732
-32732
-32344
-30582
-27520
-23286
-18060
-12062
-5547
1206
7911
14280
20041
24947
28786
31393
32653
32513
30975
28105
24024
18906
12972
6476
-301
-7069
-13534
-19415
-24458
-28443
-31196
-32596
-32580
-31148
-28360
-24336
-19250
-13322
-6811
0
6813
13332
19269
24364
28393
31178
32594
32578
31129
28309
24241
19103
13120
6555
-301
-7147
-13680
-19609
-24671
-28641
-31340
-32648
-32505
-30916
-27948
-23735
-18460
-12360
-5706
1206
8067
14569
20421
25359
29162
31656
32728
32328
30473
27244
22786
17298
11027
4255
-2711
-9557
-15974
-21669
-26383
-29901
-32062
-32766
-31979
-29736
-26137
-21345
-15577
-9095
-2195
4807
11593
17850
23291
27666
30771
32464
32665
31362
28614
24546
19345
13249
6538
-477
-7473
-14125
-20126
-25196
-29098
-31650
-32732
-32292
-30349
-26991
-22374
-16712
-10266
-3339
3746
10659
17076
22694
27251
30530
32377
32702
31489
28793
24740
19519
13375
6597
-494
-7565
-14281
-20323
-25404
-29282
-31772
-32753
-32178
-30072
-26533
-21729
-15887
-9285
-2238
4919
11843
18204
23695
28052
31066
32589
32548
30942
27847
23411
17845
11416
4435
-2763
-9830
-16425
-22227
-26955
-30378
-32330
-32713
-31507
-28769
-24631
-19293
-13013
-6096
1120
8285
15047
21076
26077
29802
32068
32763
31850
29372
25451
20276
14101
7230
0
-7232
-14111
-20295
-25478
-29402
-31872
-32764
-32033
-29711
-25913
-20827
-14703
-7845
-595
6688
13640
19914
25196
29220
31785
32759
32093
29819
26047
20967
14832
7950
664
-6656
-13645
-19948
-25247
-29273
-31822
-32763
-32046
-29706
-25861
-20703
-14492
-7543
-209
7138
14125
20396
25629
29557
31977
32766
31880
29363
25342
20022
13674
6622
-771
-8129
-15071
-21240
-26318
-30042
-32219
-32734
-31559
-28754
-24461
-18901
-12360
-5177
2276
9615
16457
22447
27271
30678
32489
32608
31026
27825
23169
17302
10527
3199
-4298
-11573
-18244
-23960
-28419
-31387
-32705
-32302
-30198
-26501
-21406
-15179
-8148
-684
6817
13962
20369
25700
29668
32064
32757
31710
28975
24698
19103
12488
5205
-2358
-9798
-16717
-22745
-27557
-30894
-32577
-32513
-30703
-27244
-22319
-16192
-9191
-1693
5898
13175
19743
25247
29388
31941
32765
31816
29141
24884
19276
12618
5272
-2362
-9871
-16845
-22903
-27714
-31014
-32621
-32445
-30495
-26875
-21781
-15492
-8351
-749
6896
14165
20658
26016
29942
32220
32721
31417
28377
23767
17841
10926
3403
-4310
-11787
-18613
-24407
-28847
-31684
-32759
-32010
-29476
-25298
-19707
-13013
-5590
2148
9769
16845
22980
27828
31116
32659
32366
30254
26438
21133
14635
7310
-430
-8148
-15409
-21801
-26962
-30598
-32502
-32563
-30778
-27244
-22162
-15818
-8572
-836
6950
14343
20920
26305
30190
32350
32661
31103
27762
22829
16586
9388
1649
-6187
-13670
-20369
-25898
-29936
-32249
-32702
-31267
-28024
-23161
-16955
-9766
-2009
5867
13405
20168
25762
29860
32222
32709
31291
28049
23169
16936
9711
1916
-5992
-13553
-20323
-25904
-29968
-32275
-32687
-31179
-27837
-22855
-16527
-9222
-1372
6562
14111
20829
26318
30252
32397
32623
30916
27374
22206
15718
8294
373
-7571
-15067
-21669
-26980
-30683
-32556
-32483
-30469
-26631
-21197
-14492
-6916
1077
9009
16402
22811
27851
31216
32702
32218
29790
25564
19793
12824
5078
-2978
-10856
-18080
-24210
-28873
-31785
-32766
-31757
-28816
-24119
-17952
-10689
-2772
5316
13083
20053
25799
29968
32304
32662
31017
27469
22233
15630
8064
0
-8067
-15639
-22251
-27492
-31038
-32669
-32282
-29899
-25665
-19840
-12785
-4935
3223
11185
18454
24578
29176
31960
32754
31507
28295
23317
16881
9388
1306
-6859
-14599
-21426
-26913
-30713
-32587
-32415
-30206
-26096
-20343
-13307
-5431
2789
10837
18204
24423
29100
31937
32755
31498
28244
23199
16679
9099
938
-7285
-15047
-21854
-27271
-30951
-32659
-32282
-29844
-25497
-19519
-12290
-4271
4023
12062
19330
25359
29762
32252
32670
30984
27303
21861
15008
7184
-1105
-9326
-16947
-23474
-28484
-31650
-32766
-31757
-28687
-23753
-17274
-9670
-1435
6896
14781
21705
27215
30951
32666
32248
29720
25247
19119
11737
3583
-4807
-12886
-20121
-26035
-30239
-32455
-32534
-30469
-26395
-20578
-13400
-5336
3083
11302
18775
25007
29584
32200
32681
30992
27244
21684
14679
6695
-1736
-10055
-17706
-24178
-29038
-31959
-32744
-31340
-27837
-22468
-15592
-7668
771
9163
16942
23583
28641
31772
32764
31548
28203
22955
16155
8261
-193
-8637
-16499
-23246
-28419
-31667
-32766
-31641
-28366
-23161
-16378
-8479
0
8482
16388
23178
28387
31659
32766
31633
28334
23092
16267
8323
-193
-8699
-16610
-23382
-28547
-31748
-32764
-31521
-28105
-22748
-15818
-7793
771
9287
17161
23850
28887
31923
32744
31292
27666
22114
15023
6884
-1736
-10238
-18030
-24565
-29387
-32158
-32681
-30919
-26991
-21173
-13868
-5590
3083
11543
19194
25499
30012
32414
32534
30361
26047
19895
12336
3903
-4807
-13181
-20625
-26610
-30711
-32637
-32248
-29569
-24790
-18247
-10405
-1820
6896
15124
22277
27843
31423
32760
31757
28483
23169
16196
8060
-655
-9326
-17331
-24094
-29127
-32068
-32703
-30984
-27033
-21133
-13707
-5289
3511
12062
19743
25999
30374
32552
32371
29844
25150
18630
10754
2094
-6719
-15047
-22282
-27896
-31478
-32765
-31661
-28244
-22763
-15616
-7324
1506
10228
18204
24847
29668
32313
32585
30461
26096
19809
12062
3423
-5469
-13962
-21426
-27310
-31178
-32740
-31881
-28661
-23317
-16242
-7961
912
9721
17811
24578
29519
32265
32608
30520
26157
19840
12041
3339
-5613
-14150
-21629
-27492
-31296
-32755
-31758
-28377
-22863
-15630
-7219
1736
10564
18599
25234
29968
32443
32468
30041
25342
18725
10689
1842
-7147
-15598
-22868
-28404
-31785
-32751
-31227
-27327
-21345
-13736
-5078
3969
12717
20496
26712
30887
32702
32014
28875
23522
16364
7950
-1077
-10024
-18204
-24986
-29848
-32414
-32483
-30050
-25298
-18593
-10451
-1499
7571
16058
23305
28750
31969
32711
30916
26720
20449
12587
3744
-5391
-14111
-21734
-27666
-31442
-32766
-31533
-27837
-21964
-14372
-5653
3510
12401
20323
26654
30894
32710
31957
28692
23169
15822
7226
-1941
-10958
-19113
-25762
-30378
-32596
-32237
-29328
-24096
-16955
-8469
691
9799
18132
25028
29936
32465
32412
29778
24772
17791
9388
234
-8940
-17404
-24479
-29598
-32350
-32513
-30072
-25219
-18342
-9991
-836
8388
16942
24135
29387
32275
32563
30226
25451
18620
10283
1113
-8148
-16754
-24006
-29316
-32252
-32574
-30254
-25477
-18630
-10266
-1066
8222
16845
24098
29390
32286
32549
30156
25298
18372
9941
695
-8610
-17213
-24407
-29603
-32371
-32482
-29925
-24908
-17841
-9305
0
9307
17850
24924
29942
32491
32356
29546
24293
17028
8351
-1019
-10308
-18745
-25629
-30386
-32621
-32145
-28995
-23432
-15917
-7073
2362
11603
19879
26497
30903
32728
31816
28241
22301
14491
5464
-4023
-13175
-21224
-27492
-31451
-32766
-31324
-27244
-20868
-12732
-3519
5992
15001
22745
28568
31977
32682
30619
25962
19103
10622
1238
-8253
-17047
-24394
-29668
-32420
-32412
-29643
-24347
-16973
-8148
1373
10781
19269
26112
30723
32705
31886
28334
22351
14449
5304
-4298
-13534
-21608
-27826
-31650
-32749
-31026
-26627
-19930
-11510
-2094
7504
16457
23989
29446
32355
32460
29752
24461
17046
8148
-1459
-10942
-19477
-26318
-30870
-32732
-31742
-27983
-21780
-13674
-4371
5316
14541
22496
28484
31977
32669
30495
25645
18541
9807
209
-9410
-18204
-25397
-30356
-32640
-32046
-28625
-22675
-14721
-5464
4278
13645
21806
28038
31787
32719
30748
26047
19032
10324
695
-8997
-17892
-25196
-30256
-32621
-32077
-28669
-22701
-14703
-5389
4409
13816
21989
28193
31872
32694
30582
25725
18555
9715
0
-9718
-18563
-25739
-30598
-32699
-31850
-28126
-21861
-13619
-4144
5708
15047
23026
28920
32194
32549
29951
24631
17073
7961
-1876
-11547
-20168
-26955
-31287
-32766
-31257
-26894
-20073
-11416
-1713
8148
17267
24807
30076
32589
32113
28690
22632
14492
5018
-4919
-14407
-22570
-28657
-32104
-32591
-30072
-24775
-17189
-8012
1907
11653
20323
27113
31393
32763
31094
26539
19519
10683
852
-9060
-18132
-25519
-30530
-32697
-31816
-27965
-21503
-13031
-3339
6667
16052
23938
29584
32459
32292
29097
23169
15065
5543
-4501
-14125
-22423
-28612
-32108
-32578
-29977
-24546
-16798
-7461
2582
12385
21019
27666
31694
32721
30647
25665
18247
9095
-923
-10856
-19760
-26786
-31264
-32766
-31146
-26556
-19431
-10451
-470
9557
18675
26008
30855
32749
31507
27244
20368
11537
1595
-8501
-17784
-25359
-30497
-32702
-31758
-27754
-21074
-12360
-2451
7696
17103
24860
30215
32648
31922
28105
21563
12929
3039
-7147
-16643
-24525
-30025
-32607
-32016
-28309
-21844
-13249
-3359
6859
16412
24364
29939
32588
32050
28377
21924
13322
3413
-6833
-16412
-24382
-29960
-32596
-32028
-28309
-21804
-13150
-3199
7069
16643
24578
30089
32630
31946
28105
21482
12732
2719
-7565
-17103
-24947
-30318
-32680
-31797
-27754
-20951
-12062
-1970
8320
17784
25478
30633
32732
31565
27244
20200
11134
952
-9326
-18675
-26154
-31014
-32765
-31228
-26556
-19215
-9941
333
10578
19760
26955
31436
32749
30759
25665
17979
8475
-1887
-12062
-21019
-27851
-31864
-32650
-30126
-24546
-16475
-6728
3703
13762
22423
28806
32258
32427
29291
23169
14683
4696
-5772
-15653
-23938
-29777
-32571
-32033
-28214
-21503
-12587
-2378
8077
17706
25519
30711
32748
31416
26850
19519
10175
-219
-10594
-19879
-27113
-31549
-32726
-30520
-25157
-17189
-7439
3083
13289
22119
28657
32222
32441
29289
23092
14492
4381
-6187
-16114
-24364
-30076
-32652
-31820
-27666
-20619
-11416
-1017
9491
19008
26537
31287
32757
30792
25595
17709
7961
-2625
-12939
-21894
-28547
-32194
-32451
-29286
-23032
-14346
-4144
6498
16457
24678
30291
32699
31644
27238
19943
10531
0
-10533
-19951
-27251
-31656
-32694
-30254
-24592
-16309
-6286
4409
14637
23305
29487
32519
32077
28203
21312
12137
1660
-8997
-18692
-26385
-31248
-32757
-30748
-25434
-17383
-7461
3266
13645
22556
29038
32390
32248
28625
21909
12824
2351
-8378
-18204
-26061
-31098
-32765
-30880
-25645
-17625
-7689
3083
13524
22496
29023
32393
32235
28565
21780
12618
2077
-8692
-18516
-26318
-31245
-32755
-30681
-25247
-17046
-6975
3863
14280
23132
29446
32527
32033
28015
20915
11510
836
-9932
-19609
-27125
-31650
-32682
-30103
-24198
-15616
-5304
5596
15880
24407
30232
32705
31550
26894
19250
9465
-1373
-12062
-21411
-28379
-32188
-32412
-29022
-22395
-13267
-2656
8253
18244
26197
31222
32754
30619
25054
16679
6433
-4537
-15001
-23783
-29895
-32648
-31731
-27244
-19690
-9916
976
11762
21224
28293
32170
32415
28997
22301
13080
2378
-8595
-18599
-26497
-31393
-32729
-30352
-24528
-15917
-5494
5554
15974
24578
30386
32734
31352
26395
18425
8351
-2679
-13405
-22602
-29217
-32491
-32046
-27932
-20616
-10936
0
10939
20625
27944
32055
32482
29173
22507
13249
2462
-8610
-18692
-26622
-31481
-32707
-30156
-24119
-15293
-4696
6446
16845
25296
30817
32766
30916
25477
17079
6695
-4468
-15115
-24006
-30106
-32702
-31489
-26606
-18620
-8460
2689
13528
22788
29387
32552
31909
27532
19930
9991
-1120
-12103
-21669
-28693
-32350
-32208
-28280
-21025
-11295
-234
10856
20671
28052
32127
32412
28871
21921
12379
1372
-9799
-19815
-27487
-31906
-32545
-29328
-22632
-13249
-2291
8940
19113
27016
31708
32629
29666
23169
13911
2992
-8285
-18577
-26654
-31549
-32677
-29899
-23544
-14372
-3477
7836
18214
26411
31442
32702
30037
23764
14635
3744
-7598
-18030
-26293
-31393
-32711
-30086
-23833
-14703
-3796
7571
18026
26305
31405
32707
30050
23753
14577
3632
-7754
-18204
-26446
-31479
-32688
-29925
-23522
-14256
-3253
8148
18560
26712
31608
32650
29706
23135
13736
2656
-8751
-19090
-27095
-31785
-32581
-29385
-22585
-13013
-1842
9557
19786
27585
31994
32468
28947
21861
12081
809
-10564
-20637
-28166
-32219
-32293
-28377
-20951
-10932
440
11762
21629
28819
32437
32033
27653
19840
9561
-1907
-13142
-22745
-29519
-32621
-31661
-26755
-18514
-7961
3586
14689
23960
30239
32740
31148
25658
16955
6128
-5469
-16384
-25247
-30944
-32759
-30461
-24336
-15151
-4058
7546
18204
26572
31595
32638
29565
22763
13087
1756
-9798
-20118
-27896
-32148
-32332
-28424
-20915
-10754
771
12203
22088
29171
32552
31797
27001
18769
8148
-3511
-14727
-24069
-30346
-32754
-30984
-25260
-16309
-5272
6439
17331
26008
31359
32696
29845
23169
13521
2137
-9523
-19964
-27843
-32146
-32318
-28334
-20703
-10405
1234
12717
22564
29503
32637
31559
26407
17841
6968
-4807
-15965
-25058
-30909
-32757
-30361
-24028
-14577
-3233
8533
19194
27364
31977
32433
28669
21173
10917
-762
-12345
-22321
-29387
-32619
-31592
-26438
-17828
-6884
4961
16161
25247
31028
32744
30168
23635
13998
2522
-9287
-19879
-27860
-32179
-32265
-28105
-20242
-9711
2101
13640
23382
30040
32733
31103
25362
16267
5018
-6896
-17901
-26537
-31659
-32585
-29190
-21921
-11741
0
11743
21929
29201
32589
31641
26480
17791
6728
-5233
-16499
-25566
-31222
-32709
-29826
-22955
-13013
-1327
10537
20994
28641
32450
31909
27088
18630
7668
-4324
-15739
-25041
-30976
-32744
-30105
-23411
-13561
-1880
10055
20637
28436
32397
31982
27244
18822
7852
-4182
-15653
-25007
-30974
-32743
-30072
-23319
-13400
-1660
10308
20879
28612
32455
31881
26966
18377
7282
-4807
-16245
-25468
-31216
-32702
-29720
-22675
-12528
-664
11292
21705
29147
32596
31576
26225
17274
5950
-6193
-17489
-26383
-31650
-32564
-28995
-21433
-10917
1105
12978
23064
29968
32737
30984
24950
15465
3839
-8320
-19330
-27666
-32170
-32217
-27796
-19519
-8531
3643
15314
24860
30951
32739
29972
23032
12884
938
-11141
-21669
-29176
-32613
-31498
-25982
-16835
-5332
6918
18204
26944
31912
32410
28366
20343
9465
-2743
-14569
-24351
-30713
-32759
-30198
-23387
-13283
-1306
10856
21492
29100
32604
31507
25962
16748
5166
-7147
-18454
-27152
-32008
-32332
-28076
-19840
-8789
3510
15314
24947
31038
32720
29752
22551
12140
0
-12143
-22559
-29762
-32723
-31017
-24884
-15198
-3339
8998
20053
28242
32393
31908
26854
17952
6476
-5930
-17489
-26541
-31785
-32465
-28481
-20402
-9388
2978
14918
24714
30951
32730
29790
22554
12062
-172
-12385
-22811
-29942
-32746
-30813
-24421
-14492
-2462
9926
20879
28806
32556
31581
26021
16679
4912
-7571
-18956
-27585
-32200
-32127
-27374
-18630
-7167
5342
17076
26318
31719
32485
28504
20353
9222
-3259
-15267
-25041
-31147
-32687
-29434
-21861
-11077
1334
13553
23783
30517
32764
30189
23169
12736
423
-11953
-22570
-29860
-32743
-30792
-24293
-14202
-2009
10483
21426
29201
32652
31267
25247
15482
3419
-9153
-20369
-28563
-32514
-31633
-26047
-16586
-4654
7973
19415
27967
32350
31910
26709
17520
5712
-6950
-18577
-27428
-32179
-32116
-27244
-18292
-6597
6088
17864
26962
32015
32263
27666
18910
7310
-5391
-17284
-26579
-31872
-32366
-27983
-19380
-7852
4862
16845
26287
31760
32433
28203
19707
8226
-4501
-16550
-26094
-31684
-32472
-28334
-19895
-8434
4310
16402
26003
31651
32486
28377
19946
8475
-4288
-16402
-26016
-31662
-32478
-28334
-19861
-8351
4437
16550
26133
31717
32445
28203
19638
8060
-4756
-16845
-26351
-31812
-32386
-27983
-19276
-7602
5243
17284
26666
31941
32293
27666
18769
6975
-5898
-17864
-27071
-32095
-32157
-27244
-18113
-6176
6719
18577
27557
32265
31968
26709
17302
5205
-7702
-19415
-28111
-32434
-31710
-26047
-16326
-4058
8843
20369
28719
32588
31368
25247
15179
2736
-10137
-21426
-29364
-32705
-30922
-24293
-13853
-1238
11573
22570
30025
32764
30353
23169
12339
-434
-13142
-23783
-30678
-32739
-29638
-21861
-10632
2276
14829
25041
31296
32604
28754
20353
8727
-4282
-16616
-26318
-31849
-32328
-27676
-18630
-6622
6439
18480
27585
32302
31880
26381
16679
4318
-8734
-20396
-28806
-32620
-31227
-24845
-14492
-1820
11144
22329
29942
32763
30335
23047
12062
-859
-13645
-24243
-30951
-32688
-29173
-20967
-9388
3703
16202
26094
31785
32354
27709
18593
6476
-6688
-18775
-27832
-32393
-31718
-25913
-15915
-3339
9779
21317
29402
32723
30737
23764
12933
0
-12935
-23772
-30745
-32720
-29372
-21243
-9654
3510
16105
26077
31798
32332
27590
18342
6096
-7147
-19226
-28162
-32493
-31507
-25362
-15061
-2291
10856
22227
29953
32765
30198
22670
11416
-1716
-14569
-25028
-31370
-32548
-28366
-19509
-7435
5867
18204
27539
32330
31782
25982
15887
3163
-10086
-21669
-29667
-32753
-30413
-23032
-11831
1334
14281
24860
31312
32563
28403
19519
7387
-5976
-18347
-27666
-32377
-31693
-25725
-15465
-2622
10659
22164
29968
32766
30086
22374
10917
-2369
-15261
-25599
-31650
-32396
-27709
-18372
-5950
7473
19643
28516
32596
31195
24546
13765
664
-12550
-23653
-30771
-32702
-29116
-20616
-8634
4807
17440
27128
32230
31881
26137
15968
3092
-10308
-21966
-29901
-32766
-30072
-22272
-10689
2711
15653
25937
31812
32275
27244
17574
4908
-8595
-20637
-29162
-32712
-30681
-23411
-12140
1206
14349
25041
31451
32480
27948
18630
6117
-7445
-19735
-28641
-32634
-31026
-24089
-13013
301
13567
24501
31222
32570
28309
19172
6728
-6876
-19298
-28393
-32589
-31159
-24347
-13326
0
13328
24354
31166
32585
28360
19220
6748
-6896
-19347
-28443
-32604
-31103
-24198
-13087
301
13640
24608
31294
32533
28105
18778
6176
-7504
-19879
-28786
-32669
-30847
-23635
-12290
1206
14493
25247
31583
32389
27520
17828
5008
-8692
-20870
-29387
-32745
-30352
-22624
-10917
2711
15865
26229
31977
32094
26556
16335
3233
-10442
-22277
-30182
-32757
-29546
-21112
-8944
4807
17712
27483
32390
31559
25136
14256
845
-12717
-24026
-31070
-32598
-28334
-19032
-6345
7473
19964
28903
32697
30666
23169
11540
-2148
-15456
-26008
-31918
-32127
-26596
-16309
-3103
10659
22517
30346
32741
29270
20553
8148
-5719
-18563
-28078
-32552
-31179
-24202
-12874
771
14281
25223
31625
32332
27214
17189
4062
-9798
-21894
-30040
-32762
-29565
-21025
-8682
5233
18204
27882
32514
31257
24336
13002
-691
-14262
-25247
-31650
-32307
-27094
-16955
-3732
10171
22227
30239
32747
29289
20494
7961
-6025
-18915
-28356
-32621
-30929
-23586
-11931
1907
15400
26077
31982
32033
26215
15592
2109
-11762
-23479
-30889
-32629
-28377
-18910
-5966
8077
20637
29402
32756
30080
21861
9613
-4409
-17621
-27585
-32459
-31342
-24435
-13013
816
14497
25499
31785
32188
26631
16140
2656
-11322
-23203
-30782
-32650
-28456
-18976
-5969
8148
20755
29503
32763
29925
21514
9095
-5021
-18204
-27995
-32564
-31058
-23753
-12011
1977
15598
26305
32095
31880
25698
14703
952
-12978
-24480
-31393
-32418
-27360
-17165
-3744
10381
22559
30497
32702
28754
19394
6380
-7836
-20580
-29446
-32762
-29899
-21393
-8847
5370
18577
28275
32630
30814
23169
11138
-3003
-16579
-27016
-32334
-31523
-24733
-13249
751
14612
25700
31906
32048
26096
15179
1372
-12698
-24354
-31371
-32412
-27273
-16932
-3359
10856
23003
30758
32638
28280
18514
5205
-9101
-21669
-30089
-32747
-29131
-19930
-6905
7445
20371
29387
32762
29844
21189
8460
-5898
-19125
-28673
-32702
-30433
-22301
-9868
4468
17946
27963
32585
30916
23274
11134
-3159
-16845
-27275
-32428
-31305
-24119
-12260
1977
15833
26622
32247
31615
24845
13249
-923
-14918
-26016
-32055
-31858
-25461
-14105
0
14107
25468
31864
32046
25975
14832
792
-13405
-24986
-31684
-32188
-26395
-15435
-1452
12817
24578
31525
32292
26727
15917
1981
-12345
-24250
-31393
-32366
-26976
-16280
-2378
11993
24006
31293
32415
27148
16527
2644
-11762
-23850
-31230
-32442
-27244
-16660
-2779
11653
23783
31206
32451
27267
16679
2783
-11667
-23806
-31222
-32441
-27217
-16586
-2656
11803
23919
31277
32412
27094
16378
2398
-12062
-24120
-31370
-32361
-26894
-16056
-2009
12441
24407
31496
32285
26615
15616
1488
-12939
-24777
-31650
-32178
-26251
-15055
-836
13553
25223
31826
32033
25797
14372
52
-14280
-25739
-32015
-31841
-25247
-13561
863
15115
26318
32208
31592
24592
12618
-1908
-16052
-26950
-32393
-31276
-23823
-11540
3083
17085
27622
32556
30880
22932
10324
-4384
-18204
-28323
-32682
-30389
-21909
-8965
5807
19399
29038
32755
29790
20744
7461
-7347
-20658
-29748
-32757
-29067
-19428
-5811
8997
21966
30436
32669
28203
17952
4016
-10746
-23305
-31079
-32468
-27184
-16309
-2077
12583
24657
31656
32135
25992
14491
0
-14493
-25999
-32139
-31644
-24613
-12494
2208
16457
27304
32503
30975
23032
10317
-4537
-18454
-28547
-32719
-30103
-21238
-7961
6971
20458
29694
32757
29007
19220
5431
-9491
-22439
-30713
-32587
-27666
-16973
-2736
12073
24364
31568
32177
26060
14492
-108
-14689
-26197
-32222
-31498
-24174
-11781
3083
17304
27896
32634
30520
21996
8847
-6162
-19879
-29416
-32766
-29219
-19519
-5706
9311
22368
30711
32578
27570
16743
2378
-12491
-24723
-31732
-32033
-25558
-13674
1105
15653
26888
32428
31095
23169
10328
-4707
-18745
-28806
-32750
-29736
-20402
-6728
8378
21705
30414
32650
27932
17262
2911
-12062
-24465
-31651
-32083
-25665
-13765
1077
15692
26955
32455
31012
22932
9941
-5180
-19194
-29098
-32765
-29406
-19738
-5832
9326
22486
30817
32526
27244
16102
1495
-13436
-25478
-32035
-31693
-24521
-12062
2999
17416
28078
32680
30226
21243
7668
-7565
-21167
-30192
-32685
-28105
-17438
-2992
12103
24578
31727
31995
25321
13150
-1876
-16499
-27539
-32596
-30567
-21889
-8448
6833
20630
29936
32722
28377
17845
3419
-11753
-24364
-31659
-32040
-25423
-13249
1823
16499
27568
32607
30508
21729
8189
-7147
-20920
-30108
-32693
-28105
-17347
-2779
12401
24860
31856
31850
24838
12360
-2839
-17416
-28160
-32702
-30037
-20749
-6884
8501
22013
30668
32552
27244
15915
1066
-14020
-26008
-32243
-31342
-23500
-10451
4915
19194
29220
32766
29042
18871
4509
-10856
-23813
-31479
-32147
-25665
-13473
1720
16533
27666
32637
30335
21271
7461
-8015
-21705
-30552
-32578
-27327
-15968
-1038
14125
26133
32294
31228
23169
9920
-5554
-19786
-29584
-32748
-28565
-17970
-3339
12043
24723
31849
31816
24627
11897
-3511
-18132
-28673
-32755
-29458
-19519
-5177
10334
23516
31393
32182
25702
13414
-1907
-16800
-27896
-32682
-30072
-20653
-6555
9029
22570
30997
32395
26445
14492
-751
-15827
-27310
-32589
-30461
-21406
-7481
8148
21926
30713
32507
26894
15151
-48
-15238
-26955
-32522
-30664
-21804
-7961
7702
21608
30575
32549
27076
15403
202
-15047
-26852
-32503
-30703
-21861
-8002
7696
21629
30598
32538
27001
15255
0
-15257
-27007
-32541
-30582
-21579
-7602
8129
21989
30779
32468
26664
14703
-655
-15865
-27411
-32621
-30288
-20948
-6758
8997
22672
31098
32318
26047
13736
-1763
-16855
-28038
-32713
-29790
-19946
-5464
10289
23653
31516
32046
25116
12336
-3319
-18204
-28847
-32766
-29042
-18541
-3711
11987
24889
31977
31593
23823
10480
-5316
-19871
-29777
-32711
-27983
-16697
-1495
14059
26318
32404
30885
22114
8148
-7733
-21801
-30745
-32460
-26539
-14372
1180
16457
27860
32699
29832
19930
5325
-10537
-23916
-31650
-31910
-24631
-11530
4298
19113
29409
32747
28334
17210
2009
-13670
-26112
-32365
-30942
-22178
-8148
7817
21929
30833
32412
26285
13907
-1780
-17047
-28259
-32743
-29429
-19103
-4222
11667
24777
31977
31548
23586
9991
-5992
-20546
-30192
-32619
-27244
-15350
219
15739
27492
32660
30001
20149
5464
-10533
-24006
-31719
-31816
-24270
-10892
5106
19879
29873
32681
27625
15917
373
-15261
-27221
-32621
-30156
-20416
-5748
10308
23879
31684
31836
24293
10875
-5173
-19973
-29942
-32665
-27477
-15633
0
15636
27483
32666
29925
19920
5078
-10999
-24407
-31886
-31615
-23656
-9941
6193
20824
30386
32549
26782
14487
-1341
-16845
-28242
-32749
-29262
-18630
-3445
12583
25539
32252
31078
22301
8064
-8148
-22368
-31111
-32231
-25451
-12429
3643
18824
29387
32737
28047
16465
836
-15001
-27152
-32625
-30072
-20115
-5205
10989
24479
31937
31523
23335
9388
-6876
-21447
-30723
-32412
-26092
-13322
2743
18132
29038
32759
28371
16955
1338
-14612
-26944
-32596
-30164
-20247
-5304
10958
24501
31960
31477
23169
9099
-7236
-21774
-30894
-32323
-25702
-12676
3510
18824
29446
32724
27837
16000
166
-15711
-27666
-32707
-29572
-19041
-3744
12491
25602
32304
30916
21780
7184
-9215
-23305
-31551
-31880
-24205
-10451
5930
20824
30486
32483
26311
13518
-2679
-18204
-29147
-32749
-28098
-16364
-502
15488
27574
32702
29574
18976
3583
-12717
-25806
-32371
-30748
-21345
-6538
9926
23879
31785
31636
23467
9346
-7147
-21830
-30974
-32254
-25342
-11991
4409
19692
29968
32623
26976
14462
-1736
-17495
-28798
-32764
-28377
-16752
-852
15267
27492
32699
29554
18857
3339
-13034
-26077
-32450
-30520
-20777
-5712
10817
24578
32042
31291
22515
7961
-8637
-23021
-31496
-31881
-24075
-10079
6509
21426
30833
32307
25463
12062
-4448
-19815
-30076
-32585
-26689
-13907
2465
18204
29244
32732
27762
15616
-569
-16610
-28356
-32765
-28692
-17189
-1231
15047
27428
32699
29490
18630
2932
-13528
-26478
-32552
-30168
-19943
-4530
12062
25519
32337
30737
21133
6022
-10659
-24565
-32068
-31208
-22206
-7407
9326
23628
31760
31593
23169
8686
-8070
-22719
-31423
-31903
-24028
-9858
6896
21846
31070
32147
24790
10926
-5807
-21019
-30711
-32336
-25461
-11891
4807
20244
30356
32478
26047
12755
-3899
-19528
-30012
-32581
-26556
-13521
3083
18877
29687
32654
26991
14192
-2362
-18294
-29387
-32703
-27360
-14769
1736
17784
29119
32734
27666
15255
-1206
-17349
-28887
-32752
-27913
-15652
771
16993
28695
32761
28105
15962
-434
-16717
-28547
-32765
-28244
-16186
193
16523
28443
32766
28334
16326
-48
-16412
-28387
-32766
-28374
-16382
0
0
0
0
0
0
0
0
0
0
0
0
0
0
0
0
0
0
0
0
0
0
0
0
0
0
0
0
0
0
0
0
0
0
0
0
0
0
0
0
0
0
0
0
0
0
0
0
0
0
0
0
0
0
0
0
0
0
0
0
0
0
0
0
0
0
0
0
0
0
0
0
0
0
0
0
0
0
0
0
0
0
0
0
0
0
0
0
0
0
0
0
0
0
0
0
0
0
0
0
0
0
0
0
0
0
0
0
0
0
0
0
0
0
0
0
0
0
0
0
0
0
0
0
0
0
0
0
0
0
0
0
0
0
0
0
0
0
0
0
0
0
0
0
0
0
0
0
0
0
0
0
0
0
0
0
0
0
0
0
0
0
0
0
0
0
0
0
0
0
0
0
0
0
0
0
0
0
0
0
0
0
0
0
0
0
0
0
0
0
0
0
0
0
0
0
0
0
0
0
0
0
0
0
0
0
0
0
0
0
0
0
0
0
0
0
0
0
0
0
0
0
0
0
0
0
0
0
0
0
0
0
0
0
0
0
0
0
0
0
0
0
0
0
0
0
0
0
0
0
0
0
0
0
0
0
0
0
0
0
0
0
0
0
0
0
0
0
0
0
0
0
0
0
0
0
0
0
0
0
0
0
0
0
0
0
0
0
0
0
0
0
0
0
0
0
0
0
0
0
0
0
0
0
0
0
0
0
0
0
0
0
0
0
0
0
0
0
0
0
0
0
0
0
0
0
0
0
0
0
0
0
0
0
0
0
0
0
0
0
0
0
0
0
0
0
0
0
0
0
0
0
0
0
0
0
0
0
0
0
0
0
0
0
0
0
0
0
0
0
0
0
0
0
0
0
0
0
0
0
0
0
0
0
0
0
0
0
0
0
0
0
0
0
0
0
0
0
0
0
0
0
0
0
0
0
0
0
0
0
0
0
0
0
0
0
0
0
0
0
0
0
0
0
0
0
0
0
0
0
0
0
0
0
0
0
0
0
0
0
0
0
0
0
0
0
0
0
0
0
0
0
0
0
0
0
0
0
0
0
0
0
0
0
0
0
0
0
0
0
0
0
0
0
0
0
0
0
0
0
0
0
0
0
0
0
0
0
0
0
0
0
0
0
0
0
0
0
0
0
0
0
0
0
0
0
0
0
0
0
0
0
0
0
0
0
0
0
0
0
0
0
0
0
0
0
0
0
0
0
0
0
0
0
0
0
0
0
0
0
0
0
0
0
0
0
0
0
0
0
0
0
0
0
0
0
0
0
0
0
0
0
0
0
0
0
0
0
0
0
0
0
0
0
0
0
0
0
0
0
0
0
0
0
0
0
0
0
0
0
0
0
0
0
0
0
0
0
0
0
0
0
0
0
0
0
0
0
0
0
0
0
0
0
0
0
0
0
0
0
0
0
0
0
0
0
0
0
0
0
0
0
0
0
0
0
0
0
0
0
0
0
0
0
0
0
0
0
0
0
0
0
0
0
0
0
0
0
0
0
0
0
0
0
0
0
0
0
0
0
0
0
0
0
0
0
0
0
0
0
0
0
0
0
0
0
0
0
0
0
0
0
0
0
0
0
0
0
0
0
0
0
0
0
0
0
0
0
0
0
0
0
0
0
0
0
0
0
0
0
0
0
0
0
0
0
0
0
0
0
0
0
0
0
0
0
0
0
0
0
0
0
0
0
0
0
0
0
0
0
0
0
0
0
0
0
0
0
0
0
0
0
0
0
0
0
0
0
0
0
0
0
0
0
0
0
0
0
0
0
0
0
0
0
0
0
0
0
0
0
0
0
0
0
0
0
0
0
0
0
0
0
0
0
0
0
0
0
0
0
0
0
0
0
0
0
0
0
0
0
0
0
0
0
0
0
0
0
0
0
0
0
0
0
0
0
0
0
0
0
0
0
0
0
0
0
0
0
0
0
0
0
0
0
0
0
0
0
0
0
0
0
0
0
0
0
0
0
0
0
0
0
0
0
0
0
0
0
0
0
0
0
0
0
0
0
0
0
0
0
0
0
0
0
0
0
0
0
0
0
0
0
0
0
0
0
0
0
0
0
0
0
0
0
0
0
0
0
0
0
0
0
0
0
0
0
0
0
0
0
0
0
0
0
0
0
0
0
0
0
0
0
0
0
0
0
0
0
0
0
0
0
0
0
0
0
0
0
0
0
12072
11875
11294
10346
9064
7492
5681
3694
1596
-541
-2647
-4651
-6487
-8096
-9424
-10430
-11083
-11366
-11273
-10813
-10008
-8889
-7502
-5899
-4139
-2285
-405
1435
3176
4758
6134
7261
8111
8665
8917
8871
8544
7961
7158
6174
5056
3850
2606
1368
179
-924
-1914
-2766
-3467
-4011
-4398
-4638
-4742
-4729
-4618
-4430
-4186
-3903
-3598
-3282
-2962
-2641
-2318
-1990
-1649
-1287
-895
-467
1
513
1064
1648
2250
2855
3441
3984
4458
4836
5095
5213
5173
4965
4585
4039
3339
2506
1570
564
-470
-1493
-2460
-3330
-4067
-4638
-5021
-5201
-5173
-4945
-4531
-3959
-3263
-2481
-1658
-840
-70
610
1169
1580
1827
1905
1820
1589
1240
808
333
-138
-562
-895
-1099
-1144
-1010
-689
-186
480
1281
2174
3110
4031
4875
5583
6098
6369
6358
6038
5397
4441
3193
1691
-9
-1842
-3730
-5587
-7328
-8867
-10125
-11034
-11539
-11601
-11201
-10341
-9043
-7349
-5321
-3036
-583
1937
4424
6773
8887
10679
12072
13008
13450
13379
12800
11737
10238
8365
6197
3824
1344
-1141
-3534
-5742
-7680
-9277
-10478
-11245
-11561
-11424
-10856
-9891
-8583
-6994
-5200
-3280
-1316
610
2422
4050
5435
6531
7305
7738
7826
7582
7030
6207
5159
3943
2617
1244
-112
-1394
-2546
-3521
-4281
-4798
-5057
-5052
-4790
-4291
-3583
-2702
-1695
-610
500
1581
2583
3458
4163
4664
4937
4968
4753
4300
3628
2765
1751
629
-548
-1729
-2859
-3885
-4760
-5441
-5896
-6102
-6048
-5734
-5173
-4390
-3418
-2302
-1091
157
1389
2547
3580
4442
5097
5518
5690
5610
5291
4754
4032
3168
2210
1212
227
-692
-1500
-2157
-2631
-2905
-2973
-2839
-2524
-2055
-1473
-823
-154
480
1033
1460
1725
1801
1676
1349
831
151
-655
-1541
-2451
-3327
-4109
-4741
-5173
-5365
-5287
-4925
-4280
-3368
-2221
-884
584
2119
3648
5098
6396
7477
8285
8774
8916
8699
8125
7216
6010
4558
2921
1171
-616
-2366
-4006
-5470
-6700
-7653
-8298
-8622
-8622
-8316
-7730
-6905
-5888
-4731
-3492
-2224
-980
194
1263
2196
2977
3597
4057
4368
4544
4607
4579
4482
4339
4165
3973
3769
3554
3322
3065
2769
2419
2003
1507
926
259
-487
-1301
-2158
-3030
-3880
-4667
-5351
-5888
-6239
-6373
-6266
-5904
-5288
-4430
-3358
-2112
-744
685
2110
3458
4663
5658
6391
6818
6911
6660
6074
5179
4017
2650
1148
-407
-1932
-3342
-4557
-5508
-6140
-6413
-6309
-5831
-5002
-3865
-2483
-932
701
2324
3844
5173
6233
6961
7311
7259
6803
5965
4786
3329
1672
-97
-1882
-3588
-5122
-6402
-7362
-7951
-8141
-7927
-7326
-6375
-5132
-3670
-2072
-429
1168
2636
3897
4890
5570
5914
5917
5599
4996
4162
3165
2081
988
-35
-920
-1607
-2050
-2226
-2127
-1767
-1182
-420
452
1364
2234
2987
3550
3863
3881
3578
2947
2007
795
-629
-2192
-3805
-5373
-6800
-7991
-8864
-9350
-9401
-8991
-8119
-6811
-5116
-3106
-875
1472
3823
6059
8069
9750
11017
11805
12072
11805
11017
9750
8069
6059
3823
1472
-875
-3106
-5116
-6811
-8119
-8991
-9401
-9350
-8864
-7991
-6800
-5373
-3805
-2192
-629
795
2007
2947
3578
3881
3863
3550
2987
2234
1364
452
-420
-1182
-1767
-2127
-2226
-2050
-1607
-920
-35
988
2081
3165
4162
4996
5599
5917
5914
5570
4890
3897
2636
1168
-429
-2072
-3670
-5132
-6375
-7326
-7927
-8141
-7951
-7362
-6402
-5122
-3588
-1882
-97
1672
3329
4786
5965
6803
7259
7311
6961
6233
5173
3844
2324
701
-932
-2483
-3865
-5002
-5831
-6309
-6413
-6140
-5508
-4557
-3342
-1932
-407
1148
2650
4017
5179
6074
6660
6911
6818
6391
5658
4663
3458
2110
685
-744
-2112
-3358
-4430
-5288
-5904
-6266
-6373
-6239
-5888
-5351
-4667
-3880
-3030
-2158
-1301
-487
259
926
1507
2003
2419
2769
3065
3322
3554
3769
3973
4165
4339
4482
4579
4607
4544
4368
4057
3597
2977
2196
1263
194
-980
-2224
-3492
-4731
-5888
-6905
-7730
-8316
-8622
-8622
-8298
-7653
-6700
-5470
-4006
-2366
-616
1171
2921
4558
6010
7216
8125
8699
8916
8774
8285
7477
6396
5098
3648
2119
584
-884
-2221
-3368
-4280
-4925
-5287
-5365
-5173
-4741
-4109
-3327
-2451
-1541
-655
151
831
1349
1676
1801
1725
1460
1033
480
-154
-823
-1473
-2055
-2524
-2839
-2973
-2905
-2631
-2157
-1500
-692
227
1212
2210
3168
4032
4754
5291
5610
5690
5518
5097
4442
3580
2547
1389
157
-1091
-2302
-3418
-4390
-5173
-5734
-6048
-6102
-5896
-5441
-4760
-3885
-2859
-1729
-548
629
1751
2765
3628
4300
4753
4968
4937
4664
4163
3458
2583
1581
500
-610
-1695
-2702
-3583
-4291
-4790
-5052
-5057
-4798
-4281
-3521
-2546
-1394
-112
1244
2617
3943
5159
6207
7030
7582
7826
7738
7305
6531
5435
4050
2422
610
-1316
-3280
-5200
-6994
-8583
-9891
-10856
-11424
-11561
-11245
-10478
-9277
-7680
-5742
-3534
-1141
1344
3824
6197
8365
10238
11737
12800
13379
13450
13008
12072
10679
8887
6773
4424
1937
-583
-3036
-5321
-7349
-9043
-10341
-11201
-11601
-11539
-11034
-10125
-8867
-7328
-5587
-3730
-1842
-9
1691
3193
4441
5397
6038
6358
6369
6098
5583
4875
4031
3110
2174
1281
480
-186
-689
-1010
-1144
-1099
-895
-562
-138
333
808
1240
1589
1820
1905
1827
1580
1169
610
-70
-840
-1658
-2481
-3263
-3959
-4531
-4945
-5173
-5201
-5021
-4638
-4067
-3330
-2460
-1493
-470
564
1570
2506
3339
4039
4585
4965
5173
5213
5095
4836
4458
3984
3441
2855
2250
1648
1064
513
1
-467
-895
-1287
-1649
-1990
-2318
-2641
-2962
-3282
-3598
-3903
-4186
-4430
-4618
-4729
-4742
-4638
-4398
-4011
-3467
-2766
-1914
-924
179
1368
2606
3850
5056
6174
7158
7961
8544
8871
8917
8665
8111
7261
6134
4758
3176
1435
-405
-2285
-4139
-5899
-7502
-8889
-10008
-10813
-11273
-11366
-11083
-10430
-9424
-8096
-6487
-4651
-2647
-541
1596
3694
5681
7492
9064
10346
11294
11875
0
0
0
0
0
0
0
0
0
0
0
0
0
0
0
0
0
0
0
0
0
0
0
0
0
0
0
0
0
0
0
0
0
0
0
0
0
0
0
0
0
0
0
0
0
0
0
0
0
0
0
0
0
0
0
0
0
0
0
0
0
0
0
0
0
0
0
-8622
-8475
-8038
-7329
-6374
-5209
-3877
-2428
-914
610
2093
3484
4737
5814
6683
7321
7713
7855
7749
7407
6848
6094
5176
4125
2975
1762
520
-715
-1912
-3041
-4074
-4986
-5757
-6366
-6801
-7048
-7100
-6953
-6607
-6066
-5339
-4442
-3394
-2219
-948
382
1734
3064
4327
5478
6471
7265
7824
8116
8122
7831
7242
6368
5236
3881
2353
709
-986
-2665
-4255
-5688
-6901
-7839
-8457
-8725
-8630
-8172
-7372
-6265
-4900
-3341
-1660
63
1752
3325
4711
5847
6685
7189
7345
7154
6636
5829
4785
3566
2245
897
-401
-1582
-2582
-3351
-3856
-4079
-4020
-3698
-3147
-2418
-1568
-666
217
1015
1664
2112
2320
2267
1948
1377
588
-369
-1435
-2535
-3591
-4524
-5259
-5731
-5888
-5694
-5134
-4216
-2966
-1435
309
2184
4094
5940
7618
9034
10101
10750
10930
10614
9799
8510
6793
4720
2381
-119
-2668
-5146
-7439
-9439
-11055
-12211
-12856
-12963
-12532
-11588
-10180
-8380
-6276
-3968
-1565
822
3090
5143
6898
8292
9282
9846
9987
9725
9102
8175
7013
5690
4285
2874
1526
301
-754
-1611
-2254
-2682
-2913
-2973
-2900
-2738
-2534
-2331
-2171
-2084
-2094
-2210
-2427
-2732
-3097
-3486
-3856
-4161
-4357
-4400
-4258
-3907
-3335
-2546
-1558
-403
872
2213
3555
4829
5968
6907
7592
7977
8033
7749
7130
6200
5000
3587
2029
404
-1205
-2720
-4063
-5168
-5980
-6464
-6600
-6389
-5853
-5031
-3979
-2765
-1468
-169
1050
2115
2957
3526
3786
3721
3336
2656
1724
601
-639
-1916
-3144
-4238
-5119
-5720
-5988
-5889
-5409
-4557
-3362
-1874
-162
1692
3596
5452
7163
8634
9785
10547
10871
10727
10111
9039
7550
5703
3576
1258
-1150
-3546
-5829
-7899
-9672
-11074
-12052
-12569
-12610
-12183
-11314
-10046
-8441
-6570
-4515
-2361
-194
1903
3856
5598
7076
8250
9095
9601
9772
9624
9186
8493
7589
6522
5339
4089
2817
1564
366
-748
-1758
-2646
-3402
-4023
-4508
-4861
-5090
-5201
-5204
-5109
-4923
-4656
-4316
-3911
-3449
-2937
-2383
-1799
-1193
-579
32
626
1188
1705
2163
2550
2856
3074
3200
3232
3176
3036
2826
2556
2244
1906
1560
1222
907
628
393
208
74
-12
-58
-75
-75
-73
-83
-121
-197
-322
-499
-730
-1010
-1329
-1675
-2028
-2369
-2675
-2923
-3093
-3166
-3126
-2966
-2683
-2278
-1764
-1158
-481
237
966
1674
2327
2895
3350
3671
3842
3856
3713
3423
3003
2476
1872
1225
570
-56
-621
-1095
-1454
-1683
-1772
-1724
-1548
-1262
-893
-471
-33
384
746
1017
1171
1186
1050
760
326
-235
-897
-1622
-2368
-3088
-3735
-4263
-4627
-4792
-4732
-4429
-3880
-3095
-2096
-917
393
1781
3185
4539
5776
6833
7653
8188
8400
8269
7788
6965
5828
4415
2783
998
-866
-2730
-4512
-6133
-7520
-8609
-9350
-9707
-9661
-9210
-8371
-7180
-5686
-3955
-2061
-87
1879
3751
5447
6891
8020
8785
9152
9106
8651
7810
6621
5141
3437
1588
-319
-2199
-3965
-5535
-6838
-7814
-8418
-8622
-8418
-7814
-6838
-5535
-3965
-2199
-319
1588
3437
5141
6621
7810
8651
9106
9152
8785
8020
6891
5447
3751
1879
-87
-2061
-3955
-5686
-7180
-8371
-9210
-9661
-9707
-9350
-8609
-7520
-6133
-4512
-2730
-866
998
2783
4415
5828
6965
7788
8269
8400
8188
7653
6833
5776
4539
3185
1781
393
-917
-2096
-3095
-3880
-4429
-4732
-4792
-4627
-4263
-3735
-3088
-2368
-1622
-897
-235
326
760
1050
1186
1171
1017
746
384
-33
-471
-893
-1262
-1548
-1724
-1772
-1683
-1454
-1095
-621
-56
570
1225
1872
2476
3003
3423
3713
3856
3842
3671
3350
2895
2327
1674
966
237
-481
-1158
-1764
-2278
-2683
-2966
-3126
-3166
-3093
-2923
-2675
-2369
-2028
-1675
-1329
-1010
-730
-499
-322
-197
-121
-83
-73
-75
-75
-58
-12
74
208
393
628
907
1222
1560
1906
2244
2556
2826
3036
3176
3232
3200
3074
2856
2550
2163
1705
1188
626
32
-579
-1193
-1799
-2383
-2937
-3449
-3911
-4316
-4656
-4923
-5109
-5204
-5201
-5090
-4861
-4508
-4023
-3402
-2646
-1758
-748
366
1564
2817
4089
5339
6522
7589
8493
9186
9624
9772
9601
9095
8250
7076
5598
3856
1903
-194
-2361
-4515
-6570
-8441
-10046
-11314
-12183
-12610
-12569
-12052
-11074
-9672
-7899
-5829
-3546
-1150
1258
3576
5703
7550
9039
10111
10727
10871
10547
9785
8634
7163
5452
3596
1692
-162
-1874
-3362
-4557
-5409
-5889
-5988
-5720
-5119
-4238
-3144
-1916
-639
601
1724
2656
3336
3721
3786
3526
2957
2115
1050
-169
-1468
-2765
-3979
-5031
-5853
-6389
-6600
-6464
-5980
-5168
-4063
-2720
-1205
404
2029
3587
5000
6200
7130
7749
8033
7977
7592
6907
5968
4829
3555
2213
872
-403
-1558
-2546
-3335
-3907
-4258
-4400
-4357
-4161
-3856
-3486
-3097
-2732
-2427
-2210
-2094
-2084
-2171
-2331
-2534
-2738
-2900
-2973
-2913
-2682
-2254
-1611
-754
301
1526
2874
4285
5690
7013
8175
9102
9725
9987
9846
9282
8292
6898
5143
3090
822
-1565
-3968
-6276
-8380
-10180
-11588
-12532
-12963
-12856
-12211
-11055
-9439
-7439
-5146
-2668
-119
2381
4720
6793
8510
9799
10614
10930
10750
10101
9034
7618
5940
4094
2184
309
-1435
-2966
-4216
-5134
-5694
-5888
-5731
-5259
-4524
-3591
-2535
-1435
-369
588
1377
1948
2267
2320
2112
1664
1015
217
-666
-1568
-2418
-3147
-3698
-4020
-4079
-3856
-3351
-2582
-1582
-401
897
2245
3566
4785
5829
6636
7154
7345
7189
6685
5847
4711
3325
1752
63
-1660
-3341
-4900
-6265
-7372
-8172
-8630
-8725
-8457
-7839
-6901
-5688
-4255
-2665
-986
709
2353
3881
5236
6368
7242
7831
8122
8116
7824
7265
6471
5478
4327
3064
1734
382
-948
-2219
-3394
-4442
-5339
-6066
-6607
-6953
-7100
-7048
-6801
-6366
-5757
-4986
-4074
-3041
-1912
-715
520
1762
2975
4125
5176
6094
6848
7407
7749
7855
7713
7321
6683
5814
4737
3484
2093
610
-914
-2428
-3877
-5209
-6374
-7329
-8038
-8475
0
0
0
0
0
0
0
0
0
0
0
0
0
0
0
0
0
0
0
0
0
0
0
0
0
0
0
0
0
0
0
0
0
0
0
0
0
0
0
0
0
0
0
0
0
0
0
0
0
0
0
0
0
0
0
0
0
0
0
0
0
0
0
0
0
0
0
12072
11777
10908
9512
7661
5454
3006
443
-2099
-4494
-6620
-8373
-9671
-10455
-10699
-10402
-9596
-8339
-6710
-4808
-2746
-640
1393
3246
4824
6049
6869
7254
7204
6741
5914
4788
3449
1988
505
-903
-2151
-3160
-3873
-4252
-4281
-3967
-3341
-2452
-1368
-166
1066
2242
3280
4103
4653
4885
4776
4326
3554
2502
1227
-198
-1690
-3164
-4530
-5707
-6624
-7225
-7468
-7336
-6829
-5969
-4798
-3375
-1770
-64
1655
3306
4806
6085
7084
7761
8090
8065
7698
7017
6066
4899
3579
2176
755
-615
-1880
-2990
-3908
-4609
-5084
-5334
-5373
-5225
-4922
-4498
-3992
-3440
-2876
-2326
-1813
-1348
-936
-574
-253
40
326
619
936
1289
1685
2124
2597
3089
3577
4034
4425
4717
4877
4875
4686
4295
3697
2899
1919
790
-445
-1737
-3025
-4247
-5339
-6240
-6898
-7269
-7321
-7041
-6430
-5507
-4309
-2887
-1305
359
2027
3614
5039
6229
7119
7661
7824
7595
6982
6014
4737
3215
1524
-249
-2017
-3687
-5173
-6400
-7304
-7839
-7978
-7712
-7057
-6045
-4729
-3175
-1461
325
2097
3767
5254
6487
7410
7982
8181
8005
7468
6604
5460
4096
2584
996
-590
-2104
-3479
-4657
-5596
-6264
-6646
-6742
-6564
-6141
-5508
-4711
-3800
-2826
-1842
-893
-20
743
1376
1866
2210
2417
2502
2489
2404
2278
2141
2020
1939
1914
1956
2068
2242
2466
2718
2973
3200
3369
3449
3410
3230
2892
2387
1713
882
-87
-1167
-2323
-3511
-4685
-5793
-6787
-7618
-8242
-8622
-8730
-8547
-8064
-7286
-6226
-4913
-3384
-1684
130
2002
3866
5659
7317
8781
9996
10917
11507
11741
11603
11095
10226
9021
7515
5755
3796
1702
-460
-2620
-4706
-6648
-8381
-9846
-10994
-11786
-12195
-12207
-11823
-11058
-9938
-8505
-6811
-4916
-2890
-806
1260
3237
5053
6646
7962
8959
9607
9891
9813
9385
8638
7612
6359
4940
3420
1868
351
-1067
-2330
-3390
-4211
-4769
-5054
-5071
-4838
-4384
-3749
-2983
-2138
-1270
-435
315
937
1394
1660
1724
1584
1253
754
122
-599
-1363
-2118
-2812
-3396
-3828
-4072
-4103
-3909
-3489
-2854
-2027
-1043
55
1218
2393
3524
4560
5450
6154
6639
6883
6874
6613
6113
5397
4496
3449
2300
1098
-112
-1284
-2378
-3359
-4199
-4877
-5384
-5717
-5879
-5883
-5745
-5485
-5126
-4689
-4196
-3664
-3110
-2543
-1971
-1395
-816
-230
367
981
1615
2267
2934
3609
4278
4922
5518
6041
6460
6747
6872
6810
6541
6051
5335
4398
3257
1938
478
-1076
-2672
-4249
-5744
-7095
-8242
-9129
-9713
-9959
-9846
-9368
-8536
-7374
-5923
-4237
-2381
-429
1541
3449
5216
6768
8044
8989
9567
9756
9553
8969
8035
6795
5308
3642
1871
76
-1666
-3280
-4698
-5862
-6728
-7264
-7458
-7308
-6834
-6066
-5048
-3836
-2492
-1082
324
1663
2870
3894
4691
5228
5487
5463
5164
4612
3839
2888
1808
655
-514
-1643
-2678
-3570
-4278
-4770
-5025
-5034
-4798
-4330
-3655
-2806
-1823
-753
353
1444
2469
3381
4137
4704
5055
5173
5055
4704
4137
3381
2469
1444
353
-753
-1823
-2806
-3655
-4330
-4798
-5034
-5025
-4770
-4278
-3570
-2678
-1643
-514
655
1808
2888
3839
4612
5164
5463
5487
5228
4691
3894
2870
1663
324
-1082
-2492
-3836
-5048
-6066
-6834
-7308
-7458
-7264
-6728
-5862
-4698
-3280
-1666
76
1871
3642
5308
6795
8035
8969
9553
9756
9567
8989
8044
6768
5216
3449
1541
-429
-2381
-4237
-5923
-7374
-8536
-9368
-9846
-9959
-9713
-9129
-8242
-7095
-5744
-4249
-2672
-1076
478
1938
3257
4398
5335
6051
6541
6810
6872
6747
6460
6041
5518
4922
4278
3609
2934
2267
1615
981
367
-230
-816
-1395
-1971
-2543
-3110
-3664
-4196
-4689
-5126
-5485
-5745
-5883
-5879
-5717
-5384
-4877
-4199
-3359
-2378
-1284
-112
1098
2300
3449
4496
5397
6113
6613
6874
6883
6639
6154
5450
4560
3524
2393
1218
55
-1043
-2027
-2854
-3489
-3909
-4103
-4072
-3828
-3396
-2812
-2118
-1363
-599
122
754
1253
1584
1724
1660
1394
937
315
-435
-1270
-2138
-2983
-3749
-4384
-4838
-5071
-5054
-4769
-4211
-3390
-2330
-1067
351
1868
3420
4940
6359
7612
8638
9385
9813
9891
9607
8959
7962
6646
5053
3237
1260
-806
-2890
-4916
-6811
-8505
-9938
-11058
-11823
-12207
-12195
-11786
-10994
-9846
-8381
-6648
-4706
-2620
-460
1702
3796
5755
7515
9021
10226
11095
11603
11741
11507
10917
9996
8781
7317
5659
3866
2002
130
-1684
-3384
-4913
-6226
-7286
-8064
-8547
-8730
-8622
-8242
-7618
-6787
-5793
-4685
-3511
-2323
-1167
-87
882
1713
2387
2892
3230
3410
3449
3369
3200
2973
2718
2466
2242
2068
1956
1914
1939
2020
2141
2278
2404
2489
2502
2417
2210
1866
1376
743
-20
-893
-1842
-2826
-3800
-4711
-5508
-6141
-6564
-6742
-6646
-6264
-5596
-4657
-3479
-2104
-590
996
2584
4096
5460
6604
7468
8005
8181
7982
7410
6487
5254
3767
2097
325
-1461
-3175
-4729
-6045
-7057
-7712
-7978
-7839
-7304
-6400
-5173
-3687
-2017
-249
1524
3215
4737
6014
6982
7595
7824
7661
7119
6229
5039
3614
2027
359
-1305
-2887
-4309
-5507
-6430
-7041
-7321
-7269
-6898
-6240
-5339
-4247
-3025
-1737
-445
790
1919
2899
3697
4295
4686
4875
4877
4717
4425
4034
3577
3089
2597
2124
1685
1289
936
619
326
40
-253
-574
-936
-1348
-1813
-2326
-2876
-3440
-3992
-4498
-4922
-5225
-5373
-5334
-5084
-4609
-3908
-2990
-1880
-615
755
2176
3579
4899
6066
7017
7698
8065
8090
7761
7084
6085
4806
3306
1655
-64
-1770
-3375
-4798
-5969
-6829
-7336
-7468
-7225
-6624
-5707
-4530
-3164
-1690
-198
1227
2502
3554
4326
4776
4885
4653
4103
3280
2242
1066
-166
-1368
-2452
-3341
-3967
-4281
-4252
-3873
-3160
-2151
-903
505
1988
3449
4788
5914
6741
7204
7254
6869
6049
4824
3246
1393
-640
-2746
-4808
-6710
-8339
-9596
-10402
-10699
-10455
-9671
-8373
-6620
-4494
-2099
443
3006
5454
7661
9512
10908
11777
0
0
0
0
0
0
0
0
0
0
0
0
0
0
0
0
0
0
0
0
0
0
0
0
0
0
0
0
0
0
0
0
0
0
0
0
0
0
0
0
0
0
0
0
0
0
0
0
0
0
0
0
0
0
0
0
0
0
0
0
0
0
0
0
0
0
0
8622
8484
8072
7402
6498
5390
4116
2721
1253
-240
-1709
-3105
-4383
-5505
-6436
-7151
-7631
-7866
-7854
-7603
-7126
-6445
-5588
-4585
-3473
-2288
-1070
142
1316
2415
3411
4279
4997
5551
5932
6136
6164
6023
5723
5280
4711
4038
3284
2472
1626
772
-67
-871
-1620
-2296
-2885
-3376
-3761
-4036
-4200
-4255
-4207
-4062
-3832
-3528
-3163
-2750
-2304
-1838
-1364
-893
-436
0
409
789
1135
1449
1730
1981
2203
2398
2567
2712
2832
2924
2987
3014
3002
2944
2833
2664
2431
2132
1765
1330
834
284
-309
-932
-1566
-2192
-2790
-3337
-3812
-4195
-4470
-4621
-4639
-4520
-4264
-3878
-3372
-2765
-2075
-1329
-552
227
981
1686
2317
2857
3290
3608
3807
3891
3867
3747
3546
3282
2974
2641
2300
1966
1649
1356
1089
846
620
402
180
-60
-330
-642
-1004
-1419
-1886
-2396
-2937
-3488
-4025
-4518
-4937
-5249
-5424
-5433
-5256
-4878
-4293
-3505
-2531
-1395
-134
1206
2576
3918
5173
6284
7198
7867
8256
8339
8105
7558
6717
5613
4294
2816
1245
-350
-1898
-3330
-4582
-5601
-6346
-6790
-6921
-6746
-6287
-5578
-4670
-3620
-2495
-1362
-286
671
1459
2038
2383
2484
2349
2002
1479
830
115
-604
-1262
-1798
-2158
-2298
-2191
-1825
-1204
-352
689
1866
3109
4344
5490
6469
7207
7642
7726
7428
6738
5668
4251
2540
609
-1455
-3558
-5595
-7464
-9070
-10326
-11163
-11532
-11405
-10780
-9679
-8150
-6261
-4099
-1764
633
2983
5173
7105
8690
9861
10570
10794
10535
9819
8695
7230
5508
3624
1676
-235
-2017
-3587
-4875
-5832
-6428
-6654
-6523
-6067
-5334
-4387
-3297
-2140
-990
81
1012
1756
2278
2562
2608
2434
2070
1561
958
319
-298
-840
-1262
-1527
-1612
-1510
-1229
-791
-230
406
1065
1692
2229
2625
2839
2840
2612
2155
1488
643
-330
-1372
-2415
-3385
-4210
-4824
-5168
-5201
-4896
-4247
-3269
-1999
-494
1174
2918
4641
6243
7627
8699
9384
9621
9372
8622
7386
5702
3636
1273
-1280
-3906
-6478
-8869
-10956
-12630
-13798
-14390
-14365
-13706
-12431
-10585
-8241
-5497
-2470
710
3903
6971
9779
12204
14143
15514
16261
16356
15802
14629
12894
10679
8083
5220
2215
-806
-3723
-6420
-8795
-10765
-12268
-13261
-13728
-13674
-13124
-12127
-10743
-9046
-7121
-5053
-2931
-837
1151
2969
4561
5886
6916
7638
8053
8171
8016
7617
7011
6239
5343
4365
3347
2324
1332
398
-454
-1206
-1846
-2364
-2758
-3029
-3178
-3215
-3147
-2987
-2747
-2443
-2090
-1706
-1308
-914
-540
-204
79
297
441
503
481
377
197
-46
-339
-660
-988
-1296
-1559
-1753
-1854
-1843
-1706
-1435
-1031
-502
135
859
1638
2434
3207
3914
4512
4962
5230
5287
5116
4711
4076
3229
2198
1023
-244
-1550
-2833
-4032
-5087
-5943
-6554
-6886
-6918
-6642
-6068
-5219
-4134
-2864
-1471
-23
1406
2748
3933
4903
5608
6013
6100
5867
5329
4518
3480
2273
966
-367
-1655
-2823
-3807
-4551
-5016
-5173
-5016
-4551
-3807
-2823
-1655
-367
966
2273
3480
4518
5329
5867
6100
6013
5608
4903
3933
2748
1406
-23
-1471
-2864
-4134
-5219
-6068
-6642
-6918
-6886
-6554
-5943
-5087
-4032
-2833
-1550
-244
1023
2198
3229
4076
4711
5116
5287
5230
4962
4512
3914
3207
2434
1638
859
135
-502
-1031
-1435
-1706
-1843
-1854
-1753
-1559
-1296
-988
-660
-339
-46
197
377
481
503
441
297
79
-204
-540
-914
-1308
-1706
-2090
-2443
-2747
-2987
-3147
-3215
-3178
-3029
-2758
-2364
-1846
-1206
-454
398
1332
2324
3347
4365
5343
6239
7011
7617
8016
8171
8053
7638
6916
5886
4561
2969
1151
-837
-2931
-5053
-7121
-9046
-10743
-12127
-13124
-13674
-13728
-13261
-12268
-10765
-8795
-6420
-3723
-806
2215
5220
8083
10679
12894
14629
15802
16356
16261
15514
14143
12204
9779
6971
3903
710
-2470
-5497
-8241
-10585
-12431
-13706
-14365
-14390
-13798
-12630
-10956
-8869
-6478
-3906
-1280
1273
3636
5702
7386
8622
9372
9621
9384
8699
7627
6243
4641
2918
1174
-494
-1999
-3269
-4247
-4896
-5201
-5168
-4824
-4210
-3385
-2415
-1372
-330
643
1488
2155
2612
2840
2839
2625
2229
1692
1065
406
-230
-791
-1229
-1510
-1612
-1527
-1262
-840
-298
319
958
1561
2070
2434
2608
2562
2278
1756
1012
81
-990
-2140
-3297
-4387
-5334
-6067
-6523
-6654
-6428
-5832
-4875
-3587
-2017
-235
1676
3624
5508
7230
8695
9819
10535
10794
10570
9861
8690
7105
5173
2983
633
-1764
-4099
-6261
-8150
-9679
-10780
-11405
-11532
-11163
-10326
-9070
-7464
-5595
-3558
-1455
609
2540
4251
5668
6738
7428
7726
7642
7207
6469
5490
4344
3109
1866
689
-352
-1204
-1825
-2191
-2298
-2158
-1798
-1262
-604
115
830
1479
2002
2349
2484
2383
2038
1459
671
-286
-1362
-2495
-3620
-4670
-5578
-6287
-6746
-6921
-6790
-6346
-5601
-4582
-3330
-1898
-350
1245
2816
4294
5613
6717
7558
8105
8339
8256
7867
7198
6284
5173
3918
2576
1206
-134
-1395
-2531
-3505
-4293
-4878
-5256
-5433
-5424
-5249
-4937
-4518
-4025
-3488
-2937
-2396
-1886
-1419
-1004
-642
-330
-60
180
402
620
846
1089
1356
1649
1966
2300
2641
2974
3282
3546
3747
3867
3891
3807
3608
3290
2857
2317
1686
981
227
-552
-1329
-2075
-2765
-3372
-3878
-4264
-4520
-4639
-4621
-4470
-4195
-3812
-3337
-2790
-2192
-1566
-932
-309
284
834
1330
1765
2132
2431
2664
2833
2944
3002
3014
2987
2924
2832
2712
2567
2398
2203
1981
1730
1449
1135
789
409
0
-436
-893
-1364
-1838
-2304
-2750
-3163
-3528
-3832
-4062
-4207
-4255
-4200
-4036
-3761
-3376
-2885
-2296
-1620
-871
-67
772
1626
2472
3284
4038
4711
5280
5723
6023
6164
6136
5932
5551
4997
4279
3411
2415
1316
142
-1070
-2288
-3473
-4585
-5588
-6445
-7126
-7603
-7854
-7866
-7631
-7151
-6436
-5505
-4383
-3105
-1709
-240
1253
2721
4116
5390
6498
7402
8072
8484
0
0
0
0
0
0
0
0
0
0
0
0
0
0
0
0
0
0
0
0
0
0
0
0
0
0
0
0
0
0
0
0
0
0
0
0
0
0
0
0
0
0
0
0
0
0
0
0
0
0
0
0
0
0
0
0
0
0
0
0
0
0
0
0
0
0
0
