0
4278
8485
12550
16402
19973
23203
26035
28419
30314
31684
32507
32766
32456
31581
30156
28203
25758
22860
19561
15917
11991
7852
3573
-771
-5106
-9352
-13436
-17284
-20829
-24006
-26759
-29038
-30801
-32015
-32660
-32720
-32196
-31094
-29434
-27244
-24563
-21439
-17925
-14087
-9991
-5712
-1327
3083
7441
11667
15683
19415
22796
25762
28259
30239
31667
32514
32764
32412
31462
29931
27847
25247
22178
18696
14865
10755
6443
2009
-2465
-6896
-11201
-15299
-19113
-22570
-25606
-28162
-30190
-31650
-32514
-32764
-32394
-31411
-29832
-27686
-25012
-21861
-18292
-14372
-10175
-5781
-1274
3259
7733
12062
16161
19951
23359
26318
28771
30668
31973
32659
32711
32127
30919
29107
26727
23823
20452
16679
12577
8226
3711
-879
-5455
-9926
-14204
-18204
-21846
-25058
-27775
-29942
-31516
-32464
-32766
-32415
-31417
-29790
-27567
-24790
-21514
-17805
-13736
-9388
-4849
-209
4437
8997
13377
17489
21248
24578
27411
29687
31359
32393
32765
32468
31507
29899
27676
24884
21579
17828
13707
9301
4700
0
-4703
-9311
-13729
-17864
-21629
-24947
-27746
-29968
-31566
-32503
-32761
-32332
-31225
-29460
-27076
-24119
-20653
-16748
-12488
-7961
-3263
1506
6246
10856
15238
19298
22949
26112
28719
30713
32051
32702
32651
31900
30461
28366
25658
22395
18646
14492
10022
5332
524
-4298
-9029
-13567
-17811
-21669
-25055
-27896
-30127
-31699
-32577
-32739
-32182
-30916
-28967
-26379
-23206
-19519
-15397
-10932
-6222
-1372
3511
8320
12945
17284
21240
24723
27655
29968
31611
32545
32748
32214
30954
28995
26381
23169
19431
15252
10724
5950
1038
-3899
-8751
-13405
-17757
-21705
-25159
-28038
-30277
-31822
-32637
-32702
-32014
-30588
-28456
-25665
-22280
-18377
-14047
-9388
-4509
477
5455
10308
14924
19194
23018
26305
28979
30974
32243
32756
32498
31476
29711
27244
24133
20449
16280
11722
6884
1880
-3170
-8148
-12935
-17416
-21484
-25041
-28000
-30291
-31856
-32659
-32677
-31909
-30373
-28105
-25157
-21600
-17520
-13013
-8189
-3163
1941
7001
11893
16499
20705
24407
27516
29953
31659
32589
32721
32049
30590
28377
25463
21921
17836
13307
8448
3377
-1780
-6896
-11843
-16499
-20746
-24479
-27603
-30040
-31727
-32621
-32699
-31957
-30413
-28105
-25088
-21439
-17247
-12618
-7668
-2522
2689
7836
12787
17416
21605
25247
28248
30530
32035
32723
32574
31592
29801
27244
23987
20112
15718
10917
5832
595
-4660
-9798
-14685
-19194
-23208
-26622
-29345
-31307
-32455
-32757
-32206
-30813
-28614
-25665
-22043
-17841
-13169
-8148
-2911
2405
7661
12717
17440
21705
25397
28419
30689
32146
32750
32483
31352
29385
26633
23169
19084
14487
9500
4255
-1105
-6439
-11603
-16457
-20870
-24723
-27911
-30346
-31961
-32712
-32578
-31559
-29684
-27001
-23582
-19519
-14922
-9916
-4636
771
6162
11386
16301
20770
24671
27896
30354
31977
32719
32558
31498
29565
26813
23317
19172
14492
9407
4058
-1405
-6833
-12073
-16978
-21411
-25247
-28377
-30713
-32188
-32760
-32410
-31148
-29007
-26047
-22351
-18021
-13179
-7961
-2516
3003
8440
13640
18454
22745
26389
29282
31340
32503
32737
32033
30409
27913
24613
20604
16000
10932
5547
0
-5550
-10942
-16021
-20637
-24657
-27963
-30458
-32068
-32745
-32468
-31244
-29107
-26118
-22364
-17952
-13013
-7689
-2137
3479
8997
14252
19090
23367
26955
29748
31662
32640
32650
31691
29790
27003
23411
19119
14256
8965
3403
-2262
-7862
-13230
-18204
-22633
-26385
-29345
-31423
-32556
-32707
-31871
-30072
-27362
-23823
-19561
-14703
-9397
-3803
1908
7565
12994
18030
22517
26318
29316
31419
32559
32702
31841
30001
27238
23635
19302
14372
8996
3339
-2422
-8112
-13553
-18577
-23026
-26761
-29667
-31650
-32648
-32629
-31591
-29565
-26615
-22829
-18327
-13249
-7752
-2009
3799
9491
14886
19815
24120
27666
30338
32052
32751
32412
31044
28690
25423
21345
16586
11295
5642
-193
-6025
-11667
-16938
-21669
-25706
-28920
-31206
-32489
-32726
-31909
-30063
-27244
-23544
-19081
-13998
-8460
-2644
3259
9060
14569
19606
24006
27626
30346
32075
32756
32366
30916
28451
25051
20827
15917
10480
4696
-1244
-7147
-12817
-18065
-22719
-26622
-29644
-31684
-32674
-32578
-31398
-29173
-25975
-21909
-17110
-11737
-5969
0
5972
11747
17130
21941
26016
29217
31436
32596
32657
31615
29504
26395
22390
17625
12260
6476
470
-5554
-11392
-16845
-21726
-25867
-29127
-31393
-32585
-32662
-31619
-29491
-26349
-22301
-17483
-12062
-6222
-166
5898
11762
17222
22088
26191
29387
31566
32648
32597
31411
29131
25835
21636
16679
11138
5205
-912
-7001
-12847
-18244
-23003
-26955
-29960
-31912
-32739
-32412
-30940
-28374
-24803
-20353
-15179
-9465
-3413
2763
8843
14612
19863
24407
28083
30758
32334
32755
32003
30103
27124
23169
18381
12929
7010
836
-5370
-11386
-16993
-21989
-26191
-29446
-31636
-32680
-32538
-31214
-28754
-25247
-20819
-15630
-9868
-3744
2518
8692
14551
19879
24480
28184
30855
32393
32739
31880
29845
26709
22585
17625
12011
5950
-333
-6607
-12639
-18204
-23094
-27128
-30152
-32055
-32763
-32248
-30528
-27666
-23767
-18976
-13473
-7461
-1167
5173
11322
17047
22132
26385
29644
31785
32724
32427
30901
28203
24435
19738
14288
8294
1981
-4409
-10635
-16457
-21654
-26025
-29402
-31656
-32697
-32485
-31027
-28377
-24634
-19943
-14481
-8460
-2109
4324
10594
16457
21686
26077
29459
31699
32710
32451
30929
28203
24378
19601
14056
7961
1552
-4919
-11201
-17047
-22227
-26537
-29806
-31906
-32751
-32307
-30590
-27666
-23648
-18696
-13002
-6791
-309
6187
12441
18204
23246
27366
30398
32222
32762
31995
29951
26709
22398
17189
11289
4935
-1619
-8112
-14281
-19879
-24678
-28486
-31147
-32552
-32643
-31416
-28917
-25247
-20553
-15023
-8882
-2378
4225
10659
16662
21989
26421
29777
31918
32756
32254
30432
27362
23169
18024
12137
5748
-879
-7473
-13762
-19485
-24407
-28323
-31070
-32533
-32650
-31414
-28875
-25136
-20353
-14721
-8475
-1874
4807
11292
17307
22602
26955
30182
32146
32765
32010
29911
26556
22083
16679
10571
4016
-2711
-9326
-15551
-21121
-25799
-29387
-31732
-32732
-32344
-30582
-27520
-23286
-18060
-12062
-5547
1206
7911
14280
20041
24947
28786
31393
32653
32513
30975
28105
24024
18906
12972
6476
-301
-7069
-13534
-19415
-24458
-28443
-31196
-32596
-32580
-31148
-28360
-24336
-19250
-13322
-6811
0
6813
13332
19269
24364
28393
31178
32594
32578
31129
28309
24241
19103
13120
6555
-301
-7147
-13680
-19609
-24671
-28641
-31340
-32648
-32505
-30916
-27948
-23735
-18460
-12360
-5706
1206
8067
14569
20421
25359
29162
31656
32728
32328
30473
27244
22786
17298
11027
4255
-2711
-9557
-15974
-21669
-26383
-29901
-32062
-32766
-31979
-29736
-26137
-21345
-15577
-9095
-2195
4807
11593
17850
23291
27666
30771
32464
32665
31362
28614
24546
19345
13249
6538
-477
-7473
-14125
-20126
-25196
-29098
-31650
-32732
-32292
-30349
-26991
-22374
-16712
-10266
-3339
3746
10659
17076
22694
27251
30530
32377
32702
31489
28793
24740
19519
13375
6597
-494
-7565
-14281
-20323
-25404
-29282
-31772
-32753
-32178
-30072
-26533
-21729
-15887
-9285
-2238
4919
11843
18204
23695
28052
31066
32589
32548
30942
27847
23411
17845
11416
4435
-2763
-9830
-16425
-22227
-26955
-30378
-32330
-32713
-31507
-28769
-24631
-19293
-13013
-6096
1120
8285
15047
21076
26077
29802
32068
32763
31850
29372
25451
20276
14101
7230
0
-7232
-14111
-20295
-25478
-29402
-31872
-32764
-32033
-29711
-25913
-20827
-14703
-7845
-595
6688
13640
19914
25196
29220
31785
32759
32093
29819
26047
20967
14832
7950
664
-6656
-13645
-19948
-25247
-29273
-31822
-32763
-32046
-29706
-25861
-20703
-14492
-7543
-209
7138
14125
20396
25629
29557
31977
32766
31880
29363
25342
20022
13674
6622
-771
-8129
-15071
-21240
-26318
-30042
-32219
-32734
-31559
-28754
-24461
-18901
-12360
-5177
2276
9615
16457
22447
27271
30678
32489
32608
31026
27825
23169
17302
10527
3199
-4298
-11573
-18244
-23960
-28419
-31387
-32705
-32302
-30198
-26501
-21406
-15179
-8148
-684
6817
13962
20369
25700
29668
32064
32757
31710
28975
24698
19103
12488
5205
-2358
-9798
-16717
-22745
-27557
-30894
-32577
-32513
-30703
-27244
-22319
-16192
-9191
-1693
5898
13175
19743
25247
29388
31941
32765
31816
29141
24884
19276
12618
5272
-2362
-9871
-16845
-22903
-27714
-31014
-32621
-32445
-30495
-26875
-21781
-15492
-8351
-749
6896
14165
20658
26016
29942
32220
32721
31417
28377
23767
17841
10926
3403
-4310
-11787
-18613
-24407
-28847
-31684
-32759
-32010
-29476
-25298
-19707
-13013
-5590
2148
9769
16845
22980
27828
31116
32659
32366
30254
26438
21133
14635
7310
-430
-8148
-15409
-21801
-26962
-30598
-32502
-32563
-30778
-27244
-22162
-15818
-8572
-836
6950
14343
20920
26305
30190
32350
32661
31103
27762
22829
16586
9388
1649
-6187
-13670
-20369
-25898
-29936
-32249
-32702
-31267
-28024
-23161
-16955
-9766
-2009
5867
13405
20168
25762
29860
32222
32709
31291
28049
23169
16936
9711
1916
-5992
-13553
-20323
-25904
-29968
-32275
-32687
-31179
-27837
-22855
-16527
-9222
-1372
6562
14111
20829
26318
30252
32397
32623
30916
27374
22206
15718
8294
373
-7571
-15067
-21669
-26980
-30683
-32556
-32483
-30469
-26631
-21197
-14492
-6916
1077
9009
16402
22811
27851
31216
32702
32218
29790
25564
19793
12824
5078
-2978
-10856
-18080
-24210
-28873
-31785
-32766
-31757
-28816
-24119
-17952
-10689
-2772
5316
13083
20053
25799
29968
32304
32662
31017
27469
22233
15630
8064
0
-8067
-15639
-22251
-27492
-31038
-32669
-32282
-29899
-25665
-19840
-12785
-4935
3223
11185
18454
24578
29176
31960
32754
31507
28295
23317
16881
9388
1306
-6859
-14599
-21426
-26913
-30713
-32587
-32415
-30206
-26096
-20343
-13307
-5431
2789
10837
18204
24423
29100
31937
32755
31498
28244
23199
16679
9099
938
-7285
-15047
-21854
-27271
-30951
-32659
-32282
-29844
-25497
-19519
-12290
-4271
4023
12062
19330
25359
29762
32252
32670
30984
27303
21861
15008
7184
-1105
-9326
-16947
-23474
-28484
-31650
-32766
-31757
-28687
-23753
-17274
-9670
-1435
6896
14781
21705
27215
30951
32666
32248
29720
25247
19119
11737
3583
-4807
-12886
-20121
-26035
-30239
-32455
-32534
-30469
-26395
-20578
-13400
-5336
3083
11302
18775
25007
29584
32200
32681
30992
27244
21684
14679
6695
-1736
-10055
-17706
-24178
-29038
-31959
-32744
-31340
-27837
-22468
-15592
-7668
771
9163
16942
23583
28641
31772
32764
31548
28203
22955
16155
8261
-193
-8637
-16499
-23246
-28419
-31667
-32766
-31641
-28366
-23161
-16378
-8479
0
8482
16388
23178
28387
31659
32766
31633
28334
23092
16267
8323
-193
-8699
-16610
-23382
-28547
-31748
-32764
-31521
-28105
-22748
-15818
-7793
771
9287
17161
23850
28887
31923
32744
31292
27666
22114
15023
6884
-1736
-10238
-18030
-24565
-29387
-32158
-32681
-30919
-26991
-21173
-13868
-5590
3083
11543
19194
25499
30012
32414
32534
30361
26047
19895
12336
3903
-4807
-13181
-20625
-26610
-30711
-32637
-32248
-29569
-24790
-18247
-10405
-1820
6896
15124
22277
27843
31423
32760
31757
28483
23169
16196
8060
-655
-9326
-17331
-24094
-29127
-32068
-32703
-30984
-27033
-21133
-13707
-5289
3511
12062
19743
25999
30374
32552
32371
29844
25150
18630
10754
2094
-6719
-15047
-22282
-27896
-31478
-32765
-31661
-28244
-22763
-15616
-7324
1506
10228
18204
24847
29668
32313
32585
30461
26096
19809
12062
3423
-5469
-13962
-21426
-27310
-31178
-32740
-31881
-28661
-23317
-16242
-7961
912
9721
17811
24578
29519
32265
32608
30520
26157
19840
12041
3339
-5613
-14150
-21629
-27492
-31296
-32755
-31758
-28377
-22863
-15630
-7219
1736
10564
18599
25234
29968
32443
32468
30041
25342
18725
10689
1842
-7147
-15598
-22868
-28404
-31785
-32751
-31227
-27327
-21345
-13736
-5078
3969
12717
20496
26712
30887
32702
32014
28875
23522
16364
7950
-1077
-10024
-18204
-24986
-29848
-32414
-32483
-30050
-25298
-18593
-10451
-1499
7571
16058
23305
28750
31969
32711
30916
26720
20449
12587
3744
-5391
-14111
-21734
-27666
-31442
-32766
-31533
-27837
-21964
-14372
-5653
3510
12401
20323
26654
30894
32710
31957
28692
23169
15822
7226
-1941
-10958
-19113
-25762
-30378
-32596
-32237
-29328
-24096
-16955
-8469
691
9799
18132
25028
29936
32465
32412
29778
24772
17791
9388
234
-8940
-17404
-24479
-29598
-32350
-32513
-30072
-25219
-18342
-9991
-836
8388
16942
24135
29387
32275
32563
30226
25451
18620
10283
1113
-8148
-16754
-24006
-29316
-32252
-32574
-30254
-25477
-18630
-10266
-1066
8222
16845
24098
29390
32286
32549
30156
25298
18372
9941
695
-8610
-17213
-24407
-29603
-32371
-32482
-29925
-24908
-17841
-9305
0
9307
17850
24924
29942
32491
32356
29546
24293
17028
8351
-1019
-10308
-18745
-25629
-30386
-32621
-32145
-28995
-23432
-15917
-7073
2362
11603
19879
26497
30903
32728
31816
28241
22301
14491
5464
-4023
-13175
-21224
-27492
-31451
-32766
-31324
-27244
-20868
-12732
-3519
5992
15001
22745
28568
31977
32682
30619
25962
19103
10622
1238
-8253
-17047
-24394
-29668
-32420
-32412
-29643
-24347
-16973
-8148
1373
10781
19269
26112
30723
32705
31886
28334
22351
14449
5304
-4298
-13534
-21608
-27826
-31650
-32749
-31026
-26627
-19930
-11510
-2094
7504
16457
23989
29446
32355
32460
29752
24461
17046
8148
-1459
-10942
-19477
-26318
-30870
-32732
-31742
-27983
-21780
-13674
-4371
5316
14541
22496
28484
31977
32669
30495
25645
18541
9807
209
-9410
-18204
-25397
-30356
-32640
-32046
-28625
-22675
-14721
-5464
4278
13645
21806
28038
31787
32719
30748
26047
19032
10324
695
-8997
-17892
-25196
-30256
-32621
-32077
-28669
-22701
-14703
-5389
4409
13816
21989
28193
31872
32694
30582
25725
18555
9715
0
-9718
-18563
-25739
-30598
-32699
-31850
-28126
-21861
-13619
-4144
5708
15047
23026
28920
32194
32549
29951
24631
17073
7961
-1876
-11547
-20168
-26955
-31287
-32766
-31257
-26894
-20073
-11416
-1713
8148
17267
24807
30076
32589
32113
28690
22632
14492
5018
-4919
-14407
-22570
-28657
-32104
-32591
-30072
-24775
-17189
-8012
1907
11653
20323
27113
31393
32763
31094
26539
19519
10683
852
-9060
-18132
-25519
-30530
-32697
-31816
-27965
-21503
-13031
-3339
6667
16052
23938
29584
32459
32292
29097
23169
15065
5543
-4501
-14125
-22423
-28612
-32108
-32578
-29977
-24546
-16798
-7461
2582
12385
21019
27666
31694
32721
30647
25665
18247
9095
-923
-10856
-19760
-26786
-31264
-32766
-31146
-26556
-19431
-10451
-470
9557
18675
26008
30855
32749
31507
27244
20368
11537
1595
-8501
-17784
-25359
-30497
-32702
-31758
-27754
-21074
-12360
-2451
7696
17103
24860
30215
32648
31922
28105
21563
12929
3039
-7147
-16643
-24525
-30025
-32607
-32016
-28309
-21844
-13249
-3359
6859
16412
24364
29939
32588
32050
28377
21924
13322
3413
-6833
-16412
-24382
-29960
-32596
-32028
-28309
-21804
-13150
-3199
7069
16643
24578
30089
32630
31946
28105
21482
12732
2719
-7565
-17103
-24947
-30318
-32680
-31797
-27754
-20951
-12062
-1970
8320
17784
25478
30633
32732
31565
27244
20200
11134
952
-9326
-18675
-26154
-31014
-32765
-31228
-26556
-19215
-9941
333
10578
19760
26955
31436
32749
30759
25665
17979
8475
-1887
-12062
-21019
-27851
-31864
-32650
-30126
-24546
-16475
-6728
3703
13762
22423
28806
32258
32427
29291
23169
14683
4696
-5772
-15653
-23938
-29777
-32571
-32033
-28214
-21503
-12587
-2378
8077
17706
25519
30711
32748
31416
26850
19519
10175
-219
-10594
-19879
-27113
-31549
-32726
-30520
-25157
-17189
-7439
3083
13289
22119
28657
32222
32441
29289
23092
14492
4381
-6187
-16114
-24364
-30076
-32652
-31820
-27666
-20619
-11416
-1017
9491
19008
26537
31287
32757
30792
25595
17709
7961
-2625
-12939
-21894
-28547
-32194
-32451
-29286
-23032
-14346
-4144
6498
16457
24678
30291
32699
31644
27238
19943
10531
0
-10533
-19951
-27251
-31656
-32694
-30254
-24592
-16309
-6286
4409
14637
23305
29487
32519
32077
28203
21312
12137
1660
-8997
-18692
-26385
-31248
-32757
-30748
-25434
-17383
-7461
3266
13645
22556
29038
32390
32248
28625
21909
12824
2351
-8378
-18204
-26061
-31098
-32765
-30880
-25645
-17625
-7689
3083
13524
22496
29023
32393
32235
28565
21780
12618
2077
-8692
-18516
-26318
-31245
-32755
-30681
-25247
-17046
-6975
3863
14280
23132
29446
32527
32033
28015
20915
11510
836
-9932
-19609
-27125
-31650
-32682
-30103
-24198
-15616
-5304
5596
15880
24407
30232
32705
31550
26894
19250
9465
-1373
-12062
-21411
-28379
-32188
-32412
-29022
-22395
-13267
-2656
8253
18244
26197
31222
32754
30619
25054
16679
6433
-4537
-15001
-23783
-29895
-32648
-31731
-27244
-19690
-9916
976
11762
21224
28293
32170
32415
28997
22301
13080
2378
-8595
-18599
-26497
-31393
-32729
-30352
-24528
-15917
-5494
5554
15974
24578
30386
32734
31352
26395
18425
8351
-2679
-13405
-22602
-29217
-32491
-32046
-27932
-20616
-10936
0
10939
20625
27944
32055
32482
29173
22507
13249
2462
-8610
-18692
-26622
-31481
-32707
-30156
-24119
-15293
-4696
6446
16845
25296
30817
32766
30916
25477
17079
6695
-4468
-15115
-24006
-30106
-32702
-31489
-26606
-18620
-8460
2689
13528
22788
29387
32552
31909
27532
19930
9991
-1120
-12103
-21669
-28693
-32350
-32208
-28280
-21025
-11295
-234
10856
20671
28052
32127
32412
28871
21921
12379
1372
-9799
-19815
-27487
-31906
-32545
-29328
-22632
-13249
-2291
8940
19113
27016
31708
32629
29666
23169
13911
2992
-8285
-18577
-26654
-31549
-32677
-29899
-23544
-14372
-3477
7836
18214
26411
31442
32702
30037
23764
14635
3744
-7598
-18030
-26293
-31393
-32711
-30086
-23833
-14703
-3796
7571
18026
26305
31405
32707
30050
23753
14577
3632
-7754
-18204
-26446
-31479
-32688
-29925
-23522
-14256
-3253
8148
18560
26712
31608
32650
29706
23135
13736
2656
-8751
-19090
-27095
-31785
-32581
-29385
-22585
-13013
-1842
9557
19786
27585
31994
32468
28947
21861
12081
809
-10564
-20637
-28166
-32219
-32293
-28377
-20951
-10932
440
11762
21629
28819
32437
32033
27653
19840
9561
-1907
-13142
-22745
-29519
-32621
-31661
-26755
-18514
-7961
3586
14689
23960
30239
32740
31148
25658
16955
6128
-5469
-16384
-25247
-30944
-32759
-30461
-24336
-15151
-4058
7546
18204
26572
31595
32638
29565
22763
13087
1756
-9798
-20118
-27896
-32148
-32332
-28424
-20915
-10754
771
12203
22088
29171
32552
31797
27001
18769
8148
-3511
-14727
-24069
-30346
-32754
-30984
-25260
-16309
-5272
6439
17331
26008
31359
32696
29845
23169
13521
2137
-9523
-19964
-27843
-32146
-32318
-28334
-20703
-10405
1234
12717
22564
29503
32637
31559
26407
17841
6968
-4807
-15965
-25058
-30909
-32757
-30361
-24028
-14577
-3233
8533
19194
27364
31977
32433
28669
21173
10917
-762
-12345
-22321
-29387
-32619
-31592
-26438
-17828
-6884
4961
16161
25247
31028
32744
30168
23635
13998
2522
-9287
-19879
-27860
-32179
-32265
-28105
-20242
-9711
2101
13640
23382
30040
32733
31103
25362
16267
5018
-6896
-17901
-26537
-31659
-32585
-29190
-21921
-11741
0
11743
21929
29201
32589
31641
26480
17791
6728
-5233
-16499
-25566
-31222
-32709
-29826
-22955
-13013
-1327
10537
20994
28641
32450
31909
27088
18630
7668
-4324
-15739
-25041
-30976
-32744
-30105
-23411
-13561
-1880
10055
20637
28436
32397
31982
27244
18822
7852
-4182
-15653
-25007
-30974
-32743
-30072
-23319
-13400
-1660
10308
20879
28612
32455
31881
26966
18377
7282
-4807
-16245
-25468
-31216
-32702
-29720
-22675
-12528
-664
11292
21705
29147
32596
31576
26225
17274
5950
-6193
-17489
-26383
-31650
-32564
-28995
-21433
-10917
1105
12978
23064
29968
32737
30984
24950
15465
3839
-8320
-19330
-27666
-32170
-32217
-27796
-19519
-8531
3643
15314
24860
30951
32739
29972
23032
12884
938
-11141
-21669
-29176
-32613
-31498
-25982
-16835
-5332
6918
18204
26944
31912
32410
28366
20343
9465
-2743
-14569
-24351
-30713
-32759
-30198
-23387
-13283
-1306
10856
21492
29100
32604
31507
25962
16748
5166
-7147
-18454
-27152
-32008
-32332
-28076
-19840
-8789
3510
15314
24947
31038
32720
29752
22551
12140
0
-12143
-22559
-29762
-32723
-31017
-24884
-15198
-3339
8998
20053
28242
32393
31908
26854
17952
6476
-5930
-17489
-26541
-31785
-32465
-28481
-20402
-9388
2978
14918
24714
30951
32730
29790
22554
12062
-172
-12385
-22811
-29942
-32746
-30813
-24421
-14492
-2462
9926
20879
28806
32556
31581
26021
16679
4912
-7571
-18956
-27585
-32200
-32127
-27374
-18630
-7167
5342
17076
26318
31719
32485
28504
20353
9222
-3259
-15267
-25041
-31147
-32687
-29434
-21861
-11077
1334
13553
23783
30517
32764
30189
23169
12736
423
-11953
-22570
-29860
-32743
-30792
-24293
-14202
-2009
10483
21426
29201
32652
31267
25247
15482
3419
-9153
-20369
-28563
-32514
-31633
-26047
-16586
-4654
7973
19415
27967
32350
31910
26709
17520
5712
-6950
-18577
-27428
-32179
-32116
-27244
-18292
-6597
6088
17864
26962
32015
32263
27666
18910
7310
-5391
-17284
-26579
-31872
-32366
-27983
-19380
-7852
4862
16845
26287
31760
32433
28203
19707
8226
-4501
-16550
-26094
-31684
-32472
-28334
-19895
-8434
4310
16402
26003
31651
32486
28377
19946
8475
-4288
-16402
-26016
-31662
-32478
-28334
-19861
-8351
4437
16550
26133
31717
32445
28203
19638
8060
-4756
-16845
-26351
-31812
-32386
-27983
-19276
-7602
5243
17284
26666
31941
32293
27666
18769
6975
-5898
-17864
-27071
-32095
-32157
-27244
-18113
-6176
6719
18577
27557
32265
31968
26709
17302
5205
-7702
-19415
-28111
-32434
-31710
-26047
-16326
-4058
8843
20369
28719
32588
31368
25247
15179
2736
-10137
-21426
-29364
-32705
-30922
-24293
-13853
-1238
11573
22570
30025
32764
30353
23169
12339
-434
-13142
-23783
-30678
-32739
-29638
-21861
-10632
2276
14829
25041
31296
32604
28754
20353
8727
-4282
-16616
-26318
-31849
-32328
-27676
-18630
-6622
6439
18480
27585
32302
31880
26381
16679
4318
-8734
-20396
-28806
-32620
-31227
-24845
-14492
-1820
11144
22329
29942
32763
30335
23047
12062
-859
-13645
-24243
-30951
-32688
-29173
-20967
-9388
3703
16202
26094
31785
32354
27709
18593
6476
-6688
-18775
-27832
-32393
-31718
-25913
-15915
-3339
9779
21317
29402
32723
30737
23764
12933
0
-12935
-23772
-30745
-32720
-29372
-21243
-9654
3510
16105
26077
31798
32332
27590
18342
6096
-7147
-19226
-28162
-32493
-31507
-25362
-15061
-2291
10856
22227
29953
32765
30198
22670
11416
-1716
-14569
-25028
-31370
-32548
-28366
-19509
-7435
5867
18204
27539
32330
31782
25982
15887
3163
-10086
-21669
-29667
-32753
-30413
-23032
-11831
1334
14281
24860
31312
32563
28403
19519
7387
-5976
-18347
-27666
-32377
-31693
-25725
-15465
-2622
10659
22164
29968
32766
30086
22374
10917
-2369
-15261
-25599
-31650
-32396
-27709
-18372
-5950
7473
19643
28516
32596
31195
24546
13765
664
-12550
-23653
-30771
-32702
-29116
-20616
-8634
4807
17440
27128
32230
31881
26137
15968
3092
-10308
-21966
-29901
-32766
-30072
-22272
-10689
2711
15653
25937
31812
32275
27244
17574
4908
-8595
-20637
-29162
-32712
-30681
-23411
-12140
1206
14349
25041
31451
32480
27948
18630
6117
-7445
-19735
-28641
-32634
-31026
-24089
-13013
301
13567
24501
31222
32570
28309
19172
6728
-6876
-19298
-28393
-32589
-31159
-24347
-13326
0
13328
24354
31166
32585
28360
19220
6748
-6896
-19347
-28443
-32604
-31103
-24198
-13087
301
13640
24608
31294
32533
28105
18778
6176
-7504
-19879
-28786
-32669
-30847
-23635
-12290
1206
14493
25247
31583
32389
27520
17828
5008
-8692
-20870
-29387
-32745
-30352
-22624
-10917
2711
15865
26229
31977
32094
26556
16335
3233
-10442
-22277
-30182
-32757
-29546
-21112
-8944
4807
17712
27483
32390
31559
25136
14256
845
-12717
-24026
-31070
-32598
-28334
-19032
-6345
7473
19964
28903
32697
30666
23169
11540
-2148
-15456
-26008
-31918
-32127
-26596
-16309
-3103
10659
22517
30346
32741
29270
20553
8148
-5719
-18563
-28078
-32552
-31179
-24202
-12874
771
14281
25223
31625
32332
27214
17189
4062
-9798
-21894
-30040
-32762
-29565
-21025
-8682
5233
18204
27882
32514
31257
24336
13002
-691
-14262
-25247
-31650
-32307
-27094
-16955
-3732
10171
22227
30239
32747
29289
20494
7961
-6025
-18915
-28356
-32621
-30929
-23586
-11931
1907
15400
26077
31982
32033
26215
15592
2109
-11762
-23479
-30889
-32629
-28377
-18910
-5966
8077
20637
29402
32756
30080
21861
9613
-4409
-17621
-27585
-32459
-31342
-24435
-13013
816
14497
25499
31785
32188
26631
16140
2656
-11322
-23203
-30782
-32650
-28456
-18976
-5969
8148
20755
29503
32763
29925
21514
9095
-5021
-18204
-27995
-32564
-31058
-23753
-12011
1977
15598
26305
32095
31880
25698
14703
952
-12978
-24480
-31393
-32418
-27360
-17165
-3744
10381
22559
30497
32702
28754
19394
6380
-7836
-20580
-29446
-32762
-29899
-21393
-8847
5370
18577
28275
32630
30814
23169
11138
-3003
-16579
-27016
-32334
-31523
-24733
-13249
751
14612
25700
31906
32048
26096
15179
1372
-12698
-24354
-31371
-32412
-27273
-16932
-3359
10856
23003
30758
32638
28280
18514
5205
-9101
-21669
-30089
-32747
-29131
-19930
-6905
7445
20371
29387
32762
29844
21189
8460
-5898
-19125
-28673
-32702
-30433
-22301
-9868
4468
17946
27963
32585
30916
23274
11134
-3159
-16845
-27275
-32428
-31305
-24119
-12260
1977
15833
26622
32247
31615
24845
13249
-923
-14918
-26016
-32055
-31858
-25461
-14105
0
14107
25468
31864
32046
25975
14832
792
-13405
-24986
-31684
-32188
-26395
-15435
-1452
12817
24578
31525
32292
26727
15917
1981
-12345
-24250
-31393
-32366
-26976
-16280
-2378
11993
24006
31293
32415
27148
16527
2644
-11762
-23850
-31230
-32442
-27244
-16660
-2779
11653
23783
31206
32451
27267
16679
2783
-11667
-23806
-31222
-32441
-27217
-16586
-2656
11803
23919
31277
32412
27094
16378
2398
-12062
-24120
-31370
-32361
-26894
-16056
-2009
12441
24407
31496
32285
26615
15616
1488
-12939
-24777
-31650
-32178
-26251
-15055
-836
13553
25223
31826
32033
25797
14372
52
-14280
-25739
-32015
-31841
-25247
-13561
863
15115
26318
32208
31592
24592
12618
-1908
-16052
-26950
-32393
-31276
-23823
-11540
3083
17085
27622
32556
30880
22932
10324
-4384
-18204
-28323
-32682
-30389
-21909
-8965
5807
19399
29038
32755
29790
20744
7461
-7347
-20658
-29748
-32757
-29067
-19428
-5811
8997
21966
30436
32669
28203
17952
4016
-10746
-23305
-31079
-32468
-27184
-16309
-2077
12583
24657
31656
32135
25992
14491
0
-14493
-25999
-32139
-31644
-24613
-12494
2208
16457
27304
32503
30975
23032
10317
-4537
-18454
-28547
-32719
-30103
-21238
-7961
6971
20458
29694
32757
29007
19220
5431
-9491
-22439
-30713
-32587
-27666
-16973
-2736
12073
24364
31568
32177
26060
14492
-108
-14689
-26197
-32222
-31498
-24174
-11781
3083
17304
27896
32634
30520
21996
8847
-6162
-19879
-29416
-32766
-29219
-19519
-5706
9311
22368
30711
32578
27570
16743
2378
-12491
-24723
-31732
-32033
-25558
-13674
1105
15653
26888
32428
31095
23169
10328
-4707
-18745
-28806
-32750
-29736
-20402
-6728
8378
21705
30414
32650
27932
17262
2911
-12062
-24465
-31651
-32083
-25665
-13765
1077
15692
26955
32455
31012
22932
9941
-5180
-19194
-29098
-32765
-29406
-19738
-5832
9326
22486
30817
32526
27244
16102
1495
-13436
-25478
-32035
-31693
-24521
-12062
2999
17416
28078
32680
30226
21243
7668
-7565
-21167
-30192
-32685
-28105
-17438
-2992
12103
24578
31727
31995
25321
13150
-1876
-16499
-27539
-32596
-30567
-21889
-8448
6833
20630
29936
32722
28377
17845
3419
-11753
-24364
-31659
-32040
-25423
-13249
1823
16499
27568
32607
30508
21729
8189
-7147
-20920
-30108
-32693
-28105
-17347
-2779
12401
24860
31856
31850
24838
12360
-2839
-17416
-28160
-32702
-30037
-20749
-6884
8501
22013
30668
32552
27244
15915
1066
-14020
-26008
-32243
-31342
-23500
-10451
4915
19194
29220
32766
29042
18871
4509
-10856
-23813
-31479
-32147
-25665
-13473
1720
16533
27666
32637
30335
21271
7461
-8015
-21705
-30552
-32578
-27327
-15968
-1038
14125
26133
32294
31228
23169
9920
-5554
-19786
-29584
-32748
-28565
-17970
-3339
12043
24723
31849
31816
24627
11897
-3511
-18132
-28673
-32755
-29458
-19519
-5177
10334
23516
31393
32182
25702
13414
-1907
-16800
-27896
-32682
-30072
-20653
-6555
9029
22570
30997
32395
26445
14492
-751
-15827
-27310
-32589
-30461
-21406
-7481
8148
21926
30713
32507
26894
15151
-48
-15238
-26955
-32522
-30664
-21804
-7961
7702
21608
30575
32549
27076
15403
202
-15047
-26852
-32503
-30703
-21861
-8002
7696
21629
30598
32538
27001
15255
0
-15257
-27007
-32541
-30582
-21579
-7602
8129
21989
30779
32468
26664
14703
-655
-15865
-27411
-32621
-30288
-20948
-6758
8997
22672
31098
32318
26047
13736
-1763
-16855
-28038
-32713
-29790
-19946
-5464
10289
23653
31516
32046
25116
12336
-3319
-18204
-28847
-32766
-29042
-18541
-3711
11987
24889
31977
31593
23823
10480
-5316
-19871
-29777
-32711
-27983
-16697
-1495
14059
26318
32404
30885
22114
8148
-7733
-21801
-30745
-32460
-26539
-14372
1180
16457
27860
32699
29832
19930
5325
-10537
-23916
-31650
-31910
-24631
-11530
4298
19113
29409
32747
28334
17210
2009
-13670
-26112
-32365
-30942
-22178
-8148
7817
21929
30833
32412
26285
13907
-1780
-17047
-28259
-32743
-29429
-19103
-4222
11667
24777
31977
31548
23586
9991
-5992
-20546
-30192
-32619
-27244
-15350
219
15739
27492
32660
30001
20149
5464
-10533
-24006
-31719
-31816
-24270
-10892
5106
19879
29873
32681
27625
15917
373
-15261
-27221
-32621
-30156
-20416
-5748
10308
23879
31684
31836
24293
10875
-5173
-19973
-29942
-32665
-27477
-15633
0
15636
27483
32666
29925
19920
5078
-10999
-24407
-31886
-31615
-23656
-9941
6193
20824
30386
32549
26782
14487
-1341
-16845
-28242
-32749
-29262
-18630
-3445
12583
25539
32252
31078
22301
8064
-8148
-22368
-31111
-32231
-25451
-12429
3643
18824
29387
32737
28047
16465
836
-15001
-27152
-32625
-30072
-20115
-5205
10989
24479
31937
31523
23335
9388
-6876
-21447
-30723
-32412
-26092
-13322
2743
18132
29038
32759
28371
16955
1338
-14612
-26944
-32596
-30164
-20247
-5304
10958
24501
31960
31477
23169
9099
-7236
-21774
-30894
-32323
-25702
-12676
3510
18824
29446
32724
27837
16000
166
-15711
-27666
-32707
-29572
-19041
-3744
12491
25602
32304
30916
21780
7184
-9215
-23305
-31551
-31880
-24205
-10451
5930
20824
30486
32483
26311
13518
-2679
-18204
-29147
-32749
-28098
-16364
-502
15488
27574
32702
29574
18976
3583
-12717
-25806
-32371
-30748
-21345
-6538
9926
23879
31785
31636
23467
9346
-7147
-21830
-30974
-32254
-25342
-11991
4409
19692
29968
32623
26976
14462
-1736
-17495
-28798
-32764
-28377
-16752
-852
15267
27492
32699
29554
18857
3339
-13034
-26077
-32450
-30520
-20777
-5712
10817
24578
32042
31291
22515
7961
-8637
-23021
-31496
-31881
-24075
-10079
6509
21426
30833
32307
25463
12062
-4448
-19815
-30076
-32585
-26689
-13907
2465
18204
29244
32732
27762
15616
-569
-16610
-28356
-32765
-28692
-17189
-1231
15047
27428
32699
29490
18630
2932
-13528
-26478
-32552
-30168
-19943
-4530
12062
25519
32337
30737
21133
6022
-10659
-24565
-32068
-31208
-22206
-7407
9326
23628
31760
31593
23169
8686
-8070
-22719
-31423
-31903
-24028
-9858
6896
21846
31070
32147
24790
10926
-5807
-21019
-30711
-32336
-25461
-11891
4807
20244
30356
32478
26047
12755
-3899
-19528
-30012
-32581
-26556
-13521
3083
18877
29687
32654
26991
14192
-2362
-18294
-29387
-32703
-27360
-14769
1736
17784
29119
32734
27666
15255
-1206
-17349
-28887
-32752
-27913
-15652
771
16993
28695
32761
28105
15962
-434
-16717
-28547
-32765
-28244
-16186
193
16523
28443
32766
28334
16326
-48
-16412
-28387
-32766
-28374
-16382
0
0
0
0
0
0
0
0
0
0
0
0
0
0
0
0
0
0
0
0
0
0
0
0
0
0
0
0
0
0
0
0
0
0
0
0
0
0
0
0
0
0
0
0
0
0
0
0
0
0
0
0
0
0
0
0
0
0
0
0
0
0
0
0
0
0
0
0
0
0
0
0
0
0
0
0
0
0
0
0
0
0
0
0
0
0
0
0
0
0
0
0
0
0
0
0
0
0
0
0
0
0
0
0
0
0
0
0
0
0
0
0
0
0
0
0
0
0
0
0
0
0
0
0
0
0
0
0
0
0
0
0
0
0
0
0
0
0
0
0
0
0
0
0
0
0
0
0
0
0
0
0
0
0
0
0
0
0
0
0
0
0
0
0
0
0
0
0
0
0
0
0
0
0
0
0
0
0
0
0
0
0
0
0
0
0
0
0
0
0
0
0
0
0
0
0
0
0
0
0
0
0
0
0
0
0
0
0
0
0
0
0
0
0
0
0
0
0
0
0
0
0
0
0
0
0
0
0
0
0
0
0
0
0
0
0
0
0
0
0
0
0
0
0
0
0
0
0
0
0
0
0
0
0
0
0
0
0
0
0
0
0
0
0
0
0
0
0
0
0
0
0
0
0
0
0
0
0
0
0
0
0
0
0
0
0
0
0
0
0
0
0
0
0
0
0
0
0
0
0
0
0
0
0
0
0
0
0
0
0
0
0
0
0
0
0
0
0
0
0
0
0
0
0
0
0
0
0
0
0
0
0
0
0
0
0
0
0
0
0
0
0
0
0
0
0
0
0
0
0
0
0
0
0
0
0
0
0
0
0
0
0
0
0
0
0
0
0
0
0
0
0
0
0
0
0
0
0
0
0
0
0
0
0
0
0
0
0
0
0
0
0
0
0
0
0
0
0
0
0
0
0
0
0
0
0
0
0
0
0
0
0
0
0
0
0
0
0
0
0
0
0
0
0
0
0
0
0
0
0
0
0
0
0
0
0
0
0
0
0
0
0
0
0
0
0
0
0
0
0
0
0
0
0
0
0
0
0
0
0
0
0
0
0
0
0
0
0
0
0
0
0
0
0
0
0
0
0
0
0
0
0
0
0
0
0
0
0
0
0
0
0
0
0
0
0
0
0
0
0
0
0
0
0
0
0
0
0
0
0
0
0
0
0
0
0
0
0
0
0
0
0
0
0
0
0
0
0
0
0
0
0
0
0
0
0
0
0
0
0
0
0
0
0
0
0
0
0
0
0
0
0
0
0
0
0
0
0
0
0
0
0
0
0
0
0
0
0
0
0
0
0
0
0
0
0
0
0
0
0
0
0
0
0
0
0
0
0
0
0
0
0
0
0
0
0
0
0
0
0
0
0
0
0
0
0
0
0
0
0
0
0
0
0
0
0
0
0
0
0
0
0
0
0
0
0
0
0
0
0
0
0
0
0
0
0
0
0
0
0
0
0
0
0
0
0
0
0
0
0
0
0
0
0
0
0
0
0
0
0
0
0
0
0
0
0
0
0
0
0
0
0
0
0
0
0
0
0
0
0
0
0
0
0
0
0
0
0
0
0
0
0
0
0
0
0
0
0
0
0
0
0
0
0
0
0
0
0
0
0
0
0
0
0
0
0
0
0
0
0
0
0
0
0
0
0
0
0
0
0
0
0
0
0
0
0
0
0
0
0
0
0
0
0
0
0
0
0
0
0
0
0
0
0
0
0
0
0
0
0
0
0
0
0
0
0
0
0
0
0
0
0
0
0
0
0
0
0
0
0
0
0
0
0
0
0
0
0
0
0
0
0
0
0
0
0
0
0
0
0
0
0
0
0
0
0
0
0
0
0
0
0
0
0
0
0
0
0
0
0
0
0
0
0
0
0
0
0
0
0
0
0
0
0
0
0
0
0
0
0
0
0
0
0
0
0
0
0
0
0
0
0
0
0
0
0
0
0
0
0
0
0
0
0
0
0
0
0
0
0
0
0
0
0
0
0
0
0
0
0
0
0
0
0
0
0
0
0
0
0
0
0
0
0
0
0
0
0
0
0
0
0
0
0
0
0
0
0
0
0
0
0
0
0
0
0
0
0
0
0
0
0
0
0
0
0
0
0
0
0
0
0
0
0
0
0
0
0
0
0
0
0
0
0
0
0
0
0
0
0
0
0
0
0
0
0
0
0
0
0
4681
4627
4460
4165
3722
3111
2326
1375
288
-882
-2071
-3196
-4176
-4941
-5435
-5630
-5524
-5143
-4530
-3746
-2851
-1903
-947
-12
884
1736
2540
3289
3964
4535
4957
5178
5145
4821
4185
3253
2075
734
-653
-1962
-3063
-3848
-4244
-4224
-3817
-3097
-2182
-1210
-322
358
747
809
563
78
-539
-1161
-1661
-1937
-1922
-1598
-998
-195
705
1590
2354
2916
3231
3297
3147
2841
2451
2043
1665
1333
1034
725
350
-146
-800
-1615
-2549
-3516
-4395
-5046
-5332
-5148
-4439
-3223
-1591
293
2216
3938
5229
5905
5856
5071
3638
1741
-364
-2386
-4037
-5078
-5350
-4802
-3500
-1616
592
2819
4757
6135
6762
6550
5527
3829
1681
-634
-2824
-4622
-5823
-6310
-6068
-5178
-3804
-2162
-487
996
2109
2738
2845
2466
1702
700
-373
-1353
-2101
-2514
-2542
-2181
-1473
-495
654
1869
3040
4070
4874
5388
5564
5373
4808
3879
2624
1101
-605
-2389
-4125
-5681
-6925
-7744
-8052
-7809
-7021
-5750
-4103
-2225
-279
1568
3174
4430
5276
5706
5760
5519
5081
4546
3998
3486
3021
2572
2083
1479
695
-310
-1534
-2922
-4366
-5717
-6801
-7448
-7516
-6922
-5657
-3798
-1503
1001
3451
5574
7125
7925
7882
7004
5403
3279
891
-1471
-3531
-5057
-5892
-5974
-5337
-4105
-2471
-667
1067
2517
3520
3986
3900
3322
2375
1220
34
-1014
-1791
-2207
-2230
-1882
-1237
-402
492
1318
1958
2323
2360
2056
1440
576
-445
-1516
-2519
-3346
-3900
-4114
-3950
-3407
-2525
-1377
-65
1284
2541
3579
4292
4605
4491
3965
3094
1983
766
-413
-1417
-2137
-2503
-2497
-2154
-1558
-826
-91
519
903
1001
806
362
-239
-881
-1434
-1786
-1862
-1634
-1134
-445
309
990
1461
1621
1420
872
59
-883
-1785
-2467
-2776
-2609
-1934
-802
658
2260
3779
4995
5721
5834
5300
4175
2599
778
-1053
-2666
-3873
-4554
-4681
-4311
-3580
-2673
-1792
-1115
-767
-795
-1156
-1727
-2328
-2750
-2800
-2340
-1312
237
2161
4228
6154
7646
8452
8399
7429
5613
3146
321
-2508
-4983
-6787
-7697
-7617
-6590
-4794
-2516
-105
2077
3713
4573
4552
3681
2121
135
-1952
-3808
-5140
-5741
-5517
-4498
-2830
-752
1448
3477
5077
6068
6362
5979
5030
3693
2184
714
-540
-1464
-2018
-2234
-2201
-2043
-1888
-1839
-1951
-2221
-2585
-2932
-3129
-3044
-2580
-1698
-431
1113
2763
4305
5517
6204
6225
5527
4148
2225
-27
-2345
-4447
-6075
-7032
-7205
-6582
-5252
-3389
-1230
961
2932
4469
5430
5753
5463
4662
3504
2174
857
-287
-1148
-1669
-1855
-1758
-1471
-1101
-751
-504
-410
-482
-694
-992
-1307
-1567
-1711
-1700
-1523
-1195
-755
-257
239
683
1033
1270
1390
1408
1349
1243
1116
984
857
731
598
447
275
85
-106
-270
-372
-377
-259
-10
354
792
1235
1596
1781
1708
1314
578
-474
-1766
-3173
-4532
-5667
-6405
-6602
-6168
-5080
-3392
-1233
1204
3684
5953
7775
8954
9362
8954
7775
5953
3684
1204
-1233
-3392
-5080
-6168
-6602
-6405
-5667
-4532
-3173
-1766
-474
578
1314
1708
1781
1596
1235
792
354
-10
-259
-377
-372
-270
-106
85
275
447
598
731
857
984
1116
1243
1349
1408
1390
1270
1033
683
239
-257
-755
-1195
-1523
-1700
-1711
-1567
-1307
-992
-694
-482
-410
-504
-751
-1101
-1471
-1758
-1855
-1669
-1148
-287
857
2174
3504
4662
5463
5753
5430
4469
2932
961
-1230
-3389
-5252
-6582
-7205
-7032
-6075
-4447
-2345
-27
2225
4148
5527
6225
6204
5517
4305
2763
1113
-431
-1698
-2580
-3044
-3129
-2932
-2585
-2221
-1951
-1839
-1888
-2043
-2201
-2234
-2018
-1464
-540
714
2184
3693
5030
5979
6362
6068
5077
3477
1448
-752
-2830
-4498
-5517
-5741
-5140
-3808
-1952
135
2121
3681
4552
4573
3713
2077
-105
-2516
-4794
-6590
-7617
-7697
-6787
-4983
-2508
321
3146
5613
7429
8399
8452
7646
6154
4228
2161
237
-1312
-2340
-2800
-2750
-2328
-1727
-1156
-795
-767
-1115
-1792
-2673
-3580
-4311
-4681
-4554
-3873
-2666
-1053
778
2599
4175
5300
5834
5721
4995
3779
2260
658
-802
-1934
-2609
-2776
-2467
-1785
-883
59
872
1420
1621
1461
990
309
-445
-1134
-1634
-1862
-1786
-1434
-881
-239
362
806
1001
903
519
-91
-826
-1558
-2154
-2497
-2503
-2137
-1417
-413
766
1983
3094
3965
4491
4605
4292
3579
2541
1284
-65
-1377
-2525
-3407
-3950
-4114
-3900
-3346
-2519
-1516
-445
576
1440
2056
2360
2323
1958
1318
492
-402
-1237
-1882
-2230
-2207
-1791
-1014
34
1220
2375
3322
3900
3986
3520
2517
1067
-667
-2471
-4105
-5337
-5974
-5892
-5057
-3531
-1471
891
3279
5403
7004
7882
7925
7125
5574
3451
1001
-1503
-3798
-5657
-6922
-7516
-7448
-6801
-5717
-4366
-2922
-1534
-310
695
1479
2083
2572
3021
3486
3998
4546
5081
5519
5760
5706
5276
4430
3174
1568
-279
-2225
-4103
-5750
-7021
-7809
-8052
-7744
-6925
-5681
-4125
-2389
-605
1101
2624
3879
4808
5373
5564
5388
4874
4070
3040
1869
654
-495
-1473
-2181
-2542
-2514
-2101
-1353
-373
700
1702
2466
2845
2738
2109
996
-487
-2162
-3804
-5178
-6068
-6310
-5823
-4622
-2824
-634
1681
3829
5527
6550
6762
6135
4757
2819
592
-1616
-3500
-4802
-5350
-5078
-4037
-2386
-364
1741
3638
5071
5856
5905
5229
3938
2216
293
-1591
-3223
-4439
-5148
-5332
-5046
-4395
-3516
-2549
-1615
-800
-146
350
725
1034
1333
1665
2043
2451
2841
3147
3297
3231
2916
2354
1590
705
-195
-998
-1598
-1922
-1937
-1661
-1161
-539
78
563
809
747
358
-322
-1210
-2182
-3097
-3817
-4224
-4244
-3848
-3063
-1962
-653
734
2075
3253
4185
4821
5145
5178
4957
4535
3964
3289
2540
1736
884
-12
-947
-1903
-2851
-3746
-4530
-5143
-5524
-5630
-5435
-4941
-4176
-3196
-2071
-882
288
1375
2326
3111
3722
4165
4460
4627
0
0
0
0
0
0
0
0
0
0
0
0
0
0
0
0
0
0
0
0
0
0
0
0
0
0
0
0
0
0
0
0
0
0
0
0
0
0
0
0
0
0
0
0
0
0
0
0
0
0
0
0
0
0
0
0
0
0
0
0
0
0
0
0
0
0
0
-9362
-8844
-7364
-5131
-2455
297
2767
4646
5732
5952
5368
4164
2610
1011
-338
-1207
-1465
-1097
-203
1018
2315
3419
4096
4185
3624
2458
830
-1044
-2916
-4537
-5709
-6302
-6279
-5689
-4655
-3349
-1955
-639
478
1336
1937
2337
2621
2881
3186
3564
3989
4383
4632
4607
4197
3333
2017
326
-1585
-3504
-5192
-6418
-6997
-6828
-5910
-4351
-2354
-190
1841
3463
4455
4697
4184
3030
1452
-270
-1834
-2965
-3458
-3216
-2262
-739
1115
3006
4624
5700
6041
5567
4319
2453
216
-2090
-4163
-5731
-6604
-6694
-6024
-4719
-2987
-1079
744
2260
3304
3793
3732
3205
2351
1340
343
-494
-1075
-1357
-1351
-1114
-728
-284
139
490
747
919
1040
1149
1282
1455
1654
1840
1945
1895
1618
1068
236
-840
-2074
-3339
-4483
-5351
-5808
-5763
-5181
-4097
-2609
-867
943
2633
4030
5005
5488
5476
5027
4253
3296
2305
1412
714
259
39
3
59
105
39
-213
-688
-1376
-2218
-3120
-3963
-4626
-5000
-5010
-4626
-3865
-2790
-1503
-126
1211
2393
3326
3953
4258
4259
4007
3572
3029
2452
1899
1408
996
660
381
132
-115
-384
-688
-1028
-1391
-1758
-2099
-2386
-2593
-2697
-2685
-2553
-2304
-1950
-1508
-1000
-452
109
656
1158
1588
1922
2139
2227
2182
2012
1736
1382
986
591
235
-47
-233
-312
-291
-188
-34
131
270
351
349
257
79
-163
-443
-725
-975
-1166
-1281
-1317
-1279
-1184
-1056
-915
-780
-661
-560
-469
-374
-259
-110
77
304
554
808
1039
1220
1333
1368
1329
1235
1115
1005
940
942
1024
1172
1355
1525
1618
1574
1339
880
194
-689
-1710
-2780
-3795
-4644
-5232
-5483
-5358
-4856
-4015
-2907
-1625
-273
1048
2254
3285
4105
4708
5106
5322
5381
5298
5078
4707
4161
3412
2441
1244
-152
-1688
-3270
-4774
-6062
-6999
-7468
-7393
-6750
-5577
-3974
-2094
-122
1741
3309
4430
5011
5026
4518
3596
2416
1157
0
-902
-1442
-1571
-1306
-719
68
914
1669
2207
2437
2319
1865
1137
234
-722
-1608
-2317
-2767
-2918
-2771
-2364
-1766
-1061
-342
310
832
1181
1341
1320
1139
836
449
18
-420
-838
-1205
-1497
-1688
-1749
-1654
-1380
-911
-248
587
1550
2565
3539
4359
4911
5092
4827
4078
2863
1253
-626
-2608
-4495
-6087
-7201
-7694
-7487
-6572
-5019
-2971
-629
1768
3975
5763
6946
7407
7107
6089
4476
2453
243
-1913
-3791
-5204
-6022
-6185
-5707
-4670
-3211
-1502
269
1927
3319
4341
4935
5098
4870
4328
3567
2684
1767
877
51
-703
-1405
-2080
-2757
-3449
-4147
-4809
-5368
-5728
-5787
-5448
-4642
-3344
-1587
530
2849
5159
7221
8798
9682
9727
8872
7158
4729
1818
-1270
-4202
-6650
-8339
-9081
-8803
-7559
-5524
-2973
-249
2290
4313
5566
5905
5317
3922
1955
-264
-2385
-4072
-5055
-5172
-4391
-2820
-687
1686
3942
5728
6759
6855
5974
4214
1808
-915
-3578
-5807
-7284
-7801
-7284
-5807
-3578
-915
1808
4214
5974
6855
6759
5728
3942
1686
-687
-2820
-4391
-5172
-5055
-4072
-2385
-264
1955
3922
5317
5905
5566
4313
2290
-249
-2973
-5524
-7559
-8803
-9081
-8339
-6650
-4202
-1270
1818
4729
7158
8872
9727
9682
8798
7221
5159
2849
530
-1587
-3344
-4642
-5448
-5787
-5728
-5368
-4809
-4147
-3449
-2757
-2080
-1405
-703
51
877
1767
2684
3567
4328
4870
5098
4935
4341
3319
1927
269
-1502
-3211
-4670
-5707
-6185
-6022
-5204
-3791
-1913
243
2453
4476
6089
7107
7407
6946
5763
3975
1768
-629
-2971
-5019
-6572
-7487
-7694
-7201
-6087
-4495
-2608
-626
1253
2863
4078
4827
5092
4911
4359
3539
2565
1550
587
-248
-911
-1380
-1654
-1749
-1688
-1497
-1205
-838
-420
18
449
836
1139
1320
1341
1181
832
310
-342
-1061
-1766
-2364
-2771
-2918
-2767
-2317
-1608
-722
234
1137
1865
2319
2437
2207
1669
914
68
-719
-1306
-1571
-1442
-902
0
1157
2416
3596
4518
5026
5011
4430
3309
1741
-122
-2094
-3974
-5577
-6750
-7393
-7468
-6999
-6062
-4774
-3270
-1688
-152
1244
2441
3412
4161
4707
5078
5298
5381
5322
5106
4708
4105
3285
2254
1048
-273
-1625
-2907
-4015
-4856
-5358
-5483
-5232
-4644
-3795
-2780
-1710
-689
194
880
1339
1574
1618
1525
1355
1172
1024
942
940
1005
1115
1235
1329
1368
1333
1220
1039
808
554
304
77
-110
-259
-374
-469
-560
-661
-780
-915
-1056
-1184
-1279
-1317
-1281
-1166
-975
-725
-443
-163
79
257
349
351
270
131
-34
-188
-291
-312
-233
-47
235
591
986
1382
1736
2012
2182
2227
2139
1922
1588
1158
656
109
-452
-1000
-1508
-1950
-2304
-2553
-2685
-2697
-2593
-2386
-2099
-1758
-1391
-1028
-688
-384
-115
132
381
660
996
1408
1899
2452
3029
3572
4007
4259
4258
3953
3326
2393
1211
-126
-1503
-2790
-3865
-4626
-5010
-5000
-4626
-3963
-3120
-2218
-1376
-688
-213
39
105
59
3
39
259
714
1412
2305
3296
4253
5027
5476
5488
5005
4030
2633
943
-867
-2609
-4097
-5181
-5763
-5808
-5351
-4483
-3339
-2074
-840
236
1068
1618
1895
1945
1840
1654
1455
1282
1149
1040
919
747
490
139
-284
-728
-1114
-1351
-1357
-1075
-494
343
1340
2351
3205
3732
3793
3304
2260
744
-1079
-2987
-4719
-6024
-6694
-6604
-5731
-4163
-2090
216
2453
4319
5567
6041
5700
4624
3006
1115
-739
-2262
-3216
-3458
-2965
-1834
-270
1452
3030
4184
4697
4455
3463
1841
-190
-2354
-4351
-5910
-6828
-6997
-6418
-5192
-3504
-1585
326
2017
3333
4197
4607
4632
4383
3989
3564
3186
2881
2621
2337
1937
1336
478
-639
-1955
-3349
-4655
-5689
-6279
-6302
-5709
-4537
-2916
-1044
830
2458
3624
4185
4096
3419
2315
1018
-203
-1097
-1465
-1207
-338
1011
2610
4164
5368
5952
5732
4646
2767
297
-2455
-5131
-7364
-8844
0
0
0
0
0
0
0
0
0
0
0
0
0
0
0
0
0
0
0
0
0
0
0
0
0
0
0
0
0
0
0
0
0
0
0
0
0
0
0
0
0
0
0
0
0
0
0
0
0
0
0
0
0
0
0
0
0
0
0
0
0
0
0
0
0
0
0
4681
4384
3546
2310
885
-487
-1585
-2239
-2363
-1977
-1194
-208
748
1444
1693
1390
536
-760
-2301
-3824
-5055
-5748
-5733
-4946
-3446
-1404
915
3201
5139
6466
7006
6700
5616
3931
1905
-162
-1983
-3321
-4031
-4074
-3520
-2528
-1316
-117
861
1472
1653
1429
907
247
-372
-793
-905
-678
-163
517
1189
1664
1779
1429
599
-630
-2088
-3538
-4716
-5373
-5324
-4482
-2883
-681
1859
4409
6615
8156
8796
8416
7038
4826
2059
-906
-3691
-5945
-7399
-7904
-7446
-6150
-4249
-2049
117
1949
3217
3793
3669
2950
1828
549
-631
-1492
-1881
-1739
-1105
-106
1068
2199
3076
3533
3476
2897
1873
552
-874
-2199
-3238
-3853
-3978
-3620
-2859
-1831
-703
354
1197
1728
1906
1754
1351
813
270
-150
-354
-291
38
581
1244
1904
2434
2721
2680
2274
1510
449
-810
-2141
-3404
-4462
-5198
-5523
-5390
-4792
-3762
-2373
-727
1051
2827
4462
5823
6795
7287
7242
6640
5504
3900
1938
-238
-2459
-4541
-6305
-7591
-8276
-8287
-7612
-6300
-4462
-2260
109
2435
4509
6151
7224
7649
7409
6552
5179
3438
1501
-448
-2240
-3725
-4794
-5383
-5474
-5097
-4322
-3247
-1994
-690
540
1589
2370
2829
2947
2740
2259
1586
819
68
-561
-981
-1130
-986
-571
53
788
1508
2083
2392
2345
1899
1067
-74
-1396
-2729
-3883
-4675
-4959
-4647
-3730
-2279
-451
1538
3433
4977
5946
6181
5617
4294
2358
44
-2352
-4516
-6150
-7021
-6991
-6037
-4261
-1871
837
3529
5864
7549
8376
8244
7176
5311
2883
192
-2440
-4716
-6390
-7307
-7414
-6759
-5483
-3791
-1921
-112
1432
2565
3211
3368
3103
2530
1792
1032
373
-98
-344
-369
-220
31
306
533
661
669
570
405
232
114
107
241
517
901
1328
1710
1950
1958
1665
1038
90
-1119
-2491
-3888
-5157
-6145
-6717
-6775
-6269
-5207
-3652
-1722
425
2610
4646
6360
7613
8313
8419
7952
6982
5626
4027
2340
713
-729
-1899
-2754
-3297
-3571
-3653
-3635
-3611
-3657
-3819
-4102
-4469
-4846
-5127
-5198
-4948
-4294
-3197
-1674
200
2294
4432
6415
8042
9140
9581
9307
8332
6749
4717
2439
143
-1951
-3659
-4849
-5462
-5513
-5086
-4318
-3379
-2442
-1660
-1143
-942
-1047
-1390
-1856
-2309
-2609
-2639
-2326
-1648
-645
593
1935
3230
4327
5098
5457
5368
4851
3978
2857
1622
408
-663
-1504
-2063
-2331
-2339
-2148
-1838
-1489
-1173
-943
-822
-810
-879
-989
-1090
-1137
-1097
-952
-705
-380
-10
361
691
944
1096
1137
1074
927
722
492
269
77
-62
-142
-160
-122
-36
83
226
380
534
678
799
886
926
907
818
653
413
105
-250
-627
-994
-1313
-1551
-1681
-1688
-1571
-1346
-1040
-695
-354
-61
149
259
262
175
28
-135
-269
-329
-280
-105
196
602
1076
1565
2016
2372
2589
2636
2500
2187
1718
1130
465
-230
-911
-1541
-2089
-2532
-2856
-3054
-3120
-3054
-2856
-2532
-2089
-1541
-911
-230
465
1130
1718
2187
2500
2636
2589
2372
2016
1565
1076
602
196
-105
-280
-329
-269
-135
28
175
262
259
149
-61
-354
-695
-1040
-1346
-1571
-1688
-1681
-1551
-1313
-994
-627
-250
105
413
653
818
907
926
886
799
678
534
380
226
83
-36
-122
-160
-142
-62
77
269
492
722
927
1074
1137
1096
944
691
361
-10
-380
-705
-952
-1097
-1137
-1090
-989
-879
-810
-822
-943
-1173
-1489
-1838
-2148
-2339
-2331
-2063
-1504
-663
408
1622
2857
3978
4851
5368
5457
5098
4327
3230
1935
593
-645
-1648
-2326
-2639
-2609
-2309
-1856
-1390
-1047
-942
-1143
-1660
-2442
-3379
-4318
-5086
-5513
-5462
-4849
-3659
-1951
143
2439
4717
6749
8332
9307
9581
9140
8042
6415
4432
2294
200
-1674
-3197
-4294
-4948
-5198
-5127
-4846
-4469
-4102
-3819
-3657
-3611
-3635
-3653
-3571
-3297
-2754
-1899
-729
713
2340
4027
5626
6982
7952
8419
8313
7613
6360
4646
2610
425
-1722
-3652
-5207
-6269
-6775
-6717
-6145
-5157
-3888
-2491
-1119
90
1038
1665
1958
1950
1710
1328
901
517
241
107
114
232
405
570
669
661
533
306
31
-220
-369
-344
-98
373
1032
1792
2530
3103
3368
3211
2565
1432
-112
-1921
-3791
-5483
-6759
-7414
-7307
-6390
-4716
-2440
192
2883
5311
7176
8244
8376
7549
5864
3529
837
-1871
-4261
-6037
-6991
-7021
-6150
-4516
-2352
44
2358
4294
5617
6181
5946
4977
3433
1538
-451
-2279
-3730
-4647
-4959
-4675
-3883
-2729
-1396
-74
1067
1899
2345
2392
2083
1508
788
53
-571
-986
-1130
-981
-561
68
819
1586
2259
2740
2947
2829
2370
1589
540
-690
-1994
-3247
-4322
-5097
-5474
-5383
-4794
-3725
-2240
-448
1501
3438
5179
6552
7409
7649
7224
6151
4509
2435
109
-2260
-4462
-6300
-7612
-8287
-8276
-7591
-6305
-4541
-2459
-238
1938
3900
5504
6640
7242
7287
6795
5823
4462
2827
1051
-727
-2373
-3762
-4792
-5390
-5523
-5198
-4462
-3404
-2141
-810
449
1510
2274
2680
2721
2434
1904
1244
581
38
-291
-354
-150
270
813
1351
1754
1906
1728
1197
354
-703
-1831
-2859
-3620
-3978
-3853
-3238
-2199
-874
552
1873
2897
3476
3533
3076
2199
1068
-106
-1105
-1739
-1881
-1492
-631
549
1828
2950
3669
3793
3217
1949
117
-2049
-4249
-6150
-7446
-7904
-7399
-5945
-3691
-906
2059
4826
7038
8416
8796
8156
6615
4409
1859
-681
-2883
-4482
-5324
-5373
-4716
-3538
-2088
-630
599
1429
1779
1664
1189
517
-163
-678
-905
-793
-372
247
907
1429
1653
1472
861
-117
-1316
-2528
-3520
-4074
-4031
-3321
-1983
-162
1905
3931
5616
6700
7006
6466
5139
3201
915
-1404
-3446
-4946
-5733
-5748
-5055
-3824
-2301
-760
536
1390
1693
1444
748
-208
-1194
-1977
-2363
-2239
-1585
-487
885
2310
3546
4384
0
0
0
0
0
0
0
0
0
0
0
0
0
0
0
0
0
0
0
0
0
0
0
0
0
0
0
0
0
0
0
0
0
0
0
0
0
0
0
0
0
0
0
0
0
0
0
0
0
0
0
0
0
0
0
0
0
0
0
0
0
0
0
0
0
0
0
