0
4278
8485
12550
16402
19973
23203
26035
28419
30314
31684
32507
32766
32456
31581
30156
28203
25758
22860
19561
15917
11991
7852
3573
-771
-5106
-9352
-13436
-17284
-20829
-24006
-26759
-29038
-30801
-32015
-32660
-32720
-32196
-31094
-29434
-27244
-24563
-21439
-17925
-14087
-9991
-5712
-1327
3083
7441
11667
15683
19415
22796
25762
28259
30239
31667
32514
32764
32412
31462
29931
27847
25247
22178
18696
14865
10755
6443
2009
-2465
-6896
-11201
-15299
-19113
-22570
-25606
-28162
-30190
-31650
-32514
-32764
-32394
-31411
-29832
-27686
-25012
-21861
-18292
-14372
-10175
-5781
-1274
3259
7733
12062
16161
19951
23359
26318
28771
30668
31973
32659
32711
32127
30919
29107
26727
23823
20452
16679
12577
8226
3711
-879
-5455
-9926
-14204
-18204
-21846
-25058
-27775
-29942
-31516
-32464
-32766
-32415
-31417
-29790
-27567
-24790
-21514
-17805
-13736
-9388
-4849
-209
4437
8997
13377
17489
21248
24578
27411
29687
31359
32393
32765
32468
31507
29899
27676
24884
21579
17828
13707
9301
4700
0
-4703
-9311
-13729
-17864
-21629
-24947
-27746
-29968
-31566
-32503
-32761
-32332
-31225
-29460
-27076
-24119
-20653
-16748
-12488
-7961
-3263
1506
6246
10856
15238
19298
22949
26112
28719
30713
32051
32702
32651
31900
30461
28366
25658
22395
18646
14492
10022
5332
524
-4298
-9029
-13567
-17811
-21669
-25055
-27896
-30127
-31699
-32577
-32739
-32182
-30916
-28967
-26379
-23206
-19519
-15397
-10932
-6222
-1372
3511
8320
12945
17284
21240
24723
27655
29968
31611
32545
32748
32214
30954
28995
26381
23169
19431
15252
10724
5950
1038
-3899
-8751
-13405
-17757
-21705
-25159
-28038
-30277
-31822
-32637
-32702
-32014
-30588
-28456
-25665
-22280
-18377
-14047
-9388
-4509
477
5455
10308
14924
19194
23018
26305
28979
30974
32243
32756
32498
31476
29711
27244
24133
20449
16280
11722
6884
1880
-3170
-8148
-12935
-17416
-21484
-25041
-28000
-30291
-31856
-32659
-32677
-31909
-30373
-28105
-25157
-21600
-17520
-13013
-8189
-3163
1941
7001
11893
16499
20705
24407
27516
29953
31659
32589
32721
32049
30590
28377
25463
21921
17836
13307
8448
3377
-1780
-6896
-11843
-16499
-20746
-24479
-27603
-30040
-31727
-32621
-32699
-31957
-30413
-28105
-25088
-21439
-17247
-12618
-7668
-2522
2689
7836
12787
17416
21605
25247
28248
30530
32035
32723
32574
31592
29801
27244
23987
20112
15718
10917
5832
595
-4660
-9798
-14685
-19194
-23208
-26622
-29345
-31307
-32455
-32757
-32206
-30813
-28614
-25665
-22043
-17841
-13169
-8148
-2911
2405
7661
12717
17440
21705
25397
28419
30689
32146
32750
32483
31352
29385
26633
23169
19084
14487
9500
4255
-1105
-6439
-11603
-16457
-20870
-24723
-27911
-30346
-31961
-32712
-32578
-31559
-29684
-27001
-23582
-19519
-14922
-9916
-4636
771
6162
11386
16301
20770
24671
27896
30354
31977
32719
32558
31498
29565
26813
23317
19172
14492
9407
4058
-1405
-6833
-12073
-16978
-21411
-25247
-28377
-30713
-32188
-32760
-32410
-31148
-29007
-26047
-22351
-18021
-13179
-7961
-2516
3003
8440
13640
18454
22745
26389
29282
31340
32503
32737
32033
30409
27913
24613
20604
16000
10932
5547
0
-5550
-10942
-16021
-20637
-24657
-27963
-30458
-32068
-32745
-32468
-31244
-29107
-26118
-22364
-17952
-13013
-7689
-2137
3479
8997
14252
19090
23367
26955
29748
31662
32640
32650
31691
29790
27003
23411
19119
14256
8965
3403
-2262
-7862
-13230
-18204
-22633
-26385
-29345
-31423
-32556
-32707
-31871
-30072
-27362
-23823
-19561
-14703
-9397
-3803
1908
7565
12994
18030
22517
26318
29316
31419
32559
32702
31841
30001
27238
23635
19302
14372
8996
3339
-2422
-8112
-13553
-18577
-23026
-26761
-29667
-31650
-32648
-32629
-31591
-29565
-26615
-22829
-18327
-13249
-7752
-2009
3799
9491
14886
19815
24120
27666
30338
32052
32751
32412
31044
28690
25423
21345
16586
11295
5642
-193
-6025
-11667
-16938
-21669
-25706
-28920
-31206
-32489
-32726
-31909
-30063
-27244
-23544
-19081
-13998
-8460
-2644
3259
9060
14569
19606
24006
27626
30346
32075
32756
32366
30916
28451
25051
20827
15917
10480
4696
-1244
-7147
-12817
-18065
-22719
-26622
-29644
-31684
-32674
-32578
-31398
-29173
-25975
-21909
-17110
-11737
-5969
0
5972
11747
17130
21941
26016
29217
31436
32596
32657
31615
29504
26395
22390
17625
12260
6476
470
-5554
-11392
-16845
-21726
-25867
-29127
-31393
-32585
-32662
-31619
-29491
-26349
-22301
-17483
-12062
-6222
-166
5898
11762
17222
22088
26191
29387
31566
32648
32597
31411
29131
25835
21636
16679
11138
5205
-912
-7001
-12847
-18244
-23003
-26955
-29960
-31912
-32739
-32412
-30940
-28374
-24803
-20353
-15179
-9465
-3413
2763
8843
14612
19863
24407
28083
30758
32334
32755
32003
30103
27124
23169
18381
12929
7010
836
-5370
-11386
-16993
-21989
-26191
-29446
-31636
-32680
-32538
-31214
-28754
-25247
-20819
-15630
-9868
-3744
2518
8692
14551
19879
24480
28184
30855
32393
32739
31880
29845
26709
22585
17625
12011
5950
-333
-6607
-12639
-18204
-23094
-27128
-30152
-32055
-32763
-32248
-30528
-27666
-23767
-18976
-13473
-7461
-1167
5173
11322
17047
22132
26385
29644
31785
32724
32427
30901
28203
24435
19738
14288
8294
1981
-4409
-10635
-16457
-21654
-26025
-29402
-31656
-32697
-32485
-31027
-28377
-24634
-19943
-14481
-8460
-2109
4324
10594
16457
21686
26077
29459
31699
32710
32451
30929
28203
24378
19601
14056
7961
1552
-4919
-11201
-17047
-22227
-26537
-29806
-31906
-32751
-32307
-30590
-27666
-23648
-18696
-13002
-6791
-309
6187
12441
18204
23246
27366
30398
32222
32762
31995
29951
26709
22398
17189
11289
4935
-1619
-8112
-14281
-19879
-24678
-28486
-31147
-32552
-32643
-31416
-28917
-25247
-20553
-15023
-8882
-2378
4225
10659
16662
21989
26421
29777
31918
32756
32254
30432
27362
23169
18024
12137
5748
-879
-7473
-13762
-19485
-24407
-28323
-31070
-32533
-32650
-31414
-28875
-25136
-20353
-14721
-8475
-1874
4807
11292
17307
22602
26955
30182
32146
32765
32010
29911
26556
22083
16679
10571
4016
-2711
-9326
-15551
-21121
-25799
-29387
-31732
-32732
-32344
-30582
-27520
-23286
-18060
-12062
-5547
1206
7911
14280
20041
24947
28786
31393
32653
32513
30975
28105
24024
18906
12972
6476
-301
-7069
-13534
-19415
-24458
-28443
-31196
-32596
-32580
-31148
-28360
-24336
-19250
-13322
-6811
0
6813
13332
19269
24364
28393
31178
32594
32578
31129
28309
24241
19103
13120
6555
-301
-7147
-13680
-19609
-24671
-28641
-31340
-32648
-32505
-30916
-27948
-23735
-18460
-12360
-5706
1206
8067
14569
20421
25359
29162
31656
32728
32328
30473
27244
22786
17298
11027
4255
-2711
-9557
-15974
-21669
-26383
-29901
-32062
-32766
-31979
-29736
-26137
-21345
-15577
-9095
-2195
4807
11593
17850
23291
27666
30771
32464
32665
31362
28614
24546
19345
13249
6538
-477
-7473
-14125
-20126
-25196
-29098
-31650
-32732
-32292
-30349
-26991
-22374
-16712
-10266
-3339
3746
10659
17076
22694
27251
30530
32377
32702
31489
28793
24740
19519
13375
6597
-494
-7565
-14281
-20323
-25404
-29282
-31772
-32753
-32178
-30072
-26533
-21729
-15887
-9285
-2238
4919
11843
18204
23695
28052
31066
32589
32548
30942
27847
23411
17845
11416
4435
-2763
-9830
-16425
-22227
-26955
-30378
-32330
-32713
-31507
-28769
-24631
-19293
-13013
-6096
1120
8285
15047
21076
26077
29802
32068
32763
31850
29372
25451
20276
14101
7230
0
-7232
-14111
-20295
-25478
-29402
-31872
-32764
-32033
-29711
-25913
-20827
-14703
-7845
-595
6688
13640
19914
25196
29220
31785
32759
32093
29819
26047
20967
14832
7950
664
-6656
-13645
-19948
-25247
-29273
-31822
-32763
-32046
-29706
-25861
-20703
-14492
-7543
-209
7138
14125
20396
25629
29557
31977
32766
31880
29363
25342
20022
13674
6622
-771
-8129
-15071
-21240
-26318
-30042
-32219
-32734
-31559
-28754
-24461
-18901
-12360
-5177
2276
9615
16457
22447
27271
30678
32489
32608
31026
27825
23169
17302
10527
3199
-4298
-11573
-18244
-23960
-28419
-31387
-32705
-32302
-30198
-26501
-21406
-15179
-8148
-684
6817
13962
20369
25700
29668
32064
32757
31710
28975
24698
19103
12488
5205
-2358
-9798
-16717
-22745
-27557
-30894
-32577
-32513
-30703
-27244
-22319
-16192
-9191
-1693
5898
13175
19743
25247
29388
31941
32765
31816
29141
24884
19276
12618
5272
-2362
-9871
-16845
-22903
-27714
-31014
-32621
-32445
-30495
-26875
-21781
-15492
-8351
-749
6896
14165
20658
26016
29942
32220
32721
31417
28377
23767
17841
10926
3403
-4310
-11787
-18613
-24407
-28847
-31684
-32759
-32010
-29476
-25298
-19707
-13013
-5590
2148
9769
16845
22980
27828
31116
32659
32366
30254
26438
21133
14635
7310
-430
-8148
-15409
-21801
-26962
-30598
-32502
-32563
-30778
-27244
-22162
-15818
-8572
-836
6950
14343
20920
26305
30190
32350
32661
31103
27762
22829
16586
9388
1649
-6187
-13670
-20369
-25898
-29936
-32249
-32702
-31267
-28024
-23161
-16955
-9766
-2009
5867
13405
20168
25762
29860
32222
32709
31291
28049
23169
16936
9711
1916
-5992
-13553
-20323
-25904
-29968
-32275
-32687
-31179
-27837
-22855
-16527
-9222
-1372
6562
14111
20829
26318
30252
32397
32623
30916
27374
22206
15718
8294
373
-7571
-15067
-21669
-26980
-30683
-32556
-32483
-30469
-26631
-21197
-14492
-6916
1077
9009
16402
22811
27851
31216
32702
32218
29790
25564
19793
12824
5078
-2978
-10856
-18080
-24210
-28873
-31785
-32766
-31757
-28816
-24119
-17952
-10689
-2772
5316
13083
20053
25799
29968
32304
32662
31017
27469
22233
15630
8064
0
-8067
-15639
-22251
-27492
-31038
-32669
-32282
-29899
-25665
-19840
-12785
-4935
3223
11185
18454
24578
29176
31960
32754
31507
28295
23317
16881
9388
1306
-6859
-14599
-21426
-26913
-30713
-32587
-32415
-30206
-26096
-20343
-13307
-5431
2789
10837
18204
24423
29100
31937
32755
31498
28244
23199
16679
9099
938
-7285
-15047
-21854
-27271
-30951
-32659
-32282
-29844
-25497
-19519
-12290
-4271
4023
12062
19330
25359
29762
32252
32670
30984
27303
21861
15008
7184
-1105
-9326
-16947
-23474
-28484
-31650
-32766
-31757
-28687
-23753
-17274
-9670
-1435
6896
14781
21705
27215
30951
32666
32248
29720
25247
19119
11737
3583
-4807
-12886
-20121
-26035
-30239
-32455
-32534
-30469
-26395
-20578
-13400
-5336
3083
11302
18775
25007
29584
32200
32681
30992
27244
21684
14679
6695
-1736
-10055
-17706
-24178
-29038
-31959
-32744
-31340
-27837
-22468
-15592
-7668
771
9163
16942
23583
28641
31772
32764
31548
28203
22955
16155
8261
-193
-8637
-16499
-23246
-28419
-31667
-32766
-31641
-28366
-23161
-16378
-8479
0
8482
16388
23178
28387
31659
32766
31633
28334
23092
16267
8323
-193
-8699
-16610
-23382
-28547
-31748
-32764
-31521
-28105
-22748
-15818
-7793
771
9287
17161
23850
28887
31923
32744
31292
27666
22114
15023
6884
-1736
-10238
-18030
-24565
-29387
-32158
-32681
-30919
-26991
-21173
-13868
-5590
3083
11543
19194
25499
30012
32414
32534
30361
26047
19895
12336
3903
-4807
-13181
-20625
-26610
-30711
-32637
-32248
-29569
-24790
-18247
-10405
-1820
6896
15124
22277
27843
31423
32760
31757
28483
23169
16196
8060
-655
-9326
-17331
-24094
-29127
-32068
-32703
-30984
-27033
-21133
-13707
-5289
3511
12062
19743
25999
30374
32552
32371
29844
25150
18630
10754
2094
-6719
-15047
-22282
-27896
-31478
-32765
-31661
-28244
-22763
-15616
-7324
1506
10228
18204
24847
29668
32313
32585
30461
26096
19809
12062
3423
-5469
-13962
-21426
-27310
-31178
-32740
-31881
-28661
-23317
-16242
-7961
912
9721
17811
24578
29519
32265
32608
30520
26157
19840
12041
3339
-5613
-14150
-21629
-27492
-31296
-32755
-31758
-28377
-22863
-15630
-7219
1736
10564
18599
25234
29968
32443
32468
30041
25342
18725
10689
1842
-7147
-15598
-22868
-28404
-31785
-32751
-31227
-27327
-21345
-13736
-5078
3969
12717
20496
26712
30887
32702
32014
28875
23522
16364
7950
-1077
-10024
-18204
-24986
-29848
-32414
-32483
-30050
-25298
-18593
-10451
-1499
7571
16058
23305
28750
31969
32711
30916
26720
20449
12587
3744
-5391
-14111
-21734
-27666
-31442
-32766
-31533
-27837
-21964
-14372
-5653
3510
12401
20323
26654
30894
32710
31957
28692
23169
15822
7226
-1941
-10958
-19113
-25762
-30378
-32596
-32237
-29328
-24096
-16955
-8469
691
9799
18132
25028
29936
32465
32412
29778
24772
17791
9388
234
-8940
-17404
-24479
-29598
-32350
-32513
-30072
-25219
-18342
-9991
-836
8388
16942
24135
29387
32275
32563
30226
25451
18620
10283
1113
-8148
-16754
-24006
-29316
-32252
-32574
-30254
-25477
-18630
-10266
-1066
8222
16845
24098
29390
32286
32549
30156
25298
18372
9941
695
-8610
-17213
-24407
-29603
-32371
-32482
-29925
-24908
-17841
-9305
0
9307
17850
24924
29942
32491
32356
29546
24293
17028
8351
-1019
-10308
-18745
-25629
-30386
-32621
-32145
-28995
-23432
-15917
-7073
2362
11603
19879
26497
30903
32728
31816
28241
22301
14491
5464
-4023
-13175
-21224
-27492
-31451
-32766
-31324
-27244
-20868
-12732
-3519
5992
15001
22745
28568
31977
32682
30619
25962
19103
10622
1238
-8253
-17047
-24394
-29668
-32420
-32412
-29643
-24347
-16973
-8148
1373
10781
19269
26112
30723
32705
31886
28334
22351
14449
5304
-4298
-13534
-21608
-27826
-31650
-32749
-31026
-26627
-19930
-11510
-2094
7504
16457
23989
29446
32355
32460
29752
24461
17046
8148
-1459
-10942
-19477
-26318
-30870
-32732
-31742
-27983
-21780
-13674
-4371
5316
14541
22496
28484
31977
32669
30495
25645
18541
9807
209
-9410
-18204
-25397
-30356
-32640
-32046
-28625
-22675
-14721
-5464
4278
13645
21806
28038
31787
32719
30748
26047
19032
10324
695
-8997
-17892
-25196
-30256
-32621
-32077
-28669
-22701
-14703
-5389
4409
13816
21989
28193
31872
32694
30582
25725
18555
9715
0
-9718
-18563
-25739
-30598
-32699
-31850
-28126
-21861
-13619
-4144
5708
15047
23026
28920
32194
32549
29951
24631
17073
7961
-1876
-11547
-20168
-26955
-31287
-32766
-31257
-26894
-20073
-11416
-1713
8148
17267
24807
30076
32589
32113
28690
22632
14492
5018
-4919
-14407
-22570
-28657
-32104
-32591
-30072
-24775
-17189
-8012
1907
11653
20323
27113
31393
32763
31094
26539
19519
10683
852
-9060
-18132
-25519
-30530
-32697
-31816
-27965
-21503
-13031
-3339
6667
16052
23938
29584
32459
32292
29097
23169
15065
5543
-4501
-14125
-22423
-28612
-32108
-32578
-29977
-24546
-16798
-7461
2582
12385
21019
27666
31694
32721
30647
25665
18247
9095
-923
-10856
-19760
-26786
-31264
-32766
-31146
-26556
-19431
-10451
-470
9557
18675
26008
30855
32749
31507
27244
20368
11537
1595
-8501
-17784
-25359
-30497
-32702
-31758
-27754
-21074
-12360
-2451
7696
17103
24860
30215
32648
31922
28105
21563
12929
3039
-7147
-16643
-24525
-30025
-32607
-32016
-28309
-21844
-13249
-3359
6859
16412
24364
29939
32588
32050
28377
21924
13322
3413
-6833
-16412
-24382
-29960
-32596
-32028
-28309
-21804
-13150
-3199
7069
16643
24578
30089
32630
31946
28105
21482
12732
2719
-7565
-17103
-24947
-30318
-32680
-31797
-27754
-20951
-12062
-1970
8320
17784
25478
30633
32732
31565
27244
20200
11134
952
-9326
-18675
-26154
-31014
-32765
-31228
-26556
-19215
-9941
333
10578
19760
26955
31436
32749
30759
25665
17979
8475
-1887
-12062
-21019
-27851
-31864
-32650
-30126
-24546
-16475
-6728
3703
13762
22423
28806
32258
32427
29291
23169
14683
4696
-5772
-15653
-23938
-29777
-32571
-32033
-28214
-21503
-12587
-2378
8077
17706
25519
30711
32748
31416
26850
19519
10175
-219
-10594
-19879
-27113
-31549
-32726
-30520
-25157
-17189
-7439
3083
13289
22119
28657
32222
32441
29289
23092
14492
4381
-6187
-16114
-24364
-30076
-32652
-31820
-27666
-20619
-11416
-1017
9491
19008
26537
31287
32757
30792
25595
17709
7961
-2625
-12939
-21894
-28547
-32194
-32451
-29286
-23032
-14346
-4144
6498
16457
24678
30291
32699
31644
27238
19943
10531
0
-10533
-19951
-27251
-31656
-32694
-30254
-24592
-16309
-6286
4409
14637
23305
29487
32519
32077
28203
21312
12137
1660
-8997
-18692
-26385
-31248
-32757
-30748
-25434
-17383
-7461
3266
13645
22556
29038
32390
32248
28625
21909
12824
2351
-8378
-18204
-26061
-31098
-32765
-30880
-25645
-17625
-7689
3083
13524
22496
29023
32393
32235
28565
21780
12618
2077
-8692
-18516
-26318
-31245
-32755
-30681
-25247
-17046
-6975
3863
14280
23132
29446
32527
32033
28015
20915
11510
836
-9932
-19609
-27125
-31650
-32682
-30103
-24198
-15616
-5304
5596
15880
24407
30232
32705
31550
26894
19250
9465
-1373
-12062
-21411
-28379
-32188
-32412
-29022
-22395
-13267
-2656
8253
18244
26197
31222
32754
30619
25054
16679
6433
-4537
-15001
-23783
-29895
-32648
-31731
-27244
-19690
-9916
976
11762
21224
28293
32170
32415
28997
22301
13080
2378
-8595
-18599
-26497
-31393
-32729
-30352
-24528
-15917
-5494
5554
15974
24578
30386
32734
31352
26395
18425
8351
-2679
-13405
-22602
-29217
-32491
-32046
-27932
-20616
-10936
0
10939
20625
27944
32055
32482
29173
22507
13249
2462
-8610
-18692
-26622
-31481
-32707
-30156
-24119
-15293
-4696
6446
16845
25296
30817
32766
30916
25477
17079
6695
-4468
-15115
-24006
-30106
-32702
-31489
-26606
-18620
-8460
2689
13528
22788
29387
32552
31909
27532
19930
9991
-1120
-12103
-21669
-28693
-32350
-32208
-28280
-21025
-11295
-234
10856
20671
28052
32127
32412
28871
21921
12379
1372
-9799
-19815
-27487
-31906
-32545
-29328
-22632
-13249
-2291
8940
19113
27016
31708
32629
29666
23169
13911
2992
-8285
-18577
-26654
-31549
-32677
-29899
-23544
-14372
-3477
7836
18214
26411
31442
32702
30037
23764
14635
3744
-7598
-18030
-26293
-31393
-32711
-30086
-23833
-14703
-3796
7571
18026
26305
31405
32707
30050
23753
14577
3632
-7754
-18204
-26446
-31479
-32688
-29925
-23522
-14256
-3253
8148
18560
26712
31608
32650
29706
23135
13736
2656
-8751
-19090
-27095
-31785
-32581
-29385
-22585
-13013
-1842
9557
19786
27585
31994
32468
28947
21861
12081
809
-10564
-20637
-28166
-32219
-32293
-28377
-20951
-10932
440
11762
21629
28819
32437
32033
27653
19840
9561
-1907
-13142
-22745
-29519
-32621
-31661
-26755
-18514
-7961
3586
14689
23960
30239
32740
31148
25658
16955
6128
-5469
-16384
-25247
-30944
-32759
-30461
-24336
-15151
-4058
7546
18204
26572
31595
32638
29565
22763
13087
1756
-9798
-20118
-27896
-32148
-32332
-28424
-20915
-10754
771
12203
22088
29171
32552
31797
27001
18769
8148
-3511
-14727
-24069
-30346
-32754
-30984
-25260
-16309
-5272
6439
17331
26008
31359
32696
29845
23169
13521
2137
-9523
-19964
-27843
-32146
-32318
-28334
-20703
-10405
1234
12717
22564
29503
32637
31559
26407
17841
6968
-4807
-15965
-25058
-30909
-32757
-30361
-24028
-14577
-3233
8533
19194
27364
31977
32433
28669
21173
10917
-762
-12345
-22321
-29387
-32619
-31592
-26438
-17828
-6884
4961
16161
25247
31028
32744
30168
23635
13998
2522
-9287
-19879
-27860
-32179
-32265
-28105
-20242
-9711
2101
13640
23382
30040
32733
31103
25362
16267
5018
-6896
-17901
-26537
-31659
-32585
-29190
-21921
-11741
0
11743
21929
29201
32589
31641
26480
17791
6728
-5233
-16499
-25566
-31222
-32709
-29826
-22955
-13013
-1327
10537
20994
28641
32450
31909
27088
18630
7668
-4324
-15739
-25041
-30976
-32744
-30105
-23411
-13561
-1880
10055
20637
28436
32397
31982
27244
18822
7852
-4182
-15653
-25007
-30974
-32743
-30072
-23319
-13400
-1660
10308
20879
28612
32455
31881
26966
18377
7282
-4807
-16245
-25468
-31216
-32702
-29720
-22675
-12528
-664
11292
21705
29147
32596
31576
26225
17274
5950
-6193
-17489
-26383
-31650
-32564
-28995
-21433
-10917
1105
12978
23064
29968
32737
30984
24950
15465
3839
-8320
-19330
-27666
-32170
-32217
-27796
-19519
-8531
3643
15314
24860
30951
32739
29972
23032
12884
938
-11141
-21669
-29176
-32613
-31498
-25982
-16835
-5332
6918
18204
26944
31912
32410
28366
20343
9465
-2743
-14569
-24351
-30713
-32759
-30198
-23387
-13283
-1306
10856
21492
29100
32604
31507
25962
16748
5166
-7147
-18454
-27152
-32008
-32332
-28076
-19840
-8789
3510
15314
24947
31038
32720
29752
22551
12140
0
-12143
-22559
-29762
-32723
-31017
-24884
-15198
-3339
8998
20053
28242
32393
31908
26854
17952
6476
-5930
-17489
-26541
-31785
-32465
-28481
-20402
-9388
2978
14918
24714
30951
32730
29790
22554
12062
-172
-12385
-22811
-29942
-32746
-30813
-24421
-14492
-2462
9926
20879
28806
32556
31581
26021
16679
4912
-7571
-18956
-27585
-32200
-32127
-27374
-18630
-7167
5342
17076
26318
31719
32485
28504
20353
9222
-3259
-15267
-25041
-31147
-32687
-29434
-21861
-11077
1334
13553
23783
30517
32764
30189
23169
12736
423
-11953
-22570
-29860
-32743
-30792
-24293
-14202
-2009
10483
21426
29201
32652
31267
25247
15482
3419
-9153
-20369
-28563
-32514
-31633
-26047
-16586
-4654
7973
19415
27967
32350
31910
26709
17520
5712
-6950
-18577
-27428
-32179
-32116
-27244
-18292
-6597
6088
17864
26962
32015
32263
27666
18910
7310
-5391
-17284
-26579
-31872
-32366
-27983
-19380
-7852
4862
16845
26287
31760
32433
28203
19707
8226
-4501
-16550
-26094
-31684
-32472
-28334
-19895
-8434
4310
16402
26003
31651
32486
28377
19946
8475
-4288
-16402
-26016
-31662
-32478
-28334
-19861
-8351
4437
16550
26133
31717
32445
28203
19638
8060
-4756
-16845
-26351
-31812
-32386
-27983
-19276
-7602
5243
17284
26666
31941
32293
27666
18769
6975
-5898
-17864
-27071
-32095
-32157
-27244
-18113
-6176
6719
18577
27557
32265
31968
26709
17302
5205
-7702
-19415
-28111
-32434
-31710
-26047
-16326
-4058
8843
20369
28719
32588
31368
25247
15179
2736
-10137
-21426
-29364
-32705
-30922
-24293
-13853
-1238
11573
22570
30025
32764
30353
23169
12339
-434
-13142
-23783
-30678
-32739
-29638
-21861
-10632
2276
14829
25041
31296
32604
28754
20353
8727
-4282
-16616
-26318
-31849
-32328
-27676
-18630
-6622
6439
18480
27585
32302
31880
26381
16679
4318
-8734
-20396
-28806
-32620
-31227
-24845
-14492
-1820
11144
22329
29942
32763
30335
23047
12062
-859
-13645
-24243
-30951
-32688
-29173
-20967
-9388
3703
16202
26094
31785
32354
27709
18593
6476
-6688
-18775
-27832
-32393
-31718
-25913
-15915
-3339
9779
21317
29402
32723
30737
23764
12933
0
-12935
-23772
-30745
-32720
-29372
-21243
-9654
3510
16105
26077
31798
32332
27590
18342
6096
-7147
-19226
-28162
-32493
-31507
-25362
-15061
-2291
10856
22227
29953
32765
30198
22670
11416
-1716
-14569
-25028
-31370
-32548
-28366
-19509
-7435
5867
18204
27539
32330
31782
25982
15887
3163
-10086
-21669
-29667
-32753
-30413
-23032
-11831
1334
14281
24860
31312
32563
28403
19519
7387
-5976
-18347
-27666
-32377
-31693
-25725
-15465
-2622
10659
22164
29968
32766
30086
22374
10917
-2369
-15261
-25599
-31650
-32396
-27709
-18372
-5950
7473
19643
28516
32596
31195
24546
13765
664
-12550
-23653
-30771
-32702
-29116
-20616
-8634
4807
17440
27128
32230
31881
26137
15968
3092
-10308
-21966
-29901
-32766
-30072
-22272
-10689
2711
15653
25937
31812
32275
27244
17574
4908
-8595
-20637
-29162
-32712
-30681
-23411
-12140
1206
14349
25041
31451
32480
27948
18630
6117
-7445
-19735
-28641
-32634
-31026
-24089
-13013
301
13567
24501
31222
32570
28309
19172
6728
-6876
-19298
-28393
-32589
-31159
-24347
-13326
0
13328
24354
31166
32585
28360
19220
6748
-6896
-19347
-28443
-32604
-31103
-24198
-13087
301
13640
24608
31294
32533
28105
18778
6176
-7504
-19879
-28786
-32669
-30847
-23635
-12290
1206
14493
25247
31583
32389
27520
17828
5008
-8692
-20870
-29387
-32745
-30352
-22624
-10917
2711
15865
26229
31977
32094
26556
16335
3233
-10442
-22277
-30182
-32757
-29546
-21112
-8944
4807
17712
27483
32390
31559
25136
14256
845
-12717
-24026
-31070
-32598
-28334
-19032
-6345
7473
19964
28903
32697
30666
23169
11540
-2148
-15456
-26008
-31918
-32127
-26596
-16309
-3103
10659
22517
30346
32741
29270
20553
8148
-5719
-18563
-28078
-32552
-31179
-24202
-12874
771
14281
25223
31625
32332
27214
17189
4062
-9798
-21894
-30040
-32762
-29565
-21025
-8682
5233
18204
27882
32514
31257
24336
13002
-691
-14262
-25247
-31650
-32307
-27094
-16955
-3732
10171
22227
30239
32747
29289
20494
7961
-6025
-18915
-28356
-32621
-30929
-23586
-11931
1907
15400
26077
31982
32033
26215
15592
2109
-11762
-23479
-30889
-32629
-28377
-18910
-5966
8077
20637
29402
32756
30080
21861
9613
-4409
-17621
-27585
-32459
-31342
-24435
-13013
816
14497
25499
31785
32188
26631
16140
2656
-11322
-23203
-30782
-32650
-28456
-18976
-5969
8148
20755
29503
32763
29925
21514
9095
-5021
-18204
-27995
-32564
-31058
-23753
-12011
1977
15598
26305
32095
31880
25698
14703
952
-12978
-24480
-31393
-32418
-27360
-17165
-3744
10381
22559
30497
32702
28754
19394
6380
-7836
-20580
-29446
-32762
-29899
-21393
-8847
5370
18577
28275
32630
30814
23169
11138
-3003
-16579
-27016
-32334
-31523
-24733
-13249
751
14612
25700
31906
32048
26096
15179
1372
-12698
-24354
-31371
-32412
-27273
-16932
-3359
10856
23003
30758
32638
28280
18514
5205
-9101
-21669
-30089
-32747
-29131
-19930
-6905
7445
20371
29387
32762
29844
21189
8460
-5898
-19125
-28673
-32702
-30433
-22301
-9868
4468
17946
27963
32585
30916
23274
11134
-3159
-16845
-27275
-32428
-31305
-24119
-12260
1977
15833
26622
32247
31615
24845
13249
-923
-14918
-26016
-32055
-31858
-25461
-14105
0
14107
25468
31864
32046
25975
14832
792
-13405
-24986
-31684
-32188
-26395
-15435
-1452
12817
24578
31525
32292
26727
15917
1981
-12345
-24250
-31393
-32366
-26976
-16280
-2378
11993
24006
31293
32415
27148
16527
2644
-11762
-23850
-31230
-32442
-27244
-16660
-2779
11653
23783
31206
32451
27267
16679
2783
-11667
-23806
-31222
-32441
-27217
-16586
-2656
11803
23919
31277
32412
27094
16378
2398
-12062
-24120
-31370
-32361
-26894
-16056
-2009
12441
24407
31496
32285
26615
15616
1488
-12939
-24777
-31650
-32178
-26251
-15055
-836
13553
25223
31826
32033
25797
14372
52
-14280
-25739
-32015
-31841
-25247
-13561
863
15115
26318
32208
31592
24592
12618
-1908
-16052
-26950
-32393
-31276
-23823
-11540
3083
17085
27622
32556
30880
22932
10324
-4384
-18204
-28323
-32682
-30389
-21909
-8965
5807
19399
29038
32755
29790
20744
7461
-7347
-20658
-29748
-32757
-29067
-19428
-5811
8997
21966
30436
32669
28203
17952
4016
-10746
-23305
-31079
-32468
-27184
-16309
-2077
12583
24657
31656
32135
25992
14491
0
-14493
-25999
-32139
-31644
-24613
-12494
2208
16457
27304
32503
30975
23032
10317
-4537
-18454
-28547
-32719
-30103
-21238
-7961
6971
20458
29694
32757
29007
19220
5431
-9491
-22439
-30713
-32587
-27666
-16973
-2736
12073
24364
31568
32177
26060
14492
-108
-14689
-26197
-32222
-31498
-24174
-11781
3083
17304
27896
32634
30520
21996
8847
-6162
-19879
-29416
-32766
-29219
-19519
-5706
9311
22368
30711
32578
27570
16743
2378
-12491
-24723
-31732
-32033
-25558
-13674
1105
15653
26888
32428
31095
23169
10328
-4707
-18745
-28806
-32750
-29736
-20402
-6728
8378
21705
30414
32650
27932
17262
2911
-12062
-24465
-31651
-32083
-25665
-13765
1077
15692
26955
32455
31012
22932
9941
-5180
-19194
-29098
-32765
-29406
-19738
-5832
9326
22486
30817
32526
27244
16102
1495
-13436
-25478
-32035
-31693
-24521
-12062
2999
17416
28078
32680
30226
21243
7668
-7565
-21167
-30192
-32685
-28105
-17438
-2992
12103
24578
31727
31995
25321
13150
-1876
-16499
-27539
-32596
-30567
-21889
-8448
6833
20630
29936
32722
28377
17845
3419
-11753
-24364
-31659
-32040
-25423
-13249
1823
16499
27568
32607
30508
21729
8189
-7147
-20920
-30108
-32693
-28105
-17347
-2779
12401
24860
31856
31850
24838
12360
-2839
-17416
-28160
-32702
-30037
-20749
-6884
8501
22013
30668
32552
27244
15915
1066
-14020
-26008
-32243
-31342
-23500
-10451
4915
19194
29220
32766
29042
18871
4509
-10856
-23813
-31479
-32147
-25665
-13473
1720
16533
27666
32637
30335
21271
7461
-8015
-21705
-30552
-32578
-27327
-15968
-1038
14125
26133
32294
31228
23169
9920
-5554
-19786
-29584
-32748
-28565
-17970
-3339
12043
24723
31849
31816
24627
11897
-3511
-18132
-28673
-32755
-29458
-19519
-5177
10334
23516
31393
32182
25702
13414
-1907
-16800
-27896
-32682
-30072
-20653
-6555
9029
22570
30997
32395
26445
14492
-751
-15827
-27310
-32589
-30461
-21406
-7481
8148
21926
30713
32507
26894
15151
-48
-15238
-26955
-32522
-30664
-21804
-7961
7702
21608
30575
32549
27076
15403
202
-15047
-26852
-32503
-30703
-21861
-8002
7696
21629
30598
32538
27001
15255
0
-15257
-27007
-32541
-30582
-21579
-7602
8129
21989
30779
32468
26664
14703
-655
-15865
-27411
-32621
-30288
-20948
-6758
8997
22672
31098
32318
26047
13736
-1763
-16855
-28038
-32713
-29790
-19946
-5464
10289
23653
31516
32046
25116
12336
-3319
-18204
-28847
-32766
-29042
-18541
-3711
11987
24889
31977
31593
23823
10480
-5316
-19871
-29777
-32711
-27983
-16697
-1495
14059
26318
32404
30885
22114
8148
-7733
-21801
-30745
-32460
-26539
-14372
1180
16457
27860
32699
29832
19930
5325
-10537
-23916
-31650
-31910
-24631
-11530
4298
19113
29409
32747
28334
17210
2009
-13670
-26112
-32365
-30942
-22178
-8148
7817
21929
30833
32412
26285
13907
-1780
-17047
-28259
-32743
-29429
-19103
-4222
11667
24777
31977
31548
23586
9991
-5992
-20546
-30192
-32619
-27244
-15350
219
15739
27492
32660
30001
20149
5464
-10533
-24006
-31719
-31816
-24270
-10892
5106
19879
29873
32681
27625
15917
373
-15261
-27221
-32621
-30156
-20416
-5748
10308
23879
31684
31836
24293
10875
-5173
-19973
-29942
-32665
-27477
-15633
0
15636
27483
32666
29925
19920
5078
-10999
-24407
-31886
-31615
-23656
-9941
6193
20824
30386
32549
26782
14487
-1341
-16845
-28242
-32749
-29262
-18630
-3445
12583
25539
32252
31078
22301
8064
-8148
-22368
-31111
-32231
-25451
-12429
3643
18824
29387
32737
28047
16465
836
-15001
-27152
-32625
-30072
-20115
-5205
10989
24479
31937
31523
23335
9388
-6876
-21447
-30723
-32412
-26092
-13322
2743
18132
29038
32759
28371
16955
1338
-14612
-26944
-32596
-30164
-20247
-5304
10958
24501
31960
31477
23169
9099
-7236
-21774
-30894
-32323
-25702
-12676
3510
18824
29446
32724
27837
16000
166
-15711
-27666
-32707
-29572
-19041
-3744
12491
25602
32304
30916
21780
7184
-9215
-23305
-31551
-31880
-24205
-10451
5930
20824
30486
32483
26311
13518
-2679
-18204
-29147
-32749
-28098
-16364
-502
15488
27574
32702
29574
18976
3583
-12717
-25806
-32371
-30748
-21345
-6538
9926
23879
31785
31636
23467
9346
-7147
-21830
-30974
-32254
-25342
-11991
4409
19692
29968
32623
26976
14462
-1736
-17495
-28798
-32764
-28377
-16752
-852
15267
27492
32699
29554
18857
3339
-13034
-26077
-32450
-30520
-20777
-5712
10817
24578
32042
31291
22515
7961
-8637
-23021
-31496
-31881
-24075
-10079
6509
21426
30833
32307
25463
12062
-4448
-19815
-30076
-32585
-26689
-13907
2465
18204
29244
32732
27762
15616
-569
-16610
-28356
-32765
-28692
-17189
-1231
15047
27428
32699
29490
18630
2932
-13528
-26478
-32552
-30168
-19943
-4530
12062
25519
32337
30737
21133
6022
-10659
-24565
-32068
-31208
-22206
-7407
9326
23628
31760
31593
23169
8686
-8070
-22719
-31423
-31903
-24028
-9858
6896
21846
31070
32147
24790
10926
-5807
-21019
-30711
-32336
-25461
-11891
4807
20244
30356
32478
26047
12755
-3899
-19528
-30012
-32581
-26556
-13521
3083
18877
29687
32654
26991
14192
-2362
-18294
-29387
-32703
-27360
-14769
1736
17784
29119
32734
27666
15255
-1206
-17349
-28887
-32752
-27913
-15652
771
16993
28695
32761
28105
15962
-434
-16717
-28547
-32765
-28244
-16186
193
16523
28443
32766
28334
16326
-48
-16412
-28387
-32766
-28374
-16382
0
0
0
0
0
0
0
0
0
0
0
0
0
0
0
0
0
0
0
0
0
0
0
0
0
0
0
0
0
0
0
0
0
0
0
0
0
0
0
0
0
0
0
0
0
0
0
0
0
0
0
0
0
0
0
0
0
0
0
0
0
0
0
0
0
0
0
0
0
0
0
0
0
0
0
0
0
0
0
0
0
0
0
0
0
0
0
0
0
0
0
0
0
0
0
0
0
0
0
0
0
0
0
0
0
0
0
0
0
0
0
0
0
0
0
0
0
0
0
0
0
0
0
0
0
0
0
0
0
0
0
0
0
0
0
0
0
0
0
0
0
0
0
0
0
0
0
0
0
0
0
0
0
0
0
0
0
0
0
0
0
0
0
0
0
0
0
0
0
0
0
0
0
0
0
0
0
0
0
0
0
0
0
0
0
0
0
0
0
0
0
0
0
0
0
0
0
0
0
0
0
0
0
0
0
0
0
0
0
0
0
0
0
0
0
0
0
0
0
0
0
0
0
0
0
0
0
0
0
0
0
0
0
0
0
0
0
0
0
0
0
0
0
0
0
0
0
0
0
0
0
0
0
0
0
0
0
0
0
0
0
0
0
0
0
0
0
0
0
0
0
0
0
0
0
0
0
0
0
0
0
0
0
0
0
0
0
0
0
0
0
0
0
0
0
0
0
0
0
0
0
0
0
0
0
0
0
0
0
0
0
0
0
0
0
0
0
0
0
0
0
0
0
0
0
0
0
0
0
0
0
0
0
0
0
0
0
0
0
0
0
0
0
0
0
0
0
0
0
0
0
0
0
0
0
0
0
0
0
0
0
0
0
0
0
0
0
0
0
0
0
0
0
0
0
0
0
0
0
0
0
0
0
0
0
0
0
0
0
0
0
0
0
0
0
0
0
0
0
0
0
0
0
0
0
0
0
0
0
0
0
0
0
0
0
0
0
0
0
0
0
0
0
0
0
0
0
0
0
0
0
0
0
0
0
0
0
0
0
0
0
0
0
0
0
0
0
0
0
0
0
0
0
0
0
0
0
0
0
0
0
0
0
0
0
0
0
0
0
0
0
0
0
0
0
0
0
0
0
0
0
0
0
0
0
0
0
0
0
0
0
0
0
0
0
0
0
0
0
0
0
0
0
0
0
0
0
0
0
0
0
0
0
0
0
0
0
0
0
0
0
0
0
0
0
0
0
0
0
0
0
0
0
0
0
0
0
0
0
0
0
0
0
0
0
0
0
0
0
0
0
0
0
0
0
0
0
0
0
0
0
0
0
0
0
0
0
0
0
0
0
0
0
0
0
0
0
0
0
0
0
0
0
0
0
0
0
0
0
0
0
0
0
0
0
0
0
0
0
0
0
0
0
0
0
0
0
0
0
0
0
0
0
0
0
0
0
0
0
0
0
0
0
0
0
0
0
0
0
0
0
0
0
0
0
0
0
0
0
0
0
0
0
0
0
0
0
0
0
0
0
0
0
0
0
0
0
0
0
0
0
0
0
0
0
0
0
0
0
0
0
0
0
0
0
0
0
0
0
0
0
0
0
0
0
0
0
0
0
0
0
0
0
0
0
0
0
0
0
0
0
0
0
0
0
0
0
0
0
0
0
0
0
0
0
0
0
0
0
0
0
0
0
0
0
0
0
0
0
0
0
0
0
0
0
0
0
0
0
0
0
0
0
0
0
0
0
0
0
0
0
0
0
0
0
0
0
0
0
0
0
0
0
0
0
0
0
0
0
0
0
0
0
0
0
0
0
0
0
0
0
0
0
0
0
0
0
0
0
0
0
0
0
0
0
0
0
0
0
0
0
0
0
0
0
0
0
0
0
0
0
0
0
0
0
0
0
0
0
0
0
0
0
0
0
0
0
0
0
0
0
0
0
0
0
0
0
0
0
0
0
0
0
0
0
0
0
0
0
0
0
0
0
0
0
0
0
0
0
0
0
0
0
0
0
0
0
0
0
0
0
0
0
0
0
0
0
0
0
0
0
0
0
0
0
0
0
0
0
0
0
0
0
0
0
0
0
0
0
0
0
0
0
0
0
0
0
0
0
0
0
0
0
0
0
0
0
0
0
0
0
0
0
0
0
0
0
0
0
0
0
0
0
0
0
0
0
0
0
0
0
0
0
0
0
0
0
0
0
0
0
0
0
0
0
0
0
0
0
0
12602
12378
11711
10626
9159
7360
5292
3026
641
-1778
-4147
-6380
-8395
-10118
-11482
-12436
-12938
-12967
-12514
-11592
-10229
-8472
-6380
-4030
-1508
1090
3668
6125
8364
10296
11842
12937
13534
13606
13144
12164
10701
8810
6567
4060
1390
-1333
-4001
-6503
-8735
-10606
-12039
-12976
-13380
-13236
-12554
-11367
-9728
-7712
-5408
-2917
-349
2186
4581
6735
8560
9984
10953
11438
11429
10940
10008
8686
7048
5177
3166
1112
-891
-2754
-4397
-5755
-6779
-7439
-7724
-7643
-7223
-6509
-5555
-4429
-3203
-1950
-741
358
1296
2031
2537
2804
2838
2661
2307
1822
1260
677
131
-324
-645
-795
-752
-511
-79
519
1246
2052
2877
3657
4327
4824
5092
5088
4781
4159
3227
2010
553
-1084
-2826
-4586
-6273
-7791
-9051
-9970
-10481
-10532
-10097
-9168
-7767
-5937
-3747
-1285
1341
4016
6615
9014
11092
12745
13882
14436
14368
13665
12346
10457
8075
5300
2251
-936
-4119
-7155
-9904
-12240
-14054
-15264
-15811
-15671
-14849
-13384
-11342
-8819
-5930
-2809
401
3556
6513
9140
11324
12972
14018
14425
14187
13329
11904
9990
7688
5115
2397
-335
-2954
-5341
-7391
-9019
-10164
-10788
-10882
-10464
-9574
-8277
-6653
-4799
-2818
-814
1106
2853
4342
5509
6309
6719
6737
6383
5696
4732
3560
2258
908
-406
-1610
-2637
-3429
-3950
-4175
-4102
-3744
-3131
-2309
-1333
-268
817
1854
2779
3535
4073
4362
4383
4133
3626
2888
1961
896
-248
-1409
-2523
-3531
-4377
-5017
-5417
-5556
-5428
-5041
-4414
-3582
-2588
-1480
-316
849
1960
2967
3824
4498
4964
5209
5230
5039
4655
4105
3424
2653
1830
997
191
-554
-1214
-1769
-2206
-2525
-2727
-2825
-2834
-2772
-2662
-2523
-2375
-2232
-2105
-1999
-1914
-1844
-1776
-1696
-1586
-1426
-1201
-893
-494
0
589
1260
1995
2767
3544
4286
4953
5502
5892
6085
6052
5770
5229
4431
3389
2133
702
-851
-2467
-4076
-5607
-6989
-8152
-9035
-9586
-9766
-9553
-8940
-7940
-6582
-4914
-2999
-912
1260
3428
5497
7378
8986
10248
11106
11518
11462
10936
9960
8572
6831
4809
2594
278
-2036
-4254
-6279
-8028
-9427
-10421
-10972
-11062
-10694
-9891
-8696
-7167
-5377
-3410
-1353
701
2664
4453
5996
7231
8115
8621
8740
8480
7867
6943
5761
4385
2888
1341
-181
-1610
-2883
-3949
-4768
-5312
-5571
-5547
-5256
-4727
-3999
-3120
-2143
-1124
-118
820
1648
2323
2818
3112
3199
3082
2777
2306
1704
1007
260
-492
-1208
-1846
-2370
-2750
-2964
-3001
-2858
-2540
-2062
-1450
-731
57
876
1687
2449
3123
3677
4081
4314
4362
4220
3890
3382
2716
1916
1014
45
-953
-1940
-2878
-3729
-4458
-5036
-5440
-5652
-5662
-5468
-5073
-4490
-3739
-2843
-1834
-744
387
1522
2623
3650
4568
5345
5952
6369
6578
6570
6344
5905
5264
4442
3463
2359
1164
-82
-1341
-2569
-3726
-4772
-5672
-6394
-6914
-7210
-7272
-7096
-6684
-6050
-5211
-4196
-3035
-1768
-436
916
2245
3505
4653
5651
6465
7067
7436
7561
7436
7067
6465
5651
4653
3505
2245
916
-436
-1768
-3035
-4196
-5211
-6050
-6684
-7096
-7272
-7210
-6914
-6394
-5672
-4772
-3726
-2569
-1341
-82
1164
2359
3463
4442
5264
5905
6344
6570
6578
6369
5952
5345
4568
3650
2623
1522
387
-744
-1834
-2843
-3739
-4490
-5073
-5468
-5662
-5652
-5440
-5036
-4458
-3729
-2878
-1940
-953
45
1014
1916
2716
3382
3890
4220
4362
4314
4081
3677
3123
2449
1687
876
57
-731
-1450
-2062
-2540
-2858
-3001
-2964
-2750
-2370
-1846
-1208
-492
260
1007
1704
2306
2777
3082
3199
3112
2818
2323
1648
820
-118
-1124
-2143
-3120
-3999
-4727
-5256
-5547
-5571
-5312
-4768
-3949
-2883
-1610
-181
1341
2888
4385
5761
6943
7867
8480
8740
8621
8115
7231
5996
4453
2664
701
-1353
-3410
-5377
-7167
-8696
-9891
-10694
-11062
-10972
-10421
-9427
-8028
-6279
-4254
-2036
278
2594
4809
6831
8572
9960
10936
11462
11518
11106
10248
8986
7378
5497
3428
1260
-912
-2999
-4914
-6582
-7940
-8940
-9553
-9766
-9586
-9035
-8152
-6989
-5607
-4076
-2467
-851
702
2133
3389
4431
5229
5770
6052
6085
5892
5502
4953
4286
3544
2767
1995
1260
589
0
-494
-893
-1201
-1426
-1586
-1696
-1776
-1844
-1914
-1999
-2105
-2232
-2375
-2523
-2662
-2772
-2834
-2825
-2727
-2525
-2206
-1769
-1214
-554
191
997
1830
2653
3424
4105
4655
5039
5230
5209
4964
4498
3824
2967
1960
849
-316
-1480
-2588
-3582
-4414
-5041
-5428
-5556
-5417
-5017
-4377
-3531
-2523
-1409
-248
896
1961
2888
3626
4133
4383
4362
4073
3535
2779
1854
817
-268
-1333
-2309
-3131
-3744
-4102
-4175
-3950
-3429
-2637
-1610
-406
908
2258
3560
4732
5696
6383
6737
6719
6309
5509
4342
2853
1106
-814
-2818
-4799
-6653
-8277
-9574
-10464
-10882
-10788
-10164
-9019
-7391
-5341
-2954
-335
2397
5115
7688
9990
11904
13329
14187
14425
14018
12972
11324
9140
6513
3556
401
-2809
-5930
-8819
-11342
-13384
-14849
-15671
-15811
-15264
-14054
-12240
-9904
-7155
-4119
-936
2251
5300
8075
10457
12346
13665
14368
14436
13882
12745
11092
9014
6615
4016
1341
-1285
-3747
-5937
-7767
-9168
-10097
-10532
-10481
-9970
-9051
-7791
-6273
-4586
-2826
-1084
553
2010
3227
4159
4781
5088
5092
4824
4327
3657
2877
2052
1246
519
-79
-511
-752
-795
-645
-324
131
677
1260
1822
2307
2661
2838
2804
2537
2031
1296
358
-741
-1950
-3203
-4429
-5555
-6509
-7223
-7643
-7724
-7439
-6779
-5755
-4397
-2754
-891
1112
3166
5177
7048
8686
10008
10940
11429
11438
10953
9984
8560
6735
4581
2186
-349
-2917
-5408
-7712
-9728
-11367
-12554
-13236
-13380
-12976
-12039
-10606
-8735
-6503
-4001
-1333
1390
4060
6567
8810
10701
12164
13144
13606
13534
12937
11842
10296
8364
6125
3668
1090
-1508
-4030
-6380
-8472
-10229
-11592
-12514
-12967
-12938
-12436
-11482
-10118
-8395
-6380
-4147
-1778
641
3026
5292
7360
9159
10626
11711
12378
0
0
0
0
0
0
0
0
0
0
0
0
0
0
0
0
0
0
0
0
0
0
0
0
0
0
0
0
0
0
0
0
0
0
0
0
0
0
0
0
0
0
0
0
0
0
0
0
0
0
0
0
0
0
0
0
0
0
0
0
0
0
0
0
0
0
0
-17643
-17230
-16010
-14042
-11422
-8275
-4753
-1025
2730
6335
9619
12428
14633
16133
16864
16798
15948
14362
12126
9353
6182
2772
-713
-4107
-7248
-9991
-12213
-13819
-14743
-14955
-14461
-13299
-11541
-9284
-6649
-3772
-796
2133
4876
7308
9320
10830
11779
12141
11919
11142
9869
8179
6169
3949
1635
-657
-2818
-4749
-6366
-7605
-8425
-8806
-8753
-8292
-7467
-6341
-4986
-3483
-1915
-366
1089
2386
3471
4306
4870
5157
5178
4958
4532
3946
3248
2491
1724
994
337
-216
-649
-954
-1136
-1208
-1192
-1115
-1008
-903
-829
-811
-866
-1003
-1222
-1512
-1855
-2222
-2579
-2890
-3114
-3217
-3164
-2932
-2505
-1882
-1071
-96
1007
2191
3400
4571
5637
6532
7196
7576
7628
7328
6665
5647
4302
2676
832
-1154
-3195
-5195
-7059
-8691
-10006
-10928
-11400
-11384
-10862
-9843
-8356
-6458
-4221
-1739
880
3525
6075
8414
10435
12041
13156
13723
13711
13114
11953
10275
8150
5669
2938
77
-2790
-5540
-8054
-10225
-11960
-13189
-13862
-13957
-13475
-12445
-10918
-8966
-6680
-4163
-1525
1117
3656
5985
8013
9662
10877
11618
11872
11646
10966
9880
8448
6745
4855
2864
860
-1073
-2861
-4438
-5751
-6764
-7454
-7816
-7859
-7605
-7088
-6353
-5448
-4428
-3344
-2250
-1192
-210
663
1407
2007
2459
2767
2943
3006
2977
2880
2740
2579
2419
2274
2155
2068
2011
1979
1961
1942
1907
1837
1717
1530
1267
919
485
-30
-617
-1259
-1936
-2622
-3288
-3905
-4442
-4870
-5163
-5299
-5261
-5041
-4635
-4048
-3294
-2392
-1369
-257
907
2083
3231
4309
5277
6098
6740
7178
7391
7368
7103
6602
5875
4943
3832
2575
1210
-220
-1672
-3099
-4454
-5694
-6777
-7665
-8325
-8733
-8870
-8727
-8300
-7599
-6639
-5445
-4051
-2497
-830
897
2631
4313
5886
7294
8486
9416
10047
10349
10304
9906
9161
8087
6715
5088
3258
1288
-754
-2795
-4761
-6579
-8179
-9499
-10487
-11100
-11313
-11114
-10505
-9508
-8158
-6504
-4610
-2547
-396
1760
3838
5755
7438
8821
9852
10492
10720
10531
9938
8972
7676
6111
4344
2453
518
-1379
-3161
-4756
-6103
-7152
-7869
-8236
-8248
-7920
-7280
-6369
-5241
-3957
-2583
-1186
167
1415
2506
3396
4053
4461
4614
4524
4212
3711
3064
2318
1526
738
4
-630
-1132
-1473
-1638
-1623
-1437
-1100
-639
-93
495
1081
1618
2062
2376
2528
2497
2274
1860
1269
526
-333
-1266
-2223
-3149
-3993
-4701
-5228
-5536
-5597
-5395
-4926
-4201
-3245
-2093
-792
600
2023
3413
4703
5832
6745
7395
7748
7782
7488
6876
5967
4797
3413
1874
245
-1405
-3006
-4490
-5793
-6860
-7647
-8122
-8266
-8077
-7564
-6752
-5679
-4393
-2949
-1411
155
1687
3120
4397
5470
6298
6854
7123
7100
6795
6230
5435
4451
3324
2106
850
-389
-1564
-2627
-3539
-4268
-4790
-5094
-5176
-5041
-4706
-4193
-3531
-2756
-1905
-1019
-137
703
1467
2125
2652
3032
3253
3313
3215
2970
2594
2110
1543
923
281
-353
-949
-1479
-1919
-2248
-2451
-2520
-2451
-2248
-1919
-1479
-949
-353
281
923
1543
2110
2594
2970
3215
3313
3253
3032
2652
2125
1467
703
-137
-1019
-1905
-2756
-3531
-4193
-4706
-5041
-5176
-5094
-4790
-4268
-3539
-2627
-1564
-389
850
2106
3324
4451
5435
6230
6795
7100
7123
6854
6298
5470
4397
3120
1687
155
-1411
-2949
-4393
-5679
-6752
-7564
-8077
-8266
-8122
-7647
-6860
-5793
-4490
-3006
-1405
245
1874
3413
4797
5967
6876
7488
7782
7748
7395
6745
5832
4703
3413
2023
600
-792
-2093
-3245
-4201
-4926
-5395
-5597
-5536
-5228
-4701
-3993
-3149
-2223
-1266
-333
526
1269
1860
2274
2497
2528
2376
2062
1618
1081
495
-93
-639
-1100
-1437
-1623
-1638
-1473
-1132
-630
4
738
1526
2318
3064
3711
4212
4524
4614
4461
4053
3396
2506
1415
167
-1186
-2583
-3957
-5241
-6369
-7280
-7920
-8248
-8236
-7869
-7152
-6103
-4756
-3161
-1379
518
2453
4344
6111
7676
8972
9938
10531
10720
10492
9852
8821
7438
5755
3838
1760
-396
-2547
-4610
-6504
-8158
-9508
-10505
-11114
-11313
-11100
-10487
-9499
-8179
-6579
-4761
-2795
-754
1288
3258
5088
6715
8087
9161
9906
10304
10349
10047
9416
8486
7294
5886
4313
2631
897
-830
-2497
-4051
-5445
-6639
-7599
-8300
-8727
-8870
-8733
-8325
-7665
-6777
-5694
-4454
-3099
-1672
-220
1210
2575
3832
4943
5875
6602
7103
7368
7391
7178
6740
6098
5277
4309
3231
2083
907
-257
-1369
-2392
-3294
-4048
-4635
-5041
-5261
-5299
-5163
-4870
-4442
-3905
-3288
-2622
-1936
-1259
-617
-30
485
919
1267
1530
1717
1837
1907
1942
1961
1979
2011
2068
2155
2274
2419
2579
2740
2880
2977
3006
2943
2767
2459
2007
1407
663
-210
-1192
-2250
-3344
-4428
-5448
-6353
-7088
-7605
-7859
-7816
-7454
-6764
-5751
-4438
-2861
-1073
860
2864
4855
6745
8448
9880
10966
11646
11872
11618
10877
9662
8013
5985
3656
1117
-1525
-4163
-6680
-8966
-10918
-12445
-13475
-13957
-13862
-13189
-11960
-10225
-8054
-5540
-2790
77
2938
5669
8150
10275
11953
13114
13711
13723
13156
12041
10435
8414
6075
3525
880
-1739
-4221
-6458
-8356
-9843
-10862
-11384
-11400
-10928
-10006
-8691
-7059
-5195
-3195
-1154
832
2676
4302
5647
6665
7328
7628
7576
7196
6532
5637
4571
3400
2191
1007
-96
-1071
-1882
-2505
-2932
-3164
-3217
-3114
-2890
-2579
-2222
-1855
-1512
-1222
-1003
-866
-811
-829
-903
-1008
-1115
-1192
-1208
-1136
-954
-649
-216
337
994
1724
2491
3248
3946
4532
4958
5178
5157
4870
4306
3471
2386
1089
-366
-1915
-3483
-4986
-6341
-7467
-8292
-8753
-8806
-8425
-7605
-6366
-4749
-2818
-657
1635
3949
6169
8179
9869
11142
11919
12141
11779
10830
9320
7308
4876
2133
-796
-3772
-6649
-9284
-11541
-13299
-14461
-14955
-14743
-13819
-12213
-9991
-7248
-4107
-713
2772
6182
9353
12126
14362
15948
16798
16864
16133
14633
12428
9619
6335
2730
-1025
-4753
-8275
-11422
-14042
-16010
-17230
0
0
0
0
0
0
0
0
0
0
0
0
0
0
0
0
0
0
0
0
0
0
0
0
0
0
0
0
0
0
0
0
0
0
0
0
0
0
0
0
0
0
0
0
0
0
0
0
0
0
0
0
0
0
0
0
0
0
0
0
0
0
0
0
0
0
0
-7561
-7428
-7034
-6390
-5518
-4443
-3202
-1834
-383
1099
2565
3962
5240
6349
7247
7896
8265
8333
8089
7534
6678
5545
4170
2597
881
-915
-2726
-4479
-6104
-7532
-8701
-9555
-10051
-10158
-9859
-9155
-8064
-6618
-4866
-2873
-715
1524
3754
5883
7818
9476
10780
11668
12095
12034
11476
10435
8947
7066
4863
2427
-144
-2745
-5268
-7603
-9653
-11327
-12550
-13268
-13445
-13070
-12155
-10734
-8864
-6622
-4099
-1402
1357
4064
6605
8873
10774
12230
13179
13586
13434
12735
11520
9843
7779
5417
2858
211
-2412
-4904
-7163
-9097
-10631
-11709
-12292
-12366
-11937
-11032
-9700
-8003
-6021
-3842
-1562
723
2919
4936
6697
8135
9201
9861
10102
9926
9355
8425
7188
5705
4047
2290
509
-1219
-2826
-4250
-5438
-6353
-6966
-7265
-7253
-6943
-6363
-5549
-4547
-3408
-2187
-941
277
1416
2431
3285
3949
4404
4641
4661
4475
4102
3567
2905
2150
1343
522
-272
-1006
-1647
-2169
-2554
-2788
-2867
-2794
-2578
-2235
-1787
-1260
-683
-87
496
1038
1510
1888
2154
2295
2303
2178
1927
1562
1101
568
-10
-604
-1184
-1718
-2178
-2539
-2778
-2882
-2839
-2650
-2317
-1855
-1282
-623
91
827
1550
2223
2810
3282
3610
3775
3764
3571
3202
2669
1993
1205
339
-563
-1459
-2304
-3056
-3674
-4126
-4384
-4433
-4264
-3882
-3301
-2547
-1654
-666
370
1402
2377
3243
3953
4468
4756
4798
4588
4130
3443
2560
1523
384
-798
-1963
-3046
-3988
-4734
-5239
-5469
-5405
-5041
-4388
-3474
-2339
-1038
365
1798
3185
4452
5527
6347
6860
7030
6835
6274
5365
4142
2659
983
-805
-2620
-4369
-5962
-7313
-8349
-9008
-9247
-9042
-8391
-7315
-5856
-4075
-2052
120
2341
4505
6506
8245
9636
10606
11103
11096
10579
9571
8114
6271
4127
1778
-665
-3091
-5386
-7444
-9168
-10480
-11318
-11647
-11455
-10752
-9577
-7989
-6066
-3901
-1600
729
2977
5041
6829
8262
9283
9855
9963
9618
8851
7713
6275
4616
2829
1007
-757
-2378
-3780
-4903
-5704
-6159
-6264
-6035
-5506
-4729
-3764
-2684
-1563
-474
511
1334
1948
2320
2436
2297
1926
1357
642
-159
-980
-1753
-2409
-2889
-3144
-3138
-2852
-2287
-1459
-407
818
2150
3512
4820
5992
6947
7614
7935
7867
7388
6499
5221
3598
1694
-407
-2613
-4818
-6913
-8792
-10356
-11518
-12210
-12382
-12010
-11098
-9671
-7785
-5513
-2952
-213
2584
5316
7859
10098
11933
13279
14077
14289
13908
12951
11462
9510
7181
4582
1826
-965
-3673
-6184
-8393
-10216
-11584
-12454
-12803
-12635
-11975
-10872
-9388
-7605
-5610
-3499
-1365
700
2616
4314
5736
6846
7623
8062
8176
7994
7553
6902
6093
5181
4220
3257
2336
1487
733
85
-455
-898
-1259
-1560
-1824
-2078
-2343
-2639
-2975
-3355
-3773
-4215
-4657
-5068
-5414
-5657
-5757
-5681
-5397
-4887
-4139
-3157
-1956
-567
966
2591
4242
5849
7336
8631
9664
10375
10715
10651
10164
9259
7957
6298
4342
2162
-154
-2514
-4818
-6969
-8874
-10450
-11628
-12356
-12602
-12356
-11628
-10450
-8874
-6969
-4818
-2514
-154
2162
4342
6298
7957
9259
10164
10651
10715
10375
9664
8631
7336
5849
4242
2591
966
-567
-1956
-3157
-4139
-4887
-5397
-5681
-5757
-5657
-5414
-5068
-4657
-4215
-3773
-3355
-2975
-2639
-2343
-2078
-1824
-1560
-1259
-898
-455
85
733
1487
2336
3257
4220
5181
6093
6902
7553
7994
8176
8062
7623
6846
5736
4314
2616
700
-1365
-3499
-5610
-7605
-9388
-10872
-11975
-12635
-12803
-12454
-11584
-10216
-8393
-6184
-3673
-965
1826
4582
7181
9510
11462
12951
13908
14289
14077
13279
11933
10098
7859
5316
2584
-213
-2952
-5513
-7785
-9671
-11098
-12010
-12382
-12210
-11518
-10356
-8792
-6913
-4818
-2613
-407
1694
3598
5221
6499
7388
7867
7935
7614
6947
5992
4820
3512
2150
818
-407
-1459
-2287
-2852
-3138
-3144
-2889
-2409
-1753
-980
-159
642
1357
1926
2297
2436
2320
1948
1334
511
-474
-1563
-2684
-3764
-4729
-5506
-6035
-6264
-6159
-5704
-4903
-3780
-2378
-757
1007
2829
4616
6275
7713
8851
9618
9963
9855
9283
8262
6829
5041
2977
729
-1600
-3901
-6066
-7989
-9577
-10752
-11455
-11647
-11318
-10480
-9168
-7444
-5386
-3091
-665
1778
4127
6271
8114
9571
10579
11096
11103
10606
9636
8245
6506
4505
2341
120
-2052
-4075
-5856
-7315
-8391
-9042
-9247
-9008
-8349
-7313
-5962
-4369
-2620
-805
983
2659
4142
5365
6274
6835
7030
6860
6347
5527
4452
3185
1798
365
-1038
-2339
-3474
-4388
-5041
-5405
-5469
-5239
-4734
-3988
-3046
-1963
-798
384
1523
2560
3443
4130
4588
4798
4756
4468
3953
3243
2377
1402
370
-666
-1654
-2547
-3301
-3882
-4264
-4433
-4384
-4126
-3674
-3056
-2304
-1459
-563
339
1205
1993
2669
3202
3571
3764
3775
3610
3282
2810
2223
1550
827
91
-623
-1282
-1855
-2317
-2650
-2839
-2882
-2778
-2539
-2178
-1718
-1184
-604
-10
568
1101
1562
1927
2178
2303
2295
2154
1888
1510
1038
496
-87
-683
-1260
-1787
-2235
-2578
-2794
-2867
-2788
-2554
-2169
-1647
-1006
-272
522
1343
2150
2905
3567
4102
4475
4661
4641
4404
3949
3285
2431
1416
277
-941
-2187
-3408
-4547
-5549
-6363
-6943
-7253
-7265
-6966
-6353
-5438
-4250
-2826
-1219
509
2290
4047
5705
7188
8425
9355
9926
10102
9861
9201
8135
6697
4936
2919
723
-1562
-3842
-6021
-8003
-9700
-11032
-11937
-12366
-12292
-11709
-10631
-9097
-7163
-4904
-2412
211
2858
5417
7779
9843
11520
12735
13434
13586
13179
12230
10774
8873
6605
4064
1357
-1402
-4099
-6622
-8864
-10734
-12155
-13070
-13445
-13268
-12550
-11327
-9653
-7603
-5268
-2745
-144
2427
4863
7066
8947
10435
11476
12034
12095
11668
10780
9476
7818
5883
3754
1524
-715
-2873
-4866
-6618
-8064
-9155
-9859
-10158
-10051
-9555
-8701
-7532
-6104
-4479
-2726
-915
881
2597
4170
5545
6678
7534
8089
8333
8265
7896
7247
6349
5240
3962
2565
1099
-383
-1834
-3202
-4443
-5518
-6390
-7034
-7428
0
0
0
0
0
0
0
0
0
0
0
0
0
0
0
0
0
0
0
0
0
0
0
0
0
0
0
0
0
0
0
0
0
0
0
0
0
0
0
0
0
0
0
0
0
0
0
0
0
0
0
0
0
0
0
0
0
0
0
0
0
0
0
0
0
0
0
7561
7412
6969
6252
5288
4118
2789
1354
-128
-1599
-3000
-4274
-5372
-6251
-6877
-7228
-7291
-7068
-6569
-5819
-4849
-3702
-2426
-1073
300
1639
2892
4010
4951
5680
6174
6418
6409
6153
5668
4979
4120
3131
2054
937
-174
-1238
-2213
-3065
-3766
-4296
-4643
-4803
-4780
-4588
-4245
-3774
-3204
-2564
-1884
-1194
-522
108
679
1176
1590
1918
2160
2325
2419
2456
2448
2407
2346
2272
2194
2114
2030
1941
1836
1709
1546
1337
1071
739
337
-135
-674
-1270
-1906
-2560
-3207
-3816
-4354
-4787
-5084
-5215
-5156
-4891
-4410
-3715
-2818
-1740
-516
811
2192
3570
4884
6073
7076
7841
8321
8480
8297
7762
6885
5689
4214
2514
656
-1285
-3226
-5084
-6773
-8216
-9343
-10099
-10442
-10351
-9820
-8868
-7530
-5862
-3934
-1828
361
2538
4606
6470
8048
9269
10078
10440
10342
9791
8817
7469
5813
3932
1915
-138
-2131
-3970
-5570
-6859
-7781
-8300
-8400
-8089
-7393
-6360
-5053
-3550
-1937
-303
1260
2669
3851
4743
5304
5509
5357
4866
4073
3034
1819
508
-812
-2056
-3142
-3995
-4556
-4783
-4653
-4164
-3338
-2215
-858
657
2242
3801
5236
6453
7368
7911
8029
7692
6896
5659
4027
2068
-130
-2462
-4813
-7061
-9086
-10774
-12026
-12760
-12918
-12470
-11414
-9778
-7621
-5027
-2105
1016
4199
7297
10162
12658
14660
16067
16802
16818
16100
14670
12578
9908
6773
3304
-348
-4026
-7568
-10818
-13633
-15889
-17487
-18356
-18459
-17793
-16387
-14305
-11638
-8504
-5041
-1396
2271
5809
9069
11916
14239
15948
16983
17314
16940
15894
14234
12043
9426
6502
3400
252
-2810
-5667
-8207
-10340
-11994
-13121
-13698
-13723
-13220
-12232
-10823
-9066
-7049
-4865
-2608
-368
1767
3723
5436
6856
7948
8693
9086
9137
8869
8314
7514
6514
5364
4115
2818
1517
254
-932
-2014
-2966
-3773
-4423
-4910
-5233
-5395
-5404
-5267
-4996
-4603
-4102
-3508
-2836
-2103
-1325
-523
283
1075
1830
2525
3140
3653
4046
4302
4409
4358
4148
3780
3266
2622
1870
1038
161
-724
-1580
-2367
-3048
-3589
-3962
-4145
-4126
-3902
-3480
-2878
-2122
-1248
-298
677
1631
2511
3269
3861
4252
4416
4337
4013
3456
2688
1744
671
-479
-1646
-2769
-3787
-4642
-5284
-5672
-5779
-5590
-5105
-4342
-3329
-2113
-748
700
2164
3568
4844
5925
6754
7285
7488
7347
6863
6053
4952
3609
2084
446
-1226
-2859
-4375
-5705
-6787
-7572
-8026
-8131
-7884
-7302
-6414
-5265
-3912
-2419
-856
703
2191
3543
4703
5626
6281
6650
6730
6533
6081
5411
4567
3599
2561
1505
482
-462
-1293
-1981
-2511
-2875
-3078
-3135
-3066
-2902
-2671
-2409
-2145
-1907
-1718
-1592
-1534
-1543
-1606
-1706
-1817
-1911
-1955
-1920
-1777
-1506
-1091
-529
174
1003
1928
2912
3907
4863
5723
6431
6936
7190
7157
6814
6151
5173
3904
2382
662
-1189
-3095
-4972
-6734
-8294
-9576
-10509
-11038
-11125
-10751
-9919
-8651
-6991
-5004
-2767
-375
2072
4469
6712
8701
10349
11582
12344
12602
12344
11582
10349
8701
6712
4469
2072
-375
-2767
-5004
-6991
-8651
-9919
-10751
-11125
-11038
-10509
-9576
-8294
-6734
-4972
-3095
-1189
662
2382
3904
5173
6151
6814
7157
7190
6936
6431
5723
4863
3907
2912
1928
1003
174
-529
-1091
-1506
-1777
-1920
-1955
-1911
-1817
-1706
-1606
-1543
-1534
-1592
-1718
-1907
-2145
-2409
-2671
-2902
-3066
-3135
-3078
-2875
-2511
-1981
-1293
-462
482
1505
2561
3599
4567
5411
6081
6533
6730
6650
6281
5626
4703
3543
2191
703
-856
-2419
-3912
-5265
-6414
-7302
-7884
-8131
-8026
-7572
-6787
-5705
-4375
-2859
-1226
446
2084
3609
4952
6053
6863
7347
7488
7285
6754
5925
4844
3568
2164
700
-748
-2113
-3329
-4342
-5105
-5590
-5779
-5672
-5284
-4642
-3787
-2769
-1646
-479
671
1744
2688
3456
4013
4337
4416
4252
3861
3269
2511
1631
677
-298
-1248
-2122
-2878
-3480
-3902
-4126
-4145
-3962
-3589
-3048
-2367
-1580
-724
161
1038
1870
2622
3266
3780
4148
4358
4409
4302
4046
3653
3140
2525
1830
1075
283
-523
-1325
-2103
-2836
-3508
-4102
-4603
-4996
-5267
-5404
-5395
-5233
-4910
-4423
-3773
-2966
-2014
-932
254
1517
2818
4115
5364
6514
7514
8314
8869
9137
9086
8693
7948
6856
5436
3723
1767
-368
-2608
-4865
-7049
-9066
-10823
-12232
-13220
-13723
-13698
-13121
-11994
-10340
-8207
-5667
-2810
252
3400
6502
9426
12043
14234
15894
16940
17314
16983
15948
14239
11916
9069
5809
2271
-1396
-5041
-8504
-11638
-14305
-16387
-17793
-18459
-18356
-17487
-15889
-13633
-10818
-7568
-4026
-348
3304
6773
9908
12578
14670
16100
16818
16802
16067
14660
12658
10162
7297
4199
1016
-2105
-5027
-7621
-9778
-11414
-12470
-12918
-12760
-12026
-10774
-9086
-7061
-4813
-2462
-130
2068
4027
5659
6896
7692
8029
7911
7368
6453
5236
3801
2242
657
-858
-2215
-3338
-4164
-4653
-4783
-4556
-3995
-3142
-2056
-812
508
1819
3034
4073
4866
5357
5509
5304
4743
3851
2669
1260
-303
-1937
-3550
-5053
-6360
-7393
-8089
-8400
-8300
-7781
-6859
-5570
-3970
-2131
-138
1915
3932
5813
7469
8817
9791
10342
10440
10078
9269
8048
6470
4606
2538
361
-1828
-3934
-5862
-7530
-8868
-9820
-10351
-10442
-10099
-9343
-8216
-6773
-5084
-3226
-1285
656
2514
4214
5689
6885
7762
8297
8480
8321
7841
7076
6073
4884
3570
2192
811
-516
-1740
-2818
-3715
-4410
-4891
-5156
-5215
-5084
-4787
-4354
-3816
-3207
-2560
-1906
-1270
-674
-135
337
739
1071
1337
1546
1709
1836
1941
2030
2114
2194
2272
2346
2407
2448
2456
2419
2325
2160
1918
1590
1176
679
108
-522
-1194
-1884
-2564
-3204
-3774
-4245
-4588
-4780
-4803
-4643
-4296
-3766
-3065
-2213
-1238
-174
937
2054
3131
4120
4979
5668
6153
6409
6418
6174
5680
4951
4010
2892
1639
300
-1073
-2426
-3702
-4849
-5819
-6569
-7068
-7291
-7228
-6877
-6251
-5372
-4274
-3000
-1599
-128
1354
2789
4118
5288
6252
6969
7412
0
0
0
0
0
0
0
0
0
0
0
0
0
0
0
0
0
0
0
0
0
0
0
0
0
0
0
0
0
0
0
0
0
0
0
0
0
0
0
0
0
0
0
0
0
0
0
0
0
0
0
0
0
0
0
0
0
0
0
0
0
0
0
0
0
0
0
-7561
-7451
-7124
-6589
-5857
-4949
-3887
-2700
-1420
-82
1273
2609
3881
5049
6073
6918
7551
7946
8084
7954
7554
6891
5984
4860
3554
2110
580
-980
-2514
-3963
-5270
-6385
-7261
-7864
-8169
-8162
-7844
-7228
-6341
-5219
-3911
-2472
-965
545
1996
3327
4482
5415
6092
6488
6595
6418
5974
5294
4420
3401
2293
1154
43
-985
-1884
-2611
-3139
-3450
-3541
-3421
-3110
-2641
-2053
-1394
-713
-61
516
977
1290
1432
1393
1175
795
278
-337
-1007
-1681
-2305
-2829
-3206
-3395
-3369
-3111
-2618
-1902
-991
75
1245
2458
3647
4743
5679
6393
6833
6959
6749
6194
5307
4116
2670
1030
-728
-2522
-4263
-5864
-7240
-8317
-9034
-9346
-9229
-8680
-7716
-6376
-4721
-2826
-780
1317
3367
5266
6921
8249
9185
9680
9710
9272
8391
7109
5493
3626
1603
-471
-2492
-4355
-5966
-7243
-8123
-8563
-8544
-8072
-7176
-5909
-4342
-2564
-674
1223
3022
4623
5939
6895
7439
7541
7195
6421
5261
3780
2062
204
-1690
-3511
-5155
-6525
-7539
-8135
-8271
-7932
-7128
-5895
-4291
-2399
-314
1853
3989
5977
7709
9088
10033
10488
10417
9814
8701
7124
5155
2886
425
-2107
-4588
-6896
-8915
-10544
-11701
-12327
-12388
-11878
-10818
-9258
-7268
-4944
-2393
264
2906
5408
7657
9552
11008
11965
12386
12260
11602
10452
8872
6944
4763
2436
71
-2223
-4345
-6204
-7727
-8857
-9560
-9823
-9654
-9084
-8158
-6941
-5505
-3931
-2303
-700
802
2139
3261
4129
4723
5041
5093
4906
4517
3975
3331
2639
1953
1320
780
363
87
-41
-29
102
328
610
906
1174
1371
1458
1405
1191
805
249
-459
-1294
-2217
-3178
-4123
-4995
-5735
-6289
-6607
-6653
-6400
-5838
-4971
-3819
-2420
-824
906
2697
4471
6146
7644
8889
9818
10379
10535
10267
9575
8477
7010
5229
3202
1009
-1260
-3514
-5661
-7611
-9285
-10612
-11538
-12026
-12056
-11628
-10759
-9486
-7860
-5949
-3827
-1579
708
2949
5058
6959
8586
9883
10811
11342
11467
11191
10534
9528
8218
6657
4906
3028
1091
-839
-2701
-4436
-5994
-7329
-8407
-9203
-9701
-9894
-9783
-9381
-8705
-7780
-6637
-5312
-3844
-2275
-649
988
2593
4120
5529
6780
7836
8665
9241
9544
9560
9284
8715
7867
6757
5414
3874
2181
387
-1452
-3278
-5027
-6638
-8051
-9210
-10069
-10588
-10741
-10512
-9900
-8919
-7596
-5974
-4107
-2061
88
2261
4375
6346
8095
9549
10648
11343
11601
11407
10764
9693
8234
6443
4389
2156
-166
-2485
-4703
-6729
-8479
-9880
-10873
-11417
-11489
-11088
-10230
-8953
-7312
-5378
-3234
-971
1312
3520
5558
7341
8794
9858
10489
10666
10384
9660
8531
7048
5282
3311
1224
-886
-2928
-4813
-6459
-7798
-8775
-9352
-9507
-9241
-8570
-7529
-6171
-4558
-2767
-879
1019
2844
4514
5958
7114
7933
8382
8447
8130
7448
6438
5148
3639
1983
255
-1464
-3099
-4576
-5830
-6805
-7460
-7768
-7717
-7312
-6575
-5540
-4256
-2784
-1191
449
2064
3577
4922
6036
6870
7386
7561
7386
6870
6036
4922
3577
2064
449
-1191
-2784
-4256
-5540
-6575
-7312
-7717
-7768
-7460
-6805
-5830
-4576
-3099
-1464
255
1983
3639
5148
6438
7448
8130
8447
8382
7933
7114
5958
4514
2844
1019
-879
-2767
-4558
-6171
-7529
-8570
-9241
-9507
-9352
-8775
-7798
-6459
-4813
-2928
-886
1224
3311
5282
7048
8531
9660
10384
10666
10489
9858
8794
7341
5558
3520
1312
-971
-3234
-5378
-7312
-8953
-10230
-11088
-11489
-11417
-10873
-9880
-8479
-6729
-4703
-2485
-166
2156
4389
6443
8234
9693
10764
11407
11601
11343
10648
9549
8095
6346
4375
2261
88
-2061
-4107
-5974
-7596
-8919
-9900
-10512
-10741
-10588
-10069
-9210
-8051
-6638
-5027
-3278
-1452
387
2181
3874
5414
6757
7867
8715
9284
9560
9544
9241
8665
7836
6780
5529
4120
2593
988
-649
-2275
-3844
-5312
-6637
-7780
-8705
-9381
-9783
-9894
-9701
-9203
-8407
-7329
-5994
-4436
-2701
-839
1091
3028
4906
6657
8218
9528
10534
11191
11467
11342
10811
9883
8586
6959
5058
2949
708
-1579
-3827
-5949
-7860
-9486
-10759
-11628
-12056
-12026
-11538
-10612
-9285
-7611
-5661
-3514
-1260
1009
3202
5229
7010
8477
9575
10267
10535
10379
9818
8889
7644
6146
4471
2697
906
-824
-2420
-3819
-4971
-5838
-6400
-6653
-6607
-6289
-5735
-4995
-4123
-3178
-2217
-1294
-459
249
805
1191
1405
1458
1371
1174
906
610
328
102
-29
-41
87
363
780
1320
1953
2639
3331
3975
4517
4906
5093
5041
4723
4129
3261
2139
802
-700
-2303
-3931
-5505
-6941
-8158
-9084
-9654
-9823
-9560
-8857
-7727
-6204
-4345
-2223
71
2436
4763
6944
8872
10452
11602
12260
12386
11965
11008
9552
7657
5408
2906
264
-2393
-4944
-7268
-9258
-10818
-11878
-12388
-12327
-11701
-10544
-8915
-6896
-4588
-2107
425
2886
5155
7124
8701
9814
10417
10488
10033
9088
7709
5977
3989
1853
-314
-2399
-4291
-5895
-7128
-7932
-8271
-8135
-7539
-6525
-5155
-3511
-1690
204
2062
3780
5261
6421
7195
7541
7439
6895
5939
4623
3022
1223
-674
-2564
-4342
-5909
-7176
-8072
-8544
-8563
-8123
-7243
-5966
-4355
-2492
-471
1603
3626
5493
7109
8391
9272
9710
9680
9185
8249
6921
5266
3367
1317
-780
-2826
-4721
-6376
-7716
-8680
-9229
-9346
-9034
-8317
-7240
-5864
-4263
-2522
-728
1030
2670
4116
5307
6194
6749
6959
6833
6393
5679
4743
3647
2458
1245
75
-991
-1902
-2618
-3111
-3369
-3395
-3206
-2829
-2305
-1681
-1007
-337
278
795
1175
1393
1432
1290
977
516
-61
-713
-1394
-2053
-2641
-3110
-3421
-3541
-3450
-3139
-2611
-1884
-985
43
1154
2293
3401
4420
5294
5974
6418
6595
6488
6092
5415
4482
3327
1996
545
-965
-2472
-3911
-5219
-6341
-7228
-7844
-8162
-8169
-7864
-7261
-6385
-5270
-3963
-2514
-980
580
2110
3554
4860
5984
6891
7554
7954
8084
7946
7551
6918
6073
5049
3881
2609
1273
-82
-1420
-2700
-3887
-4949
-5857
-6589
-7124
-7451
0
0
0
0
0
0
0
0
0
0
0
0
0
0
0
0
0
0
0
0
0
0
0
0
0
0
0
0
0
0
0
0
0
0
0
0
0
0
0
0
0
0
0
0
0
0
0
0
0
0
0
0
0
0
0
0
0
0
0
0
0
0
0
0
0
0
0
