0
4278
8485
12550
16402
19973
23203
26035
28419
30314
31684
32507
32766
32456
31581
30156
28203
25758
22860
19561
15917
11991
7852
3573
-771
-5106
-9352
-13436
-17284
-20829
-24006
-26759
-29038
-30801
-32015
-32660
-32720
-32196
-31094
-29434
-27244
-24563
-21439
-17925
-14087
-9991
-5712
-1327
3083
7441
11667
15683
19415
22796
25762
28259
30239
31667
32514
32764
32412
31462
29931
27847
25247
22178
18696
14865
10755
6443
2009
-2465
-6896
-11201
-15299
-19113
-22570
-25606
-28162
-30190
-31650
-32514
-32764
-32394
-31411
-29832
-27686
-25012
-21861
-18292
-14372
-10175
-5781
-1274
3259
7733
12062
16161
19951
23359
26318
28771
30668
31973
32659
32711
32127
30919
29107
26727
23823
20452
16679
12577
8226
3711
-879
-5455
-9926
-14204
-18204
-21846
-25058
-27775
-29942
-31516
-32464
-32766
-32415
-31417
-29790
-27567
-24790
-21514
-17805
-13736
-9388
-4849
-209
4437
8997
13377
17489
21248
24578
27411
29687
31359
32393
32765
32468
31507
29899
27676
24884
21579
17828
13707
9301
4700
0
-4703
-9311
-13729
-17864
-21629
-24947
-27746
-29968
-31566
-32503
-32761
-32332
-31225
-29460
-27076
-24119
-20653
-16748
-12488
-7961
-3263
1506
6246
10856
15238
19298
22949
26112
28719
30713
32051
32702
32651
31900
30461
28366
25658
22395
18646
14492
10022
5332
524
-4298
-9029
-13567
-17811
-21669
-25055
-27896
-30127
-31699
-32577
-32739
-32182
-30916
-28967
-26379
-23206
-19519
-15397
-10932
-6222
-1372
3511
8320
12945
17284
21240
24723
27655
29968
31611
32545
32748
32214
30954
28995
26381
23169
19431
15252
10724
5950
1038
-3899
-8751
-13405
-17757
-21705
-25159
-28038
-30277
-31822
-32637
-32702
-32014
-30588
-28456
-25665
-22280
-18377
-14047
-9388
-4509
477
5455
10308
14924
19194
23018
26305
28979
30974
32243
32756
32498
31476
29711
27244
24133
20449
16280
11722
6884
1880
-3170
-8148
-12935
-17416
-21484
-25041
-28000
-30291
-31856
-32659
-32677
-31909
-30373
-28105
-25157
-21600
-17520
-13013
-8189
-3163
1941
7001
11893
16499
20705
24407
27516
29953
31659
32589
32721
32049
30590
28377
25463
21921
17836
13307
8448
3377
-1780
-6896
-11843
-16499
-20746
-24479
-27603
-30040
-31727
-32621
-32699
-31957
-30413
-28105
-25088
-21439
-17247
-12618
-7668
-2522
2689
7836
12787
17416
21605
25247
28248
30530
32035
32723
32574
31592
29801
27244
23987
20112
15718
10917
5832
595
-4660
-9798
-14685
-19194
-23208
-26622
-29345
-31307
-32455
-32757
-32206
-30813
-28614
-25665
-22043
-17841
-13169
-8148
-2911
2405
7661
12717
17440
21705
25397
28419
30689
32146
32750
32483
31352
29385
26633
23169
19084
14487
9500
4255
-1105
-6439
-11603
-16457
-20870
-24723
-27911
-30346
-31961
-32712
-32578
-31559
-29684
-27001
-23582
-19519
-14922
-9916
-4636
771
6162
11386
16301
20770
24671
27896
30354
31977
32719
32558
31498
29565
26813
23317
19172
14492
9407
4058
-1405
-6833
-12073
-16978
-21411
-25247
-28377
-30713
-32188
-32760
-32410
-31148
-29007
-26047
-22351
-18021
-13179
-7961
-2516
3003
8440
13640
18454
22745
26389
29282
31340
32503
32737
32033
30409
27913
24613
20604
16000
10932
5547
0
-5550
-10942
-16021
-20637
-24657
-27963
-30458
-32068
-32745
-32468
-31244
-29107
-26118
-22364
-17952
-13013
-7689
-2137
3479
8997
14252
19090
23367
26955
29748
31662
32640
32650
31691
29790
27003
23411
19119
14256
8965
3403
-2262
-7862
-13230
-18204
-22633
-26385
-29345
-31423
-32556
-32707
-31871
-30072
-27362
-23823
-19561
-14703
-9397
-3803
1908
7565
12994
18030
22517
26318
29316
31419
32559
32702
31841
30001
27238
23635
19302
14372
8996
3339
-2422
-8112
-13553
-18577
-23026
-26761
-29667
-31650
-32648
-32629
-31591
-29565
-26615
-22829
-18327
-13249
-7752
-2009
3799
9491
14886
19815
24120
27666
30338
32052
32751
32412
31044
28690
25423
21345
16586
11295
5642
-193
-6025
-11667
-16938
-21669
-25706
-28920
-31206
-32489
-32726
-31909
-30063
-27244
-23544
-19081
-13998
-8460
-2644
3259
9060
14569
19606
24006
27626
30346
32075
32756
32366
30916
28451
25051
20827
15917
10480
4696
-1244
-7147
-12817
-18065
-22719
-26622
-29644
-31684
-32674
-32578
-31398
-29173
-25975
-21909
-17110
-11737
-5969
0
5972
11747
17130
21941
26016
29217
31436
32596
32657
31615
29504
26395
22390
17625
12260
6476
470
-5554
-11392
-16845
-21726
-25867
-29127
-31393
-32585
-32662
-31619
-29491
-26349
-22301
-17483
-12062
-6222
-166
5898
11762
17222
22088
26191
29387
31566
32648
32597
31411
29131
25835
21636
16679
11138
5205
-912
-7001
-12847
-18244
-23003
-26955
-29960
-31912
-32739
-32412
-30940
-28374
-24803
-20353
-15179
-9465
-3413
2763
8843
14612
19863
24407
28083
30758
32334
32755
32003
30103
27124
23169
18381
12929
7010
836
-5370
-11386
-16993
-21989
-26191
-29446
-31636
-32680
-32538
-31214
-28754
-25247
-20819
-15630
-9868
-3744
2518
8692
14551
19879
24480
28184
30855
32393
32739
31880
29845
26709
22585
17625
12011
5950
-333
-6607
-12639
-18204
-23094
-27128
-30152
-32055
-32763
-32248
-30528
-27666
-23767
-18976
-13473
-7461
-1167
5173
11322
17047
22132
26385
29644
31785
32724
32427
30901
28203
24435
19738
14288
8294
1981
-4409
-10635
-16457
-21654
-26025
-29402
-31656
-32697
-32485
-31027
-28377
-24634
-19943
-14481
-8460
-2109
4324
10594
16457
21686
26077
29459
31699
32710
32451
30929
28203
24378
19601
14056
7961
1552
-4919
-11201
-17047
-22227
-26537
-29806
-31906
-32751
-32307
-30590
-27666
-23648
-18696
-13002
-6791
-309
6187
12441
18204
23246
27366
30398
32222
32762
31995
29951
26709
22398
17189
11289
4935
-1619
-8112
-14281
-19879
-24678
-28486
-31147
-32552
-32643
-31416
-28917
-25247
-20553
-15023
-8882
-2378
4225
10659
16662
21989
26421
29777
31918
32756
32254
30432
27362
23169
18024
12137
5748
-879
-7473
-13762
-19485
-24407
-28323
-31070
-32533
-32650
-31414
-28875
-25136
-20353
-14721
-8475
-1874
4807
11292
17307
22602
26955
30182
32146
32765
32010
29911
26556
22083
16679
10571
4016
-2711
-9326
-15551
-21121
-25799
-29387
-31732
-32732
-32344
-30582
-27520
-23286
-18060
-12062
-5547
1206
7911
14280
20041
24947
28786
31393
32653
32513
30975
28105
24024
18906
12972
6476
-301
-7069
-13534
-19415
-24458
-28443
-31196
-32596
-32580
-31148
-28360
-24336
-19250
-13322
-6811
0
6813
13332
19269
24364
28393
31178
32594
32578
31129
28309
24241
19103
13120
6555
-301
-7147
-13680
-19609
-24671
-28641
-31340
-32648
-32505
-30916
-27948
-23735
-18460
-12360
-5706
1206
8067
14569
20421
25359
29162
31656
32728
32328
30473
27244
22786
17298
11027
4255
-2711
-9557
-15974
-21669
-26383
-29901
-32062
-32766
-31979
-29736
-26137
-21345
-15577
-9095
-2195
4807
11593
17850
23291
27666
30771
32464
32665
31362
28614
24546
19345
13249
6538
-477
-7473
-14125
-20126
-25196
-29098
-31650
-32732
-32292
-30349
-26991
-22374
-16712
-10266
-3339
3746
10659
17076
22694
27251
30530
32377
32702
31489
28793
24740
19519
13375
6597
-494
-7565
-14281
-20323
-25404
-29282
-31772
-32753
-32178
-30072
-26533
-21729
-15887
-9285
-2238
4919
11843
18204
23695
28052
31066
32589
32548
30942
27847
23411
17845
11416
4435
-2763
-9830
-16425
-22227
-26955
-30378
-32330
-32713
-31507
-28769
-24631
-19293
-13013
-6096
1120
8285
15047
21076
26077
29802
32068
32763
31850
29372
25451
20276
14101
7230
0
-7232
-14111
-20295
-25478
-29402
-31872
-32764
-32033
-29711
-25913
-20827
-14703
-7845
-595
6688
13640
19914
25196
29220
31785
32759
32093
29819
26047
20967
14832
7950
664
-6656
-13645
-19948
-25247
-29273
-31822
-32763
-32046
-29706
-25861
-20703
-14492
-7543
-209
7138
14125
20396
25629
29557
31977
32766
31880
29363
25342
20022
13674
6622
-771
-8129
-15071
-21240
-26318
-30042
-32219
-32734
-31559
-28754
-24461
-18901
-12360
-5177
2276
9615
16457
22447
27271
30678
32489
32608
31026
27825
23169
17302
10527
3199
-4298
-11573
-18244
-23960
-28419
-31387
-32705
-32302
-30198
-26501
-21406
-15179
-8148
-684
6817
13962
20369
25700
29668
32064
32757
31710
28975
24698
19103
12488
5205
-2358
-9798
-16717
-22745
-27557
-30894
-32577
-32513
-30703
-27244
-22319
-16192
-9191
-1693
5898
13175
19743
25247
29388
31941
32765
31816
29141
24884
19276
12618
5272
-2362
-9871
-16845
-22903
-27714
-31014
-32621
-32445
-30495
-26875
-21781
-15492
-8351
-749
6896
14165
20658
26016
29942
32220
32721
31417
28377
23767
17841
10926
3403
-4310
-11787
-18613
-24407
-28847
-31684
-32759
-32010
-29476
-25298
-19707
-13013
-5590
2148
9769
16845
22980
27828
31116
32659
32366
30254
26438
21133
14635
7310
-430
-8148
-15409
-21801
-26962
-30598
-32502
-32563
-30778
-27244
-22162
-15818
-8572
-836
6950
14343
20920
26305
30190
32350
32661
31103
27762
22829
16586
9388
1649
-6187
-13670
-20369
-25898
-29936
-32249
-32702
-31267
-28024
-23161
-16955
-9766
-2009
5867
13405
20168
25762
29860
32222
32709
31291
28049
23169
16936
9711
1916
-5992
-13553
-20323
-25904
-29968
-32275
-32687
-31179
-27837
-22855
-16527
-9222
-1372
6562
14111
20829
26318
30252
32397
32623
30916
27374
22206
15718
8294
373
-7571
-15067
-21669
-26980
-30683
-32556
-32483
-30469
-26631
-21197
-14492
-6916
1077
9009
16402
22811
27851
31216
32702
32218
29790
25564
19793
12824
5078
-2978
-10856
-18080
-24210
-28873
-31785
-32766
-31757
-28816
-24119
-17952
-10689
-2772
5316
13083
20053
25799
29968
32304
32662
31017
27469
22233
15630
8064
0
-8067
-15639
-22251
-27492
-31038
-32669
-32282
-29899
-25665
-19840
-12785
-4935
3223
11185
18454
24578
29176
31960
32754
31507
28295
23317
16881
9388
1306
-6859
-14599
-21426
-26913
-30713
-32587
-32415
-30206
-26096
-20343
-13307
-5431
2789
10837
18204
24423
29100
31937
32755
31498
28244
23199
16679
9099
938
-7285
-15047
-21854
-27271
-30951
-32659
-32282
-29844
-25497
-19519
-12290
-4271
4023
12062
19330
25359
29762
32252
32670
30984
27303
21861
15008
7184
-1105
-9326
-16947
-23474
-28484
-31650
-32766
-31757
-28687
-23753
-17274
-9670
-1435
6896
14781
21705
27215
30951
32666
32248
29720
25247
19119
11737
3583
-4807
-12886
-20121
-26035
-30239
-32455
-32534
-30469
-26395
-20578
-13400
-5336
3083
11302
18775
25007
29584
32200
32681
30992
27244
21684
14679
6695
-1736
-10055
-17706
-24178
-29038
-31959
-32744
-31340
-27837
-22468
-15592
-7668
771
9163
16942
23583
28641
31772
32764
31548
28203
22955
16155
8261
-193
-8637
-16499
-23246
-28419
-31667
-32766
-31641
-28366
-23161
-16378
-8479
0
8482
16388
23178
28387
31659
32766
31633
28334
23092
16267
8323
-193
-8699
-16610
-23382
-28547
-31748
-32764
-31521
-28105
-22748
-15818
-7793
771
9287
17161
23850
28887
31923
32744
31292
27666
22114
15023
6884
-1736
-10238
-18030
-24565
-29387
-32158
-32681
-30919
-26991
-21173
-13868
-5590
3083
11543
19194
25499
30012
32414
32534
30361
26047
19895
12336
3903
-4807
-13181
-20625
-26610
-30711
-32637
-32248
-29569
-24790
-18247
-10405
-1820
6896
15124
22277
27843
31423
32760
31757
28483
23169
16196
8060
-655
-9326
-17331
-24094
-29127
-32068
-32703
-30984
-27033
-21133
-13707
-5289
3511
12062
19743
25999
30374
32552
32371
29844
25150
18630
10754
2094
-6719
-15047
-22282
-27896
-31478
-32765
-31661
-28244
-22763
-15616
-7324
1506
10228
18204
24847
29668
32313
32585
30461
26096
19809
12062
3423
-5469
-13962
-21426
-27310
-31178
-32740
-31881
-28661
-23317
-16242
-7961
912
9721
17811
24578
29519
32265
32608
30520
26157
19840
12041
3339
-5613
-14150
-21629
-27492
-31296
-32755
-31758
-28377
-22863
-15630
-7219
1736
10564
18599
25234
29968
32443
32468
30041
25342
18725
10689
1842
-7147
-15598
-22868
-28404
-31785
-32751
-31227
-27327
-21345
-13736
-5078
3969
12717
20496
26712
30887
32702
32014
28875
23522
16364
7950
-1077
-10024
-18204
-24986
-29848
-32414
-32483
-30050
-25298
-18593
-10451
-1499
7571
16058
23305
28750
31969
32711
30916
26720
20449
12587
3744
-5391
-14111
-21734
-27666
-31442
-32766
-31533
-27837
-21964
-14372
-5653
3510
12401
20323
26654
30894
32710
31957
28692
23169
15822
7226
-1941
-10958
-19113
-25762
-30378
-32596
-32237
-29328
-24096
-16955
-8469
691
9799
18132
25028
29936
32465
32412
29778
24772
17791
9388
234
-8940
-17404
-24479
-29598
-32350
-32513
-30072
-25219
-18342
-9991
-836
8388
16942
24135
29387
32275
32563
30226
25451
18620
10283
1113
-8148
-16754
-24006
-29316
-32252
-32574
-30254
-25477
-18630
-10266
-1066
8222
16845
24098
29390
32286
32549
30156
25298
18372
9941
695
-8610
-17213
-24407
-29603
-32371
-32482
-29925
-24908
-17841
-9305
0
9307
17850
24924
29942
32491
32356
29546
24293
17028
8351
-1019
-10308
-18745
-25629
-30386
-32621
-32145
-28995
-23432
-15917
-7073
2362
11603
19879
26497
30903
32728
31816
28241
22301
14491
5464
-4023
-13175
-21224
-27492
-31451
-32766
-31324
-27244
-20868
-12732
-3519
5992
15001
22745
28568
31977
32682
30619
25962
19103
10622
1238
-8253
-17047
-24394
-29668
-32420
-32412
-29643
-24347
-16973
-8148
1373
10781
19269
26112
30723
32705
31886
28334
22351
14449
5304
-4298
-13534
-21608
-27826
-31650
-32749
-31026
-26627
-19930
-11510
-2094
7504
16457
23989
29446
32355
32460
29752
24461
17046
8148
-1459
-10942
-19477
-26318
-30870
-32732
-31742
-27983
-21780
-13674
-4371
5316
14541
22496
28484
31977
32669
30495
25645
18541
9807
209
-9410
-18204
-25397
-30356
-32640
-32046
-28625
-22675
-14721
-5464
4278
13645
21806
28038
31787
32719
30748
26047
19032
10324
695
-8997
-17892
-25196
-30256
-32621
-32077
-28669
-22701
-14703
-5389
4409
13816
21989
28193
31872
32694
30582
25725
18555
9715
0
-9718
-18563
-25739
-30598
-32699
-31850
-28126
-21861
-13619
-4144
5708
15047
23026
28920
32194
32549
29951
24631
17073
7961
-1876
-11547
-20168
-26955
-31287
-32766
-31257
-26894
-20073
-11416
-1713
8148
17267
24807
30076
32589
32113
28690
22632
14492
5018
-4919
-14407
-22570
-28657
-32104
-32591
-30072
-24775
-17189
-8012
1907
11653
20323
27113
31393
32763
31094
26539
19519
10683
852
-9060
-18132
-25519
-30530
-32697
-31816
-27965
-21503
-13031
-3339
6667
16052
23938
29584
32459
32292
29097
23169
15065
5543
-4501
-14125
-22423
-28612
-32108
-32578
-29977
-24546
-16798
-7461
2582
12385
21019
27666
31694
32721
30647
25665
18247
9095
-923
-10856
-19760
-26786
-31264
-32766
-31146
-26556
-19431
-10451
-470
9557
18675
26008
30855
32749
31507
27244
20368
11537
1595
-8501
-17784
-25359
-30497
-32702
-31758
-27754
-21074
-12360
-2451
7696
17103
24860
30215
32648
31922
28105
21563
12929
3039
-7147
-16643
-24525
-30025
-32607
-32016
-28309
-21844
-13249
-3359
6859
16412
24364
29939
32588
32050
28377
21924
13322
3413
-6833
-16412
-24382
-29960
-32596
-32028
-28309
-21804
-13150
-3199
7069
16643
24578
30089
32630
31946
28105
21482
12732
2719
-7565
-17103
-24947
-30318
-32680
-31797
-27754
-20951
-12062
-1970
8320
17784
25478
30633
32732
31565
27244
20200
11134
952
-9326
-18675
-26154
-31014
-32765
-31228
-26556
-19215
-9941
333
10578
19760
26955
31436
32749
30759
25665
17979
8475
-1887
-12062
-21019
-27851
-31864
-32650
-30126
-24546
-16475
-6728
3703
13762
22423
28806
32258
32427
29291
23169
14683
4696
-5772
-15653
-23938
-29777
-32571
-32033
-28214
-21503
-12587
-2378
8077
17706
25519
30711
32748
31416
26850
19519
10175
-219
-10594
-19879
-27113
-31549
-32726
-30520
-25157
-17189
-7439
3083
13289
22119
28657
32222
32441
29289
23092
14492
4381
-6187
-16114
-24364
-30076
-32652
-31820
-27666
-20619
-11416
-1017
9491
19008
26537
31287
32757
30792
25595
17709
7961
-2625
-12939
-21894
-28547
-32194
-32451
-29286
-23032
-14346
-4144
6498
16457
24678
30291
32699
31644
27238
19943
10531
0
-10533
-19951
-27251
-31656
-32694
-30254
-24592
-16309
-6286
4409
14637
23305
29487
32519
32077
28203
21312
12137
1660
-8997
-18692
-26385
-31248
-32757
-30748
-25434
-17383
-7461
3266
13645
22556
29038
32390
32248
28625
21909
12824
2351
-8378
-18204
-26061
-31098
-32765
-30880
-25645
-17625
-7689
3083
13524
22496
29023
32393
32235
28565
21780
12618
2077
-8692
-18516
-26318
-31245
-32755
-30681
-25247
-17046
-6975
3863
14280
23132
29446
32527
32033
28015
20915
11510
836
-9932
-19609
-27125
-31650
-32682
-30103
-24198
-15616
-5304
5596
15880
24407
30232
32705
31550
26894
19250
9465
-1373
-12062
-21411
-28379
-32188
-32412
-29022
-22395
-13267
-2656
8253
18244
26197
31222
32754
30619
25054
16679
6433
-4537
-15001
-23783
-29895
-32648
-31731
-27244
-19690
-9916
976
11762
21224
28293
32170
32415
28997
22301
13080
2378
-8595
-18599
-26497
-31393
-32729
-30352
-24528
-15917
-5494
5554
15974
24578
30386
32734
31352
26395
18425
8351
-2679
-13405
-22602
-29217
-32491
-32046
-27932
-20616
-10936
0
10939
20625
27944
32055
32482
29173
22507
13249
2462
-8610
-18692
-26622
-31481
-32707
-30156
-24119
-15293
-4696
6446
16845
25296
30817
32766
30916
25477
17079
6695
-4468
-15115
-24006
-30106
-32702
-31489
-26606
-18620
-8460
2689
13528
22788
29387
32552
31909
27532
19930
9991
-1120
-12103
-21669
-28693
-32350
-32208
-28280
-21025
-11295
-234
10856
20671
28052
32127
32412
28871
21921
12379
1372
-9799
-19815
-27487
-31906
-32545
-29328
-22632
-13249
-2291
8940
19113
27016
31708
32629
29666
23169
13911
2992
-8285
-18577
-26654
-31549
-32677
-29899
-23544
-14372
-3477
7836
18214
26411
31442
32702
30037
23764
14635
3744
-7598
-18030
-26293
-31393
-32711
-30086
-23833
-14703
-3796
7571
18026
26305
31405
32707
30050
23753
14577
3632
-7754
-18204
-26446
-31479
-32688
-29925
-23522
-14256
-3253
8148
18560
26712
31608
32650
29706
23135
13736
2656
-8751
-19090
-27095
-31785
-32581
-29385
-22585
-13013
-1842
9557
19786
27585
31994
32468
28947
21861
12081
809
-10564
-20637
-28166
-32219
-32293
-28377
-20951
-10932
440
11762
21629
28819
32437
32033
27653
19840
9561
-1907
-13142
-22745
-29519
-32621
-31661
-26755
-18514
-7961
3586
14689
23960
30239
32740
31148
25658
16955
6128
-5469
-16384
-25247
-30944
-32759
-30461
-24336
-15151
-4058
7546
18204
26572
31595
32638
29565
22763
13087
1756
-9798
-20118
-27896
-32148
-32332
-28424
-20915
-10754
771
12203
22088
29171
32552
31797
27001
18769
8148
-3511
-14727
-24069
-30346
-32754
-30984
-25260
-16309
-5272
6439
17331
26008
31359
32696
29845
23169
13521
2137
-9523
-19964
-27843
-32146
-32318
-28334
-20703
-10405
1234
12717
22564
29503
32637
31559
26407
17841
6968
-4807
-15965
-25058
-30909
-32757
-30361
-24028
-14577
-3233
8533
19194
27364
31977
32433
28669
21173
10917
-762
-12345
-22321
-29387
-32619
-31592
-26438
-17828
-6884
4961
16161
25247
31028
32744
30168
23635
13998
2522
-9287
-19879
-27860
-32179
-32265
-28105
-20242
-9711
2101
13640
23382
30040
32733
31103
25362
16267
5018
-6896
-17901
-26537
-31659
-32585
-29190
-21921
-11741
0
11743
21929
29201
32589
31641
26480
17791
6728
-5233
-16499
-25566
-31222
-32709
-29826
-22955
-13013
-1327
10537
20994
28641
32450
31909
27088
18630
7668
-4324
-15739
-25041
-30976
-32744
-30105
-23411
-13561
-1880
10055
20637
28436
32397
31982
27244
18822
7852
-4182
-15653
-25007
-30974
-32743
-30072
-23319
-13400
-1660
10308
20879
28612
32455
31881
26966
18377
7282
-4807
-16245
-25468
-31216
-32702
-29720
-22675
-12528
-664
11292
21705
29147
32596
31576
26225
17274
5950
-6193
-17489
-26383
-31650
-32564
-28995
-21433
-10917
1105
12978
23064
29968
32737
30984
24950
15465
3839
-8320
-19330
-27666
-32170
-32217
-27796
-19519
-8531
3643
15314
24860
30951
32739
29972
23032
12884
938
-11141
-21669
-29176
-32613
-31498
-25982
-16835
-5332
6918
18204
26944
31912
32410
28366
20343
9465
-2743
-14569
-24351
-30713
-32759
-30198
-23387
-13283
-1306
10856
21492
29100
32604
31507
25962
16748
5166
-7147
-18454
-27152
-32008
-32332
-28076
-19840
-8789
3510
15314
24947
31038
32720
29752
22551
12140
0
-12143
-22559
-29762
-32723
-31017
-24884
-15198
-3339
8998
20053
28242
32393
31908
26854
17952
6476
-5930
-17489
-26541
-31785
-32465
-28481
-20402
-9388
2978
14918
24714
30951
32730
29790
22554
12062
-172
-12385
-22811
-29942
-32746
-30813
-24421
-14492
-2462
9926
20879
28806
32556
31581
26021
16679
4912
-7571
-18956
-27585
-32200
-32127
-27374
-18630
-7167
5342
17076
26318
31719
32485
28504
20353
9222
-3259
-15267
-25041
-31147
-32687
-29434
-21861
-11077
1334
13553
23783
30517
32764
30189
23169
12736
423
-11953
-22570
-29860
-32743
-30792
-24293
-14202
-2009
10483
21426
29201
32652
31267
25247
15482
3419
-9153
-20369
-28563
-32514
-31633
-26047
-16586
-4654
7973
19415
27967
32350
31910
26709
17520
5712
-6950
-18577
-27428
-32179
-32116
-27244
-18292
-6597
6088
17864
26962
32015
32263
27666
18910
7310
-5391
-17284
-26579
-31872
-32366
-27983
-19380
-7852
4862
16845
26287
31760
32433
28203
19707
8226
-4501
-16550
-26094
-31684
-32472
-28334
-19895
-8434
4310
16402
26003
31651
32486
28377
19946
8475
-4288
-16402
-26016
-31662
-32478
-28334
-19861
-8351
4437
16550
26133
31717
32445
28203
19638
8060
-4756
-16845
-26351
-31812
-32386
-27983
-19276
-7602
5243
17284
26666
31941
32293
27666
18769
6975
-5898
-17864
-27071
-32095
-32157
-27244
-18113
-6176
6719
18577
27557
32265
31968
26709
17302
5205
-7702
-19415
-28111
-32434
-31710
-26047
-16326
-4058
8843
20369
28719
32588
31368
25247
15179
2736
-10137
-21426
-29364
-32705
-30922
-24293
-13853
-1238
11573
22570
30025
32764
30353
23169
12339
-434
-13142
-23783
-30678
-32739
-29638
-21861
-10632
2276
14829
25041
31296
32604
28754
20353
8727
-4282
-16616
-26318
-31849
-32328
-27676
-18630
-6622
6439
18480
27585
32302
31880
26381
16679
4318
-8734
-20396
-28806
-32620
-31227
-24845
-14492
-1820
11144
22329
29942
32763
30335
23047
12062
-859
-13645
-24243
-30951
-32688
-29173
-20967
-9388
3703
16202
26094
31785
32354
27709
18593
6476
-6688
-18775
-27832
-32393
-31718
-25913
-15915
-3339
9779
21317
29402
32723
30737
23764
12933
0
-12935
-23772
-30745
-32720
-29372
-21243
-9654
3510
16105
26077
31798
32332
27590
18342
6096
-7147
-19226
-28162
-32493
-31507
-25362
-15061
-2291
10856
22227
29953
32765
30198
22670
11416
-1716
-14569
-25028
-31370
-32548
-28366
-19509
-7435
5867
18204
27539
32330
31782
25982
15887
3163
-10086
-21669
-29667
-32753
-30413
-23032
-11831
1334
14281
24860
31312
32563
28403
19519
7387
-5976
-18347
-27666
-32377
-31693
-25725
-15465
-2622
10659
22164
29968
32766
30086
22374
10917
-2369
-15261
-25599
-31650
-32396
-27709
-18372
-5950
7473
19643
28516
32596
31195
24546
13765
664
-12550
-23653
-30771
-32702
-29116
-20616
-8634
4807
17440
27128
32230
31881
26137
15968
3092
-10308
-21966
-29901
-32766
-30072
-22272
-10689
2711
15653
25937
31812
32275
27244
17574
4908
-8595
-20637
-29162
-32712
-30681
-23411
-12140
1206
14349
25041
31451
32480
27948
18630
6117
-7445
-19735
-28641
-32634
-31026
-24089
-13013
301
13567
24501
31222
32570
28309
19172
6728
-6876
-19298
-28393
-32589
-31159
-24347
-13326
0
13328
24354
31166
32585
28360
19220
6748
-6896
-19347
-28443
-32604
-31103
-24198
-13087
301
13640
24608
31294
32533
28105
18778
6176
-7504
-19879
-28786
-32669
-30847
-23635
-12290
1206
14493
25247
31583
32389
27520
17828
5008
-8692
-20870
-29387
-32745
-30352
-22624
-10917
2711
15865
26229
31977
32094
26556
16335
3233
-10442
-22277
-30182
-32757
-29546
-21112
-8944
4807
17712
27483
32390
31559
25136
14256
845
-12717
-24026
-31070
-32598
-28334
-19032
-6345
7473
19964
28903
32697
30666
23169
11540
-2148
-15456
-26008
-31918
-32127
-26596
-16309
-3103
10659
22517
30346
32741
29270
20553
8148
-5719
-18563
-28078
-32552
-31179
-24202
-12874
771
14281
25223
31625
32332
27214
17189
4062
-9798
-21894
-30040
-32762
-29565
-21025
-8682
5233
18204
27882
32514
31257
24336
13002
-691
-14262
-25247
-31650
-32307
-27094
-16955
-3732
10171
22227
30239
32747
29289
20494
7961
-6025
-18915
-28356
-32621
-30929
-23586
-11931
1907
15400
26077
31982
32033
26215
15592
2109
-11762
-23479
-30889
-32629
-28377
-18910
-5966
8077
20637
29402
32756
30080
21861
9613
-4409
-17621
-27585
-32459
-31342
-24435
-13013
816
14497
25499
31785
32188
26631
16140
2656
-11322
-23203
-30782
-32650
-28456
-18976
-5969
8148
20755
29503
32763
29925
21514
9095
-5021
-18204
-27995
-32564
-31058
-23753
-12011
1977
15598
26305
32095
31880
25698
14703
952
-12978
-24480
-31393
-32418
-27360
-17165
-3744
10381
22559
30497
32702
28754
19394
6380
-7836
-20580
-29446
-32762
-29899
-21393
-8847
5370
18577
28275
32630
30814
23169
11138
-3003
-16579
-27016
-32334
-31523
-24733
-13249
751
14612
25700
31906
32048
26096
15179
1372
-12698
-24354
-31371
-32412
-27273
-16932
-3359
10856
23003
30758
32638
28280
18514
5205
-9101
-21669
-30089
-32747
-29131
-19930
-6905
7445
20371
29387
32762
29844
21189
8460
-5898
-19125
-28673
-32702
-30433
-22301
-9868
4468
17946
27963
32585
30916
23274
11134
-3159
-16845
-27275
-32428
-31305
-24119
-12260
1977
15833
26622
32247
31615
24845
13249
-923
-14918
-26016
-32055
-31858
-25461
-14105
0
14107
25468
31864
32046
25975
14832
792
-13405
-24986
-31684
-32188
-26395
-15435
-1452
12817
24578
31525
32292
26727
15917
1981
-12345
-24250
-31393
-32366
-26976
-16280
-2378
11993
24006
31293
32415
27148
16527
2644
-11762
-23850
-31230
-32442
-27244
-16660
-2779
11653
23783
31206
32451
27267
16679
2783
-11667
-23806
-31222
-32441
-27217
-16586
-2656
11803
23919
31277
32412
27094
16378
2398
-12062
-24120
-31370
-32361
-26894
-16056
-2009
12441
24407
31496
32285
26615
15616
1488
-12939
-24777
-31650
-32178
-26251
-15055
-836
13553
25223
31826
32033
25797
14372
52
-14280
-25739
-32015
-31841
-25247
-13561
863
15115
26318
32208
31592
24592
12618
-1908
-16052
-26950
-32393
-31276
-23823
-11540
3083
17085
27622
32556
30880
22932
10324
-4384
-18204
-28323
-32682
-30389
-21909
-8965
5807
19399
29038
32755
29790
20744
7461
-7347
-20658
-29748
-32757
-29067
-19428
-5811
8997
21966
30436
32669
28203
17952
4016
-10746
-23305
-31079
-32468
-27184
-16309
-2077
12583
24657
31656
32135
25992
14491
0
-14493
-25999
-32139
-31644
-24613
-12494
2208
16457
27304
32503
30975
23032
10317
-4537
-18454
-28547
-32719
-30103
-21238
-7961
6971
20458
29694
32757
29007
19220
5431
-9491
-22439
-30713
-32587
-27666
-16973
-2736
12073
24364
31568
32177
26060
14492
-108
-14689
-26197
-32222
-31498
-24174
-11781
3083
17304
27896
32634
30520
21996
8847
-6162
-19879
-29416
-32766
-29219
-19519
-5706
9311
22368
30711
32578
27570
16743
2378
-12491
-24723
-31732
-32033
-25558
-13674
1105
15653
26888
32428
31095
23169
10328
-4707
-18745
-28806
-32750
-29736
-20402
-6728
8378
21705
30414
32650
27932
17262
2911
-12062
-24465
-31651
-32083
-25665
-13765
1077
15692
26955
32455
31012
22932
9941
-5180
-19194
-29098
-32765
-29406
-19738
-5832
9326
22486
30817
32526
27244
16102
1495
-13436
-25478
-32035
-31693
-24521
-12062
2999
17416
28078
32680
30226
21243
7668
-7565
-21167
-30192
-32685
-28105
-17438
-2992
12103
24578
31727
31995
25321
13150
-1876
-16499
-27539
-32596
-30567
-21889
-8448
6833
20630
29936
32722
28377
17845
3419
-11753
-24364
-31659
-32040
-25423
-13249
1823
16499
27568
32607
30508
21729
8189
-7147
-20920
-30108
-32693
-28105
-17347
-2779
12401
24860
31856
31850
24838
12360
-2839
-17416
-28160
-32702
-30037
-20749
-6884
8501
22013
30668
32552
27244
15915
1066
-14020
-26008
-32243
-31342
-23500
-10451
4915
19194
29220
32766
29042
18871
4509
-10856
-23813
-31479
-32147
-25665
-13473
1720
16533
27666
32637
30335
21271
7461
-8015
-21705
-30552
-32578
-27327
-15968
-1038
14125
26133
32294
31228
23169
9920
-5554
-19786
-29584
-32748
-28565
-17970
-3339
12043
24723
31849
31816
24627
11897
-3511
-18132
-28673
-32755
-29458
-19519
-5177
10334
23516
31393
32182
25702
13414
-1907
-16800
-27896
-32682
-30072
-20653
-6555
9029
22570
30997
32395
26445
14492
-751
-15827
-27310
-32589
-30461
-21406
-7481
8148
21926
30713
32507
26894
15151
-48
-15238
-26955
-32522
-30664
-21804
-7961
7702
21608
30575
32549
27076
15403
202
-15047
-26852
-32503
-30703
-21861
-8002
7696
21629
30598
32538
27001
15255
0
-15257
-27007
-32541
-30582
-21579
-7602
8129
21989
30779
32468
26664
14703
-655
-15865
-27411
-32621
-30288
-20948
-6758
8997
22672
31098
32318
26047
13736
-1763
-16855
-28038
-32713
-29790
-19946
-5464
10289
23653
31516
32046
25116
12336
-3319
-18204
-28847
-32766
-29042
-18541
-3711
11987
24889
31977
31593
23823
10480
-5316
-19871
-29777
-32711
-27983
-16697
-1495
14059
26318
32404
30885
22114
8148
-7733
-21801
-30745
-32460
-26539
-14372
1180
16457
27860
32699
29832
19930
5325
-10537
-23916
-31650
-31910
-24631
-11530
4298
19113
29409
32747
28334
17210
2009
-13670
-26112
-32365
-30942
-22178
-8148
7817
21929
30833
32412
26285
13907
-1780
-17047
-28259
-32743
-29429
-19103
-4222
11667
24777
31977
31548
23586
9991
-5992
-20546
-30192
-32619
-27244
-15350
219
15739
27492
32660
30001
20149
5464
-10533
-24006
-31719
-31816
-24270
-10892
5106
19879
29873
32681
27625
15917
373
-15261
-27221
-32621
-30156
-20416
-5748
10308
23879
31684
31836
24293
10875
-5173
-19973
-29942
-32665
-27477
-15633
0
15636
27483
32666
29925
19920
5078
-10999
-24407
-31886
-31615
-23656
-9941
6193
20824
30386
32549
26782
14487
-1341
-16845
-28242
-32749
-29262
-18630
-3445
12583
25539
32252
31078
22301
8064
-8148
-22368
-31111
-32231
-25451
-12429
3643
18824
29387
32737
28047
16465
836
-15001
-27152
-32625
-30072
-20115
-5205
10989
24479
31937
31523
23335
9388
-6876
-21447
-30723
-32412
-26092
-13322
2743
18132
29038
32759
28371
16955
1338
-14612
-26944
-32596
-30164
-20247
-5304
10958
24501
31960
31477
23169
9099
-7236
-21774
-30894
-32323
-25702
-12676
3510
18824
29446
32724
27837
16000
166
-15711
-27666
-32707
-29572
-19041
-3744
12491
25602
32304
30916
21780
7184
-9215
-23305
-31551
-31880
-24205
-10451
5930
20824
30486
32483
26311
13518
-2679
-18204
-29147
-32749
-28098
-16364
-502
15488
27574
32702
29574
18976
3583
-12717
-25806
-32371
-30748
-21345
-6538
9926
23879
31785
31636
23467
9346
-7147
-21830
-30974
-32254
-25342
-11991
4409
19692
29968
32623
26976
14462
-1736
-17495
-28798
-32764
-28377
-16752
-852
15267
27492
32699
29554
18857
3339
-13034
-26077
-32450
-30520
-20777
-5712
10817
24578
32042
31291
22515
7961
-8637
-23021
-31496
-31881
-24075
-10079
6509
21426
30833
32307
25463
12062
-4448
-19815
-30076
-32585
-26689
-13907
2465
18204
29244
32732
27762
15616
-569
-16610
-28356
-32765
-28692
-17189
-1231
15047
27428
32699
29490
18630
2932
-13528
-26478
-32552
-30168
-19943
-4530
12062
25519
32337
30737
21133
6022
-10659
-24565
-32068
-31208
-22206
-7407
9326
23628
31760
31593
23169
8686
-8070
-22719
-31423
-31903
-24028
-9858
6896
21846
31070
32147
24790
10926
-5807
-21019
-30711
-32336
-25461
-11891
4807
20244
30356
32478
26047
12755
-3899
-19528
-30012
-32581
-26556
-13521
3083
18877
29687
32654
26991
14192
-2362
-18294
-29387
-32703
-27360
-14769
1736
17784
29119
32734
27666
15255
-1206
-17349
-28887
-32752
-27913
-15652
771
16993
28695
32761
28105
15962
-434
-16717
-28547
-32765
-28244
-16186
193
16523
28443
32766
28334
16326
-48
-16412
-28387
-32766
-28374
-16382
0
0
0
0
0
0
0
0
0
0
0
0
0
0
0
0
0
0
0
0
0
0
0
0
0
0
0
0
0
0
0
0
0
0
0
0
0
0
0
0
0
0
0
0
0
0
0
0
0
0
0
0
0
0
0
0
0
0
0
0
0
0
0
0
0
0
0
0
0
0
0
0
0
0
0
0
0
0
0
0
0
0
0
0
0
0
0
0
0
0
0
0
0
0
0
0
0
0
0
0
0
0
0
0
0
0
0
0
0
0
0
0
0
0
0
0
0
0
0
0
0
0
0
0
0
0
0
0
0
0
0
0
0
0
0
0
0
0
0
0
0
0
0
0
0
0
0
0
0
0
0
0
0
0
0
0
0
0
0
0
0
0
0
0
0
0
0
0
0
0
0
0
0
0
0
0
0
0
0
0
0
0
0
0
0
0
0
0
0
0
0
0
0
0
0
0
0
0
0
0
0
0
0
0
0
0
0
0
0
0
0
0
0
0
0
0
0
0
0
0
0
0
0
0
0
0
0
0
0
0
0
0
0
0
0
0
0
0
0
0
0
0
0
0
0
0
0
0
0
0
0
0
0
0
0
0
0
0
0
0
0
0
0
0
0
0
0
0
0
0
0
0
0
0
0
0
0
0
0
0
0
0
0
0
0
0
0
0
0
0
0
0
0
0
0
0
0
0
0
0
0
0
0
0
0
0
0
0
0
0
0
0
0
0
0
0
0
0
0
0
0
0
0
0
0
0
0
0
0
0
0
0
0
0
0
0
0
0
0
0
0
0
0
0
0
0
0
0
0
0
0
0
0
0
0
0
0
0
0
0
0
0
0
0
0
0
0
0
0
0
0
0
0
0
0
0
0
0
0
0
0
0
0
0
0
0
0
0
0
0
0
0
0
0
0
0
0
0
0
0
0
0
0
0
0
0
0
0
0
0
0
0
0
0
0
0
0
0
0
0
0
0
0
0
0
0
0
0
0
0
0
0
0
0
0
0
0
0
0
0
0
0
0
0
0
0
0
0
0
0
0
0
0
0
0
0
0
0
0
0
0
0
0
0
0
0
0
0
0
0
0
0
0
0
0
0
0
0
0
0
0
0
0
0
0
0
0
0
0
0
0
0
0
0
0
0
0
0
0
0
0
0
0
0
0
0
0
0
0
0
0
0
0
0
0
0
0
0
0
0
0
0
0
0
0
0
0
0
0
0
0
0
0
0
0
0
0
0
0
0
0
0
0
0
0
0
0
0
0
0
0
0
0
0
0
0
0
0
0
0
0
0
0
0
0
0
0
0
0
0
0
0
0
0
0
0
0
0
0
0
0
0
0
0
0
0
0
0
0
0
0
0
0
0
0
0
0
0
0
0
0
0
0
0
0
0
0
0
0
0
0
0
0
0
0
0
0
0
0
0
0
0
0
0
0
0
0
0
0
0
0
0
0
0
0
0
0
0
0
0
0
0
0
0
0
0
0
0
0
0
0
0
0
0
0
0
0
0
0
0
0
0
0
0
0
0
0
0
0
0
0
0
0
0
0
0
0
0
0
0
0
0
0
0
0
0
0
0
0
0
0
0
0
0
0
0
0
0
0
0
0
0
0
0
0
0
0
0
0
0
0
0
0
0
0
0
0
0
0
0
0
0
0
0
0
0
0
0
0
0
0
0
0
0
0
0
0
0
0
0
0
0
0
0
0
0
0
0
0
0
0
0
0
0
0
0
0
0
0
0
0
0
0
0
0
0
0
0
0
0
0
0
0
0
0
0
0
0
0
0
0
0
0
0
0
0
0
0
0
0
0
0
0
0
0
0
0
0
0
0
0
0
0
0
0
0
0
0
0
0
0
0
0
0
0
0
0
0
0
0
0
0
0
0
0
0
0
0
0
0
0
0
0
0
0
0
0
0
0
0
0
0
0
0
0
0
0
0
0
0
0
0
0
0
0
0
0
0
0
0
0
0
0
0
0
0
0
0
0
0
0
0
0
0
0
0
0
0
0
0
0
0
0
0
0
0
0
0
0
0
0
0
0
0
0
0
0
0
0
0
0
0
0
0
0
0
0
0
0
0
0
0
0
0
0
0
0
0
0
0
0
0
0
0
0
0
0
0
0
0
0
0
0
0
0
0
0
0
0
0
0
0
0
0
0
0
0
0
0
0
0
0
0
0
0
0
0
0
0
0
14563
14156
12962
11051
8536
5568
2320
-1017
-4252
-7203
-9704
-11624
-12865
-13375
-13145
-12208
-10640
-8551
-6076
-3369
-589
2105
4569
6681
8342
9487
10085
10137
9678
8765
7481
5921
4188
2384
608
-1055
-2535
-3781
-4758
-5454
-5870
-6024
-5943
-5663
-5221
-4654
-3997
-3280
-2525
-1750
-967
-185
589
1351
2091
2798
3455
4042
4535
4905
5126
5172
5021
4660
4085
3306
2342
1228
11
-1254
-2505
-3674
-4697
-5513
-6071
-6336
-6284
-5915
-5244
-4306
-3153
-1848
-466
913
2214
3363
4299
4974
5358
5439
5227
4749
4047
3177
2203
1193
214
-673
-1421
-1991
-2363
-2534
-2515
-2334
-2028
-1644
-1233
-844
-522
-302
-207
-247
-415
-692
-1042
-1423
-1784
-2072
-2237
-2237
-2041
-1630
-1007
-189
787
1869
2991
4077
5049
5827
6341
6532
6360
5803
4865
3575
1986
172
-1773
-3744
-5625
-7303
-8669
-9630
-10109
-10059
-9460
-8321
-6688
-4633
-2256
318
2953
5504
7824
9779
11251
12146
12401
11989
10922
9246
7047
4439
1564
-1419
-4345
-7048
-9373
-11187
-12383
-12892
-12682
-11765
-10195
-8062
-5493
-2638
332
3244
5926
8221
9996
11152
11626
11399
10497
8986
6972
4588
1992
-647
-3160
-5388
-7195
-8471
-9145
-9189
-8615
-7478
-5870
-3914
-1756
446
2538
4370
5818
6782
7204
7062
6377
5209
3652
1830
-116
-2037
-3788
-5235
-6269
-6812
-6822
-6300
-5283
-3848
-2099
-168
1802
3667
5288
6545
7345
7630
7377
6605
5369
3758
1888
-107
-2087
-3914
-5461
-6624
-7329
-7535
-7238
-6471
-5301
-3820
-2143
-394
1300
2821
4069
4965
5462
5545
5231
4567
3627
2503
1297
115
-945
-1800
-2387
-2669
-2638
-2314
-1745
-1000
-162
676
1423
1995
2326
2370
2108
1550
732
-281
-1411
-2559
-3623
-4505
-5117
-5388
-5274
-4758
-3855
-2610
-1096
592
2343
4039
5560
6799
7664
8089
8035
7498
6503
5109
3398
1475
-542
-2534
-4381
-5975
-7226
-8069
-8464
-8402
-7900
-7001
-5772
-4293
-2655
-956
713
2269
3640
4772
5627
6187
6453
6438
6169
5683
5019
4218
3323
2368
1385
401
-563
-1491
-2367
-3177
-3906
-4536
-5048
-5418
-5623
-5640
-5447
-5031
-4384
-3514
-2438
-1190
181
1616
3042
4381
5551
6475
7088
7334
7184
6627
5682
4391
2823
1069
-766
-2569
-4222
-5616
-6657
-7273
-7419
-7084
-6288
-5086
-3561
-1819
14
1811
3441
4788
5756
6276
6313
5869
4980
3719
2184
497
-1210
-2805
-4161
-5172
-5758
-5872
-5503
-4678
-3462
-1947
-251
1494
3153
4595
5707
6401
6620
6345
5593
4418
2908
1172
-659
-2455
-4082
-5424
-6387
-6906
-6951
-6527
-5674
-4464
-2993
-1374
271
1826
3182
4251
4971
5311
5270
4878
4191
3288
2259
1201
207
-642
-1285
-1683
-1822
-1718
-1411
-959
-437
73
495
759
812
626
197
-450
-1266
-2178
-3096
-3923
-4563
-4927
-4947
-4577
-3805
-2650
-1166
561
2421
4287
6020
7485
8561
9148
9178
8623
7492
5840
3759
1373
-1166
-3695
-6048
-8067
-9616
-10590
-10922
-10590
-9616
-8067
-6048
-3695
-1166
1373
3759
5840
7492
8623
9178
9148
8561
7485
6020
4287
2421
561
-1166
-2650
-3805
-4577
-4947
-4927
-4563
-3923
-3096
-2178
-1266
-450
197
626
812
759
495
73
-437
-959
-1411
-1718
-1822
-1683
-1285
-642
207
1201
2259
3288
4191
4878
5270
5311
4971
4251
3182
1826
271
-1374
-2993
-4464
-5674
-6527
-6951
-6906
-6387
-5424
-4082
-2455
-659
1172
2908
4418
5593
6345
6620
6401
5707
4595
3153
1494
-251
-1947
-3462
-4678
-5503
-5872
-5758
-5172
-4161
-2805
-1210
497
2184
3719
4980
5869
6313
6276
5756
4788
3441
1811
14
-1819
-3561
-5086
-6288
-7084
-7419
-7273
-6657
-5616
-4222
-2569
-766
1069
2823
4391
5682
6627
7184
7334
7088
6475
5551
4381
3042
1616
181
-1190
-2438
-3514
-4384
-5031
-5447
-5640
-5623
-5418
-5048
-4536
-3906
-3177
-2367
-1491
-563
401
1385
2368
3323
4218
5019
5683
6169
6438
6453
6187
5627
4772
3640
2269
713
-956
-2655
-4293
-5772
-7001
-7900
-8402
-8464
-8069
-7226
-5975
-4381
-2534
-542
1475
3398
5109
6503
7498
8035
8089
7664
6799
5560
4039
2343
592
-1096
-2610
-3855
-4758
-5274
-5388
-5117
-4505
-3623
-2559
-1411
-281
732
1550
2108
2370
2326
1995
1423
676
-162
-1000
-1745
-2314
-2638
-2669
-2387
-1800
-945
115
1297
2503
3627
4567
5231
5545
5462
4965
4069
2821
1300
-394
-2143
-3820
-5301
-6471
-7238
-7535
-7329
-6624
-5461
-3914
-2087
-107
1888
3758
5369
6605
7377
7630
7345
6545
5288
3667
1802
-168
-2099
-3848
-5283
-6300
-6822
-6812
-6269
-5235
-3788
-2037
-116
1830
3652
5209
6377
7062
7204
6782
5818
4370
2538
446
-1756
-3914
-5870
-7478
-8615
-9189
-9145
-8471
-7195
-5388
-3160
-647
1992
4588
6972
8986
10497
11399
11626
11152
9996
8221
5926
3244
332
-2638
-5493
-8062
-10195
-11765
-12682
-12892
-12383
-11187
-9373
-7048
-4345
-1419
1564
4439
7047
9246
10922
11989
12401
12146
11251
9779
7824
5504
2953
318
-2256
-4633
-6688
-8321
-9460
-10059
-10109
-9630
-8669
-7303
-5625
-3744
-1773
172
1986
3575
4865
5803
6360
6532
6341
5827
5049
4077
2991
1869
787
-189
-1007
-1630
-2041
-2237
-2237
-2072
-1784
-1423
-1042
-692
-415
-247
-207
-302
-522
-844
-1233
-1644
-2028
-2334
-2515
-2534
-2363
-1991
-1421
-673
214
1193
2203
3177
4047
4749
5227
5439
5358
4974
4299
3363
2214
913
-466
-1848
-3153
-4306
-5244
-5915
-6284
-6336
-6071
-5513
-4697
-3674
-2505
-1254
11
1228
2342
3306
4085
4660
5021
5172
5126
4905
4535
4042
3455
2798
2091
1351
589
-185
-967
-1750
-2525
-3280
-3997
-4654
-5221
-5663
-5943
-6024
-5870
-5454
-4758
-3781
-2535
-1055
608
2384
4188
5921
7481
8765
9678
10137
10085
9487
8342
6681
4569
2105
-589
-3369
-6076
-8551
-10640
-12208
-13145
-13375
-12865
-11624
-9704
-7203
-4252
-1017
2320
5568
8536
11051
12962
14156
0
0
0
0
0
0
0
0
0
0
0
0
0
0
0
0
0
0
0
0
0
0
0
0
0
0
0
0
0
0
0
0
0
0
0
0
0
0
0
0
0
0
0
0
0
0
0
0
0
0
0
0
0
0
0
0
0
0
0
0
0
0
0
0
0
0
0
-7281
-7122
-6651
-5887
-4860
-3612
-2192
-661
916
2473
3941
5251
6341
7157
7653
7799
7578
6990
6054
4803
3291
1584
-237
-2086
-3870
-5495
-6872
-7923
-8585
-8812
-8580
-7891
-6769
-5266
-3454
-1427
709
2838
4841
6603
8021
9008
9502
9468
8899
7823
6294
4397
2240
-54
-2352
-4518
-6424
-7956
-9021
-9556
-9528
-8940
-7828
-6261
-4337
-2174
92
2325
4386
6152
7518
8405
8766
8589
7895
6740
5207
3403
1449
-524
-2393
-4040
-5366
-6299
-6793
-6837
-6447
-5673
-4585
-3276
-1849
-410
937
2104
3018
3632
3922
3892
3575
3021
2300
1494
684
-48
-635
-1026
-1189
-1118
-830
-366
214
841
1433
1911
2206
2262
2042
1538
766
-230
-1384
-2608
-3802
-4860
-5682
-6175
-6271
-5926
-5129
-3902
-2301
-414
1643
3741
5735
7484
8857
9744
10062
9769
8858
7366
5371
2985
349
-2375
-5020
-7417
-9414
-10883
-11728
-11894
-11369
-10185
-8415
-6169
-3588
-830
1937
4550
6856
8725
10061
10801
10922
10441
9412
7919
6071
3995
1822
-317
-2304
-4036
-5437
-6457
-7073
-7290
-7140
-6671
-5949
-5046
-4035
-2986
-1958
-999
-140
602
1226
1742
2167
2524
2835
3118
3383
3632
3855
4034
4141
4147
4017
3723
3246
2574
1715
689
-463
-1690
-2924
-4090
-5113
-5917
-6440
-6631
-6463
-5929
-5050
-3870
-2456
-894
717
2276
3680
4836
5670
6129
6188
5851
5151
4149
2926
1580
219
-1052
-2137
-2955
-3449
-3591
-3381
-2853
-2066
-1103
-63
945
1820
2465
2807
2795
2412
1674
631
-637
-2029
-3423
-4691
-5710
-6369
-6581
-6291
-5480
-4171
-2427
-347
1938
4276
6503
8456
9981
10953
11278
10905
9828
8090
5782
3034
9
-3108
-6122
-8842
-11093
-12728
-13639
-13765
-13093
-11661
-9558
-6911
-3882
-656
2571
5610
8283
10441
11969
12793
12887
12268
10999
9177
6932
4412
1776
-818
-3227
-5322
-7005
-8207
-8895
-9069
-8762
-8031
-6957
-5632
-4156
-2628
-1139
232
1426
2402
3137
3630
3895
3960
3861
3640
3338
2993
2636
2290
1968
1675
1405
1149
892
621
322
-12
-387
-797
-1231
-1671
-2096
-2478
-2793
-3014
-3122
-3103
-2950
-2665
-2259
-1752
-1169
-540
101
723
1294
1788
2186
2473
2646
2704
2658
2521
2309
2041
1735
1409
1076
746
425
116
-181
-471
-754
-1032
-1306
-1570
-1819
-2041
-2223
-2351
-2407
-2379
-2255
-2029
-1701
-1278
-775
-214
375
964
1516
1999
2382
2641
2761
2733
2564
2266
1865
1391
882
375
-91
-487
-787
-976
-1051
-1021
-904
-731
-535
-354
-225
-179
-239
-414
-702
-1084
-1528
-1991
-2419
-2756
-2948
-2944
-2708
-2221
-1481
-512
640
1913
3224
4477
5574
6419
6925
7025
6677
5867
4616
2978
1040
-1086
-3266
-5355
-7207
-8685
-9669
-10073
-9845
-8976
-7501
-5499
-3088
-420
2331
4983
7354
9277
10613
11262
11168
10328
8791
6655
4062
1187
-1770
-4606
-7122
-9140
-10516
-11152
-11002
-10074
-8435
-6200
-3528
-612
2338
5113
7510
9359
10524
10922
10524
9359
7510
5113
2338
-612
-3528
-6200
-8435
-10074
-11002
-11152
-10516
-9140
-7122
-4606
-1770
1187
4062
6655
8791
10328
11168
11262
10613
9277
7354
4983
2331
-420
-3088
-5499
-7501
-8976
-9845
-10073
-9669
-8685
-7207
-5355
-3266
-1086
1040
2978
4616
5867
6677
7025
6925
6419
5574
4477
3224
1913
640
-512
-1481
-2221
-2708
-2944
-2948
-2756
-2419
-1991
-1528
-1084
-702
-414
-239
-179
-225
-354
-535
-731
-904
-1021
-1051
-976
-787
-487
-91
375
882
1391
1865
2266
2564
2733
2761
2641
2382
1999
1516
964
375
-214
-775
-1278
-1701
-2029
-2255
-2379
-2407
-2351
-2223
-2041
-1819
-1570
-1306
-1032
-754
-471
-181
116
425
746
1076
1409
1735
2041
2309
2521
2658
2704
2646
2473
2186
1788
1294
723
101
-540
-1169
-1752
-2259
-2665
-2950
-3103
-3122
-3014
-2793
-2478
-2096
-1671
-1231
-797
-387
-12
322
621
892
1149
1405
1675
1968
2290
2636
2993
3338
3640
3861
3960
3895
3630
3137
2402
1426
232
-1139
-2628
-4156
-5632
-6957
-8031
-8762
-9069
-8895
-8207
-7005
-5322
-3227
-818
1776
4412
6932
9177
10999
12268
12887
12793
11969
10441
8283
5610
2571
-656
-3882
-6911
-9558
-11661
-13093
-13765
-13639
-12728
-11093
-8842
-6122
-3108
9
3034
5782
8090
9828
10905
11278
10953
9981
8456
6503
4276
1938
-347
-2427
-4171
-5480
-6291
-6581
-6369
-5710
-4691
-3423
-2029
-637
631
1674
2412
2795
2807
2465
1820
945
-63
-1103
-2066
-2853
-3381
-3591
-3449
-2955
-2137
-1052
219
1580
2926
4149
5151
5851
6188
6129
5670
4836
3680
2276
717
-894
-2456
-3870
-5050
-5929
-6463
-6631
-6440
-5917
-5113
-4090
-2924
-1690
-463
689
1715
2574
3246
3723
4017
4147
4141
4034
3855
3632
3383
3118
2835
2524
2167
1742
1226
602
-140
-999
-1958
-2986
-4035
-5046
-5949
-6671
-7140
-7290
-7073
-6457
-5437
-4036
-2304
-317
1822
3995
6071
7919
9412
10441
10922
10801
10061
8725
6856
4550
1937
-830
-3588
-6169
-8415
-10185
-11369
-11894
-11728
-10883
-9414
-7417
-5020
-2375
349
2985
5371
7366
8858
9769
10062
9744
8857
7484
5735
3741
1643
-414
-2301
-3902
-5129
-5926
-6271
-6175
-5682
-4860
-3802
-2608
-1384
-230
766
1538
2042
2262
2206
1911
1433
841
214
-366
-830
-1118
-1189
-1026
-635
-48
684
1494
2300
3021
3575
3892
3922
3632
3018
2104
937
-410
-1849
-3276
-4585
-5673
-6447
-6837
-6793
-6299
-5366
-4040
-2393
-524
1449
3403
5207
6740
7895
8589
8766
8405
7518
6152
4386
2325
92
-2174
-4337
-6261
-7828
-8940
-9528
-9556
-9021
-7956
-6424
-4518
-2352
-54
2240
4397
6294
7823
8899
9468
9502
9008
8021
6603
4841
2838
709
-1427
-3454
-5266
-6769
-7891
-8580
-8812
-8585
-7923
-6872
-5495
-3870
-2086
-237
1584
3291
4803
6054
6990
7578
7799
7653
7157
6341
5251
3941
2473
916
-661
-2192
-3612
-4860
-5887
-6651
-7122
0
0
0
0
0
0
0
0
0
0
0
0
0
0
0
0
0
0
0
0
0
0
0
0
0
0
0
0
0
0
0
0
0
0
0
0
0
0
0
0
0
0
0
0
0
0
0
0
0
0
0
0
0
0
0
0
0
0
0
0
0
0
0
0
0
0
0
7281
7069
6446
5449
4140
2597
914
-807
-2466
-3962
-5209
-6136
-6692
-6849
-6606
-5983
-5027
-3801
-2386
-872
646
2077
3337
4354
5075
5466
5517
5239
4663
3840
2835
1722
577
-521
-1506
-2318
-2914
-3269
-3378
-3251
-2919
-2424
-1819
-1164
-518
63
535
862
1024
1019
861
576
206
-201
-593
-917
-1126
-1184
-1068
-771
-304
305
1014
1767
2500
3145
3636
3917
3941
3683
3134
2310
1246
0
-1352
-2726
-4029
-5166
-6052
-6612
-6793
-6564
-5919
-4883
-3506
-1861
-44
1837
3666
5330
6720
7745
8336
8449
8071
7219
5941
4311
2424
394
-1657
-3610
-5347
-6769
-7793
-8364
-8455
-8069
-7237
-6015
-4485
-2742
-893
952
2689
4221
5467
6369
6888
7011
6748
6132
5214
4059
2745
1351
-42
-1359
-2533
-3510
-4250
-4729
-4937
-4882
-4583
-4071
-3383
-2566
-1665
-731
192
1061
1840
2496
3006
3352
3523
3517
3337
2994
2503
1887
1174
397
-408
-1203
-1946
-2598
-3119
-3475
-3640
-3595
-3330
-2850
-2172
-1325
-351
696
1757
2765
3653
4358
4823
5006
4878
4431
3676
2644
1390
-18
-1496
-2953
-4293
-5426
-6270
-6760
-6852
-6526
-5789
-4676
-3247
-1583
214
2038
3773
5312
6555
7424
7865
7849
7378
6484
5226
3685
1960
160
-1604
-3227
-4616
-5696
-6416
-6750
-6702
-6298
-5589
-4643
-3537
-2357
-1183
-88
868
1645
2222
2599
2794
2842
2786
2677
2565
2490
2484
2560
2716
2928
3158
3353
3455
3402
3138
2619
1820
740
-594
-2132
-3794
-5478
-7068
-8440
-9472
-10055
-10100
-9550
-8385
-6626
-4339
-1631
1355
4449
7461
10197
12471
14117
15005
15049
14213
12520
10048
6928
3337
-514
-4393
-8062
-11292
-13882
-15666
-16534
-16431
-15366
-13409
-10687
-7378
-3694
130
3854
7248
10107
12266
13610
14082
13682
12471
10559
8102
5288
2318
-600
-3275
-5539
-7263
-8362
-8801
-8594
-7805
-6536
-4921
-3111
-1267
459
1933
3048
3734
3959
3734
3110
2167
1014
-224
-1421
-2455
-3221
-3640
-3665
-3284
-2520
-1433
-108
1344
2807
4156
5278
6074
6472
6429
5939
5025
3747
2189
455
-1334
-3062
-4613
-5887
-6806
-7317
-7400
-7061
-6339
-5294
-4005
-2566
-1070
386
1723
2871
3782
4431
4811
4939
4845
4573
4173
3697
3189
2687
2217
1790
1404
1043
685
300
-139
-659
-1271
-1978
-2765
-3600
-4438
-5218
-5874
-6334
-6533
-6412
-5933
-5078
-3855
-2301
-478
1521
3589
5602
7430
8946
10037
10611
10604
9990
8780
7023
4808
2255
-487
-3259
-5889
-8215
-10091
-11395
-12043
-11991
-11239
-9832
-7857
-5437
-2724
112
2897
5460
7646
9327
10408
10837
10602
9735
8310
6431
4233
1864
-518
-2764
-4734
-6314
-7419
-7999
-8040
-7564
-6628
-5315
-3731
-1995
-230
1443
2919
4106
4941
5385
5428
5090
4413
3462
2318
1069
-191
-1376
-2406
-3216
-3761
-4014
-3969
-3642
-3066
-2290
-1373
-382
614
1550
2365
3010
3447
3653
3619
3354
2878
2225
1437
564
-338
-1216
-2018
-2696
-3210
-3531
-3640
-3531
-3210
-2696
-2018
-1216
-338
564
1437
2225
2878
3354
3619
3653
3447
3010
2365
1550
614
-382
-1373
-2290
-3066
-3642
-3969
-4014
-3761
-3216
-2406
-1376
-191
1069
2318
3462
4413
5090
5428
5385
4941
4106
2919
1443
-230
-1995
-3731
-5315
-6628
-7564
-8040
-7999
-7419
-6314
-4734
-2764
-518
1864
4233
6431
8310
9735
10602
10837
10408
9327
7646
5460
2897
112
-2724
-5437
-7857
-9832
-11239
-11991
-12043
-11395
-10091
-8215
-5889
-3259
-487
2255
4808
7023
8780
9990
10604
10611
10037
8946
7430
5602
3589
1521
-478
-2301
-3855
-5078
-5933
-6412
-6533
-6334
-5874
-5218
-4438
-3600
-2765
-1978
-1271
-659
-139
300
685
1043
1404
1790
2217
2687
3189
3697
4173
4573
4845
4939
4811
4431
3782
2871
1723
386
-1070
-2566
-4005
-5294
-6339
-7061
-7400
-7317
-6806
-5887
-4613
-3062
-1334
455
2189
3747
5025
5939
6429
6472
6074
5278
4156
2807
1344
-108
-1433
-2520
-3284
-3665
-3640
-3221
-2455
-1421
-224
1014
2167
3110
3734
3959
3734
3048
1933
459
-1267
-3111
-4921
-6536
-7805
-8594
-8801
-8362
-7263
-5539
-3275
-600
2318
5288
8102
10559
12471
13682
14082
13610
12266
10107
7248
3854
130
-3694
-7378
-10687
-13409
-15366
-16431
-16534
-15666
-13882
-11292
-8062
-4393
-514
3337
6928
10048
12520
14213
15049
15005
14117
12471
10197
7461
4449
1355
-1631
-4339
-6626
-8385
-9550
-10100
-10055
-9472
-8440
-7068
-5478
-3794
-2132
-594
740
1820
2619
3138
3402
3455
3353
3158
2928
2716
2560
2484
2490
2565
2677
2786
2842
2794
2599
2222
1645
868
-88
-1183
-2357
-3537
-4643
-5589
-6298
-6702
-6750
-6416
-5696
-4616
-3227
-1604
160
1960
3685
5226
6484
7378
7849
7865
7424
6555
5312
3773
2038
214
-1583
-3247
-4676
-5789
-6526
-6852
-6760
-6270
-5426
-4293
-2953
-1496
-18
1390
2644
3676
4431
4878
5006
4823
4358
3653
2765
1757
696
-351
-1325
-2172
-2850
-3330
-3595
-3640
-3475
-3119
-2598
-1946
-1203
-408
397
1174
1887
2503
2994
3337
3517
3523
3352
3006
2496
1840
1061
192
-731
-1665
-2566
-3383
-4071
-4583
-4882
-4937
-4729
-4250
-3510
-2533
-1359
-42
1351
2745
4059
5214
6132
6748
7011
6888
6369
5467
4221
2689
952
-893
-2742
-4485
-6015
-7237
-8069
-8455
-8364
-7793
-6769
-5347
-3610
-1657
394
2424
4311
5941
7219
8071
8449
8336
7745
6720
5330
3666
1837
-44
-1861
-3506
-4883
-5919
-6564
-6793
-6612
-6052
-5166
-4029
-2726
-1352
0
1246
2310
3134
3683
3941
3917
3636
3145
2500
1767
1014
305
-304
-771
-1068
-1184
-1126
-917
-593
-201
206
576
861
1019
1024
862
535
63
-518
-1164
-1819
-2424
-2919
-3251
-3378
-3269
-2914
-2318
-1506
-521
577
1722
2835
3840
4663
5239
5517
5466
5075
4354
3337
2077
646
-872
-2386
-3801
-5027
-5983
-6606
-6849
-6692
-6136
-5209
-3962
-2466
-807
914
2597
4140
5449
6446
7069
0
0
0
0
0
0
0
0
0
0
0
0
0
0
0
0
0
0
0
0
0
0
0
0
0
0
0
0
0
0
0
0
0
0
0
0
0
0
0
0
0
0
0
0
0
0
0
0
0
0
0
0
0
0
0
0
0
0
0
0
0
0
0
0
0
0
0
10922
10624
9748
8344
6494
4303
1896
-589
-3014
-5244
-7157
-8652
-9653
-10114
-10021
-9393
-8278
-6752
-4912
-2869
-745
1340
3273
4954
6299
7251
7777
7871
7552
6862
5863
4630
3249
1805
384
-937
-2098
-3050
-3762
-4224
-4440
-4430
-4228
-3874
-3414
-2891
-2349
-1820
-1332
-898
-523
-203
74
329
580
847
1144
1480
1853
2255
2667
3059
3398
3648
3770
3732
3508
3083
2454
1637
659
-435
-1592
-2746
-3826
-4764
-5493
-5959
-6120
-5955
-5461
-4655
-3579
-2288
-858
630
2087
3426
4568
5446
6009
6230
6101
5640
4884
3890
2730
1483
230
-947
-1981
-2814
-3408
-3744
-3825
-3672
-3324
-2832
-2255
-1655
-1092
-615
-261
-51
11
-59
-232
-463
-700
-888
-974
-914
-677
-248
364
1134
2015
2944
3844
4634
5233
5567
5578
5226
4498
3410
2004
351
-1456
-3307
-5080
-6655
-7915
-8764
-9126
-8958
-8250
-7029
-5358
-3330
-1067
1293
3605
5722
7510
8855
9674
9918
9575
8674
7281
5492
3430
1234
-952
-2989
-4751
-6135
-7067
-7509
-7459
-6950
-6046
-4837
-3432
-1949
-503
797
1866
2636
3075
3176
2967
2500
1849
1103
355
-302
-791
-1049
-1040
-755
-214
533
1418
2350
3232
3965
4456
4631
4440
3859
2901
1607
51
-1667
-3431
-5113
-6583
-7725
-8438
-8652
-8328
-7464
-6098
-4304
-2187
122
2480
4733
6738
8362
9500
10079
10062
9453
8294
6663
4668
2439
119
-2146
-4220
-5981
-7332
-8207
-8572
-8432
-7819
-6800
-5461
-3905
-2244
-587
963
2321
3422
4222
4706
4878
4769
4422
3895
3251
2552
1856
1209
645
183
-172
-432
-615
-750
-864
-986
-1138
-1331
-1566
-1835
-2113
-2370
-2570
-2673
-2645
-2456
-2090
-1546
-838
0
921
1865
2762
3539
4126
4464
4506
4228
3628
2730
1583
258
-1154
-2553
-3833
-4889
-5630
-5984
-5904
-5376
-4416
-3075
-1433
399
2300
4130
5754
7044
7893
8221
7982
7169
5818
3999
1823
-576
-3041
-5409
-7517
-9216
-10382
-10922
-10784
-9961
-8487
-6443
-3946
-1144
1793
4687
7359
9644
11400
12516
12922
12589
11536
9821
7545
4839
1858
-1225
-4239
-7015
-9403
-11274
-12534
-13124
-13021
-12243
-10844
-8908
-6548
-3893
-1087
1724
4401
6811
8843
10406
11436
11897
11781
11108
9924
8298
6317
4082
1702
-708
-3037
-5179
-7037
-8531
-9598
-10195
-10301
-9919
-9075
-7814
-6203
-4324
-2275
-157
1920
3855
5549
6918
7894
8433
8514
8140
7342
6173
4710
3043
1277
-479
-2121
-3550
-4684
-5461
-5843
-5820
-5412
-4661
-3637
-2425
-1125
160
1330
2295
2983
3344
3356
3025
2387
1504
456
-656
-1732
-2667
-3368
-3760
-3794
-3448
-2733
-1692
-397
1055
2552
3971
5189
6098
6605
6650
6202
5271
3902
2178
211
-1865
-3905
-5757
-7283
-8362
-8906
-8861
-8216
-7004
-5301
-3218
-896
1502
3811
5866
7520
8656
9191
9089
8357
7051
5268
3140
825
-1504
-3679
-5538
-6946
-7803
-8050
-7677
-6719
-5255
-3406
-1320
838
2898
4697
6094
6978
7281
6978
6094
4697
2898
838
-1320
-3406
-5255
-6719
-7677
-8050
-7803
-6946
-5538
-3679
-1504
825
3140
5268
7051
8357
9089
9191
8656
7520
5866
3811
1502
-896
-3218
-5301
-7004
-8216
-8861
-8906
-8362
-7283
-5757
-3905
-1865
211
2178
3902
5271
6202
6650
6605
6098
5189
3971
2552
1055
-397
-1692
-2733
-3448
-3794
-3760
-3368
-2667
-1732
-656
456
1504
2387
3025
3356
3344
2983
2295
1330
160
-1125
-2425
-3637
-4661
-5412
-5820
-5843
-5461
-4684
-3550
-2121
-479
1277
3043
4710
6173
7342
8140
8514
8433
7894
6918
5549
3855
1920
-157
-2275
-4324
-6203
-7814
-9075
-9919
-10301
-10195
-9598
-8531
-7037
-5179
-3037
-708
1702
4082
6317
8298
9924
11108
11781
11897
11436
10406
8843
6811
4401
1724
-1087
-3893
-6548
-8908
-10844
-12243
-13021
-13124
-12534
-11274
-9403
-7015
-4239
-1225
1858
4839
7545
9821
11536
12589
12922
12516
11400
9644
7359
4687
1793
-1144
-3946
-6443
-8487
-9961
-10784
-10922
-10382
-9216
-7517
-5409
-3041
-576
1823
3999
5818
7169
7982
8221
7893
7044
5754
4130
2300
399
-1433
-3075
-4416
-5376
-5904
-5984
-5630
-4889
-3833
-2553
-1154
258
1583
2730
3628
4228
4506
4464
4126
3539
2762
1865
921
0
-838
-1546
-2090
-2456
-2645
-2673
-2570
-2370
-2113
-1835
-1566
-1331
-1138
-986
-864
-750
-615
-432
-172
183
645
1209
1856
2552
3251
3895
4422
4769
4878
4706
4222
3422
2321
963
-587
-2244
-3905
-5461
-6800
-7819
-8432
-8572
-8207
-7332
-5981
-4220
-2146
119
2439
4668
6663
8294
9453
10062
10079
9500
8362
6738
4733
2480
122
-2187
-4304
-6098
-7464
-8328
-8652
-8438
-7725
-6583
-5113
-3431
-1667
51
1607
2901
3859
4440
4631
4456
3965
3232
2350
1418
533
-214
-755
-1040
-1049
-791
-302
355
1103
1849
2500
2967
3176
3075
2636
1866
797
-503
-1949
-3432
-4837
-6046
-6950
-7459
-7509
-7067
-6135
-4751
-2989
-952
1234
3430
5492
7281
8674
9575
9918
9674
8855
7510
5722
3605
1293
-1067
-3330
-5358
-7029
-8250
-8958
-9126
-8764
-7915
-6655
-5080
-3307
-1456
351
2004
3410
4498
5226
5578
5567
5233
4634
3844
2944
2015
1134
364
-248
-677
-914
-974
-888
-700
-463
-232
-59
11
-51
-261
-615
-1092
-1655
-2255
-2832
-3324
-3672
-3825
-3744
-3408
-2814
-1981
-947
230
1483
2730
3890
4884
5640
6101
6230
6009
5446
4568
3426
2087
630
-858
-2288
-3579
-4655
-5461
-5955
-6120
-5959
-5493
-4764
-3826
-2746
-1592
-435
659
1637
2454
3083
3508
3732
3770
3648
3398
3059
2667
2255
1853
1480
1144
847
580
329
74
-203
-523
-898
-1332
-1820
-2349
-2891
-3414
-3874
-4228
-4430
-4440
-4224
-3762
-3050
-2098
-937
384
1805
3249
4630
5863
6862
7552
7871
7777
7251
6299
4954
3273
1340
-745
-2869
-4912
-6752
-8278
-9393
-10021
-10114
-9653
-8652
-7157
-5244
-3014
-589
1896
4303
6494
8344
9748
10624
0
0
0
0
0
0
0
0
0
0
0
0
0
0
0
0
0
0
0
0
0
0
0
0
0
0
0
0
0
0
0
0
0
0
0
0
0
0
0
0
0
0
0
0
0
0
0
0
0
0
0
0
0
0
0
0
0
0
0
0
0
0
0
0
0
0
0
