0
4278
8485
12550
16402
19973
23203
26035
28419
30314
31684
32507
32766
32456
31581
30156
28203
25758
22860
19561
15917
11991
7852
3573
-771
-5106
-9352
-13436
-17284
-20829
-24006
-26759
-29038
-30801
-32015
-32660
-32720
-32196
-31094
-29434
-27244
-24563
-21439
-17925
-14087
-9991
-5712
-1327
3083
7441
11667
15683
19415
22796
25762
28259
30239
31667
32514
32764
32412
31462
29931
27847
25247
22178
18696
14865
10755
6443
2009
-2465
-6896
-11201
-15299
-19113
-22570
-25606
-28162
-30190
-31650
-32514
-32764
-32394
-31411
-29832
-27686
-25012
-21861
-18292
-14372
-10175
-5781
-1274
3259
7733
12062
16161
19951
23359
26318
28771
30668
31973
32659
32711
32127
30919
29107
26727
23823
20452
16679
12577
8226
3711
-879
-5455
-9926
-14204
-18204
-21846
-25058
-27775
-29942
-31516
-32464
-32766
-32415
-31417
-29790
-27567
-24790
-21514
-17805
-13736
-9388
-4849
-209
4437
8997
13377
17489
21248
24578
27411
29687
31359
32393
32765
32468
31507
29899
27676
24884
21579
17828
13707
9301
4700
0
-4703
-9311
-13729
-17864
-21629
-24947
-27746
-29968
-31566
-32503
-32761
-32332
-31225
-29460
-27076
-24119
-20653
-16748
-12488
-7961
-3263
1506
6246
10856
15238
19298
22949
26112
28719
30713
32051
32702
32651
31900
30461
28366
25658
22395
18646
14492
10022
5332
524
-4298
-9029
-13567
-17811
-21669
-25055
-27896
-30127
-31699
-32577
-32739
-32182
-30916
-28967
-26379
-23206
-19519
-15397
-10932
-6222
-1372
3511
8320
12945
17284
21240
24723
27655
29968
31611
32545
32748
32214
30954
28995
26381
23169
19431
15252
10724
5950
1038
-3899
-8751
-13405
-17757
-21705
-25159
-28038
-30277
-31822
-32637
-32702
-32014
-30588
-28456
-25665
-22280
-18377
-14047
-9388
-4509
477
5455
10308
14924
19194
23018
26305
28979
30974
32243
32756
32498
31476
29711
27244
24133
20449
16280
11722
6884
1880
-3170
-8148
-12935
-17416
-21484
-25041
-28000
-30291
-31856
-32659
-32677
-31909
-30373
-28105
-25157
-21600
-17520
-13013
-8189
-3163
1941
7001
11893
16499
20705
24407
27516
29953
31659
32589
32721
32049
30590
28377
25463
21921
17836
13307
8448
3377
-1780
-6896
-11843
-16499
-20746
-24479
-27603
-30040
-31727
-32621
-32699
-31957
-30413
-28105
-25088
-21439
-17247
-12618
-7668
-2522
2689
7836
12787
17416
21605
25247
28248
30530
32035
32723
32574
31592
29801
27244
23987
20112
15718
10917
5832
595
-4660
-9798
-14685
-19194
-23208
-26622
-29345
-31307
-32455
-32757
-32206
-30813
-28614
-25665
-22043
-17841
-13169
-8148
-2911
2405
7661
12717
17440
21705
25397
28419
30689
32146
32750
32483
31352
29385
26633
23169
19084
14487
9500
4255
-1105
-6439
-11603
-16457
-20870
-24723
-27911
-30346
-31961
-32712
-32578
-31559
-29684
-27001
-23582
-19519
-14922
-9916
-4636
771
6162
11386
16301
20770
24671
27896
30354
31977
32719
32558
31498
29565
26813
23317
19172
14492
9407
4058
-1405
-6833
-12073
-16978
-21411
-25247
-28377
-30713
-32188
-32760
-32410
-31148
-29007
-26047
-22351
-18021
-13179
-7961
-2516
3003
8440
13640
18454
22745
26389
29282
31340
32503
32737
32033
30409
27913
24613
20604
16000
10932
5547
0
-5550
-10942
-16021
-20637
-24657
-27963
-30458
-32068
-32745
-32468
-31244
-29107
-26118
-22364
-17952
-13013
-7689
-2137
3479
8997
14252
19090
23367
26955
29748
31662
32640
32650
31691
29790
27003
23411
19119
14256
8965
3403
-2262
-7862
-13230
-18204
-22633
-26385
-29345
-31423
-32556
-32707
-31871
-30072
-27362
-23823
-19561
-14703
-9397
-3803
1908
7565
12994
18030
22517
26318
29316
31419
32559
32702
31841
30001
27238
23635
19302
14372
8996
3339
-2422
-8112
-13553
-18577
-23026
-26761
-29667
-31650
-32648
-32629
-31591
-29565
-26615
-22829
-18327
-13249
-7752
-2009
3799
9491
14886
19815
24120
27666
30338
32052
32751
32412
31044
28690
25423
21345
16586
11295
5642
-193
-6025
-11667
-16938
-21669
-25706
-28920
-31206
-32489
-32726
-31909
-30063
-27244
-23544
-19081
-13998
-8460
-2644
3259
9060
14569
19606
24006
27626
30346
32075
32756
32366
30916
28451
25051
20827
15917
10480
4696
-1244
-7147
-12817
-18065
-22719
-26622
-29644
-31684
-32674
-32578
-31398
-29173
-25975
-21909
-17110
-11737
-5969
0
5972
11747
17130
21941
26016
29217
31436
32596
32657
31615
29504
26395
22390
17625
12260
6476
470
-5554
-11392
-16845
-21726
-25867
-29127
-31393
-32585
-32662
-31619
-29491
-26349
-22301
-17483
-12062
-6222
-166
5898
11762
17222
22088
26191
29387
31566
32648
32597
31411
29131
25835
21636
16679
11138
5205
-912
-7001
-12847
-18244
-23003
-26955
-29960
-31912
-32739
-32412
-30940
-28374
-24803
-20353
-15179
-9465
-3413
2763
8843
14612
19863
24407
28083
30758
32334
32755
32003
30103
27124
23169
18381
12929
7010
836
-5370
-11386
-16993
-21989
-26191
-29446
-31636
-32680
-32538
-31214
-28754
-25247
-20819
-15630
-9868
-3744
2518
8692
14551
19879
24480
28184
30855
32393
32739
31880
29845
26709
22585
17625
12011
5950
-333
-6607
-12639
-18204
-23094
-27128
-30152
-32055
-32763
-32248
-30528
-27666
-23767
-18976
-13473
-7461
-1167
5173
11322
17047
22132
26385
29644
31785
32724
32427
30901
28203
24435
19738
14288
8294
1981
-4409
-10635
-16457
-21654
-26025
-29402
-31656
-32697
-32485
-31027
-28377
-24634
-19943
-14481
-8460
-2109
4324
10594
16457
21686
26077
29459
31699
32710
32451
30929
28203
24378
19601
14056
7961
1552
-4919
-11201
-17047
-22227
-26537
-29806
-31906
-32751
-32307
-30590
-27666
-23648
-18696
-13002
-6791
-309
6187
12441
18204
23246
27366
30398
32222
32762
31995
29951
26709
22398
17189
11289
4935
-1619
-8112
-14281
-19879
-24678
-28486
-31147
-32552
-32643
-31416
-28917
-25247
-20553
-15023
-8882
-2378
4225
10659
16662
21989
26421
29777
31918
32756
32254
30432
27362
23169
18024
12137
5748
-879
-7473
-13762
-19485
-24407
-28323
-31070
-32533
-32650
-31414
-28875
-25136
-20353
-14721
-8475
-1874
4807
11292
17307
22602
26955
30182
32146
32765
32010
29911
26556
22083
16679
10571
4016
-2711
-9326
-15551
-21121
-25799
-29387
-31732
-32732
-32344
-30582
-27520
-23286
-18060
-12062
-5547
1206
7911
14280
20041
24947
28786
31393
32653
32513
30975
28105
24024
18906
12972
6476
-301
-7069
-13534
-19415
-24458
-28443
-31196
-32596
-32580
-31148
-28360
-24336
-19250
-13322
-6811
0
6813
13332
19269
24364
28393
31178
32594
32578
31129
28309
24241
19103
13120
6555
-301
-7147
-13680
-19609
-24671
-28641
-31340
-32648
-32505
-30916
-27948
-23735
-18460
-12360
-5706
1206
8067
14569
20421
25359
29162
31656
32728
32328
30473
27244
22786
17298
11027
4255
-2711
-9557
-15974
-21669
-26383
-29901
-32062
-32766
-31979
-29736
-26137
-21345
-15577
-9095
-2195
4807
11593
17850
23291
27666
30771
32464
32665
31362
28614
24546
19345
13249
6538
-477
-7473
-14125
-20126
-25196
-29098
-31650
-32732
-32292
-30349
-26991
-22374
-16712
-10266
-3339
3746
10659
17076
22694
27251
30530
32377
32702
31489
28793
24740
19519
13375
6597
-494
-7565
-14281
-20323
-25404
-29282
-31772
-32753
-32178
-30072
-26533
-21729
-15887
-9285
-2238
4919
11843
18204
23695
28052
31066
32589
32548
30942
27847
23411
17845
11416
4435
-2763
-9830
-16425
-22227
-26955
-30378
-32330
-32713
-31507
-28769
-24631
-19293
-13013
-6096
1120
8285
15047
21076
26077
29802
32068
32763
31850
29372
25451
20276
14101
7230
0
-7232
-14111
-20295
-25478
-29402
-31872
-32764
-32033
-29711
-25913
-20827
-14703
-7845
-595
6688
13640
19914
25196
29220
31785
32759
32093
29819
26047
20967
14832
7950
664
-6656
-13645
-19948
-25247
-29273
-31822
-32763
-32046
-29706
-25861
-20703
-14492
-7543
-209
7138
14125
20396
25629
29557
31977
32766
31880
29363
25342
20022
13674
6622
-771
-8129
-15071
-21240
-26318
-30042
-32219
-32734
-31559
-28754
-24461
-18901
-12360
-5177
2276
9615
16457
22447
27271
30678
32489
32608
31026
27825
23169
17302
10527
3199
-4298
-11573
-18244
-23960
-28419
-31387
-32705
-32302
-30198
-26501
-21406
-15179
-8148
-684
6817
13962
20369
25700
29668
32064
32757
31710
28975
24698
19103
12488
5205
-2358
-9798
-16717
-22745
-27557
-30894
-32577
-32513
-30703
-27244
-22319
-16192
-9191
-1693
5898
13175
19743
25247
29388
31941
32765
31816
29141
24884
19276
12618
5272
-2362
-9871
-16845
-22903
-27714
-31014
-32621
-32445
-30495
-26875
-21781
-15492
-8351
-749
6896
14165
20658
26016
29942
32220
32721
31417
28377
23767
17841
10926
3403
-4310
-11787
-18613
-24407
-28847
-31684
-32759
-32010
-29476
-25298
-19707
-13013
-5590
2148
9769
16845
22980
27828
31116
32659
32366
30254
26438
21133
14635
7310
-430
-8148
-15409
-21801
-26962
-30598
-32502
-32563
-30778
-27244
-22162
-15818
-8572
-836
6950
14343
20920
26305
30190
32350
32661
31103
27762
22829
16586
9388
1649
-6187
-13670
-20369
-25898
-29936
-32249
-32702
-31267
-28024
-23161
-16955
-9766
-2009
5867
13405
20168
25762
29860
32222
32709
31291
28049
23169
16936
9711
1916
-5992
-13553
-20323
-25904
-29968
-32275
-32687
-31179
-27837
-22855
-16527
-9222
-1372
6562
14111
20829
26318
30252
32397
32623
30916
27374
22206
15718
8294
373
-7571
-15067
-21669
-26980
-30683
-32556
-32483
-30469
-26631
-21197
-14492
-6916
1077
9009
16402
22811
27851
31216
32702
32218
29790
25564
19793
12824
5078
-2978
-10856
-18080
-24210
-28873
-31785
-32766
-31757
-28816
-24119
-17952
-10689
-2772
5316
13083
20053
25799
29968
32304
32662
31017
27469
22233
15630
8064
0
-8067
-15639
-22251
-27492
-31038
-32669
-32282
-29899
-25665
-19840
-12785
-4935
3223
11185
18454
24578
29176
31960
32754
31507
28295
23317
16881
9388
1306
-6859
-14599
-21426
-26913
-30713
-32587
-32415
-30206
-26096
-20343
-13307
-5431
2789
10837
18204
24423
29100
31937
32755
31498
28244
23199
16679
9099
938
-7285
-15047
-21854
-27271
-30951
-32659
-32282
-29844
-25497
-19519
-12290
-4271
4023
12062
19330
25359
29762
32252
32670
30984
27303
21861
15008
7184
-1105
-9326
-16947
-23474
-28484
-31650
-32766
-31757
-28687
-23753
-17274
-9670
-1435
6896
14781
21705
27215
30951
32666
32248
29720
25247
19119
11737
3583
-4807
-12886
-20121
-26035
-30239
-32455
-32534
-30469
-26395
-20578
-13400
-5336
3083
11302
18775
25007
29584
32200
32681
30992
27244
21684
14679
6695
-1736
-10055
-17706
-24178
-29038
-31959
-32744
-31340
-27837
-22468
-15592
-7668
771
9163
16942
23583
28641
31772
32764
31548
28203
22955
16155
8261
-193
-8637
-16499
-23246
-28419
-31667
-32766
-31641
-28366
-23161
-16378
-8479
0
8482
16388
23178
28387
31659
32766
31633
28334
23092
16267
8323
-193
-8699
-16610
-23382
-28547
-31748
-32764
-31521
-28105
-22748
-15818
-7793
771
9287
17161
23850
28887
31923
32744
31292
27666
22114
15023
6884
-1736
-10238
-18030
-24565
-29387
-32158
-32681
-30919
-26991
-21173
-13868
-5590
3083
11543
19194
25499
30012
32414
32534
30361
26047
19895
12336
3903
-4807
-13181
-20625
-26610
-30711
-32637
-32248
-29569
-24790
-18247
-10405
-1820
6896
15124
22277
27843
31423
32760
31757
28483
23169
16196
8060
-655
-9326
-17331
-24094
-29127
-32068
-32703
-30984
-27033
-21133
-13707
-5289
3511
12062
19743
25999
30374
32552
32371
29844
25150
18630
10754
2094
-6719
-15047
-22282
-27896
-31478
-32765
-31661
-28244
-22763
-15616
-7324
1506
10228
18204
24847
29668
32313
32585
30461
26096
19809
12062
3423
-5469
-13962
-21426
-27310
-31178
-32740
-31881
-28661
-23317
-16242
-7961
912
9721
17811
24578
29519
32265
32608
30520
26157
19840
12041
3339
-5613
-14150
-21629
-27492
-31296
-32755
-31758
-28377
-22863
-15630
-7219
1736
10564
18599
25234
29968
32443
32468
30041
25342
18725
10689
1842
-7147
-15598
-22868
-28404
-31785
-32751
-31227
-27327
-21345
-13736
-5078
3969
12717
20496
26712
30887
32702
32014
28875
23522
16364
7950
-1077
-10024
-18204
-24986
-29848
-32414
-32483
-30050
-25298
-18593
-10451
-1499
7571
16058
23305
28750
31969
32711
30916
26720
20449
12587
3744
-5391
-14111
-21734
-27666
-31442
-32766
-31533
-27837
-21964
-14372
-5653
3510
12401
20323
26654
30894
32710
31957
28692
23169
15822
7226
-1941
-10958
-19113
-25762
-30378
-32596
-32237
-29328
-24096
-16955
-8469
691
9799
18132
25028
29936
32465
32412
29778
24772
17791
9388
234
-8940
-17404
-24479
-29598
-32350
-32513
-30072
-25219
-18342
-9991
-836
8388
16942
24135
29387
32275
32563
30226
25451
18620
10283
1113
-8148
-16754
-24006
-29316
-32252
-32574
-30254
-25477
-18630
-10266
-1066
8222
16845
24098
29390
32286
32549
30156
25298
18372
9941
695
-8610
-17213
-24407
-29603
-32371
-32482
-29925
-24908
-17841
-9305
0
9307
17850
24924
29942
32491
32356
29546
24293
17028
8351
-1019
-10308
-18745
-25629
-30386
-32621
-32145
-28995
-23432
-15917
-7073
2362
11603
19879
26497
30903
32728
31816
28241
22301
14491
5464
-4023
-13175
-21224
-27492
-31451
-32766
-31324
-27244
-20868
-12732
-3519
5992
15001
22745
28568
31977
32682
30619
25962
19103
10622
1238
-8253
-17047
-24394
-29668
-32420
-32412
-29643
-24347
-16973
-8148
1373
10781
19269
26112
30723
32705
31886
28334
22351
14449
5304
-4298
-13534
-21608
-27826
-31650
-32749
-31026
-26627
-19930
-11510
-2094
7504
16457
23989
29446
32355
32460
29752
24461
17046
8148
-1459
-10942
-19477
-26318
-30870
-32732
-31742
-27983
-21780
-13674
-4371
5316
14541
22496
28484
31977
32669
30495
25645
18541
9807
209
-9410
-18204
-25397
-30356
-32640
-32046
-28625
-22675
-14721
-5464
4278
13645
21806
28038
31787
32719
30748
26047
19032
10324
695
-8997
-17892
-25196
-30256
-32621
-32077
-28669
-22701
-14703
-5389
4409
13816
21989
28193
31872
32694
30582
25725
18555
9715
0
-9718
-18563
-25739
-30598
-32699
-31850
-28126
-21861
-13619
-4144
5708
15047
23026
28920
32194
32549
29951
24631
17073
7961
-1876
-11547
-20168
-26955
-31287
-32766
-31257
-26894
-20073
-11416
-1713
8148
17267
24807
30076
32589
32113
28690
22632
14492
5018
-4919
-14407
-22570
-28657
-32104
-32591
-30072
-24775
-17189
-8012
1907
11653
20323
27113
31393
32763
31094
26539
19519
10683
852
-9060
-18132
-25519
-30530
-32697
-31816
-27965
-21503
-13031
-3339
6667
16052
23938
29584
32459
32292
29097
23169
15065
5543
-4501
-14125
-22423
-28612
-32108
-32578
-29977
-24546
-16798
-7461
2582
12385
21019
27666
31694
32721
30647
25665
18247
9095
-923
-10856
-19760
-26786
-31264
-32766
-31146
-26556
-19431
-10451
-470
9557
18675
26008
30855
32749
31507
27244
20368
11537
1595
-8501
-17784
-25359
-30497
-32702
-31758
-27754
-21074
-12360
-2451
7696
17103
24860
30215
32648
31922
28105
21563
12929
3039
-7147
-16643
-24525
-30025
-32607
-32016
-28309
-21844
-13249
-3359
6859
16412
24364
29939
32588
32050
28377
21924
13322
3413
-6833
-16412
-24382
-29960
-32596
-32028
-28309
-21804
-13150
-3199
7069
16643
24578
30089
32630
31946
28105
21482
12732
2719
-7565
-17103
-24947
-30318
-32680
-31797
-27754
-20951
-12062
-1970
8320
17784
25478
30633
32732
31565
27244
20200
11134
952
-9326
-18675
-26154
-31014
-32765
-31228
-26556
-19215
-9941
333
10578
19760
26955
31436
32749
30759
25665
17979
8475
-1887
-12062
-21019
-27851
-31864
-32650
-30126
-24546
-16475
-6728
3703
13762
22423
28806
32258
32427
29291
23169
14683
4696
-5772
-15653
-23938
-29777
-32571
-32033
-28214
-21503
-12587
-2378
8077
17706
25519
30711
32748
31416
26850
19519
10175
-219
-10594
-19879
-27113
-31549
-32726
-30520
-25157
-17189
-7439
3083
13289
22119
28657
32222
32441
29289
23092
14492
4381
-6187
-16114
-24364
-30076
-32652
-31820
-27666
-20619
-11416
-1017
9491
19008
26537
31287
32757
30792
25595
17709
7961
-2625
-12939
-21894
-28547
-32194
-32451
-29286
-23032
-14346
-4144
6498
16457
24678
30291
32699
31644
27238
19943
10531
0
-10533
-19951
-27251
-31656
-32694
-30254
-24592
-16309
-6286
4409
14637
23305
29487
32519
32077
28203
21312
12137
1660
-8997
-18692
-26385
-31248
-32757
-30748
-25434
-17383
-7461
3266
13645
22556
29038
32390
32248
28625
21909
12824
2351
-8378
-18204
-26061
-31098
-32765
-30880
-25645
-17625
-7689
3083
13524
22496
29023
32393
32235
28565
21780
12618
2077
-8692
-18516
-26318
-31245
-32755
-30681
-25247
-17046
-6975
3863
14280
23132
29446
32527
32033
28015
20915
11510
836
-9932
-19609
-27125
-31650
-32682
-30103
-24198
-15616
-5304
5596
15880
24407
30232
32705
31550
26894
19250
9465
-1373
-12062
-21411
-28379
-32188
-32412
-29022
-22395
-13267
-2656
8253
18244
26197
31222
32754
30619
25054
16679
6433
-4537
-15001
-23783
-29895
-32648
-31731
-27244
-19690
-9916
976
11762
21224
28293
32170
32415
28997
22301
13080
2378
-8595
-18599
-26497
-31393
-32729
-30352
-24528
-15917
-5494
5554
15974
24578
30386
32734
31352
26395
18425
8351
-2679
-13405
-22602
-29217
-32491
-32046
-27932
-20616
-10936
0
10939
20625
27944
32055
32482
29173
22507
13249
2462
-8610
-18692
-26622
-31481
-32707
-30156
-24119
-15293
-4696
6446
16845
25296
30817
32766
30916
25477
17079
6695
-4468
-15115
-24006
-30106
-32702
-31489
-26606
-18620
-8460
2689
13528
22788
29387
32552
31909
27532
19930
9991
-1120
-12103
-21669
-28693
-32350
-32208
-28280
-21025
-11295
-234
10856
20671
28052
32127
32412
28871
21921
12379
1372
-9799
-19815
-27487
-31906
-32545
-29328
-22632
-13249
-2291
8940
19113
27016
31708
32629
29666
23169
13911
2992
-8285
-18577
-26654
-31549
-32677
-29899
-23544
-14372
-3477
7836
18214
26411
31442
32702
30037
23764
14635
3744
-7598
-18030
-26293
-31393
-32711
-30086
-23833
-14703
-3796
7571
18026
26305
31405
32707
30050
23753
14577
3632
-7754
-18204
-26446
-31479
-32688
-29925
-23522
-14256
-3253
8148
18560
26712
31608
32650
29706
23135
13736
2656
-8751
-19090
-27095
-31785
-32581
-29385
-22585
-13013
-1842
9557
19786
27585
31994
32468
28947
21861
12081
809
-10564
-20637
-28166
-32219
-32293
-28377
-20951
-10932
440
11762
21629
28819
32437
32033
27653
19840
9561
-1907
-13142
-22745
-29519
-32621
-31661
-26755
-18514
-7961
3586
14689
23960
30239
32740
31148
25658
16955
6128
-5469
-16384
-25247
-30944
-32759
-30461
-24336
-15151
-4058
7546
18204
26572
31595
32638
29565
22763
13087
1756
-9798
-20118
-27896
-32148
-32332
-28424
-20915
-10754
771
12203
22088
29171
32552
31797
27001
18769
8148
-3511
-14727
-24069
-30346
-32754
-30984
-25260
-16309
-5272
6439
17331
26008
31359
32696
29845
23169
13521
2137
-9523
-19964
-27843
-32146
-32318
-28334
-20703
-10405
1234
12717
22564
29503
32637
31559
26407
17841
6968
-4807
-15965
-25058
-30909
-32757
-30361
-24028
-14577
-3233
8533
19194
27364
31977
32433
28669
21173
10917
-762
-12345
-22321
-29387
-32619
-31592
-26438
-17828
-6884
4961
16161
25247
31028
32744
30168
23635
13998
2522
-9287
-19879
-27860
-32179
-32265
-28105
-20242
-9711
2101
13640
23382
30040
32733
31103
25362
16267
5018
-6896
-17901
-26537
-31659
-32585
-29190
-21921
-11741
0
11743
21929
29201
32589
31641
26480
17791
6728
-5233
-16499
-25566
-31222
-32709
-29826
-22955
-13013
-1327
10537
20994
28641
32450
31909
27088
18630
7668
-4324
-15739
-25041
-30976
-32744
-30105
-23411
-13561
-1880
10055
20637
28436
32397
31982
27244
18822
7852
-4182
-15653
-25007
-30974
-32743
-30072
-23319
-13400
-1660
10308
20879
28612
32455
31881
26966
18377
7282
-4807
-16245
-25468
-31216
-32702
-29720
-22675
-12528
-664
11292
21705
29147
32596
31576
26225
17274
5950
-6193
-17489
-26383
-31650
-32564
-28995
-21433
-10917
1105
12978
23064
29968
32737
30984
24950
15465
3839
-8320
-19330
-27666
-32170
-32217
-27796
-19519
-8531
3643
15314
24860
30951
32739
29972
23032
12884
938
-11141
-21669
-29176
-32613
-31498
-25982
-16835
-5332
6918
18204
26944
31912
32410
28366
20343
9465
-2743
-14569
-24351
-30713
-32759
-30198
-23387
-13283
-1306
10856
21492
29100
32604
31507
25962
16748
5166
-7147
-18454
-27152
-32008
-32332
-28076
-19840
-8789
3510
15314
24947
31038
32720
29752
22551
12140
0
-12143
-22559
-29762
-32723
-31017
-24884
-15198
-3339
8998
20053
28242
32393
31908
26854
17952
6476
-5930
-17489
-26541
-31785
-32465
-28481
-20402
-9388
2978
14918
24714
30951
32730
29790
22554
12062
-172
-12385
-22811
-29942
-32746
-30813
-24421
-14492
-2462
9926
20879
28806
32556
31581
26021
16679
4912
-7571
-18956
-27585
-32200
-32127
-27374
-18630
-7167
5342
17076
26318
31719
32485
28504
20353
9222
-3259
-15267
-25041
-31147
-32687
-29434
-21861
-11077
1334
13553
23783
30517
32764
30189
23169
12736
423
-11953
-22570
-29860
-32743
-30792
-24293
-14202
-2009
10483
21426
29201
32652
31267
25247
15482
3419
-9153
-20369
-28563
-32514
-31633
-26047
-16586
-4654
7973
19415
27967
32350
31910
26709
17520
5712
-6950
-18577
-27428
-32179
-32116
-27244
-18292
-6597
6088
17864
26962
32015
32263
27666
18910
7310
-5391
-17284
-26579
-31872
-32366
-27983
-19380
-7852
4862
16845
26287
31760
32433
28203
19707
8226
-4501
-16550
-26094
-31684
-32472
-28334
-19895
-8434
4310
16402
26003
31651
32486
28377
19946
8475
-4288
-16402
-26016
-31662
-32478
-28334
-19861
-8351
4437
16550
26133
31717
32445
28203
19638
8060
-4756
-16845
-26351
-31812
-32386
-27983
-19276
-7602
5243
17284
26666
31941
32293
27666
18769
6975
-5898
-17864
-27071
-32095
-32157
-27244
-18113
-6176
6719
18577
27557
32265
31968
26709
17302
5205
-7702
-19415
-28111
-32434
-31710
-26047
-16326
-4058
8843
20369
28719
32588
31368
25247
15179
2736
-10137
-21426
-29364
-32705
-30922
-24293
-13853
-1238
11573
22570
30025
32764
30353
23169
12339
-434
-13142
-23783
-30678
-32739
-29638
-21861
-10632
2276
14829
25041
31296
32604
28754
20353
8727
-4282
-16616
-26318
-31849
-32328
-27676
-18630
-6622
6439
18480
27585
32302
31880
26381
16679
4318
-8734
-20396
-28806
-32620
-31227
-24845
-14492
-1820
11144
22329
29942
32763
30335
23047
12062
-859
-13645
-24243
-30951
-32688
-29173
-20967
-9388
3703
16202
26094
31785
32354
27709
18593
6476
-6688
-18775
-27832
-32393
-31718
-25913
-15915
-3339
9779
21317
29402
32723
30737
23764
12933
0
-12935
-23772
-30745
-32720
-29372
-21243
-9654
3510
16105
26077
31798
32332
27590
18342
6096
-7147
-19226
-28162
-32493
-31507
-25362
-15061
-2291
10856
22227
29953
32765
30198
22670
11416
-1716
-14569
-25028
-31370
-32548
-28366
-19509
-7435
5867
18204
27539
32330
31782
25982
15887
3163
-10086
-21669
-29667
-32753
-30413
-23032
-11831
1334
14281
24860
31312
32563
28403
19519
7387
-5976
-18347
-27666
-32377
-31693
-25725
-15465
-2622
10659
22164
29968
32766
30086
22374
10917
-2369
-15261
-25599
-31650
-32396
-27709
-18372
-5950
7473
19643
28516
32596
31195
24546
13765
664
-12550
-23653
-30771
-32702
-29116
-20616
-8634
4807
17440
27128
32230
31881
26137
15968
3092
-10308
-21966
-29901
-32766
-30072
-22272
-10689
2711
15653
25937
31812
32275
27244
17574
4908
-8595
-20637
-29162
-32712
-30681
-23411
-12140
1206
14349
25041
31451
32480
27948
18630
6117
-7445
-19735
-28641
-32634
-31026
-24089
-13013
301
13567
24501
31222
32570
28309
19172
6728
-6876
-19298
-28393
-32589
-31159
-24347
-13326
0
13328
24354
31166
32585
28360
19220
6748
-6896
-19347
-28443
-32604
-31103
-24198
-13087
301
13640
24608
31294
32533
28105
18778
6176
-7504
-19879
-28786
-32669
-30847
-23635
-12290
1206
14493
25247
31583
32389
27520
17828
5008
-8692
-20870
-29387
-32745
-30352
-22624
-10917
2711
15865
26229
31977
32094
26556
16335
3233
-10442
-22277
-30182
-32757
-29546
-21112
-8944
4807
17712
27483
32390
31559
25136
14256
845
-12717
-24026
-31070
-32598
-28334
-19032
-6345
7473
19964
28903
32697
30666
23169
11540
-2148
-15456
-26008
-31918
-32127
-26596
-16309
-3103
10659
22517
30346
32741
29270
20553
8148
-5719
-18563
-28078
-32552
-31179
-24202
-12874
771
14281
25223
31625
32332
27214
17189
4062
-9798
-21894
-30040
-32762
-29565
-21025
-8682
5233
18204
27882
32514
31257
24336
13002
-691
-14262
-25247
-31650
-32307
-27094
-16955
-3732
10171
22227
30239
32747
29289
20494
7961
-6025
-18915
-28356
-32621
-30929
-23586
-11931
1907
15400
26077
31982
32033
26215
15592
2109
-11762
-23479
-30889
-32629
-28377
-18910
-5966
8077
20637
29402
32756
30080
21861
9613
-4409
-17621
-27585
-32459
-31342
-24435
-13013
816
14497
25499
31785
32188
26631
16140
2656
-11322
-23203
-30782
-32650
-28456
-18976
-5969
8148
20755
29503
32763
29925
21514
9095
-5021
-18204
-27995
-32564
-31058
-23753
-12011
1977
15598
26305
32095
31880
25698
14703
952
-12978
-24480
-31393
-32418
-27360
-17165
-3744
10381
22559
30497
32702
28754
19394
6380
-7836
-20580
-29446
-32762
-29899
-21393
-8847
5370
18577
28275
32630
30814
23169
11138
-3003
-16579
-27016
-32334
-31523
-24733
-13249
751
14612
25700
31906
32048
26096
15179
1372
-12698
-24354
-31371
-32412
-27273
-16932
-3359
10856
23003
30758
32638
28280
18514
5205
-9101
-21669
-30089
-32747
-29131
-19930
-6905
7445
20371
29387
32762
29844
21189
8460
-5898
-19125
-28673
-32702
-30433
-22301
-9868
4468
17946
27963
32585
30916
23274
11134
-3159
-16845
-27275
-32428
-31305
-24119
-12260
1977
15833
26622
32247
31615
24845
13249
-923
-14918
-26016
-32055
-31858
-25461
-14105
0
14107
25468
31864
32046
25975
14832
792
-13405
-24986
-31684
-32188
-26395
-15435
-1452
12817
24578
31525
32292
26727
15917
1981
-12345
-24250
-31393
-32366
-26976
-16280
-2378
11993
24006
31293
32415
27148
16527
2644
-11762
-23850
-31230
-32442
-27244
-16660
-2779
11653
23783
31206
32451
27267
16679
2783
-11667
-23806
-31222
-32441
-27217
-16586
-2656
11803
23919
31277
32412
27094
16378
2398
-12062
-24120
-31370
-32361
-26894
-16056
-2009
12441
24407
31496
32285
26615
15616
1488
-12939
-24777
-31650
-32178
-26251
-15055
-836
13553
25223
31826
32033
25797
14372
52
-14280
-25739
-32015
-31841
-25247
-13561
863
15115
26318
32208
31592
24592
12618
-1908
-16052
-26950
-32393
-31276
-23823
-11540
3083
17085
27622
32556
30880
22932
10324
-4384
-18204
-28323
-32682
-30389
-21909
-8965
5807
19399
29038
32755
29790
20744
7461
-7347
-20658
-29748
-32757
-29067
-19428
-5811
8997
21966
30436
32669
28203
17952
4016
-10746
-23305
-31079
-32468
-27184
-16309
-2077
12583
24657
31656
32135
25992
14491
0
-14493
-25999
-32139
-31644
-24613
-12494
2208
16457
27304
32503
30975
23032
10317
-4537
-18454
-28547
-32719
-30103
-21238
-7961
6971
20458
29694
32757
29007
19220
5431
-9491
-22439
-30713
-32587
-27666
-16973
-2736
12073
24364
31568
32177
26060
14492
-108
-14689
-26197
-32222
-31498
-24174
-11781
3083
17304
27896
32634
30520
21996
8847
-6162
-19879
-29416
-32766
-29219
-19519
-5706
9311
22368
30711
32578
27570
16743
2378
-12491
-24723
-31732
-32033
-25558
-13674
1105
15653
26888
32428
31095
23169
10328
-4707
-18745
-28806
-32750
-29736
-20402
-6728
8378
21705
30414
32650
27932
17262
2911
-12062
-24465
-31651
-32083
-25665
-13765
1077
15692
26955
32455
31012
22932
9941
-5180
-19194
-29098
-32765
-29406
-19738
-5832
9326
22486
30817
32526
27244
16102
1495
-13436
-25478
-32035
-31693
-24521
-12062
2999
17416
28078
32680
30226
21243
7668
-7565
-21167
-30192
-32685
-28105
-17438
-2992
12103
24578
31727
31995
25321
13150
-1876
-16499
-27539
-32596
-30567
-21889
-8448
6833
20630
29936
32722
28377
17845
3419
-11753
-24364
-31659
-32040
-25423
-13249
1823
16499
27568
32607
30508
21729
8189
-7147
-20920
-30108
-32693
-28105
-17347
-2779
12401
24860
31856
31850
24838
12360
-2839
-17416
-28160
-32702
-30037
-20749
-6884
8501
22013
30668
32552
27244
15915
1066
-14020
-26008
-32243
-31342
-23500
-10451
4915
19194
29220
32766
29042
18871
4509
-10856
-23813
-31479
-32147
-25665
-13473
1720
16533
27666
32637
30335
21271
7461
-8015
-21705
-30552
-32578
-27327
-15968
-1038
14125
26133
32294
31228
23169
9920
-5554
-19786
-29584
-32748
-28565
-17970
-3339
12043
24723
31849
31816
24627
11897
-3511
-18132
-28673
-32755
-29458
-19519
-5177
10334
23516
31393
32182
25702
13414
-1907
-16800
-27896
-32682
-30072
-20653
-6555
9029
22570
30997
32395
26445
14492
-751
-15827
-27310
-32589
-30461
-21406
-7481
8148
21926
30713
32507
26894
15151
-48
-15238
-26955
-32522
-30664
-21804
-7961
7702
21608
30575
32549
27076
15403
202
-15047
-26852
-32503
-30703
-21861
-8002
7696
21629
30598
32538
27001
15255
0
-15257
-27007
-32541
-30582
-21579
-7602
8129
21989
30779
32468
26664
14703
-655
-15865
-27411
-32621
-30288
-20948
-6758
8997
22672
31098
32318
26047
13736
-1763
-16855
-28038
-32713
-29790
-19946
-5464
10289
23653
31516
32046
25116
12336
-3319
-18204
-28847
-32766
-29042
-18541
-3711
11987
24889
31977
31593
23823
10480
-5316
-19871
-29777
-32711
-27983
-16697
-1495
14059
26318
32404
30885
22114
8148
-7733
-21801
-30745
-32460
-26539
-14372
1180
16457
27860
32699
29832
19930
5325
-10537
-23916
-31650
-31910
-24631
-11530
4298
19113
29409
32747
28334
17210
2009
-13670
-26112
-32365
-30942
-22178
-8148
7817
21929
30833
32412
26285
13907
-1780
-17047
-28259
-32743
-29429
-19103
-4222
11667
24777
31977
31548
23586
9991
-5992
-20546
-30192
-32619
-27244
-15350
219
15739
27492
32660
30001
20149
5464
-10533
-24006
-31719
-31816
-24270
-10892
5106
19879
29873
32681
27625
15917
373
-15261
-27221
-32621
-30156
-20416
-5748
10308
23879
31684
31836
24293
10875
-5173
-19973
-29942
-32665
-27477
-15633
0
15636
27483
32666
29925
19920
5078
-10999
-24407
-31886
-31615
-23656
-9941
6193
20824
30386
32549
26782
14487
-1341
-16845
-28242
-32749
-29262
-18630
-3445
12583
25539
32252
31078
22301
8064
-8148
-22368
-31111
-32231
-25451
-12429
3643
18824
29387
32737
28047
16465
836
-15001
-27152
-32625
-30072
-20115
-5205
10989
24479
31937
31523
23335
9388
-6876
-21447
-30723
-32412
-26092
-13322
2743
18132
29038
32759
28371
16955
1338
-14612
-26944
-32596
-30164
-20247
-5304
10958
24501
31960
31477
23169
9099
-7236
-21774
-30894
-32323
-25702
-12676
3510
18824
29446
32724
27837
16000
166
-15711
-27666
-32707
-29572
-19041
-3744
12491
25602
32304
30916
21780
7184
-9215
-23305
-31551
-31880
-24205
-10451
5930
20824
30486
32483
26311
13518
-2679
-18204
-29147
-32749
-28098
-16364
-502
15488
27574
32702
29574
18976
3583
-12717
-25806
-32371
-30748
-21345
-6538
9926
23879
31785
31636
23467
9346
-7147
-21830
-30974
-32254
-25342
-11991
4409
19692
29968
32623
26976
14462
-1736
-17495
-28798
-32764
-28377
-16752
-852
15267
27492
32699
29554
18857
3339
-13034
-26077
-32450
-30520
-20777
-5712
10817
24578
32042
31291
22515
7961
-8637
-23021
-31496
-31881
-24075
-10079
6509
21426
30833
32307
25463
12062
-4448
-19815
-30076
-32585
-26689
-13907
2465
18204
29244
32732
27762
15616
-569
-16610
-28356
-32765
-28692
-17189
-1231
15047
27428
32699
29490
18630
2932
-13528
-26478
-32552
-30168
-19943
-4530
12062
25519
32337
30737
21133
6022
-10659
-24565
-32068
-31208
-22206
-7407
9326
23628
31760
31593
23169
8686
-8070
-22719
-31423
-31903
-24028
-9858
6896
21846
31070
32147
24790
10926
-5807
-21019
-30711
-32336
-25461
-11891
4807
20244
30356
32478
26047
12755
-3899
-19528
-30012
-32581
-26556
-13521
3083
18877
29687
32654
26991
14192
-2362
-18294
-29387
-32703
-27360
-14769
1736
17784
29119
32734
27666
15255
-1206
-17349
-28887
-32752
-27913
-15652
771
16993
28695
32761
28105
15962
-434
-16717
-28547
-32765
-28244
-16186
193
16523
28443
32766
28334
16326
-48
-16412
-28387
-32766
-28374
-16382
0
0
0
0
0
0
0
0
0
0
0
0
0
0
0
0
0
0
0
0
0
0
0
0
0
0
0
0
0
0
0
0
0
0
0
0
0
0
0
0
0
0
0
0
0
0
0
0
0
0
0
0
0
0
0
0
0
0
0
0
0
0
0
0
0
0
0
0
0
0
0
0
0
0
0
0
0
0
0
0
0
0
0
0
0
0
0
0
0
0
0
0
0
0
0
0
0
0
0
0
0
0
0
0
0
0
0
0
0
0
0
0
0
0
0
0
0
0
0
0
0
0
0
0
0
0
0
0
0
0
0
0
0
0
0
0
0
0
0
0
0
0
0
0
0
0
0
0
0
0
0
0
0
0
0
0
0
0
0
0
0
0
0
0
0
0
0
0
0
0
0
0
0
0
0
0
0
0
0
0
0
0
0
0
0
0
0
0
0
0
0
0
0
0
0
0
0
0
0
0
0
0
0
0
0
0
0
0
0
0
0
0
0
0
0
0
0
0
0
0
0
0
0
0
0
0
0
0
0
0
0
0
0
0
0
0
0
0
0
0
0
0
0
0
0
0
0
0
0
0
0
0
0
0
0
0
0
0
0
0
0
0
0
0
0
0
0
0
0
0
0
0
0
0
0
0
0
0
0
0
0
0
0
0
0
0
0
0
0
0
0
0
0
0
0
0
0
0
0
0
0
0
0
0
0
0
0
0
0
0
0
0
0
0
0
0
0
0
0
0
0
0
0
0
0
0
0
0
0
0
0
0
0
0
0
0
0
0
0
0
0
0
0
0
0
0
0
0
0
0
0
0
0
0
0
0
0
0
0
0
0
0
0
0
0
0
0
0
0
0
0
0
0
0
0
0
0
0
0
0
0
0
0
0
0
0
0
0
0
0
0
0
0
0
0
0
0
0
0
0
0
0
0
0
0
0
0
0
0
0
0
0
0
0
0
0
0
0
0
0
0
0
0
0
0
0
0
0
0
0
0
0
0
0
0
0
0
0
0
0
0
0
0
0
0
0
0
0
0
0
0
0
0
0
0
0
0
0
0
0
0
0
0
0
0
0
0
0
0
0
0
0
0
0
0
0
0
0
0
0
0
0
0
0
0
0
0
0
0
0
0
0
0
0
0
0
0
0
0
0
0
0
0
0
0
0
0
0
0
0
0
0
0
0
0
0
0
0
0
0
0
0
0
0
0
0
0
0
0
0
0
0
0
0
0
0
0
0
0
0
0
0
0
0
0
0
0
0
0
0
0
0
0
0
0
0
0
0
0
0
0
0
0
0
0
0
0
0
0
0
0
0
0
0
0
0
0
0
0
0
0
0
0
0
0
0
0
0
0
0
0
0
0
0
0
0
0
0
0
0
0
0
0
0
0
0
0
0
0
0
0
0
0
0
0
0
0
0
0
0
0
0
0
0
0
0
0
0
0
0
0
0
0
0
0
0
0
0
0
0
0
0
0
0
0
0
0
0
0
0
0
0
0
0
0
0
0
0
0
0
0
0
0
0
0
0
0
0
0
0
0
0
0
0
0
0
0
0
0
0
0
0
0
0
0
0
0
0
0
0
0
0
0
0
0
0
0
0
0
0
0
0
0
0
0
0
0
0
0
0
0
0
0
0
0
0
0
0
0
0
0
0
0
0
0
0
0
0
0
0
0
0
0
0
0
0
0
0
0
0
0
0
0
0
0
0
0
0
0
0
0
0
0
0
0
0
0
0
0
0
0
0
0
0
0
0
0
0
0
0
0
0
0
0
0
0
0
0
0
0
0
0
0
0
0
0
0
0
0
0
0
0
0
0
0
0
0
0
0
0
0
0
0
0
0
0
0
0
0
0
0
0
0
0
0
0
0
0
0
0
0
0
0
0
0
0
0
0
0
0
0
0
0
0
0
0
0
0
0
0
0
0
0
0
0
0
0
0
0
0
0
0
0
0
0
0
0
0
0
0
0
0
0
0
0
0
0
0
0
0
0
0
0
0
0
0
0
0
0
0
0
0
0
0
0
0
0
0
0
0
0
0
0
0
0
0
0
0
0
0
0
0
0
0
0
0
0
0
0
0
0
0
0
0
0
0
0
0
0
0
0
0
0
0
0
0
0
0
0
0
0
0
0
0
0
0
0
0
0
0
0
0
0
0
0
0
0
0
0
0
0
0
0
0
0
0
0
0
0
0
14043
13637
12446
10546
8059
5142
1979
-1234
-4304
-7050
-9316
-10984
-11976
-12260
-11853
-10812
-9234
-7240
-4976
-2589
-229
1971
3899
5469
6627
7351
7648
7552
7120
6421
5530
4525
3475
2438
1460
568
-223
-915
-1518
-2048
-2523
-2959
-3364
-3740
-4077
-4356
-4553
-4636
-4575
-4341
-3915
-3287
-2464
-1466
-331
889
2133
3331
4409
5301
5945
6297
6328
6031
5421
4530
3414
2138
781
-577
-1857
-2989
-3913
-4586
-4986
-5109
-4967
-4593
-4030
-3330
-2549
-1742
-959
-240
382
894
1289
1573
1760
1871
1930
1957
1971
1985
2005
2027
2042
2036
1992
1892
1721
1468
1131
715
235
-288
-826
-1347
-1819
-2211
-2498
-2664
-2702
-2615
-2418
-2133
-1790
-1421
-1058
-729
-457
-251
-113
-30
17
60
133
270
499
842
1306
1883
2546
3252
3944
4553
5005
5228
5158
4746
3967
2821
1340
-414
-2353
-4361
-6307
-8051
-9455
-10395
-10771
-10515
-9599
-8042
-5906
-3299
-367
2715
5754
8553
10922
12695
13742
13979
13372
11948
9785
7014
3808
369
-3081
-6324
-9151
-11385
-12888
-13574
-13412
-12428
-10704
-8371
-5595
-2573
491
3396
5955
8014
9457
10217
10275
9663
8457
6773
4751
2551
337
-1737
-3535
-4948
-5903
-6363
-6329
-5840
-4964
-3794
-2436
-1005
388
1643
2677
3431
3869
3982
3786
3317
2629
1787
860
-80
-971
-1757
-2395
-2856
-3126
-3203
-3098
-2829
-2423
-1910
-1320
-683
-29
618
1235
1804
2305
2725
3047
3259
3348
3304
3120
2793
2326
1728
1017
220
-629
-1490
-2315
-3057
-3667
-4102
-4327
-4320
-4071
-3589
-2896
-2033
-1054
-21
996
1929
2714
3297
3640
3724
3548
3135
2527
1780
963
151
-582
-1172
-1565
-1728
-1650
-1343
-841
-201
506
1201
1800
2226
2414
2321
1927
1240
297
-837
-2079
-3327
-4471
-5403
-6026
-6262
-6059
-5400
-4301
-2814
-1023
957
2997
4955
6692
8077
9004
9396
9213
8455
7162
5414
3319
1015
-1350
-3625
-5663
-7338
-8550
-9234
-9362
-8943
-8027
-6693
-5046
-3206
-1300
545
2221
3636
4725
5450
5805
5813
5518
4983
4282
3492
2685
1924
1253
700
273
-38
-262
-434
-597
-791
-1048
-1389
-1820
-2327
-2879
-3430
-3925
-4299
-4494
-4455
-4145
-3546
-2663
-1528
-198
1249
2719
4106
5305
6217
6761
6879
6543
5760
4570
3048
1296
-564
-2397
-4067
-5448
-6432
-6942
-6934
-6404
-5392
-3971
-2250
-362
1545
3323
4829
5944
6576
6672
6222
5259
3855
2119
187
-1787
-3650
-5252
-6463
-7186
-7360
-6966
-6031
-4622
-2844
-830
1266
3291
5091
6534
7513
7959
7844
7183
6030
4477
2645
674
-1290
-3106
-4644
-5802
-6509
-6732
-6475
-5781
-4725
-3409
-1950
-473
899
2063
2933
3454
3604
3395
2871
2105
1190
230
-667
-1403
-1894
-2082
-1937
-1463
-698
291
1415
2565
3625
4483
5037
5210
4952
4248
3120
1628
-137
-2057
-3994
-5803
-7344
-8487
-9132
-9207
-8682
-7569
-5924
-3841
-1446
1105
3650
6017
8049
9608
10588
10922
10588
9608
8049
6017
3650
1105
-1446
-3841
-5924
-7569
-8682
-9207
-9132
-8487
-7344
-5803
-3994
-2057
-137
1628
3120
4248
4952
5210
5037
4483
3625
2565
1415
291
-698
-1463
-1937
-2082
-1894
-1403
-667
230
1190
2105
2871
3395
3604
3454
2933
2063
899
-473
-1950
-3409
-4725
-5781
-6475
-6732
-6509
-5802
-4644
-3106
-1290
674
2645
4477
6030
7183
7844
7959
7513
6534
5091
3291
1266
-830
-2844
-4622
-6031
-6966
-7360
-7186
-6463
-5252
-3650
-1787
187
2119
3855
5259
6222
6672
6576
5944
4829
3323
1545
-362
-2250
-3971
-5392
-6404
-6934
-6942
-6432
-5448
-4067
-2397
-564
1296
3048
4570
5760
6543
6879
6761
6217
5305
4106
2719
1249
-198
-1528
-2663
-3546
-4145
-4455
-4494
-4299
-3925
-3430
-2879
-2327
-1820
-1389
-1048
-791
-597
-434
-262
-38
273
700
1253
1924
2685
3492
4282
4983
5518
5813
5805
5450
4725
3636
2221
545
-1300
-3206
-5046
-6693
-8027
-8943
-9362
-9234
-8550
-7338
-5663
-3625
-1350
1015
3319
5414
7162
8455
9213
9396
9004
8077
6692
4955
2997
957
-1023
-2814
-4301
-5400
-6059
-6262
-6026
-5403
-4471
-3327
-2079
-837
297
1240
1927
2321
2414
2226
1800
1201
506
-201
-841
-1343
-1650
-1728
-1565
-1172
-582
151
963
1780
2527
3135
3548
3724
3640
3297
2714
1929
996
-21
-1054
-2033
-2896
-3589
-4071
-4320
-4327
-4102
-3667
-3057
-2315
-1490
-629
220
1017
1728
2326
2793
3120
3304
3348
3259
3047
2725
2305
1804
1235
618
-29
-683
-1320
-1910
-2423
-2829
-3098
-3203
-3126
-2856
-2395
-1757
-971
-80
860
1787
2629
3317
3786
3982
3869
3431
2677
1643
388
-1005
-2436
-3794
-4964
-5840
-6329
-6363
-5903
-4948
-3535
-1737
337
2551
4751
6773
8457
9663
10275
10217
9457
8014
5955
3396
491
-2573
-5595
-8371
-10704
-12428
-13412
-13574
-12888
-11385
-9151
-6324
-3081
369
3808
7014
9785
11948
13372
13979
13742
12695
10922
8553
5754
2715
-367
-3299
-5906
-8042
-9599
-10515
-10771
-10395
-9455
-8051
-6307
-4361
-2353
-414
1340
2821
3967
4746
5158
5228
5005
4553
3944
3252
2546
1883
1306
842
499
270
133
60
17
-30
-113
-251
-457
-729
-1058
-1421
-1790
-2133
-2418
-2615
-2702
-2664
-2498
-2211
-1819
-1347
-826
-288
235
715
1131
1468
1721
1892
1992
2036
2042
2027
2005
1985
1971
1957
1930
1871
1760
1573
1289
894
382
-240
-959
-1742
-2549
-3330
-4030
-4593
-4967
-5109
-4986
-4586
-3913
-2989
-1857
-577
781
2138
3414
4530
5421
6031
6328
6297
5945
5301
4409
3331
2133
889
-331
-1466
-2464
-3287
-3915
-4341
-4575
-4636
-4553
-4356
-4077
-3740
-3364
-2959
-2523
-2048
-1518
-915
-223
568
1460
2438
3475
4525
5530
6421
7120
7552
7648
7351
6627
5469
3899
1971
-229
-2589
-4976
-7240
-9234
-10812
-11853
-12260
-11976
-10984
-9316
-7050
-4304
-1234
1979
5142
8059
10546
12446
13637
0
0
0
0
0
0
0
0
0
0
0
0
0
0
0
0
0
0
0
0
0
0
0
0
0
0
0
0
0
0
0
0
0
0
0
0
0
0
0
0
0
0
0
0
0
0
0
0
0
0
0
0
0
0
0
0
0
0
0
0
0
0
0
0
0
0
0
-1560
-1637
-1854
-2173
-2535
-2866
-3086
-3120
-2903
-2394
-1576
-466
886
2403
3979
5493
6814
7817
8391
8451
7947
6870
5257
3186
777
-1816
-4423
-6861
-8950
-10533
-11482
-11710
-11182
-9915
-7978
-5492
-2616
460
3531
6389
8843
10726
11913
12329
11950
10809
8992
6628
3885
950
-1976
-4701
-7051
-8881
-10087
-10611
-10444
-9625
-8234
-6389
-4233
-1923
380
2528
4388
5856
6861
7370
7384
6940
6104
4964
3620
2181
751
-575
-1720
-2627
-3260
-3611
-3691
-3531
-3175
-2679
-2102
-1502
-929
-427
-26
257
420
470
427
316
168
15
-113
-193
-205
-138
11
237
529
867
1228
1587
1917
2191
2386
2479
2454
2300
2011
1590
1043
385
-360
-1166
-1998
-2816
-3577
-4237
-4750
-5074
-5173
-5020
-4597
-3902
-2947
-1761
-389
1105
2651
4164
5554
6734
7621
8145
8253
7915
7128
5913
4324
2436
350
-1819
-3946
-5904
-7574
-8851
-9653
-9927
-9653
-8843
-7547
-5842
-3834
-1645
591
2741
4681
6299
7513
8267
8537
8333
7695
6690
5405
3940
2400
885
-513
-1725
-2698
-3406
-3846
-4040
-4023
-3848
-3571
-3248
-2929
-2653
-2442
-2301
-2217
-2163
-2100
-1983
-1766
-1412
-893
-201
653
1639
2704
3780
4787
5638
6251
6556
6498
6047
5205
3999
2492
769
-1060
-2875
-4550
-5966
-7019
-7629
-7748
-7366
-6509
-5238
-3648
-1860
-8
1767
3334
4577
5406
5768
5646
5065
4087
2809
1350
-153
-1564
-2754
-3612
-4059
-4050
-3583
-2697
-1466
0
1571
3103
4453
5491
6108
6229
5820
4889
3486
1704
-334
-2483
-4581
-6472
-8008
-9069
-9566
-9452
-8723
-7418
-5620
-3445
-1032
1459
3872
6054
7872
9220
10027
10261
9925
9063
7746
6074
4160
2125
91
-1832
-3553
-4997
-6117
-6890
-7315
-7412
-7217
-6774
-6134
-5347
-4457
-3504
-2515
-1512
-508
489
1474
2440
3375
4262
5073
5777
6335
6703
6840
6709
6285
5554
4524
3222
1694
9
-1746
-3477
-5079
-6453
-7505
-8162
-8371
-8110
-7386
-6241
-4743
-2990
-1094
816
2617
4188
5428
6260
6640
6556
6031
5125
3921
2528
1063
-350
-1599
-2587
-3242
-3522
-3420
-2962
-2208
-1240
-162
912
1874
2621
3072
3174
2904
2275
1334
156
-1158
-2494
-3732
-4756
-5465
-5784
-5666
-5102
-4118
-2776
-1169
588
2365
4027
5448
6518
7152
7300
6948
6122
4883
3323
1561
-273
-2042
-3616
-4883
-5754
-6175
-6127
-5627
-4730
-3520
-2105
-606
849
2142
3169
3849
4135
4011
3497
2649
1547
295
-989
-2189
-3191
-3901
-4248
-4190
-3721
-2868
-1691
-280
1257
2798
4219
5401
6242
6664
6620
6095
5112
3727
2027
120
-1863
-3793
-5536
-6972
-8002
-8553
-8584
-8088
-7094
-5663
-3885
-1869
256
2362
4319
6011
7337
8224
8626
8528
7945
6924
5533
3865
2023
119
-1733
-3431
-4882
-6012
-6767
-7119
-7064
-6619
-5827
-4744
-3444
-2007
-519
934
2278
3440
4365
5013
5358
5395
5131
4592
3816
2852
1757
592
-578
-1693
-2694
-3529
-4158
-4548
-4681
-4548
-4158
-3529
-2694
-1693
-578
592
1757
2852
3816
4592
5131
5395
5358
5013
4365
3440
2278
934
-519
-2007
-3444
-4744
-5827
-6619
-7064
-7119
-6767
-6012
-4882
-3431
-1733
119
2023
3865
5533
6924
7945
8528
8626
8224
7337
6011
4319
2362
256
-1869
-3885
-5663
-7094
-8088
-8584
-8553
-8002
-6972
-5536
-3793
-1863
120
2027
3727
5112
6095
6620
6664
6242
5401
4219
2798
1257
-280
-1691
-2868
-3721
-4190
-4248
-3901
-3191
-2189
-989
295
1547
2649
3497
4011
4135
3849
3169
2142
849
-606
-2105
-3520
-4730
-5627
-6127
-6175
-5754
-4883
-3616
-2042
-273
1561
3323
4883
6122
6948
7300
7152
6518
5448
4027
2365
588
-1169
-2776
-4118
-5102
-5666
-5784
-5465
-4756
-3732
-2494
-1158
156
1334
2275
2904
3174
3072
2621
1874
912
-162
-1240
-2208
-2962
-3420
-3522
-3242
-2587
-1599
-350
1063
2528
3921
5125
6031
6556
6640
6260
5428
4188
2617
816
-1094
-2990
-4743
-6241
-7386
-8110
-8371
-8162
-7505
-6453
-5079
-3477
-1746
9
1694
3222
4524
5554
6285
6709
6840
6703
6335
5777
5073
4262
3375
2440
1474
489
-508
-1512
-2515
-3504
-4457
-5347
-6134
-6774
-7217
-7412
-7315
-6890
-6117
-4997
-3553
-1832
91
2125
4160
6074
7746
9063
9925
10261
10027
9220
7872
6054
3872
1459
-1032
-3445
-5620
-7418
-8723
-9452
-9566
-9069
-8008
-6472
-4581
-2483
-334
1704
3486
4889
5820
6229
6108
5491
4453
3103
1571
0
-1466
-2697
-3583
-4050
-4059
-3612
-2754
-1564
-153
1350
2809
4087
5065
5646
5768
5406
4577
3334
1767
-8
-1860
-3648
-5238
-6509
-7366
-7748
-7629
-7019
-5966
-4550
-2875
-1060
769
2492
3999
5205
6047
6498
6556
6251
5638
4787
3780
2704
1639
653
-201
-893
-1412
-1766
-1983
-2100
-2163
-2217
-2301
-2442
-2653
-2929
-3248
-3571
-3848
-4023
-4040
-3846
-3406
-2698
-1725
-513
885
2400
3940
5405
6690
7695
8333
8537
8267
7513
6299
4681
2741
591
-1645
-3834
-5842
-7547
-8843
-9653
-9927
-9653
-8851
-7574
-5904
-3946
-1819
350
2436
4324
5913
7128
7915
8253
8145
7621
6734
5554
4164
2651
1105
-389
-1761
-2947
-3902
-4597
-5020
-5173
-5074
-4750
-4237
-3577
-2816
-1998
-1166
-360
385
1043
1590
2011
2300
2454
2479
2386
2191
1917
1587
1228
867
529
237
11
-138
-205
-193
-113
15
168
316
427
470
420
257
-26
-427
-929
-1502
-2102
-2679
-3175
-3531
-3691
-3611
-3260
-2627
-1720
-575
751
2181
3620
4964
6104
6940
7384
7370
6861
5856
4388
2528
380
-1923
-4233
-6389
-8234
-9625
-10444
-10611
-10087
-8881
-7051
-4701
-1976
950
3885
6628
8992
10809
11950
12329
11913
10726
8843
6389
3531
460
-2616
-5492
-7978
-9915
-11182
-11710
-11482
-10533
-8950
-6861
-4423
-1816
777
3186
5257
6870
7947
8451
8391
7817
6814
5493
3979
2403
886
-466
-1576
-2394
-2903
-3120
-3086
-2866
-2535
-2173
-1854
-1637
0
0
0
0
0
0
0
0
0
0
0
0
0
0
0
0
0
0
0
0
0
0
0
0
0
0
0
0
0
0
0
0
0
0
0
0
0
0
0
0
0
0
0
0
0
0
0
0
0
0
0
0
0
0
0
0
0
0
0
0
0
0
0
0
0
0
0
7801
7577
6917
5859
4467
2821
1018
-835
-2630
-4261
-5632
-6662
-7290
-7482
-7229
-6548
-5485
-4110
-2510
-789
943
2577
4008
5148
5927
6301
6254
5799
4977
3857
2523
1080
-366
-1708
-2850
-3711
-4234
-4389
-4178
-3630
-2803
-1776
-646
483
1509
2338
2892
3120
2998
2535
1770
772
-370
-1549
-2653
-3571
-4207
-4486
-4360
-3817
-2880
-1607
-87
1566
3222
4746
6008
6892
7312
7213
6579
5439
3857
1936
-192
-2378
-4466
-6303
-7754
-8709
-9096
-8885
-8087
-6757
-4991
-2913
-671
1579
3683
5500
6913
7839
8231
8085
7435
6352
4935
3303
1583
-96
-1620
-2895
-3851
-4451
-4693
-4600
-4227
-3644
-2934
-2183
-1471
-863
-405
-119
-3
-32
-159
-327
-473
-533
-457
-208
225
832
1576
2398
3220
3956
4516
4819
4800
4417
3661
2553
1151
-458
-2163
-3834
-5336
-6539
-7330
-7625
-7373
-6568
-5246
-3490
-1417
823
3065
5134
6866
8118
8781
8791
8131
6841
5007
2761
271
-2274
-4681
-6760
-8349
-9319
-9589
-9134
-7980
-6213
-3962
-1396
1290
3897
6227
8106
9395
10001
9883
9056
7588
5595
3230
673
-1887
-4264
-6291
-7830
-8787
-9112
-8806
-7918
-6538
-4790
-2822
-790
1152
2869
4247
5210
5718
5774
5415
4714
3766
2681
1574
551
-296
-903
-1231
-1277
-1067
-654
-113
467
995
1383
1561
1476
1107
459
-429
-1495
-2653
-3802
-4836
-5653
-6162
-6293
-6005
-5287
-4162
-2682
-932
985
2949
4834
6518
7890
8860
9362
9362
8856
7872
6468
4725
2741
626
-1505
-3545
-5391
-6958
-8180
-9012
-9431
-9433
-9036
-8272
-7187
-5836
-4281
-2585
-813
971
2709
4341
5815
7082
8098
8823
9224
9277
8968
8292
7260
5896
4243
2359
318
-1793
-3878
-5833
-7556
-8949
-9929
-10431
-10413
-9864
-8802
-7276
-5365
-3174
-828
1537
3783
5776
7399
8557
9187
9259
8782
7802
6397
4674
2760
792
-1093
-2767
-4122
-5076
-5580
-5623
-5227
-4450
-3378
-2118
-788
488
1601
2453
2973
3120
2888
2302
1421
328
-873
-2072
-3154
-4016
-4571
-4758
-4545
-3934
-2960
-1685
-200
1389
2967
4418
5633
6523
7020
7088
6719
5937
4796
3372
1760
66
-1602
-3143
-4468
-5506
-6210
-6556
-6547
-6209
-5587
-4742
-3744
-2663
-1570
-524
424
1243
1914
2434
2814
3075
3243
3346
3410
3455
3492
3520
3529
3500
3405
3214
2897
2428
1792
985
19
-1078
-2263
-3479
-4655
-5716
-6586
-7193
-7477
-7392
-6915
-6046
-4809
-3255
-1457
492
2487
4415
6163
7624
8707
9342
9484
9116
8253
6939
5245
3267
1116
-1085
-3213
-5146
-6776
-8014
-8793
-9077
-8856
-8152
-7014
-5517
-3754
-1832
134
2031
3750
5198
6297
6995
7263
7100
6527
5594
4367
2930
1376
-195
-1691
-3019
-4105
-4889
-5331
-5414
-5144
-4549
-3675
-2587
-1361
-79
1171
2311
3266
3977
4399
4510
4305
3803
3040
2070
960
-213
-1372
-2437
-3337
-4012
-4415
-4521
-4321
-3830
-3078
-2117
-1010
168
1341
2431
3364
4079
4528
4681
4528
4079
3364
2431
1341
168
-1010
-2117
-3078
-3830
-4321
-4521
-4415
-4012
-3337
-2437
-1372
-213
960
2070
3040
3803
4305
4510
4399
3977
3266
2311
1171
-79
-1361
-2587
-3675
-4549
-5144
-5414
-5331
-4889
-4105
-3019
-1691
-195
1376
2930
4367
5594
6527
7100
7263
6995
6297
5198
3750
2031
134
-1832
-3754
-5517
-7014
-8152
-8856
-9077
-8793
-8014
-6776
-5146
-3213
-1085
1116
3267
5245
6939
8253
9116
9484
9342
8707
7624
6163
4415
2487
492
-1457
-3255
-4809
-6046
-6915
-7392
-7477
-7193
-6586
-5716
-4655
-3479
-2263
-1078
19
985
1792
2428
2897
3214
3405
3500
3529
3520
3492
3455
3410
3346
3243
3075
2814
2434
1914
1243
424
-524
-1570
-2663
-3744
-4742
-5587
-6209
-6547
-6556
-6210
-5506
-4468
-3143
-1602
66
1760
3372
4796
5937
6719
7088
7020
6523
5633
4418
2967
1389
-200
-1685
-2960
-3934
-4545
-4758
-4571
-4016
-3154
-2072
-873
328
1421
2302
2888
3120
2973
2453
1601
488
-788
-2118
-3378
-4450
-5227
-5623
-5580
-5076
-4122
-2767
-1093
792
2760
4674
6397
7802
8782
9259
9187
8557
7399
5776
3783
1537
-828
-3174
-5365
-7276
-8802
-9864
-10413
-10431
-9929
-8949
-7556
-5833
-3878
-1793
318
2359
4243
5896
7260
8292
8968
9277
9224
8823
8098
7082
5815
4341
2709
971
-813
-2585
-4281
-5836
-7187
-8272
-9036
-9433
-9431
-9012
-8180
-6958
-5391
-3545
-1505
626
2741
4725
6468
7872
8856
9362
9362
8860
7890
6518
4834
2949
985
-932
-2682
-4162
-5287
-6005
-6293
-6162
-5653
-4836
-3802
-2653
-1495
-429
459
1107
1476
1561
1383
995
467
-113
-654
-1067
-1277
-1231
-903
-296
551
1574
2681
3766
4714
5415
5774
5718
5210
4247
2869
1152
-790
-2822
-4790
-6538
-7918
-8806
-9112
-8787
-7830
-6291
-4264
-1887
673
3230
5595
7588
9056
9883
10001
9395
8106
6227
3897
1290
-1396
-3962
-6213
-7980
-9134
-9589
-9319
-8349
-6760
-4680
-2274
271
2761
5007
6841
8131
8791
8781
8118
6866
5134
3065
823
-1417
-3490
-5246
-6568
-7373
-7625
-7330
-6539
-5336
-3834
-2163
-458
1151
2553
3661
4417
4800
4819
4516
3956
3220
2398
1576
832
225
-208
-457
-533
-473
-327
-159
-32
-3
-119
-405
-863
-1471
-2183
-2934
-3644
-4227
-4600
-4693
-4451
-3851
-2895
-1620
-96
1583
3303
4935
6352
7435
8085
8231
7839
6913
5500
3683
1579
-671
-2913
-4991
-6757
-8087
-8885
-9096
-8709
-7754
-6303
-4466
-2378
-192
1936
3857
5439
6579
7213
7312
6892
6008
4746
3222
1566
-87
-1607
-2880
-3817
-4360
-4486
-4207
-3571
-2653
-1549
-370
772
1770
2535
2998
3120
2892
2338
1509
483
-646
-1776
-2803
-3630
-4178
-4389
-4234
-3711
-2850
-1708
-366
1080
2523
3857
4977
5799
6254
6301
5927
5148
4008
2577
943
-789
-2510
-4110
-5485
-6548
-7229
-7482
-7290
-6662
-5632
-4261
-2630
-835
1018
2821
4467
5859
6917
7577
0
0
0
0
0
0
0
0
0
0
0
0
0
0
0
0
0
0
0
0
0
0
0
0
0
0
0
0
0
0
0
0
0
0
0
0
0
0
0
0
0
0
0
0
0
0
0
0
0
0
0
0
0
0
0
0
0
0
0
0
0
0
0
0
0
0
0
10922
10622
9741
8330
6470
4270
1856
-632
-3054
-5272
-7165
-8631
-9593
-10007
-9863
-9182
-8018
-6452
-4587
-2541
-440
1591
3438
5000
6198
6981
7324
7233
6743
5910
4811
3537
2184
846
-388
-1449
-2280
-2849
-3147
-3189
-3008
-2655
-2190
-1680
-1190
-778
-488
-349
-369
-538
-826
-1189
-1569
-1905
-2135
-2203
-2069
-1706
-1112
-304
674
1764
2888
3961
4893
5599
6008
6063
5736
5023
3950
2571
966
-766
-2515
-4163
-5598
-6719
-7446
-7726
-7536
-6888
-5823
-4415
-2759
-970
830
2523
3995
5155
5934
6294
6228
5764
4955
3880
2638
1333
71
-1049
-1948
-2567
-2873
-2865
-2568
-2035
-1338
-562
200
861
1343
1586
1554
1239
661
-135
-1078
-2082
-3050
-3884
-4491
-4797
-4747
-4315
-3505
-2354
-926
690
2386
4043
5542
6770
7631
8053
7993
7441
6421
4990
3233
1256
-815
-2854
-4733
-6338
-7572
-8365
-8676
-8496
-7848
-6783
-5378
-3727
-1939
-124
1609
3165
4463
5443
6070
6331
6241
5833
5159
4283
3277
2215
1165
190
-660
-1351
-1864
-2193
-2350
-2355
-2239
-2040
-1796
-1544
-1316
-1137
-1023
-982
-1010
-1094
-1216
-1350
-1469
-1543
-1548
-1459
-1263
-951
-525
4
619
1291
1987
2668
3294
3823
4218
4445
4477
4298
3901
3291
2486
1515
417
-757
-1955
-3114
-4175
-5077
-5770
-6207
-6359
-6207
-5750
-5003
-3997
-2778
-1406
49
1514
2912
4168
5217
6002
6485
6641
6467
5977
5202
4191
3005
1711
383
-907
-2094
-3120
-3940
-4524
-4858
-4943
-4795
-4444
-3925
-3283
-2564
-1812
-1066
-359
282
846
1323
1716
2030
2274
2461
2598
2691
2741
2744
2691
2569
2366
2068
1666
1156
546
-148
-903
-1680
-2435
-3117
-3675
-4059
-4226
-4145
-3800
-3194
-2348
-1304
-123
1121
2345
3461
4383
5034
5357
5311
4884
4090
2972
1597
56
-1545
-3095
-4480
-5595
-6352
-6687
-6563
-5978
-4961
-3573
-1901
-56
1840
3661
5282
6595
7511
7968
7935
7415
6443
5081
3419
1560
-380
-2285
-4045
-5564
-6763
-7588
-8008
-8019
-7640
-6909
-5882
-4623
-3203
-1693
-162
1331
2734
4007
5115
6036
6751
7248
7516
7546
7331
6863
6138
5157
3928
2469
814
-992
-2887
-4794
-6620
-8268
-9633
-10618
-11134
-11111
-10507
-9312
-7551
-5289
-2628
296
3324
6277
8969
11227
12892
13841
13994
13318
11838
9632
6830
3605
163
-3272
-6476
-9236
-11369
-12737
-13253
-12893
-11695
-9756
-7227
-4301
-1196
1856
4637
6947
8628
9574
9738
9133
7836
5976
3723
1277
-1148
-3352
-5148
-6393
-6991
-6902
-6146
-4801
-2993
-889
1320
3437
5270
6655
7464
7621
7103
5945
4238
2118
-243
-2655
-4921
-6857
-8304
-9144
-9308
-8782
-7606
-5872
-3714
-1301
1183
3552
5631
7270
8359
8832
8673
7917
6642
4966
3031
996
-981
-2754
-4201
-5231
-5794
-5879
-5518
-4774
-3741
-2530
-1259
-43
1015
1839
2375
2603
2534
2206
1680
1032
345
-299
-830
-1195
-1360
-1318
-1085
-699
-213
309
803
1206
1468
1560
1468
1206
803
309
-213
-699
-1085
-1318
-1360
-1195
-830
-299
345
1032
1680
2206
2534
2603
2375
1839
1015
-43
-1259
-2530
-3741
-4774
-5518
-5879
-5794
-5231
-4201
-2754
-981
996
3031
4966
6642
7917
8673
8832
8359
7270
5631
3552
1183
-1301
-3714
-5872
-7606
-8782
-9308
-9144
-8304
-6857
-4921
-2655
-243
2118
4238
5945
7103
7621
7464
6655
5270
3437
1320
-889
-2993
-4801
-6146
-6902
-6991
-6393
-5148
-3352
-1148
1277
3723
5976
7836
9133
9738
9574
8628
6947
4637
1856
-1196
-4301
-7227
-9756
-11695
-12893
-13253
-12737
-11369
-9236
-6476
-3272
163
3605
6830
9632
11838
13318
13994
13841
12892
11227
8969
6277
3324
296
-2628
-5289
-7551
-9312
-10507
-11111
-11134
-10618
-9633
-8268
-6620
-4794
-2887
-992
814
2469
3928
5157
6138
6863
7331
7546
7516
7248
6751
6036
5115
4007
2734
1331
-162
-1693
-3203
-4623
-5882
-6909
-7640
-8019
-8008
-7588
-6763
-5564
-4045
-2285
-380
1560
3419
5081
6443
7415
7935
7968
7511
6595
5282
3661
1840
-56
-1901
-3573
-4961
-5978
-6563
-6687
-6352
-5595
-4480
-3095
-1545
56
1597
2972
4090
4884
5311
5357
5034
4383
3461
2345
1121
-123
-1304
-2348
-3194
-3800
-4145
-4226
-4059
-3675
-3117
-2435
-1680
-903
-148
546
1156
1666
2068
2366
2569
2691
2744
2741
2691
2598
2461
2274
2030
1716
1323
846
282
-359
-1066
-1812
-2564
-3283
-3925
-4444
-4795
-4943
-4858
-4524
-3940
-3120
-2094
-907
383
1711
3005
4191
5202
5977
6467
6641
6485
6002
5217
4168
2912
1514
49
-1406
-2778
-3997
-5003
-5750
-6207
-6359
-6207
-5770
-5077
-4175
-3114
-1955
-757
417
1515
2486
3291
3901
4298
4477
4445
4218
3823
3294
2668
1987
1291
619
4
-525
-951
-1263
-1459
-1548
-1543
-1469
-1350
-1216
-1094
-1010
-982
-1023
-1137
-1316
-1544
-1796
-2040
-2239
-2355
-2350
-2193
-1864
-1351
-660
190
1165
2215
3277
4283
5159
5833
6241
6331
6070
5443
4463
3165
1609
-124
-1939
-3727
-5378
-6783
-7848
-8496
-8676
-8365
-7572
-6338
-4733
-2854
-815
1256
3233
4990
6421
7441
7993
8053
7631
6770
5542
4043
2386
690
-926
-2354
-3505
-4315
-4747
-4797
-4491
-3884
-3050
-2082
-1078
-135
661
1239
1554
1586
1343
861
200
-562
-1338
-2035
-2568
-2865
-2873
-2567
-1948
-1049
71
1333
2638
3880
4955
5764
6228
6294
5934
5155
3995
2523
830
-970
-2759
-4415
-5823
-6888
-7536
-7726
-7446
-6719
-5598
-4163
-2515
-766
966
2571
3950
5023
5736
6063
6008
5599
4893
3961
2888
1764
674
-304
-1112
-1706
-2069
-2203
-2135
-1905
-1569
-1189
-826
-538
-369
-349
-488
-778
-1190
-1680
-2190
-2655
-3008
-3189
-3147
-2849
-2280
-1449
-388
846
2184
3537
4811
5910
6743
7233
7324
6981
6198
5000
3438
1591
-440
-2541
-4587
-6452
-8018
-9182
-9863
-10007
-9593
-8631
-7165
-5272
-3054
-632
1856
4270
6470
8330
9741
10622
0
0
0
0
0
0
0
0
0
0
0
0
0
0
0
0
0
0
0
0
0
0
0
0
0
0
0
0
0
0
0
0
0
0
0
0
0
0
0
0
0
0
0
0
0
0
0
0
0
0
0
0
0
0
0
0
0
0
0
0
0
0
0
0
0
0
0
