0
4278
8485
12550
16402
19973
23203
26035
28419
30314
31684
32507
32766
32456
31581
30156
28203
25758
22860
19561
15917
11991
7852
3573
-771
-5106
-9352
-13436
-17284
-20829
-24006
-26759
-29038
-30801
-32015
-32660
-32720
-32196
-31094
-29434
-27244
-24563
-21439
-17925
-14087
-9991
-5712
-1327
3083
7441
11667
15683
19415
22796
25762
28259
30239
31667
32514
32764
32412
31462
29931
27847
25247
22178
18696
14865
10755
6443
2009
-2465
-6896
-11201
-15299
-19113
-22570
-25606
-28162
-30190
-31650
-32514
-32764
-32394
-31411
-29832
-27686
-25012
-21861
-18292
-14372
-10175
-5781
-1274
3259
7733
12062
16161
19951
23359
26318
28771
30668
31973
32659
32711
32127
30919
29107
26727
23823
20452
16679
12577
8226
3711
-879
-5455
-9926
-14204
-18204
-21846
-25058
-27775
-29942
-31516
-32464
-32766
-32415
-31417
-29790
-27567
-24790
-21514
-17805
-13736
-9388
-4849
-209
4437
8997
13377
17489
21248
24578
27411
29687
31359
32393
32765
32468
31507
29899
27676
24884
21579
17828
13707
9301
4700
0
-4703
-9311
-13729
-17864
-21629
-24947
-27746
-29968
-31566
-32503
-32761
-32332
-31225
-29460
-27076
-24119
-20653
-16748
-12488
-7961
-3263
1506
6246
10856
15238
19298
22949
26112
28719
30713
32051
32702
32651
31900
30461
28366
25658
22395
18646
14492
10022
5332
524
-4298
-9029
-13567
-17811
-21669
-25055
-27896
-30127
-31699
-32577
-32739
-32182
-30916
-28967
-26379
-23206
-19519
-15397
-10932
-6222
-1372
3511
8320
12945
17284
21240
24723
27655
29968
31611
32545
32748
32214
30954
28995
26381
23169
19431
15252
10724
5950
1038
-3899
-8751
-13405
-17757
-21705
-25159
-28038
-30277
-31822
-32637
-32702
-32014
-30588
-28456
-25665
-22280
-18377
-14047
-9388
-4509
477
5455
10308
14924
19194
23018
26305
28979
30974
32243
32756
32498
31476
29711
27244
24133
20449
16280
11722
6884
1880
-3170
-8148
-12935
-17416
-21484
-25041
-28000
-30291
-31856
-32659
-32677
-31909
-30373
-28105
-25157
-21600
-17520
-13013
-8189
-3163
1941
7001
11893
16499
20705
24407
27516
29953
31659
32589
32721
32049
30590
28377
25463
21921
17836
13307
8448
3377
-1780
-6896
-11843
-16499
-20746
-24479
-27603
-30040
-31727
-32621
-32699
-31957
-30413
-28105
-25088
-21439
-17247
-12618
-7668
-2522
2689
7836
12787
17416
21605
25247
28248
30530
32035
32723
32574
31592
29801
27244
23987
20112
15718
10917
5832
595
-4660
-9798
-14685
-19194
-23208
-26622
-29345
-31307
-32455
-32757
-32206
-30813
-28614
-25665
-22043
-17841
-13169
-8148
-2911
2405
7661
12717
17440
21705
25397
28419
30689
32146
32750
32483
31352
29385
26633
23169
19084
14487
9500
4255
-1105
-6439
-11603
-16457
-20870
-24723
-27911
-30346
-31961
-32712
-32578
-31559
-29684
-27001
-23582
-19519
-14922
-9916
-4636
771
6162
11386
16301
20770
24671
27896
30354
31977
32719
32558
31498
29565
26813
23317
19172
14492
9407
4058
-1405
-6833
-12073
-16978
-21411
-25247
-28377
-30713
-32188
-32760
-32410
-31148
-29007
-26047
-22351
-18021
-13179
-7961
-2516
3003
8440
13640
18454
22745
26389
29282
31340
32503
32737
32033
30409
27913
24613
20604
16000
10932
5547
0
-5550
-10942
-16021
-20637
-24657
-27963
-30458
-32068
-32745
-32468
-31244
-29107
-26118
-22364
-17952
-13013
-7689
-2137
3479
8997
14252
19090
23367
26955
29748
31662
32640
32650
31691
29790
27003
23411
19119
14256
8965
3403
-2262
-7862
-13230
-18204
-22633
-26385
-29345
-31423
-32556
-32707
-31871
-30072
-27362
-23823
-19561
-14703
-9397
-3803
1908
7565
12994
18030
22517
26318
29316
31419
32559
32702
31841
30001
27238
23635
19302
14372
8996
3339
-2422
-8112
-13553
-18577
-23026
-26761
-29667
-31650
-32648
-32629
-31591
-29565
-26615
-22829
-18327
-13249
-7752
-2009
3799
9491
14886
19815
24120
27666
30338
32052
32751
32412
31044
28690
25423
21345
16586
11295
5642
-193
-6025
-11667
-16938
-21669
-25706
-28920
-31206
-32489
-32726
-31909
-30063
-27244
-23544
-19081
-13998
-8460
-2644
3259
9060
14569
19606
24006
27626
30346
32075
32756
32366
30916
28451
25051
20827
15917
10480
4696
-1244
-7147
-12817
-18065
-22719
-26622
-29644
-31684
-32674
-32578
-31398
-29173
-25975
-21909
-17110
-11737
-5969
0
5972
11747
17130
21941
26016
29217
31436
32596
32657
31615
29504
26395
22390
17625
12260
6476
470
-5554
-11392
-16845
-21726
-25867
-29127
-31393
-32585
-32662
-31619
-29491
-26349
-22301
-17483
-12062
-6222
-166
5898
11762
17222
22088
26191
29387
31566
32648
32597
31411
29131
25835
21636
16679
11138
5205
-912
-7001
-12847
-18244
-23003
-26955
-29960
-31912
-32739
-32412
-30940
-28374
-24803
-20353
-15179
-9465
-3413
2763
8843
14612
19863
24407
28083
30758
32334
32755
32003
30103
27124
23169
18381
12929
7010
836
-5370
-11386
-16993
-21989
-26191
-29446
-31636
-32680
-32538
-31214
-28754
-25247
-20819
-15630
-9868
-3744
2518
8692
14551
19879
24480
28184
30855
32393
32739
31880
29845
26709
22585
17625
12011
5950
-333
-6607
-12639
-18204
-23094
-27128
-30152
-32055
-32763
-32248
-30528
-27666
-23767
-18976
-13473
-7461
-1167
5173
11322
17047
22132
26385
29644
31785
32724
32427
30901
28203
24435
19738
14288
8294
1981
-4409
-10635
-16457
-21654
-26025
-29402
-31656
-32697
-32485
-31027
-28377
-24634
-19943
-14481
-8460
-2109
4324
10594
16457
21686
26077
29459
31699
32710
32451
30929
28203
24378
19601
14056
7961
1552
-4919
-11201
-17047
-22227
-26537
-29806
-31906
-32751
-32307
-30590
-27666
-23648
-18696
-13002
-6791
-309
6187
12441
18204
23246
27366
30398
32222
32762
31995
29951
26709
22398
17189
11289
4935
-1619
-8112
-14281
-19879
-24678
-28486
-31147
-32552
-32643
-31416
-28917
-25247
-20553
-15023
-8882
-2378
4225
10659
16662
21989
26421
29777
31918
32756
32254
30432
27362
23169
18024
12137
5748
-879
-7473
-13762
-19485
-24407
-28323
-31070
-32533
-32650
-31414
-28875
-25136
-20353
-14721
-8475
-1874
4807
11292
17307
22602
26955
30182
32146
32765
32010
29911
26556
22083
16679
10571
4016
-2711
-9326
-15551
-21121
-25799
-29387
-31732
-32732
-32344
-30582
-27520
-23286
-18060
-12062
-5547
1206
7911
14280
20041
24947
28786
31393
32653
32513
30975
28105
24024
18906
12972
6476
-301
-7069
-13534
-19415
-24458
-28443
-31196
-32596
-32580
-31148
-28360
-24336
-19250
-13322
-6811
0
6813
13332
19269
24364
28393
31178
32594
32578
31129
28309
24241
19103
13120
6555
-301
-7147
-13680
-19609
-24671
-28641
-31340
-32648
-32505
-30916
-27948
-23735
-18460
-12360
-5706
1206
8067
14569
20421
25359
29162
31656
32728
32328
30473
27244
22786
17298
11027
4255
-2711
-9557
-15974
-21669
-26383
-29901
-32062
-32766
-31979
-29736
-26137
-21345
-15577
-9095
-2195
4807
11593
17850
23291
27666
30771
32464
32665
31362
28614
24546
19345
13249
6538
-477
-7473
-14125
-20126
-25196
-29098
-31650
-32732
-32292
-30349
-26991
-22374
-16712
-10266
-3339
3746
10659
17076
22694
27251
30530
32377
32702
31489
28793
24740
19519
13375
6597
-494
-7565
-14281
-20323
-25404
-29282
-31772
-32753
-32178
-30072
-26533
-21729
-15887
-9285
-2238
4919
11843
18204
23695
28052
31066
32589
32548
30942
27847
23411
17845
11416
4435
-2763
-9830
-16425
-22227
-26955
-30378
-32330
-32713
-31507
-28769
-24631
-19293
-13013
-6096
1120
8285
15047
21076
26077
29802
32068
32763
31850
29372
25451
20276
14101
7230
0
-7232
-14111
-20295
-25478
-29402
-31872
-32764
-32033
-29711
-25913
-20827
-14703
-7845
-595
6688
13640
19914
25196
29220
31785
32759
32093
29819
26047
20967
14832
7950
664
-6656
-13645
-19948
-25247
-29273
-31822
-32763
-32046
-29706
-25861
-20703
-14492
-7543
-209
7138
14125
20396
25629
29557
31977
32766
31880
29363
25342
20022
13674
6622
-771
-8129
-15071
-21240
-26318
-30042
-32219
-32734
-31559
-28754
-24461
-18901
-12360
-5177
2276
9615
16457
22447
27271
30678
32489
32608
31026
27825
23169
17302
10527
3199
-4298
-11573
-18244
-23960
-28419
-31387
-32705
-32302
-30198
-26501
-21406
-15179
-8148
-684
6817
13962
20369
25700
29668
32064
32757
31710
28975
24698
19103
12488
5205
-2358
-9798
-16717
-22745
-27557
-30894
-32577
-32513
-30703
-27244
-22319
-16192
-9191
-1693
5898
13175
19743
25247
29388
31941
32765
31816
29141
24884
19276
12618
5272
-2362
-9871
-16845
-22903
-27714
-31014
-32621
-32445
-30495
-26875
-21781
-15492
-8351
-749
6896
14165
20658
26016
29942
32220
32721
31417
28377
23767
17841
10926
3403
-4310
-11787
-18613
-24407
-28847
-31684
-32759
-32010
-29476
-25298
-19707
-13013
-5590
2148
9769
16845
22980
27828
31116
32659
32366
30254
26438
21133
14635
7310
-430
-8148
-15409
-21801
-26962
-30598
-32502
-32563
-30778
-27244
-22162
-15818
-8572
-836
6950
14343
20920
26305
30190
32350
32661
31103
27762
22829
16586
9388
1649
-6187
-13670
-20369
-25898
-29936
-32249
-32702
-31267
-28024
-23161
-16955
-9766
-2009
5867
13405
20168
25762
29860
32222
32709
31291
28049
23169
16936
9711
1916
-5992
-13553
-20323
-25904
-29968
-32275
-32687
-31179
-27837
-22855
-16527
-9222
-1372
6562
14111
20829
26318
30252
32397
32623
30916
27374
22206
15718
8294
373
-7571
-15067
-21669
-26980
-30683
-32556
-32483
-30469
-26631
-21197
-14492
-6916
1077
9009
16402
22811
27851
31216
32702
32218
29790
25564
19793
12824
5078
-2978
-10856
-18080
-24210
-28873
-31785
-32766
-31757
-28816
-24119
-17952
-10689
-2772
5316
13083
20053
25799
29968
32304
32662
31017
27469
22233
15630
8064
0
-8067
-15639
-22251
-27492
-31038
-32669
-32282
-29899
-25665
-19840
-12785
-4935
3223
11185
18454
24578
29176
31960
32754
31507
28295
23317
16881
9388
1306
-6859
-14599
-21426
-26913
-30713
-32587
-32415
-30206
-26096
-20343
-13307
-5431
2789
10837
18204
24423
29100
31937
32755
31498
28244
23199
16679
9099
938
-7285
-15047
-21854
-27271
-30951
-32659
-32282
-29844
-25497
-19519
-12290
-4271
4023
12062
19330
25359
29762
32252
32670
30984
27303
21861
15008
7184
-1105
-9326
-16947
-23474
-28484
-31650
-32766
-31757
-28687
-23753
-17274
-9670
-1435
6896
14781
21705
27215
30951
32666
32248
29720
25247
19119
11737
3583
-4807
-12886
-20121
-26035
-30239
-32455
-32534
-30469
-26395
-20578
-13400
-5336
3083
11302
18775
25007
29584
32200
32681
30992
27244
21684
14679
6695
-1736
-10055
-17706
-24178
-29038
-31959
-32744
-31340
-27837
-22468
-15592
-7668
771
9163
16942
23583
28641
31772
32764
31548
28203
22955
16155
8261
-193
-8637
-16499
-23246
-28419
-31667
-32766
-31641
-28366
-23161
-16378
-8479
0
8482
16388
23178
28387
31659
32766
31633
28334
23092
16267
8323
-193
-8699
-16610
-23382
-28547
-31748
-32764
-31521
-28105
-22748
-15818
-7793
771
9287
17161
23850
28887
31923
32744
31292
27666
22114
15023
6884
-1736
-10238
-18030
-24565
-29387
-32158
-32681
-30919
-26991
-21173
-13868
-5590
3083
11543
19194
25499
30012
32414
32534
30361
26047
19895
12336
3903
-4807
-13181
-20625
-26610
-30711
-32637
-32248
-29569
-24790
-18247
-10405
-1820
6896
15124
22277
27843
31423
32760
31757
28483
23169
16196
8060
-655
-9326
-17331
-24094
-29127
-32068
-32703
-30984
-27033
-21133
-13707
-5289
3511
12062
19743
25999
30374
32552
32371
29844
25150
18630
10754
2094
-6719
-15047
-22282
-27896
-31478
-32765
-31661
-28244
-22763
-15616
-7324
1506
10228
18204
24847
29668
32313
32585
30461
26096
19809
12062
3423
-5469
-13962
-21426
-27310
-31178
-32740
-31881
-28661
-23317
-16242
-7961
912
9721
17811
24578
29519
32265
32608
30520
26157
19840
12041
3339
-5613
-14150
-21629
-27492
-31296
-32755
-31758
-28377
-22863
-15630
-7219
1736
10564
18599
25234
29968
32443
32468
30041
25342
18725
10689
1842
-7147
-15598
-22868
-28404
-31785
-32751
-31227
-27327
-21345
-13736
-5078
3969
12717
20496
26712
30887
32702
32014
28875
23522
16364
7950
-1077
-10024
-18204
-24986
-29848
-32414
-32483
-30050
-25298
-18593
-10451
-1499
7571
16058
23305
28750
31969
32711
30916
26720
20449
12587
3744
-5391
-14111
-21734
-27666
-31442
-32766
-31533
-27837
-21964
-14372
-5653
3510
12401
20323
26654
30894
32710
31957
28692
23169
15822
7226
-1941
-10958
-19113
-25762
-30378
-32596
-32237
-29328
-24096
-16955
-8469
691
9799
18132
25028
29936
32465
32412
29778
24772
17791
9388
234
-8940
-17404
-24479
-29598
-32350
-32513
-30072
-25219
-18342
-9991
-836
8388
16942
24135
29387
32275
32563
30226
25451
18620
10283
1113
-8148
-16754
-24006
-29316
-32252
-32574
-30254
-25477
-18630
-10266
-1066
8222
16845
24098
29390
32286
32549
30156
25298
18372
9941
695
-8610
-17213
-24407
-29603
-32371
-32482
-29925
-24908
-17841
-9305
0
9307
17850
24924
29942
32491
32356
29546
24293
17028
8351
-1019
-10308
-18745
-25629
-30386
-32621
-32145
-28995
-23432
-15917
-7073
2362
11603
19879
26497
30903
32728
31816
28241
22301
14491
5464
-4023
-13175
-21224
-27492
-31451
-32766
-31324
-27244
-20868
-12732
-3519
5992
15001
22745
28568
31977
32682
30619
25962
19103
10622
1238
-8253
-17047
-24394
-29668
-32420
-32412
-29643
-24347
-16973
-8148
1373
10781
19269
26112
30723
32705
31886
28334
22351
14449
5304
-4298
-13534
-21608
-27826
-31650
-32749
-31026
-26627
-19930
-11510
-2094
7504
16457
23989
29446
32355
32460
29752
24461
17046
8148
-1459
-10942
-19477
-26318
-30870
-32732
-31742
-27983
-21780
-13674
-4371
5316
14541
22496
28484
31977
32669
30495
25645
18541
9807
209
-9410
-18204
-25397
-30356
-32640
-32046
-28625
-22675
-14721
-5464
4278
13645
21806
28038
31787
32719
30748
26047
19032
10324
695
-8997
-17892
-25196
-30256
-32621
-32077
-28669
-22701
-14703
-5389
4409
13816
21989
28193
31872
32694
30582
25725
18555
9715
0
-9718
-18563
-25739
-30598
-32699
-31850
-28126
-21861
-13619
-4144
5708
15047
23026
28920
32194
32549
29951
24631
17073
7961
-1876
-11547
-20168
-26955
-31287
-32766
-31257
-26894
-20073
-11416
-1713
8148
17267
24807
30076
32589
32113
28690
22632
14492
5018
-4919
-14407
-22570
-28657
-32104
-32591
-30072
-24775
-17189
-8012
1907
11653
20323
27113
31393
32763
31094
26539
19519
10683
852
-9060
-18132
-25519
-30530
-32697
-31816
-27965
-21503
-13031
-3339
6667
16052
23938
29584
32459
32292
29097
23169
15065
5543
-4501
-14125
-22423
-28612
-32108
-32578
-29977
-24546
-16798
-7461
2582
12385
21019
27666
31694
32721
30647
25665
18247
9095
-923
-10856
-19760
-26786
-31264
-32766
-31146
-26556
-19431
-10451
-470
9557
18675
26008
30855
32749
31507
27244
20368
11537
1595
-8501
-17784
-25359
-30497
-32702
-31758
-27754
-21074
-12360
-2451
7696
17103
24860
30215
32648
31922
28105
21563
12929
3039
-7147
-16643
-24525
-30025
-32607
-32016
-28309
-21844
-13249
-3359
6859
16412
24364
29939
32588
32050
28377
21924
13322
3413
-6833
-16412
-24382
-29960
-32596
-32028
-28309
-21804
-13150
-3199
7069
16643
24578
30089
32630
31946
28105
21482
12732
2719
-7565
-17103
-24947
-30318
-32680
-31797
-27754
-20951
-12062
-1970
8320
17784
25478
30633
32732
31565
27244
20200
11134
952
-9326
-18675
-26154
-31014
-32765
-31228
-26556
-19215
-9941
333
10578
19760
26955
31436
32749
30759
25665
17979
8475
-1887
-12062
-21019
-27851
-31864
-32650
-30126
-24546
-16475
-6728
3703
13762
22423
28806
32258
32427
29291
23169
14683
4696
-5772
-15653
-23938
-29777
-32571
-32033
-28214
-21503
-12587
-2378
8077
17706
25519
30711
32748
31416
26850
19519
10175
-219
-10594
-19879
-27113
-31549
-32726
-30520
-25157
-17189
-7439
3083
13289
22119
28657
32222
32441
29289
23092
14492
4381
-6187
-16114
-24364
-30076
-32652
-31820
-27666
-20619
-11416
-1017
9491
19008
26537
31287
32757
30792
25595
17709
7961
-2625
-12939
-21894
-28547
-32194
-32451
-29286
-23032
-14346
-4144
6498
16457
24678
30291
32699
31644
27238
19943
10531
0
-10533
-19951
-27251
-31656
-32694
-30254
-24592
-16309
-6286
4409
14637
23305
29487
32519
32077
28203
21312
12137
1660
-8997
-18692
-26385
-31248
-32757
-30748
-25434
-17383
-7461
3266
13645
22556
29038
32390
32248
28625
21909
12824
2351
-8378
-18204
-26061
-31098
-32765
-30880
-25645
-17625
-7689
3083
13524
22496
29023
32393
32235
28565
21780
12618
2077
-8692
-18516
-26318
-31245
-32755
-30681
-25247
-17046
-6975
3863
14280
23132
29446
32527
32033
28015
20915
11510
836
-9932
-19609
-27125
-31650
-32682
-30103
-24198
-15616
-5304
5596
15880
24407
30232
32705
31550
26894
19250
9465
-1373
-12062
-21411
-28379
-32188
-32412
-29022
-22395
-13267
-2656
8253
18244
26197
31222
32754
30619
25054
16679
6433
-4537
-15001
-23783
-29895
-32648
-31731
-27244
-19690
-9916
976
11762
21224
28293
32170
32415
28997
22301
13080
2378
-8595
-18599
-26497
-31393
-32729
-30352
-24528
-15917
-5494
5554
15974
24578
30386
32734
31352
26395
18425
8351
-2679
-13405
-22602
-29217
-32491
-32046
-27932
-20616
-10936
0
10939
20625
27944
32055
32482
29173
22507
13249
2462
-8610
-18692
-26622
-31481
-32707
-30156
-24119
-15293
-4696
6446
16845
25296
30817
32766
30916
25477
17079
6695
-4468
-15115
-24006
-30106
-32702
-31489
-26606
-18620
-8460
2689
13528
22788
29387
32552
31909
27532
19930
9991
-1120
-12103
-21669
-28693
-32350
-32208
-28280
-21025
-11295
-234
10856
20671
28052
32127
32412
28871
21921
12379
1372
-9799
-19815
-27487
-31906
-32545
-29328
-22632
-13249
-2291
8940
19113
27016
31708
32629
29666
23169
13911
2992
-8285
-18577
-26654
-31549
-32677
-29899
-23544
-14372
-3477
7836
18214
26411
31442
32702
30037
23764
14635
3744
-7598
-18030
-26293
-31393
-32711
-30086
-23833
-14703
-3796
7571
18026
26305
31405
32707
30050
23753
14577
3632
-7754
-18204
-26446
-31479
-32688
-29925
-23522
-14256
-3253
8148
18560
26712
31608
32650
29706
23135
13736
2656
-8751
-19090
-27095
-31785
-32581
-29385
-22585
-13013
-1842
9557
19786
27585
31994
32468
28947
21861
12081
809
-10564
-20637
-28166
-32219
-32293
-28377
-20951
-10932
440
11762
21629
28819
32437
32033
27653
19840
9561
-1907
-13142
-22745
-29519
-32621
-31661
-26755
-18514
-7961
3586
14689
23960
30239
32740
31148
25658
16955
6128
-5469
-16384
-25247
-30944
-32759
-30461
-24336
-15151
-4058
7546
18204
26572
31595
32638
29565
22763
13087
1756
-9798
-20118
-27896
-32148
-32332
-28424
-20915
-10754
771
12203
22088
29171
32552
31797
27001
18769
8148
-3511
-14727
-24069
-30346
-32754
-30984
-25260
-16309
-5272
6439
17331
26008
31359
32696
29845
23169
13521
2137
-9523
-19964
-27843
-32146
-32318
-28334
-20703
-10405
1234
12717
22564
29503
32637
31559
26407
17841
6968
-4807
-15965
-25058
-30909
-32757
-30361
-24028
-14577
-3233
8533
19194
27364
31977
32433
28669
21173
10917
-762
-12345
-22321
-29387
-32619
-31592
-26438
-17828
-6884
4961
16161
25247
31028
32744
30168
23635
13998
2522
-9287
-19879
-27860
-32179
-32265
-28105
-20242
-9711
2101
13640
23382
30040
32733
31103
25362
16267
5018
-6896
-17901
-26537
-31659
-32585
-29190
-21921
-11741
0
11743
21929
29201
32589
31641
26480
17791
6728
-5233
-16499
-25566
-31222
-32709
-29826
-22955
-13013
-1327
10537
20994
28641
32450
31909
27088
18630
7668
-4324
-15739
-25041
-30976
-32744
-30105
-23411
-13561
-1880
10055
20637
28436
32397
31982
27244
18822
7852
-4182
-15653
-25007
-30974
-32743
-30072
-23319
-13400
-1660
10308
20879
28612
32455
31881
26966
18377
7282
-4807
-16245
-25468
-31216
-32702
-29720
-22675
-12528
-664
11292
21705
29147
32596
31576
26225
17274
5950
-6193
-17489
-26383
-31650
-32564
-28995
-21433
-10917
1105
12978
23064
29968
32737
30984
24950
15465
3839
-8320
-19330
-27666
-32170
-32217
-27796
-19519
-8531
3643
15314
24860
30951
32739
29972
23032
12884
938
-11141
-21669
-29176
-32613
-31498
-25982
-16835
-5332
6918
18204
26944
31912
32410
28366
20343
9465
-2743
-14569
-24351
-30713
-32759
-30198
-23387
-13283
-1306
10856
21492
29100
32604
31507
25962
16748
5166
-7147
-18454
-27152
-32008
-32332
-28076
-19840
-8789
3510
15314
24947
31038
32720
29752
22551
12140
0
-12143
-22559
-29762
-32723
-31017
-24884
-15198
-3339
8998
20053
28242
32393
31908
26854
17952
6476
-5930
-17489
-26541
-31785
-32465
-28481
-20402
-9388
2978
14918
24714
30951
32730
29790
22554
12062
-172
-12385
-22811
-29942
-32746
-30813
-24421
-14492
-2462
9926
20879
28806
32556
31581
26021
16679
4912
-7571
-18956
-27585
-32200
-32127
-27374
-18630
-7167
5342
17076
26318
31719
32485
28504
20353
9222
-3259
-15267
-25041
-31147
-32687
-29434
-21861
-11077
1334
13553
23783
30517
32764
30189
23169
12736
423
-11953
-22570
-29860
-32743
-30792
-24293
-14202
-2009
10483
21426
29201
32652
31267
25247
15482
3419
-9153
-20369
-28563
-32514
-31633
-26047
-16586
-4654
7973
19415
27967
32350
31910
26709
17520
5712
-6950
-18577
-27428
-32179
-32116
-27244
-18292
-6597
6088
17864
26962
32015
32263
27666
18910
7310
-5391
-17284
-26579
-31872
-32366
-27983
-19380
-7852
4862
16845
26287
31760
32433
28203
19707
8226
-4501
-16550
-26094
-31684
-32472
-28334
-19895
-8434
4310
16402
26003
31651
32486
28377
19946
8475
-4288
-16402
-26016
-31662
-32478
-28334
-19861
-8351
4437
16550
26133
31717
32445
28203
19638
8060
-4756
-16845
-26351
-31812
-32386
-27983
-19276
-7602
5243
17284
26666
31941
32293
27666
18769
6975
-5898
-17864
-27071
-32095
-32157
-27244
-18113
-6176
6719
18577
27557
32265
31968
26709
17302
5205
-7702
-19415
-28111
-32434
-31710
-26047
-16326
-4058
8843
20369
28719
32588
31368
25247
15179
2736
-10137
-21426
-29364
-32705
-30922
-24293
-13853
-1238
11573
22570
30025
32764
30353
23169
12339
-434
-13142
-23783
-30678
-32739
-29638
-21861
-10632
2276
14829
25041
31296
32604
28754
20353
8727
-4282
-16616
-26318
-31849
-32328
-27676
-18630
-6622
6439
18480
27585
32302
31880
26381
16679
4318
-8734
-20396
-28806
-32620
-31227
-24845
-14492
-1820
11144
22329
29942
32763
30335
23047
12062
-859
-13645
-24243
-30951
-32688
-29173
-20967
-9388
3703
16202
26094
31785
32354
27709
18593
6476
-6688
-18775
-27832
-32393
-31718
-25913
-15915
-3339
9779
21317
29402
32723
30737
23764
12933
0
-12935
-23772
-30745
-32720
-29372
-21243
-9654
3510
16105
26077
31798
32332
27590
18342
6096
-7147
-19226
-28162
-32493
-31507
-25362
-15061
-2291
10856
22227
29953
32765
30198
22670
11416
-1716
-14569
-25028
-31370
-32548
-28366
-19509
-7435
5867
18204
27539
32330
31782
25982
15887
3163
-10086
-21669
-29667
-32753
-30413
-23032
-11831
1334
14281
24860
31312
32563
28403
19519
7387
-5976
-18347
-27666
-32377
-31693
-25725
-15465
-2622
10659
22164
29968
32766
30086
22374
10917
-2369
-15261
-25599
-31650
-32396
-27709
-18372
-5950
7473
19643
28516
32596
31195
24546
13765
664
-12550
-23653
-30771
-32702
-29116
-20616
-8634
4807
17440
27128
32230
31881
26137
15968
3092
-10308
-21966
-29901
-32766
-30072
-22272
-10689
2711
15653
25937
31812
32275
27244
17574
4908
-8595
-20637
-29162
-32712
-30681
-23411
-12140
1206
14349
25041
31451
32480
27948
18630
6117
-7445
-19735
-28641
-32634
-31026
-24089
-13013
301
13567
24501
31222
32570
28309
19172
6728
-6876
-19298
-28393
-32589
-31159
-24347
-13326
0
13328
24354
31166
32585
28360
19220
6748
-6896
-19347
-28443
-32604
-31103
-24198
-13087
301
13640
24608
31294
32533
28105
18778
6176
-7504
-19879
-28786
-32669
-30847
-23635
-12290
1206
14493
25247
31583
32389
27520
17828
5008
-8692
-20870
-29387
-32745
-30352
-22624
-10917
2711
15865
26229
31977
32094
26556
16335
3233
-10442
-22277
-30182
-32757
-29546
-21112
-8944
4807
17712
27483
32390
31559
25136
14256
845
-12717
-24026
-31070
-32598
-28334
-19032
-6345
7473
19964
28903
32697
30666
23169
11540
-2148
-15456
-26008
-31918
-32127
-26596
-16309
-3103
10659
22517
30346
32741
29270
20553
8148
-5719
-18563
-28078
-32552
-31179
-24202
-12874
771
14281
25223
31625
32332
27214
17189
4062
-9798
-21894
-30040
-32762
-29565
-21025
-8682
5233
18204
27882
32514
31257
24336
13002
-691
-14262
-25247
-31650
-32307
-27094
-16955
-3732
10171
22227
30239
32747
29289
20494
7961
-6025
-18915
-28356
-32621
-30929
-23586
-11931
1907
15400
26077
31982
32033
26215
15592
2109
-11762
-23479
-30889
-32629
-28377
-18910
-5966
8077
20637
29402
32756
30080
21861
9613
-4409
-17621
-27585
-32459
-31342
-24435
-13013
816
14497
25499
31785
32188
26631
16140
2656
-11322
-23203
-30782
-32650
-28456
-18976
-5969
8148
20755
29503
32763
29925
21514
9095
-5021
-18204
-27995
-32564
-31058
-23753
-12011
1977
15598
26305
32095
31880
25698
14703
952
-12978
-24480
-31393
-32418
-27360
-17165
-3744
10381
22559
30497
32702
28754
19394
6380
-7836
-20580
-29446
-32762
-29899
-21393
-8847
5370
18577
28275
32630
30814
23169
11138
-3003
-16579
-27016
-32334
-31523
-24733
-13249
751
14612
25700
31906
32048
26096
15179
1372
-12698
-24354
-31371
-32412
-27273
-16932
-3359
10856
23003
30758
32638
28280
18514
5205
-9101
-21669
-30089
-32747
-29131
-19930
-6905
7445
20371
29387
32762
29844
21189
8460
-5898
-19125
-28673
-32702
-30433
-22301
-9868
4468
17946
27963
32585
30916
23274
11134
-3159
-16845
-27275
-32428
-31305
-24119
-12260
1977
15833
26622
32247
31615
24845
13249
-923
-14918
-26016
-32055
-31858
-25461
-14105
0
14107
25468
31864
32046
25975
14832
792
-13405
-24986
-31684
-32188
-26395
-15435
-1452
12817
24578
31525
32292
26727
15917
1981
-12345
-24250
-31393
-32366
-26976
-16280
-2378
11993
24006
31293
32415
27148
16527
2644
-11762
-23850
-31230
-32442
-27244
-16660
-2779
11653
23783
31206
32451
27267
16679
2783
-11667
-23806
-31222
-32441
-27217
-16586
-2656
11803
23919
31277
32412
27094
16378
2398
-12062
-24120
-31370
-32361
-26894
-16056
-2009
12441
24407
31496
32285
26615
15616
1488
-12939
-24777
-31650
-32178
-26251
-15055
-836
13553
25223
31826
32033
25797
14372
52
-14280
-25739
-32015
-31841
-25247
-13561
863
15115
26318
32208
31592
24592
12618
-1908
-16052
-26950
-32393
-31276
-23823
-11540
3083
17085
27622
32556
30880
22932
10324
-4384
-18204
-28323
-32682
-30389
-21909
-8965
5807
19399
29038
32755
29790
20744
7461
-7347
-20658
-29748
-32757
-29067
-19428
-5811
8997
21966
30436
32669
28203
17952
4016
-10746
-23305
-31079
-32468
-27184
-16309
-2077
12583
24657
31656
32135
25992
14491
0
-14493
-25999
-32139
-31644
-24613
-12494
2208
16457
27304
32503
30975
23032
10317
-4537
-18454
-28547
-32719
-30103
-21238
-7961
6971
20458
29694
32757
29007
19220
5431
-9491
-22439
-30713
-32587
-27666
-16973
-2736
12073
24364
31568
32177
26060
14492
-108
-14689
-26197
-32222
-31498
-24174
-11781
3083
17304
27896
32634
30520
21996
8847
-6162
-19879
-29416
-32766
-29219
-19519
-5706
9311
22368
30711
32578
27570
16743
2378
-12491
-24723
-31732
-32033
-25558
-13674
1105
15653
26888
32428
31095
23169
10328
-4707
-18745
-28806
-32750
-29736
-20402
-6728
8378
21705
30414
32650
27932
17262
2911
-12062
-24465
-31651
-32083
-25665
-13765
1077
15692
26955
32455
31012
22932
9941
-5180
-19194
-29098
-32765
-29406
-19738
-5832
9326
22486
30817
32526
27244
16102
1495
-13436
-25478
-32035
-31693
-24521
-12062
2999
17416
28078
32680
30226
21243
7668
-7565
-21167
-30192
-32685
-28105
-17438
-2992
12103
24578
31727
31995
25321
13150
-1876
-16499
-27539
-32596
-30567
-21889
-8448
6833
20630
29936
32722
28377
17845
3419
-11753
-24364
-31659
-32040
-25423
-13249
1823
16499
27568
32607
30508
21729
8189
-7147
-20920
-30108
-32693
-28105
-17347
-2779
12401
24860
31856
31850
24838
12360
-2839
-17416
-28160
-32702
-30037
-20749
-6884
8501
22013
30668
32552
27244
15915
1066
-14020
-26008
-32243
-31342
-23500
-10451
4915
19194
29220
32766
29042
18871
4509
-10856
-23813
-31479
-32147
-25665
-13473
1720
16533
27666
32637
30335
21271
7461
-8015
-21705
-30552
-32578
-27327
-15968
-1038
14125
26133
32294
31228
23169
9920
-5554
-19786
-29584
-32748
-28565
-17970
-3339
12043
24723
31849
31816
24627
11897
-3511
-18132
-28673
-32755
-29458
-19519
-5177
10334
23516
31393
32182
25702
13414
-1907
-16800
-27896
-32682
-30072
-20653
-6555
9029
22570
30997
32395
26445
14492
-751
-15827
-27310
-32589
-30461
-21406
-7481
8148
21926
30713
32507
26894
15151
-48
-15238
-26955
-32522
-30664
-21804
-7961
7702
21608
30575
32549
27076
15403
202
-15047
-26852
-32503
-30703
-21861
-8002
7696
21629
30598
32538
27001
15255
0
-15257
-27007
-32541
-30582
-21579
-7602
8129
21989
30779
32468
26664
14703
-655
-15865
-27411
-32621
-30288
-20948
-6758
8997
22672
31098
32318
26047
13736
-1763
-16855
-28038
-32713
-29790
-19946
-5464
10289
23653
31516
32046
25116
12336
-3319
-18204
-28847
-32766
-29042
-18541
-3711
11987
24889
31977
31593
23823
10480
-5316
-19871
-29777
-32711
-27983
-16697
-1495
14059
26318
32404
30885
22114
8148
-7733
-21801
-30745
-32460
-26539
-14372
1180
16457
27860
32699
29832
19930
5325
-10537
-23916
-31650
-31910
-24631
-11530
4298
19113
29409
32747
28334
17210
2009
-13670
-26112
-32365
-30942
-22178
-8148
7817
21929
30833
32412
26285
13907
-1780
-17047
-28259
-32743
-29429
-19103
-4222
11667
24777
31977
31548
23586
9991
-5992
-20546
-30192
-32619
-27244
-15350
219
15739
27492
32660
30001
20149
5464
-10533
-24006
-31719
-31816
-24270
-10892
5106
19879
29873
32681
27625
15917
373
-15261
-27221
-32621
-30156
-20416
-5748
10308
23879
31684
31836
24293
10875
-5173
-19973
-29942
-32665
-27477
-15633
0
15636
27483
32666
29925
19920
5078
-10999
-24407
-31886
-31615
-23656
-9941
6193
20824
30386
32549
26782
14487
-1341
-16845
-28242
-32749
-29262
-18630
-3445
12583
25539
32252
31078
22301
8064
-8148
-22368
-31111
-32231
-25451
-12429
3643
18824
29387
32737
28047
16465
836
-15001
-27152
-32625
-30072
-20115
-5205
10989
24479
31937
31523
23335
9388
-6876
-21447
-30723
-32412
-26092
-13322
2743
18132
29038
32759
28371
16955
1338
-14612
-26944
-32596
-30164
-20247
-5304
10958
24501
31960
31477
23169
9099
-7236
-21774
-30894
-32323
-25702
-12676
3510
18824
29446
32724
27837
16000
166
-15711
-27666
-32707
-29572
-19041
-3744
12491
25602
32304
30916
21780
7184
-9215
-23305
-31551
-31880
-24205
-10451
5930
20824
30486
32483
26311
13518
-2679
-18204
-29147
-32749
-28098
-16364
-502
15488
27574
32702
29574
18976
3583
-12717
-25806
-32371
-30748
-21345
-6538
9926
23879
31785
31636
23467
9346
-7147
-21830
-30974
-32254
-25342
-11991
4409
19692
29968
32623
26976
14462
-1736
-17495
-28798
-32764
-28377
-16752
-852
15267
27492
32699
29554
18857
3339
-13034
-26077
-32450
-30520
-20777
-5712
10817
24578
32042
31291
22515
7961
-8637
-23021
-31496
-31881
-24075
-10079
6509
21426
30833
32307
25463
12062
-4448
-19815
-30076
-32585
-26689
-13907
2465
18204
29244
32732
27762
15616
-569
-16610
-28356
-32765
-28692
-17189
-1231
15047
27428
32699
29490
18630
2932
-13528
-26478
-32552
-30168
-19943
-4530
12062
25519
32337
30737
21133
6022
-10659
-24565
-32068
-31208
-22206
-7407
9326
23628
31760
31593
23169
8686
-8070
-22719
-31423
-31903
-24028
-9858
6896
21846
31070
32147
24790
10926
-5807
-21019
-30711
-32336
-25461
-11891
4807
20244
30356
32478
26047
12755
-3899
-19528
-30012
-32581
-26556
-13521
3083
18877
29687
32654
26991
14192
-2362
-18294
-29387
-32703
-27360
-14769
1736
17784
29119
32734
27666
15255
-1206
-17349
-28887
-32752
-27913
-15652
771
16993
28695
32761
28105
15962
-434
-16717
-28547
-32765
-28244
-16186
193
16523
28443
32766
28334
16326
-48
-16412
-28387
-32766
-28374
-16382
0
0
0
0
0
0
0
0
0
0
0
0
0
0
0
0
0
0
0
0
0
0
0
0
0
0
0
0
0
0
0
0
0
0
0
0
0
0
0
0
0
0
0
0
0
0
0
0
0
0
0
0
0
0
0
0
0
0
0
0
0
0
0
0
0
0
0
0
0
0
0
0
0
0
0
0
0
0
0
0
0
0
0
0
0
0
0
0
0
0
0
0
0
0
0
0
0
0
0
0
0
0
0
0
0
0
0
0
0
0
0
0
0
0
0
0
0
0
0
0
0
0
0
0
0
0
0
0
0
0
0
0
0
0
0
0
0
0
0
0
0
0
0
0
0
0
0
0
0
0
0
0
0
0
0
0
0
0
0
0
0
0
0
0
0
0
0
0
0
0
0
0
0
0
0
0
0
0
0
0
0
0
0
0
0
0
0
0
0
0
0
0
0
0
0
0
0
0
0
0
0
0
0
0
0
0
0
0
0
0
0
0
0
0
0
0
0
0
0
0
0
0
0
0
0
0
0
0
0
0
0
0
0
0
0
0
0
0
0
0
0
0
0
0
0
0
0
0
0
0
0
0
0
0
0
0
0
0
0
0
0
0
0
0
0
0
0
0
0
0
0
0
0
0
0
0
0
0
0
0
0
0
0
0
0
0
0
0
0
0
0
0
0
0
0
0
0
0
0
0
0
0
0
0
0
0
0
0
0
0
0
0
0
0
0
0
0
0
0
0
0
0
0
0
0
0
0
0
0
0
0
0
0
0
0
0
0
0
0
0
0
0
0
0
0
0
0
0
0
0
0
0
0
0
0
0
0
0
0
0
0
0
0
0
0
0
0
0
0
0
0
0
0
0
0
0
0
0
0
0
0
0
0
0
0
0
0
0
0
0
0
0
0
0
0
0
0
0
0
0
0
0
0
0
0
0
0
0
0
0
0
0
0
0
0
0
0
0
0
0
0
0
0
0
0
0
0
0
0
0
0
0
0
0
0
0
0
0
0
0
0
0
0
0
0
0
0
0
0
0
0
0
0
0
0
0
0
0
0
0
0
0
0
0
0
0
0
0
0
0
0
0
0
0
0
0
0
0
0
0
0
0
0
0
0
0
0
0
0
0
0
0
0
0
0
0
0
0
0
0
0
0
0
0
0
0
0
0
0
0
0
0
0
0
0
0
0
0
0
0
0
0
0
0
0
0
0
0
0
0
0
0
0
0
0
0
0
0
0
0
0
0
0
0
0
0
0
0
0
0
0
0
0
0
0
0
0
0
0
0
0
0
0
0
0
0
0
0
0
0
0
0
0
0
0
0
0
0
0
0
0
0
0
0
0
0
0
0
0
0
0
0
0
0
0
0
0
0
0
0
0
0
0
0
0
0
0
0
0
0
0
0
0
0
0
0
0
0
0
0
0
0
0
0
0
0
0
0
0
0
0
0
0
0
0
0
0
0
0
0
0
0
0
0
0
0
0
0
0
0
0
0
0
0
0
0
0
0
0
0
0
0
0
0
0
0
0
0
0
0
0
0
0
0
0
0
0
0
0
0
0
0
0
0
0
0
0
0
0
0
0
0
0
0
0
0
0
0
0
0
0
0
0
0
0
0
0
0
0
0
0
0
0
0
0
0
0
0
0
0
0
0
0
0
0
0
0
0
0
0
0
0
0
0
0
0
0
0
0
0
0
0
0
0
0
0
0
0
0
0
0
0
0
0
0
0
0
0
0
0
0
0
0
0
0
0
0
0
0
0
0
0
0
0
0
0
0
0
0
0
0
0
0
0
0
0
0
0
0
0
0
0
0
0
0
0
0
0
0
0
0
0
0
0
0
0
0
0
0
0
0
0
0
0
0
0
0
0
0
0
0
0
0
0
0
0
0
0
0
0
0
0
0
0
0
0
0
0
0
0
0
0
0
0
0
0
0
0
0
0
0
0
0
0
0
0
0
0
0
0
0
0
0
0
0
0
0
0
0
0
0
0
0
0
0
0
0
0
0
0
0
0
0
0
0
0
0
0
0
0
0
0
0
0
0
0
0
0
0
0
0
0
0
0
0
0
0
0
0
0
0
0
0
0
0
0
0
0
0
0
0
0
0
0
0
0
0
0
0
0
0
0
0
0
0
0
0
0
0
0
0
0
0
0
0
0
0
0
0
0
0
0
0
0
0
0
0
0
0
0
14563
14156
12962
11051
8536
5568
2320
-1017
-4252
-7203
-9704
-11624
-12865
-13375
-13145
-12208
-10640
-8551
-6076
-3369
-589
2105
4569
6681
8342
9487
10085
10137
9678
8765
7481
5921
4188
2384
608
-1055
-2535
-3781
-4758
-5454
-5870
-6024
-5943
-5663
-5221
-4654
-3997
-3280
-2525
-1750
-967
-185
589
1351
2091
2798
3455
4042
4535
4905
5126
5172
5021
4660
4085
3306
2342
1228
11
-1254
-2505
-3674
-4697
-5513
-6071
-6336
-6284
-5915
-5244
-4306
-3153
-1848
-466
913
2214
3363
4299
4974
5358
5439
5227
4749
4047
3177
2203
1193
214
-673
-1421
-1991
-2363
-2534
-2515
-2334
-2028
-1644
-1233
-844
-522
-302
-207
-247
-415
-692
-1042
-1423
-1784
-2072
-2237
-2237
-2041
-1630
-1007
-189
787
1869
2991
4077
5049
5827
6341
6532
6360
5803
4865
3575
1986
172
-1773
-3744
-5625
-7303
-8669
-9630
-10109
-10059
-9460
-8321
-6688
-4633
-2256
318
2953
5504
7824
9779
11251
12146
12401
11989
10922
9246
7047
4439
1564
-1419
-4345
-7048
-9373
-11187
-12383
-12892
-12682
-11765
-10195
-8062
-5493
-2638
332
3244
5926
8221
9996
11152
11626
11399
10497
8986
6972
4588
1992
-647
-3160
-5388
-7195
-8471
-9145
-9189
-8615
-7478
-5870
-3914
-1756
446
2538
4370
5818
6782
7204
7062
6377
5209
3652
1830
-116
-2037
-3788
-5235
-6269
-6812
-6822
-6300
-5283
-3848
-2099
-168
1802
3667
5288
6545
7345
7630
7377
6605
5369
3758
1888
-107
-2087
-3914
-5461
-6624
-7329
-7535
-7238
-6471
-5301
-3820
-2143
-394
1300
2821
4069
4965
5462
5545
5231
4567
3627
2503
1297
115
-945
-1800
-2387
-2669
-2638
-2314
-1745
-1000
-162
676
1423
1995
2326
2370
2108
1550
732
-281
-1411
-2559
-3623
-4505
-5117
-5388
-5274
-4758
-3855
-2610
-1096
592
2343
4039
5560
6799
7664
8089
8035
7498
6503
5109
3398
1475
-542
-2534
-4381
-5975
-7226
-8069
-8464
-8402
-7900
-7001
-5772
-4293
-2655
-956
713
2269
3640
4772
5627
6187
6453
6438
6169
5683
5019
4218
3323
2368
1385
401
-563
-1491
-2367
-3177
-3906
-4536
-5048
-5418
-5623
-5640
-5447
-5031
-4384
-3514
-2438
-1190
181
1616
3042
4381
5551
6475
7088
7334
7184
6627
5682
4391
2823
1069
-766
-2569
-4222
-5616
-6657
-7273
-7419
-7084
-6288
-5086
-3561
-1819
14
1811
3441
4788
5756
6276
6313
5869
4980
3719
2184
497
-1210
-2805
-4161
-5172
-5758
-5872
-5503
-4678
-3462
-1947
-251
1494
3153
4595
5707
6401
6620
6345
5593
4418
2908
1172
-659
-2455
-4082
-5424
-6387
-6906
-6951
-6527
-5674
-4464
-2993
-1374
271
1826
3182
4251
4971
5311
5270
4878
4191
3288
2259
1201
207
-642
-1285
-1683
-1822
-1718
-1411
-959
-437
73
495
759
812
626
197
-450
-1266
-2178
-3096
-3923
-4563
-4927
-4947
-4577
-3805
-2650
-1166
561
2421
4287
6020
7485
8561
9148
9178
8623
7492
5840
3759
1373
-1166
-3695
-6048
-8067
-9616
-10590
-10922
-10590
-9616
-8067
-6048
-3695
-1166
1373
3759
5840
7492
8623
9178
9148
8561
7485
6020
4287
2421
561
-1166
-2650
-3805
-4577
-4947
-4927
-4563
-3923
-3096
-2178
-1266
-450
197
626
812
759
495
73
-437
-959
-1411
-1718
-1822
-1683
-1285
-642
207
1201
2259
3288
4191
4878
5270
5311
4971
4251
3182
1826
271
-1374
-2993
-4464
-5674
-6527
-6951
-6906
-6387
-5424
-4082
-2455
-659
1172
2908
4418
5593
6345
6620
6401
5707
4595
3153
1494
-251
-1947
-3462
-4678
-5503
-5872
-5758
-5172
-4161
-2805
-1210
497
2184
3719
4980
5869
6313
6276
5756
4788
3441
1811
14
-1819
-3561
-5086
-6288
-7084
-7419
-7273
-6657
-5616
-4222
-2569
-766
1069
2823
4391
5682
6627
7184
7334
7088
6475
5551
4381
3042
1616
181
-1190
-2438
-3514
-4384
-5031
-5447
-5640
-5623
-5418
-5048
-4536
-3906
-3177
-2367
-1491
-563
401
1385
2368
3323
4218
5019
5683
6169
6438
6453
6187
5627
4772
3640
2269
713
-956
-2655
-4293
-5772
-7001
-7900
-8402
-8464
-8069
-7226
-5975
-4381
-2534
-542
1475
3398
5109
6503
7498
8035
8089
7664
6799
5560
4039
2343
592
-1096
-2610
-3855
-4758
-5274
-5388
-5117
-4505
-3623
-2559
-1411
-281
732
1550
2108
2370
2326
1995
1423
676
-162
-1000
-1745
-2314
-2638
-2669
-2387
-1800
-945
115
1297
2503
3627
4567
5231
5545
5462
4965
4069
2821
1300
-394
-2143
-3820
-5301
-6471
-7238
-7535
-7329
-6624
-5461
-3914
-2087
-107
1888
3758
5369
6605
7377
7630
7345
6545
5288
3667
1802
-168
-2099
-3848
-5283
-6300
-6822
-6812
-6269
-5235
-3788
-2037
-116
1830
3652
5209
6377
7062
7204
6782
5818
4370
2538
446
-1756
-3914
-5870
-7478
-8615
-9189
-9145
-8471
-7195
-5388
-3160
-647
1992
4588
6972
8986
10497
11399
11626
11152
9996
8221
5926
3244
332
-2638
-5493
-8062
-10195
-11765
-12682
-12892
-12383
-11187
-9373
-7048
-4345
-1419
1564
4439
7047
9246
10922
11989
12401
12146
11251
9779
7824
5504
2953
318
-2256
-4633
-6688
-8321
-9460
-10059
-10109
-9630
-8669
-7303
-5625
-3744
-1773
172
1986
3575
4865
5803
6360
6532
6341
5827
5049
4077
2991
1869
787
-189
-1007
-1630
-2041
-2237
-2237
-2072
-1784
-1423
-1042
-692
-415
-247
-207
-302
-522
-844
-1233
-1644
-2028
-2334
-2515
-2534
-2363
-1991
-1421
-673
214
1193
2203
3177
4047
4749
5227
5439
5358
4974
4299
3363
2214
913
-466
-1848
-3153
-4306
-5244
-5915
-6284
-6336
-6071
-5513
-4697
-3674
-2505
-1254
11
1228
2342
3306
4085
4660
5021
5172
5126
4905
4535
4042
3455
2798
2091
1351
589
-185
-967
-1750
-2525
-3280
-3997
-4654
-5221
-5663
-5943
-6024
-5870
-5454
-4758
-3781
-2535
-1055
608
2384
4188
5921
7481
8765
9678
10137
10085
9487
8342
6681
4569
2105
-589
-3369
-6076
-8551
-10640
-12208
-13145
-13375
-12865
-11624
-9704
-7203
-4252
-1017
2320
5568
8536
11051
12962
14156
0
0
0
0
0
0
0
0
0
0
0
0
0
0
0
0
0
0
0
0
0
0
0
0
0
0
0
0
0
0
0
0
0
0
0
0
0
0
0
0
0
0
0
0
0
0
0
0
0
0
0
0
0
0
0
0
0
0
0
0
0
0
0
0
0
0
0
-10922
-10613
-9704
-8251
-6341
-4087
-1623
905
3352
5578
7458
8891
9804
10157
9945
9193
7959
6327
4401
2297
138
-1955
-3873
-5518
-6815
-7711
-8177
-8209
-7828
-7075
-6006
-4691
-3208
-1636
-55
1461
2849
4053
5031
5753
6200
6367
6258
5888
5278
4459
3465
2335
1115
-149
-1409
-2616
-3718
-4670
-5425
-5946
-6202
-6171
-5845
-5227
-4337
-3208
-1890
-443
1060
2543
3922
5119
6060
6686
6953
6836
6332
5465
4279
2838
1227
-460
-2122
-3658
-4973
-5987
-6638
-6888
-6725
-6165
-5248
-4040
-2624
-1095
444
1895
3165
4178
4879
5237
5246
4926
4320
3491
2517
1479
463
-454
-1211
-1759
-2076
-2159
-2029
-1727
-1310
-842
-393
-28
197
244
96
-243
-749
-1370
-2041
-2684
-3218
-3562
-3648
-3426
-2870
-1982
-792
636
2218
3844
5394
6743
7771
8376
8477
8030
7024
5491
3502
1164
-1384
-3985
-6469
-8667
-10423
-11609
-12126
-11922
-10989
-9369
-7149
-4459
-1460
1662
4716
7510
9870
11651
12742
13082
12656
11498
9692
7358
4651
1744
-1179
-3941
-6380
-8359
-9778
-10576
-10736
-10281
-9275
-7815
-6018
-4020
-1958
34
1842
3370
4552
5351
5763
5810
5541
5020
4326
3537
2730
1972
1312
783
396
144
2
-66
-105
-160
-273
-475
-784
-1202
-1714
-2288
-2878
-3431
-3888
-4192
-4293
-4156
-3761
-3110
-2227
-1155
44
1296
2517
3622
4535
5187
5532
5542
5217
4581
3681
2587
1379
148
-1013
-2023
-2811
-3328
-3546
-3467
-3117
-2545
-1820
-1024
-246
430
931
1199
1201
929
406
-319
-1175
-2070
-2906
-3580
-3999
-4087
-3791
-3091
-2000
-567
1123
2963
4820
6549
8008
9062
9600
9542
8847
7520
5608
3208
452
-2493
-5443
-8204
-10588
-12424
-13574
-13943
-13482
-12199
-10155
-7462
-4277
-792
2780
6221
9316
11874
13736
14789
14974
14285
12773
10542
7738
4545
1163
-2193
-5322
-8039
-10190
-11663
-12395
-12372
-11627
-10243
-8337
-6058
-3571
-1044
1357
3488
5231
6501
7251
7475
7204
6502
5461
4188
2803
1421
150
-919
-1723
-2224
-2412
-2306
-1952
-1414
-769
-101
507
984
1273
1335
1156
747
138
-616
-1450
-2286
-3045
-3653
-4043
-4169
-4002
-3537
-2793
-1809
-647
618
1904
3121
4185
5023
5574
5799
5682
5226
4463
3441
2227
901
-453
-1749
-2907
-3858
-4549
-4945
-5033
-4819
-4332
-3616
-2731
-1744
-726
250
1123
1839
2357
2656
2730
2592
2269
1802
1242
645
67
-438
-827
-1065
-1132
-1022
-748
-332
184
757
1332
1853
2267
2528
2599
2458
2098
1526
770
-130
-1122
-2141
-3120
-3988
-4680
-5138
-5317
-5187
-4739
-3982
-2944
-1674
-238
1286
2813
4250
5509
6510
7183
7476
7361
6830
5900
4614
3037
1252
-642
-2539
-4329
-5907
-7176
-8057
-8494
-8454
-7933
-6957
-5577
-3871
-1937
110
2153
4068
5740
7069
7973
8397
8316
7736
6692
5251
3502
1556
-464
-2433
-4225
-5728
-6848
-7516
-7690
-7362
-6558
-5331
-3764
-1961
-43
1863
3632
5146
6305
7033
7281
7033
6305
5146
3632
1863
-43
-1961
-3764
-5331
-6558
-7362
-7690
-7516
-6848
-5728
-4225
-2433
-464
1556
3502
5251
6692
7736
8316
8397
7973
7069
5740
4068
2153
110
-1937
-3871
-5577
-6957
-7933
-8454
-8494
-8057
-7176
-5907
-4329
-2539
-642
1252
3037
4614
5900
6830
7361
7476
7183
6510
5509
4250
2813
1286
-238
-1674
-2944
-3982
-4739
-5187
-5317
-5138
-4680
-3988
-3120
-2141
-1122
-130
770
1526
2098
2458
2599
2528
2267
1853
1332
757
184
-332
-748
-1022
-1132
-1065
-827
-438
67
645
1242
1802
2269
2592
2730
2656
2357
1839
1123
250
-726
-1744
-2731
-3616
-4332
-4819
-5033
-4945
-4549
-3858
-2907
-1749
-453
901
2227
3441
4463
5226
5682
5799
5574
5023
4185
3121
1904
618
-647
-1809
-2793
-3537
-4002
-4169
-4043
-3653
-3045
-2286
-1450
-616
138
747
1156
1335
1273
984
507
-101
-769
-1414
-1952
-2306
-2412
-2224
-1723
-919
150
1421
2803
4188
5461
6502
7204
7475
7251
6501
5231
3488
1357
-1044
-3571
-6058
-8337
-10243
-11627
-12372
-12395
-11663
-10190
-8039
-5322
-2193
1163
4545
7738
10542
12773
14285
14974
14789
13736
11874
9316
6221
2780
-792
-4277
-7462
-10155
-12199
-13482
-13943
-13574
-12424
-10588
-8204
-5443
-2493
452
3208
5608
7520
8847
9542
9600
9062
8008
6549
4820
2963
1123
-567
-2000
-3091
-3791
-4087
-3999
-3580
-2906
-2070
-1175
-319
406
929
1201
1199
931
430
-246
-1024
-1820
-2545
-3117
-3467
-3546
-3328
-2811
-2023
-1013
148
1379
2587
3681
4581
5217
5542
5532
5187
4535
3622
2517
1296
44
-1155
-2227
-3110
-3761
-4156
-4293
-4192
-3888
-3431
-2878
-2288
-1714
-1202
-784
-475
-273
-160
-105
-66
2
144
396
783
1312
1972
2730
3537
4326
5020
5541
5810
5763
5351
4552
3370
1842
34
-1958
-4020
-6018
-7815
-9275
-10281
-10736
-10576
-9778
-8359
-6380
-3941
-1179
1744
4651
7358
9692
11498
12656
13082
12742
11651
9870
7510
4716
1662
-1460
-4459
-7149
-9369
-10989
-11922
-12126
-11609
-10423
-8667
-6469
-3985
-1384
1164
3502
5491
7024
8030
8477
8376
7771
6743
5394
3844
2218
636
-792
-1982
-2870
-3426
-3648
-3562
-3218
-2684
-2041
-1370
-749
-243
96
244
197
-28
-393
-842
-1310
-1727
-2029
-2159
-2076
-1759
-1211
-454
463
1479
2517
3491
4320
4926
5246
5237
4879
4178
3165
1895
444
-1095
-2624
-4040
-5248
-6165
-6725
-6888
-6638
-5987
-4973
-3658
-2122
-460
1227
2838
4279
5465
6332
6836
6953
6686
6060
5119
3922
2543
1060
-443
-1890
-3208
-4337
-5227
-5845
-6171
-6202
-5946
-5425
-4670
-3718
-2616
-1409
-149
1115
2335
3465
4459
5278
5888
6258
6367
6200
5753
5031
4053
2849
1461
-55
-1636
-3208
-4691
-6006
-7075
-7828
-8209
-8177
-7711
-6815
-5518
-3873
-1955
138
2297
4401
6327
7959
9193
9945
10157
9804
8891
7458
5578
3352
905
-1623
-4087
-6341
-8251
-9704
-10613
0
0
0
0
0
0
0
0
0
0
0
0
0
0
0
0
0
0
0
0
0
0
0
0
0
0
0
0
0
0
0
0
0
0
0
0
0
0
0
0
0
0
0
0
0
0
0
0
0
0
0
0
0
0
0
0
0
0
0
0
0
0
0
0
0
0
0
3640
3578
3392
3085
2659
2122
1483
759
-29
-858
-1693
-2497
-3230
-3849
-4315
-4590
-4646
-4464
-4039
-3378
-2506
-1462
-298
922
2129
3250
4212
4953
5420
5578
5410
4921
4138
3107
1892
570
-774
-2054
-3187
-4101
-4739
-5065
-5063
-4744
-4139
-3299
-2294
-1200
-100
924
1803
2478
2911
3084
3002
2692
2199
1583
914
262
-304
-728
-968
-1000
-825
-464
40
630
1236
1781
2192
2405
2371
2063
1477
636
-408
-1586
-2808
-3971
-4973
-5714
-6110
-6099
-5646
-4749
-3443
-1792
105
2130
4145
6008
7579
8734
9376
9436
8887
7743
6060
3935
1495
-1104
-3694
-6105
-8173
-9757
-10747
-11070
-10699
-9655
-8002
-5846
-3329
-614
2119
4696
6948
8733
9941
10502
10389
9623
8267
6424
4226
1826
-611
-2926
-4969
-6614
-7767
-8368
-8400
-7883
-6875
-5464
-3764
-1902
-13
1775
3345
4602
5476
5928
5951
5568
4828
3803
2580
1256
-71
-1311
-2386
-3232
-3807
-4092
-4086
-3813
-3309
-2625
-1820
-954
-86
729
1448
2038
2478
2758
2882
2860
2711
2456
2118
1720
1282
821
350
-123
-592
-1052
-1496
-1919
-2310
-2657
-2944
-3150
-3256
-3240
-3083
-2774
-2304
-1678
-910
-23
944
1948
2934
3845
4621
5208
5557
5634
5417
4901
4100
3048
1794
401
-1055
-2496
-3841
-5013
-5945
-6584
-6894
-6859
-6483
-5789
-4818
-3628
-2284
-860
570
1936
3175
4235
5077
5678
6027
6130
6001
5665
5152
4495
3727
2878
1975
1038
84
-871
-1820
-2750
-3648
-4497
-5274
-5953
-6498
-6872
-7036
-6951
-6583
-5910
-4922
-3626
-2048
-238
1735
3785
5808
7691
9318
10577
11369
11617
11268
10304
8743
6643
4094
1223
-1819
-4862
-7731
-10252
-12267
-13646
-14291
-14151
-13218
-11537
-9198
-6335
-3113
274
3627
6743
9437
11548
12957
13587
13413
12461
10808
8574
5914
3009
50
-2771
-5280
-7328
-8801
-9628
-9788
-9305
-8247
-6721
-4863
-2826
-772
1146
2791
4054
4860
5172
4996
4378
3396
2158
788
-580
-1820
-2815
-3474
-3736
-3573
-2997
-2054
-822
595
2078
3499
4734
5672
6224
6330
5963
5134
3887
2300
477
-1460
-3381
-5153
-6654
-7780
-8455
-8630
-8294
-7468
-6205
-4587
-2717
-713
1303
3213
4906
6292
7303
7898
8064
7814
7187
6242
5052
3698
2265
834
-523
-1750
-2804
-3656
-4298
-4734
-4978
-5056
-4993
-4818
-4555
-4221
-3828
-3380
-2872
-2297
-1646
-910
-84
825
1807
2832
3865
4856
5746
6476
6981
7205
7102
6640
5807
4617
3105
1332
-618
-2645
-4636
-6470
-8031
-9214
-9929
-10114
-9736
-8799
-7340
-5430
-3173
-698
1851
4320
6559
8426
9803
10602
10769
10293
9200
7559
5474
3077
521
-2028
-4412
-6477
-8095
-9165
-9626
-9457
-8679
-7352
-5574
-3474
-1196
1098
3257
5132
6600
7568
7978
7812
7092
5879
4269
2383
361
-1649
-3502
-5066
-6230
-6914
-7074
-6702
-5830
-4526
-2888
-1038
887
2746
4403
5738
6653
7082
6994
6395
5329
3873
2132
231
-1691
-3499
-5060
-6264
-7022
-7281
-7022
-6264
-5060
-3499
-1691
231
2132
3873
5329
6395
6994
7082
6653
5738
4403
2746
887
-1038
-2888
-4526
-5830
-6702
-7074
-6914
-6230
-5066
-3502
-1649
361
2383
4269
5879
7092
7812
7978
7568
6600
5132
3257
1098
-1196
-3474
-5574
-7352
-8679
-9457
-9626
-9165
-8095
-6477
-4412
-2028
521
3077
5474
7559
9200
10293
10769
10602
9803
8426
6559
4320
1851
-698
-3173
-5430
-7340
-8799
-9736
-10114
-9929
-9214
-8031
-6470
-4636
-2645
-618
1332
3105
4617
5807
6640
7102
7205
6981
6476
5746
4856
3865
2832
1807
825
-84
-910
-1646
-2297
-2872
-3380
-3828
-4221
-4555
-4818
-4993
-5056
-4978
-4734
-4298
-3656
-2804
-1750
-523
834
2265
3698
5052
6242
7187
7814
8064
7898
7303
6292
4906
3213
1303
-713
-2717
-4587
-6205
-7468
-8294
-8630
-8455
-7780
-6654
-5153
-3381
-1460
477
2300
3887
5134
5963
6330
6224
5672
4734
3499
2078
595
-822
-2054
-2997
-3573
-3736
-3474
-2815
-1820
-580
788
2158
3396
4378
4996
5172
4860
4054
2791
1146
-772
-2826
-4863
-6721
-8247
-9305
-9788
-9628
-8801
-7328
-5280
-2771
50
3009
5914
8574
10808
12461
13413
13587
12957
11548
9437
6743
3627
274
-3113
-6335
-9198
-11537
-13218
-14151
-14291
-13646
-12267
-10252
-7731
-4862
-1819
1223
4094
6643
8743
10304
11268
11617
11369
10577
9318
7691
5808
3785
1735
-238
-2048
-3626
-4922
-5910
-6583
-6951
-7036
-6872
-6498
-5953
-5274
-4497
-3648
-2750
-1820
-871
84
1038
1975
2878
3727
4495
5152
5665
6001
6130
6027
5678
5077
4235
3175
1936
570
-860
-2284
-3628
-4818
-5789
-6483
-6859
-6894
-6584
-5945
-5013
-3841
-2496
-1055
401
1794
3048
4100
4901
5417
5634
5557
5208
4621
3845
2934
1948
944
-23
-910
-1678
-2304
-2774
-3083
-3240
-3256
-3150
-2944
-2657
-2310
-1919
-1496
-1052
-592
-123
350
821
1282
1720
2118
2456
2711
2860
2882
2758
2478
2038
1448
729
-86
-954
-1820
-2625
-3309
-3813
-4086
-4092
-3807
-3232
-2386
-1311
-71
1256
2580
3803
4828
5568
5951
5928
5476
4602
3345
1775
-13
-1902
-3764
-5464
-6875
-7883
-8400
-8368
-7767
-6614
-4969
-2926
-611
1826
4226
6424
8267
9623
10389
10502
9941
8733
6948
4696
2119
-614
-3329
-5846
-8002
-9655
-10699
-11070
-10747
-9757
-8173
-6105
-3694
-1104
1495
3935
6060
7743
8887
9436
9376
8734
7579
6008
4145
2130
105
-1792
-3443
-4749
-5646
-6099
-6110
-5714
-4973
-3971
-2808
-1586
-408
636
1477
2063
2371
2405
2192
1781
1236
630
40
-464
-825
-1000
-968
-728
-304
262
914
1583
2199
2692
3002
3084
2911
2478
1803
924
-100
-1200
-2294
-3299
-4139
-4744
-5063
-5065
-4739
-4101
-3187
-2054
-774
570
1892
3107
4138
4921
5410
5578
5420
4953
4212
3250
2129
922
-298
-1462
-2506
-3378
-4039
-4464
-4646
-4590
-4315
-3849
-3230
-2497
-1693
-858
-29
759
1483
2122
2659
3085
3392
3578
0
0
0
0
0
0
0
0
0
0
0
0
0
0
0
0
0
0
0
0
0
0
0
0
0
0
0
0
0
0
0
0
0
0
0
0
0
0
0
0
0
0
0
0
0
0
0
0
0
0
0
0
0
0
0
0
0
0
0
0
0
0
0
0
0
0
0
14563
14108
12775
10654
7887
4660
1186
-2305
-5588
-8455
-10728
-12275
-13016
-12928
-12044
-10450
-8278
-5695
-2889
-55
2618
4963
6844
8165
8874
8968
8488
7514
6159
4552
2835
1146
-391
-1678
-2642
-3247
-3491
-3407
-3052
-2508
-1865
-1219
-658
-251
-50
-77
-326
-764
-1332
-1955
-2546
-3018
-3288
-3293
-2990
-2363
-1429
-236
1143
2612
4060
5368
6426
7132
7411
7216
6535
5392
3848
1994
-50
-2152
-4167
-5957
-7397
-8387
-8856
-8773
-8143
-7012
-5461
-3598
-1556
525
2505
4253
5658
6637
7143
7162
6720
5873
4708
3330
1857
406
-910
-2000
-2796
-3257
-3374
-3171
-2698
-2028
-1251
-461
246
791
1108
1158
930
441
-261
-1108
-2011
-2873
-3595
-4086
-4271
-4099
-3549
-2631
-1387
107
1757
3444
5042
6428
7485
8118
8260
7877
6971
5583
3788
1694
-569
-2859
-5027
-6930
-8444
-9469
-9938
-9820
-9126
-7901
-6227
-4215
-1994
292
2503
4504
6180
7438
8220
8498
8281
7608
6548
5190
3640
2008
403
-1075
-2345
-3346
-4041
-4418
-4492
-4298
-3888
-3327
-2682
-2023
-1410
-892
-503
-258
-156
-177
-288
-446
-603
-710
-724
-613
-355
53
601
1260
1986
2728
3425
4017
4445
4660
4626
4321
3745
2915
1865
649
-669
-2016
-3312
-4482
-5454
-6170
-6583
-6668
-6416
-5838
-4964
-3841
-2527
-1093
386
1838
3190
4377
5344
6052
6473
6595
6421
5969
5267
4353
3275
2082
829
-430
-1646
-2770
-3761
-4583
-5209
-5617
-5797
-5743
-5461
-4962
-4267
-3401
-2400
-1301
-148
1012
2131
3162
4058
4779
5288
5561
5580
5340
4850
4129
3211
2137
961
-258
-1460
-2580
-3561
-4348
-4901
-5190
-5198
-4927
-4393
-3627
-2673
-1588
-433
723
1817
2784
3570
4132
4440
4478
4249
3769
3070
2196
1201
144
-910
-1900
-2768
-3464
-3947
-4190
-4178
-3913
-3409
-2694
-1805
-793
288
1380
2422
3356
4130
4697
5021
5079
4857
4358
3599
2607
1425
106
-1286
-2685
-4016
-5208
-6189
-6898
-7281
-7300
-6933
-6177
-5050
-3589
-1854
76
2113
4149
6074
7777
9152
10107
10566
10479
9821
8602
6861
4673
2138
-616
-3444
-6192
-8700
-10818
-12413
-13378
-13636
-13153
-11935
-10032
-7534
-4571
-1302
2091
5418
8486
11116
13152
14471
14991
14679
13547
11662
9132
6105
2759
-708
-4094
-7201
-9851
-11895
-13221
-13766
-13512
-12494
-10791
-8524
-5846
-2931
34
2869
5404
7496
9033
9945
10204
9827
8871
7430
5626
3599
1499
-526
-2345
-3842
-4935
-5573
-5741
-5461
-4786
-3798
-2597
-1298
-14
1145
2085
2734
3046
3006
2626
1951
1046
-1
-1096
-2136
-3027
-3683
-4041
-4060
-3725
-3050
-2078
-874
477
1878
3225
4419
5366
5993
6246
6098
5548
4627
3388
1907
279
-1391
-2999
-4440
-5621
-6467
-6926
-6969
-6596
-5833
-4732
-3364
-1817
-191
1412
2895
4168
5156
5804
6082
5980
5518
4734
3687
2453
1117
-231
-1504
-2622
-3515
-4131
-4439
-4427
-4106
-3508
-2681
-1690
-609
481
1505
2388
3067
3494
3640
3494
3067
2388
1505
481
-609
-1690
-2681
-3508
-4106
-4427
-4439
-4131
-3515
-2622
-1504
-231
1117
2453
3687
4734
5518
5980
6082
5804
5156
4168
2895
1412
-191
-1817
-3364
-4732
-5833
-6596
-6969
-6926
-6467
-5621
-4440
-2999
-1391
279
1907
3388
4627
5548
6098
6246
5993
5366
4419
3225
1878
477
-874
-2078
-3050
-3725
-4060
-4041
-3683
-3027
-2136
-1096
-1
1046
1951
2626
3006
3046
2734
2085
1145
-14
-1298
-2597
-3798
-4786
-5461
-5741
-5573
-4935
-3842
-2345
-526
1499
3599
5626
7430
8871
9827
10204
9945
9033
7496
5404
2869
34
-2931
-5846
-8524
-10791
-12494
-13512
-13766
-13221
-11895
-9851
-7201
-4094
-708
2759
6105
9132
11662
13547
14679
14991
14471
13152
11116
8486
5418
2091
-1302
-4571
-7534
-10032
-11935
-13153
-13636
-13378
-12413
-10818
-8700
-6192
-3444
-616
2138
4673
6861
8602
9821
10479
10566
10107
9152
7777
6074
4149
2113
76
-1854
-3589
-5050
-6177
-6933
-7300
-7281
-6898
-6189
-5208
-4016
-2685
-1286
106
1425
2607
3599
4358
4857
5079
5021
4697
4130
3356
2422
1380
288
-793
-1805
-2694
-3409
-3913
-4178
-4190
-3947
-3464
-2768
-1900
-910
144
1201
2196
3070
3769
4249
4478
4440
4132
3570
2784
1817
723
-433
-1588
-2673
-3627
-4393
-4927
-5198
-5190
-4901
-4348
-3561
-2580
-1460
-258
961
2137
3211
4129
4850
5340
5580
5561
5288
4779
4058
3162
2131
1012
-148
-1301
-2400
-3401
-4267
-4962
-5461
-5743
-5797
-5617
-5209
-4583
-3761
-2770
-1646
-430
829
2082
3275
4353
5267
5969
6421
6595
6473
6052
5344
4377
3190
1838
386
-1093
-2527
-3841
-4964
-5838
-6416
-6668
-6583
-6170
-5454
-4482
-3312
-2016
-669
649
1865
2915
3745
4321
4626
4660
4445
4017
3425
2728
1986
1260
601
53
-355
-613
-724
-710
-603
-446
-288
-177
-156
-258
-503
-892
-1410
-2023
-2682
-3327
-3888
-4298
-4492
-4418
-4041
-3346
-2345
-1075
403
2008
3640
5190
6548
7608
8281
8498
8220
7438
6180
4504
2503
292
-1994
-4215
-6227
-7901
-9126
-9820
-9938
-9469
-8444
-6930
-5027
-2859
-569
1694
3788
5583
6971
7877
8260
8118
7485
6428
5042
3444
1757
107
-1387
-2631
-3549
-4099
-4271
-4086
-3595
-2873
-2011
-1108
-261
441
930
1158
1108
791
246
-461
-1251
-2028
-2698
-3171
-3374
-3257
-2796
-2000
-910
406
1857
3330
4708
5873
6720
7162
7143
6637
5658
4253
2505
525
-1556
-3598
-5461
-7012
-8143
-8773
-8856
-8387
-7397
-5957
-4167
-2152
-50
1994
3848
5392
6535
7216
7411
7132
6426
5368
4060
2612
1143
-236
-1429
-2363
-2990
-3293
-3288
-3018
-2546
-1955
-1332
-764
-326
-77
-50
-251
-658
-1219
-1865
-2508
-3052
-3407
-3491
-3247
-2642
-1678
-391
1146
2835
4552
6159
7514
8488
8968
8874
8165
6844
4963
2618
-55
-2889
-5695
-8278
-10450
-12044
-12928
-13016
-12275
-10728
-8455
-5588
-2305
1186
4660
7887
10654
12775
14108
0
0
0
0
0
0
0
0
0
0
0
0
0
0
0
0
0
0
0
0
0
0
0
0
0
0
0
0
0
0
0
0
0
0
0
0
0
0
0
0
0
0
0
0
0
0
0
0
0
0
0
0
0
0
0
0
0
0
0
0
0
0
0
0
0
0
0
