0
4278
8485
12550
16402
19973
23203
26035
28419
30314
31684
32507
32766
32456
31581
30156
28203
25758
22860
19561
15917
11991
7852
3573
-771
-5106
-9352
-13436
-17284
-20829
-24006
-26759
-29038
-30801
-32015
-32660
-32720
-32196
-31094
-29434
-27244
-24563
-21439
-17925
-14087
-9991
-5712
-1327
3083
7441
11667
15683
19415
22796
25762
28259
30239
31667
32514
32764
32412
31462
29931
27847
25247
22178
18696
14865
10755
6443
2009
-2465
-6896
-11201
-15299
-19113
-22570
-25606
-28162
-30190
-31650
-32514
-32764
-32394
-31411
-29832
-27686
-25012
-21861
-18292
-14372
-10175
-5781
-1274
3259
7733
12062
16161
19951
23359
26318
28771
30668
31973
32659
32711
32127
30919
29107
26727
23823
20452
16679
12577
8226
3711
-879
-5455
-9926
-14204
-18204
-21846
-25058
-27775
-29942
-31516
-32464
-32766
-32415
-31417
-29790
-27567
-24790
-21514
-17805
-13736
-9388
-4849
-209
4437
8997
13377
17489
21248
24578
27411
29687
31359
32393
32765
32468
31507
29899
27676
24884
21579
17828
13707
9301
4700
0
-4703
-9311
-13729
-17864
-21629
-24947
-27746
-29968
-31566
-32503
-32761
-32332
-31225
-29460
-27076
-24119
-20653
-16748
-12488
-7961
-3263
1506
6246
10856
15238
19298
22949
26112
28719
30713
32051
32702
32651
31900
30461
28366
25658
22395
18646
14492
10022
5332
524
-4298
-9029
-13567
-17811
-21669
-25055
-27896
-30127
-31699
-32577
-32739
-32182
-30916
-28967
-26379
-23206
-19519
-15397
-10932
-6222
-1372
3511
8320
12945
17284
21240
24723
27655
29968
31611
32545
32748
32214
30954
28995
26381
23169
19431
15252
10724
5950
1038
-3899
-8751
-13405
-17757
-21705
-25159
-28038
-30277
-31822
-32637
-32702
-32014
-30588
-28456
-25665
-22280
-18377
-14047
-9388
-4509
477
5455
10308
14924
19194
23018
26305
28979
30974
32243
32756
32498
31476
29711
27244
24133
20449
16280
11722
6884
1880
-3170
-8148
-12935
-17416
-21484
-25041
-28000
-30291
-31856
-32659
-32677
-31909
-30373
-28105
-25157
-21600
-17520
-13013
-8189
-3163
1941
7001
11893
16499
20705
24407
27516
29953
31659
32589
32721
32049
30590
28377
25463
21921
17836
13307
8448
3377
-1780
-6896
-11843
-16499
-20746
-24479
-27603
-30040
-31727
-32621
-32699
-31957
-30413
-28105
-25088
-21439
-17247
-12618
-7668
-2522
2689
7836
12787
17416
21605
25247
28248
30530
32035
32723
32574
31592
29801
27244
23987
20112
15718
10917
5832
595
-4660
-9798
-14685
-19194
-23208
-26622
-29345
-31307
-32455
-32757
-32206
-30813
-28614
-25665
-22043
-17841
-13169
-8148
-2911
2405
7661
12717
17440
21705
25397
28419
30689
32146
32750
32483
31352
29385
26633
23169
19084
14487
9500
4255
-1105
-6439
-11603
-16457
-20870
-24723
-27911
-30346
-31961
-32712
-32578
-31559
-29684
-27001
-23582
-19519
-14922
-9916
-4636
771
6162
11386
16301
20770
24671
27896
30354
31977
32719
32558
31498
29565
26813
23317
19172
14492
9407
4058
-1405
-6833
-12073
-16978
-21411
-25247
-28377
-30713
-32188
-32760
-32410
-31148
-29007
-26047
-22351
-18021
-13179
-7961
-2516
3003
8440
13640
18454
22745
26389
29282
31340
32503
32737
32033
30409
27913
24613
20604
16000
10932
5547
0
-5550
-10942
-16021
-20637
-24657
-27963
-30458
-32068
-32745
-32468
-31244
-29107
-26118
-22364
-17952
-13013
-7689
-2137
3479
8997
14252
19090
23367
26955
29748
31662
32640
32650
31691
29790
27003
23411
19119
14256
8965
3403
-2262
-7862
-13230
-18204
-22633
-26385
-29345
-31423
-32556
-32707
-31871
-30072
-27362
-23823
-19561
-14703
-9397
-3803
1908
7565
12994
18030
22517
26318
29316
31419
32559
32702
31841
30001
27238
23635
19302
14372
8996
3339
-2422
-8112
-13553
-18577
-23026
-26761
-29667
-31650
-32648
-32629
-31591
-29565
-26615
-22829
-18327
-13249
-7752
-2009
3799
9491
14886
19815
24120
27666
30338
32052
32751
32412
31044
28690
25423
21345
16586
11295
5642
-193
-6025
-11667
-16938
-21669
-25706
-28920
-31206
-32489
-32726
-31909
-30063
-27244
-23544
-19081
-13998
-8460
-2644
3259
9060
14569
19606
24006
27626
30346
32075
32756
32366
30916
28451
25051
20827
15917
10480
4696
-1244
-7147
-12817
-18065
-22719
-26622
-29644
-31684
-32674
-32578
-31398
-29173
-25975
-21909
-17110
-11737
-5969
0
5972
11747
17130
21941
26016
29217
31436
32596
32657
31615
29504
26395
22390
17625
12260
6476
470
-5554
-11392
-16845
-21726
-25867
-29127
-31393
-32585
-32662
-31619
-29491
-26349
-22301
-17483
-12062
-6222
-166
5898
11762
17222
22088
26191
29387
31566
32648
32597
31411
29131
25835
21636
16679
11138
5205
-912
-7001
-12847
-18244
-23003
-26955
-29960
-31912
-32739
-32412
-30940
-28374
-24803
-20353
-15179
-9465
-3413
2763
8843
14612
19863
24407
28083
30758
32334
32755
32003
30103
27124
23169
18381
12929
7010
836
-5370
-11386
-16993
-21989
-26191
-29446
-31636
-32680
-32538
-31214
-28754
-25247
-20819
-15630
-9868
-3744
2518
8692
14551
19879
24480
28184
30855
32393
32739
31880
29845
26709
22585
17625
12011
5950
-333
-6607
-12639
-18204
-23094
-27128
-30152
-32055
-32763
-32248
-30528
-27666
-23767
-18976
-13473
-7461
-1167
5173
11322
17047
22132
26385
29644
31785
32724
32427
30901
28203
24435
19738
14288
8294
1981
-4409
-10635
-16457
-21654
-26025
-29402
-31656
-32697
-32485
-31027
-28377
-24634
-19943
-14481
-8460
-2109
4324
10594
16457
21686
26077
29459
31699
32710
32451
30929
28203
24378
19601
14056
7961
1552
-4919
-11201
-17047
-22227
-26537
-29806
-31906
-32751
-32307
-30590
-27666
-23648
-18696
-13002
-6791
-309
6187
12441
18204
23246
27366
30398
32222
32762
31995
29951
26709
22398
17189
11289
4935
-1619
-8112
-14281
-19879
-24678
-28486
-31147
-32552
-32643
-31416
-28917
-25247
-20553
-15023
-8882
-2378
4225
10659
16662
21989
26421
29777
31918
32756
32254
30432
27362
23169
18024
12137
5748
-879
-7473
-13762
-19485
-24407
-28323
-31070
-32533
-32650
-31414
-28875
-25136
-20353
-14721
-8475
-1874
4807
11292
17307
22602
26955
30182
32146
32765
32010
29911
26556
22083
16679
10571
4016
-2711
-9326
-15551
-21121
-25799
-29387
-31732
-32732
-32344
-30582
-27520
-23286
-18060
-12062
-5547
1206
7911
14280
20041
24947
28786
31393
32653
32513
30975
28105
24024
18906
12972
6476
-301
-7069
-13534
-19415
-24458
-28443
-31196
-32596
-32580
-31148
-28360
-24336
-19250
-13322
-6811
0
6813
13332
19269
24364
28393
31178
32594
32578
31129
28309
24241
19103
13120
6555
-301
-7147
-13680
-19609
-24671
-28641
-31340
-32648
-32505
-30916
-27948
-23735
-18460
-12360
-5706
1206
8067
14569
20421
25359
29162
31656
32728
32328
30473
27244
22786
17298
11027
4255
-2711
-9557
-15974
-21669
-26383
-29901
-32062
-32766
-31979
-29736
-26137
-21345
-15577
-9095
-2195
4807
11593
17850
23291
27666
30771
32464
32665
31362
28614
24546
19345
13249
6538
-477
-7473
-14125
-20126
-25196
-29098
-31650
-32732
-32292
-30349
-26991
-22374
-16712
-10266
-3339
3746
10659
17076
22694
27251
30530
32377
32702
31489
28793
24740
19519
13375
6597
-494
-7565
-14281
-20323
-25404
-29282
-31772
-32753
-32178
-30072
-26533
-21729
-15887
-9285
-2238
4919
11843
18204
23695
28052
31066
32589
32548
30942
27847
23411
17845
11416
4435
-2763
-9830
-16425
-22227
-26955
-30378
-32330
-32713
-31507
-28769
-24631
-19293
-13013
-6096
1120
8285
15047
21076
26077
29802
32068
32763
31850
29372
25451
20276
14101
7230
0
-7232
-14111
-20295
-25478
-29402
-31872
-32764
-32033
-29711
-25913
-20827
-14703
-7845
-595
6688
13640
19914
25196
29220
31785
32759
32093
29819
26047
20967
14832
7950
664
-6656
-13645
-19948
-25247
-29273
-31822
-32763
-32046
-29706
-25861
-20703
-14492
-7543
-209
7138
14125
20396
25629
29557
31977
32766
31880
29363
25342
20022
13674
6622
-771
-8129
-15071
-21240
-26318
-30042
-32219
-32734
-31559
-28754
-24461
-18901
-12360
-5177
2276
9615
16457
22447
27271
30678
32489
32608
31026
27825
23169
17302
10527
3199
-4298
-11573
-18244
-23960
-28419
-31387
-32705
-32302
-30198
-26501
-21406
-15179
-8148
-684
6817
13962
20369
25700
29668
32064
32757
31710
28975
24698
19103
12488
5205
-2358
-9798
-16717
-22745
-27557
-30894
-32577
-32513
-30703
-27244
-22319
-16192
-9191
-1693
5898
13175
19743
25247
29388
31941
32765
31816
29141
24884
19276
12618
5272
-2362
-9871
-16845
-22903
-27714
-31014
-32621
-32445
-30495
-26875
-21781
-15492
-8351
-749
6896
14165
20658
26016
29942
32220
32721
31417
28377
23767
17841
10926
3403
-4310
-11787
-18613
-24407
-28847
-31684
-32759
-32010
-29476
-25298
-19707
-13013
-5590
2148
9769
16845
22980
27828
31116
32659
32366
30254
26438
21133
14635
7310
-430
-8148
-15409
-21801
-26962
-30598
-32502
-32563
-30778
-27244
-22162
-15818
-8572
-836
6950
14343
20920
26305
30190
32350
32661
31103
27762
22829
16586
9388
1649
-6187
-13670
-20369
-25898
-29936
-32249
-32702
-31267
-28024
-23161
-16955
-9766
-2009
5867
13405
20168
25762
29860
32222
32709
31291
28049
23169
16936
9711
1916
-5992
-13553
-20323
-25904
-29968
-32275
-32687
-31179
-27837
-22855
-16527
-9222
-1372
6562
14111
20829
26318
30252
32397
32623
30916
27374
22206
15718
8294
373
-7571
-15067
-21669
-26980
-30683
-32556
-32483
-30469
-26631
-21197
-14492
-6916
1077
9009
16402
22811
27851
31216
32702
32218
29790
25564
19793
12824
5078
-2978
-10856
-18080
-24210
-28873
-31785
-32766
-31757
-28816
-24119
-17952
-10689
-2772
5316
13083
20053
25799
29968
32304
32662
31017
27469
22233
15630
8064
0
-8067
-15639
-22251
-27492
-31038
-32669
-32282
-29899
-25665
-19840
-12785
-4935
3223
11185
18454
24578
29176
31960
32754
31507
28295
23317
16881
9388
1306
-6859
-14599
-21426
-26913
-30713
-32587
-32415
-30206
-26096
-20343
-13307
-5431
2789
10837
18204
24423
29100
31937
32755
31498
28244
23199
16679
9099
938
-7285
-15047
-21854
-27271
-30951
-32659
-32282
-29844
-25497
-19519
-12290
-4271
4023
12062
19330
25359
29762
32252
32670
30984
27303
21861
15008
7184
-1105
-9326
-16947
-23474
-28484
-31650
-32766
-31757
-28687
-23753
-17274
-9670
-1435
6896
14781
21705
27215
30951
32666
32248
29720
25247
19119
11737
3583
-4807
-12886
-20121
-26035
-30239
-32455
-32534
-30469
-26395
-20578
-13400
-5336
3083
11302
18775
25007
29584
32200
32681
30992
27244
21684
14679
6695
-1736
-10055
-17706
-24178
-29038
-31959
-32744
-31340
-27837
-22468
-15592
-7668
771
9163
16942
23583
28641
31772
32764
31548
28203
22955
16155
8261
-193
-8637
-16499
-23246
-28419
-31667
-32766
-31641
-28366
-23161
-16378
-8479
0
8482
16388
23178
28387
31659
32766
31633
28334
23092
16267
8323
-193
-8699
-16610
-23382
-28547
-31748
-32764
-31521
-28105
-22748
-15818
-7793
771
9287
17161
23850
28887
31923
32744
31292
27666
22114
15023
6884
-1736
-10238
-18030
-24565
-29387
-32158
-32681
-30919
-26991
-21173
-13868
-5590
3083
11543
19194
25499
30012
32414
32534
30361
26047
19895
12336
3903
-4807
-13181
-20625
-26610
-30711
-32637
-32248
-29569
-24790
-18247
-10405
-1820
6896
15124
22277
27843
31423
32760
31757
28483
23169
16196
8060
-655
-9326
-17331
-24094
-29127
-32068
-32703
-30984
-27033
-21133
-13707
-5289
3511
12062
19743
25999
30374
32552
32371
29844
25150
18630
10754
2094
-6719
-15047
-22282
-27896
-31478
-32765
-31661
-28244
-22763
-15616
-7324
1506
10228
18204
24847
29668
32313
32585
30461
26096
19809
12062
3423
-5469
-13962
-21426
-27310
-31178
-32740
-31881
-28661
-23317
-16242
-7961
912
9721
17811
24578
29519
32265
32608
30520
26157
19840
12041
3339
-5613
-14150
-21629
-27492
-31296
-32755
-31758
-28377
-22863
-15630
-7219
1736
10564
18599
25234
29968
32443
32468
30041
25342
18725
10689
1842
-7147
-15598
-22868
-28404
-31785
-32751
-31227
-27327
-21345
-13736
-5078
3969
12717
20496
26712
30887
32702
32014
28875
23522
16364
7950
-1077
-10024
-18204
-24986
-29848
-32414
-32483
-30050
-25298
-18593
-10451
-1499
7571
16058
23305
28750
31969
32711
30916
26720
20449
12587
3744
-5391
-14111
-21734
-27666
-31442
-32766
-31533
-27837
-21964
-14372
-5653
3510
12401
20323
26654
30894
32710
31957
28692
23169
15822
7226
-1941
-10958
-19113
-25762
-30378
-32596
-32237
-29328
-24096
-16955
-8469
691
9799
18132
25028
29936
32465
32412
29778
24772
17791
9388
234
-8940
-17404
-24479
-29598
-32350
-32513
-30072
-25219
-18342
-9991
-836
8388
16942
24135
29387
32275
32563
30226
25451
18620
10283
1113
-8148
-16754
-24006
-29316
-32252
-32574
-30254
-25477
-18630
-10266
-1066
8222
16845
24098
29390
32286
32549
30156
25298
18372
9941
695
-8610
-17213
-24407
-29603
-32371
-32482
-29925
-24908
-17841
-9305
0
9307
17850
24924
29942
32491
32356
29546
24293
17028
8351
-1019
-10308
-18745
-25629
-30386
-32621
-32145
-28995
-23432
-15917
-7073
2362
11603
19879
26497
30903
32728
31816
28241
22301
14491
5464
-4023
-13175
-21224
-27492
-31451
-32766
-31324
-27244
-20868
-12732
-3519
5992
15001
22745
28568
31977
32682
30619
25962
19103
10622
1238
-8253
-17047
-24394
-29668
-32420
-32412
-29643
-24347
-16973
-8148
1373
10781
19269
26112
30723
32705
31886
28334
22351
14449
5304
-4298
-13534
-21608
-27826
-31650
-32749
-31026
-26627
-19930
-11510
-2094
7504
16457
23989
29446
32355
32460
29752
24461
17046
8148
-1459
-10942
-19477
-26318
-30870
-32732
-31742
-27983
-21780
-13674
-4371
5316
14541
22496
28484
31977
32669
30495
25645
18541
9807
209
-9410
-18204
-25397
-30356
-32640
-32046
-28625
-22675
-14721
-5464
4278
13645
21806
28038
31787
32719
30748
26047
19032
10324
695
-8997
-17892
-25196
-30256
-32621
-32077
-28669
-22701
-14703
-5389
4409
13816
21989
28193
31872
32694
30582
25725
18555
9715
0
-9718
-18563
-25739
-30598
-32699
-31850
-28126
-21861
-13619
-4144
5708
15047
23026
28920
32194
32549
29951
24631
17073
7961
-1876
-11547
-20168
-26955
-31287
-32766
-31257
-26894
-20073
-11416
-1713
8148
17267
24807
30076
32589
32113
28690
22632
14492
5018
-4919
-14407
-22570
-28657
-32104
-32591
-30072
-24775
-17189
-8012
1907
11653
20323
27113
31393
32763
31094
26539
19519
10683
852
-9060
-18132
-25519
-30530
-32697
-31816
-27965
-21503
-13031
-3339
6667
16052
23938
29584
32459
32292
29097
23169
15065
5543
-4501
-14125
-22423
-28612
-32108
-32578
-29977
-24546
-16798
-7461
2582
12385
21019
27666
31694
32721
30647
25665
18247
9095
-923
-10856
-19760
-26786
-31264
-32766
-31146
-26556
-19431
-10451
-470
9557
18675
26008
30855
32749
31507
27244
20368
11537
1595
-8501
-17784
-25359
-30497
-32702
-31758
-27754
-21074
-12360
-2451
7696
17103
24860
30215
32648
31922
28105
21563
12929
3039
-7147
-16643
-24525
-30025
-32607
-32016
-28309
-21844
-13249
-3359
6859
16412
24364
29939
32588
32050
28377
21924
13322
3413
-6833
-16412
-24382
-29960
-32596
-32028
-28309
-21804
-13150
-3199
7069
16643
24578
30089
32630
31946
28105
21482
12732
2719
-7565
-17103
-24947
-30318
-32680
-31797
-27754
-20951
-12062
-1970
8320
17784
25478
30633
32732
31565
27244
20200
11134
952
-9326
-18675
-26154
-31014
-32765
-31228
-26556
-19215
-9941
333
10578
19760
26955
31436
32749
30759
25665
17979
8475
-1887
-12062
-21019
-27851
-31864
-32650
-30126
-24546
-16475
-6728
3703
13762
22423
28806
32258
32427
29291
23169
14683
4696
-5772
-15653
-23938
-29777
-32571
-32033
-28214
-21503
-12587
-2378
8077
17706
25519
30711
32748
31416
26850
19519
10175
-219
-10594
-19879
-27113
-31549
-32726
-30520
-25157
-17189
-7439
3083
13289
22119
28657
32222
32441
29289
23092
14492
4381
-6187
-16114
-24364
-30076
-32652
-31820
-27666
-20619
-11416
-1017
9491
19008
26537
31287
32757
30792
25595
17709
7961
-2625
-12939
-21894
-28547
-32194
-32451
-29286
-23032
-14346
-4144
6498
16457
24678
30291
32699
31644
27238
19943
10531
0
-10533
-19951
-27251
-31656
-32694
-30254
-24592
-16309
-6286
4409
14637
23305
29487
32519
32077
28203
21312
12137
1660
-8997
-18692
-26385
-31248
-32757
-30748
-25434
-17383
-7461
3266
13645
22556
29038
32390
32248
28625
21909
12824
2351
-8378
-18204
-26061
-31098
-32765
-30880
-25645
-17625
-7689
3083
13524
22496
29023
32393
32235
28565
21780
12618
2077
-8692
-18516
-26318
-31245
-32755
-30681
-25247
-17046
-6975
3863
14280
23132
29446
32527
32033
28015
20915
11510
836
-9932
-19609
-27125
-31650
-32682
-30103
-24198
-15616
-5304
5596
15880
24407
30232
32705
31550
26894
19250
9465
-1373
-12062
-21411
-28379
-32188
-32412
-29022
-22395
-13267
-2656
8253
18244
26197
31222
32754
30619
25054
16679
6433
-4537
-15001
-23783
-29895
-32648
-31731
-27244
-19690
-9916
976
11762
21224
28293
32170
32415
28997
22301
13080
2378
-8595
-18599
-26497
-31393
-32729
-30352
-24528
-15917
-5494
5554
15974
24578
30386
32734
31352
26395
18425
8351
-2679
-13405
-22602
-29217
-32491
-32046
-27932
-20616
-10936
0
10939
20625
27944
32055
32482
29173
22507
13249
2462
-8610
-18692
-26622
-31481
-32707
-30156
-24119
-15293
-4696
6446
16845
25296
30817
32766
30916
25477
17079
6695
-4468
-15115
-24006
-30106
-32702
-31489
-26606
-18620
-8460
2689
13528
22788
29387
32552
31909
27532
19930
9991
-1120
-12103
-21669
-28693
-32350
-32208
-28280
-21025
-11295
-234
10856
20671
28052
32127
32412
28871
21921
12379
1372
-9799
-19815
-27487
-31906
-32545
-29328
-22632
-13249
-2291
8940
19113
27016
31708
32629
29666
23169
13911
2992
-8285
-18577
-26654
-31549
-32677
-29899
-23544
-14372
-3477
7836
18214
26411
31442
32702
30037
23764
14635
3744
-7598
-18030
-26293
-31393
-32711
-30086
-23833
-14703
-3796
7571
18026
26305
31405
32707
30050
23753
14577
3632
-7754
-18204
-26446
-31479
-32688
-29925
-23522
-14256
-3253
8148
18560
26712
31608
32650
29706
23135
13736
2656
-8751
-19090
-27095
-31785
-32581
-29385
-22585
-13013
-1842
9557
19786
27585
31994
32468
28947
21861
12081
809
-10564
-20637
-28166
-32219
-32293
-28377
-20951
-10932
440
11762
21629
28819
32437
32033
27653
19840
9561
-1907
-13142
-22745
-29519
-32621
-31661
-26755
-18514
-7961
3586
14689
23960
30239
32740
31148
25658
16955
6128
-5469
-16384
-25247
-30944
-32759
-30461
-24336
-15151
-4058
7546
18204
26572
31595
32638
29565
22763
13087
1756
-9798
-20118
-27896
-32148
-32332
-28424
-20915
-10754
771
12203
22088
29171
32552
31797
27001
18769
8148
-3511
-14727
-24069
-30346
-32754
-30984
-25260
-16309
-5272
6439
17331
26008
31359
32696
29845
23169
13521
2137
-9523
-19964
-27843
-32146
-32318
-28334
-20703
-10405
1234
12717
22564
29503
32637
31559
26407
17841
6968
-4807
-15965
-25058
-30909
-32757
-30361
-24028
-14577
-3233
8533
19194
27364
31977
32433
28669
21173
10917
-762
-12345
-22321
-29387
-32619
-31592
-26438
-17828
-6884
4961
16161
25247
31028
32744
30168
23635
13998
2522
-9287
-19879
-27860
-32179
-32265
-28105
-20242
-9711
2101
13640
23382
30040
32733
31103
25362
16267
5018
-6896
-17901
-26537
-31659
-32585
-29190
-21921
-11741
0
11743
21929
29201
32589
31641
26480
17791
6728
-5233
-16499
-25566
-31222
-32709
-29826
-22955
-13013
-1327
10537
20994
28641
32450
31909
27088
18630
7668
-4324
-15739
-25041
-30976
-32744
-30105
-23411
-13561
-1880
10055
20637
28436
32397
31982
27244
18822
7852
-4182
-15653
-25007
-30974
-32743
-30072
-23319
-13400
-1660
10308
20879
28612
32455
31881
26966
18377
7282
-4807
-16245
-25468
-31216
-32702
-29720
-22675
-12528
-664
11292
21705
29147
32596
31576
26225
17274
5950
-6193
-17489
-26383
-31650
-32564
-28995
-21433
-10917
1105
12978
23064
29968
32737
30984
24950
15465
3839
-8320
-19330
-27666
-32170
-32217
-27796
-19519
-8531
3643
15314
24860
30951
32739
29972
23032
12884
938
-11141
-21669
-29176
-32613
-31498
-25982
-16835
-5332
6918
18204
26944
31912
32410
28366
20343
9465
-2743
-14569
-24351
-30713
-32759
-30198
-23387
-13283
-1306
10856
21492
29100
32604
31507
25962
16748
5166
-7147
-18454
-27152
-32008
-32332
-28076
-19840
-8789
3510
15314
24947
31038
32720
29752
22551
12140
0
-12143
-22559
-29762
-32723
-31017
-24884
-15198
-3339
8998
20053
28242
32393
31908
26854
17952
6476
-5930
-17489
-26541
-31785
-32465
-28481
-20402
-9388
2978
14918
24714
30951
32730
29790
22554
12062
-172
-12385
-22811
-29942
-32746
-30813
-24421
-14492
-2462
9926
20879
28806
32556
31581
26021
16679
4912
-7571
-18956
-27585
-32200
-32127
-27374
-18630
-7167
5342
17076
26318
31719
32485
28504
20353
9222
-3259
-15267
-25041
-31147
-32687
-29434
-21861
-11077
1334
13553
23783
30517
32764
30189
23169
12736
423
-11953
-22570
-29860
-32743
-30792
-24293
-14202
-2009
10483
21426
29201
32652
31267
25247
15482
3419
-9153
-20369
-28563
-32514
-31633
-26047
-16586
-4654
7973
19415
27967
32350
31910
26709
17520
5712
-6950
-18577
-27428
-32179
-32116
-27244
-18292
-6597
6088
17864
26962
32015
32263
27666
18910
7310
-5391
-17284
-26579
-31872
-32366
-27983
-19380
-7852
4862
16845
26287
31760
32433
28203
19707
8226
-4501
-16550
-26094
-31684
-32472
-28334
-19895
-8434
4310
16402
26003
31651
32486
28377
19946
8475
-4288
-16402
-26016
-31662
-32478
-28334
-19861
-8351
4437
16550
26133
31717
32445
28203
19638
8060
-4756
-16845
-26351
-31812
-32386
-27983
-19276
-7602
5243
17284
26666
31941
32293
27666
18769
6975
-5898
-17864
-27071
-32095
-32157
-27244
-18113
-6176
6719
18577
27557
32265
31968
26709
17302
5205
-7702
-19415
-28111
-32434
-31710
-26047
-16326
-4058
8843
20369
28719
32588
31368
25247
15179
2736
-10137
-21426
-29364
-32705
-30922
-24293
-13853
-1238
11573
22570
30025
32764
30353
23169
12339
-434
-13142
-23783
-30678
-32739
-29638
-21861
-10632
2276
14829
25041
31296
32604
28754
20353
8727
-4282
-16616
-26318
-31849
-32328
-27676
-18630
-6622
6439
18480
27585
32302
31880
26381
16679
4318
-8734
-20396
-28806
-32620
-31227
-24845
-14492
-1820
11144
22329
29942
32763
30335
23047
12062
-859
-13645
-24243
-30951
-32688
-29173
-20967
-9388
3703
16202
26094
31785
32354
27709
18593
6476
-6688
-18775
-27832
-32393
-31718
-25913
-15915
-3339
9779
21317
29402
32723
30737
23764
12933
0
-12935
-23772
-30745
-32720
-29372
-21243
-9654
3510
16105
26077
31798
32332
27590
18342
6096
-7147
-19226
-28162
-32493
-31507
-25362
-15061
-2291
10856
22227
29953
32765
30198
22670
11416
-1716
-14569
-25028
-31370
-32548
-28366
-19509
-7435
5867
18204
27539
32330
31782
25982
15887
3163
-10086
-21669
-29667
-32753
-30413
-23032
-11831
1334
14281
24860
31312
32563
28403
19519
7387
-5976
-18347
-27666
-32377
-31693
-25725
-15465
-2622
10659
22164
29968
32766
30086
22374
10917
-2369
-15261
-25599
-31650
-32396
-27709
-18372
-5950
7473
19643
28516
32596
31195
24546
13765
664
-12550
-23653
-30771
-32702
-29116
-20616
-8634
4807
17440
27128
32230
31881
26137
15968
3092
-10308
-21966
-29901
-32766
-30072
-22272
-10689
2711
15653
25937
31812
32275
27244
17574
4908
-8595
-20637
-29162
-32712
-30681
-23411
-12140
1206
14349
25041
31451
32480
27948
18630
6117
-7445
-19735
-28641
-32634
-31026
-24089
-13013
301
13567
24501
31222
32570
28309
19172
6728
-6876
-19298
-28393
-32589
-31159
-24347
-13326
0
13328
24354
31166
32585
28360
19220
6748
-6896
-19347
-28443
-32604
-31103
-24198
-13087
301
13640
24608
31294
32533
28105
18778
6176
-7504
-19879
-28786
-32669
-30847
-23635
-12290
1206
14493
25247
31583
32389
27520
17828
5008
-8692
-20870
-29387
-32745
-30352
-22624
-10917
2711
15865
26229
31977
32094
26556
16335
3233
-10442
-22277
-30182
-32757
-29546
-21112
-8944
4807
17712
27483
32390
31559
25136
14256
845
-12717
-24026
-31070
-32598
-28334
-19032
-6345
7473
19964
28903
32697
30666
23169
11540
-2148
-15456
-26008
-31918
-32127
-26596
-16309
-3103
10659
22517
30346
32741
29270
20553
8148
-5719
-18563
-28078
-32552
-31179
-24202
-12874
771
14281
25223
31625
32332
27214
17189
4062
-9798
-21894
-30040
-32762
-29565
-21025
-8682
5233
18204
27882
32514
31257
24336
13002
-691
-14262
-25247
-31650
-32307
-27094
-16955
-3732
10171
22227
30239
32747
29289
20494
7961
-6025
-18915
-28356
-32621
-30929
-23586
-11931
1907
15400
26077
31982
32033
26215
15592
2109
-11762
-23479
-30889
-32629
-28377
-18910
-5966
8077
20637
29402
32756
30080
21861
9613
-4409
-17621
-27585
-32459
-31342
-24435
-13013
816
14497
25499
31785
32188
26631
16140
2656
-11322
-23203
-30782
-32650
-28456
-18976
-5969
8148
20755
29503
32763
29925
21514
9095
-5021
-18204
-27995
-32564
-31058
-23753
-12011
1977
15598
26305
32095
31880
25698
14703
952
-12978
-24480
-31393
-32418
-27360
-17165
-3744
10381
22559
30497
32702
28754
19394
6380
-7836
-20580
-29446
-32762
-29899
-21393
-8847
5370
18577
28275
32630
30814
23169
11138
-3003
-16579
-27016
-32334
-31523
-24733
-13249
751
14612
25700
31906
32048
26096
15179
1372
-12698
-24354
-31371
-32412
-27273
-16932
-3359
10856
23003
30758
32638
28280
18514
5205
-9101
-21669
-30089
-32747
-29131
-19930
-6905
7445
20371
29387
32762
29844
21189
8460
-5898
-19125
-28673
-32702
-30433
-22301
-9868
4468
17946
27963
32585
30916
23274
11134
-3159
-16845
-27275
-32428
-31305
-24119
-12260
1977
15833
26622
32247
31615
24845
13249
-923
-14918
-26016
-32055
-31858
-25461
-14105
0
14107
25468
31864
32046
25975
14832
792
-13405
-24986
-31684
-32188
-26395
-15435
-1452
12817
24578
31525
32292
26727
15917
1981
-12345
-24250
-31393
-32366
-26976
-16280
-2378
11993
24006
31293
32415
27148
16527
2644
-11762
-23850
-31230
-32442
-27244
-16660
-2779
11653
23783
31206
32451
27267
16679
2783
-11667
-23806
-31222
-32441
-27217
-16586
-2656
11803
23919
31277
32412
27094
16378
2398
-12062
-24120
-31370
-32361
-26894
-16056
-2009
12441
24407
31496
32285
26615
15616
1488
-12939
-24777
-31650
-32178
-26251
-15055
-836
13553
25223
31826
32033
25797
14372
52
-14280
-25739
-32015
-31841
-25247
-13561
863
15115
26318
32208
31592
24592
12618
-1908
-16052
-26950
-32393
-31276
-23823
-11540
3083
17085
27622
32556
30880
22932
10324
-4384
-18204
-28323
-32682
-30389
-21909
-8965
5807
19399
29038
32755
29790
20744
7461
-7347
-20658
-29748
-32757
-29067
-19428
-5811
8997
21966
30436
32669
28203
17952
4016
-10746
-23305
-31079
-32468
-27184
-16309
-2077
12583
24657
31656
32135
25992
14491
0
-14493
-25999
-32139
-31644
-24613
-12494
2208
16457
27304
32503
30975
23032
10317
-4537
-18454
-28547
-32719
-30103
-21238
-7961
6971
20458
29694
32757
29007
19220
5431
-9491
-22439
-30713
-32587
-27666
-16973
-2736
12073
24364
31568
32177
26060
14492
-108
-14689
-26197
-32222
-31498
-24174
-11781
3083
17304
27896
32634
30520
21996
8847
-6162
-19879
-29416
-32766
-29219
-19519
-5706
9311
22368
30711
32578
27570
16743
2378
-12491
-24723
-31732
-32033
-25558
-13674
1105
15653
26888
32428
31095
23169
10328
-4707
-18745
-28806
-32750
-29736
-20402
-6728
8378
21705
30414
32650
27932
17262
2911
-12062
-24465
-31651
-32083
-25665
-13765
1077
15692
26955
32455
31012
22932
9941
-5180
-19194
-29098
-32765
-29406
-19738
-5832
9326
22486
30817
32526
27244
16102
1495
-13436
-25478
-32035
-31693
-24521
-12062
2999
17416
28078
32680
30226
21243
7668
-7565
-21167
-30192
-32685
-28105
-17438
-2992
12103
24578
31727
31995
25321
13150
-1876
-16499
-27539
-32596
-30567
-21889
-8448
6833
20630
29936
32722
28377
17845
3419
-11753
-24364
-31659
-32040
-25423
-13249
1823
16499
27568
32607
30508
21729
8189
-7147
-20920
-30108
-32693
-28105
-17347
-2779
12401
24860
31856
31850
24838
12360
-2839
-17416
-28160
-32702
-30037
-20749
-6884
8501
22013
30668
32552
27244
15915
1066
-14020
-26008
-32243
-31342
-23500
-10451
4915
19194
29220
32766
29042
18871
4509
-10856
-23813
-31479
-32147
-25665
-13473
1720
16533
27666
32637
30335
21271
7461
-8015
-21705
-30552
-32578
-27327
-15968
-1038
14125
26133
32294
31228
23169
9920
-5554
-19786
-29584
-32748
-28565
-17970
-3339
12043
24723
31849
31816
24627
11897
-3511
-18132
-28673
-32755
-29458
-19519
-5177
10334
23516
31393
32182
25702
13414
-1907
-16800
-27896
-32682
-30072
-20653
-6555
9029
22570
30997
32395
26445
14492
-751
-15827
-27310
-32589
-30461
-21406
-7481
8148
21926
30713
32507
26894
15151
-48
-15238
-26955
-32522
-30664
-21804
-7961
7702
21608
30575
32549
27076
15403
202
-15047
-26852
-32503
-30703
-21861
-8002
7696
21629
30598
32538
27001
15255
0
-15257
-27007
-32541
-30582
-21579
-7602
8129
21989
30779
32468
26664
14703
-655
-15865
-27411
-32621
-30288
-20948
-6758
8997
22672
31098
32318
26047
13736
-1763
-16855
-28038
-32713
-29790
-19946
-5464
10289
23653
31516
32046
25116
12336
-3319
-18204
-28847
-32766
-29042
-18541
-3711
11987
24889
31977
31593
23823
10480
-5316
-19871
-29777
-32711
-27983
-16697
-1495
14059
26318
32404
30885
22114
8148
-7733
-21801
-30745
-32460
-26539
-14372
1180
16457
27860
32699
29832
19930
5325
-10537
-23916
-31650
-31910
-24631
-11530
4298
19113
29409
32747
28334
17210
2009
-13670
-26112
-32365
-30942
-22178
-8148
7817
21929
30833
32412
26285
13907
-1780
-17047
-28259
-32743
-29429
-19103
-4222
11667
24777
31977
31548
23586
9991
-5992
-20546
-30192
-32619
-27244
-15350
219
15739
27492
32660
30001
20149
5464
-10533
-24006
-31719
-31816
-24270
-10892
5106
19879
29873
32681
27625
15917
373
-15261
-27221
-32621
-30156
-20416
-5748
10308
23879
31684
31836
24293
10875
-5173
-19973
-29942
-32665
-27477
-15633
0
15636
27483
32666
29925
19920
5078
-10999
-24407
-31886
-31615
-23656
-9941
6193
20824
30386
32549
26782
14487
-1341
-16845
-28242
-32749
-29262
-18630
-3445
12583
25539
32252
31078
22301
8064
-8148
-22368
-31111
-32231
-25451
-12429
3643
18824
29387
32737
28047
16465
836
-15001
-27152
-32625
-30072
-20115
-5205
10989
24479
31937
31523
23335
9388
-6876
-21447
-30723
-32412
-26092
-13322
2743
18132
29038
32759
28371
16955
1338
-14612
-26944
-32596
-30164
-20247
-5304
10958
24501
31960
31477
23169
9099
-7236
-21774
-30894
-32323
-25702
-12676
3510
18824
29446
32724
27837
16000
166
-15711
-27666
-32707
-29572
-19041
-3744
12491
25602
32304
30916
21780
7184
-9215
-23305
-31551
-31880
-24205
-10451
5930
20824
30486
32483
26311
13518
-2679
-18204
-29147
-32749
-28098
-16364
-502
15488
27574
32702
29574
18976
3583
-12717
-25806
-32371
-30748
-21345
-6538
9926
23879
31785
31636
23467
9346
-7147
-21830
-30974
-32254
-25342
-11991
4409
19692
29968
32623
26976
14462
-1736
-17495
-28798
-32764
-28377
-16752
-852
15267
27492
32699
29554
18857
3339
-13034
-26077
-32450
-30520
-20777
-5712
10817
24578
32042
31291
22515
7961
-8637
-23021
-31496
-31881
-24075
-10079
6509
21426
30833
32307
25463
12062
-4448
-19815
-30076
-32585
-26689
-13907
2465
18204
29244
32732
27762
15616
-569
-16610
-28356
-32765
-28692
-17189
-1231
15047
27428
32699
29490
18630
2932
-13528
-26478
-32552
-30168
-19943
-4530
12062
25519
32337
30737
21133
6022
-10659
-24565
-32068
-31208
-22206
-7407
9326
23628
31760
31593
23169
8686
-8070
-22719
-31423
-31903
-24028
-9858
6896
21846
31070
32147
24790
10926
-5807
-21019
-30711
-32336
-25461
-11891
4807
20244
30356
32478
26047
12755
-3899
-19528
-30012
-32581
-26556
-13521
3083
18877
29687
32654
26991
14192
-2362
-18294
-29387
-32703
-27360
-14769
1736
17784
29119
32734
27666
15255
-1206
-17349
-28887
-32752
-27913
-15652
771
16993
28695
32761
28105
15962
-434
-16717
-28547
-32765
-28244
-16186
193
16523
28443
32766
28334
16326
-48
-16412
-28387
-32766
-28374
-16382
0
0
0
0
0
0
0
0
0
0
0
0
0
0
0
0
0
0
0
0
0
0
0
0
0
0
0
0
0
0
0
0
0
0
0
0
0
0
0
0
0
0
0
0
0
0
0
0
0
0
0
0
0
0
0
0
0
0
0
0
0
0
0
0
0
0
0
0
0
0
0
0
0
0
0
0
0
0
0
0
0
0
0
0
0
0
0
0
0
0
0
0
0
0
0
0
0
0
0
0
0
0
0
0
0
0
0
0
0
0
0
0
0
0
0
0
0
0
0
0
0
0
0
0
0
0
0
0
0
0
0
0
0
0
0
0
0
0
0
0
0
0
0
0
0
0
0
0
0
0
0
0
0
0
0
0
0
0
0
0
0
0
0
0
0
0
0
0
0
0
0
0
0
0
0
0
0
0
0
0
0
0
0
0
0
0
0
0
0
0
0
0
0
0
0
0
0
0
0
0
0
0
0
0
0
0
0
0
0
0
0
0
0
0
0
0
0
0
0
0
0
0
0
0
0
0
0
0
0
0
0
0
0
0
0
0
0
0
0
0
0
0
0
0
0
0
0
0
0
0
0
0
0
0
0
0
0
0
0
0
0
0
0
0
0
0
0
0
0
0
0
0
0
0
0
0
0
0
0
0
0
0
0
0
0
0
0
0
0
0
0
0
0
0
0
0
0
0
0
0
0
0
0
0
0
0
0
0
0
0
0
0
0
0
0
0
0
0
0
0
0
0
0
0
0
0
0
0
0
0
0
0
0
0
0
0
0
0
0
0
0
0
0
0
0
0
0
0
0
0
0
0
0
0
0
0
0
0
0
0
0
0
0
0
0
0
0
0
0
0
0
0
0
0
0
0
0
0
0
0
0
0
0
0
0
0
0
0
0
0
0
0
0
0
0
0
0
0
0
0
0
0
0
0
0
0
0
0
0
0
0
0
0
0
0
0
0
0
0
0
0
0
0
0
0
0
0
0
0
0
0
0
0
0
0
0
0
0
0
0
0
0
0
0
0
0
0
0
0
0
0
0
0
0
0
0
0
0
0
0
0
0
0
0
0
0
0
0
0
0
0
0
0
0
0
0
0
0
0
0
0
0
0
0
0
0
0
0
0
0
0
0
0
0
0
0
0
0
0
0
0
0
0
0
0
0
0
0
0
0
0
0
0
0
0
0
0
0
0
0
0
0
0
0
0
0
0
0
0
0
0
0
0
0
0
0
0
0
0
0
0
0
0
0
0
0
0
0
0
0
0
0
0
0
0
0
0
0
0
0
0
0
0
0
0
0
0
0
0
0
0
0
0
0
0
0
0
0
0
0
0
0
0
0
0
0
0
0
0
0
0
0
0
0
0
0
0
0
0
0
0
0
0
0
0
0
0
0
0
0
0
0
0
0
0
0
0
0
0
0
0
0
0
0
0
0
0
0
0
0
0
0
0
0
0
0
0
0
0
0
0
0
0
0
0
0
0
0
0
0
0
0
0
0
0
0
0
0
0
0
0
0
0
0
0
0
0
0
0
0
0
0
0
0
0
0
0
0
0
0
0
0
0
0
0
0
0
0
0
0
0
0
0
0
0
0
0
0
0
0
0
0
0
0
0
0
0
0
0
0
0
0
0
0
0
0
0
0
0
0
0
0
0
0
0
0
0
0
0
0
0
0
0
0
0
0
0
0
0
0
0
0
0
0
0
0
0
0
0
0
0
0
0
0
0
0
0
0
0
0
0
0
0
0
0
0
0
0
0
0
0
0
0
0
0
0
0
0
0
0
0
0
0
0
0
0
0
0
0
0
0
0
0
0
0
0
0
0
0
0
0
0
0
0
0
0
0
0
0
0
0
0
0
0
0
0
0
0
0
0
0
0
0
0
0
0
0
0
0
0
0
0
0
0
0
0
0
0
0
0
0
0
0
0
0
0
0
0
0
0
0
0
0
0
0
0
0
0
0
0
0
0
0
0
0
0
0
0
0
0
0
0
0
0
0
0
0
0
0
0
0
0
0
0
0
0
0
0
0
0
0
0
0
0
0
0
0
0
0
0
0
0
0
0
0
0
0
0
0
0
0
0
0
0
0
0
0
0
0
0
0
0
0
0
0
0
0
0
0
0
0
0
0
0
0
0
0
0
0
0
0
0
0
0
0
0
0
0
0
0
0
0
0
0
0
0
0
0
0
0
13106
12737
11654
9920
7643
4958
2026
-979
-3883
-6520
-8744
-10437
-11516
-11936
-11695
-10828
-9407
-7532
-5329
-2934
-488
1870
4018
5851
7288
8278
8798
8853
8474
7714
6640
5332
3875
2350
837
-597
-1897
-3021
-3940
-4641
-5119
-5383
-5445
-5325
-5044
-4624
-4084
-3447
-2729
-1949
-1122
-268
595
1447
2264
3021
3690
4244
4657
4905
4969
4837
4505
3980
3276
2419
1444
393
-685
-1743
-2726
-3589
-4287
-4788
-5067
-5112
-4923
-4513
-3905
-3133
-2238
-1266
-267
710
1620
2423
3084
3580
3894
4023
3969
3748
3378
2888
2308
1671
1012
363
-246
-791
-1251
-1614
-1872
-2026
-2080
-2047
-1942
-1785
-1596
-1396
-1204
-1037
-907
-819
-774
-766
-781
-802
-808
-774
-678
-498
-219
166
657
1243
1899
2592
3276
3902
4413
4754
4874
4732
4297
3558
2524
1225
-286
-1938
-3641
-5293
-6784
-8008
-8866
-9273
-9171
-8529
-7350
-5672
-3568
-1143
1469
4118
6642
8879
10680
11916
12490
12345
11468
9894
7702
5014
1988
-1194
-4338
-7247
-9738
-11652
-12867
-13305
-12939
-11794
-9946
-7516
-4664
-1576
1548
4509
7119
9218
10681
11429
11433
10712
9337
7419
5104
2560
-33
-2499
-4676
-6426
-7648
-8281
-8308
-7754
-6687
-5207
-3440
-1527
383
2154
3661
4804
5516
5763
5548
4906
3906
2637
1206
-271
-1682
-2923
-3906
-4565
-4860
-4781
-4344
-3589
-2579
-1392
-115
1159
2346
3366
4156
4669
4879
4782
4391
3738
2873
1852
742
-388
-1474
-2454
-3276
-3901
-4300
-4460
-4383
-4080
-3576
-2907
-2115
-1245
-346
532
1346
2056
2628
3040
3276
3333
3216
2943
2536
2028
1456
858
274
-259
-710
-1053
-1275
-1368
-1339
-1204
-987
-721
-441
-186
8
112
105
-24
-275
-630
-1061
-1527
-1982
-2371
-2643
-2749
-2650
-2323
-1759
-971
8
1128
2321
3506
4595
5502
6144
6455
6384
5909
5031
3783
2225
442
-1460
-3365
-5149
-6694
-7891
-8654
-8924
-8674
-7909
-6670
-5032
-3093
-974
1194
3276
5146
6693
7827
8489
8655
8329
7550
6387
4927
3274
1538
-169
-1752
-3124
-4225
-5014
-5478
-5627
-5491
-5117
-4559
-3879
-3136
-2381
-1654
-984
-385
142
608
1029
1425
1813
2204
2602
2997
3370
3691
3923
4024
3955
3684
3191
2473
1544
442
-777
-2041
-3265
-4358
-5232
-5806
-6021
-5839
-5252
-4284
-2990
-1454
214
1895
3457
4776
5743
6273
6314
5853
4916
3572
1922
96
-1756
-3482
-4936
-5988
-6544
-6545
-5980
-4883
-3336
-1458
599
2669
4579
6164
7287
7845
7778
7079
5793
4013
1872
-461
-2806
-4976
-6797
-8123
-8849
-8915
-8316
-7100
-5366
-3252
-928
1422
3616
5483
6886
7724
7950
7565
6623
5224
3503
1619
-257
-1964
-3358
-4329
-4810
-4781
-4271
-3355
-2147
-786
573
1779
2696
3217
3276
2854
1980
734
-766
-2371
-3914
-5228
-6159
-6583
-6419
-5635
-4256
-2363
-87
2401
4906
7217
9133
10479
11117
10966
10002
8270
5874
2975
-222
-3486
-6577
-9264
-11343
-12657
-13106
-12657
-11343
-9264
-6577
-3486
-222
2975
5874
8270
10002
10966
11117
10479
9133
7217
4906
2401
-87
-2363
-4256
-5635
-6419
-6583
-6159
-5228
-3914
-2371
-766
734
1980
2854
3276
3217
2696
1779
573
-786
-2147
-3355
-4271
-4781
-4810
-4329
-3358
-1964
-257
1619
3503
5224
6623
7565
7950
7724
6886
5483
3616
1422
-928
-3252
-5366
-7100
-8316
-8915
-8849
-8123
-6797
-4976
-2806
-461
1872
4013
5793
7079
7778
7845
7287
6164
4579
2669
599
-1458
-3336
-4883
-5980
-6545
-6544
-5988
-4936
-3482
-1756
96
1922
3572
4916
5853
6314
6273
5743
4776
3457
1895
214
-1454
-2990
-4284
-5252
-5839
-6021
-5806
-5232
-4358
-3265
-2041
-777
442
1544
2473
3191
3684
3955
4024
3923
3691
3370
2997
2602
2204
1813
1425
1029
608
142
-385
-984
-1654
-2381
-3136
-3879
-4559
-5117
-5491
-5627
-5478
-5014
-4225
-3124
-1752
-169
1538
3274
4927
6387
7550
8329
8655
8489
7827
6693
5146
3276
1194
-974
-3093
-5032
-6670
-7909
-8674
-8924
-8654
-7891
-6694
-5149
-3365
-1460
442
2225
3783
5031
5909
6384
6455
6144
5502
4595
3506
2321
1128
8
-971
-1759
-2323
-2650
-2749
-2643
-2371
-1982
-1527
-1061
-630
-275
-24
105
112
8
-186
-441
-721
-987
-1204
-1339
-1368
-1275
-1053
-710
-259
274
858
1456
2028
2536
2943
3216
3333
3276
3040
2628
2056
1346
532
-346
-1245
-2115
-2907
-3576
-4080
-4383
-4460
-4300
-3901
-3276
-2454
-1474
-388
742
1852
2873
3738
4391
4782
4879
4669
4156
3366
2346
1159
-115
-1392
-2579
-3589
-4344
-4781
-4860
-4565
-3906
-2923
-1682
-271
1206
2637
3906
4906
5548
5763
5516
4804
3661
2154
383
-1527
-3440
-5207
-6687
-7754
-8308
-8281
-7648
-6426
-4676
-2499
-33
2560
5104
7419
9337
10712
11433
11429
10681
9218
7119
4509
1548
-1576
-4664
-7516
-9946
-11794
-12939
-13305
-12867
-11652
-9738
-7247
-4338
-1194
1988
5014
7702
9894
11468
12345
12490
11916
10680
8879
6642
4118
1469
-1143
-3568
-5672
-7350
-8529
-9171
-9273
-8866
-8008
-6784
-5293
-3641
-1938
-286
1225
2524
3558
4297
4732
4874
4754
4413
3902
3276
2592
1899
1243
657
166
-219
-498
-678
-774
-808
-802
-781
-766
-774
-819
-907
-1037
-1204
-1396
-1596
-1785
-1942
-2047
-2080
-2026
-1872
-1614
-1251
-791
-246
363
1012
1671
2308
2888
3378
3748
3969
4023
3894
3580
3084
2423
1620
710
-267
-1266
-2238
-3133
-3905
-4513
-4923
-5112
-5067
-4788
-4287
-3589
-2726
-1743
-685
393
1444
2419
3276
3980
4505
4837
4969
4905
4657
4244
3690
3021
2264
1447
595
-268
-1122
-1949
-2729
-3447
-4084
-4624
-5044
-5325
-5445
-5383
-5119
-4641
-3940
-3021
-1897
-597
837
2350
3875
5332
6640
7714
8474
8853
8798
8278
7288
5851
4018
1870
-488
-2934
-5329
-7532
-9407
-10828
-11695
-11936
-11516
-10437
-8744
-6520
-3883
-979
2026
4958
7643
9920
11654
12737
0
0
0
0
0
0
0
0
0
0
0
0
0
0
0
0
0
0
0
0
0
0
0
0
0
0
0
0
0
0
0
0
0
0
0
0
0
0
0
0
0
0
0
0
0
0
0
0
0
0
0
0
0
0
0
0
0
0
0
0
0
0
0
0
0
0
0
-9830
-9536
-8674
-7301
-5508
-3411
-1146
1143
3315
5240
6806
7931
8564
8687
8317
7500
6308
4835
3181
1454
-244
-1823
-3208
-4341
-5190
-5739
-5992
-5971
-5707
-5237
-4602
-3842
-2993
-2085
-1143
-187
766
1702
2604
3451
4217
4873
5382
5706
5808
5654
5221
4496
3485
2215
734
-891
-2575
-4216
-5708
-6943
-7823
-8267
-8218
-7650
-6575
-5039
-3125
-947
1355
3629
5717
7470
8757
9478
9572
9024
7863
6166
4049
1662
-824
-3232
-5387
-7135
-8352
-8956
-8913
-8236
-6990
-5283
-3256
-1073
1089
3066
4706
5890
6541
6628
6168
5224
3902
2335
677
-916
-2296
-3338
-3953
-4091
-3751
-2976
-1853
-504
928
2290
3431
4222
4564
4397
3712
2547
988
-836
-2771
-4642
-6272
-7498
-8187
-8243
-7624
-6342
-4464
-2111
554
3337
6028
8415
10308
11546
12018
11665
10494
8569
6015
3003
-259
-3546
-6629
-9294
-11356
-12678
-13173
-12819
-11649
-9759
-7290
-4422
-1359
1688
4520
6956
8852
10111
10684
10573
9830
8548
6854
4894
2822
788
-1074
-2658
-3888
-4725
-5166
-5243
-5011
-4549
-3943
-3280
-2640
-2086
-1659
-1377
-1231
-1192
-1213
-1235
-1198
-1045
-732
-234
450
1301
2272
3295
4289
5164
5831
6210
6239
5879
5121
3990
2538
849
-971
-2803
-4521
-6001
-7137
-7843
-8064
-7781
-7010
-5805
-4249
-2453
-546
1338
3068
4527
5619
6277
6471
6206
5521
4488
3205
1784
346
-989
-2118
-2954
-3440
-3550
-3291
-2701
-1849
-823
272
1327
2238
2911
3276
3287
2930
2223
1213
-23
-1390
-2779
-4075
-5166
-5954
-6361
-6336
-5857
-4938
-3621
-1980
-113
1863
3825
5645
7202
8392
9130
9361
9061
8236
6926
5201
3153
897
-1441
-3733
-5851
-7678
-9113
-10078
-10522
-10423
-9788
-8652
-7079
-5153
-2978
-668
1656
3876
5879
7565
8855
9687
10029
9871
9230
8149
6692
4941
2991
947
-1086
-3004
-4715
-6137
-7207
-7883
-8146
-7999
-7467
-6594
-5443
-4087
-2609
-1092
379
1734
2906
3847
4524
4923
5047
4915
4559
4023
3357
2615
1850
1108
429
-154
-626
-977
-1212
-1342
-1388
-1375
-1327
-1272
-1228
-1213
-1233
-1291
-1379
-1482
-1584
-1661
-1693
-1659
-1543
-1335
-1033
-643
-177
342
889
1433
1942
2383
2729
2955
3047
2995
2801
2474
2031
1496
898
268
-360
-957
-1494
-1947
-2299
-2539
-2662
-2669
-2568
-2371
-2092
-1750
-1363
-950
-529
-117
271
625
935
1193
1394
1535
1618
1642
1612
1532
1410
1255
1074
880
682
490
314
160
33
-64
-135
-186
-224
-260
-308
-379
-485
-633
-829
-1069
-1344
-1639
-1931
-2192
-2391
-2494
-2470
-2294
-1947
-1423
-727
118
1079
2105
3133
4094
4916
5525
5859
5866
5514
4793
3720
2335
707
-1073
-2901
-4656
-6219
-7474
-8320
-8681
-8508
-7788
-6546
-4843
-2776
-472
1923
4249
6348
8072
9292
9916
9889
9201
7887
6031
3753
1208
-1429
-3976
-6250
-8091
-9363
-9974
-9878
-9077
-7629
-5635
-3239
-613
2051
4561
6734
8411
9468
9830
9468
8411
6734
4561
2051
-613
-3239
-5635
-7629
-9077
-9878
-9974
-9363
-8091
-6250
-3976
-1429
1208
3753
6031
7887
9201
9889
9916
9292
8072
6348
4249
1923
-472
-2776
-4843
-6546
-7788
-8508
-8681
-8320
-7474
-6219
-4656
-2901
-1073
707
2335
3720
4793
5514
5866
5859
5525
4916
4094
3133
2105
1079
118
-727
-1423
-1947
-2294
-2470
-2494
-2391
-2192
-1931
-1639
-1344
-1069
-829
-633
-485
-379
-308
-260
-224
-186
-135
-64
33
160
314
490
682
880
1074
1255
1410
1532
1612
1642
1618
1535
1394
1193
935
625
271
-117
-529
-950
-1363
-1750
-2092
-2371
-2568
-2669
-2662
-2539
-2299
-1947
-1494
-957
-360
268
898
1496
2031
2474
2801
2995
3047
2955
2729
2383
1942
1433
889
342
-177
-643
-1033
-1335
-1543
-1659
-1693
-1661
-1584
-1482
-1379
-1291
-1233
-1213
-1228
-1272
-1327
-1375
-1388
-1342
-1212
-977
-626
-154
429
1108
1850
2615
3357
4023
4559
4915
5047
4923
4524
3847
2906
1734
379
-1092
-2609
-4087
-5443
-6594
-7467
-7999
-8146
-7883
-7207
-6137
-4715
-3004
-1086
947
2991
4941
6692
8149
9230
9871
10029
9687
8855
7565
5879
3876
1656
-668
-2978
-5153
-7079
-8652
-9788
-10423
-10522
-10078
-9113
-7678
-5851
-3733
-1441
897
3153
5201
6926
8236
9061
9361
9130
8392
7202
5645
3825
1863
-113
-1980
-3621
-4938
-5857
-6336
-6361
-5954
-5166
-4075
-2779
-1390
-23
1213
2223
2930
3287
3276
2911
2238
1327
272
-823
-1849
-2701
-3291
-3550
-3440
-2954
-2118
-989
346
1784
3205
4488
5521
6206
6471
6277
5619
4527
3068
1338
-546
-2453
-4249
-5805
-7010
-7781
-8064
-7843
-7137
-6001
-4521
-2803
-971
849
2538
3990
5121
5879
6239
6210
5831
5164
4289
3295
2272
1301
450
-234
-732
-1045
-1198
-1235
-1213
-1192
-1231
-1377
-1659
-2086
-2640
-3280
-3943
-4549
-5011
-5243
-5166
-4725
-3888
-2658
-1074
788
2822
4894
6854
8548
9830
10573
10684
10111
8852
6956
4520
1688
-1359
-4422
-7290
-9759
-11649
-12819
-13173
-12678
-11356
-9294
-6629
-3546
-259
3003
6015
8569
10494
11665
12018
11546
10308
8415
6028
3337
554
-2111
-4464
-6342
-7624
-8243
-8187
-7498
-6272
-4642
-2771
-836
988
2547
3712
4397
4564
4222
3431
2290
928
-504
-1853
-2976
-3751
-4091
-3953
-3338
-2296
-916
677
2335
3902
5224
6168
6628
6541
5890
4706
3066
1089
-1073
-3256
-5283
-6990
-8236
-8913
-8956
-8352
-7135
-5387
-3232
-824
1662
4049
6166
7863
9024
9572
9478
8757
7470
5717
3629
1355
-947
-3125
-5039
-6575
-7650
-8218
-8267
-7823
-6943
-5708
-4216
-2575
-891
734
2215
3485
4496
5221
5654
5808
5706
5382
4873
4217
3451
2604
1702
766
-187
-1143
-2085
-2993
-3842
-4602
-5237
-5707
-5971
-5992
-5739
-5190
-4341
-3208
-1823
-244
1454
3181
4835
6308
7500
8317
8687
8564
7931
6806
5240
3315
1143
-1146
-3411
-5508
-7301
-8674
-9536
0
0
0
0
0
0
0
0
0
0
0
0
0
0
0
0
0
0
0
0
0
0
0
0
0
0
0
0
0
0
0
0
0
0
0
0
0
0
0
0
0
0
0
0
0
0
0
0
0
0
0
0
0
0
0
0
0
0
0
0
0
0
0
0
0
0
0
13106
12624
11214
8986
6114
2819
-643
-4010
-7027
-9469
-11161
-11989
-11907
-10943
-9194
-6816
-4012
-1013
1939
4616
6815
8380
9211
9272
8591
7258
5412
3234
923
-1316
-3292
-4845
-5856
-6259
-6045
-5261
-4004
-2411
-648
1110
2690
3942
4746
5027
4761
3976
2746
1189
-547
-2297
-3896
-5189
-6048
-6386
-6158
-5372
-4082
-2389
-428
1641
3651
5435
6846
7767
8120
7874
7045
5698
3934
1888
-284
-2423
-4371
-5991
-7175
-7849
-7983
-7586
-6710
-5436
-3876
-2153
-397
1268
2735
3920
4765
5247
5370
5169
4698
4028
3236
2400
1589
856
239
-246
-603
-850
-1021
-1155
-1290
-1462
-1693
-1992
-2349
-2740
-3124
-3450
-3662
-3704
-3529
-3106
-2422
-1488
-340
960
2335
3687
4915
5915
6596
6884
6732
6125
5079
3650
1921
5
-1967
-3857
-5527
-6850
-7726
-8082
-7884
-7138
-5894
-4236
-2280
-168
1947
3914
5589
6851
7609
7812
7448
6548
5183
3458
1504
-533
-2504
-4265
-5688
-6675
-7160
-7115
-6553
-5522
-4105
-2411
-567
1293
3037
4543
5713
6470
6774
6614
6014
5026
3728
2215
594
-1026
-2541
-3859
-4905
-5625
-5991
-5995
-5657
-5015
-4122
-3045
-1855
-625
575
1684
2650
3436
4017
4381
4530
4476
4239
3846
3328
2717
2044
1338
626
-68
-728
-1338
-1886
-2362
-2760
-3074
-3301
-3437
-3481
-3432
-3289
-3055
-2732
-2325
-1841
-1287
-675
-18
670
1372
2070
2743
3370
3928
4392
4740
4948
4994
4861
4534
4006
3274
2349
1247
0
-1353
-2760
-4160
-5484
-6660
-7615
-8280
-8593
-8509
-7998
-7052
-5688
-3950
-1905
356
2722
5068
7263
9175
10681
11677
12084
11853
10972
9468
7408
4893
2057
-944
-3941
-6757
-9227
-11201
-12560
-13219
-13138
-12321
-10819
-8724
-6166
-3302
-309
2632
5346
7675
9488
10690
11229
11096
10325
8993
7209
5106
2836
551
-1600
-3488
-5007
-6083
-6679
-6791
-6454
-5730
-4708
-3491
-2189
-913
238
1185
1869
2257
2346
2158
1738
1151
472
-219
-844
-1335
-1638
-1717
-1560
-1174
-590
144
970
1816
2612
3290
3790
4066
4090
3852
3360
2641
1737
703
-398
-1503
-2546
-3469
-4221
-4766
-5080
-5151
-4984
-4595
-4009
-3263
-2394
-1445
-458
526
1472
2348
3127
3787
4313
4691
4915
4977
4878
4617
4199
3629
2920
2087
1149
134
-928
-2001
-3045
-4016
-4869
-5562
-6056
-6316
-6317
-6046
-5501
-4693
-3648
-2404
-1012
467
1968
3419
4748
5889
6783
7380
7644
7557
7115
6335
5247
3899
2354
681
-1038
-2724
-4294
-5671
-6787
-7585
-8022
-8076
-7738
-7022
-5960
-4601
-3010
-1265
547
2334
4005
5472
6656
7492
7933
7951
7542
6726
5546
4064
2364
541
-1299
-3049
-4605
-5875
-6779
-7264
-7299
-6882
-6040
-4828
-3324
-1628
146
1883
3465
4786
5755
6307
6406
6047
5257
4095
2645
1015
-676
-2303
-3746
-4897
-5670
-6006
-5879
-5298
-4305
-2974
-1406
281
1959
3501
4788
5719
6222
6256
5815
4930
3666
2116
397
-1362
-3030
-4480
-5601
-6310
-6553
-6310
-5601
-4480
-3030
-1362
397
2116
3666
4930
5815
6256
6222
5719
4788
3501
1959
281
-1406
-2974
-4305
-5298
-5879
-6006
-5670
-4897
-3746
-2303
-676
1015
2645
4095
5257
6047
6406
6307
5755
4786
3465
1883
146
-1628
-3324
-4828
-6040
-6882
-7299
-7264
-6779
-5875
-4605
-3049
-1299
541
2364
4064
5546
6726
7542
7951
7933
7492
6656
5472
4005
2334
547
-1265
-3010
-4601
-5960
-7022
-7738
-8076
-8022
-7585
-6787
-5671
-4294
-2724
-1038
681
2354
3899
5247
6335
7115
7557
7644
7380
6783
5889
4748
3419
1968
467
-1012
-2404
-3648
-4693
-5501
-6046
-6317
-6316
-6056
-5562
-4869
-4016
-3045
-2001
-928
134
1149
2087
2920
3629
4199
4617
4878
4977
4915
4691
4313
3787
3127
2348
1472
526
-458
-1445
-2394
-3263
-4009
-4595
-4984
-5151
-5080
-4766
-4221
-3469
-2546
-1503
-398
703
1737
2641
3360
3852
4090
4066
3790
3290
2612
1816
970
144
-590
-1174
-1560
-1717
-1638
-1335
-844
-219
472
1151
1738
2158
2346
2257
1869
1185
238
-913
-2189
-3491
-4708
-5730
-6454
-6791
-6679
-6083
-5007
-3488
-1600
551
2836
5106
7209
8993
10325
11096
11229
10690
9488
7675
5346
2632
-309
-3302
-6166
-8724
-10819
-12321
-13138
-13219
-12560
-11201
-9227
-6757
-3941
-944
2057
4893
7408
9468
10972
11853
12084
11677
10681
9175
7263
5068
2722
356
-1905
-3950
-5688
-7052
-7998
-8509
-8593
-8280
-7615
-6660
-5484
-4160
-2760
-1353
0
1247
2349
3274
4006
4534
4861
4994
4948
4740
4392
3928
3370
2743
2070
1372
670
-18
-675
-1287
-1841
-2325
-2732
-3055
-3289
-3432
-3481
-3437
-3301
-3074
-2760
-2362
-1886
-1338
-728
-68
626
1338
2044
2717
3328
3846
4239
4476
4530
4381
4017
3436
2650
1684
575
-625
-1855
-3045
-4122
-5015
-5657
-5995
-5991
-5625
-4905
-3859
-2541
-1026
594
2215
3728
5026
6014
6614
6774
6470
5713
4543
3037
1293
-567
-2411
-4105
-5522
-6553
-7115
-7160
-6675
-5688
-4265
-2504
-533
1504
3458
5183
6548
7448
7812
7609
6851
5589
3914
1947
-168
-2280
-4236
-5894
-7138
-7884
-8082
-7726
-6850
-5527
-3857
-1967
5
1921
3650
5079
6125
6732
6884
6596
5915
4915
3687
2335
960
-340
-1488
-2422
-3106
-3529
-3704
-3662
-3450
-3124
-2740
-2349
-1992
-1693
-1462
-1290
-1155
-1021
-850
-603
-246
239
856
1589
2400
3236
4028
4698
5169
5370
5247
4765
3920
2735
1268
-397
-2153
-3876
-5436
-6710
-7586
-7983
-7849
-7175
-5991
-4371
-2423
-284
1888
3934
5698
7045
7874
8120
7767
6846
5435
3651
1641
-428
-2389
-4082
-5372
-6158
-6386
-6048
-5189
-3896
-2297
-547
1189
2746
3976
4761
5027
4746
3942
2690
1110
-648
-2411
-4004
-5261
-6045
-6259
-5856
-4845
-3292
-1316
923
3234
5412
7258
8591
9272
9211
8380
6815
4616
1939
-1013
-4012
-6816
-9194
-10943
-11907
-11989
-11161
-9469
-7027
-4010
-643
2819
6114
8986
11214
12624
0
0
0
0
0
0
0
0
0
0
0
0
0
0
0
0
0
0
0
0
0
0
0
0
0
0
0
0
0
0
0
0
0
0
0
0
0
0
0
0
0
0
0
0
0
0
0
0
0
0
0
0
0
0
0
0
0
0
0
0
0
0
0
0
0
0
0
6553
6423
6037
5407
4552
3498
2281
943
-464
-1888
-3266
-4535
-5634
-6503
-7092
-7359
-7277
-6837
-6047
-4936
-3550
-1955
-231
1531
3237
4791
6103
7097
7713
7914
7687
7043
6023
4687
3115
1403
-347
-2033
-3557
-4834
-5798
-6403
-6629
-6480
-5986
-5195
-4174
-2999
-1754
-520
628
1629
2437
3022
3376
3508
3442
3217
2877
2471
2045
1640
1287
1005
800
666
584
529
470
375
217
-24
-360
-789
-1294
-1850
-2417
-2951
-3403
-3725
-3876
-3822
-3545
-3041
-2325
-1428
-395
714
1834
2894
3827
4570
5073
5304
5245
4899
4289
3453
2447
1332
178
-943
-1971
-2847
-3530
-3991
-4221
-4223
-4019
-3641
-3130
-2532
-1894
-1259
-666
-140
299
649
912
1102
1240
1349
1451
1567
1711
1887
2094
2317
2535
2719
2839
2860
2753
2494
2068
1475
724
-157
-1133
-2152
-3156
-4083
-4869
-5457
-5795
-5847
-5593
-5029
-4172
-3058
-1740
-285
1228
2718
4099
5292
6227
6848
7117
7018
6553
5748
4648
3314
1821
253
-1302
-2761
-4046
-5089
-5839
-6264
-6351
-6105
-5554
-4742
-3725
-2572
-1354
-146
982
1970
2771
3349
3688
3788
3666
3353
2893
2336
1738
1151
625
200
-97
-254
-272
-169
24
268
514
713
817
787
594
227
-309
-994
-1784
-2623
-3444
-4173
-4733
-5056
-5084
-4779
-4122
-3125
-1821
-274
1430
3189
4886
6403
7625
8451
8803
8632
7921
6692
5003
2946
642
-1767
-4127
-6283
-8091
-9424
-10190
-10330
-9830
-8717
-7063
-4977
-2597
-82
2398
4680
6614
8075
8974
9263
8938
8039
6646
4875
2862
761
-1273
-3100
-4595
-5665
-6254
-6345
-5961
-5162
-4036
-2696
-1266
129
1377
2379
3067
3403
3384
3038
2423
1621
725
-164
-953
-1563
-1934
-2035
-1864
-1449
-844
-123
625
1313
1853
2177
2237
2014
1519
795
-89
-1045
-1967
-2751
-3299
-3531
-3397
-2877
-1990
-793
620
2134
3609
4903
5877
6414
6426
5869
4742
3096
1031
-1311
-3759
-6118
-8191
-9793
-10765
-10990
-10407
-9012
-6865
-4088
-856
2614
6080
9289
12000
14000
15123
15260
14373
12498
9739
6267
2308
-1877
-6008
-9805
-13011
-15408
-16835
-17196
-16472
-14715
-12049
-8657
-4771
-651
3433
7219
10471
12996
14656
15375
15142
14012
12094
9549
6566
3358
138
-2891
-5555
-7714
-9271
-10178
-10433
-10077
-9190
-7879
-6266
-4485
-2662
-912
669
2011
3069
3826
4289
4483
4449
4237
3897
3478
3020
2555
2104
1676
1272
885
506
127
-256
-647
-1038
-1416
-1761
-2053
-2266
-2380
-2381
-2259
-2019
-1674
-1248
-774
-292
157
535
808
953
960
833
592
271
-85
-427
-702
-862
-869
-698
-344
178
834
1570
2320
3006
3551
3882
3940
3686
3105
2211
1047
-316
-1787
-3257
-4609
-5728
-6512
-6881
-6782
-6198
-5151
-3700
-1937
13
2013
3913
5567
6846
7647
7902
7585
6715
5354
3605
1602
-499
-2537
-4350
-5796
-6763
-7175
-7003
-6266
-5028
-3394
-1502
487
2410
4103
5425
6265
6553
6265
5425
4103
2410
487
-1502
-3394
-5028
-6266
-7003
-7175
-6763
-5796
-4350
-2537
-499
1602
3605
5354
6715
7585
7902
7647
6846
5567
3913
2013
13
-1937
-3700
-5151
-6198
-6782
-6881
-6512
-5728
-4609
-3257
-1787
-316
1047
2211
3105
3686
3940
3882
3551
3006
2320
1570
834
178
-344
-698
-869
-862
-702
-427
-85
271
592
833
960
953
808
535
157
-292
-774
-1248
-1674
-2019
-2259
-2381
-2380
-2266
-2053
-1761
-1416
-1038
-647
-256
127
506
885
1272
1676
2104
2555
3020
3478
3897
4237
4449
4483
4289
3826
3069
2011
669
-912
-2662
-4485
-6266
-7879
-9190
-10077
-10433
-10178
-9271
-7714
-5555
-2891
138
3358
6566
9549
12094
14012
15142
15375
14656
12996
10471
7219
3433
-651
-4771
-8657
-12049
-14715
-16472
-17196
-16835
-15408
-13011
-9805
-6008
-1877
2308
6267
9739
12498
14373
15260
15123
14000
12000
9289
6080
2614
-856
-4088
-6865
-9012
-10407
-10990
-10765
-9793
-8191
-6118
-3759
-1311
1031
3096
4742
5869
6426
6414
5877
4903
3609
2134
620
-793
-1990
-2877
-3397
-3531
-3299
-2751
-1967
-1045
-89
795
1519
2014
2237
2177
1853
1313
625
-123
-844
-1449
-1864
-2035
-1934
-1563
-953
-164
725
1621
2423
3038
3384
3403
3067
2379
1377
129
-1266
-2696
-4036
-5162
-5961
-6345
-6254
-5665
-4595
-3100
-1273
761
2862
4875
6646
8039
8938
9263
8974
8075
6614
4680
2398
-82
-2597
-4977
-7063
-8717
-9830
-10330
-10190
-9424
-8091
-6283
-4127
-1767
642
2946
5003
6692
7921
8632
8803
8451
7625
6403
4886
3189
1430
-274
-1821
-3125
-4122
-4779
-5084
-5056
-4733
-4173
-3444
-2623
-1784
-994
-309
227
594
787
817
713
514
268
24
-169
-272
-254
-97
200
625
1151
1738
2336
2893
3353
3666
3788
3688
3349
2771
1970
982
-146
-1354
-2572
-3725
-4742
-5554
-6105
-6351
-6264
-5839
-5089
-4046
-2761
-1302
253
1821
3314
4648
5748
6553
7018
7117
6848
6227
5292
4099
2718
1228
-285
-1740
-3058
-4172
-5029
-5593
-5847
-5795
-5457
-4869
-4083
-3156
-2152
-1133
-157
724
1475
2068
2494
2753
2860
2839
2719
2535
2317
2094
1887
1711
1567
1451
1349
1240
1102
912
649
299
-140
-666
-1259
-1894
-2532
-3130
-3641
-4019
-4223
-4221
-3991
-3530
-2847
-1971
-943
178
1332
2447
3453
4289
4899
5245
5304
5073
4570
3827
2894
1834
714
-395
-1428
-2325
-3041
-3545
-3822
-3876
-3725
-3403
-2951
-2417
-1850
-1294
-789
-360
-24
217
375
470
529
584
666
800
1005
1287
1640
2045
2471
2877
3217
3442
3508
3376
3022
2437
1629
628
-520
-1754
-2999
-4174
-5195
-5986
-6480
-6629
-6403
-5798
-4834
-3557
-2033
-347
1403
3115
4687
6023
7043
7687
7914
7713
7097
6103
4791
3237
1531
-231
-1955
-3550
-4936
-6047
-6837
-7277
-7359
-7092
-6503
-5634
-4535
-3266
-1888
-464
943
2281
3498
4552
5407
6037
6423
0
0
0
0
0
0
0
0
0
0
0
0
0
0
0
0
0
0
0
0
0
0
0
0
0
0
0
0
0
0
0
0
0
0
0
0
0
0
0
0
0
0
0
0
0
0
0
0
0
0
0
0
0
0
0
0
0
0
0
0
0
0
0
0
0
0
0
