0
4278
8485
12550
16402
19973
23203
26035
28419
30314
31684
32507
32766
32456
31581
30156
28203
25758
22860
19561
15917
11991
7852
3573
-771
-5106
-9352
-13436
-17284
-20829
-24006
-26759
-29038
-30801
-32015
-32660
-32720
-32196
-31094
-29434
-27244
-24563
-21439
-17925
-14087
-9991
-5712
-1327
3083
7441
11667
15683
19415
22796
25762
28259
30239
31667
32514
32764
32412
31462
29931
27847
25247
22178
18696
14865
10755
6443
2009
-2465
-6896
-11201
-15299
-19113
-22570
-25606
-28162
-30190
-31650
-32514
-32764
-32394
-31411
-29832
-27686
-25012
-21861
-18292
-14372
-10175
-5781
-1274
3259
7733
12062
16161
19951
23359
26318
28771
30668
31973
32659
32711
32127
30919
29107
26727
23823
20452
16679
12577
8226
3711
-879
-5455
-9926
-14204
-18204
-21846
-25058
-27775
-29942
-31516
-32464
-32766
-32415
-31417
-29790
-27567
-24790
-21514
-17805
-13736
-9388
-4849
-209
4437
8997
13377
17489
21248
24578
27411
29687
31359
32393
32765
32468
31507
29899
27676
24884
21579
17828
13707
9301
4700
0
-4703
-9311
-13729
-17864
-21629
-24947
-27746
-29968
-31566
-32503
-32761
-32332
-31225
-29460
-27076
-24119
-20653
-16748
-12488
-7961
-3263
1506
6246
10856
15238
19298
22949
26112
28719
30713
32051
32702
32651
31900
30461
28366
25658
22395
18646
14492
10022
5332
524
-4298
-9029
-13567
-17811
-21669
-25055
-27896
-30127
-31699
-32577
-32739
-32182
-30916
-28967
-26379
-23206
-19519
-15397
-10932
-6222
-1372
3511
8320
12945
17284
21240
24723
27655
29968
31611
32545
32748
32214
30954
28995
26381
23169
19431
15252
10724
5950
1038
-3899
-8751
-13405
-17757
-21705
-25159
-28038
-30277
-31822
-32637
-32702
-32014
-30588
-28456
-25665
-22280
-18377
-14047
-9388
-4509
477
5455
10308
14924
19194
23018
26305
28979
30974
32243
32756
32498
31476
29711
27244
24133
20449
16280
11722
6884
1880
-3170
-8148
-12935
-17416
-21484
-25041
-28000
-30291
-31856
-32659
-32677
-31909
-30373
-28105
-25157
-21600
-17520
-13013
-8189
-3163
1941
7001
11893
16499
20705
24407
27516
29953
31659
32589
32721
32049
30590
28377
25463
21921
17836
13307
8448
3377
-1780
-6896
-11843
-16499
-20746
-24479
-27603
-30040
-31727
-32621
-32699
-31957
-30413
-28105
-25088
-21439
-17247
-12618
-7668
-2522
2689
7836
12787
17416
21605
25247
28248
30530
32035
32723
32574
31592
29801
27244
23987
20112
15718
10917
5832
595
-4660
-9798
-14685
-19194
-23208
-26622
-29345
-31307
-32455
-32757
-32206
-30813
-28614
-25665
-22043
-17841
-13169
-8148
-2911
2405
7661
12717
17440
21705
25397
28419
30689
32146
32750
32483
31352
29385
26633
23169
19084
14487
9500
4255
-1105
-6439
-11603
-16457
-20870
-24723
-27911
-30346
-31961
-32712
-32578
-31559
-29684
-27001
-23582
-19519
-14922
-9916
-4636
771
6162
11386
16301
20770
24671
27896
30354
31977
32719
32558
31498
29565
26813
23317
19172
14492
9407
4058
-1405
-6833
-12073
-16978
-21411
-25247
-28377
-30713
-32188
-32760
-32410
-31148
-29007
-26047
-22351
-18021
-13179
-7961
-2516
3003
8440
13640
18454
22745
26389
29282
31340
32503
32737
32033
30409
27913
24613
20604
16000
10932
5547
0
-5550
-10942
-16021
-20637
-24657
-27963
-30458
-32068
-32745
-32468
-31244
-29107
-26118
-22364
-17952
-13013
-7689
-2137
3479
8997
14252
19090
23367
26955
29748
31662
32640
32650
31691
29790
27003
23411
19119
14256
8965
3403
-2262
-7862
-13230
-18204
-22633
-26385
-29345
-31423
-32556
-32707
-31871
-30072
-27362
-23823
-19561
-14703
-9397
-3803
1908
7565
12994
18030
22517
26318
29316
31419
32559
32702
31841
30001
27238
23635
19302
14372
8996
3339
-2422
-8112
-13553
-18577
-23026
-26761
-29667
-31650
-32648
-32629
-31591
-29565
-26615
-22829
-18327
-13249
-7752
-2009
3799
9491
14886
19815
24120
27666
30338
32052
32751
32412
31044
28690
25423
21345
16586
11295
5642
-193
-6025
-11667
-16938
-21669
-25706
-28920
-31206
-32489
-32726
-31909
-30063
-27244
-23544
-19081
-13998
-8460
-2644
3259
9060
14569
19606
24006
27626
30346
32075
32756
32366
30916
28451
25051
20827
15917
10480
4696
-1244
-7147
-12817
-18065
-22719
-26622
-29644
-31684
-32674
-32578
-31398
-29173
-25975
-21909
-17110
-11737
-5969
0
5972
11747
17130
21941
26016
29217
31436
32596
32657
31615
29504
26395
22390
17625
12260
6476
470
-5554
-11392
-16845
-21726
-25867
-29127
-31393
-32585
-32662
-31619
-29491
-26349
-22301
-17483
-12062
-6222
-166
5898
11762
17222
22088
26191
29387
31566
32648
32597
31411
29131
25835
21636
16679
11138
5205
-912
-7001
-12847
-18244
-23003
-26955
-29960
-31912
-32739
-32412
-30940
-28374
-24803
-20353
-15179
-9465
-3413
2763
8843
14612
19863
24407
28083
30758
32334
32755
32003
30103
27124
23169
18381
12929
7010
836
-5370
-11386
-16993
-21989
-26191
-29446
-31636
-32680
-32538
-31214
-28754
-25247
-20819
-15630
-9868
-3744
2518
8692
14551
19879
24480
28184
30855
32393
32739
31880
29845
26709
22585
17625
12011
5950
-333
-6607
-12639
-18204
-23094
-27128
-30152
-32055
-32763
-32248
-30528
-27666
-23767
-18976
-13473
-7461
-1167
5173
11322
17047
22132
26385
29644
31785
32724
32427
30901
28203
24435
19738
14288
8294
1981
-4409
-10635
-16457
-21654
-26025
-29402
-31656
-32697
-32485
-31027
-28377
-24634
-19943
-14481
-8460
-2109
4324
10594
16457
21686
26077
29459
31699
32710
32451
30929
28203
24378
19601
14056
7961
1552
-4919
-11201
-17047
-22227
-26537
-29806
-31906
-32751
-32307
-30590
-27666
-23648
-18696
-13002
-6791
-309
6187
12441
18204
23246
27366
30398
32222
32762
31995
29951
26709
22398
17189
11289
4935
-1619
-8112
-14281
-19879
-24678
-28486
-31147
-32552
-32643
-31416
-28917
-25247
-20553
-15023
-8882
-2378
4225
10659
16662
21989
26421
29777
31918
32756
32254
30432
27362
23169
18024
12137
5748
-879
-7473
-13762
-19485
-24407
-28323
-31070
-32533
-32650
-31414
-28875
-25136
-20353
-14721
-8475
-1874
4807
11292
17307
22602
26955
30182
32146
32765
32010
29911
26556
22083
16679
10571
4016
-2711
-9326
-15551
-21121
-25799
-29387
-31732
-32732
-32344
-30582
-27520
-23286
-18060
-12062
-5547
1206
7911
14280
20041
24947
28786
31393
32653
32513
30975
28105
24024
18906
12972
6476
-301
-7069
-13534
-19415
-24458
-28443
-31196
-32596
-32580
-31148
-28360
-24336
-19250
-13322
-6811
0
6813
13332
19269
24364
28393
31178
32594
32578
31129
28309
24241
19103
13120
6555
-301
-7147
-13680
-19609
-24671
-28641
-31340
-32648
-32505
-30916
-27948
-23735
-18460
-12360
-5706
1206
8067
14569
20421
25359
29162
31656
32728
32328
30473
27244
22786
17298
11027
4255
-2711
-9557
-15974
-21669
-26383
-29901
-32062
-32766
-31979
-29736
-26137
-21345
-15577
-9095
-2195
4807
11593
17850
23291
27666
30771
32464
32665
31362
28614
24546
19345
13249
6538
-477
-7473
-14125
-20126
-25196
-29098
-31650
-32732
-32292
-30349
-26991
-22374
-16712
-10266
-3339
3746
10659
17076
22694
27251
30530
32377
32702
31489
28793
24740
19519
13375
6597
-494
-7565
-14281
-20323
-25404
-29282
-31772
-32753
-32178
-30072
-26533
-21729
-15887
-9285
-2238
4919
11843
18204
23695
28052
31066
32589
32548
30942
27847
23411
17845
11416
4435
-2763
-9830
-16425
-22227
-26955
-30378
-32330
-32713
-31507
-28769
-24631
-19293
-13013
-6096
1120
8285
15047
21076
26077
29802
32068
32763
31850
29372
25451
20276
14101
7230
0
-7232
-14111
-20295
-25478
-29402
-31872
-32764
-32033
-29711
-25913
-20827
-14703
-7845
-595
6688
13640
19914
25196
29220
31785
32759
32093
29819
26047
20967
14832
7950
664
-6656
-13645
-19948
-25247
-29273
-31822
-32763
-32046
-29706
-25861
-20703
-14492
-7543
-209
7138
14125
20396
25629
29557
31977
32766
31880
29363
25342
20022
13674
6622
-771
-8129
-15071
-21240
-26318
-30042
-32219
-32734
-31559
-28754
-24461
-18901
-12360
-5177
2276
9615
16457
22447
27271
30678
32489
32608
31026
27825
23169
17302
10527
3199
-4298
-11573
-18244
-23960
-28419
-31387
-32705
-32302
-30198
-26501
-21406
-15179
-8148
-684
6817
13962
20369
25700
29668
32064
32757
31710
28975
24698
19103
12488
5205
-2358
-9798
-16717
-22745
-27557
-30894
-32577
-32513
-30703
-27244
-22319
-16192
-9191
-1693
5898
13175
19743
25247
29388
31941
32765
31816
29141
24884
19276
12618
5272
-2362
-9871
-16845
-22903
-27714
-31014
-32621
-32445
-30495
-26875
-21781
-15492
-8351
-749
6896
14165
20658
26016
29942
32220
32721
31417
28377
23767
17841
10926
3403
-4310
-11787
-18613
-24407
-28847
-31684
-32759
-32010
-29476
-25298
-19707
-13013
-5590
2148
9769
16845
22980
27828
31116
32659
32366
30254
26438
21133
14635
7310
-430
-8148
-15409
-21801
-26962
-30598
-32502
-32563
-30778
-27244
-22162
-15818
-8572
-836
6950
14343
20920
26305
30190
32350
32661
31103
27762
22829
16586
9388
1649
-6187
-13670
-20369
-25898
-29936
-32249
-32702
-31267
-28024
-23161
-16955
-9766
-2009
5867
13405
20168
25762
29860
32222
32709
31291
28049
23169
16936
9711
1916
-5992
-13553
-20323
-25904
-29968
-32275
-32687
-31179
-27837
-22855
-16527
-9222
-1372
6562
14111
20829
26318
30252
32397
32623
30916
27374
22206
15718
8294
373
-7571
-15067
-21669
-26980
-30683
-32556
-32483
-30469
-26631
-21197
-14492
-6916
1077
9009
16402
22811
27851
31216
32702
32218
29790
25564
19793
12824
5078
-2978
-10856
-18080
-24210
-28873
-31785
-32766
-31757
-28816
-24119
-17952
-10689
-2772
5316
13083
20053
25799
29968
32304
32662
31017
27469
22233
15630
8064
0
-8067
-15639
-22251
-27492
-31038
-32669
-32282
-29899
-25665
-19840
-12785
-4935
3223
11185
18454
24578
29176
31960
32754
31507
28295
23317
16881
9388
1306
-6859
-14599
-21426
-26913
-30713
-32587
-32415
-30206
-26096
-20343
-13307
-5431
2789
10837
18204
24423
29100
31937
32755
31498
28244
23199
16679
9099
938
-7285
-15047
-21854
-27271
-30951
-32659
-32282
-29844
-25497
-19519
-12290
-4271
4023
12062
19330
25359
29762
32252
32670
30984
27303
21861
15008
7184
-1105
-9326
-16947
-23474
-28484
-31650
-32766
-31757
-28687
-23753
-17274
-9670
-1435
6896
14781
21705
27215
30951
32666
32248
29720
25247
19119
11737
3583
-4807
-12886
-20121
-26035
-30239
-32455
-32534
-30469
-26395
-20578
-13400
-5336
3083
11302
18775
25007
29584
32200
32681
30992
27244
21684
14679
6695
-1736
-10055
-17706
-24178
-29038
-31959
-32744
-31340
-27837
-22468
-15592
-7668
771
9163
16942
23583
28641
31772
32764
31548
28203
22955
16155
8261
-193
-8637
-16499
-23246
-28419
-31667
-32766
-31641
-28366
-23161
-16378
-8479
0
8482
16388
23178
28387
31659
32766
31633
28334
23092
16267
8323
-193
-8699
-16610
-23382
-28547
-31748
-32764
-31521
-28105
-22748
-15818
-7793
771
9287
17161
23850
28887
31923
32744
31292
27666
22114
15023
6884
-1736
-10238
-18030
-24565
-29387
-32158
-32681
-30919
-26991
-21173
-13868
-5590
3083
11543
19194
25499
30012
32414
32534
30361
26047
19895
12336
3903
-4807
-13181
-20625
-26610
-30711
-32637
-32248
-29569
-24790
-18247
-10405
-1820
6896
15124
22277
27843
31423
32760
31757
28483
23169
16196
8060
-655
-9326
-17331
-24094
-29127
-32068
-32703
-30984
-27033
-21133
-13707
-5289
3511
12062
19743
25999
30374
32552
32371
29844
25150
18630
10754
2094
-6719
-15047
-22282
-27896
-31478
-32765
-31661
-28244
-22763
-15616
-7324
1506
10228
18204
24847
29668
32313
32585
30461
26096
19809
12062
3423
-5469
-13962
-21426
-27310
-31178
-32740
-31881
-28661
-23317
-16242
-7961
912
9721
17811
24578
29519
32265
32608
30520
26157
19840
12041
3339
-5613
-14150
-21629
-27492
-31296
-32755
-31758
-28377
-22863
-15630
-7219
1736
10564
18599
25234
29968
32443
32468
30041
25342
18725
10689
1842
-7147
-15598
-22868
-28404
-31785
-32751
-31227
-27327
-21345
-13736
-5078
3969
12717
20496
26712
30887
32702
32014
28875
23522
16364
7950
-1077
-10024
-18204
-24986
-29848
-32414
-32483
-30050
-25298
-18593
-10451
-1499
7571
16058
23305
28750
31969
32711
30916
26720
20449
12587
3744
-5391
-14111
-21734
-27666
-31442
-32766
-31533
-27837
-21964
-14372
-5653
3510
12401
20323
26654
30894
32710
31957
28692
23169
15822
7226
-1941
-10958
-19113
-25762
-30378
-32596
-32237
-29328
-24096
-16955
-8469
691
9799
18132
25028
29936
32465
32412
29778
24772
17791
9388
234
-8940
-17404
-24479
-29598
-32350
-32513
-30072
-25219
-18342
-9991
-836
8388
16942
24135
29387
32275
32563
30226
25451
18620
10283
1113
-8148
-16754
-24006
-29316
-32252
-32574
-30254
-25477
-18630
-10266
-1066
8222
16845
24098
29390
32286
32549
30156
25298
18372
9941
695
-8610
-17213
-24407
-29603
-32371
-32482
-29925
-24908
-17841
-9305
0
9307
17850
24924
29942
32491
32356
29546
24293
17028
8351
-1019
-10308
-18745
-25629
-30386
-32621
-32145
-28995
-23432
-15917
-7073
2362
11603
19879
26497
30903
32728
31816
28241
22301
14491
5464
-4023
-13175
-21224
-27492
-31451
-32766
-31324
-27244
-20868
-12732
-3519
5992
15001
22745
28568
31977
32682
30619
25962
19103
10622
1238
-8253
-17047
-24394
-29668
-32420
-32412
-29643
-24347
-16973
-8148
1373
10781
19269
26112
30723
32705
31886
28334
22351
14449
5304
-4298
-13534
-21608
-27826
-31650
-32749
-31026
-26627
-19930
-11510
-2094
7504
16457
23989
29446
32355
32460
29752
24461
17046
8148
-1459
-10942
-19477
-26318
-30870
-32732
-31742
-27983
-21780
-13674
-4371
5316
14541
22496
28484
31977
32669
30495
25645
18541
9807
209
-9410
-18204
-25397
-30356
-32640
-32046
-28625
-22675
-14721
-5464
4278
13645
21806
28038
31787
32719
30748
26047
19032
10324
695
-8997
-17892
-25196
-30256
-32621
-32077
-28669
-22701
-14703
-5389
4409
13816
21989
28193
31872
32694
30582
25725
18555
9715
0
-9718
-18563
-25739
-30598
-32699
-31850
-28126
-21861
-13619
-4144
5708
15047
23026
28920
32194
32549
29951
24631
17073
7961
-1876
-11547
-20168
-26955
-31287
-32766
-31257
-26894
-20073
-11416
-1713
8148
17267
24807
30076
32589
32113
28690
22632
14492
5018
-4919
-14407
-22570
-28657
-32104
-32591
-30072
-24775
-17189
-8012
1907
11653
20323
27113
31393
32763
31094
26539
19519
10683
852
-9060
-18132
-25519
-30530
-32697
-31816
-27965
-21503
-13031
-3339
6667
16052
23938
29584
32459
32292
29097
23169
15065
5543
-4501
-14125
-22423
-28612
-32108
-32578
-29977
-24546
-16798
-7461
2582
12385
21019
27666
31694
32721
30647
25665
18247
9095
-923
-10856
-19760
-26786
-31264
-32766
-31146
-26556
-19431
-10451
-470
9557
18675
26008
30855
32749
31507
27244
20368
11537
1595
-8501
-17784
-25359
-30497
-32702
-31758
-27754
-21074
-12360
-2451
7696
17103
24860
30215
32648
31922
28105
21563
12929
3039
-7147
-16643
-24525
-30025
-32607
-32016
-28309
-21844
-13249
-3359
6859
16412
24364
29939
32588
32050
28377
21924
13322
3413
-6833
-16412
-24382
-29960
-32596
-32028
-28309
-21804
-13150
-3199
7069
16643
24578
30089
32630
31946
28105
21482
12732
2719
-7565
-17103
-24947
-30318
-32680
-31797
-27754
-20951
-12062
-1970
8320
17784
25478
30633
32732
31565
27244
20200
11134
952
-9326
-18675
-26154
-31014
-32765
-31228
-26556
-19215
-9941
333
10578
19760
26955
31436
32749
30759
25665
17979
8475
-1887
-12062
-21019
-27851
-31864
-32650
-30126
-24546
-16475
-6728
3703
13762
22423
28806
32258
32427
29291
23169
14683
4696
-5772
-15653
-23938
-29777
-32571
-32033
-28214
-21503
-12587
-2378
8077
17706
25519
30711
32748
31416
26850
19519
10175
-219
-10594
-19879
-27113
-31549
-32726
-30520
-25157
-17189
-7439
3083
13289
22119
28657
32222
32441
29289
23092
14492
4381
-6187
-16114
-24364
-30076
-32652
-31820
-27666
-20619
-11416
-1017
9491
19008
26537
31287
32757
30792
25595
17709
7961
-2625
-12939
-21894
-28547
-32194
-32451
-29286
-23032
-14346
-4144
6498
16457
24678
30291
32699
31644
27238
19943
10531
0
-10533
-19951
-27251
-31656
-32694
-30254
-24592
-16309
-6286
4409
14637
23305
29487
32519
32077
28203
21312
12137
1660
-8997
-18692
-26385
-31248
-32757
-30748
-25434
-17383
-7461
3266
13645
22556
29038
32390
32248
28625
21909
12824
2351
-8378
-18204
-26061
-31098
-32765
-30880
-25645
-17625
-7689
3083
13524
22496
29023
32393
32235
28565
21780
12618
2077
-8692
-18516
-26318
-31245
-32755
-30681
-25247
-17046
-6975
3863
14280
23132
29446
32527
32033
28015
20915
11510
836
-9932
-19609
-27125
-31650
-32682
-30103
-24198
-15616
-5304
5596
15880
24407
30232
32705
31550
26894
19250
9465
-1373
-12062
-21411
-28379
-32188
-32412
-29022
-22395
-13267
-2656
8253
18244
26197
31222
32754
30619
25054
16679
6433
-4537
-15001
-23783
-29895
-32648
-31731
-27244
-19690
-9916
976
11762
21224
28293
32170
32415
28997
22301
13080
2378
-8595
-18599
-26497
-31393
-32729
-30352
-24528
-15917
-5494
5554
15974
24578
30386
32734
31352
26395
18425
8351
-2679
-13405
-22602
-29217
-32491
-32046
-27932
-20616
-10936
0
10939
20625
27944
32055
32482
29173
22507
13249
2462
-8610
-18692
-26622
-31481
-32707
-30156
-24119
-15293
-4696
6446
16845
25296
30817
32766
30916
25477
17079
6695
-4468
-15115
-24006
-30106
-32702
-31489
-26606
-18620
-8460
2689
13528
22788
29387
32552
31909
27532
19930
9991
-1120
-12103
-21669
-28693
-32350
-32208
-28280
-21025
-11295
-234
10856
20671
28052
32127
32412
28871
21921
12379
1372
-9799
-19815
-27487
-31906
-32545
-29328
-22632
-13249
-2291
8940
19113
27016
31708
32629
29666
23169
13911
2992
-8285
-18577
-26654
-31549
-32677
-29899
-23544
-14372
-3477
7836
18214
26411
31442
32702
30037
23764
14635
3744
-7598
-18030
-26293
-31393
-32711
-30086
-23833
-14703
-3796
7571
18026
26305
31405
32707
30050
23753
14577
3632
-7754
-18204
-26446
-31479
-32688
-29925
-23522
-14256
-3253
8148
18560
26712
31608
32650
29706
23135
13736
2656
-8751
-19090
-27095
-31785
-32581
-29385
-22585
-13013
-1842
9557
19786
27585
31994
32468
28947
21861
12081
809
-10564
-20637
-28166
-32219
-32293
-28377
-20951
-10932
440
11762
21629
28819
32437
32033
27653
19840
9561
-1907
-13142
-22745
-29519
-32621
-31661
-26755
-18514
-7961
3586
14689
23960
30239
32740
31148
25658
16955
6128
-5469
-16384
-25247
-30944
-32759
-30461
-24336
-15151
-4058
7546
18204
26572
31595
32638
29565
22763
13087
1756
-9798
-20118
-27896
-32148
-32332
-28424
-20915
-10754
771
12203
22088
29171
32552
31797
27001
18769
8148
-3511
-14727
-24069
-30346
-32754
-30984
-25260
-16309
-5272
6439
17331
26008
31359
32696
29845
23169
13521
2137
-9523
-19964
-27843
-32146
-32318
-28334
-20703
-10405
1234
12717
22564
29503
32637
31559
26407
17841
6968
-4807
-15965
-25058
-30909
-32757
-30361
-24028
-14577
-3233
8533
19194
27364
31977
32433
28669
21173
10917
-762
-12345
-22321
-29387
-32619
-31592
-26438
-17828
-6884
4961
16161
25247
31028
32744
30168
23635
13998
2522
-9287
-19879
-27860
-32179
-32265
-28105
-20242
-9711
2101
13640
23382
30040
32733
31103
25362
16267
5018
-6896
-17901
-26537
-31659
-32585
-29190
-21921
-11741
0
11743
21929
29201
32589
31641
26480
17791
6728
-5233
-16499
-25566
-31222
-32709
-29826
-22955
-13013
-1327
10537
20994
28641
32450
31909
27088
18630
7668
-4324
-15739
-25041
-30976
-32744
-30105
-23411
-13561
-1880
10055
20637
28436
32397
31982
27244
18822
7852
-4182
-15653
-25007
-30974
-32743
-30072
-23319
-13400
-1660
10308
20879
28612
32455
31881
26966
18377
7282
-4807
-16245
-25468
-31216
-32702
-29720
-22675
-12528
-664
11292
21705
29147
32596
31576
26225
17274
5950
-6193
-17489
-26383
-31650
-32564
-28995
-21433
-10917
1105
12978
23064
29968
32737
30984
24950
15465
3839
-8320
-19330
-27666
-32170
-32217
-27796
-19519
-8531
3643
15314
24860
30951
32739
29972
23032
12884
938
-11141
-21669
-29176
-32613
-31498
-25982
-16835
-5332
6918
18204
26944
31912
32410
28366
20343
9465
-2743
-14569
-24351
-30713
-32759
-30198
-23387
-13283
-1306
10856
21492
29100
32604
31507
25962
16748
5166
-7147
-18454
-27152
-32008
-32332
-28076
-19840
-8789
3510
15314
24947
31038
32720
29752
22551
12140
0
-12143
-22559
-29762
-32723
-31017
-24884
-15198
-3339
8998
20053
28242
32393
31908
26854
17952
6476
-5930
-17489
-26541
-31785
-32465
-28481
-20402
-9388
2978
14918
24714
30951
32730
29790
22554
12062
-172
-12385
-22811
-29942
-32746
-30813
-24421
-14492
-2462
9926
20879
28806
32556
31581
26021
16679
4912
-7571
-18956
-27585
-32200
-32127
-27374
-18630
-7167
5342
17076
26318
31719
32485
28504
20353
9222
-3259
-15267
-25041
-31147
-32687
-29434
-21861
-11077
1334
13553
23783
30517
32764
30189
23169
12736
423
-11953
-22570
-29860
-32743
-30792
-24293
-14202
-2009
10483
21426
29201
32652
31267
25247
15482
3419
-9153
-20369
-28563
-32514
-31633
-26047
-16586
-4654
7973
19415
27967
32350
31910
26709
17520
5712
-6950
-18577
-27428
-32179
-32116
-27244
-18292
-6597
6088
17864
26962
32015
32263
27666
18910
7310
-5391
-17284
-26579
-31872
-32366
-27983
-19380
-7852
4862
16845
26287
31760
32433
28203
19707
8226
-4501
-16550
-26094
-31684
-32472
-28334
-19895
-8434
4310
16402
26003
31651
32486
28377
19946
8475
-4288
-16402
-26016
-31662
-32478
-28334
-19861
-8351
4437
16550
26133
31717
32445
28203
19638
8060
-4756
-16845
-26351
-31812
-32386
-27983
-19276
-7602
5243
17284
26666
31941
32293
27666
18769
6975
-5898
-17864
-27071
-32095
-32157
-27244
-18113
-6176
6719
18577
27557
32265
31968
26709
17302
5205
-7702
-19415
-28111
-32434
-31710
-26047
-16326
-4058
8843
20369
28719
32588
31368
25247
15179
2736
-10137
-21426
-29364
-32705
-30922
-24293
-13853
-1238
11573
22570
30025
32764
30353
23169
12339
-434
-13142
-23783
-30678
-32739
-29638
-21861
-10632
2276
14829
25041
31296
32604
28754
20353
8727
-4282
-16616
-26318
-31849
-32328
-27676
-18630
-6622
6439
18480
27585
32302
31880
26381
16679
4318
-8734
-20396
-28806
-32620
-31227
-24845
-14492
-1820
11144
22329
29942
32763
30335
23047
12062
-859
-13645
-24243
-30951
-32688
-29173
-20967
-9388
3703
16202
26094
31785
32354
27709
18593
6476
-6688
-18775
-27832
-32393
-31718
-25913
-15915
-3339
9779
21317
29402
32723
30737
23764
12933
0
-12935
-23772
-30745
-32720
-29372
-21243
-9654
3510
16105
26077
31798
32332
27590
18342
6096
-7147
-19226
-28162
-32493
-31507
-25362
-15061
-2291
10856
22227
29953
32765
30198
22670
11416
-1716
-14569
-25028
-31370
-32548
-28366
-19509
-7435
5867
18204
27539
32330
31782
25982
15887
3163
-10086
-21669
-29667
-32753
-30413
-23032
-11831
1334
14281
24860
31312
32563
28403
19519
7387
-5976
-18347
-27666
-32377
-31693
-25725
-15465
-2622
10659
22164
29968
32766
30086
22374
10917
-2369
-15261
-25599
-31650
-32396
-27709
-18372
-5950
7473
19643
28516
32596
31195
24546
13765
664
-12550
-23653
-30771
-32702
-29116
-20616
-8634
4807
17440
27128
32230
31881
26137
15968
3092
-10308
-21966
-29901
-32766
-30072
-22272
-10689
2711
15653
25937
31812
32275
27244
17574
4908
-8595
-20637
-29162
-32712
-30681
-23411
-12140
1206
14349
25041
31451
32480
27948
18630
6117
-7445
-19735
-28641
-32634
-31026
-24089
-13013
301
13567
24501
31222
32570
28309
19172
6728
-6876
-19298
-28393
-32589
-31159
-24347
-13326
0
13328
24354
31166
32585
28360
19220
6748
-6896
-19347
-28443
-32604
-31103
-24198
-13087
301
13640
24608
31294
32533
28105
18778
6176
-7504
-19879
-28786
-32669
-30847
-23635
-12290
1206
14493
25247
31583
32389
27520
17828
5008
-8692
-20870
-29387
-32745
-30352
-22624
-10917
2711
15865
26229
31977
32094
26556
16335
3233
-10442
-22277
-30182
-32757
-29546
-21112
-8944
4807
17712
27483
32390
31559
25136
14256
845
-12717
-24026
-31070
-32598
-28334
-19032
-6345
7473
19964
28903
32697
30666
23169
11540
-2148
-15456
-26008
-31918
-32127
-26596
-16309
-3103
10659
22517
30346
32741
29270
20553
8148
-5719
-18563
-28078
-32552
-31179
-24202
-12874
771
14281
25223
31625
32332
27214
17189
4062
-9798
-21894
-30040
-32762
-29565
-21025
-8682
5233
18204
27882
32514
31257
24336
13002
-691
-14262
-25247
-31650
-32307
-27094
-16955
-3732
10171
22227
30239
32747
29289
20494
7961
-6025
-18915
-28356
-32621
-30929
-23586
-11931
1907
15400
26077
31982
32033
26215
15592
2109
-11762
-23479
-30889
-32629
-28377
-18910
-5966
8077
20637
29402
32756
30080
21861
9613
-4409
-17621
-27585
-32459
-31342
-24435
-13013
816
14497
25499
31785
32188
26631
16140
2656
-11322
-23203
-30782
-32650
-28456
-18976
-5969
8148
20755
29503
32763
29925
21514
9095
-5021
-18204
-27995
-32564
-31058
-23753
-12011
1977
15598
26305
32095
31880
25698
14703
952
-12978
-24480
-31393
-32418
-27360
-17165
-3744
10381
22559
30497
32702
28754
19394
6380
-7836
-20580
-29446
-32762
-29899
-21393
-8847
5370
18577
28275
32630
30814
23169
11138
-3003
-16579
-27016
-32334
-31523
-24733
-13249
751
14612
25700
31906
32048
26096
15179
1372
-12698
-24354
-31371
-32412
-27273
-16932
-3359
10856
23003
30758
32638
28280
18514
5205
-9101
-21669
-30089
-32747
-29131
-19930
-6905
7445
20371
29387
32762
29844
21189
8460
-5898
-19125
-28673
-32702
-30433
-22301
-9868
4468
17946
27963
32585
30916
23274
11134
-3159
-16845
-27275
-32428
-31305
-24119
-12260
1977
15833
26622
32247
31615
24845
13249
-923
-14918
-26016
-32055
-31858
-25461
-14105
0
14107
25468
31864
32046
25975
14832
792
-13405
-24986
-31684
-32188
-26395
-15435
-1452
12817
24578
31525
32292
26727
15917
1981
-12345
-24250
-31393
-32366
-26976
-16280
-2378
11993
24006
31293
32415
27148
16527
2644
-11762
-23850
-31230
-32442
-27244
-16660
-2779
11653
23783
31206
32451
27267
16679
2783
-11667
-23806
-31222
-32441
-27217
-16586
-2656
11803
23919
31277
32412
27094
16378
2398
-12062
-24120
-31370
-32361
-26894
-16056
-2009
12441
24407
31496
32285
26615
15616
1488
-12939
-24777
-31650
-32178
-26251
-15055
-836
13553
25223
31826
32033
25797
14372
52
-14280
-25739
-32015
-31841
-25247
-13561
863
15115
26318
32208
31592
24592
12618
-1908
-16052
-26950
-32393
-31276
-23823
-11540
3083
17085
27622
32556
30880
22932
10324
-4384
-18204
-28323
-32682
-30389
-21909
-8965
5807
19399
29038
32755
29790
20744
7461
-7347
-20658
-29748
-32757
-29067
-19428
-5811
8997
21966
30436
32669
28203
17952
4016
-10746
-23305
-31079
-32468
-27184
-16309
-2077
12583
24657
31656
32135
25992
14491
0
-14493
-25999
-32139
-31644
-24613
-12494
2208
16457
27304
32503
30975
23032
10317
-4537
-18454
-28547
-32719
-30103
-21238
-7961
6971
20458
29694
32757
29007
19220
5431
-9491
-22439
-30713
-32587
-27666
-16973
-2736
12073
24364
31568
32177
26060
14492
-108
-14689
-26197
-32222
-31498
-24174
-11781
3083
17304
27896
32634
30520
21996
8847
-6162
-19879
-29416
-32766
-29219
-19519
-5706
9311
22368
30711
32578
27570
16743
2378
-12491
-24723
-31732
-32033
-25558
-13674
1105
15653
26888
32428
31095
23169
10328
-4707
-18745
-28806
-32750
-29736
-20402
-6728
8378
21705
30414
32650
27932
17262
2911
-12062
-24465
-31651
-32083
-25665
-13765
1077
15692
26955
32455
31012
22932
9941
-5180
-19194
-29098
-32765
-29406
-19738
-5832
9326
22486
30817
32526
27244
16102
1495
-13436
-25478
-32035
-31693
-24521
-12062
2999
17416
28078
32680
30226
21243
7668
-7565
-21167
-30192
-32685
-28105
-17438
-2992
12103
24578
31727
31995
25321
13150
-1876
-16499
-27539
-32596
-30567
-21889
-8448
6833
20630
29936
32722
28377
17845
3419
-11753
-24364
-31659
-32040
-25423
-13249
1823
16499
27568
32607
30508
21729
8189
-7147
-20920
-30108
-32693
-28105
-17347
-2779
12401
24860
31856
31850
24838
12360
-2839
-17416
-28160
-32702
-30037
-20749
-6884
8501
22013
30668
32552
27244
15915
1066
-14020
-26008
-32243
-31342
-23500
-10451
4915
19194
29220
32766
29042
18871
4509
-10856
-23813
-31479
-32147
-25665
-13473
1720
16533
27666
32637
30335
21271
7461
-8015
-21705
-30552
-32578
-27327
-15968
-1038
14125
26133
32294
31228
23169
9920
-5554
-19786
-29584
-32748
-28565
-17970
-3339
12043
24723
31849
31816
24627
11897
-3511
-18132
-28673
-32755
-29458
-19519
-5177
10334
23516
31393
32182
25702
13414
-1907
-16800
-27896
-32682
-30072
-20653
-6555
9029
22570
30997
32395
26445
14492
-751
-15827
-27310
-32589
-30461
-21406
-7481
8148
21926
30713
32507
26894
15151
-48
-15238
-26955
-32522
-30664
-21804
-7961
7702
21608
30575
32549
27076
15403
202
-15047
-26852
-32503
-30703
-21861
-8002
7696
21629
30598
32538
27001
15255
0
-15257
-27007
-32541
-30582
-21579
-7602
8129
21989
30779
32468
26664
14703
-655
-15865
-27411
-32621
-30288
-20948
-6758
8997
22672
31098
32318
26047
13736
-1763
-16855
-28038
-32713
-29790
-19946
-5464
10289
23653
31516
32046
25116
12336
-3319
-18204
-28847
-32766
-29042
-18541
-3711
11987
24889
31977
31593
23823
10480
-5316
-19871
-29777
-32711
-27983
-16697
-1495
14059
26318
32404
30885
22114
8148
-7733
-21801
-30745
-32460
-26539
-14372
1180
16457
27860
32699
29832
19930
5325
-10537
-23916
-31650
-31910
-24631
-11530
4298
19113
29409
32747
28334
17210
2009
-13670
-26112
-32365
-30942
-22178
-8148
7817
21929
30833
32412
26285
13907
-1780
-17047
-28259
-32743
-29429
-19103
-4222
11667
24777
31977
31548
23586
9991
-5992
-20546
-30192
-32619
-27244
-15350
219
15739
27492
32660
30001
20149
5464
-10533
-24006
-31719
-31816
-24270
-10892
5106
19879
29873
32681
27625
15917
373
-15261
-27221
-32621
-30156
-20416
-5748
10308
23879
31684
31836
24293
10875
-5173
-19973
-29942
-32665
-27477
-15633
0
15636
27483
32666
29925
19920
5078
-10999
-24407
-31886
-31615
-23656
-9941
6193
20824
30386
32549
26782
14487
-1341
-16845
-28242
-32749
-29262
-18630
-3445
12583
25539
32252
31078
22301
8064
-8148
-22368
-31111
-32231
-25451
-12429
3643
18824
29387
32737
28047
16465
836
-15001
-27152
-32625
-30072
-20115
-5205
10989
24479
31937
31523
23335
9388
-6876
-21447
-30723
-32412
-26092
-13322
2743
18132
29038
32759
28371
16955
1338
-14612
-26944
-32596
-30164
-20247
-5304
10958
24501
31960
31477
23169
9099
-7236
-21774
-30894
-32323
-25702
-12676
3510
18824
29446
32724
27837
16000
166
-15711
-27666
-32707
-29572
-19041
-3744
12491
25602
32304
30916
21780
7184
-9215
-23305
-31551
-31880
-24205
-10451
5930
20824
30486
32483
26311
13518
-2679
-18204
-29147
-32749
-28098
-16364
-502
15488
27574
32702
29574
18976
3583
-12717
-25806
-32371
-30748
-21345
-6538
9926
23879
31785
31636
23467
9346
-7147
-21830
-30974
-32254
-25342
-11991
4409
19692
29968
32623
26976
14462
-1736
-17495
-28798
-32764
-28377
-16752
-852
15267
27492
32699
29554
18857
3339
-13034
-26077
-32450
-30520
-20777
-5712
10817
24578
32042
31291
22515
7961
-8637
-23021
-31496
-31881
-24075
-10079
6509
21426
30833
32307
25463
12062
-4448
-19815
-30076
-32585
-26689
-13907
2465
18204
29244
32732
27762
15616
-569
-16610
-28356
-32765
-28692
-17189
-1231
15047
27428
32699
29490
18630
2932
-13528
-26478
-32552
-30168
-19943
-4530
12062
25519
32337
30737
21133
6022
-10659
-24565
-32068
-31208
-22206
-7407
9326
23628
31760
31593
23169
8686
-8070
-22719
-31423
-31903
-24028
-9858
6896
21846
31070
32147
24790
10926
-5807
-21019
-30711
-32336
-25461
-11891
4807
20244
30356
32478
26047
12755
-3899
-19528
-30012
-32581
-26556
-13521
3083
18877
29687
32654
26991
14192
-2362
-18294
-29387
-32703
-27360
-14769
1736
17784
29119
32734
27666
15255
-1206
-17349
-28887
-32752
-27913
-15652
771
16993
28695
32761
28105
15962
-434
-16717
-28547
-32765
-28244
-16186
193
16523
28443
32766
28334
16326
-48
-16412
-28387
-32766
-28374
-16382
0
0
0
0
0
0
0
0
0
0
0
0
0
0
0
0
0
0
0
0
0
0
0
0
0
0
0
0
0
0
0
0
0
0
0
0
0
0
0
0
0
0
0
0
0
0
0
0
0
0
0
0
0
0
0
0
0
0
0
0
0
0
0
0
0
0
0
0
0
0
0
0
0
0
0
0
0
0
0
0
0
0
0
0
0
0
0
0
0
0
0
0
0
0
0
0
0
0
0
0
0
0
0
0
0
0
0
0
0
0
0
0
0
0
0
0
0
0
0
0
0
0
0
0
0
0
0
0
0
0
0
0
0
0
0
0
0
0
0
0
0
0
0
0
0
0
0
0
0
0
0
0
0
0
0
0
0
0
0
0
0
0
0
0
0
0
0
0
0
0
0
0
0
0
0
0
0
0
0
0
0
0
0
0
0
0
0
0
0
0
0
0
0
0
0
0
0
0
0
0
0
0
0
0
0
0
0
0
0
0
0
0
0
0
0
0
0
0
0
0
0
0
0
0
0
0
0
0
0
0
0
0
0
0
0
0
0
0
0
0
0
0
0
0
0
0
0
0
0
0
0
0
0
0
0
0
0
0
0
0
0
0
0
0
0
0
0
0
0
0
0
0
0
0
0
0
0
0
0
0
0
0
0
0
0
0
0
0
0
0
0
0
0
0
0
0
0
0
0
0
0
0
0
0
0
0
0
0
0
0
0
0
0
0
0
0
0
0
0
0
0
0
0
0
0
0
0
0
0
0
0
0
0
0
0
0
0
0
0
0
0
0
0
0
0
0
0
0
0
0
0
0
0
0
0
0
0
0
0
0
0
0
0
0
0
0
0
0
0
0
0
0
0
0
0
0
0
0
0
0
0
0
0
0
0
0
0
0
0
0
0
0
0
0
0
0
0
0
0
0
0
0
0
0
0
0
0
0
0
0
0
0
0
0
0
0
0
0
0
0
0
0
0
0
0
0
0
0
0
0
0
0
0
0
0
0
0
0
0
0
0
0
0
0
0
0
0
0
0
0
0
0
0
0
0
0
0
0
0
0
0
0
0
0
0
0
0
0
0
0
0
0
0
0
0
0
0
0
0
0
0
0
0
0
0
0
0
0
0
0
0
0
0
0
0
0
0
0
0
0
0
0
0
0
0
0
0
0
0
0
0
0
0
0
0
0
0
0
0
0
0
0
0
0
0
0
0
0
0
0
0
0
0
0
0
0
0
0
0
0
0
0
0
0
0
0
0
0
0
0
0
0
0
0
0
0
0
0
0
0
0
0
0
0
0
0
0
0
0
0
0
0
0
0
0
0
0
0
0
0
0
0
0
0
0
0
0
0
0
0
0
0
0
0
0
0
0
0
0
0
0
0
0
0
0
0
0
0
0
0
0
0
0
0
0
0
0
0
0
0
0
0
0
0
0
0
0
0
0
0
0
0
0
0
0
0
0
0
0
0
0
0
0
0
0
0
0
0
0
0
0
0
0
0
0
0
0
0
0
0
0
0
0
0
0
0
0
0
0
0
0
0
0
0
0
0
0
0
0
0
0
0
0
0
0
0
0
0
0
0
0
0
0
0
0
0
0
0
0
0
0
0
0
0
0
0
0
0
0
0
0
0
0
0
0
0
0
0
0
0
0
0
0
0
0
0
0
0
0
0
0
0
0
0
0
0
0
0
0
0
0
0
0
0
0
0
0
0
0
0
0
0
0
0
0
0
0
0
0
0
0
0
0
0
0
0
0
0
0
0
0
0
0
0
0
0
0
0
0
0
0
0
0
0
0
0
0
0
0
0
0
0
0
0
0
0
0
0
0
0
0
0
0
0
0
0
0
0
0
0
0
0
0
0
0
0
0
0
0
0
0
0
0
0
0
0
0
0
0
0
0
0
0
0
0
0
0
0
0
0
0
0
0
0
0
0
0
0
0
0
0
0
0
0
0
0
0
0
0
0
0
0
0
0
0
0
0
0
0
0
0
0
0
0
0
0
0
0
0
0
0
0
0
0
0
0
0
0
0
0
0
0
0
0
0
0
0
0
0
0
0
0
0
0
0
0
0
0
0
0
0
0
0
0
0
0
0
0
0
0
0
0
0
0
0
0
0
0
0
0
0
0
0
0
0
0
0
0
0
0
0
0
0
0
0
0
0
0
0
0
0
0
0
0
0
0
0
0
0
0
7561
7424
7013
6335
5403
4236
2862
1320
-337
-2048
-3739
-5327
-6726
-7851
-8626
-8986
-8887
-8312
-7270
-5804
-3985
-1911
295
2503
4574
6374
7789
8726
9128
8975
8284
7114
5557
3730
1769
-183
-1995
-3545
-4741
-5522
-5868
-5792
-5345
-4604
-3667
-2643
-1637
-744
-38
436
665
665
482
186
-142
-418
-562
-513
-235
279
1004
1882
2832
3753
4537
5083
5303
5135
4552
3567
2229
627
-1121
-2880
-4505
-5858
-6822
-7309
-7274
-6713
-5671
-4234
-2523
-683
1132
2772
4107
5035
5495
5471
4994
4135
3001
1721
433
-729
-1649
-2243
-2463
-2304
-1805
-1039
-110
859
1745
2431
2826
2869
2537
1851
871
-310
-1578
-2805
-3866
-4652
-5081
-5105
-4720
-3957
-2889
-1615
-252
1076
2255
3190
3814
4097
4047
3708
3151
2471
1768
1138
661
391
345
506
822
1212
1576
1807
1807
1500
840
-172
-1494
-3035
-4668
-6235
-7566
-8497
-8882
-8618
-7650
-5988
-3707
-941
2119
5246
8191
10710
12579
13623
13727
12850
11033
8392
5114
1442
-2348
-5970
-9149
-11647
-13282
-13942
-13597
-12296
-10164
-7389
-4206
-874
2346
5214
7527
9139
9967
9999
9287
7943
6122
4009
1798
-322
-2189
-3674
-4692
-5211
-5240
-4836
-4086
-3097
-1988
-873
148
998
1626
2011
2158
2098
1875
1545
1163
778
429
139
-83
-246
-365
-464
-568
-697
-862
-1062
-1286
-1509
-1696
-1812
-1818
-1685
-1393
-940
-339
376
1159
1948
2677
3277
3690
3867
3780
3423
2812
1986
1003
-63
-1135
-2131
-2979
-3617
-4004
-4120
-3967
-3569
-2967
-2218
-1387
-538
264
969
1535
1939
2171
2239
2161
1967
1691
1368
1033
715
437
212
49
-52
-96
-92
-49
22
111
208
305
391
457
492
483
417
280
63
-240
-632
-1102
-1631
-2187
-2729
-3206
-3562
-3741
-3693
-3377
-2771
-1878
-722
642
2138
3665
5108
6349
7272
7779
7795
7283
6243
4720
2801
609
-1703
-3971
-6023
-7702
-8876
-9452
-9383
-8676
-7388
-5623
-3525
-1263
984
3043
4761
6021
6748
6918
6561
5749
4595
3237
1825
501
-608
-1410
-1853
-1928
-1672
-1162
-501
189
786
1179
1286
1059
494
-367
-1445
-2624
-3770
-4740
-5402
-5651
-5415
-4671
-3449
-1827
72
2093
4059
5792
7129
7938
8133
7679
6604
4988
2963
698
-1612
-3774
-5601
-6940
-7681
-7767
-7201
-6042
-4400
-2428
-303
1787
3663
5168
6183
6632
6495
5801
4626
3086
1324
-504
-2246
-3758
-4927
-5671
-5949
-5759
-5139
-4157
-2906
-1494
-33
1368
2616
3636
4374
4804
4922
4745
4308
3658
2850
1941
987
39
-856
-1663
-2351
-2897
-3284
-3502
-3549
-3426
-3142
-2713
-2162
-1519
-822
-112
565
1164
1645
1971
2122
2087
1877
1515
1044
517
-2
-449
-764
-897
-817
-515
-8
661
1428
2208
2907
3429
3688
3614
3168
2342
1167
-288
-1923
-3610
-5205
-6563
-7546
-8043
-7977
-7315
-6074
-4322
-2171
228
2701
5058
7119
8719
9734
10082
9734
8719
7119
5058
2701
228
-2171
-4322
-6074
-7315
-7977
-8043
-7546
-6563
-5205
-3610
-1923
-288
1167
2342
3168
3614
3688
3429
2907
2208
1428
661
-8
-515
-817
-897
-764
-449
-2
517
1044
1515
1877
2087
2122
1971
1645
1164
565
-112
-822
-1519
-2162
-2713
-3142
-3426
-3549
-3502
-3284
-2897
-2351
-1663
-856
39
987
1941
2850
3658
4308
4745
4922
4804
4374
3636
2616
1368
-33
-1494
-2906
-4157
-5139
-5759
-5949
-5671
-4927
-3758
-2246
-504
1324
3086
4626
5801
6495
6632
6183
5168
3663
1787
-303
-2428
-4400
-6042
-7201
-7767
-7681
-6940
-5601
-3774
-1612
698
2963
4988
6604
7679
8133
7938
7129
5792
4059
2093
72
-1827
-3449
-4671
-5415
-5651
-5402
-4740
-3770
-2624
-1445
-367
494
1059
1286
1179
786
189
-501
-1162
-1672
-1928
-1853
-1410
-608
501
1825
3237
4595
5749
6561
6918
6748
6021
4761
3043
984
-1263
-3525
-5623
-7388
-8676
-9383
-9452
-8876
-7702
-6023
-3971
-1703
609
2801
4720
6243
7283
7795
7779
7272
6349
5108
3665
2138
642
-722
-1878
-2771
-3377
-3693
-3741
-3562
-3206
-2729
-2187
-1631
-1102
-632
-240
63
280
417
483
492
457
391
305
208
111
22
-49
-92
-96
-52
49
212
437
715
1033
1368
1691
1967
2161
2239
2171
1939
1535
969
264
-538
-1387
-2218
-2967
-3569
-3967
-4120
-4004
-3617
-2979
-2131
-1135
-63
1003
1986
2812
3423
3780
3867
3690
3277
2677
1948
1159
376
-339
-940
-1393
-1685
-1818
-1812
-1696
-1509
-1286
-1062
-862
-697
-568
-464
-365
-246
-83
139
429
778
1163
1545
1875
2098
2158
2011
1626
998
148
-873
-1988
-3097
-4086
-4836
-5240
-5211
-4692
-3674
-2189
-322
1798
4009
6122
7943
9287
9999
9967
9139
7527
5214
2346
-874
-4206
-7389
-10164
-12296
-13597
-13942
-13282
-11647
-9149
-5970
-2348
1442
5114
8392
11033
12850
13727
13623
12579
10710
8191
5246
2119
-941
-3707
-5988
-7650
-8618
-8882
-8497
-7566
-6235
-4668
-3035
-1494
-172
840
1500
1807
1807
1576
1212
822
506
345
391
661
1138
1768
2471
3151
3708
4047
4097
3814
3190
2255
1076
-252
-1615
-2889
-3957
-4720
-5105
-5081
-4652
-3866
-2805
-1578
-310
871
1851
2537
2869
2826
2431
1745
859
-110
-1039
-1805
-2304
-2463
-2243
-1649
-729
433
1721
3001
4135
4994
5471
5495
5035
4107
2772
1132
-683
-2523
-4234
-5671
-6713
-7274
-7309
-6822
-5858
-4505
-2880
-1121
627
2229
3567
4552
5135
5303
5083
4537
3753
2832
1882
1004
279
-235
-513
-562
-418
-142
186
482
665
665
436
-38
-744
-1637
-2643
-3667
-4604
-5345
-5792
-5868
-5522
-4741
-3545
-1995
-183
1769
3730
5557
7114
8284
8975
9128
8726
7789
6374
4574
2503
295
-1911
-3985
-5804
-7270
-8312
-8887
-8986
-8626
-7851
-6726
-5327
-3739
-2048
-337
1320
2862
4236
5403
6335
7013
7424
0
0
0
0
0
0
0
0
0
0
0
0
0
0
0
0
0
0
0
0
0
0
0
0
0
0
0
0
0
0
0
0
0
0
0
0
0
0
0
0
0
0
0
0
0
0
0
0
0
0
0
0
0
0
0
0
0
0
0
0
0
0
0
0
0
0
0
-5041
-4941
-4648
-4168
-3520
-2725
-1811
-809
242
1307
2341
3303
4151
4845
5349
5633
5673
5455
4977
4246
3285
2129
824
-568
-1983
-3344
-4577
-5608
-6371
-6811
-6890
-6590
-5917
-4896
-3580
-2039
-361
1354
3003
4483
5702
6583
7069
7133
6772
6015
4914
3545
2001
383
-1202
-2657
-3897
-4852
-5477
-5753
-5684
-5297
-4639
-3773
-2767
-1696
-627
378
1272
2020
2603
3015
3263
3362
3334
3199
2980
2692
2349
1958
1522
1041
519
-41
-630
-1231
-1823
-2375
-2853
-3221
-3446
-3499
-3361
-3027
-2507
-1826
-1024
-154
722
1542
2244
2776
3097
3189
3051
2703
2187
1556
879
222
-347
-776
-1025
-1079
-943
-647
-239
215
646
980
1153
1117
846
341
-369
-1230
-2166
-3084
-3884
-4472
-4762
-4695
-4237
-3391
-2192
-712
949
2675
4332
5790
6929
7652
7891
7615
6832
5590
3971
2085
61
-1962
-3853
-5487
-6765
-7616
-8002
-7921
-7400
-6497
-5291
-3874
-2344
-798
677
2011
3150
4060
4727
5153
5353
5351
5177
4858
4422
3888
3273
2588
1840
1035
183
-702
-1602
-2490
-3330
-4084
-4708
-5160
-5402
-5406
-5156
-4649
-3903
-2949
-1838
-629
607
1798
2874
3773
4444
4853
4987
4850
4465
3870
3119
2268
1380
514
-279
-959
-1498
-1882
-2112
-2199
-2167
-2043
-1861
-1650
-1438
-1246
-1088
-969
-889
-837
-802
-767
-716
-637
-519
-356
-150
93
366
652
936
1203
1435
1621
1749
1815
1815
1754
1635
1467
1260
1025
773
513
254
4
-234
-459
-670
-867
-1054
-1234
-1410
-1583
-1756
-1925
-2086
-2230
-2346
-2416
-2424
-2349
-2170
-1869
-1432
-851
-130
719
1671
2686
3712
4687
5540
6199
6595
6665
6364
5666
4572
3109
1336
-658
-2766
-4856
-6790
-8430
-9649
-10342
-10436
-9896
-8732
-6999
-4797
-2260
446
3144
5650
7794
9430
10451
10793
10445
9448
7890
5898
3631
1261
-1035
-3100
-4799
-6034
-6751
-6942
-6645
-5935
-4916
-3710
-2443
-1235
-187
630
1176
1448
1471
1300
1008
673
374
175
122
233
501
893
1353
1814
2205
2458
2524
2372
2001
1435
726
-53
-822
-1493
-1989
-2254
-2255
-1993
-1501
-842
-103
613
1206
1581
1667
1428
865
21
-1022
-2151
-3230
-4118
-4682
-4818
-4456
-3580
-2225
-484
1504
3564
5499
7110
8222
8693
8441
7446
5762
3513
879
-1912
-4612
-6969
-8760
-9806
-9996
-9299
-7765
-5528
-2790
194
3146
5780
7842
9128
9508
8938
7466
5229
2440
-630
-3682
-6415
-8551
-9872
-10232
-9579
-7956
-5500
-2431
973
4400
7530
10069
11776
12487
12124
10709
8360
5277
1723
-1994
-5562
-8680
-11093
-12610
-13122
-12611
-11143
-8867
-5992
-2773
519
3620
6293
8352
9672
10199
9948
8999
7484
5573
3453
1311
-682
-2389
-3710
-4593
-5030
-5056
-4737
-4160
-3422
-2618
-1831
-1124
-537
-84
240
463
616
738
861
1008
1188
1396
1611
1802
1933
1969
1881
1650
1277
776
181
-462
-1100
-1673
-2127
-2419
-2520
-2419
-2127
-1673
-1100
-462
181
776
1277
1650
1881
1969
1933
1802
1611
1396
1188
1008
861
738
616
463
240
-84
-537
-1124
-1831
-2618
-3422
-4160
-4737
-5056
-5030
-4593
-3710
-2389
-682
1311
3453
5573
7484
8999
9948
10199
9672
8352
6293
3620
519
-2773
-5992
-8867
-11143
-12611
-13122
-12610
-11093
-8680
-5562
-1994
1723
5277
8360
10709
12124
12487
11776
10069
7530
4400
973
-2431
-5500
-7956
-9579
-10232
-9872
-8551
-6415
-3682
-630
2440
5229
7466
8938
9508
9128
7842
5780
3146
194
-2790
-5528
-7765
-9299
-9996
-9806
-8760
-6969
-4612
-1912
879
3513
5762
7446
8441
8693
8222
7110
5499
3564
1504
-484
-2225
-3580
-4456
-4818
-4682
-4118
-3230
-2151
-1022
21
865
1428
1667
1581
1206
613
-103
-842
-1501
-1993
-2255
-2254
-1989
-1493
-822
-53
726
1435
2001
2372
2524
2458
2205
1814
1353
893
501
233
122
175
374
673
1008
1300
1471
1448
1176
630
-187
-1235
-2443
-3710
-4916
-5935
-6645
-6942
-6751
-6034
-4799
-3100
-1035
1261
3631
5898
7890
9448
10445
10793
10451
9430
7794
5650
3144
446
-2260
-4797
-6999
-8732
-9896
-10436
-10342
-9649
-8430
-6790
-4856
-2766
-658
1336
3109
4572
5666
6364
6665
6595
6199
5540
4687
3712
2686
1671
719
-130
-851
-1432
-1869
-2170
-2349
-2424
-2416
-2346
-2230
-2086
-1925
-1756
-1583
-1410
-1234
-1054
-867
-670
-459
-234
4
254
513
773
1025
1260
1467
1635
1754
1815
1815
1749
1621
1435
1203
936
652
366
93
-150
-356
-519
-637
-716
-767
-802
-837
-889
-969
-1088
-1246
-1438
-1650
-1861
-2043
-2167
-2199
-2112
-1882
-1498
-959
-279
514
1380
2268
3119
3870
4465
4850
4987
4853
4444
3773
2874
1798
607
-629
-1838
-2949
-3903
-4649
-5156
-5406
-5402
-5160
-4708
-4084
-3330
-2490
-1602
-702
183
1035
1840
2588
3273
3888
4422
4858
5177
5351
5353
5153
4727
4060
3150
2011
677
-798
-2344
-3874
-5291
-6497
-7400
-7921
-8002
-7616
-6765
-5487
-3853
-1962
61
2085
3971
5590
6832
7615
7891
7652
6929
5790
4332
2675
949
-712
-2192
-3391
-4237
-4695
-4762
-4472
-3884
-3084
-2166
-1230
-369
341
846
1117
1153
980
646
215
-239
-647
-943
-1079
-1025
-776
-347
222
879
1556
2187
2703
3051
3189
3097
2776
2244
1542
722
-154
-1024
-1826
-2507
-3027
-3361
-3499
-3446
-3221
-2853
-2375
-1823
-1231
-630
-41
519
1041
1522
1958
2349
2692
2980
3199
3334
3362
3263
3015
2603
2020
1272
378
-627
-1696
-2767
-3773
-4639
-5297
-5684
-5753
-5477
-4852
-3897
-2657
-1202
383
2001
3545
4914
6015
6772
7133
7069
6583
5702
4483
3003
1354
-361
-2039
-3580
-4896
-5917
-6590
-6890
-6811
-6371
-5608
-4577
-3344
-1983
-568
824
2129
3285
4246
4977
5455
5673
5633
5349
4845
4151
3303
2341
1307
242
-809
-1811
-2725
-3520
-4168
-4648
-4941
0
0
0
0
0
0
0
0
0
0
0
0
0
0
0
0
0
0
0
0
0
0
0
0
0
0
0
0
0
0
0
0
0
0
0
0
0
0
0
0
0
0
0
0
0
0
0
0
0
0
0
0
0
0
0
0
0
0
0
0
0
0
0
0
0
0
0
0
122
471
997
1619
2240
2757
3070
3099
2788
2122
1123
-146
-1591
-3086
-4493
-5671
-6493
-6858
-6702
-6008
-4806
-3178
-1245
838
2899
4764
6268
7281
7710
7517
6717
5383
3633
1626
-455
-2425
-4105
-5346
-6042
-6138
-5638
-4602
-3143
-1414
405
2130
3581
4611
5111
5028
4367
3191
1618
-194
-2063
-3796
-5211
-6155
-6520
-6253
-5360
-3910
-2027
122
2345
4437
6204
7480
8144
8131
7435
6115
4285
2105
-235
-2535
-4596
-6249
-7362
-7854
-7702
-6943
-5664
-3998
-2105
-161
1663
3217
4384
5088
5305
5057
4409
3462
2338
1168
74
-836
-1491
-1851
-1916
-1721
-1333
-838
-332
93
364
428
268
-100
-629
-1243
-1849
-2347
-2644
-2664
-2363
-1730
-796
369
1664
2963
4128
5026
5541
5586
5120
4148
2725
954
-1021
-3033
-4902
-6452
-7530
-8020
-7856
-7030
-5590
-3641
-1336
1137
3578
5779
7557
8759
9283
9082
8170
6623
4565
2163
-388
-2887
-5140
-6974
-8256
-8899
-8871
-8191
-6931
-5203
-3152
-941
1260
3293
5019
6327
7146
7442
7219
6521
5417
4004
2389
688
-986
-2532
-3860
-4900
-5602
-5941
-5909
-5520
-4808
-3819
-2614
-1262
157
1564
2878
4021
4921
5520
5773
5656
5166
4324
3176
1791
258
-1319
-2828
-4158
-5204
-5881
-6128
-5919
-5260
-4198
-2810
-1206
483
2119
3565
4696
5415
5661
5413
4696
3579
2166
591
-994
-2441
-3609
-4385
-4694
-4507
-3842
-2767
-1390
148
1693
3082
4169
4836
5005
4645
3780
2483
872
-904
-2676
-4272
-5537
-6342
-6604
-6286
-5411
-4049
-2317
-369
1625
3491
5067
6220
6857
6934
6460
5492
4131
2512
787
-885
-2362
-3522
-4281
-4598
-4476
-3964
-3144
-2129
-1043
-12
849
1451
1736
1684
1313
678
-137
-1030
-1888
-2602
-3078
-3243
-3058
-2518
-1650
-515
798
2189
3544
4755
5721
6364
6628
6487
5944
5026
3789
2302
651
-1074
-2783
-4389
-5816
-6997
-7879
-8422
-8601
-8403
-7829
-6891
-5615
-4040
-2219
-215
1890
4009
6043
7885
9432
10585
11259
11387
10930
9883
8275
6171
3673
912
-1954
-4761
-7337
-9524
-11185
-12216
-12556
-12189
-11146
-9505
-7383
-4926
-2297
332
2801
4970
6726
7995
8742
8973
8731
8085
7128
5961
4685
3390
2151
1020
26
-824
-1544
-2159
-2700
-3196
-3668
-4124
-4557
-4940
-5237
-5400
-5380
-5131
-4621
-3838
-2793
-1522
-88
1425
2920
4289
5430
6254
6692
6708
6297
5490
4353
2976
1471
-39
-1438
-2620
-3501
-4030
-4187
-3990
-3488
-2757
-1890
-990
-154
532
1005
1229
1199
938
496
-54
-636
-1165
-1567
-1787
-1787
-1562
-1129
-531
167
895
1573
2131
2510
2674
2609
2328
1867
1281
638
11
-532
-936
-1162
-1195
-1043
-740
-335
105
512
821
974
937
693
254
-343
-1044
-1776
-2461
-3018
-3380
-3495
-3331
-2888
-2188
-1280
-233
871
1945
2907
3681
4213
4471
4445
4152
3629
2930
2117
1259
416
-356
-1021
-1554
-1952
-2223
-2387
-2473
-2509
-2519
-2520
-2519
-2509
-2473
-2387
-2223
-1952
-1554
-1021
-356
416
1259
2117
2930
3629
4152
4445
4471
4213
3681
2907
1945
871
-233
-1280
-2188
-2888
-3331
-3495
-3380
-3018
-2461
-1776
-1044
-343
254
693
937
974
821
512
105
-335
-740
-1043
-1195
-1162
-936
-532
11
638
1281
1867
2328
2609
2674
2510
2131
1573
895
167
-531
-1129
-1562
-1787
-1787
-1567
-1165
-636
-54
496
938
1199
1229
1005
532
-154
-990
-1890
-2757
-3488
-3990
-4187
-4030
-3501
-2620
-1438
-39
1471
2976
4353
5490
6297
6708
6692
6254
5430
4289
2920
1425
-88
-1522
-2793
-3838
-4621
-5131
-5380
-5400
-5237
-4940
-4557
-4124
-3668
-3196
-2700
-2159
-1544
-824
26
1020
2151
3390
4685
5961
7128
8085
8731
8973
8742
7995
6726
4970
2801
332
-2297
-4926
-7383
-9505
-11146
-12189
-12556
-12216
-11185
-9524
-7337
-4761
-1954
912
3673
6171
8275
9883
10930
11387
11259
10585
9432
7885
6043
4009
1890
-215
-2219
-4040
-5615
-6891
-7829
-8403
-8601
-8422
-7879
-6997
-5816
-4389
-2783
-1074
651
2302
3789
5026
5944
6487
6628
6364
5721
4755
3544
2189
798
-515
-1650
-2518
-3058
-3243
-3078
-2602
-1888
-1030
-137
678
1313
1684
1736
1451
849
-12
-1043
-2129
-3144
-3964
-4476
-4598
-4281
-3522
-2362
-885
787
2512
4131
5492
6460
6934
6857
6220
5067
3491
1625
-369
-2317
-4049
-5411
-6286
-6604
-6342
-5537
-4272
-2676
-904
872
2483
3780
4645
5005
4836
4169
3082
1693
148
-1390
-2767
-3842
-4507
-4694
-4385
-3609
-2441
-994
591
2166
3579
4696
5413
5661
5415
4696
3565
2119
483
-1206
-2810
-4198
-5260
-5919
-6128
-5881
-5204
-4158
-2828
-1319
258
1791
3176
4324
5166
5656
5773
5520
4921
4021
2878
1564
157
-1262
-2614
-3819
-4808
-5520
-5909
-5941
-5602
-4900
-3860
-2532
-986
688
2389
4004
5417
6521
7219
7442
7146
6327
5019
3293
1260
-941
-3152
-5203
-6931
-8191
-8871
-8899
-8256
-6974
-5140
-2887
-388
2163
4565
6623
8170
9082
9283
8759
7557
5779
3578
1137
-1336
-3641
-5590
-7030
-7856
-8020
-7530
-6452
-4902
-3033
-1021
954
2725
4148
5120
5586
5541
5026
4128
2963
1664
369
-796
-1730
-2363
-2664
-2644
-2347
-1849
-1243
-629
-100
268
428
364
93
-332
-838
-1333
-1721
-1916
-1851
-1491
-836
74
1168
2338
3462
4409
5057
5305
5088
4384
3217
1663
-161
-2105
-3998
-5664
-6943
-7702
-7854
-7362
-6249
-4596
-2535
-235
2105
4285
6115
7435
8131
8144
7480
6204
4437
2345
122
-2027
-3910
-5360
-6253
-6520
-6155
-5211
-3796
-2063
-194
1618
3191
4367
5028
5111
4611
3581
2130
405
-1414
-3143
-4602
-5638
-6138
-6042
-5346
-4105
-2425
-455
1626
3633
5383
6717
7517
7710
7281
6268
4764
2899
838
-1245
-3178
-4806
-6008
-6702
-6858
-6493
-5671
-4493
-3086
-1591
-146
1123
2122
2788
3099
3070
2757
2240
1619
997
471
122
0
0
0
0
0
0
0
0
0
0
0
0
0
0
0
0
0
0
0
0
0
0
0
0
0
0
0
0
0
0
0
0
0
0
0
0
0
0
0
0
0
0
0
0
0
0
0
0
0
0
0
0
0
0
0
0
0
0
0
0
0
0
0
0
0
0
0
