0
4278
8485
12550
16402
19973
23203
26035
28419
30314
31684
32507
32766
32456
31581
30156
28203
25758
22860
19561
15917
11991
7852
3573
-771
-5106
-9352
-13436
-17284
-20829
-24006
-26759
-29038
-30801
-32015
-32660
-32720
-32196
-31094
-29434
-27244
-24563
-21439
-17925
-14087
-9991
-5712
-1327
3083
7441
11667
15683
19415
22796
25762
28259
30239
31667
32514
32764
32412
31462
29931
27847
25247
22178
18696
14865
10755
6443
2009
-2465
-6896
-11201
-15299
-19113
-22570
-25606
-28162
-30190
-31650
-32514
-32764
-32394
-31411
-29832
-27686
-25012
-21861
-18292
-14372
-10175
-5781
-1274
3259
7733
12062
16161
19951
23359
26318
28771
30668
31973
32659
32711
32127
30919
29107
26727
23823
20452
16679
12577
8226
3711
-879
-5455
-9926
-14204
-18204
-21846
-25058
-27775
-29942
-31516
-32464
-32766
-32415
-31417
-29790
-27567
-24790
-21514
-17805
-13736
-9388
-4849
-209
4437
8997
13377
17489
21248
24578
27411
29687
31359
32393
32765
32468
31507
29899
27676
24884
21579
17828
13707
9301
4700
0
-4703
-9311
-13729
-17864
-21629
-24947
-27746
-29968
-31566
-32503
-32761
-32332
-31225
-29460
-27076
-24119
-20653
-16748
-12488
-7961
-3263
1506
6246
10856
15238
19298
22949
26112
28719
30713
32051
32702
32651
31900
30461
28366
25658
22395
18646
14492
10022
5332
524
-4298
-9029
-13567
-17811
-21669
-25055
-27896
-30127
-31699
-32577
-32739
-32182
-30916
-28967
-26379
-23206
-19519
-15397
-10932
-6222
-1372
3511
8320
12945
17284
21240
24723
27655
29968
31611
32545
32748
32214
30954
28995
26381
23169
19431
15252
10724
5950
1038
-3899
-8751
-13405
-17757
-21705
-25159
-28038
-30277
-31822
-32637
-32702
-32014
-30588
-28456
-25665
-22280
-18377
-14047
-9388
-4509
477
5455
10308
14924
19194
23018
26305
28979
30974
32243
32756
32498
31476
29711
27244
24133
20449
16280
11722
6884
1880
-3170
-8148
-12935
-17416
-21484
-25041
-28000
-30291
-31856
-32659
-32677
-31909
-30373
-28105
-25157
-21600
-17520
-13013
-8189
-3163
1941
7001
11893
16499
20705
24407
27516
29953
31659
32589
32721
32049
30590
28377
25463
21921
17836
13307
8448
3377
-1780
-6896
-11843
-16499
-20746
-24479
-27603
-30040
-31727
-32621
-32699
-31957
-30413
-28105
-25088
-21439
-17247
-12618
-7668
-2522
2689
7836
12787
17416
21605
25247
28248
30530
32035
32723
32574
31592
29801
27244
23987
20112
15718
10917
5832
595
-4660
-9798
-14685
-19194
-23208
-26622
-29345
-31307
-32455
-32757
-32206
-30813
-28614
-25665
-22043
-17841
-13169
-8148
-2911
2405
7661
12717
17440
21705
25397
28419
30689
32146
32750
32483
31352
29385
26633
23169
19084
14487
9500
4255
-1105
-6439
-11603
-16457
-20870
-24723
-27911
-30346
-31961
-32712
-32578
-31559
-29684
-27001
-23582
-19519
-14922
-9916
-4636
771
6162
11386
16301
20770
24671
27896
30354
31977
32719
32558
31498
29565
26813
23317
19172
14492
9407
4058
-1405
-6833
-12073
-16978
-21411
-25247
-28377
-30713
-32188
-32760
-32410
-31148
-29007
-26047
-22351
-18021
-13179
-7961
-2516
3003
8440
13640
18454
22745
26389
29282
31340
32503
32737
32033
30409
27913
24613
20604
16000
10932
5547
0
-5550
-10942
-16021
-20637
-24657
-27963
-30458
-32068
-32745
-32468
-31244
-29107
-26118
-22364
-17952
-13013
-7689
-2137
3479
8997
14252
19090
23367
26955
29748
31662
32640
32650
31691
29790
27003
23411
19119
14256
8965
3403
-2262
-7862
-13230
-18204
-22633
-26385
-29345
-31423
-32556
-32707
-31871
-30072
-27362
-23823
-19561
-14703
-9397
-3803
1908
7565
12994
18030
22517
26318
29316
31419
32559
32702
31841
30001
27238
23635
19302
14372
8996
3339
-2422
-8112
-13553
-18577
-23026
-26761
-29667
-31650
-32648
-32629
-31591
-29565
-26615
-22829
-18327
-13249
-7752
-2009
3799
9491
14886
19815
24120
27666
30338
32052
32751
32412
31044
28690
25423
21345
16586
11295
5642
-193
-6025
-11667
-16938
-21669
-25706
-28920
-31206
-32489
-32726
-31909
-30063
-27244
-23544
-19081
-13998
-8460
-2644
3259
9060
14569
19606
24006
27626
30346
32075
32756
32366
30916
28451
25051
20827
15917
10480
4696
-1244
-7147
-12817
-18065
-22719
-26622
-29644
-31684
-32674
-32578
-31398
-29173
-25975
-21909
-17110
-11737
-5969
0
5972
11747
17130
21941
26016
29217
31436
32596
32657
31615
29504
26395
22390
17625
12260
6476
470
-5554
-11392
-16845
-21726
-25867
-29127
-31393
-32585
-32662
-31619
-29491
-26349
-22301
-17483
-12062
-6222
-166
5898
11762
17222
22088
26191
29387
31566
32648
32597
31411
29131
25835
21636
16679
11138
5205
-912
-7001
-12847
-18244
-23003
-26955
-29960
-31912
-32739
-32412
-30940
-28374
-24803
-20353
-15179
-9465
-3413
2763
8843
14612
19863
24407
28083
30758
32334
32755
32003
30103
27124
23169
18381
12929
7010
836
-5370
-11386
-16993
-21989
-26191
-29446
-31636
-32680
-32538
-31214
-28754
-25247
-20819
-15630
-9868
-3744
2518
8692
14551
19879
24480
28184
30855
32393
32739
31880
29845
26709
22585
17625
12011
5950
-333
-6607
-12639
-18204
-23094
-27128
-30152
-32055
-32763
-32248
-30528
-27666
-23767
-18976
-13473
-7461
-1167
5173
11322
17047
22132
26385
29644
31785
32724
32427
30901
28203
24435
19738
14288
8294
1981
-4409
-10635
-16457
-21654
-26025
-29402
-31656
-32697
-32485
-31027
-28377
-24634
-19943
-14481
-8460
-2109
4324
10594
16457
21686
26077
29459
31699
32710
32451
30929
28203
24378
19601
14056
7961
1552
-4919
-11201
-17047
-22227
-26537
-29806
-31906
-32751
-32307
-30590
-27666
-23648
-18696
-13002
-6791
-309
6187
12441
18204
23246
27366
30398
32222
32762
31995
29951
26709
22398
17189
11289
4935
-1619
-8112
-14281
-19879
-24678
-28486
-31147
-32552
-32643
-31416
-28917
-25247
-20553
-15023
-8882
-2378
4225
10659
16662
21989
26421
29777
31918
32756
32254
30432
27362
23169
18024
12137
5748
-879
-7473
-13762
-19485
-24407
-28323
-31070
-32533
-32650
-31414
-28875
-25136
-20353
-14721
-8475
-1874
4807
11292
17307
22602
26955
30182
32146
32765
32010
29911
26556
22083
16679
10571
4016
-2711
-9326
-15551
-21121
-25799
-29387
-31732
-32732
-32344
-30582
-27520
-23286
-18060
-12062
-5547
1206
7911
14280
20041
24947
28786
31393
32653
32513
30975
28105
24024
18906
12972
6476
-301
-7069
-13534
-19415
-24458
-28443
-31196
-32596
-32580
-31148
-28360
-24336
-19250
-13322
-6811
0
6813
13332
19269
24364
28393
31178
32594
32578
31129
28309
24241
19103
13120
6555
-301
-7147
-13680
-19609
-24671
-28641
-31340
-32648
-32505
-30916
-27948
-23735
-18460
-12360
-5706
1206
8067
14569
20421
25359
29162
31656
32728
32328
30473
27244
22786
17298
11027
4255
-2711
-9557
-15974
-21669
-26383
-29901
-32062
-32766
-31979
-29736
-26137
-21345
-15577
-9095
-2195
4807
11593
17850
23291
27666
30771
32464
32665
31362
28614
24546
19345
13249
6538
-477
-7473
-14125
-20126
-25196
-29098
-31650
-32732
-32292
-30349
-26991
-22374
-16712
-10266
-3339
3746
10659
17076
22694
27251
30530
32377
32702
31489
28793
24740
19519
13375
6597
-494
-7565
-14281
-20323
-25404
-29282
-31772
-32753
-32178
-30072
-26533
-21729
-15887
-9285
-2238
4919
11843
18204
23695
28052
31066
32589
32548
30942
27847
23411
17845
11416
4435
-2763
-9830
-16425
-22227
-26955
-30378
-32330
-32713
-31507
-28769
-24631
-19293
-13013
-6096
1120
8285
15047
21076
26077
29802
32068
32763
31850
29372
25451
20276
14101
7230
0
-7232
-14111
-20295
-25478
-29402
-31872
-32764
-32033
-29711
-25913
-20827
-14703
-7845
-595
6688
13640
19914
25196
29220
31785
32759
32093
29819
26047
20967
14832
7950
664
-6656
-13645
-19948
-25247
-29273
-31822
-32763
-32046
-29706
-25861
-20703
-14492
-7543
-209
7138
14125
20396
25629
29557
31977
32766
31880
29363
25342
20022
13674
6622
-771
-8129
-15071
-21240
-26318
-30042
-32219
-32734
-31559
-28754
-24461
-18901
-12360
-5177
2276
9615
16457
22447
27271
30678
32489
32608
31026
27825
23169
17302
10527
3199
-4298
-11573
-18244
-23960
-28419
-31387
-32705
-32302
-30198
-26501
-21406
-15179
-8148
-684
6817
13962
20369
25700
29668
32064
32757
31710
28975
24698
19103
12488
5205
-2358
-9798
-16717
-22745
-27557
-30894
-32577
-32513
-30703
-27244
-22319
-16192
-9191
-1693
5898
13175
19743
25247
29388
31941
32765
31816
29141
24884
19276
12618
5272
-2362
-9871
-16845
-22903
-27714
-31014
-32621
-32445
-30495
-26875
-21781
-15492
-8351
-749
6896
14165
20658
26016
29942
32220
32721
31417
28377
23767
17841
10926
3403
-4310
-11787
-18613
-24407
-28847
-31684
-32759
-32010
-29476
-25298
-19707
-13013
-5590
2148
9769
16845
22980
27828
31116
32659
32366
30254
26438
21133
14635
7310
-430
-8148
-15409
-21801
-26962
-30598
-32502
-32563
-30778
-27244
-22162
-15818
-8572
-836
6950
14343
20920
26305
30190
32350
32661
31103
27762
22829
16586
9388
1649
-6187
-13670
-20369
-25898
-29936
-32249
-32702
-31267
-28024
-23161
-16955
-9766
-2009
5867
13405
20168
25762
29860
32222
32709
31291
28049
23169
16936
9711
1916
-5992
-13553
-20323
-25904
-29968
-32275
-32687
-31179
-27837
-22855
-16527
-9222
-1372
6562
14111
20829
26318
30252
32397
32623
30916
27374
22206
15718
8294
373
-7571
-15067
-21669
-26980
-30683
-32556
-32483
-30469
-26631
-21197
-14492
-6916
1077
9009
16402
22811
27851
31216
32702
32218
29790
25564
19793
12824
5078
-2978
-10856
-18080
-24210
-28873
-31785
-32766
-31757
-28816
-24119
-17952
-10689
-2772
5316
13083
20053
25799
29968
32304
32662
31017
27469
22233
15630
8064
0
-8067
-15639
-22251
-27492
-31038
-32669
-32282
-29899
-25665
-19840
-12785
-4935
3223
11185
18454
24578
29176
31960
32754
31507
28295
23317
16881
9388
1306
-6859
-14599
-21426
-26913
-30713
-32587
-32415
-30206
-26096
-20343
-13307
-5431
2789
10837
18204
24423
29100
31937
32755
31498
28244
23199
16679
9099
938
-7285
-15047
-21854
-27271
-30951
-32659
-32282
-29844
-25497
-19519
-12290
-4271
4023
12062
19330
25359
29762
32252
32670
30984
27303
21861
15008
7184
-1105
-9326
-16947
-23474
-28484
-31650
-32766
-31757
-28687
-23753
-17274
-9670
-1435
6896
14781
21705
27215
30951
32666
32248
29720
25247
19119
11737
3583
-4807
-12886
-20121
-26035
-30239
-32455
-32534
-30469
-26395
-20578
-13400
-5336
3083
11302
18775
25007
29584
32200
32681
30992
27244
21684
14679
6695
-1736
-10055
-17706
-24178
-29038
-31959
-32744
-31340
-27837
-22468
-15592
-7668
771
9163
16942
23583
28641
31772
32764
31548
28203
22955
16155
8261
-193
-8637
-16499
-23246
-28419
-31667
-32766
-31641
-28366
-23161
-16378
-8479
0
8482
16388
23178
28387
31659
32766
31633
28334
23092
16267
8323
-193
-8699
-16610
-23382
-28547
-31748
-32764
-31521
-28105
-22748
-15818
-7793
771
9287
17161
23850
28887
31923
32744
31292
27666
22114
15023
6884
-1736
-10238
-18030
-24565
-29387
-32158
-32681
-30919
-26991
-21173
-13868
-5590
3083
11543
19194
25499
30012
32414
32534
30361
26047
19895
12336
3903
-4807
-13181
-20625
-26610
-30711
-32637
-32248
-29569
-24790
-18247
-10405
-1820
6896
15124
22277
27843
31423
32760
31757
28483
23169
16196
8060
-655
-9326
-17331
-24094
-29127
-32068
-32703
-30984
-27033
-21133
-13707
-5289
3511
12062
19743
25999
30374
32552
32371
29844
25150
18630
10754
2094
-6719
-15047
-22282
-27896
-31478
-32765
-31661
-28244
-22763
-15616
-7324
1506
10228
18204
24847
29668
32313
32585
30461
26096
19809
12062
3423
-5469
-13962
-21426
-27310
-31178
-32740
-31881
-28661
-23317
-16242
-7961
912
9721
17811
24578
29519
32265
32608
30520
26157
19840
12041
3339
-5613
-14150
-21629
-27492
-31296
-32755
-31758
-28377
-22863
-15630
-7219
1736
10564
18599
25234
29968
32443
32468
30041
25342
18725
10689
1842
-7147
-15598
-22868
-28404
-31785
-32751
-31227
-27327
-21345
-13736
-5078
3969
12717
20496
26712
30887
32702
32014
28875
23522
16364
7950
-1077
-10024
-18204
-24986
-29848
-32414
-32483
-30050
-25298
-18593
-10451
-1499
7571
16058
23305
28750
31969
32711
30916
26720
20449
12587
3744
-5391
-14111
-21734
-27666
-31442
-32766
-31533
-27837
-21964
-14372
-5653
3510
12401
20323
26654
30894
32710
31957
28692
23169
15822
7226
-1941
-10958
-19113
-25762
-30378
-32596
-32237
-29328
-24096
-16955
-8469
691
9799
18132
25028
29936
32465
32412
29778
24772
17791
9388
234
-8940
-17404
-24479
-29598
-32350
-32513
-30072
-25219
-18342
-9991
-836
8388
16942
24135
29387
32275
32563
30226
25451
18620
10283
1113
-8148
-16754
-24006
-29316
-32252
-32574
-30254
-25477
-18630
-10266
-1066
8222
16845
24098
29390
32286
32549
30156
25298
18372
9941
695
-8610
-17213
-24407
-29603
-32371
-32482
-29925
-24908
-17841
-9305
0
9307
17850
24924
29942
32491
32356
29546
24293
17028
8351
-1019
-10308
-18745
-25629
-30386
-32621
-32145
-28995
-23432
-15917
-7073
2362
11603
19879
26497
30903
32728
31816
28241
22301
14491
5464
-4023
-13175
-21224
-27492
-31451
-32766
-31324
-27244
-20868
-12732
-3519
5992
15001
22745
28568
31977
32682
30619
25962
19103
10622
1238
-8253
-17047
-24394
-29668
-32420
-32412
-29643
-24347
-16973
-8148
1373
10781
19269
26112
30723
32705
31886
28334
22351
14449
5304
-4298
-13534
-21608
-27826
-31650
-32749
-31026
-26627
-19930
-11510
-2094
7504
16457
23989
29446
32355
32460
29752
24461
17046
8148
-1459
-10942
-19477
-26318
-30870
-32732
-31742
-27983
-21780
-13674
-4371
5316
14541
22496
28484
31977
32669
30495
25645
18541
9807
209
-9410
-18204
-25397
-30356
-32640
-32046
-28625
-22675
-14721
-5464
4278
13645
21806
28038
31787
32719
30748
26047
19032
10324
695
-8997
-17892
-25196
-30256
-32621
-32077
-28669
-22701
-14703
-5389
4409
13816
21989
28193
31872
32694
30582
25725
18555
9715
0
-9718
-18563
-25739
-30598
-32699
-31850
-28126
-21861
-13619
-4144
5708
15047
23026
28920
32194
32549
29951
24631
17073
7961
-1876
-11547
-20168
-26955
-31287
-32766
-31257
-26894
-20073
-11416
-1713
8148
17267
24807
30076
32589
32113
28690
22632
14492
5018
-4919
-14407
-22570
-28657
-32104
-32591
-30072
-24775
-17189
-8012
1907
11653
20323
27113
31393
32763
31094
26539
19519
10683
852
-9060
-18132
-25519
-30530
-32697
-31816
-27965
-21503
-13031
-3339
6667
16052
23938
29584
32459
32292
29097
23169
15065
5543
-4501
-14125
-22423
-28612
-32108
-32578
-29977
-24546
-16798
-7461
2582
12385
21019
27666
31694
32721
30647
25665
18247
9095
-923
-10856
-19760
-26786
-31264
-32766
-31146
-26556
-19431
-10451
-470
9557
18675
26008
30855
32749
31507
27244
20368
11537
1595
-8501
-17784
-25359
-30497
-32702
-31758
-27754
-21074
-12360
-2451
7696
17103
24860
30215
32648
31922
28105
21563
12929
3039
-7147
-16643
-24525
-30025
-32607
-32016
-28309
-21844
-13249
-3359
6859
16412
24364
29939
32588
32050
28377
21924
13322
3413
-6833
-16412
-24382
-29960
-32596
-32028
-28309
-21804
-13150
-3199
7069
16643
24578
30089
32630
31946
28105
21482
12732
2719
-7565
-17103
-24947
-30318
-32680
-31797
-27754
-20951
-12062
-1970
8320
17784
25478
30633
32732
31565
27244
20200
11134
952
-9326
-18675
-26154
-31014
-32765
-31228
-26556
-19215
-9941
333
10578
19760
26955
31436
32749
30759
25665
17979
8475
-1887
-12062
-21019
-27851
-31864
-32650
-30126
-24546
-16475
-6728
3703
13762
22423
28806
32258
32427
29291
23169
14683
4696
-5772
-15653
-23938
-29777
-32571
-32033
-28214
-21503
-12587
-2378
8077
17706
25519
30711
32748
31416
26850
19519
10175
-219
-10594
-19879
-27113
-31549
-32726
-30520
-25157
-17189
-7439
3083
13289
22119
28657
32222
32441
29289
23092
14492
4381
-6187
-16114
-24364
-30076
-32652
-31820
-27666
-20619
-11416
-1017
9491
19008
26537
31287
32757
30792
25595
17709
7961
-2625
-12939
-21894
-28547
-32194
-32451
-29286
-23032
-14346
-4144
6498
16457
24678
30291
32699
31644
27238
19943
10531
0
-10533
-19951
-27251
-31656
-32694
-30254
-24592
-16309
-6286
4409
14637
23305
29487
32519
32077
28203
21312
12137
1660
-8997
-18692
-26385
-31248
-32757
-30748
-25434
-17383
-7461
3266
13645
22556
29038
32390
32248
28625
21909
12824
2351
-8378
-18204
-26061
-31098
-32765
-30880
-25645
-17625
-7689
3083
13524
22496
29023
32393
32235
28565
21780
12618
2077
-8692
-18516
-26318
-31245
-32755
-30681
-25247
-17046
-6975
3863
14280
23132
29446
32527
32033
28015
20915
11510
836
-9932
-19609
-27125
-31650
-32682
-30103
-24198
-15616
-5304
5596
15880
24407
30232
32705
31550
26894
19250
9465
-1373
-12062
-21411
-28379
-32188
-32412
-29022
-22395
-13267
-2656
8253
18244
26197
31222
32754
30619
25054
16679
6433
-4537
-15001
-23783
-29895
-32648
-31731
-27244
-19690
-9916
976
11762
21224
28293
32170
32415
28997
22301
13080
2378
-8595
-18599
-26497
-31393
-32729
-30352
-24528
-15917
-5494
5554
15974
24578
30386
32734
31352
26395
18425
8351
-2679
-13405
-22602
-29217
-32491
-32046
-27932
-20616
-10936
0
10939
20625
27944
32055
32482
29173
22507
13249
2462
-8610
-18692
-26622
-31481
-32707
-30156
-24119
-15293
-4696
6446
16845
25296
30817
32766
30916
25477
17079
6695
-4468
-15115
-24006
-30106
-32702
-31489
-26606
-18620
-8460
2689
13528
22788
29387
32552
31909
27532
19930
9991
-1120
-12103
-21669
-28693
-32350
-32208
-28280
-21025
-11295
-234
10856
20671
28052
32127
32412
28871
21921
12379
1372
-9799
-19815
-27487
-31906
-32545
-29328
-22632
-13249
-2291
8940
19113
27016
31708
32629
29666
23169
13911
2992
-8285
-18577
-26654
-31549
-32677
-29899
-23544
-14372
-3477
7836
18214
26411
31442
32702
30037
23764
14635
3744
-7598
-18030
-26293
-31393
-32711
-30086
-23833
-14703
-3796
7571
18026
26305
31405
32707
30050
23753
14577
3632
-7754
-18204
-26446
-31479
-32688
-29925
-23522
-14256
-3253
8148
18560
26712
31608
32650
29706
23135
13736
2656
-8751
-19090
-27095
-31785
-32581
-29385
-22585
-13013
-1842
9557
19786
27585
31994
32468
28947
21861
12081
809
-10564
-20637
-28166
-32219
-32293
-28377
-20951
-10932
440
11762
21629
28819
32437
32033
27653
19840
9561
-1907
-13142
-22745
-29519
-32621
-31661
-26755
-18514
-7961
3586
14689
23960
30239
32740
31148
25658
16955
6128
-5469
-16384
-25247
-30944
-32759
-30461
-24336
-15151
-4058
7546
18204
26572
31595
32638
29565
22763
13087
1756
-9798
-20118
-27896
-32148
-32332
-28424
-20915
-10754
771
12203
22088
29171
32552
31797
27001
18769
8148
-3511
-14727
-24069
-30346
-32754
-30984
-25260
-16309
-5272
6439
17331
26008
31359
32696
29845
23169
13521
2137
-9523
-19964
-27843
-32146
-32318
-28334
-20703
-10405
1234
12717
22564
29503
32637
31559
26407
17841
6968
-4807
-15965
-25058
-30909
-32757
-30361
-24028
-14577
-3233
8533
19194
27364
31977
32433
28669
21173
10917
-762
-12345
-22321
-29387
-32619
-31592
-26438
-17828
-6884
4961
16161
25247
31028
32744
30168
23635
13998
2522
-9287
-19879
-27860
-32179
-32265
-28105
-20242
-9711
2101
13640
23382
30040
32733
31103
25362
16267
5018
-6896
-17901
-26537
-31659
-32585
-29190
-21921
-11741
0
11743
21929
29201
32589
31641
26480
17791
6728
-5233
-16499
-25566
-31222
-32709
-29826
-22955
-13013
-1327
10537
20994
28641
32450
31909
27088
18630
7668
-4324
-15739
-25041
-30976
-32744
-30105
-23411
-13561
-1880
10055
20637
28436
32397
31982
27244
18822
7852
-4182
-15653
-25007
-30974
-32743
-30072
-23319
-13400
-1660
10308
20879
28612
32455
31881
26966
18377
7282
-4807
-16245
-25468
-31216
-32702
-29720
-22675
-12528
-664
11292
21705
29147
32596
31576
26225
17274
5950
-6193
-17489
-26383
-31650
-32564
-28995
-21433
-10917
1105
12978
23064
29968
32737
30984
24950
15465
3839
-8320
-19330
-27666
-32170
-32217
-27796
-19519
-8531
3643
15314
24860
30951
32739
29972
23032
12884
938
-11141
-21669
-29176
-32613
-31498
-25982
-16835
-5332
6918
18204
26944
31912
32410
28366
20343
9465
-2743
-14569
-24351
-30713
-32759
-30198
-23387
-13283
-1306
10856
21492
29100
32604
31507
25962
16748
5166
-7147
-18454
-27152
-32008
-32332
-28076
-19840
-8789
3510
15314
24947
31038
32720
29752
22551
12140
0
-12143
-22559
-29762
-32723
-31017
-24884
-15198
-3339
8998
20053
28242
32393
31908
26854
17952
6476
-5930
-17489
-26541
-31785
-32465
-28481
-20402
-9388
2978
14918
24714
30951
32730
29790
22554
12062
-172
-12385
-22811
-29942
-32746
-30813
-24421
-14492
-2462
9926
20879
28806
32556
31581
26021
16679
4912
-7571
-18956
-27585
-32200
-32127
-27374
-18630
-7167
5342
17076
26318
31719
32485
28504
20353
9222
-3259
-15267
-25041
-31147
-32687
-29434
-21861
-11077
1334
13553
23783
30517
32764
30189
23169
12736
423
-11953
-22570
-29860
-32743
-30792
-24293
-14202
-2009
10483
21426
29201
32652
31267
25247
15482
3419
-9153
-20369
-28563
-32514
-31633
-26047
-16586
-4654
7973
19415
27967
32350
31910
26709
17520
5712
-6950
-18577
-27428
-32179
-32116
-27244
-18292
-6597
6088
17864
26962
32015
32263
27666
18910
7310
-5391
-17284
-26579
-31872
-32366
-27983
-19380
-7852
4862
16845
26287
31760
32433
28203
19707
8226
-4501
-16550
-26094
-31684
-32472
-28334
-19895
-8434
4310
16402
26003
31651
32486
28377
19946
8475
-4288
-16402
-26016
-31662
-32478
-28334
-19861
-8351
4437
16550
26133
31717
32445
28203
19638
8060
-4756
-16845
-26351
-31812
-32386
-27983
-19276
-7602
5243
17284
26666
31941
32293
27666
18769
6975
-5898
-17864
-27071
-32095
-32157
-27244
-18113
-6176
6719
18577
27557
32265
31968
26709
17302
5205
-7702
-19415
-28111
-32434
-31710
-26047
-16326
-4058
8843
20369
28719
32588
31368
25247
15179
2736
-10137
-21426
-29364
-32705
-30922
-24293
-13853
-1238
11573
22570
30025
32764
30353
23169
12339
-434
-13142
-23783
-30678
-32739
-29638
-21861
-10632
2276
14829
25041
31296
32604
28754
20353
8727
-4282
-16616
-26318
-31849
-32328
-27676
-18630
-6622
6439
18480
27585
32302
31880
26381
16679
4318
-8734
-20396
-28806
-32620
-31227
-24845
-14492
-1820
11144
22329
29942
32763
30335
23047
12062
-859
-13645
-24243
-30951
-32688
-29173
-20967
-9388
3703
16202
26094
31785
32354
27709
18593
6476
-6688
-18775
-27832
-32393
-31718
-25913
-15915
-3339
9779
21317
29402
32723
30737
23764
12933
0
-12935
-23772
-30745
-32720
-29372
-21243
-9654
3510
16105
26077
31798
32332
27590
18342
6096
-7147
-19226
-28162
-32493
-31507
-25362
-15061
-2291
10856
22227
29953
32765
30198
22670
11416
-1716
-14569
-25028
-31370
-32548
-28366
-19509
-7435
5867
18204
27539
32330
31782
25982
15887
3163
-10086
-21669
-29667
-32753
-30413
-23032
-11831
1334
14281
24860
31312
32563
28403
19519
7387
-5976
-18347
-27666
-32377
-31693
-25725
-15465
-2622
10659
22164
29968
32766
30086
22374
10917
-2369
-15261
-25599
-31650
-32396
-27709
-18372
-5950
7473
19643
28516
32596
31195
24546
13765
664
-12550
-23653
-30771
-32702
-29116
-20616
-8634
4807
17440
27128
32230
31881
26137
15968
3092
-10308
-21966
-29901
-32766
-30072
-22272
-10689
2711
15653
25937
31812
32275
27244
17574
4908
-8595
-20637
-29162
-32712
-30681
-23411
-12140
1206
14349
25041
31451
32480
27948
18630
6117
-7445
-19735
-28641
-32634
-31026
-24089
-13013
301
13567
24501
31222
32570
28309
19172
6728
-6876
-19298
-28393
-32589
-31159
-24347
-13326
0
13328
24354
31166
32585
28360
19220
6748
-6896
-19347
-28443
-32604
-31103
-24198
-13087
301
13640
24608
31294
32533
28105
18778
6176
-7504
-19879
-28786
-32669
-30847
-23635
-12290
1206
14493
25247
31583
32389
27520
17828
5008
-8692
-20870
-29387
-32745
-30352
-22624
-10917
2711
15865
26229
31977
32094
26556
16335
3233
-10442
-22277
-30182
-32757
-29546
-21112
-8944
4807
17712
27483
32390
31559
25136
14256
845
-12717
-24026
-31070
-32598
-28334
-19032
-6345
7473
19964
28903
32697
30666
23169
11540
-2148
-15456
-26008
-31918
-32127
-26596
-16309
-3103
10659
22517
30346
32741
29270
20553
8148
-5719
-18563
-28078
-32552
-31179
-24202
-12874
771
14281
25223
31625
32332
27214
17189
4062
-9798
-21894
-30040
-32762
-29565
-21025
-8682
5233
18204
27882
32514
31257
24336
13002
-691
-14262
-25247
-31650
-32307
-27094
-16955
-3732
10171
22227
30239
32747
29289
20494
7961
-6025
-18915
-28356
-32621
-30929
-23586
-11931
1907
15400
26077
31982
32033
26215
15592
2109
-11762
-23479
-30889
-32629
-28377
-18910
-5966
8077
20637
29402
32756
30080
21861
9613
-4409
-17621
-27585
-32459
-31342
-24435
-13013
816
14497
25499
31785
32188
26631
16140
2656
-11322
-23203
-30782
-32650
-28456
-18976
-5969
8148
20755
29503
32763
29925
21514
9095
-5021
-18204
-27995
-32564
-31058
-23753
-12011
1977
15598
26305
32095
31880
25698
14703
952
-12978
-24480
-31393
-32418
-27360
-17165
-3744
10381
22559
30497
32702
28754
19394
6380
-7836
-20580
-29446
-32762
-29899
-21393
-8847
5370
18577
28275
32630
30814
23169
11138
-3003
-16579
-27016
-32334
-31523
-24733
-13249
751
14612
25700
31906
32048
26096
15179
1372
-12698
-24354
-31371
-32412
-27273
-16932
-3359
10856
23003
30758
32638
28280
18514
5205
-9101
-21669
-30089
-32747
-29131
-19930
-6905
7445
20371
29387
32762
29844
21189
8460
-5898
-19125
-28673
-32702
-30433
-22301
-9868
4468
17946
27963
32585
30916
23274
11134
-3159
-16845
-27275
-32428
-31305
-24119
-12260
1977
15833
26622
32247
31615
24845
13249
-923
-14918
-26016
-32055
-31858
-25461
-14105
0
14107
25468
31864
32046
25975
14832
792
-13405
-24986
-31684
-32188
-26395
-15435
-1452
12817
24578
31525
32292
26727
15917
1981
-12345
-24250
-31393
-32366
-26976
-16280
-2378
11993
24006
31293
32415
27148
16527
2644
-11762
-23850
-31230
-32442
-27244
-16660
-2779
11653
23783
31206
32451
27267
16679
2783
-11667
-23806
-31222
-32441
-27217
-16586
-2656
11803
23919
31277
32412
27094
16378
2398
-12062
-24120
-31370
-32361
-26894
-16056
-2009
12441
24407
31496
32285
26615
15616
1488
-12939
-24777
-31650
-32178
-26251
-15055
-836
13553
25223
31826
32033
25797
14372
52
-14280
-25739
-32015
-31841
-25247
-13561
863
15115
26318
32208
31592
24592
12618
-1908
-16052
-26950
-32393
-31276
-23823
-11540
3083
17085
27622
32556
30880
22932
10324
-4384
-18204
-28323
-32682
-30389
-21909
-8965
5807
19399
29038
32755
29790
20744
7461
-7347
-20658
-29748
-32757
-29067
-19428
-5811
8997
21966
30436
32669
28203
17952
4016
-10746
-23305
-31079
-32468
-27184
-16309
-2077
12583
24657
31656
32135
25992
14491
0
-14493
-25999
-32139
-31644
-24613
-12494
2208
16457
27304
32503
30975
23032
10317
-4537
-18454
-28547
-32719
-30103
-21238
-7961
6971
20458
29694
32757
29007
19220
5431
-9491
-22439
-30713
-32587
-27666
-16973
-2736
12073
24364
31568
32177
26060
14492
-108
-14689
-26197
-32222
-31498
-24174
-11781
3083
17304
27896
32634
30520
21996
8847
-6162
-19879
-29416
-32766
-29219
-19519
-5706
9311
22368
30711
32578
27570
16743
2378
-12491
-24723
-31732
-32033
-25558
-13674
1105
15653
26888
32428
31095
23169
10328
-4707
-18745
-28806
-32750
-29736
-20402
-6728
8378
21705
30414
32650
27932
17262
2911
-12062
-24465
-31651
-32083
-25665
-13765
1077
15692
26955
32455
31012
22932
9941
-5180
-19194
-29098
-32765
-29406
-19738
-5832
9326
22486
30817
32526
27244
16102
1495
-13436
-25478
-32035
-31693
-24521
-12062
2999
17416
28078
32680
30226
21243
7668
-7565
-21167
-30192
-32685
-28105
-17438
-2992
12103
24578
31727
31995
25321
13150
-1876
-16499
-27539
-32596
-30567
-21889
-8448
6833
20630
29936
32722
28377
17845
3419
-11753
-24364
-31659
-32040
-25423
-13249
1823
16499
27568
32607
30508
21729
8189
-7147
-20920
-30108
-32693
-28105
-17347
-2779
12401
24860
31856
31850
24838
12360
-2839
-17416
-28160
-32702
-30037
-20749
-6884
8501
22013
30668
32552
27244
15915
1066
-14020
-26008
-32243
-31342
-23500
-10451
4915
19194
29220
32766
29042
18871
4509
-10856
-23813
-31479
-32147
-25665
-13473
1720
16533
27666
32637
30335
21271
7461
-8015
-21705
-30552
-32578
-27327
-15968
-1038
14125
26133
32294
31228
23169
9920
-5554
-19786
-29584
-32748
-28565
-17970
-3339
12043
24723
31849
31816
24627
11897
-3511
-18132
-28673
-32755
-29458
-19519
-5177
10334
23516
31393
32182
25702
13414
-1907
-16800
-27896
-32682
-30072
-20653
-6555
9029
22570
30997
32395
26445
14492
-751
-15827
-27310
-32589
-30461
-21406
-7481
8148
21926
30713
32507
26894
15151
-48
-15238
-26955
-32522
-30664
-21804
-7961
7702
21608
30575
32549
27076
15403
202
-15047
-26852
-32503
-30703
-21861
-8002
7696
21629
30598
32538
27001
15255
0
-15257
-27007
-32541
-30582
-21579
-7602
8129
21989
30779
32468
26664
14703
-655
-15865
-27411
-32621
-30288
-20948
-6758
8997
22672
31098
32318
26047
13736
-1763
-16855
-28038
-32713
-29790
-19946
-5464
10289
23653
31516
32046
25116
12336
-3319
-18204
-28847
-32766
-29042
-18541
-3711
11987
24889
31977
31593
23823
10480
-5316
-19871
-29777
-32711
-27983
-16697
-1495
14059
26318
32404
30885
22114
8148
-7733
-21801
-30745
-32460
-26539
-14372
1180
16457
27860
32699
29832
19930
5325
-10537
-23916
-31650
-31910
-24631
-11530
4298
19113
29409
32747
28334
17210
2009
-13670
-26112
-32365
-30942
-22178
-8148
7817
21929
30833
32412
26285
13907
-1780
-17047
-28259
-32743
-29429
-19103
-4222
11667
24777
31977
31548
23586
9991
-5992
-20546
-30192
-32619
-27244
-15350
219
15739
27492
32660
30001
20149
5464
-10533
-24006
-31719
-31816
-24270
-10892
5106
19879
29873
32681
27625
15917
373
-15261
-27221
-32621
-30156
-20416
-5748
10308
23879
31684
31836
24293
10875
-5173
-19973
-29942
-32665
-27477
-15633
0
15636
27483
32666
29925
19920
5078
-10999
-24407
-31886
-31615
-23656
-9941
6193
20824
30386
32549
26782
14487
-1341
-16845
-28242
-32749
-29262
-18630
-3445
12583
25539
32252
31078
22301
8064
-8148
-22368
-31111
-32231
-25451
-12429
3643
18824
29387
32737
28047
16465
836
-15001
-27152
-32625
-30072
-20115
-5205
10989
24479
31937
31523
23335
9388
-6876
-21447
-30723
-32412
-26092
-13322
2743
18132
29038
32759
28371
16955
1338
-14612
-26944
-32596
-30164
-20247
-5304
10958
24501
31960
31477
23169
9099
-7236
-21774
-30894
-32323
-25702
-12676
3510
18824
29446
32724
27837
16000
166
-15711
-27666
-32707
-29572
-19041
-3744
12491
25602
32304
30916
21780
7184
-9215
-23305
-31551
-31880
-24205
-10451
5930
20824
30486
32483
26311
13518
-2679
-18204
-29147
-32749
-28098
-16364
-502
15488
27574
32702
29574
18976
3583
-12717
-25806
-32371
-30748
-21345
-6538
9926
23879
31785
31636
23467
9346
-7147
-21830
-30974
-32254
-25342
-11991
4409
19692
29968
32623
26976
14462
-1736
-17495
-28798
-32764
-28377
-16752
-852
15267
27492
32699
29554
18857
3339
-13034
-26077
-32450
-30520
-20777
-5712
10817
24578
32042
31291
22515
7961
-8637
-23021
-31496
-31881
-24075
-10079
6509
21426
30833
32307
25463
12062
-4448
-19815
-30076
-32585
-26689
-13907
2465
18204
29244
32732
27762
15616
-569
-16610
-28356
-32765
-28692
-17189
-1231
15047
27428
32699
29490
18630
2932
-13528
-26478
-32552
-30168
-19943
-4530
12062
25519
32337
30737
21133
6022
-10659
-24565
-32068
-31208
-22206
-7407
9326
23628
31760
31593
23169
8686
-8070
-22719
-31423
-31903
-24028
-9858
6896
21846
31070
32147
24790
10926
-5807
-21019
-30711
-32336
-25461
-11891
4807
20244
30356
32478
26047
12755
-3899
-19528
-30012
-32581
-26556
-13521
3083
18877
29687
32654
26991
14192
-2362
-18294
-29387
-32703
-27360
-14769
1736
17784
29119
32734
27666
15255
-1206
-17349
-28887
-32752
-27913
-15652
771
16993
28695
32761
28105
15962
-434
-16717
-28547
-32765
-28244
-16186
193
16523
28443
32766
28334
16326
-48
-16412
-28387
-32766
-28374
-16382
0
0
0
0
0
0
0
0
0
0
0
0
0
0
0
0
0
0
0
0
0
0
0
0
0
0
0
0
0
0
0
0
0
0
0
0
0
0
0
0
0
0
0
0
0
0
0
0
0
0
0
0
0
0
0
0
0
0
0
0
0
0
0
0
0
0
0
0
0
0
0
0
0
0
0
0
0
0
0
0
0
0
0
0
0
0
0
0
0
0
0
0
0
0
0
0
0
0
0
0
0
0
0
0
0
0
0
0
0
0
0
0
0
0
0
0
0
0
0
0
0
0
0
0
0
0
0
0
0
0
0
0
0
0
0
0
0
0
0
0
0
0
0
0
0
0
0
0
0
0
0
0
0
0
0
0
0
0
0
0
0
0
0
0
0
0
0
0
0
0
0
0
0
0
0
0
0
0
0
0
0
0
0
0
0
0
0
0
0
0
0
0
0
0
0
0
0
0
0
0
0
0
0
0
0
0
0
0
0
0
0
0
0
0
0
0
0
0
0
0
0
0
0
0
0
0
0
0
0
0
0
0
0
0
0
0
0
0
0
0
0
0
0
0
0
0
0
0
0
0
0
0
0
0
0
0
0
0
0
0
0
0
0
0
0
0
0
0
0
0
0
0
0
0
0
0
0
0
0
0
0
0
0
0
0
0
0
0
0
0
0
0
0
0
0
0
0
0
0
0
0
0
0
0
0
0
0
0
0
0
0
0
0
0
0
0
0
0
0
0
0
0
0
0
0
0
0
0
0
0
0
0
0
0
0
0
0
0
0
0
0
0
0
0
0
0
0
0
0
0
0
0
0
0
0
0
0
0
0
0
0
0
0
0
0
0
0
0
0
0
0
0
0
0
0
0
0
0
0
0
0
0
0
0
0
0
0
0
0
0
0
0
0
0
0
0
0
0
0
0
0
0
0
0
0
0
0
0
0
0
0
0
0
0
0
0
0
0
0
0
0
0
0
0
0
0
0
0
0
0
0
0
0
0
0
0
0
0
0
0
0
0
0
0
0
0
0
0
0
0
0
0
0
0
0
0
0
0
0
0
0
0
0
0
0
0
0
0
0
0
0
0
0
0
0
0
0
0
0
0
0
0
0
0
0
0
0
0
0
0
0
0
0
0
0
0
0
0
0
0
0
0
0
0
0
0
0
0
0
0
0
0
0
0
0
0
0
0
0
0
0
0
0
0
0
0
0
0
0
0
0
0
0
0
0
0
0
0
0
0
0
0
0
0
0
0
0
0
0
0
0
0
0
0
0
0
0
0
0
0
0
0
0
0
0
0
0
0
0
0
0
0
0
0
0
0
0
0
0
0
0
0
0
0
0
0
0
0
0
0
0
0
0
0
0
0
0
0
0
0
0
0
0
0
0
0
0
0
0
0
0
0
0
0
0
0
0
0
0
0
0
0
0
0
0
0
0
0
0
0
0
0
0
0
0
0
0
0
0
0
0
0
0
0
0
0
0
0
0
0
0
0
0
0
0
0
0
0
0
0
0
0
0
0
0
0
0
0
0
0
0
0
0
0
0
0
0
0
0
0
0
0
0
0
0
0
0
0
0
0
0
0
0
0
0
0
0
0
0
0
0
0
0
0
0
0
0
0
0
0
0
0
0
0
0
0
0
0
0
0
0
0
0
0
0
0
0
0
0
0
0
0
0
0
0
0
0
0
0
0
0
0
0
0
0
0
0
0
0
0
0
0
0
0
0
0
0
0
0
0
0
0
0
0
0
0
0
0
0
0
0
0
0
0
0
0
0
0
0
0
0
0
0
0
0
0
0
0
0
0
0
0
0
0
0
0
0
0
0
0
0
0
0
0
0
0
0
0
0
0
0
0
0
0
0
0
0
0
0
0
0
0
0
0
0
0
0
0
0
0
0
0
0
0
0
0
0
0
0
0
0
0
0
0
0
0
0
0
0
0
0
0
0
0
0
0
0
0
0
0
0
0
0
0
0
0
0
0
0
0
0
0
0
0
0
0
0
0
0
0
0
0
0
0
0
0
0
0
0
0
0
0
0
0
0
0
0
0
0
0
0
0
0
0
0
0
0
0
0
0
0
0
0
0
0
0
0
0
0
0
0
0
0
0
0
0
0
0
0
0
0
0
0
0
0
0
0
0
0
0
0
0
0
0
0
0
0
0
0
0
0
0
0
0
0
0
0
0
0
0
3640
3673
3754
3831
3832
3678
3300
2655
1739
591
-710
-2058
-3328
-4402
-5185
-5617
-5683
-5415
-4882
-4177
-3400
-2640
-1961
-1390
-918
-504
-85
401
1006
1748
2609
3527
4406
5130
5581
5663
5317
4538
3382
1959
420
-1062
-2319
-3213
-3655
-3622
-3158
-2368
-1401
-427
391
924
1092
877
329
-453
-1332
-2160
-2800
-3151
-3163
-2841
-2243
-1468
-634
142
766
1183
1384
1409
1331
1245
1246
1403
1749
2267
2889
3508
3992
4209
4050
3452
2412
997
-666
-2404
-4013
-5299
-6093
-6286
-5842
-4804
-3291
-1482
404
2145
3534
4413
4691
4351
3452
2121
530
-1121
-2637
-3843
-4608
-4856
-4572
-3798
-2628
-1188
371
1898
3251
4314
5000
5265
5100
4537
3640
2502
1232
-47
-1220
-2176
-2829
-3121
-3033
-2583
-1832
-876
162
1146
1939
2423
2512
2165
1393
262
-1116
-2593
-4004
-5180
-5979
-6295
-6073
-5318
-4091
-2500
-688
1183
2960
4504
5711
6520
6911
6906
6554
5925
5097
4140
3115
2067
1023
0
-994
-1951
-2857
-3690
-4421
-5014
-5432
-5643
-5627
-5377
-4903
-4231
-3398
-2449
-1430
-380
664
1681
2648
3547
4354
5038
5556
5854
5875
5564
4884
3825
2415
729
-1115
-2962
-4632
-5943
-6736
-6895
-6372
-5197
-3478
-1396
814
2898
4608
5739
6161
5830
4803
3229
1324
-648
-2427
-3779
-4537
-4622
-4053
-2941
-1472
119
1592
2727
3363
3416
2893
1883
545
-918
-2296
-3393
-4063
-4227
-3875
-3071
-1932
-611
728
1935
2894
3533
3829
3806
3520
3048
2469
1853
1251
691
178
-293
-736
-1156
-1550
-1898
-2170
-2326
-2330
-2162
-1818
-1325
-736
-122
431
847
1063
1050
813
400
-111
-624
-1039
-1272
-1272
-1029
-583
-13
573
1060
1347
1364
1095
579
-91
-785
-1350
-1644
-1561
-1052
-141
1073
2434
3738
4776
5360
5359
4722
3489
1791
-169
-2148
-3894
-5190
-5885
-5921
-5340
-4276
-2937
-1562
-389
392
671
436
-221
-1125
-2038
-2708
-2912
-2499
-1419
260
2359
4606
6681
8262
9077
8951
7833
5816
3124
81
-2928
-5521
-7364
-8231
-8031
-6822
-4804
-2290
343
2712
4477
5396
5355
4386
2654
434
-1935
-4102
-5756
-6666
-6720
-5929
-4425
-2433
-235
1876
3640
4866
5457
5415
4836
3888
2771
1689
810
241
14
84
344
645
833
773
384
-352
-1376
-2565
-3746
-4727
-5326
-5403
-4884
-3777
-2171
-230
1831
3777
5376
6441
6846
6548
5587
4080
2204
173
-1793
-3496
-4778
-5540
-5752
-5444
-4702
-3648
-2425
-1172
-11
966
1706
2191
2436
2481
2377
2181
1942
1698
1473
1276
1103
947
795
640
477
308
138
-21
-164
-285
-384
-467
-545
-630
-732
-860
-1012
-1177
-1338
-1467
-1538
-1523
-1403
-1172
-838
-424
28
470
848
1109
1212
1134
874
455
-74
-648
-1186
-1605
-1828
-1796
-1476
-863
8
1077
2249
3414
4452
5245
5693
5722
5294
4410
3115
1492
-342
-2249
-4080
-5687
-6941
-7736
-8009
-7736
-6941
-5687
-4080
-2249
-342
1492
3115
4410
5294
5722
5693
5245
4452
3414
2249
1077
8
-863
-1476
-1796
-1828
-1605
-1186
-648
-74
455
874
1134
1212
1109
848
470
28
-424
-838
-1172
-1403
-1523
-1538
-1467
-1338
-1177
-1012
-860
-732
-630
-545
-467
-384
-285
-164
-21
138
308
477
640
795
947
1103
1276
1473
1698
1942
2181
2377
2481
2436
2191
1706
966
-11
-1172
-2425
-3648
-4702
-5444
-5752
-5540
-4778
-3496
-1793
173
2204
4080
5587
6548
6846
6441
5376
3777
1831
-230
-2171
-3777
-4884
-5403
-5326
-4727
-3746
-2565
-1376
-352
384
773
833
645
344
84
14
241
810
1689
2771
3888
4836
5415
5457
4866
3640
1876
-235
-2433
-4425
-5929
-6720
-6666
-5756
-4102
-1935
434
2654
4386
5355
5396
4477
2712
343
-2290
-4804
-6822
-8031
-8231
-7364
-5521
-2928
81
3124
5816
7833
8951
9077
8262
6681
4606
2359
260
-1419
-2499
-2912
-2708
-2038
-1125
-221
436
671
392
-389
-1562
-2937
-4276
-5340
-5921
-5885
-5190
-3894
-2148
-169
1791
3489
4722
5359
5360
4776
3738
2434
1073
-141
-1052
-1561
-1644
-1350
-785
-91
579
1095
1364
1347
1060
573
-13
-583
-1029
-1272
-1272
-1039
-624
-111
400
813
1050
1063
847
431
-122
-736
-1325
-1818
-2162
-2330
-2326
-2170
-1898
-1550
-1156
-736
-293
178
691
1251
1853
2469
3048
3520
3806
3829
3533
2894
1935
728
-611
-1932
-3071
-3875
-4227
-4063
-3393
-2296
-918
545
1883
2893
3416
3363
2727
1592
119
-1472
-2941
-4053
-4622
-4537
-3779
-2427
-648
1324
3229
4803
5830
6161
5739
4608
2898
814
-1396
-3478
-5197
-6372
-6895
-6736
-5943
-4632
-2962
-1115
729
2415
3825
4884
5564
5875
5854
5556
5038
4354
3547
2648
1681
664
-380
-1430
-2449
-3398
-4231
-4903
-5377
-5627
-5643
-5432
-5014
-4421
-3690
-2857
-1951
-994
0
1023
2067
3115
4140
5097
5925
6554
6906
6911
6520
5711
4504
2960
1183
-688
-2500
-4091
-5318
-6073
-6295
-5979
-5180
-4004
-2593
-1116
262
1393
2165
2512
2423
1939
1146
162
-876
-1832
-2583
-3033
-3121
-2829
-2176
-1220
-47
1232
2502
3640
4537
5100
5265
5000
4314
3251
1898
371
-1188
-2628
-3798
-4572
-4856
-4608
-3843
-2637
-1121
530
2121
3452
4351
4691
4413
3534
2145
404
-1482
-3291
-4804
-5842
-6286
-6093
-5299
-4013
-2404
-666
997
2412
3452
4050
4209
3992
3508
2889
2267
1749
1403
1246
1245
1331
1409
1384
1183
766
142
-634
-1468
-2243
-2841
-3163
-3151
-2800
-2160
-1332
-453
329
877
1092
924
391
-427
-1401
-2368
-3158
-3622
-3655
-3213
-2319
-1062
420
1959
3382
4538
5317
5663
5581
5130
4406
3527
2609
1748
1006
401
-85
-504
-918
-1390
-1961
-2640
-3400
-4177
-4882
-5415
-5683
-5617
-5185
-4402
-3328
-2058
-710
591
1739
2655
3300
3678
3832
3831
3754
3673
0
0
0
0
0
0
0
0
0
0
0
0
0
0
0
0
0
0
0
0
0
0
0
0
0
0
0
0
0
0
0
0
0
0
0
0
0
0
0
0
0
0
0
0
0
0
0
0
0
0
0
0
0
0
0
0
0
0
0
0
0
0
0
0
0
0
0
-728
-888
-1334
-1968
-2650
-3215
-3512
-3424
-2894
-1937
-636
864
2387
3745
4773
5352
5431
5030
4236
3190
2055
997
151
-397
-629
-584
-359
-82
106
90
-209
-811
-1670
-2686
-3713
-4589
-5161
-5311
-4976
-4159
-2931
-1423
197
1751
3071
4028
4548
4621
4298
3680
2899
2093
1386
867
575
501
588
748
876
876
675
236
-427
-1263
-2178
-3062
-3797
-4279
-4436
-4233
-3679
-2828
-1764
-593
570
1622
2475
3071
3380
3407
3179
2743
2161
1495
810
163
-396
-828
-1104
-1205
-1127
-876
-479
25
580
1118
1562
1838
1881
1651
1134
357
-616
-1688
-2735
-3623
-4224
-4439
-4208
-3528
-2451
-1089
406
1856
3082
3927
4282
4100
3404
2288
904
-556
-1890
-2907
-3459
-3458
-2887
-1805
-340
1332
3008
4484
5577
6154
6138
5521
4358
2759
873
-1129
-3077
-4813
-6209
-7174
-7658
-7648
-7171
-6278
-5045
-3562
-1927
-244
1385
2868
4116
5060
5649
5855
5684
5167
4368
3376
2293
1232
296
-430
-892
-1072
-992
-711
-314
97
426
586
523
219
-304
-990
-1754
-2497
-3126
-3560
-3751
-3682
-3373
-2874
-2253
-1584
-934
-352
140
548
900
1235
1597
2015
2497
3021
3535
3965
4224
4229
3918
3265
2287
1053
-325
-1707
-2936
-3865
-4380
-4412
-3955
-3064
-1855
-481
879
2052
2889
3288
3206
2661
1733
544
-754
-2004
-3062
-3814
-4191
-4170
-3771
-3055
-2107
-1026
88
1148
2078
2822
3343
3618
3640
3412
2947
2274
1434
486
-493
-1413
-2174
-2677
-2838
-2602
-1955
-938
358
1791
3185
4346
5095
5289
4846
3766
2132
107
-2084
-4185
-5941
-7137
-7629
-7365
-6400
-4880
-3030
-1113
606
1904
2634
2751
2313
1480
482
-420
-978
-1000
-388
842
2559
4527
6447
7996
8884
8899
7942
6053
3405
284
-2945
-5903
-8236
-9678
-10084
-9451
-7919
-5743
-3256
-818
1241
2671
3333
3218
2446
1236
-128
-1354
-2182
-2434
-2038
-1042
399
2051
3640
4899
5611
5651
5000
3749
2085
258
-1459
-2821
-3640
-3823
-3381
-2428
-1156
195
1383
2197
2503
2253
1503
394
-869
-2056
-2950
-3382
-3267
-2612
-1519
-169
1209
2378
3127
3310
2869
1848
384
-1312
-2988
-4383
-5273
-5503
-5009
-3825
-2084
6
2195
4218
5838
6874
7226
6878
5903
4444
2691
852
-874
-2324
-3388
-4015
-4215
-4049
-3611
-3011
-2356
-1731
-1195
-769
-448
-200
17
246
519
846
1217
1600
1945
2197
2302
2216
1917
1406
709
-125
-1031
-1931
-2747
-3404
-3839
-4005
-3876
-3444
-2720
-1736
-542
799
2210
3603
4882
5949
6709
7080
6998
6425
5362
3846
1959
-179
-2418
-4584
-6499
-7999
-8945
-9246
-8867
-7831
-6227
-4194
-1912
417
2593
4435
5800
6597
6796
6429
5581
4378
2974
1529
192
-915
-1710
-2154
-2253
-2054
-1634
-1087
-513
-3
370
563
559
371
36
-389
-840
-1252
-1567
-1740
-1745
-1575
-1244
-782
-230
359
934
1444
1843
2097
2184
2097
1843
1444
934
359
-230
-782
-1244
-1575
-1745
-1740
-1567
-1252
-840
-389
36
371
559
563
370
-3
-513
-1087
-1634
-2054
-2253
-2154
-1710
-915
192
1529
2974
4378
5581
6429
6796
6597
5800
4435
2593
417
-1912
-4194
-6227
-7831
-8867
-9246
-8945
-7999
-6499
-4584
-2418
-179
1959
3846
5362
6425
6998
7080
6709
5949
4882
3603
2210
799
-542
-1736
-2720
-3444
-3876
-4005
-3839
-3404
-2747
-1931
-1031
-125
709
1406
1917
2216
2302
2197
1945
1600
1217
846
519
246
17
-200
-448
-769
-1195
-1731
-2356
-3011
-3611
-4049
-4215
-4015
-3388
-2324
-874
852
2691
4444
5903
6878
7226
6874
5838
4218
2195
6
-2084
-3825
-5009
-5503
-5273
-4383
-2988
-1312
384
1848
2869
3310
3127
2378
1209
-169
-1519
-2612
-3267
-3382
-2950
-2056
-869
394
1503
2253
2503
2197
1383
195
-1156
-2428
-3381
-3823
-3640
-2821
-1459
258
2085
3749
5000
5651
5611
4899
3640
2051
399
-1042
-2038
-2434
-2182
-1354
-128
1236
2446
3218
3333
2671
1241
-818
-3256
-5743
-7919
-9451
-10084
-9678
-8236
-5903
-2945
284
3405
6053
7942
8899
8884
7996
6447
4527
2559
842
-388
-1000
-978
-420
482
1480
2313
2751
2634
1904
606
-1113
-3030
-4880
-6400
-7365
-7629
-7137
-5941
-4185
-2084
107
2132
3766
4846
5289
5095
4346
3185
1791
358
-938
-1955
-2602
-2838
-2677
-2174
-1413
-493
486
1434
2274
2947
3412
3640
3618
3343
2822
2078
1148
88
-1026
-2107
-3055
-3771
-4170
-4191
-3814
-3062
-2004
-754
544
1733
2661
3206
3288
2889
2052
879
-481
-1855
-3064
-3955
-4412
-4380
-3865
-2936
-1707
-325
1053
2287
3265
3918
4229
4224
3965
3535
3021
2497
2015
1597
1235
900
548
140
-352
-934
-1584
-2253
-2874
-3373
-3682
-3751
-3560
-3126
-2497
-1754
-990
-304
219
523
586
426
97
-314
-711
-992
-1072
-892
-430
296
1232
2293
3376
4368
5167
5684
5855
5649
5060
4116
2868
1385
-244
-1927
-3562
-5045
-6278
-7171
-7648
-7658
-7174
-6209
-4813
-3077
-1129
873
2759
4358
5521
6138
6154
5577
4484
3008
1332
-340
-1805
-2887
-3458
-3459
-2907
-1890
-556
904
2288
3404
4100
4282
3927
3082
1856
406
-1089
-2451
-3528
-4208
-4439
-4224
-3623
-2735
-1688
-616
357
1134
1651
1881
1838
1562
1118
580
25
-479
-876
-1127
-1205
-1104
-828
-396
163
810
1495
2161
2743
3179
3407
3380
3071
2475
1622
570
-593
-1764
-2828
-3679
-4233
-4436
-4279
-3797
-3062
-2178
-1263
-427
236
675
876
876
748
588
501
575
867
1386
2093
2899
3680
4298
4621
4548
4028
3071
1751
197
-1423
-2931
-4159
-4976
-5311
-5161
-4589
-3713
-2686
-1670
-811
-209
90
106
-82
-359
-584
-629
-397
151
997
2055
3190
4236
5030
5431
5352
4773
3745
2387
864
-636
-1937
-2894
-3424
-3512
-3215
-2650
-1968
-1334
-888
0
0
0
0
0
0
0
0
0
0
0
0
0
0
0
0
0
0
0
0
0
0
0
0
0
0
0
0
0
0
0
0
0
0
0
0
0
0
0
0
0
0
0
0
0
0
0
0
0
0
0
0
0
0
0
0
0
0
0
0
0
0
0
0
0
0
0
-5097
-4581
-3121
-956
1554
3996
5959
7113
7254
6338
4489
1975
-834
-3530
-5728
-7130
-7571
-7039
-5676
-3746
-1591
426
1994
2888
3018
2434
1313
-72
-1408
-2392
-2794
-2488
-1486
70
1934
3789
5307
6207
6296
5512
3930
1753
-716
-3127
-5130
-6437
-6860
-6344
-4970
-2942
-555
1853
3953
5472
6228
6158
5316
3859
2017
55
-1771
-3254
-4256
-4725
-4693
-4258
-3562
-2756
-1974
-1309
-800
-433
-150
129
489
990
1650
2439
3280
4056
4635
4892
4734
4120
3070
1672
67
-1567
-3045
-4196
-4892
-5067
-4723
-3930
-2816
-1541
-278
814
1617
2059
2129
1873
1377
755
128
-396
-740
-861
-758
-467
-47
425
881
1257
1514
1634
1623
1499
1292
1028
728
402
50
-335
-762
-1232
-1734
-2241
-2708
-3079
-3290
-3284
-3016
-2467
-1649
-607
583
1825
3006
4019
4767
5180
5221
4889
4216
3263
2110
847
-435
-1658
-2755
-3673
-4380
-4852
-5079
-5055
-4782
-4267
-3522
-2573
-1456
-224
1053
2296
3417
4330
4958
5249
5177
4751
4015
3041
1923
765
-334
-1293
-2053
-2590
-2910
-3044
-3043
-2960
-2842
-2718
-2594
-2450
-2247
-1934
-1464
-804
50
1069
2184
3295
4282
5017
5389
5317
4768
3765
2385
758
-953
-2573
-3931
-4887
-5351
-5292
-4740
-3783
-2553
-1205
98
1220
2051
2535
2662
2474
2046
1479
876
332
-84
-337
-424
-374
-236
-71
61
119
78
-58
-262
-489
-684
-791
-768
-592
-262
193
728
1276
1766
2131
2315
2281
2018
1541
886
112
-712
-1516
-2227
-2786
-3150
-3293
-3210
-2915
-2441
-1832
-1144
-433
242
834
1303
1623
1787
1803
1697
1505
1273
1046
867
765
754
830
968
1129
1263
1319
1255
1042
679
189
-377
-950
-1448
-1788
-1906
-1764
-1361
-741
12
786
1447
1863
1923
1557
751
-447
-1928
-3530
-5055
-6295
-7059
-7199
-6631
-5349
-3431
-1030
1639
4327
6778
8760
10090
10658
10434
9471
7893
5880
3640
1384
-698
-2462
-3814
-4725
-5218
-5362
-5255
-5002
-4703
-4429
-4223
-4091
-4006
-3918
-3766
-3490
-3045
-2408
-1586
-613
453
1541
2571
3472
4186
4680
4944
4991
4856
4585
4227
3828
3423
3027
2642
2250
1823
1326
728
7
-839
-1797
-2826
-3865
-4837
-5657
-6236
-6499
-6390
-5882
-4982
-3737
-2229
-574
1093
2629
3892
4766
5169
5067
4477
3476
2184
761
-613
-1763
-2535
-2819
-2565
-1793
-592
887
2451
3882
4970
5541
5477
4739
3374
1509
-655
-2875
-4890
-6456
-7375
-7526
-6880
-5501
-3548
-1246
1133
3313
5038
6113
6421
5942
4749
3000
918
-1239
-3216
-4783
-5765
-6067
-5673
-4653
-3144
-1335
560
2332
3791
4800
5277
5205
4630
3651
2401
1036
-289
-1435
-2293
-2790
-2901
-2640
-2062
-1250
-309
648
1514
2192
2607
2714
2497
1975
1196
234
-819
-1862
-2794
-3524
-3982
-4124
-3940
-3452
-2714
-1802
-812
158
1017
1693
2137
2334
2301
2083
1748
1375
1040
810
728
810
1040
1375
1748
2083
2301
2334
2137
1693
1017
158
-812
-1802
-2714
-3452
-3940
-4124
-3982
-3524
-2794
-1862
-819
234
1196
1975
2497
2714
2607
2192
1514
648
-309
-1250
-2062
-2640
-2901
-2790
-2293
-1435
-289
1036
2401
3651
4630
5205
5277
4800
3791
2332
560
-1335
-3144
-4653
-5673
-6067
-5765
-4783
-3216
-1239
918
3000
4749
5942
6421
6113
5038
3313
1133
-1246
-3548
-5501
-6880
-7526
-7375
-6456
-4890
-2875
-655
1509
3374
4739
5477
5541
4970
3882
2451
887
-592
-1793
-2565
-2819
-2535
-1763
-613
761
2184
3476
4477
5067
5169
4766
3892
2629
1093
-574
-2229
-3737
-4982
-5882
-6390
-6499
-6236
-5657
-4837
-3865
-2826
-1797
-839
7
728
1326
1823
2250
2642
3027
3423
3828
4227
4585
4856
4991
4944
4680
4186
3472
2571
1541
453
-613
-1586
-2408
-3045
-3490
-3766
-3918
-4006
-4091
-4223
-4429
-4703
-5002
-5255
-5362
-5218
-4725
-3814
-2462
-698
1384
3640
5880
7893
9471
10434
10658
10090
8760
6778
4327
1639
-1030
-3431
-5349
-6631
-7199
-7059
-6295
-5055
-3530
-1928
-447
751
1557
1923
1863
1447
786
12
-741
-1361
-1764
-1906
-1788
-1448
-950
-377
189
679
1042
1255
1319
1263
1129
968
830
754
765
867
1046
1273
1505
1697
1803
1787
1623
1303
834
242
-433
-1144
-1832
-2441
-2915
-3210
-3293
-3150
-2786
-2227
-1516
-712
112
886
1541
2018
2281
2315
2131
1766
1276
728
193
-262
-592
-768
-791
-684
-489
-262
-58
78
119
61
-71
-236
-374
-424
-337
-84
332
876
1479
2046
2474
2662
2535
2051
1220
98
-1205
-2553
-3783
-4740
-5292
-5351
-4887
-3931
-2573
-953
758
2385
3765
4768
5317
5389
5017
4282
3295
2184
1069
50
-804
-1464
-1934
-2247
-2450
-2594
-2718
-2842
-2960
-3043
-3044
-2910
-2590
-2053
-1293
-334
765
1923
3041
4015
4751
5177
5249
4958
4330
3417
2296
1053
-224
-1456
-2573
-3522
-4267
-4782
-5055
-5079
-4852
-4380
-3673
-2755
-1658
-435
847
2110
3263
4216
4889
5221
5180
4767
4019
3006
1825
583
-607
-1649
-2467
-3016
-3284
-3290
-3079
-2708
-2241
-1734
-1232
-762
-335
50
402
728
1028
1292
1499
1623
1634
1514
1257
881
425
-47
-467
-758
-861
-740
-396
128
755
1377
1873
2129
2059
1617
814
-278
-1541
-2816
-3930
-4723
-5067
-4892
-4196
-3045
-1567
67
1672
3070
4120
4734
4892
4635
4056
3280
2439
1650
990
489
129
-150
-433
-800
-1309
-1974
-2756
-3562
-4258
-4693
-4725
-4256
-3254
-1771
55
2017
3859
5316
6158
6228
5472
3953
1853
-555
-2942
-4970
-6344
-6860
-6437
-5130
-3127
-716
1753
3930
5512
6296
6207
5307
3789
1934
70
-1486
-2488
-2794
-2392
-1408
-72
1313
2434
3018
2888
1994
426
-1591
-3746
-5676
-7039
-7571
-7130
-5728
-3530
-834
1975
4489
6338
7254
7113
5959
3996
1554
-956
-3121
-4581
0
0
0
0
0
0
0
0
0
0
0
0
0
0
0
0
0
0
0
0
0
0
0
0
0
0
0
0
0
0
0
0
0
0
0
0
0
0
0
0
0
0
0
0
0
0
0
0
0
0
0
0
0
0
0
0
0
0
0
0
0
0
0
0
0
0
0
