0
4278
8485
12550
16402
19973
23203
26035
28419
30314
31684
32507
32766
32456
31581
30156
28203
25758
22860
19561
15917
11991
7852
3573
-771
-5106
-9352
-13436
-17284
-20829
-24006
-26759
-29038
-30801
-32015
-32660
-32720
-32196
-31094
-29434
-27244
-24563
-21439
-17925
-14087
-9991
-5712
-1327
3083
7441
11667
15683
19415
22796
25762
28259
30239
31667
32514
32764
32412
31462
29931
27847
25247
22178
18696
14865
10755
6443
2009
-2465
-6896
-11201
-15299
-19113
-22570
-25606
-28162
-30190
-31650
-32514
-32764
-32394
-31411
-29832
-27686
-25012
-21861
-18292
-14372
-10175
-5781
-1274
3259
7733
12062
16161
19951
23359
26318
28771
30668
31973
32659
32711
32127
30919
29107
26727
23823
20452
16679
12577
8226
3711
-879
-5455
-9926
-14204
-18204
-21846
-25058
-27775
-29942
-31516
-32464
-32766
-32415
-31417
-29790
-27567
-24790
-21514
-17805
-13736
-9388
-4849
-209
4437
8997
13377
17489
21248
24578
27411
29687
31359
32393
32765
32468
31507
29899
27676
24884
21579
17828
13707
9301
4700
0
-4703
-9311
-13729
-17864
-21629
-24947
-27746
-29968
-31566
-32503
-32761
-32332
-31225
-29460
-27076
-24119
-20653
-16748
-12488
-7961
-3263
1506
6246
10856
15238
19298
22949
26112
28719
30713
32051
32702
32651
31900
30461
28366
25658
22395
18646
14492
10022
5332
524
-4298
-9029
-13567
-17811
-21669
-25055
-27896
-30127
-31699
-32577
-32739
-32182
-30916
-28967
-26379
-23206
-19519
-15397
-10932
-6222
-1372
3511
8320
12945
17284
21240
24723
27655
29968
31611
32545
32748
32214
30954
28995
26381
23169
19431
15252
10724
5950
1038
-3899
-8751
-13405
-17757
-21705
-25159
-28038
-30277
-31822
-32637
-32702
-32014
-30588
-28456
-25665
-22280
-18377
-14047
-9388
-4509
477
5455
10308
14924
19194
23018
26305
28979
30974
32243
32756
32498
31476
29711
27244
24133
20449
16280
11722
6884
1880
-3170
-8148
-12935
-17416
-21484
-25041
-28000
-30291
-31856
-32659
-32677
-31909
-30373
-28105
-25157
-21600
-17520
-13013
-8189
-3163
1941
7001
11893
16499
20705
24407
27516
29953
31659
32589
32721
32049
30590
28377
25463
21921
17836
13307
8448
3377
-1780
-6896
-11843
-16499
-20746
-24479
-27603
-30040
-31727
-32621
-32699
-31957
-30413
-28105
-25088
-21439
-17247
-12618
-7668
-2522
2689
7836
12787
17416
21605
25247
28248
30530
32035
32723
32574
31592
29801
27244
23987
20112
15718
10917
5832
595
-4660
-9798
-14685
-19194
-23208
-26622
-29345
-31307
-32455
-32757
-32206
-30813
-28614
-25665
-22043
-17841
-13169
-8148
-2911
2405
7661
12717
17440
21705
25397
28419
30689
32146
32750
32483
31352
29385
26633
23169
19084
14487
9500
4255
-1105
-6439
-11603
-16457
-20870
-24723
-27911
-30346
-31961
-32712
-32578
-31559
-29684
-27001
-23582
-19519
-14922
-9916
-4636
771
6162
11386
16301
20770
24671
27896
30354
31977
32719
32558
31498
29565
26813
23317
19172
14492
9407
4058
-1405
-6833
-12073
-16978
-21411
-25247
-28377
-30713
-32188
-32760
-32410
-31148
-29007
-26047
-22351
-18021
-13179
-7961
-2516
3003
8440
13640
18454
22745
26389
29282
31340
32503
32737
32033
30409
27913
24613
20604
16000
10932
5547
0
-5550
-10942
-16021
-20637
-24657
-27963
-30458
-32068
-32745
-32468
-31244
-29107
-26118
-22364
-17952
-13013
-7689
-2137
3479
8997
14252
19090
23367
26955
29748
31662
32640
32650
31691
29790
27003
23411
19119
14256
8965
3403
-2262
-7862
-13230
-18204
-22633
-26385
-29345
-31423
-32556
-32707
-31871
-30072
-27362
-23823
-19561
-14703
-9397
-3803
1908
7565
12994
18030
22517
26318
29316
31419
32559
32702
31841
30001
27238
23635
19302
14372
8996
3339
-2422
-8112
-13553
-18577
-23026
-26761
-29667
-31650
-32648
-32629
-31591
-29565
-26615
-22829
-18327
-13249
-7752
-2009
3799
9491
14886
19815
24120
27666
30338
32052
32751
32412
31044
28690
25423
21345
16586
11295
5642
-193
-6025
-11667
-16938
-21669
-25706
-28920
-31206
-32489
-32726
-31909
-30063
-27244
-23544
-19081
-13998
-8460
-2644
3259
9060
14569
19606
24006
27626
30346
32075
32756
32366
30916
28451
25051
20827
15917
10480
4696
-1244
-7147
-12817
-18065
-22719
-26622
-29644
-31684
-32674
-32578
-31398
-29173
-25975
-21909
-17110
-11737
-5969
0
5972
11747
17130
21941
26016
29217
31436
32596
32657
31615
29504
26395
22390
17625
12260
6476
470
-5554
-11392
-16845
-21726
-25867
-29127
-31393
-32585
-32662
-31619
-29491
-26349
-22301
-17483
-12062
-6222
-166
5898
11762
17222
22088
26191
29387
31566
32648
32597
31411
29131
25835
21636
16679
11138
5205
-912
-7001
-12847
-18244
-23003
-26955
-29960
-31912
-32739
-32412
-30940
-28374
-24803
-20353
-15179
-9465
-3413
2763
8843
14612
19863
24407
28083
30758
32334
32755
32003
30103
27124
23169
18381
12929
7010
836
-5370
-11386
-16993
-21989
-26191
-29446
-31636
-32680
-32538
-31214
-28754
-25247
-20819
-15630
-9868
-3744
2518
8692
14551
19879
24480
28184
30855
32393
32739
31880
29845
26709
22585
17625
12011
5950
-333
-6607
-12639
-18204
-23094
-27128
-30152
-32055
-32763
-32248
-30528
-27666
-23767
-18976
-13473
-7461
-1167
5173
11322
17047
22132
26385
29644
31785
32724
32427
30901
28203
24435
19738
14288
8294
1981
-4409
-10635
-16457
-21654
-26025
-29402
-31656
-32697
-32485
-31027
-28377
-24634
-19943
-14481
-8460
-2109
4324
10594
16457
21686
26077
29459
31699
32710
32451
30929
28203
24378
19601
14056
7961
1552
-4919
-11201
-17047
-22227
-26537
-29806
-31906
-32751
-32307
-30590
-27666
-23648
-18696
-13002
-6791
-309
6187
12441
18204
23246
27366
30398
32222
32762
31995
29951
26709
22398
17189
11289
4935
-1619
-8112
-14281
-19879
-24678
-28486
-31147
-32552
-32643
-31416
-28917
-25247
-20553
-15023
-8882
-2378
4225
10659
16662
21989
26421
29777
31918
32756
32254
30432
27362
23169
18024
12137
5748
-879
-7473
-13762
-19485
-24407
-28323
-31070
-32533
-32650
-31414
-28875
-25136
-20353
-14721
-8475
-1874
4807
11292
17307
22602
26955
30182
32146
32765
32010
29911
26556
22083
16679
10571
4016
-2711
-9326
-15551
-21121
-25799
-29387
-31732
-32732
-32344
-30582
-27520
-23286
-18060
-12062
-5547
1206
7911
14280
20041
24947
28786
31393
32653
32513
30975
28105
24024
18906
12972
6476
-301
-7069
-13534
-19415
-24458
-28443
-31196
-32596
-32580
-31148
-28360
-24336
-19250
-13322
-6811
0
6813
13332
19269
24364
28393
31178
32594
32578
31129
28309
24241
19103
13120
6555
-301
-7147
-13680
-19609
-24671
-28641
-31340
-32648
-32505
-30916
-27948
-23735
-18460
-12360
-5706
1206
8067
14569
20421
25359
29162
31656
32728
32328
30473
27244
22786
17298
11027
4255
-2711
-9557
-15974
-21669
-26383
-29901
-32062
-32766
-31979
-29736
-26137
-21345
-15577
-9095
-2195
4807
11593
17850
23291
27666
30771
32464
32665
31362
28614
24546
19345
13249
6538
-477
-7473
-14125
-20126
-25196
-29098
-31650
-32732
-32292
-30349
-26991
-22374
-16712
-10266
-3339
3746
10659
17076
22694
27251
30530
32377
32702
31489
28793
24740
19519
13375
6597
-494
-7565
-14281
-20323
-25404
-29282
-31772
-32753
-32178
-30072
-26533
-21729
-15887
-9285
-2238
4919
11843
18204
23695
28052
31066
32589
32548
30942
27847
23411
17845
11416
4435
-2763
-9830
-16425
-22227
-26955
-30378
-32330
-32713
-31507
-28769
-24631
-19293
-13013
-6096
1120
8285
15047
21076
26077
29802
32068
32763
31850
29372
25451
20276
14101
7230
0
-7232
-14111
-20295
-25478
-29402
-31872
-32764
-32033
-29711
-25913
-20827
-14703
-7845
-595
6688
13640
19914
25196
29220
31785
32759
32093
29819
26047
20967
14832
7950
664
-6656
-13645
-19948
-25247
-29273
-31822
-32763
-32046
-29706
-25861
-20703
-14492
-7543
-209
7138
14125
20396
25629
29557
31977
32766
31880
29363
25342
20022
13674
6622
-771
-8129
-15071
-21240
-26318
-30042
-32219
-32734
-31559
-28754
-24461
-18901
-12360
-5177
2276
9615
16457
22447
27271
30678
32489
32608
31026
27825
23169
17302
10527
3199
-4298
-11573
-18244
-23960
-28419
-31387
-32705
-32302
-30198
-26501
-21406
-15179
-8148
-684
6817
13962
20369
25700
29668
32064
32757
31710
28975
24698
19103
12488
5205
-2358
-9798
-16717
-22745
-27557
-30894
-32577
-32513
-30703
-27244
-22319
-16192
-9191
-1693
5898
13175
19743
25247
29388
31941
32765
31816
29141
24884
19276
12618
5272
-2362
-9871
-16845
-22903
-27714
-31014
-32621
-32445
-30495
-26875
-21781
-15492
-8351
-749
6896
14165
20658
26016
29942
32220
32721
31417
28377
23767
17841
10926
3403
-4310
-11787
-18613
-24407
-28847
-31684
-32759
-32010
-29476
-25298
-19707
-13013
-5590
2148
9769
16845
22980
27828
31116
32659
32366
30254
26438
21133
14635
7310
-430
-8148
-15409
-21801
-26962
-30598
-32502
-32563
-30778
-27244
-22162
-15818
-8572
-836
6950
14343
20920
26305
30190
32350
32661
31103
27762
22829
16586
9388
1649
-6187
-13670
-20369
-25898
-29936
-32249
-32702
-31267
-28024
-23161
-16955
-9766
-2009
5867
13405
20168
25762
29860
32222
32709
31291
28049
23169
16936
9711
1916
-5992
-13553
-20323
-25904
-29968
-32275
-32687
-31179
-27837
-22855
-16527
-9222
-1372
6562
14111
20829
26318
30252
32397
32623
30916
27374
22206
15718
8294
373
-7571
-15067
-21669
-26980
-30683
-32556
-32483
-30469
-26631
-21197
-14492
-6916
1077
9009
16402
22811
27851
31216
32702
32218
29790
25564
19793
12824
5078
-2978
-10856
-18080
-24210
-28873
-31785
-32766
-31757
-28816
-24119
-17952
-10689
-2772
5316
13083
20053
25799
29968
32304
32662
31017
27469
22233
15630
8064
0
-8067
-15639
-22251
-27492
-31038
-32669
-32282
-29899
-25665
-19840
-12785
-4935
3223
11185
18454
24578
29176
31960
32754
31507
28295
23317
16881
9388
1306
-6859
-14599
-21426
-26913
-30713
-32587
-32415
-30206
-26096
-20343
-13307
-5431
2789
10837
18204
24423
29100
31937
32755
31498
28244
23199
16679
9099
938
-7285
-15047
-21854
-27271
-30951
-32659
-32282
-29844
-25497
-19519
-12290
-4271
4023
12062
19330
25359
29762
32252
32670
30984
27303
21861
15008
7184
-1105
-9326
-16947
-23474
-28484
-31650
-32766
-31757
-28687
-23753
-17274
-9670
-1435
6896
14781
21705
27215
30951
32666
32248
29720
25247
19119
11737
3583
-4807
-12886
-20121
-26035
-30239
-32455
-32534
-30469
-26395
-20578
-13400
-5336
3083
11302
18775
25007
29584
32200
32681
30992
27244
21684
14679
6695
-1736
-10055
-17706
-24178
-29038
-31959
-32744
-31340
-27837
-22468
-15592
-7668
771
9163
16942
23583
28641
31772
32764
31548
28203
22955
16155
8261
-193
-8637
-16499
-23246
-28419
-31667
-32766
-31641
-28366
-23161
-16378
-8479
0
8482
16388
23178
28387
31659
32766
31633
28334
23092
16267
8323
-193
-8699
-16610
-23382
-28547
-31748
-32764
-31521
-28105
-22748
-15818
-7793
771
9287
17161
23850
28887
31923
32744
31292
27666
22114
15023
6884
-1736
-10238
-18030
-24565
-29387
-32158
-32681
-30919
-26991
-21173
-13868
-5590
3083
11543
19194
25499
30012
32414
32534
30361
26047
19895
12336
3903
-4807
-13181
-20625
-26610
-30711
-32637
-32248
-29569
-24790
-18247
-10405
-1820
6896
15124
22277
27843
31423
32760
31757
28483
23169
16196
8060
-655
-9326
-17331
-24094
-29127
-32068
-32703
-30984
-27033
-21133
-13707
-5289
3511
12062
19743
25999
30374
32552
32371
29844
25150
18630
10754
2094
-6719
-15047
-22282
-27896
-31478
-32765
-31661
-28244
-22763
-15616
-7324
1506
10228
18204
24847
29668
32313
32585
30461
26096
19809
12062
3423
-5469
-13962
-21426
-27310
-31178
-32740
-31881
-28661
-23317
-16242
-7961
912
9721
17811
24578
29519
32265
32608
30520
26157
19840
12041
3339
-5613
-14150
-21629
-27492
-31296
-32755
-31758
-28377
-22863
-15630
-7219
1736
10564
18599
25234
29968
32443
32468
30041
25342
18725
10689
1842
-7147
-15598
-22868
-28404
-31785
-32751
-31227
-27327
-21345
-13736
-5078
3969
12717
20496
26712
30887
32702
32014
28875
23522
16364
7950
-1077
-10024
-18204
-24986
-29848
-32414
-32483
-30050
-25298
-18593
-10451
-1499
7571
16058
23305
28750
31969
32711
30916
26720
20449
12587
3744
-5391
-14111
-21734
-27666
-31442
-32766
-31533
-27837
-21964
-14372
-5653
3510
12401
20323
26654
30894
32710
31957
28692
23169
15822
7226
-1941
-10958
-19113
-25762
-30378
-32596
-32237
-29328
-24096
-16955
-8469
691
9799
18132
25028
29936
32465
32412
29778
24772
17791
9388
234
-8940
-17404
-24479
-29598
-32350
-32513
-30072
-25219
-18342
-9991
-836
8388
16942
24135
29387
32275
32563
30226
25451
18620
10283
1113
-8148
-16754
-24006
-29316
-32252
-32574
-30254
-25477
-18630
-10266
-1066
8222
16845
24098
29390
32286
32549
30156
25298
18372
9941
695
-8610
-17213
-24407
-29603
-32371
-32482
-29925
-24908
-17841
-9305
0
9307
17850
24924
29942
32491
32356
29546
24293
17028
8351
-1019
-10308
-18745
-25629
-30386
-32621
-32145
-28995
-23432
-15917
-7073
2362
11603
19879
26497
30903
32728
31816
28241
22301
14491
5464
-4023
-13175
-21224
-27492
-31451
-32766
-31324
-27244
-20868
-12732
-3519
5992
15001
22745
28568
31977
32682
30619
25962
19103
10622
1238
-8253
-17047
-24394
-29668
-32420
-32412
-29643
-24347
-16973
-8148
1373
10781
19269
26112
30723
32705
31886
28334
22351
14449
5304
-4298
-13534
-21608
-27826
-31650
-32749
-31026
-26627
-19930
-11510
-2094
7504
16457
23989
29446
32355
32460
29752
24461
17046
8148
-1459
-10942
-19477
-26318
-30870
-32732
-31742
-27983
-21780
-13674
-4371
5316
14541
22496
28484
31977
32669
30495
25645
18541
9807
209
-9410
-18204
-25397
-30356
-32640
-32046
-28625
-22675
-14721
-5464
4278
13645
21806
28038
31787
32719
30748
26047
19032
10324
695
-8997
-17892
-25196
-30256
-32621
-32077
-28669
-22701
-14703
-5389
4409
13816
21989
28193
31872
32694
30582
25725
18555
9715
0
-9718
-18563
-25739
-30598
-32699
-31850
-28126
-21861
-13619
-4144
5708
15047
23026
28920
32194
32549
29951
24631
17073
7961
-1876
-11547
-20168
-26955
-31287
-32766
-31257
-26894
-20073
-11416
-1713
8148
17267
24807
30076
32589
32113
28690
22632
14492
5018
-4919
-14407
-22570
-28657
-32104
-32591
-30072
-24775
-17189
-8012
1907
11653
20323
27113
31393
32763
31094
26539
19519
10683
852
-9060
-18132
-25519
-30530
-32697
-31816
-27965
-21503
-13031
-3339
6667
16052
23938
29584
32459
32292
29097
23169
15065
5543
-4501
-14125
-22423
-28612
-32108
-32578
-29977
-24546
-16798
-7461
2582
12385
21019
27666
31694
32721
30647
25665
18247
9095
-923
-10856
-19760
-26786
-31264
-32766
-31146
-26556
-19431
-10451
-470
9557
18675
26008
30855
32749
31507
27244
20368
11537
1595
-8501
-17784
-25359
-30497
-32702
-31758
-27754
-21074
-12360
-2451
7696
17103
24860
30215
32648
31922
28105
21563
12929
3039
-7147
-16643
-24525
-30025
-32607
-32016
-28309
-21844
-13249
-3359
6859
16412
24364
29939
32588
32050
28377
21924
13322
3413
-6833
-16412
-24382
-29960
-32596
-32028
-28309
-21804
-13150
-3199
7069
16643
24578
30089
32630
31946
28105
21482
12732
2719
-7565
-17103
-24947
-30318
-32680
-31797
-27754
-20951
-12062
-1970
8320
17784
25478
30633
32732
31565
27244
20200
11134
952
-9326
-18675
-26154
-31014
-32765
-31228
-26556
-19215
-9941
333
10578
19760
26955
31436
32749
30759
25665
17979
8475
-1887
-12062
-21019
-27851
-31864
-32650
-30126
-24546
-16475
-6728
3703
13762
22423
28806
32258
32427
29291
23169
14683
4696
-5772
-15653
-23938
-29777
-32571
-32033
-28214
-21503
-12587
-2378
8077
17706
25519
30711
32748
31416
26850
19519
10175
-219
-10594
-19879
-27113
-31549
-32726
-30520
-25157
-17189
-7439
3083
13289
22119
28657
32222
32441
29289
23092
14492
4381
-6187
-16114
-24364
-30076
-32652
-31820
-27666
-20619
-11416
-1017
9491
19008
26537
31287
32757
30792
25595
17709
7961
-2625
-12939
-21894
-28547
-32194
-32451
-29286
-23032
-14346
-4144
6498
16457
24678
30291
32699
31644
27238
19943
10531
0
-10533
-19951
-27251
-31656
-32694
-30254
-24592
-16309
-6286
4409
14637
23305
29487
32519
32077
28203
21312
12137
1660
-8997
-18692
-26385
-31248
-32757
-30748
-25434
-17383
-7461
3266
13645
22556
29038
32390
32248
28625
21909
12824
2351
-8378
-18204
-26061
-31098
-32765
-30880
-25645
-17625
-7689
3083
13524
22496
29023
32393
32235
28565
21780
12618
2077
-8692
-18516
-26318
-31245
-32755
-30681
-25247
-17046
-6975
3863
14280
23132
29446
32527
32033
28015
20915
11510
836
-9932
-19609
-27125
-31650
-32682
-30103
-24198
-15616
-5304
5596
15880
24407
30232
32705
31550
26894
19250
9465
-1373
-12062
-21411
-28379
-32188
-32412
-29022
-22395
-13267
-2656
8253
18244
26197
31222
32754
30619
25054
16679
6433
-4537
-15001
-23783
-29895
-32648
-31731
-27244
-19690
-9916
976
11762
21224
28293
32170
32415
28997
22301
13080
2378
-8595
-18599
-26497
-31393
-32729
-30352
-24528
-15917
-5494
5554
15974
24578
30386
32734
31352
26395
18425
8351
-2679
-13405
-22602
-29217
-32491
-32046
-27932
-20616
-10936
0
10939
20625
27944
32055
32482
29173
22507
13249
2462
-8610
-18692
-26622
-31481
-32707
-30156
-24119
-15293
-4696
6446
16845
25296
30817
32766
30916
25477
17079
6695
-4468
-15115
-24006
-30106
-32702
-31489
-26606
-18620
-8460
2689
13528
22788
29387
32552
31909
27532
19930
9991
-1120
-12103
-21669
-28693
-32350
-32208
-28280
-21025
-11295
-234
10856
20671
28052
32127
32412
28871
21921
12379
1372
-9799
-19815
-27487
-31906
-32545
-29328
-22632
-13249
-2291
8940
19113
27016
31708
32629
29666
23169
13911
2992
-8285
-18577
-26654
-31549
-32677
-29899
-23544
-14372
-3477
7836
18214
26411
31442
32702
30037
23764
14635
3744
-7598
-18030
-26293
-31393
-32711
-30086
-23833
-14703
-3796
7571
18026
26305
31405
32707
30050
23753
14577
3632
-7754
-18204
-26446
-31479
-32688
-29925
-23522
-14256
-3253
8148
18560
26712
31608
32650
29706
23135
13736
2656
-8751
-19090
-27095
-31785
-32581
-29385
-22585
-13013
-1842
9557
19786
27585
31994
32468
28947
21861
12081
809
-10564
-20637
-28166
-32219
-32293
-28377
-20951
-10932
440
11762
21629
28819
32437
32033
27653
19840
9561
-1907
-13142
-22745
-29519
-32621
-31661
-26755
-18514
-7961
3586
14689
23960
30239
32740
31148
25658
16955
6128
-5469
-16384
-25247
-30944
-32759
-30461
-24336
-15151
-4058
7546
18204
26572
31595
32638
29565
22763
13087
1756
-9798
-20118
-27896
-32148
-32332
-28424
-20915
-10754
771
12203
22088
29171
32552
31797
27001
18769
8148
-3511
-14727
-24069
-30346
-32754
-30984
-25260
-16309
-5272
6439
17331
26008
31359
32696
29845
23169
13521
2137
-9523
-19964
-27843
-32146
-32318
-28334
-20703
-10405
1234
12717
22564
29503
32637
31559
26407
17841
6968
-4807
-15965
-25058
-30909
-32757
-30361
-24028
-14577
-3233
8533
19194
27364
31977
32433
28669
21173
10917
-762
-12345
-22321
-29387
-32619
-31592
-26438
-17828
-6884
4961
16161
25247
31028
32744
30168
23635
13998
2522
-9287
-19879
-27860
-32179
-32265
-28105
-20242
-9711
2101
13640
23382
30040
32733
31103
25362
16267
5018
-6896
-17901
-26537
-31659
-32585
-29190
-21921
-11741
0
11743
21929
29201
32589
31641
26480
17791
6728
-5233
-16499
-25566
-31222
-32709
-29826
-22955
-13013
-1327
10537
20994
28641
32450
31909
27088
18630
7668
-4324
-15739
-25041
-30976
-32744
-30105
-23411
-13561
-1880
10055
20637
28436
32397
31982
27244
18822
7852
-4182
-15653
-25007
-30974
-32743
-30072
-23319
-13400
-1660
10308
20879
28612
32455
31881
26966
18377
7282
-4807
-16245
-25468
-31216
-32702
-29720
-22675
-12528
-664
11292
21705
29147
32596
31576
26225
17274
5950
-6193
-17489
-26383
-31650
-32564
-28995
-21433
-10917
1105
12978
23064
29968
32737
30984
24950
15465
3839
-8320
-19330
-27666
-32170
-32217
-27796
-19519
-8531
3643
15314
24860
30951
32739
29972
23032
12884
938
-11141
-21669
-29176
-32613
-31498
-25982
-16835
-5332
6918
18204
26944
31912
32410
28366
20343
9465
-2743
-14569
-24351
-30713
-32759
-30198
-23387
-13283
-1306
10856
21492
29100
32604
31507
25962
16748
5166
-7147
-18454
-27152
-32008
-32332
-28076
-19840
-8789
3510
15314
24947
31038
32720
29752
22551
12140
0
-12143
-22559
-29762
-32723
-31017
-24884
-15198
-3339
8998
20053
28242
32393
31908
26854
17952
6476
-5930
-17489
-26541
-31785
-32465
-28481
-20402
-9388
2978
14918
24714
30951
32730
29790
22554
12062
-172
-12385
-22811
-29942
-32746
-30813
-24421
-14492
-2462
9926
20879
28806
32556
31581
26021
16679
4912
-7571
-18956
-27585
-32200
-32127
-27374
-18630
-7167
5342
17076
26318
31719
32485
28504
20353
9222
-3259
-15267
-25041
-31147
-32687
-29434
-21861
-11077
1334
13553
23783
30517
32764
30189
23169
12736
423
-11953
-22570
-29860
-32743
-30792
-24293
-14202
-2009
10483
21426
29201
32652
31267
25247
15482
3419
-9153
-20369
-28563
-32514
-31633
-26047
-16586
-4654
7973
19415
27967
32350
31910
26709
17520
5712
-6950
-18577
-27428
-32179
-32116
-27244
-18292
-6597
6088
17864
26962
32015
32263
27666
18910
7310
-5391
-17284
-26579
-31872
-32366
-27983
-19380
-7852
4862
16845
26287
31760
32433
28203
19707
8226
-4501
-16550
-26094
-31684
-32472
-28334
-19895
-8434
4310
16402
26003
31651
32486
28377
19946
8475
-4288
-16402
-26016
-31662
-32478
-28334
-19861
-8351
4437
16550
26133
31717
32445
28203
19638
8060
-4756
-16845
-26351
-31812
-32386
-27983
-19276
-7602
5243
17284
26666
31941
32293
27666
18769
6975
-5898
-17864
-27071
-32095
-32157
-27244
-18113
-6176
6719
18577
27557
32265
31968
26709
17302
5205
-7702
-19415
-28111
-32434
-31710
-26047
-16326
-4058
8843
20369
28719
32588
31368
25247
15179
2736
-10137
-21426
-29364
-32705
-30922
-24293
-13853
-1238
11573
22570
30025
32764
30353
23169
12339
-434
-13142
-23783
-30678
-32739
-29638
-21861
-10632
2276
14829
25041
31296
32604
28754
20353
8727
-4282
-16616
-26318
-31849
-32328
-27676
-18630
-6622
6439
18480
27585
32302
31880
26381
16679
4318
-8734
-20396
-28806
-32620
-31227
-24845
-14492
-1820
11144
22329
29942
32763
30335
23047
12062
-859
-13645
-24243
-30951
-32688
-29173
-20967
-9388
3703
16202
26094
31785
32354
27709
18593
6476
-6688
-18775
-27832
-32393
-31718
-25913
-15915
-3339
9779
21317
29402
32723
30737
23764
12933
0
-12935
-23772
-30745
-32720
-29372
-21243
-9654
3510
16105
26077
31798
32332
27590
18342
6096
-7147
-19226
-28162
-32493
-31507
-25362
-15061
-2291
10856
22227
29953
32765
30198
22670
11416
-1716
-14569
-25028
-31370
-32548
-28366
-19509
-7435
5867
18204
27539
32330
31782
25982
15887
3163
-10086
-21669
-29667
-32753
-30413
-23032
-11831
1334
14281
24860
31312
32563
28403
19519
7387
-5976
-18347
-27666
-32377
-31693
-25725
-15465
-2622
10659
22164
29968
32766
30086
22374
10917
-2369
-15261
-25599
-31650
-32396
-27709
-18372
-5950
7473
19643
28516
32596
31195
24546
13765
664
-12550
-23653
-30771
-32702
-29116
-20616
-8634
4807
17440
27128
32230
31881
26137
15968
3092
-10308
-21966
-29901
-32766
-30072
-22272
-10689
2711
15653
25937
31812
32275
27244
17574
4908
-8595
-20637
-29162
-32712
-30681
-23411
-12140
1206
14349
25041
31451
32480
27948
18630
6117
-7445
-19735
-28641
-32634
-31026
-24089
-13013
301
13567
24501
31222
32570
28309
19172
6728
-6876
-19298
-28393
-32589
-31159
-24347
-13326
0
13328
24354
31166
32585
28360
19220
6748
-6896
-19347
-28443
-32604
-31103
-24198
-13087
301
13640
24608
31294
32533
28105
18778
6176
-7504
-19879
-28786
-32669
-30847
-23635
-12290
1206
14493
25247
31583
32389
27520
17828
5008
-8692
-20870
-29387
-32745
-30352
-22624
-10917
2711
15865
26229
31977
32094
26556
16335
3233
-10442
-22277
-30182
-32757
-29546
-21112
-8944
4807
17712
27483
32390
31559
25136
14256
845
-12717
-24026
-31070
-32598
-28334
-19032
-6345
7473
19964
28903
32697
30666
23169
11540
-2148
-15456
-26008
-31918
-32127
-26596
-16309
-3103
10659
22517
30346
32741
29270
20553
8148
-5719
-18563
-28078
-32552
-31179
-24202
-12874
771
14281
25223
31625
32332
27214
17189
4062
-9798
-21894
-30040
-32762
-29565
-21025
-8682
5233
18204
27882
32514
31257
24336
13002
-691
-14262
-25247
-31650
-32307
-27094
-16955
-3732
10171
22227
30239
32747
29289
20494
7961
-6025
-18915
-28356
-32621
-30929
-23586
-11931
1907
15400
26077
31982
32033
26215
15592
2109
-11762
-23479
-30889
-32629
-28377
-18910
-5966
8077
20637
29402
32756
30080
21861
9613
-4409
-17621
-27585
-32459
-31342
-24435
-13013
816
14497
25499
31785
32188
26631
16140
2656
-11322
-23203
-30782
-32650
-28456
-18976
-5969
8148
20755
29503
32763
29925
21514
9095
-5021
-18204
-27995
-32564
-31058
-23753
-12011
1977
15598
26305
32095
31880
25698
14703
952
-12978
-24480
-31393
-32418
-27360
-17165
-3744
10381
22559
30497
32702
28754
19394
6380
-7836
-20580
-29446
-32762
-29899
-21393
-8847
5370
18577
28275
32630
30814
23169
11138
-3003
-16579
-27016
-32334
-31523
-24733
-13249
751
14612
25700
31906
32048
26096
15179
1372
-12698
-24354
-31371
-32412
-27273
-16932
-3359
10856
23003
30758
32638
28280
18514
5205
-9101
-21669
-30089
-32747
-29131
-19930
-6905
7445
20371
29387
32762
29844
21189
8460
-5898
-19125
-28673
-32702
-30433
-22301
-9868
4468
17946
27963
32585
30916
23274
11134
-3159
-16845
-27275
-32428
-31305
-24119
-12260
1977
15833
26622
32247
31615
24845
13249
-923
-14918
-26016
-32055
-31858
-25461
-14105
0
14107
25468
31864
32046
25975
14832
792
-13405
-24986
-31684
-32188
-26395
-15435
-1452
12817
24578
31525
32292
26727
15917
1981
-12345
-24250
-31393
-32366
-26976
-16280
-2378
11993
24006
31293
32415
27148
16527
2644
-11762
-23850
-31230
-32442
-27244
-16660
-2779
11653
23783
31206
32451
27267
16679
2783
-11667
-23806
-31222
-32441
-27217
-16586
-2656
11803
23919
31277
32412
27094
16378
2398
-12062
-24120
-31370
-32361
-26894
-16056
-2009
12441
24407
31496
32285
26615
15616
1488
-12939
-24777
-31650
-32178
-26251
-15055
-836
13553
25223
31826
32033
25797
14372
52
-14280
-25739
-32015
-31841
-25247
-13561
863
15115
26318
32208
31592
24592
12618
-1908
-16052
-26950
-32393
-31276
-23823
-11540
3083
17085
27622
32556
30880
22932
10324
-4384
-18204
-28323
-32682
-30389
-21909
-8965
5807
19399
29038
32755
29790
20744
7461
-7347
-20658
-29748
-32757
-29067
-19428
-5811
8997
21966
30436
32669
28203
17952
4016
-10746
-23305
-31079
-32468
-27184
-16309
-2077
12583
24657
31656
32135
25992
14491
0
-14493
-25999
-32139
-31644
-24613
-12494
2208
16457
27304
32503
30975
23032
10317
-4537
-18454
-28547
-32719
-30103
-21238
-7961
6971
20458
29694
32757
29007
19220
5431
-9491
-22439
-30713
-32587
-27666
-16973
-2736
12073
24364
31568
32177
26060
14492
-108
-14689
-26197
-32222
-31498
-24174
-11781
3083
17304
27896
32634
30520
21996
8847
-6162
-19879
-29416
-32766
-29219
-19519
-5706
9311
22368
30711
32578
27570
16743
2378
-12491
-24723
-31732
-32033
-25558
-13674
1105
15653
26888
32428
31095
23169
10328
-4707
-18745
-28806
-32750
-29736
-20402
-6728
8378
21705
30414
32650
27932
17262
2911
-12062
-24465
-31651
-32083
-25665
-13765
1077
15692
26955
32455
31012
22932
9941
-5180
-19194
-29098
-32765
-29406
-19738
-5832
9326
22486
30817
32526
27244
16102
1495
-13436
-25478
-32035
-31693
-24521
-12062
2999
17416
28078
32680
30226
21243
7668
-7565
-21167
-30192
-32685
-28105
-17438
-2992
12103
24578
31727
31995
25321
13150
-1876
-16499
-27539
-32596
-30567
-21889
-8448
6833
20630
29936
32722
28377
17845
3419
-11753
-24364
-31659
-32040
-25423
-13249
1823
16499
27568
32607
30508
21729
8189
-7147
-20920
-30108
-32693
-28105
-17347
-2779
12401
24860
31856
31850
24838
12360
-2839
-17416
-28160
-32702
-30037
-20749
-6884
8501
22013
30668
32552
27244
15915
1066
-14020
-26008
-32243
-31342
-23500
-10451
4915
19194
29220
32766
29042
18871
4509
-10856
-23813
-31479
-32147
-25665
-13473
1720
16533
27666
32637
30335
21271
7461
-8015
-21705
-30552
-32578
-27327
-15968
-1038
14125
26133
32294
31228
23169
9920
-5554
-19786
-29584
-32748
-28565
-17970
-3339
12043
24723
31849
31816
24627
11897
-3511
-18132
-28673
-32755
-29458
-19519
-5177
10334
23516
31393
32182
25702
13414
-1907
-16800
-27896
-32682
-30072
-20653
-6555
9029
22570
30997
32395
26445
14492
-751
-15827
-27310
-32589
-30461
-21406
-7481
8148
21926
30713
32507
26894
15151
-48
-15238
-26955
-32522
-30664
-21804
-7961
7702
21608
30575
32549
27076
15403
202
-15047
-26852
-32503
-30703
-21861
-8002
7696
21629
30598
32538
27001
15255
0
-15257
-27007
-32541
-30582
-21579
-7602
8129
21989
30779
32468
26664
14703
-655
-15865
-27411
-32621
-30288
-20948
-6758
8997
22672
31098
32318
26047
13736
-1763
-16855
-28038
-32713
-29790
-19946
-5464
10289
23653
31516
32046
25116
12336
-3319
-18204
-28847
-32766
-29042
-18541
-3711
11987
24889
31977
31593
23823
10480
-5316
-19871
-29777
-32711
-27983
-16697
-1495
14059
26318
32404
30885
22114
8148
-7733
-21801
-30745
-32460
-26539
-14372
1180
16457
27860
32699
29832
19930
5325
-10537
-23916
-31650
-31910
-24631
-11530
4298
19113
29409
32747
28334
17210
2009
-13670
-26112
-32365
-30942
-22178
-8148
7817
21929
30833
32412
26285
13907
-1780
-17047
-28259
-32743
-29429
-19103
-4222
11667
24777
31977
31548
23586
9991
-5992
-20546
-30192
-32619
-27244
-15350
219
15739
27492
32660
30001
20149
5464
-10533
-24006
-31719
-31816
-24270
-10892
5106
19879
29873
32681
27625
15917
373
-15261
-27221
-32621
-30156
-20416
-5748
10308
23879
31684
31836
24293
10875
-5173
-19973
-29942
-32665
-27477
-15633
0
15636
27483
32666
29925
19920
5078
-10999
-24407
-31886
-31615
-23656
-9941
6193
20824
30386
32549
26782
14487
-1341
-16845
-28242
-32749
-29262
-18630
-3445
12583
25539
32252
31078
22301
8064
-8148
-22368
-31111
-32231
-25451
-12429
3643
18824
29387
32737
28047
16465
836
-15001
-27152
-32625
-30072
-20115
-5205
10989
24479
31937
31523
23335
9388
-6876
-21447
-30723
-32412
-26092
-13322
2743
18132
29038
32759
28371
16955
1338
-14612
-26944
-32596
-30164
-20247
-5304
10958
24501
31960
31477
23169
9099
-7236
-21774
-30894
-32323
-25702
-12676
3510
18824
29446
32724
27837
16000
166
-15711
-27666
-32707
-29572
-19041
-3744
12491
25602
32304
30916
21780
7184
-9215
-23305
-31551
-31880
-24205
-10451
5930
20824
30486
32483
26311
13518
-2679
-18204
-29147
-32749
-28098
-16364
-502
15488
27574
32702
29574
18976
3583
-12717
-25806
-32371
-30748
-21345
-6538
9926
23879
31785
31636
23467
9346
-7147
-21830
-30974
-32254
-25342
-11991
4409
19692
29968
32623
26976
14462
-1736
-17495
-28798
-32764
-28377
-16752
-852
15267
27492
32699
29554
18857
3339
-13034
-26077
-32450
-30520
-20777
-5712
10817
24578
32042
31291
22515
7961
-8637
-23021
-31496
-31881
-24075
-10079
6509
21426
30833
32307
25463
12062
-4448
-19815
-30076
-32585
-26689
-13907
2465
18204
29244
32732
27762
15616
-569
-16610
-28356
-32765
-28692
-17189
-1231
15047
27428
32699
29490
18630
2932
-13528
-26478
-32552
-30168
-19943
-4530
12062
25519
32337
30737
21133
6022
-10659
-24565
-32068
-31208
-22206
-7407
9326
23628
31760
31593
23169
8686
-8070
-22719
-31423
-31903
-24028
-9858
6896
21846
31070
32147
24790
10926
-5807
-21019
-30711
-32336
-25461
-11891
4807
20244
30356
32478
26047
12755
-3899
-19528
-30012
-32581
-26556
-13521
3083
18877
29687
32654
26991
14192
-2362
-18294
-29387
-32703
-27360
-14769
1736
17784
29119
32734
27666
15255
-1206
-17349
-28887
-32752
-27913
-15652
771
16993
28695
32761
28105
15962
-434
-16717
-28547
-32765
-28244
-16186
193
16523
28443
32766
28334
16326
-48
-16412
-28387
-32766
-28374
-16382
0
0
0
0
0
0
0
0
0
0
0
0
0
0
0
0
0
0
0
0
0
0
0
0
0
0
0
0
0
0
0
0
0
0
0
0
0
0
0
0
0
0
0
0
0
0
0
0
0
0
0
0
0
0
0
0
0
0
0
0
0
0
0
0
0
0
0
0
0
0
0
0
0
0
0
0
0
0
0
0
0
0
0
0
0
0
0
0
0
0
0
0
0
0
0
0
0
0
0
0
0
0
0
0
0
0
0
0
0
0
0
0
0
0
0
0
0
0
0
0
0
0
0
0
0
0
0
0
0
0
0
0
0
0
0
0
0
0
0
0
0
0
0
0
0
0
0
0
0
0
0
0
0
0
0
0
0
0
0
0
0
0
0
0
0
0
0
0
0
0
0
0
0
0
0
0
0
0
0
0
0
0
0
0
0
0
0
0
0
0
0
0
0
0
0
0
0
0
0
0
0
0
0
0
0
0
0
0
0
0
0
0
0
0
0
0
0
0
0
0
0
0
0
0
0
0
0
0
0
0
0
0
0
0
0
0
0
0
0
0
0
0
0
0
0
0
0
0
0
0
0
0
0
0
0
0
0
0
0
0
0
0
0
0
0
0
0
0
0
0
0
0
0
0
0
0
0
0
0
0
0
0
0
0
0
0
0
0
0
0
0
0
0
0
0
0
0
0
0
0
0
0
0
0
0
0
0
0
0
0
0
0
0
0
0
0
0
0
0
0
0
0
0
0
0
0
0
0
0
0
0
0
0
0
0
0
0
0
0
0
0
0
0
0
0
0
0
0
0
0
0
0
0
0
0
0
0
0
0
0
0
0
0
0
0
0
0
0
0
0
0
0
0
0
0
0
0
0
0
0
0
0
0
0
0
0
0
0
0
0
0
0
0
0
0
0
0
0
0
0
0
0
0
0
0
0
0
0
0
0
0
0
0
0
0
0
0
0
0
0
0
0
0
0
0
0
0
0
0
0
0
0
0
0
0
0
0
0
0
0
0
0
0
0
0
0
0
0
0
0
0
0
0
0
0
0
0
0
0
0
0
0
0
0
0
0
0
0
0
0
0
0
0
0
0
0
0
0
0
0
0
0
0
0
0
0
0
0
0
0
0
0
0
0
0
0
0
0
0
0
0
0
0
0
0
0
0
0
0
0
0
0
0
0
0
0
0
0
0
0
0
0
0
0
0
0
0
0
0
0
0
0
0
0
0
0
0
0
0
0
0
0
0
0
0
0
0
0
0
0
0
0
0
0
0
0
0
0
0
0
0
0
0
0
0
0
0
0
0
0
0
0
0
0
0
0
0
0
0
0
0
0
0
0
0
0
0
0
0
0
0
0
0
0
0
0
0
0
0
0
0
0
0
0
0
0
0
0
0
0
0
0
0
0
0
0
0
0
0
0
0
0
0
0
0
0
0
0
0
0
0
0
0
0
0
0
0
0
0
0
0
0
0
0
0
0
0
0
0
0
0
0
0
0
0
0
0
0
0
0
0
0
0
0
0
0
0
0
0
0
0
0
0
0
0
0
0
0
0
0
0
0
0
0
0
0
0
0
0
0
0
0
0
0
0
0
0
0
0
0
0
0
0
0
0
0
0
0
0
0
0
0
0
0
0
0
0
0
0
0
0
0
0
0
0
0
0
0
0
0
0
0
0
0
0
0
0
0
0
0
0
0
0
0
0
0
0
0
0
0
0
0
0
0
0
0
0
0
0
0
0
0
0
0
0
0
0
0
0
0
0
0
0
0
0
0
0
0
0
0
0
0
0
0
0
0
0
0
0
0
0
0
0
0
0
0
0
0
0
0
0
0
0
0
0
0
0
0
0
0
0
0
0
0
0
0
0
0
0
0
0
0
0
0
0
0
0
0
0
0
0
0
0
0
0
0
0
0
0
0
0
0
0
0
0
0
0
0
0
0
0
0
0
0
0
0
0
0
0
0
0
0
0
0
0
0
0
0
0
0
0
0
0
0
0
0
0
0
0
0
0
0
0
0
0
0
0
0
0
0
0
0
0
0
0
0
0
0
0
0
0
0
0
0
0
0
0
0
0
0
0
0
0
0
0
0
0
0
0
0
0
0
0
0
0
0
0
0
0
0
0
0
0
0
0
0
0
0
0
0
0
0
0
0
0
0
0
0
0
0
0
0
0
0
0
0
0
0
0
0
11915
11618
10743
9337
7475
5256
2798
230
-2314
-4705
-6823
-8564
-9848
-10620
-10854
-10553
-9749
-8501
-6887
-5003
-2955
-855
1191
3082
4734
6077
7065
7671
7892
7746
7269
6510
5531
4398
3179
1938
733
-386
-1384
-2236
-2928
-3458
-3834
-4069
-4180
-4188
-4108
-3957
-3745
-3478
-3157
-2780
-2343
-1840
-1270
-632
65
811
1585
2360
3104
3778
4347
4771
5019
5064
4891
4495
3885
3083
2123
1050
-82
-1216
-2291
-3252
-4047
-4636
-4991
-5099
-4959
-4590
-4019
-3287
-2442
-1538
-628
238
1017
1673
2182
2532
2724
2766
2681
2493
2234
1934
1625
1332
1074
863
706
598
531
491
461
423
362
263
118
-77
-322
-609
-926
-1258
-1588
-1897
-2169
-2388
-2542
-2622
-2623
-2542
-2379
-2138
-1821
-1433
-979
-465
104
722
1378
2060
2752
3430
4069
4635
5093
5403
5525
5425
5071
4446
3541
2369
957
-646
-2375
-4146
-5863
-7423
-8722
-9659
-10152
-10134
-9568
-8449
-6805
-4701
-2234
469
3259
5975
8449
10525
12063
12954
13125
12549
11243
9275
6756
3832
680
-2505
-5527
-8197
-10350
-11854
-12619
-12606
-11826
-10343
-8266
-5743
-2948
-73
2690
5162
7188
8648
9463
9606
9093
7991
6403
4464
2330
164
-1874
-3645
-5032
-5951
-6359
-6254
-5671
-4681
-3381
-1889
-330
1172
2505
3575
4314
4683
4674
4311
3641
2732
1668
537
-572
-1583
-2430
-3065
-3464
-3620
-3549
-3279
-2853
-2318
-1726
-1121
-545
-25
420
787
1078
1306
1489
1644
1786
1927
2069
2206
2325
2405
2422
2349
2165
1853
1407
833
150
-610
-1404
-2180
-2881
-3454
-3849
-4027
-3965
-3659
-3123
-2391
-1515
-559
404
1300
2058
2618
2940
3000
2801
2369
1752
1016
240
-493
-1103
-1519
-1688
-1581
-1194
-555
282
1244
2234
3149
3886
4352
4470
4192
3501
2417
995
-678
-2488
-4301
-5975
-7372
-8366
-8859
-8786
-8123
-6887
-5144
-2994
-574
1956
4428
6674
8537
9890
10640
10738
10179
9009
7313
5212
2857
410
-1964
-4112
-5900
-7230
-8037
-8302
-8045
-7325
-6233
-4879
-3389
-1887
-489
708
1639
2265
2580
2612
2413
2057
1626
1208
879
701
714
927
1324
1862
2474
3078
3585
3908
3973
3725
3139
2219
1003
-436
-2004
-3583
-5047
-6271
-7142
-7570
-7496
-6899
-5802
-4266
-2390
-304
1840
3884
5671
7064
7950
8256
7955
7064
5647
3813
1700
-527
-2696
-4638
-6200
-7260
-7735
-7588
-6831
-5525
-3773
-1715
487
2659
4629
6244
7376
7938
7887
7226
6010
4331
2320
131
-2070
-4119
-5866
-7185
-7984
-8213
-7868
-6985
-5641
-3946
-2032
-45
1868
3576
4962
5942
6464
6516
6121
5336
4245
2952
1572
220
-998
-1994
-2703
-3087
-3141
-2886
-2373
-1672
-867
-50
689
1273
1637
1740
1566
1123
449
-400
-1351
-2317
-3208
-3938
-4432
-4629
-4493
-4010
-3192
-2078
-729
775
2341
3867
5255
6408
7245
7705
7745
7350
6533
5330
3802
2030
110
-1851
-3746
-5467
-6918
-8018
-8703
-8936
-8703
-8018
-6918
-5467
-3746
-1851
110
2030
3802
5330
6533
7350
7745
7705
7245
6408
5255
3867
2341
775
-729
-2078
-3192
-4010
-4493
-4629
-4432
-3938
-3208
-2317
-1351
-400
449
1123
1566
1740
1637
1273
689
-50
-867
-1672
-2373
-2886
-3141
-3087
-2703
-1994
-998
220
1572
2952
4245
5336
6121
6516
6464
5942
4962
3576
1868
-45
-2032
-3946
-5641
-6985
-7868
-8213
-7984
-7185
-5866
-4119
-2070
131
2320
4331
6010
7226
7887
7938
7376
6244
4629
2659
487
-1715
-3773
-5525
-6831
-7588
-7735
-7260
-6200
-4638
-2696
-527
1700
3813
5647
7064
7955
8256
7950
7064
5671
3884
1840
-304
-2390
-4266
-5802
-6899
-7496
-7570
-7142
-6271
-5047
-3583
-2004
-436
1003
2219
3139
3725
3973
3908
3585
3078
2474
1862
1324
927
714
701
879
1208
1626
2057
2413
2612
2580
2265
1639
708
-489
-1887
-3389
-4879
-6233
-7325
-8045
-8302
-8037
-7230
-5900
-4112
-1964
410
2857
5212
7313
9009
10179
10738
10640
9890
8537
6674
4428
1956
-574
-2994
-5144
-6887
-8123
-8786
-8859
-8366
-7372
-5975
-4301
-2488
-678
995
2417
3501
4192
4470
4352
3886
3149
2234
1244
282
-555
-1194
-1581
-1688
-1519
-1103
-493
240
1016
1752
2369
2801
3000
2940
2618
2058
1300
404
-559
-1515
-2391
-3123
-3659
-3965
-4027
-3849
-3454
-2881
-2180
-1404
-610
150
833
1407
1853
2165
2349
2422
2405
2325
2206
2069
1927
1786
1644
1489
1306
1078
787
420
-25
-545
-1121
-1726
-2318
-2853
-3279
-3549
-3620
-3464
-3065
-2430
-1583
-572
537
1668
2732
3641
4311
4674
4683
4314
3575
2505
1172
-330
-1889
-3381
-4681
-5671
-6254
-6359
-5951
-5032
-3645
-1874
164
2330
4464
6403
7991
9093
9606
9463
8648
7188
5162
2690
-73
-2948
-5743
-8266
-10343
-11826
-12606
-12619
-11854
-10350
-8197
-5527
-2505
680
3832
6756
9275
11243
12549
13125
12954
12063
10525
8449
5975
3259
469
-2234
-4701
-6805
-8449
-9568
-10134
-10152
-9659
-8722
-7423
-5863
-4146
-2375
-646
957
2369
3541
4446
5071
5425
5525
5403
5093
4635
4069
3430
2752
2060
1378
722
104
-465
-979
-1433
-1821
-2138
-2379
-2542
-2623
-2622
-2542
-2388
-2169
-1897
-1588
-1258
-926
-609
-322
-77
118
263
362
423
461
491
531
598
706
863
1074
1332
1625
1934
2234
2493
2681
2766
2724
2532
2182
1673
1017
238
-628
-1538
-2442
-3287
-4019
-4590
-4959
-5099
-4991
-4636
-4047
-3252
-2291
-1216
-82
1050
2123
3083
3885
4495
4891
5064
5019
4771
4347
3778
3104
2360
1585
811
65
-632
-1270
-1840
-2343
-2780
-3157
-3478
-3745
-3957
-4108
-4188
-4180
-4069
-3834
-3458
-2928
-2236
-1384
-386
733
1938
3179
4398
5531
6510
7269
7746
7892
7671
7065
6077
4734
3082
1191
-855
-2955
-5003
-6887
-8501
-9749
-10553
-10854
-10620
-9848
-8564
-6823
-4705
-2314
230
2798
5256
7475
9337
10743
11618
0
0
0
0
0
0
0
0
0
0
0
0
0
0
0
0
0
0
0
0
0
0
0
0
0
0
0
0
0
0
0
0
0
0
0
0
0
0
0
0
0
0
0
0
0
0
0
0
0
0
0
0
0
0
0
0
0
0
0
0
0
0
0
0
0
0
0
-14894
-14405
-12975
-10707
-7764
-4358
-731
2863
6178
8992
11126
12453
12912
12506
11303
9426
7042
4349
1559
-1120
-3505
-5442
-6824
-7595
-7754
-7349
-6471
-5246
-3818
-2336
-943
241
1128
1668
1850
1705
1301
729
99
-477
-896
-1073
-956
-524
201
1164
2275
3421
4476
5313
5818
5902
5506
4617
3264
1521
-497
-2650
-4771
-6690
-8246
-9300
-9745
-9521
-8620
-7084
-5008
-2530
178
2923
5506
7739
9456
10533
10890
10502
9403
7675
5450
2895
199
-2439
-4833
-6815
-8253
-9060
-9200
-8688
-7590
-6014
-4102
-2016
72
2002
3629
4841
5564
5770
5473
4731
3638
2313
892
-487
-1694
-2619
-3183
-3338
-3079
-2437
-1480
-304
974
2232
3343
4197
4702
4797
4457
3690
2542
1092
-556
-2283
-3959
-5456
-6658
-7471
-7826
-7688
-7055
-5960
-4467
-2666
-667
1407
3433
5290
6870
8084
8867
9182
9019
8394
7351
5952
4279
2422
478
-1456
-3289
-4938
-6334
-7421
-8161
-8533
-8531
-8167
-7465
-6464
-5212
-3766
-2188
-544
1097
2670
4111
5362
6373
7103
7524
7622
7393
6853
6028
4960
3701
2314
865
-574
-1936
-3157
-4182
-4970
-5491
-5735
-5704
-5420
-4915
-4234
-3428
-2554
-1665
-812
-37
627
1163
1563
1832
1986
2050
2052
2020
1984
1964
1975
2021
2096
2186
2268
2314
2295
2184
1958
1603
1117
510
-194
-962
-1750
-2508
-3181
-3720
-4080
-4230
-4151
-3840
-3313
-2603
-1756
-831
106
990
1758
2356
2746
2906
2833
2546
2080
1489
835
189
-381
-814
-1060
-1086
-882
-457
153
896
1702
2490
3176
3679
3927
3867
3469
2726
1662
327
-1202
-2831
-4450
-5943
-7197
-8110
-8598
-8602
-8094
-7079
-5596
-3716
-1537
818
3217
5519
7586
9295
10541
11247
11367
10890
9840
8276
6282
3969
1464
-1096
-3576
-5845
-7789
-9314
-10349
-10855
-10819
-10261
-9225
-7779
-6011
-4020
-1915
196
2210
4031
5581
6795
7632
8069
8106
7763
7076
6099
4896
3540
2108
676
-681
-1902
-2929
-3723
-4257
-4521
-4519
-4275
-3820
-3200
-2470
-1685
-904
-183
430
897
1194
1308
1242
1016
660
216
-264
-729
-1126
-1407
-1533
-1477
-1230
-795
-196
530
1334
2154
2925
3582
4063
4319
4314
4029
3466
2649
1619
436
-827
-2089
-3267
-4281
-5061
-5550
-5713
-5536
-5029
-4224
-3175
-1952
-639
677
1907
2972
3802
4348
4583
4499
4117
3476
2634
1665
647
-336
-1210
-1908
-2380
-2594
-2544
-2240
-1717
-1026
-232
591
1370
2033
2518
2779
2785
2527
2018
1290
392
-612
-1652
-2650
-3532
-4231
-4692
-4876
-4762
-4348
-3653
-2714
-1582
-323
992
2289
3493
4536
5361
5922
6188
6145
5797
5161
4269
3168
1911
560
-818
-2162
-3407
-4496
-5378
-6014
-6375
-6444
-6216
-5702
-4923
-3914
-2719
-1392
5
1408
2749
3962
4986
5768
6263
6444
6297
5823
5044
3997
2735
1325
-157
-1630
-3009
-4215
-5177
-5837
-6154
-6107
-5697
-4946
-3898
-2617
-1180
325
1805
3168
4328
5214
5768
5957
5768
5214
4328
3168
1805
325
-1180
-2617
-3898
-4946
-5697
-6107
-6154
-5837
-5177
-4215
-3009
-1630
-157
1325
2735
3997
5044
5823
6297
6444
6263
5768
4986
3962
2749
1408
5
-1392
-2719
-3914
-4923
-5702
-6216
-6444
-6375
-6014
-5378
-4496
-3407
-2162
-818
560
1911
3168
4269
5161
5797
6145
6188
5922
5361
4536
3493
2289
992
-323
-1582
-2714
-3653
-4348
-4762
-4876
-4692
-4231
-3532
-2650
-1652
-612
392
1290
2018
2527
2785
2779
2518
2033
1370
591
-232
-1026
-1717
-2240
-2544
-2594
-2380
-1908
-1210
-336
647
1665
2634
3476
4117
4499
4583
4348
3802
2972
1907
677
-639
-1952
-3175
-4224
-5029
-5536
-5713
-5550
-5061
-4281
-3267
-2089
-827
436
1619
2649
3466
4029
4314
4319
4063
3582
2925
2154
1334
530
-196
-795
-1230
-1477
-1533
-1407
-1126
-729
-264
216
660
1016
1242
1308
1194
897
430
-183
-904
-1685
-2470
-3200
-3820
-4275
-4519
-4521
-4257
-3723
-2929
-1902
-681
676
2108
3540
4896
6099
7076
7763
8106
8069
7632
6795
5581
4031
2210
196
-1915
-4020
-6011
-7779
-9225
-10261
-10819
-10855
-10349
-9314
-7789
-5845
-3576
-1096
1464
3969
6282
8276
9840
10890
11367
11247
10541
9295
7586
5519
3217
818
-1537
-3716
-5596
-7079
-8094
-8602
-8598
-8110
-7197
-5943
-4450
-2831
-1202
327
1662
2726
3469
3867
3927
3679
3176
2490
1702
896
153
-457
-882
-1086
-1060
-814
-381
189
835
1489
2080
2546
2833
2906
2746
2356
1758
990
106
-831
-1756
-2603
-3313
-3840
-4151
-4230
-4080
-3720
-3181
-2508
-1750
-962
-194
510
1117
1603
1958
2184
2295
2314
2268
2186
2096
2021
1975
1964
1984
2020
2052
2050
1986
1832
1563
1163
627
-37
-812
-1665
-2554
-3428
-4234
-4915
-5420
-5704
-5735
-5491
-4970
-4182
-3157
-1936
-574
865
2314
3701
4960
6028
6853
7393
7622
7524
7103
6373
5362
4111
2670
1097
-544
-2188
-3766
-5212
-6464
-7465
-8167
-8531
-8533
-8161
-7421
-6334
-4938
-3289
-1456
478
2422
4279
5952
7351
8394
9019
9182
8867
8084
6870
5290
3433
1407
-667
-2666
-4467
-5960
-7055
-7688
-7826
-7471
-6658
-5456
-3959
-2283
-556
1092
2542
3690
4457
4797
4702
4197
3343
2232
974
-304
-1480
-2437
-3079
-3338
-3183
-2619
-1694
-487
892
2313
3638
4731
5473
5770
5564
4841
3629
2002
72
-2016
-4102
-6014
-7590
-8688
-9200
-9060
-8253
-6815
-4833
-2439
199
2895
5450
7675
9403
10502
10890
10533
9456
7739
5506
2923
178
-2530
-5008
-7084
-8620
-9521
-9745
-9300
-8246
-6690
-4771
-2650
-497
1521
3264
4617
5506
5902
5818
5313
4476
3421
2275
1164
201
-524
-956
-1073
-896
-477
99
729
1301
1705
1850
1668
1128
241
-943
-2336
-3818
-5246
-6471
-7349
-7754
-7595
-6824
-5442
-3505
-1120
1559
4349
7042
9426
11303
12506
12912
12453
11126
8992
6178
2863
-731
-4358
-7764
-10707
-12975
-14405
0
0
0
0
0
0
0
0
0
0
0
0
0
0
0
0
0
0
0
0
0
0
0
0
0
0
0
0
0
0
0
0
0
0
0
0
0
0
0
0
0
0
0
0
0
0
0
0
0
0
0
0
0
0
0
0
0
0
0
0
0
0
0
0
0
0
0
0
96
371
788
1289
1802
2246
2547
2636
2466
2014
1285
312
-840
-2088
-3331
-4457
-5362
-5950
-6148
-5913
-5235
-4140
-2692
-985
861
2714
4433
5886
6958
7563
7649
7205
6260
4884
3180
1277
-680
-2545
-4177
-5458
-6298
-6643
-6483
-5844
-4797
-3439
-1894
-299
1210
2509
3492
4087
4255
3997
3355
2402
1239
-13
-1230
-2289
-3082
-3528
-3578
-3218
-2473
-1406
-106
1309
2716
3983
4992
5642
5861
5613
4899
3759
2268
529
-1331
-3178
-4873
-6292
-7327
-7900
-7969
-7526
-6600
-5255
-3583
-1698
276
2211
3986
5495
6654
7405
7721
7602
7079
6204
5048
3694
2230
741
-692
-2003
-3138
-4062
-4752
-5203
-5422
-5425
-5233
-4871
-4366
-3740
-3015
-2211
-1346
-436
499
1438
2355
3218
3991
4636
5113
5383
5413
5181
4676
3905
2889
1672
312
-1114
-2525
-3828
-4936
-5767
-6255
-6355
-6047
-5338
-4266
-2896
-1315
370
2044
3587
4888
5851
6404
6504
6140
5337
4150
2667
994
-744
-2424
-3921
-5128
-5960
-6360
-6305
-5805
-4906
-3681
-2225
-651
924
2387
3637
4591
5194
5420
5274
4788
4020
3048
1960
847
-201
-1112
-1828
-2312
-2555
-2570
-2390
-2068
-1665
-1246
-875
-604
-471
-492
-666
-967
-1352
-1765
-2139
-2409
-2511
-2399
-2039
-1425
-571
480
1668
2912
4119
5195
6046
6593
6775
6554
5922
4902
3543
1922
135
-1707
-3491
-5105
-6449
-7442
-8028
-8178
-7894
-7206
-6169
-4860
-3367
-1789
-218
1255
2560
3642
4468
5026
5327
5397
5277
5014
4657
4251
3833
3425
3038
2666
2291
1887
1419
856
172
-649
-1609
-2689
-3851
-5040
-6184
-7201
-8003
-8506
-8636
-8337
-7575
-6349
-4688
-2652
-335
2145
4651
7035
9148
10851
12026
12584
12469
11670
10218
8184
5680
2848
-146
-3126
-5916
-8348
-10282
-11604
-12245
-12176
-11415
-10024
-8103
-5787
-3229
-599
1936
4221
6118
7523
8366
8619
8295
7445
6155
4539
2730
869
-905
-2464
-3700
-4534
-4918
-4840
-4325
-3428
-2234
-849
608
2015
3253
4220
4832
5035
4804
4149
3110
1757
183
-1498
-3170
-4711
-6007
-6962
-7501
-7578
-7178
-6317
-5042
-3430
-1578
399
2381
4246
5879
7184
8083
8528
8500
8009
7094
5822
4278
2563
785
-950
-2542
-3907
-4978
-5714
-6097
-6135
-5859
-5319
-4579
-3714
-2797
-1900
-1083
-392
142
515
733
825
832
800
783
829
977
1252
1665
2202
2835
3515
4179
4756
5171
5354
5246
4806
4015
2881
1442
-238
-2073
-3953
-5758
-7363
-8650
-9515
-9874
-9679
-8911
-7594
-5787
-3587
-1118
1473
4027
6383
8391
9921
10871
11179
10822
9823
8246
6194
3800
1220
-1380
-3834
-5990
-7713
-8905
-9503
-9483
-8868
-7716
-6122
-4208
-2112
17
2039
3820
5253
6257
6783
6821
6392
5551
4377
2969
1438
-103
-1547
-2799
-3783
-4448
-4765
-4735
-4380
-3744
-2888
-1884
-808
264
1263
2129
2818
3298
3554
3589
3415
3059
2554
1938
1251
533
-179
-855
-1466
-1992
-2416
-2726
-2915
-2978
-2915
-2726
-2416
-1992
-1466
-855
-179
533
1251
1938
2554
3059
3415
3589
3554
3298
2818
2129
1263
264
-808
-1884
-2888
-3744
-4380
-4735
-4765
-4448
-3783
-2799
-1547
-103
1438
2969
4377
5551
6392
6821
6783
6257
5253
3820
2039
17
-2112
-4208
-6122
-7716
-8868
-9483
-9503
-8905
-7713
-5990
-3834
-1380
1220
3800
6194
8246
9823
10822
11179
10871
9921
8391
6383
4027
1473
-1118
-3587
-5787
-7594
-8911
-9679
-9874
-9515
-8650
-7363
-5758
-3953
-2073
-238
1442
2881
4015
4806
5246
5354
5171
4756
4179
3515
2835
2202
1665
1252
977
829
783
800
832
825
733
515
142
-392
-1083
-1900
-2797
-3714
-4579
-5319
-5859
-6135
-6097
-5714
-4978
-3907
-2542
-950
785
2563
4278
5822
7094
8009
8500
8528
8083
7184
5879
4246
2381
399
-1578
-3430
-5042
-6317
-7178
-7578
-7501
-6962
-6007
-4711
-3170
-1498
183
1757
3110
4149
4804
5035
4832
4220
3253
2015
608
-849
-2234
-3428
-4325
-4840
-4918
-4534
-3700
-2464
-905
869
2730
4539
6155
7445
8295
8619
8366
7523
6118
4221
1936
-599
-3229
-5787
-8103
-10024
-11415
-12176
-12245
-11604
-10282
-8348
-5916
-3126
-146
2848
5680
8184
10218
11670
12469
12584
12026
10851
9148
7035
4651
2145
-335
-2652
-4688
-6349
-7575
-8337
-8636
-8506
-8003
-7201
-6184
-5040
-3851
-2689
-1609
-649
172
856
1419
1887
2291
2666
3038
3425
3833
4251
4657
5014
5277
5397
5327
5026
4468
3642
2560
1255
-218
-1789
-3367
-4860
-6169
-7206
-7894
-8178
-8028
-7442
-6449
-5105
-3491
-1707
135
1922
3543
4902
5922
6554
6775
6593
6046
5195
4119
2912
1668
480
-571
-1425
-2039
-2399
-2511
-2409
-2139
-1765
-1352
-967
-666
-492
-471
-604
-875
-1246
-1665
-2068
-2390
-2570
-2555
-2312
-1828
-1112
-201
847
1960
3048
4020
4788
5274
5420
5194
4591
3637
2387
924
-651
-2225
-3681
-4906
-5805
-6305
-6360
-5960
-5128
-3921
-2424
-744
994
2667
4150
5337
6140
6504
6404
5851
4888
3587
2044
370
-1315
-2896
-4266
-5338
-6047
-6355
-6255
-5767
-4936
-3828
-2525
-1114
312
1672
2889
3905
4676
5181
5413
5383
5113
4636
3991
3218
2355
1438
499
-436
-1346
-2211
-3015
-3740
-4366
-4871
-5233
-5425
-5422
-5203
-4752
-4062
-3138
-2003
-692
741
2230
3694
5048
6204
7079
7602
7721
7405
6654
5495
3986
2211
276
-1698
-3583
-5255
-6600
-7526
-7969
-7900
-7327
-6292
-4873
-3178
-1331
529
2268
3759
4899
5613
5861
5642
4992
3983
2716
1309
-106
-1406
-2473
-3218
-3578
-3528
-3082
-2289
-1230
-13
1239
2402
3355
3997
4255
4087
3492
2509
1210
-299
-1894
-3439
-4797
-5844
-6483
-6643
-6298
-5458
-4177
-2545
-680
1277
3180
4884
6260
7205
7649
7563
6958
5886
4433
2714
861
-985
-2692
-4140
-5235
-5913
-6148
-5950
-5362
-4457
-3331
-2088
-840
312
1285
2014
2466
2636
2547
2246
1802
1289
788
371
96
0
0
0
0
0
0
0
0
0
0
0
0
0
0
0
0
0
0
0
0
0
0
0
0
0
0
0
0
0
0
0
0
0
0
0
0
0
0
0
0
0
0
0
0
0
0
0
0
0
0
0
0
0
0
0
0
0
0
0
0
0
0
0
0
0
0
0
8936
8707
8035
6957
5536
3851
1996
74
-1810
-3560
-5087
-6317
-7197
-7695
-7802
-7531
-6914
-6001
-4856
-3548
-2153
-745
609
1850
2930
3813
4479
4919
5136
5144
4963
4622
4147
3571
2921
2225
1505
783
75
-604
-1242
-1829
-2353
-2805
-3174
-3452
-3630
-3699
-3655
-3495
-3221
-2839
-2360
-1798
-1173
-508
169
836
1465
2032
2515
2900
3173
3330
3370
3297
3121
2854
2511
2107
1657
1177
680
178
-319
-805
-1270
-1708
-2112
-2472
-2779
-3023
-3191
-3274
-3258
-3136
-2901
-2552
-2092
-1532
-889
-185
551
1289
1991
2624
3154
3553
3800
3880
3790
3536
3133
2606
1987
1311
617
-57
-678
-1218
-1656
-1981
-2191
-2294
-2305
-2244
-2136
-2004
-1872
-1757
-1670
-1614
-1583
-1565
-1540
-1483
-1368
-1172
-874
-463
62
694
1411
2178
2954
3689
4327
4817
5110
5166
4959
4478
3731
2742
1555
227
-1171
-2563
-3868
-5010
-5919
-6541
-6836
-6786
-6393
-5678
-4686
-3473
-2112
-679
744
2082
3264
4234
4950
5389
5544
5427
5066
4499
3776
2951
2078
1209
390
-342
-963
-1456
-1818
-2055
-2182
-2217
-2184
-2106
-2006
-1901
-1805
-1725
-1662
-1613
-1568
-1518
-1447
-1345
-1200
-1003
-750
-441
-81
322
757
1208
1659
2091
2488
2831
3106
3297
3394
3387
3268
3033
2681
2214
1638
962
201
-623
-1488
-2362
-3211
-3997
-4678
-5215
-5568
-5703
-5596
-5229
-4600
-3720
-2614
-1324
95
1576
3045
4421
5626
6586
7237
7534
7447
6970
6121
4940
3489
1848
108
-1629
-3265
-4702
-5859
-6670
-7093
-7109
-6728
-5981
-4927
-3638
-2204
-719
723
2035
3141
3984
4527
4757
4680
4328
3746
2993
2137
1247
388
-383
-1023
-1503
-1809
-1945
-1928
-1786
-1555
-1275
-983
-713
-488
-324
-224
-180
-175
-187
-190
-156
-66
94
330
633
983
1353
1704
1994
2182
2228
2102
1788
1283
600
-226
-1151
-2113
-3042
-3866
-4513
-4920
-5036
-4829
-4287
-3423
-2273
-894
638
2234
3796
5224
6426
7319
7838
7940
7607
6845
5688
4191
2430
496
-1510
-3485
-5328
-6943
-8251
-9184
-9698
-9767
-9386
-8572
-7360
-5802
-3965
-1925
231
2416
4536
6501
8226
9634
10655
11235
11336
10937
10036
8655
6837
4648
2177
-470
-3174
-5801
-8217
-10289
-11896
-12937
-13334
-13046
-12064
-10424
-8199
-5502
-2476
706
3862
6802
9346
11336
12643
13183
12921
11873
10110
7750
4954
1913
-1163
-4062
-6587
-8563
-9861
-10398
-10152
-9157
-7504
-5336
-2832
-199
2349
4606
6391
7561
8022
7743
6750
5130
3024
612
-1897
-4289
-6352
-7905
-8803
-8958
-8342
-6989
-4996
-2515
260
3111
5809
8135
9898
10949
11197
10613
9234
7161
4549
1597
-1470
-4419
-7028
-9100
-10484
-11086
-10872
-9874
-8186
-5955
-3367
-634
2024
4402
6321
7644
8287
8225
7495
6185
4432
2408
299
-1702
-3424
-4720
-5488
-5676
-5286
-4373
-3039
-1421
317
2008
3486
4612
5278
5422
5033
4146
2848
1259
-471
-2181
-3711
-4919
-5691
-5957
-5691
-4919
-3711
-2181
-471
1259
2848
4146
5033
5422
5278
4612
3486
2008
317
-1421
-3039
-4373
-5286
-5676
-5488
-4720
-3424
-1702
299
2408
4432
6185
7495
8225
8287
7644
6321
4402
2024
-634
-3367
-5955
-8186
-9874
-10872
-11086
-10484
-9100
-7028
-4419
-1470
1597
4549
7161
9234
10613
11197
10949
9898
8135
5809
3111
260
-2515
-4996
-6989
-8342
-8958
-8803
-7905
-6352
-4289
-1897
612
3024
5130
6750
7743
8022
7561
6391
4606
2349
-199
-2832
-5336
-7504
-9157
-10152
-10398
-9861
-8563
-6587
-4062
-1163
1913
4954
7750
10110
11873
12921
13183
12643
11336
9346
6802
3862
706
-2476
-5502
-8199
-10424
-12064
-13046
-13334
-12937
-11896
-10289
-8217
-5801
-3174
-470
2177
4648
6837
8655
10036
10937
11336
11235
10655
9634
8226
6501
4536
2416
231
-1925
-3965
-5802
-7360
-8572
-9386
-9767
-9698
-9184
-8251
-6943
-5328
-3485
-1510
496
2430
4191
5688
6845
7607
7940
7838
7319
6426
5224
3796
2234
638
-894
-2273
-3423
-4287
-4829
-5036
-4920
-4513
-3866
-3042
-2113
-1151
-226
600
1283
1788
2102
2228
2182
1994
1704
1353
983
633
330
94
-66
-156
-190
-187
-175
-180
-224
-324
-488
-713
-983
-1275
-1555
-1786
-1928
-1945
-1809
-1503
-1023
-383
388
1247
2137
2993
3746
4328
4680
4757
4527
3984
3141
2035
723
-719
-2204
-3638
-4927
-5981
-6728
-7109
-7093
-6670
-5859
-4702
-3265
-1629
108
1848
3489
4940
6121
6970
7447
7534
7237
6586
5626
4421
3045
1576
95
-1324
-2614
-3720
-4600
-5229
-5596
-5703
-5568
-5215
-4678
-3997
-3211
-2362
-1488
-623
201
962
1638
2214
2681
3033
3268
3387
3394
3297
3106
2831
2488
2091
1659
1208
757
322
-81
-441
-750
-1003
-1200
-1345
-1447
-1518
-1568
-1613
-1662
-1725
-1805
-1901
-2006
-2106
-2184
-2217
-2182
-2055
-1818
-1456
-963
-342
390
1209
2078
2951
3776
4499
5066
5427
5544
5389
4950
4234
3264
2082
744
-679
-2112
-3473
-4686
-5678
-6393
-6786
-6836
-6541
-5919
-5010
-3868
-2563
-1171
227
1555
2742
3731
4478
4959
5166
5110
4817
4327
3689
2954
2178
1411
694
62
-463
-874
-1172
-1368
-1483
-1540
-1565
-1583
-1614
-1670
-1757
-1872
-2004
-2136
-2244
-2305
-2294
-2191
-1981
-1656
-1218
-678
-57
617
1311
1987
2606
3133
3536
3790
3880
3800
3553
3154
2624
1991
1289
551
-185
-889
-1532
-2092
-2552
-2901
-3136
-3258
-3274
-3191
-3023
-2779
-2472
-2112
-1708
-1270
-805
-319
178
680
1177
1657
2107
2511
2854
3121
3297
3370
3330
3173
2900
2515
2032
1465
836
169
-508
-1173
-1798
-2360
-2839
-3221
-3495
-3655
-3699
-3630
-3452
-3174
-2805
-2353
-1829
-1242
-604
75
783
1505
2225
2921
3571
4147
4622
4963
5144
5136
4919
4479
3813
2930
1850
609
-745
-2153
-3548
-4856
-6001
-6914
-7531
-7802
-7695
-7197
-6317
-5087
-3560
-1810
74
1996
3851
5536
6957
8035
8707
0
0
0
0
0
0
0
0
0
0
0
0
0
0
0
0
0
0
0
0
0
0
0
0
0
0
0
0
0
0
0
0
0
0
0
0
0
0
0
0
0
0
0
0
0
0
0
0
0
0
0
0
0
0
0
0
0
0
0
0
0
0
0
0
0
0
0
