0
4278
8485
12550
16402
19973
23203
26035
28419
30314
31684
32507
32766
32456
31581
30156
28203
25758
22860
19561
15917
11991
7852
3573
-771
-5106
-9352
-13436
-17284
-20829
-24006
-26759
-29038
-30801
-32015
-32660
-32720
-32196
-31094
-29434
-27244
-24563
-21439
-17925
-14087
-9991
-5712
-1327
3083
7441
11667
15683
19415
22796
25762
28259
30239
31667
32514
32764
32412
31462
29931
27847
25247
22178
18696
14865
10755
6443
2009
-2465
-6896
-11201
-15299
-19113
-22570
-25606
-28162
-30190
-31650
-32514
-32764
-32394
-31411
-29832
-27686
-25012
-21861
-18292
-14372
-10175
-5781
-1274
3259
7733
12062
16161
19951
23359
26318
28771
30668
31973
32659
32711
32127
30919
29107
26727
23823
20452
16679
12577
8226
3711
-879
-5455
-9926
-14204
-18204
-21846
-25058
-27775
-29942
-31516
-32464
-32766
-32415
-31417
-29790
-27567
-24790
-21514
-17805
-13736
-9388
-4849
-209
4437
8997
13377
17489
21248
24578
27411
29687
31359
32393
32765
32468
31507
29899
27676
24884
21579
17828
13707
9301
4700
0
-4703
-9311
-13729
-17864
-21629
-24947
-27746
-29968
-31566
-32503
-32761
-32332
-31225
-29460
-27076
-24119
-20653
-16748
-12488
-7961
-3263
1506
6246
10856
15238
19298
22949
26112
28719
30713
32051
32702
32651
31900
30461
28366
25658
22395
18646
14492
10022
5332
524
-4298
-9029
-13567
-17811
-21669
-25055
-27896
-30127
-31699
-32577
-32739
-32182
-30916
-28967
-26379
-23206
-19519
-15397
-10932
-6222
-1372
3511
8320
12945
17284
21240
24723
27655
29968
31611
32545
32748
32214
30954
28995
26381
23169
19431
15252
10724
5950
1038
-3899
-8751
-13405
-17757
-21705
-25159
-28038
-30277
-31822
-32637
-32702
-32014
-30588
-28456
-25665
-22280
-18377
-14047
-9388
-4509
477
5455
10308
14924
19194
23018
26305
28979
30974
32243
32756
32498
31476
29711
27244
24133
20449
16280
11722
6884
1880
-3170
-8148
-12935
-17416
-21484
-25041
-28000
-30291
-31856
-32659
-32677
-31909
-30373
-28105
-25157
-21600
-17520
-13013
-8189
-3163
1941
7001
11893
16499
20705
24407
27516
29953
31659
32589
32721
32049
30590
28377
25463
21921
17836
13307
8448
3377
-1780
-6896
-11843
-16499
-20746
-24479
-27603
-30040
-31727
-32621
-32699
-31957
-30413
-28105
-25088
-21439
-17247
-12618
-7668
-2522
2689
7836
12787
17416
21605
25247
28248
30530
32035
32723
32574
31592
29801
27244
23987
20112
15718
10917
5832
595
-4660
-9798
-14685
-19194
-23208
-26622
-29345
-31307
-32455
-32757
-32206
-30813
-28614
-25665
-22043
-17841
-13169
-8148
-2911
2405
7661
12717
17440
21705
25397
28419
30689
32146
32750
32483
31352
29385
26633
23169
19084
14487
9500
4255
-1105
-6439
-11603
-16457
-20870
-24723
-27911
-30346
-31961
-32712
-32578
-31559
-29684
-27001
-23582
-19519
-14922
-9916
-4636
771
6162
11386
16301
20770
24671
27896
30354
31977
32719
32558
31498
29565
26813
23317
19172
14492
9407
4058
-1405
-6833
-12073
-16978
-21411
-25247
-28377
-30713
-32188
-32760
-32410
-31148
-29007
-26047
-22351
-18021
-13179
-7961
-2516
3003
8440
13640
18454
22745
26389
29282
31340
32503
32737
32033
30409
27913
24613
20604
16000
10932
5547
0
-5550
-10942
-16021
-20637
-24657
-27963
-30458
-32068
-32745
-32468
-31244
-29107
-26118
-22364
-17952
-13013
-7689
-2137
3479
8997
14252
19090
23367
26955
29748
31662
32640
32650
31691
29790
27003
23411
19119
14256
8965
3403
-2262
-7862
-13230
-18204
-22633
-26385
-29345
-31423
-32556
-32707
-31871
-30072
-27362
-23823
-19561
-14703
-9397
-3803
1908
7565
12994
18030
22517
26318
29316
31419
32559
32702
31841
30001
27238
23635
19302
14372
8996
3339
-2422
-8112
-13553
-18577
-23026
-26761
-29667
-31650
-32648
-32629
-31591
-29565
-26615
-22829
-18327
-13249
-7752
-2009
3799
9491
14886
19815
24120
27666
30338
32052
32751
32412
31044
28690
25423
21345
16586
11295
5642
-193
-6025
-11667
-16938
-21669
-25706
-28920
-31206
-32489
-32726
-31909
-30063
-27244
-23544
-19081
-13998
-8460
-2644
3259
9060
14569
19606
24006
27626
30346
32075
32756
32366
30916
28451
25051
20827
15917
10480
4696
-1244
-7147
-12817
-18065
-22719
-26622
-29644
-31684
-32674
-32578
-31398
-29173
-25975
-21909
-17110
-11737
-5969
0
5972
11747
17130
21941
26016
29217
31436
32596
32657
31615
29504
26395
22390
17625
12260
6476
470
-5554
-11392
-16845
-21726
-25867
-29127
-31393
-32585
-32662
-31619
-29491
-26349
-22301
-17483
-12062
-6222
-166
5898
11762
17222
22088
26191
29387
31566
32648
32597
31411
29131
25835
21636
16679
11138
5205
-912
-7001
-12847
-18244
-23003
-26955
-29960
-31912
-32739
-32412
-30940
-28374
-24803
-20353
-15179
-9465
-3413
2763
8843
14612
19863
24407
28083
30758
32334
32755
32003
30103
27124
23169
18381
12929
7010
836
-5370
-11386
-16993
-21989
-26191
-29446
-31636
-32680
-32538
-31214
-28754
-25247
-20819
-15630
-9868
-3744
2518
8692
14551
19879
24480
28184
30855
32393
32739
31880
29845
26709
22585
17625
12011
5950
-333
-6607
-12639
-18204
-23094
-27128
-30152
-32055
-32763
-32248
-30528
-27666
-23767
-18976
-13473
-7461
-1167
5173
11322
17047
22132
26385
29644
31785
32724
32427
30901
28203
24435
19738
14288
8294
1981
-4409
-10635
-16457
-21654
-26025
-29402
-31656
-32697
-32485
-31027
-28377
-24634
-19943
-14481
-8460
-2109
4324
10594
16457
21686
26077
29459
31699
32710
32451
30929
28203
24378
19601
14056
7961
1552
-4919
-11201
-17047
-22227
-26537
-29806
-31906
-32751
-32307
-30590
-27666
-23648
-18696
-13002
-6791
-309
6187
12441
18204
23246
27366
30398
32222
32762
31995
29951
26709
22398
17189
11289
4935
-1619
-8112
-14281
-19879
-24678
-28486
-31147
-32552
-32643
-31416
-28917
-25247
-20553
-15023
-8882
-2378
4225
10659
16662
21989
26421
29777
31918
32756
32254
30432
27362
23169
18024
12137
5748
-879
-7473
-13762
-19485
-24407
-28323
-31070
-32533
-32650
-31414
-28875
-25136
-20353
-14721
-8475
-1874
4807
11292
17307
22602
26955
30182
32146
32765
32010
29911
26556
22083
16679
10571
4016
-2711
-9326
-15551
-21121
-25799
-29387
-31732
-32732
-32344
-30582
-27520
-23286
-18060
-12062
-5547
1206
7911
14280
20041
24947
28786
31393
32653
32513
30975
28105
24024
18906
12972
6476
-301
-7069
-13534
-19415
-24458
-28443
-31196
-32596
-32580
-31148
-28360
-24336
-19250
-13322
-6811
0
6813
13332
19269
24364
28393
31178
32594
32578
31129
28309
24241
19103
13120
6555
-301
-7147
-13680
-19609
-24671
-28641
-31340
-32648
-32505
-30916
-27948
-23735
-18460
-12360
-5706
1206
8067
14569
20421
25359
29162
31656
32728
32328
30473
27244
22786
17298
11027
4255
-2711
-9557
-15974
-21669
-26383
-29901
-32062
-32766
-31979
-29736
-26137
-21345
-15577
-9095
-2195
4807
11593
17850
23291
27666
30771
32464
32665
31362
28614
24546
19345
13249
6538
-477
-7473
-14125
-20126
-25196
-29098
-31650
-32732
-32292
-30349
-26991
-22374
-16712
-10266
-3339
3746
10659
17076
22694
27251
30530
32377
32702
31489
28793
24740
19519
13375
6597
-494
-7565
-14281
-20323
-25404
-29282
-31772
-32753
-32178
-30072
-26533
-21729
-15887
-9285
-2238
4919
11843
18204
23695
28052
31066
32589
32548
30942
27847
23411
17845
11416
4435
-2763
-9830
-16425
-22227
-26955
-30378
-32330
-32713
-31507
-28769
-24631
-19293
-13013
-6096
1120
8285
15047
21076
26077
29802
32068
32763
31850
29372
25451
20276
14101
7230
0
-7232
-14111
-20295
-25478
-29402
-31872
-32764
-32033
-29711
-25913
-20827
-14703
-7845
-595
6688
13640
19914
25196
29220
31785
32759
32093
29819
26047
20967
14832
7950
664
-6656
-13645
-19948
-25247
-29273
-31822
-32763
-32046
-29706
-25861
-20703
-14492
-7543
-209
7138
14125
20396
25629
29557
31977
32766
31880
29363
25342
20022
13674
6622
-771
-8129
-15071
-21240
-26318
-30042
-32219
-32734
-31559
-28754
-24461
-18901
-12360
-5177
2276
9615
16457
22447
27271
30678
32489
32608
31026
27825
23169
17302
10527
3199
-4298
-11573
-18244
-23960
-28419
-31387
-32705
-32302
-30198
-26501
-21406
-15179
-8148
-684
6817
13962
20369
25700
29668
32064
32757
31710
28975
24698
19103
12488
5205
-2358
-9798
-16717
-22745
-27557
-30894
-32577
-32513
-30703
-27244
-22319
-16192
-9191
-1693
5898
13175
19743
25247
29388
31941
32765
31816
29141
24884
19276
12618
5272
-2362
-9871
-16845
-22903
-27714
-31014
-32621
-32445
-30495
-26875
-21781
-15492
-8351
-749
6896
14165
20658
26016
29942
32220
32721
31417
28377
23767
17841
10926
3403
-4310
-11787
-18613
-24407
-28847
-31684
-32759
-32010
-29476
-25298
-19707
-13013
-5590
2148
9769
16845
22980
27828
31116
32659
32366
30254
26438
21133
14635
7310
-430
-8148
-15409
-21801
-26962
-30598
-32502
-32563
-30778
-27244
-22162
-15818
-8572
-836
6950
14343
20920
26305
30190
32350
32661
31103
27762
22829
16586
9388
1649
-6187
-13670
-20369
-25898
-29936
-32249
-32702
-31267
-28024
-23161
-16955
-9766
-2009
5867
13405
20168
25762
29860
32222
32709
31291
28049
23169
16936
9711
1916
-5992
-13553
-20323
-25904
-29968
-32275
-32687
-31179
-27837
-22855
-16527
-9222
-1372
6562
14111
20829
26318
30252
32397
32623
30916
27374
22206
15718
8294
373
-7571
-15067
-21669
-26980
-30683
-32556
-32483
-30469
-26631
-21197
-14492
-6916
1077
9009
16402
22811
27851
31216
32702
32218
29790
25564
19793
12824
5078
-2978
-10856
-18080
-24210
-28873
-31785
-32766
-31757
-28816
-24119
-17952
-10689
-2772
5316
13083
20053
25799
29968
32304
32662
31017
27469
22233
15630
8064
0
-8067
-15639
-22251
-27492
-31038
-32669
-32282
-29899
-25665
-19840
-12785
-4935
3223
11185
18454
24578
29176
31960
32754
31507
28295
23317
16881
9388
1306
-6859
-14599
-21426
-26913
-30713
-32587
-32415
-30206
-26096
-20343
-13307
-5431
2789
10837
18204
24423
29100
31937
32755
31498
28244
23199
16679
9099
938
-7285
-15047
-21854
-27271
-30951
-32659
-32282
-29844
-25497
-19519
-12290
-4271
4023
12062
19330
25359
29762
32252
32670
30984
27303
21861
15008
7184
-1105
-9326
-16947
-23474
-28484
-31650
-32766
-31757
-28687
-23753
-17274
-9670
-1435
6896
14781
21705
27215
30951
32666
32248
29720
25247
19119
11737
3583
-4807
-12886
-20121
-26035
-30239
-32455
-32534
-30469
-26395
-20578
-13400
-5336
3083
11302
18775
25007
29584
32200
32681
30992
27244
21684
14679
6695
-1736
-10055
-17706
-24178
-29038
-31959
-32744
-31340
-27837
-22468
-15592
-7668
771
9163
16942
23583
28641
31772
32764
31548
28203
22955
16155
8261
-193
-8637
-16499
-23246
-28419
-31667
-32766
-31641
-28366
-23161
-16378
-8479
0
8482
16388
23178
28387
31659
32766
31633
28334
23092
16267
8323
-193
-8699
-16610
-23382
-28547
-31748
-32764
-31521
-28105
-22748
-15818
-7793
771
9287
17161
23850
28887
31923
32744
31292
27666
22114
15023
6884
-1736
-10238
-18030
-24565
-29387
-32158
-32681
-30919
-26991
-21173
-13868
-5590
3083
11543
19194
25499
30012
32414
32534
30361
26047
19895
12336
3903
-4807
-13181
-20625
-26610
-30711
-32637
-32248
-29569
-24790
-18247
-10405
-1820
6896
15124
22277
27843
31423
32760
31757
28483
23169
16196
8060
-655
-9326
-17331
-24094
-29127
-32068
-32703
-30984
-27033
-21133
-13707
-5289
3511
12062
19743
25999
30374
32552
32371
29844
25150
18630
10754
2094
-6719
-15047
-22282
-27896
-31478
-32765
-31661
-28244
-22763
-15616
-7324
1506
10228
18204
24847
29668
32313
32585
30461
26096
19809
12062
3423
-5469
-13962
-21426
-27310
-31178
-32740
-31881
-28661
-23317
-16242
-7961
912
9721
17811
24578
29519
32265
32608
30520
26157
19840
12041
3339
-5613
-14150
-21629
-27492
-31296
-32755
-31758
-28377
-22863
-15630
-7219
1736
10564
18599
25234
29968
32443
32468
30041
25342
18725
10689
1842
-7147
-15598
-22868
-28404
-31785
-32751
-31227
-27327
-21345
-13736
-5078
3969
12717
20496
26712
30887
32702
32014
28875
23522
16364
7950
-1077
-10024
-18204
-24986
-29848
-32414
-32483
-30050
-25298
-18593
-10451
-1499
7571
16058
23305
28750
31969
32711
30916
26720
20449
12587
3744
-5391
-14111
-21734
-27666
-31442
-32766
-31533
-27837
-21964
-14372
-5653
3510
12401
20323
26654
30894
32710
31957
28692
23169
15822
7226
-1941
-10958
-19113
-25762
-30378
-32596
-32237
-29328
-24096
-16955
-8469
691
9799
18132
25028
29936
32465
32412
29778
24772
17791
9388
234
-8940
-17404
-24479
-29598
-32350
-32513
-30072
-25219
-18342
-9991
-836
8388
16942
24135
29387
32275
32563
30226
25451
18620
10283
1113
-8148
-16754
-24006
-29316
-32252
-32574
-30254
-25477
-18630
-10266
-1066
8222
16845
24098
29390
32286
32549
30156
25298
18372
9941
695
-8610
-17213
-24407
-29603
-32371
-32482
-29925
-24908
-17841
-9305
0
9307
17850
24924
29942
32491
32356
29546
24293
17028
8351
-1019
-10308
-18745
-25629
-30386
-32621
-32145
-28995
-23432
-15917
-7073
2362
11603
19879
26497
30903
32728
31816
28241
22301
14491
5464
-4023
-13175
-21224
-27492
-31451
-32766
-31324
-27244
-20868
-12732
-3519
5992
15001
22745
28568
31977
32682
30619
25962
19103
10622
1238
-8253
-17047
-24394
-29668
-32420
-32412
-29643
-24347
-16973
-8148
1373
10781
19269
26112
30723
32705
31886
28334
22351
14449
5304
-4298
-13534
-21608
-27826
-31650
-32749
-31026
-26627
-19930
-11510
-2094
7504
16457
23989
29446
32355
32460
29752
24461
17046
8148
-1459
-10942
-19477
-26318
-30870
-32732
-31742
-27983
-21780
-13674
-4371
5316
14541
22496
28484
31977
32669
30495
25645
18541
9807
209
-9410
-18204
-25397
-30356
-32640
-32046
-28625
-22675
-14721
-5464
4278
13645
21806
28038
31787
32719
30748
26047
19032
10324
695
-8997
-17892
-25196
-30256
-32621
-32077
-28669
-22701
-14703
-5389
4409
13816
21989
28193
31872
32694
30582
25725
18555
9715
0
-9718
-18563
-25739
-30598
-32699
-31850
-28126
-21861
-13619
-4144
5708
15047
23026
28920
32194
32549
29951
24631
17073
7961
-1876
-11547
-20168
-26955
-31287
-32766
-31257
-26894
-20073
-11416
-1713
8148
17267
24807
30076
32589
32113
28690
22632
14492
5018
-4919
-14407
-22570
-28657
-32104
-32591
-30072
-24775
-17189
-8012
1907
11653
20323
27113
31393
32763
31094
26539
19519
10683
852
-9060
-18132
-25519
-30530
-32697
-31816
-27965
-21503
-13031
-3339
6667
16052
23938
29584
32459
32292
29097
23169
15065
5543
-4501
-14125
-22423
-28612
-32108
-32578
-29977
-24546
-16798
-7461
2582
12385
21019
27666
31694
32721
30647
25665
18247
9095
-923
-10856
-19760
-26786
-31264
-32766
-31146
-26556
-19431
-10451
-470
9557
18675
26008
30855
32749
31507
27244
20368
11537
1595
-8501
-17784
-25359
-30497
-32702
-31758
-27754
-21074
-12360
-2451
7696
17103
24860
30215
32648
31922
28105
21563
12929
3039
-7147
-16643
-24525
-30025
-32607
-32016
-28309
-21844
-13249
-3359
6859
16412
24364
29939
32588
32050
28377
21924
13322
3413
-6833
-16412
-24382
-29960
-32596
-32028
-28309
-21804
-13150
-3199
7069
16643
24578
30089
32630
31946
28105
21482
12732
2719
-7565
-17103
-24947
-30318
-32680
-31797
-27754
-20951
-12062
-1970
8320
17784
25478
30633
32732
31565
27244
20200
11134
952
-9326
-18675
-26154
-31014
-32765
-31228
-26556
-19215
-9941
333
10578
19760
26955
31436
32749
30759
25665
17979
8475
-1887
-12062
-21019
-27851
-31864
-32650
-30126
-24546
-16475
-6728
3703
13762
22423
28806
32258
32427
29291
23169
14683
4696
-5772
-15653
-23938
-29777
-32571
-32033
-28214
-21503
-12587
-2378
8077
17706
25519
30711
32748
31416
26850
19519
10175
-219
-10594
-19879
-27113
-31549
-32726
-30520
-25157
-17189
-7439
3083
13289
22119
28657
32222
32441
29289
23092
14492
4381
-6187
-16114
-24364
-30076
-32652
-31820
-27666
-20619
-11416
-1017
9491
19008
26537
31287
32757
30792
25595
17709
7961
-2625
-12939
-21894
-28547
-32194
-32451
-29286
-23032
-14346
-4144
6498
16457
24678
30291
32699
31644
27238
19943
10531
0
-10533
-19951
-27251
-31656
-32694
-30254
-24592
-16309
-6286
4409
14637
23305
29487
32519
32077
28203
21312
12137
1660
-8997
-18692
-26385
-31248
-32757
-30748
-25434
-17383
-7461
3266
13645
22556
29038
32390
32248
28625
21909
12824
2351
-8378
-18204
-26061
-31098
-32765
-30880
-25645
-17625
-7689
3083
13524
22496
29023
32393
32235
28565
21780
12618
2077
-8692
-18516
-26318
-31245
-32755
-30681
-25247
-17046
-6975
3863
14280
23132
29446
32527
32033
28015
20915
11510
836
-9932
-19609
-27125
-31650
-32682
-30103
-24198
-15616
-5304
5596
15880
24407
30232
32705
31550
26894
19250
9465
-1373
-12062
-21411
-28379
-32188
-32412
-29022
-22395
-13267
-2656
8253
18244
26197
31222
32754
30619
25054
16679
6433
-4537
-15001
-23783
-29895
-32648
-31731
-27244
-19690
-9916
976
11762
21224
28293
32170
32415
28997
22301
13080
2378
-8595
-18599
-26497
-31393
-32729
-30352
-24528
-15917
-5494
5554
15974
24578
30386
32734
31352
26395
18425
8351
-2679
-13405
-22602
-29217
-32491
-32046
-27932
-20616
-10936
0
10939
20625
27944
32055
32482
29173
22507
13249
2462
-8610
-18692
-26622
-31481
-32707
-30156
-24119
-15293
-4696
6446
16845
25296
30817
32766
30916
25477
17079
6695
-4468
-15115
-24006
-30106
-32702
-31489
-26606
-18620
-8460
2689
13528
22788
29387
32552
31909
27532
19930
9991
-1120
-12103
-21669
-28693
-32350
-32208
-28280
-21025
-11295
-234
10856
20671
28052
32127
32412
28871
21921
12379
1372
-9799
-19815
-27487
-31906
-32545
-29328
-22632
-13249
-2291
8940
19113
27016
31708
32629
29666
23169
13911
2992
-8285
-18577
-26654
-31549
-32677
-29899
-23544
-14372
-3477
7836
18214
26411
31442
32702
30037
23764
14635
3744
-7598
-18030
-26293
-31393
-32711
-30086
-23833
-14703
-3796
7571
18026
26305
31405
32707
30050
23753
14577
3632
-7754
-18204
-26446
-31479
-32688
-29925
-23522
-14256
-3253
8148
18560
26712
31608
32650
29706
23135
13736
2656
-8751
-19090
-27095
-31785
-32581
-29385
-22585
-13013
-1842
9557
19786
27585
31994
32468
28947
21861
12081
809
-10564
-20637
-28166
-32219
-32293
-28377
-20951
-10932
440
11762
21629
28819
32437
32033
27653
19840
9561
-1907
-13142
-22745
-29519
-32621
-31661
-26755
-18514
-7961
3586
14689
23960
30239
32740
31148
25658
16955
6128
-5469
-16384
-25247
-30944
-32759
-30461
-24336
-15151
-4058
7546
18204
26572
31595
32638
29565
22763
13087
1756
-9798
-20118
-27896
-32148
-32332
-28424
-20915
-10754
771
12203
22088
29171
32552
31797
27001
18769
8148
-3511
-14727
-24069
-30346
-32754
-30984
-25260
-16309
-5272
6439
17331
26008
31359
32696
29845
23169
13521
2137
-9523
-19964
-27843
-32146
-32318
-28334
-20703
-10405
1234
12717
22564
29503
32637
31559
26407
17841
6968
-4807
-15965
-25058
-30909
-32757
-30361
-24028
-14577
-3233
8533
19194
27364
31977
32433
28669
21173
10917
-762
-12345
-22321
-29387
-32619
-31592
-26438
-17828
-6884
4961
16161
25247
31028
32744
30168
23635
13998
2522
-9287
-19879
-27860
-32179
-32265
-28105
-20242
-9711
2101
13640
23382
30040
32733
31103
25362
16267
5018
-6896
-17901
-26537
-31659
-32585
-29190
-21921
-11741
0
11743
21929
29201
32589
31641
26480
17791
6728
-5233
-16499
-25566
-31222
-32709
-29826
-22955
-13013
-1327
10537
20994
28641
32450
31909
27088
18630
7668
-4324
-15739
-25041
-30976
-32744
-30105
-23411
-13561
-1880
10055
20637
28436
32397
31982
27244
18822
7852
-4182
-15653
-25007
-30974
-32743
-30072
-23319
-13400
-1660
10308
20879
28612
32455
31881
26966
18377
7282
-4807
-16245
-25468
-31216
-32702
-29720
-22675
-12528
-664
11292
21705
29147
32596
31576
26225
17274
5950
-6193
-17489
-26383
-31650
-32564
-28995
-21433
-10917
1105
12978
23064
29968
32737
30984
24950
15465
3839
-8320
-19330
-27666
-32170
-32217
-27796
-19519
-8531
3643
15314
24860
30951
32739
29972
23032
12884
938
-11141
-21669
-29176
-32613
-31498
-25982
-16835
-5332
6918
18204
26944
31912
32410
28366
20343
9465
-2743
-14569
-24351
-30713
-32759
-30198
-23387
-13283
-1306
10856
21492
29100
32604
31507
25962
16748
5166
-7147
-18454
-27152
-32008
-32332
-28076
-19840
-8789
3510
15314
24947
31038
32720
29752
22551
12140
0
-12143
-22559
-29762
-32723
-31017
-24884
-15198
-3339
8998
20053
28242
32393
31908
26854
17952
6476
-5930
-17489
-26541
-31785
-32465
-28481
-20402
-9388
2978
14918
24714
30951
32730
29790
22554
12062
-172
-12385
-22811
-29942
-32746
-30813
-24421
-14492
-2462
9926
20879
28806
32556
31581
26021
16679
4912
-7571
-18956
-27585
-32200
-32127
-27374
-18630
-7167
5342
17076
26318
31719
32485
28504
20353
9222
-3259
-15267
-25041
-31147
-32687
-29434
-21861
-11077
1334
13553
23783
30517
32764
30189
23169
12736
423
-11953
-22570
-29860
-32743
-30792
-24293
-14202
-2009
10483
21426
29201
32652
31267
25247
15482
3419
-9153
-20369
-28563
-32514
-31633
-26047
-16586
-4654
7973
19415
27967
32350
31910
26709
17520
5712
-6950
-18577
-27428
-32179
-32116
-27244
-18292
-6597
6088
17864
26962
32015
32263
27666
18910
7310
-5391
-17284
-26579
-31872
-32366
-27983
-19380
-7852
4862
16845
26287
31760
32433
28203
19707
8226
-4501
-16550
-26094
-31684
-32472
-28334
-19895
-8434
4310
16402
26003
31651
32486
28377
19946
8475
-4288
-16402
-26016
-31662
-32478
-28334
-19861
-8351
4437
16550
26133
31717
32445
28203
19638
8060
-4756
-16845
-26351
-31812
-32386
-27983
-19276
-7602
5243
17284
26666
31941
32293
27666
18769
6975
-5898
-17864
-27071
-32095
-32157
-27244
-18113
-6176
6719
18577
27557
32265
31968
26709
17302
5205
-7702
-19415
-28111
-32434
-31710
-26047
-16326
-4058
8843
20369
28719
32588
31368
25247
15179
2736
-10137
-21426
-29364
-32705
-30922
-24293
-13853
-1238
11573
22570
30025
32764
30353
23169
12339
-434
-13142
-23783
-30678
-32739
-29638
-21861
-10632
2276
14829
25041
31296
32604
28754
20353
8727
-4282
-16616
-26318
-31849
-32328
-27676
-18630
-6622
6439
18480
27585
32302
31880
26381
16679
4318
-8734
-20396
-28806
-32620
-31227
-24845
-14492
-1820
11144
22329
29942
32763
30335
23047
12062
-859
-13645
-24243
-30951
-32688
-29173
-20967
-9388
3703
16202
26094
31785
32354
27709
18593
6476
-6688
-18775
-27832
-32393
-31718
-25913
-15915
-3339
9779
21317
29402
32723
30737
23764
12933
0
-12935
-23772
-30745
-32720
-29372
-21243
-9654
3510
16105
26077
31798
32332
27590
18342
6096
-7147
-19226
-28162
-32493
-31507
-25362
-15061
-2291
10856
22227
29953
32765
30198
22670
11416
-1716
-14569
-25028
-31370
-32548
-28366
-19509
-7435
5867
18204
27539
32330
31782
25982
15887
3163
-10086
-21669
-29667
-32753
-30413
-23032
-11831
1334
14281
24860
31312
32563
28403
19519
7387
-5976
-18347
-27666
-32377
-31693
-25725
-15465
-2622
10659
22164
29968
32766
30086
22374
10917
-2369
-15261
-25599
-31650
-32396
-27709
-18372
-5950
7473
19643
28516
32596
31195
24546
13765
664
-12550
-23653
-30771
-32702
-29116
-20616
-8634
4807
17440
27128
32230
31881
26137
15968
3092
-10308
-21966
-29901
-32766
-30072
-22272
-10689
2711
15653
25937
31812
32275
27244
17574
4908
-8595
-20637
-29162
-32712
-30681
-23411
-12140
1206
14349
25041
31451
32480
27948
18630
6117
-7445
-19735
-28641
-32634
-31026
-24089
-13013
301
13567
24501
31222
32570
28309
19172
6728
-6876
-19298
-28393
-32589
-31159
-24347
-13326
0
13328
24354
31166
32585
28360
19220
6748
-6896
-19347
-28443
-32604
-31103
-24198
-13087
301
13640
24608
31294
32533
28105
18778
6176
-7504
-19879
-28786
-32669
-30847
-23635
-12290
1206
14493
25247
31583
32389
27520
17828
5008
-8692
-20870
-29387
-32745
-30352
-22624
-10917
2711
15865
26229
31977
32094
26556
16335
3233
-10442
-22277
-30182
-32757
-29546
-21112
-8944
4807
17712
27483
32390
31559
25136
14256
845
-12717
-24026
-31070
-32598
-28334
-19032
-6345
7473
19964
28903
32697
30666
23169
11540
-2148
-15456
-26008
-31918
-32127
-26596
-16309
-3103
10659
22517
30346
32741
29270
20553
8148
-5719
-18563
-28078
-32552
-31179
-24202
-12874
771
14281
25223
31625
32332
27214
17189
4062
-9798
-21894
-30040
-32762
-29565
-21025
-8682
5233
18204
27882
32514
31257
24336
13002
-691
-14262
-25247
-31650
-32307
-27094
-16955
-3732
10171
22227
30239
32747
29289
20494
7961
-6025
-18915
-28356
-32621
-30929
-23586
-11931
1907
15400
26077
31982
32033
26215
15592
2109
-11762
-23479
-30889
-32629
-28377
-18910
-5966
8077
20637
29402
32756
30080
21861
9613
-4409
-17621
-27585
-32459
-31342
-24435
-13013
816
14497
25499
31785
32188
26631
16140
2656
-11322
-23203
-30782
-32650
-28456
-18976
-5969
8148
20755
29503
32763
29925
21514
9095
-5021
-18204
-27995
-32564
-31058
-23753
-12011
1977
15598
26305
32095
31880
25698
14703
952
-12978
-24480
-31393
-32418
-27360
-17165
-3744
10381
22559
30497
32702
28754
19394
6380
-7836
-20580
-29446
-32762
-29899
-21393
-8847
5370
18577
28275
32630
30814
23169
11138
-3003
-16579
-27016
-32334
-31523
-24733
-13249
751
14612
25700
31906
32048
26096
15179
1372
-12698
-24354
-31371
-32412
-27273
-16932
-3359
10856
23003
30758
32638
28280
18514
5205
-9101
-21669
-30089
-32747
-29131
-19930
-6905
7445
20371
29387
32762
29844
21189
8460
-5898
-19125
-28673
-32702
-30433
-22301
-9868
4468
17946
27963
32585
30916
23274
11134
-3159
-16845
-27275
-32428
-31305
-24119
-12260
1977
15833
26622
32247
31615
24845
13249
-923
-14918
-26016
-32055
-31858
-25461
-14105
0
14107
25468
31864
32046
25975
14832
792
-13405
-24986
-31684
-32188
-26395
-15435
-1452
12817
24578
31525
32292
26727
15917
1981
-12345
-24250
-31393
-32366
-26976
-16280
-2378
11993
24006
31293
32415
27148
16527
2644
-11762
-23850
-31230
-32442
-27244
-16660
-2779
11653
23783
31206
32451
27267
16679
2783
-11667
-23806
-31222
-32441
-27217
-16586
-2656
11803
23919
31277
32412
27094
16378
2398
-12062
-24120
-31370
-32361
-26894
-16056
-2009
12441
24407
31496
32285
26615
15616
1488
-12939
-24777
-31650
-32178
-26251
-15055
-836
13553
25223
31826
32033
25797
14372
52
-14280
-25739
-32015
-31841
-25247
-13561
863
15115
26318
32208
31592
24592
12618
-1908
-16052
-26950
-32393
-31276
-23823
-11540
3083
17085
27622
32556
30880
22932
10324
-4384
-18204
-28323
-32682
-30389
-21909
-8965
5807
19399
29038
32755
29790
20744
7461
-7347
-20658
-29748
-32757
-29067
-19428
-5811
8997
21966
30436
32669
28203
17952
4016
-10746
-23305
-31079
-32468
-27184
-16309
-2077
12583
24657
31656
32135
25992
14491
0
-14493
-25999
-32139
-31644
-24613
-12494
2208
16457
27304
32503
30975
23032
10317
-4537
-18454
-28547
-32719
-30103
-21238
-7961
6971
20458
29694
32757
29007
19220
5431
-9491
-22439
-30713
-32587
-27666
-16973
-2736
12073
24364
31568
32177
26060
14492
-108
-14689
-26197
-32222
-31498
-24174
-11781
3083
17304
27896
32634
30520
21996
8847
-6162
-19879
-29416
-32766
-29219
-19519
-5706
9311
22368
30711
32578
27570
16743
2378
-12491
-24723
-31732
-32033
-25558
-13674
1105
15653
26888
32428
31095
23169
10328
-4707
-18745
-28806
-32750
-29736
-20402
-6728
8378
21705
30414
32650
27932
17262
2911
-12062
-24465
-31651
-32083
-25665
-13765
1077
15692
26955
32455
31012
22932
9941
-5180
-19194
-29098
-32765
-29406
-19738
-5832
9326
22486
30817
32526
27244
16102
1495
-13436
-25478
-32035
-31693
-24521
-12062
2999
17416
28078
32680
30226
21243
7668
-7565
-21167
-30192
-32685
-28105
-17438
-2992
12103
24578
31727
31995
25321
13150
-1876
-16499
-27539
-32596
-30567
-21889
-8448
6833
20630
29936
32722
28377
17845
3419
-11753
-24364
-31659
-32040
-25423
-13249
1823
16499
27568
32607
30508
21729
8189
-7147
-20920
-30108
-32693
-28105
-17347
-2779
12401
24860
31856
31850
24838
12360
-2839
-17416
-28160
-32702
-30037
-20749
-6884
8501
22013
30668
32552
27244
15915
1066
-14020
-26008
-32243
-31342
-23500
-10451
4915
19194
29220
32766
29042
18871
4509
-10856
-23813
-31479
-32147
-25665
-13473
1720
16533
27666
32637
30335
21271
7461
-8015
-21705
-30552
-32578
-27327
-15968
-1038
14125
26133
32294
31228
23169
9920
-5554
-19786
-29584
-32748
-28565
-17970
-3339
12043
24723
31849
31816
24627
11897
-3511
-18132
-28673
-32755
-29458
-19519
-5177
10334
23516
31393
32182
25702
13414
-1907
-16800
-27896
-32682
-30072
-20653
-6555
9029
22570
30997
32395
26445
14492
-751
-15827
-27310
-32589
-30461
-21406
-7481
8148
21926
30713
32507
26894
15151
-48
-15238
-26955
-32522
-30664
-21804
-7961
7702
21608
30575
32549
27076
15403
202
-15047
-26852
-32503
-30703
-21861
-8002
7696
21629
30598
32538
27001
15255
0
-15257
-27007
-32541
-30582
-21579
-7602
8129
21989
30779
32468
26664
14703
-655
-15865
-27411
-32621
-30288
-20948
-6758
8997
22672
31098
32318
26047
13736
-1763
-16855
-28038
-32713
-29790
-19946
-5464
10289
23653
31516
32046
25116
12336
-3319
-18204
-28847
-32766
-29042
-18541
-3711
11987
24889
31977
31593
23823
10480
-5316
-19871
-29777
-32711
-27983
-16697
-1495
14059
26318
32404
30885
22114
8148
-7733
-21801
-30745
-32460
-26539
-14372
1180
16457
27860
32699
29832
19930
5325
-10537
-23916
-31650
-31910
-24631
-11530
4298
19113
29409
32747
28334
17210
2009
-13670
-26112
-32365
-30942
-22178
-8148
7817
21929
30833
32412
26285
13907
-1780
-17047
-28259
-32743
-29429
-19103
-4222
11667
24777
31977
31548
23586
9991
-5992
-20546
-30192
-32619
-27244
-15350
219
15739
27492
32660
30001
20149
5464
-10533
-24006
-31719
-31816
-24270
-10892
5106
19879
29873
32681
27625
15917
373
-15261
-27221
-32621
-30156
-20416
-5748
10308
23879
31684
31836
24293
10875
-5173
-19973
-29942
-32665
-27477
-15633
0
15636
27483
32666
29925
19920
5078
-10999
-24407
-31886
-31615
-23656
-9941
6193
20824
30386
32549
26782
14487
-1341
-16845
-28242
-32749
-29262
-18630
-3445
12583
25539
32252
31078
22301
8064
-8148
-22368
-31111
-32231
-25451
-12429
3643
18824
29387
32737
28047
16465
836
-15001
-27152
-32625
-30072
-20115
-5205
10989
24479
31937
31523
23335
9388
-6876
-21447
-30723
-32412
-26092
-13322
2743
18132
29038
32759
28371
16955
1338
-14612
-26944
-32596
-30164
-20247
-5304
10958
24501
31960
31477
23169
9099
-7236
-21774
-30894
-32323
-25702
-12676
3510
18824
29446
32724
27837
16000
166
-15711
-27666
-32707
-29572
-19041
-3744
12491
25602
32304
30916
21780
7184
-9215
-23305
-31551
-31880
-24205
-10451
5930
20824
30486
32483
26311
13518
-2679
-18204
-29147
-32749
-28098
-16364
-502
15488
27574
32702
29574
18976
3583
-12717
-25806
-32371
-30748
-21345
-6538
9926
23879
31785
31636
23467
9346
-7147
-21830
-30974
-32254
-25342
-11991
4409
19692
29968
32623
26976
14462
-1736
-17495
-28798
-32764
-28377
-16752
-852
15267
27492
32699
29554
18857
3339
-13034
-26077
-32450
-30520
-20777
-5712
10817
24578
32042
31291
22515
7961
-8637
-23021
-31496
-31881
-24075
-10079
6509
21426
30833
32307
25463
12062
-4448
-19815
-30076
-32585
-26689
-13907
2465
18204
29244
32732
27762
15616
-569
-16610
-28356
-32765
-28692
-17189
-1231
15047
27428
32699
29490
18630
2932
-13528
-26478
-32552
-30168
-19943
-4530
12062
25519
32337
30737
21133
6022
-10659
-24565
-32068
-31208
-22206
-7407
9326
23628
31760
31593
23169
8686
-8070
-22719
-31423
-31903
-24028
-9858
6896
21846
31070
32147
24790
10926
-5807
-21019
-30711
-32336
-25461
-11891
4807
20244
30356
32478
26047
12755
-3899
-19528
-30012
-32581
-26556
-13521
3083
18877
29687
32654
26991
14192
-2362
-18294
-29387
-32703
-27360
-14769
1736
17784
29119
32734
27666
15255
-1206
-17349
-28887
-32752
-27913
-15652
771
16993
28695
32761
28105
15962
-434
-16717
-28547
-32765
-28244
-16186
193
16523
28443
32766
28334
16326
-48
-16412
-28387
-32766
-28374
-16382
0
0
0
0
0
0
0
0
0
0
0
0
0
0
0
0
0
0
0
0
0
0
0
0
0
0
0
0
0
0
0
0
0
0
0
0
0
0
0
0
0
0
0
0
0
0
0
0
0
0
0
0
0
0
0
0
0
0
0
0
0
0
0
0
0
0
0
0
0
0
0
0
0
0
0
0
0
0
0
0
0
0
0
0
0
0
0
0
0
0
0
0
0
0
0
0
0
0
0
0
0
0
0
0
0
0
0
0
0
0
0
0
0
0
0
0
0
0
0
0
0
0
0
0
0
0
0
0
0
0
0
0
0
0
0
0
0
0
0
0
0
0
0
0
0
0
0
0
0
0
0
0
0
0
0
0
0
0
0
0
0
0
0
0
0
0
0
0
0
0
0
0
0
0
0
0
0
0
0
0
0
0
0
0
0
0
0
0
0
0
0
0
0
0
0
0
0
0
0
0
0
0
0
0
0
0
0
0
0
0
0
0
0
0
0
0
0
0
0
0
0
0
0
0
0
0
0
0
0
0
0
0
0
0
0
0
0
0
0
0
0
0
0
0
0
0
0
0
0
0
0
0
0
0
0
0
0
0
0
0
0
0
0
0
0
0
0
0
0
0
0
0
0
0
0
0
0
0
0
0
0
0
0
0
0
0
0
0
0
0
0
0
0
0
0
0
0
0
0
0
0
0
0
0
0
0
0
0
0
0
0
0
0
0
0
0
0
0
0
0
0
0
0
0
0
0
0
0
0
0
0
0
0
0
0
0
0
0
0
0
0
0
0
0
0
0
0
0
0
0
0
0
0
0
0
0
0
0
0
0
0
0
0
0
0
0
0
0
0
0
0
0
0
0
0
0
0
0
0
0
0
0
0
0
0
0
0
0
0
0
0
0
0
0
0
0
0
0
0
0
0
0
0
0
0
0
0
0
0
0
0
0
0
0
0
0
0
0
0
0
0
0
0
0
0
0
0
0
0
0
0
0
0
0
0
0
0
0
0
0
0
0
0
0
0
0
0
0
0
0
0
0
0
0
0
0
0
0
0
0
0
0
0
0
0
0
0
0
0
0
0
0
0
0
0
0
0
0
0
0
0
0
0
0
0
0
0
0
0
0
0
0
0
0
0
0
0
0
0
0
0
0
0
0
0
0
0
0
0
0
0
0
0
0
0
0
0
0
0
0
0
0
0
0
0
0
0
0
0
0
0
0
0
0
0
0
0
0
0
0
0
0
0
0
0
0
0
0
0
0
0
0
0
0
0
0
0
0
0
0
0
0
0
0
0
0
0
0
0
0
0
0
0
0
0
0
0
0
0
0
0
0
0
0
0
0
0
0
0
0
0
0
0
0
0
0
0
0
0
0
0
0
0
0
0
0
0
0
0
0
0
0
0
0
0
0
0
0
0
0
0
0
0
0
0
0
0
0
0
0
0
0
0
0
0
0
0
0
0
0
0
0
0
0
0
0
0
0
0
0
0
0
0
0
0
0
0
0
0
0
0
0
0
0
0
0
0
0
0
0
0
0
0
0
0
0
0
0
0
0
0
0
0
0
0
0
0
0
0
0
0
0
0
0
0
0
0
0
0
0
0
0
0
0
0
0
0
0
0
0
0
0
0
0
0
0
0
0
0
0
0
0
0
0
0
0
0
0
0
0
0
0
0
0
0
0
0
0
0
0
0
0
0
0
0
0
0
0
0
0
0
0
0
0
0
0
0
0
0
0
0
0
0
0
0
0
0
0
0
0
0
0
0
0
0
0
0
0
0
0
0
0
0
0
0
0
0
0
0
0
0
0
0
0
0
0
0
0
0
0
0
0
0
0
0
0
0
0
0
0
0
0
0
0
0
0
0
0
0
0
0
0
0
0
0
0
0
0
0
0
0
0
0
0
0
0
0
0
0
0
0
0
0
0
0
0
0
0
0
0
0
0
0
0
0
0
0
0
0
0
0
0
0
0
0
0
0
0
0
0
0
0
0
0
0
0
0
0
0
0
0
0
0
0
0
0
0
0
0
0
0
0
0
0
0
0
0
0
0
0
0
0
0
0
0
0
0
0
0
0
0
0
0
0
0
0
0
0
0
0
0
0
0
0
0
0
0
0
0
0
0
0
0
0
0
0
0
0
0
0
0
0
0
0
0
0
0
0
0
0
0
0
0
0
0
0
0
0
0
0
11915
11618
10743
9337
7475
5256
2798
230
-2314
-4705
-6823
-8564
-9848
-10620
-10854
-10553
-9749
-8501
-6887
-5003
-2955
-855
1191
3082
4734
6077
7065
7671
7892
7746
7269
6510
5531
4398
3179
1938
733
-386
-1384
-2236
-2928
-3458
-3834
-4069
-4180
-4188
-4108
-3957
-3745
-3478
-3157
-2780
-2343
-1840
-1270
-632
65
811
1585
2360
3104
3778
4347
4771
5019
5064
4891
4495
3885
3083
2123
1050
-82
-1216
-2291
-3252
-4047
-4636
-4991
-5099
-4959
-4590
-4019
-3287
-2442
-1538
-628
238
1017
1673
2182
2532
2724
2766
2681
2493
2234
1934
1625
1332
1074
863
706
598
531
491
461
423
362
263
118
-77
-322
-609
-926
-1258
-1588
-1897
-2169
-2388
-2542
-2622
-2623
-2542
-2379
-2138
-1821
-1433
-979
-465
104
722
1378
2060
2752
3430
4069
4635
5093
5403
5525
5425
5071
4446
3541
2369
957
-646
-2375
-4146
-5863
-7423
-8722
-9659
-10152
-10134
-9568
-8449
-6805
-4701
-2234
469
3259
5975
8449
10525
12063
12954
13125
12549
11243
9275
6756
3832
680
-2505
-5527
-8197
-10350
-11854
-12619
-12606
-11826
-10343
-8266
-5743
-2948
-73
2690
5162
7188
8648
9463
9606
9093
7991
6403
4464
2330
164
-1874
-3645
-5032
-5951
-6359
-6254
-5671
-4681
-3381
-1889
-330
1172
2505
3575
4314
4683
4674
4311
3641
2732
1668
537
-572
-1583
-2430
-3065
-3464
-3620
-3549
-3279
-2853
-2318
-1726
-1121
-545
-25
420
787
1078
1306
1489
1644
1786
1927
2069
2206
2325
2405
2422
2349
2165
1853
1407
833
150
-610
-1404
-2180
-2881
-3454
-3849
-4027
-3965
-3659
-3123
-2391
-1515
-559
404
1300
2058
2618
2940
3000
2801
2369
1752
1016
240
-493
-1103
-1519
-1688
-1581
-1194
-555
282
1244
2234
3149
3886
4352
4470
4192
3501
2417
995
-678
-2488
-4301
-5975
-7372
-8366
-8859
-8786
-8123
-6887
-5144
-2994
-574
1956
4428
6674
8537
9890
10640
10738
10179
9009
7313
5212
2857
410
-1964
-4112
-5900
-7230
-8037
-8302
-8045
-7325
-6233
-4879
-3389
-1887
-489
708
1639
2265
2580
2612
2413
2057
1626
1208
879
701
714
927
1324
1862
2474
3078
3585
3908
3973
3725
3139
2219
1003
-436
-2004
-3583
-5047
-6271
-7142
-7570
-7496
-6899
-5802
-4266
-2390
-304
1840
3884
5671
7064
7950
8256
7955
7064
5647
3813
1700
-527
-2696
-4638
-6200
-7260
-7735
-7588
-6831
-5525
-3773
-1715
487
2659
4629
6244
7376
7938
7887
7226
6010
4331
2320
131
-2070
-4119
-5866
-7185
-7984
-8213
-7868
-6985
-5641
-3946
-2032
-45
1868
3576
4962
5942
6464
6516
6121
5336
4245
2952
1572
220
-998
-1994
-2703
-3087
-3141
-2886
-2373
-1672
-867
-50
689
1273
1637
1740
1566
1123
449
-400
-1351
-2317
-3208
-3938
-4432
-4629
-4493
-4010
-3192
-2078
-729
775
2341
3867
5255
6408
7245
7705
7745
7350
6533
5330
3802
2030
110
-1851
-3746
-5467
-6918
-8018
-8703
-8936
-8703
-8018
-6918
-5467
-3746
-1851
110
2030
3802
5330
6533
7350
7745
7705
7245
6408
5255
3867
2341
775
-729
-2078
-3192
-4010
-4493
-4629
-4432
-3938
-3208
-2317
-1351
-400
449
1123
1566
1740
1637
1273
689
-50
-867
-1672
-2373
-2886
-3141
-3087
-2703
-1994
-998
220
1572
2952
4245
5336
6121
6516
6464
5942
4962
3576
1868
-45
-2032
-3946
-5641
-6985
-7868
-8213
-7984
-7185
-5866
-4119
-2070
131
2320
4331
6010
7226
7887
7938
7376
6244
4629
2659
487
-1715
-3773
-5525
-6831
-7588
-7735
-7260
-6200
-4638
-2696
-527
1700
3813
5647
7064
7955
8256
7950
7064
5671
3884
1840
-304
-2390
-4266
-5802
-6899
-7496
-7570
-7142
-6271
-5047
-3583
-2004
-436
1003
2219
3139
3725
3973
3908
3585
3078
2474
1862
1324
927
714
701
879
1208
1626
2057
2413
2612
2580
2265
1639
708
-489
-1887
-3389
-4879
-6233
-7325
-8045
-8302
-8037
-7230
-5900
-4112
-1964
410
2857
5212
7313
9009
10179
10738
10640
9890
8537
6674
4428
1956
-574
-2994
-5144
-6887
-8123
-8786
-8859
-8366
-7372
-5975
-4301
-2488
-678
995
2417
3501
4192
4470
4352
3886
3149
2234
1244
282
-555
-1194
-1581
-1688
-1519
-1103
-493
240
1016
1752
2369
2801
3000
2940
2618
2058
1300
404
-559
-1515
-2391
-3123
-3659
-3965
-4027
-3849
-3454
-2881
-2180
-1404
-610
150
833
1407
1853
2165
2349
2422
2405
2325
2206
2069
1927
1786
1644
1489
1306
1078
787
420
-25
-545
-1121
-1726
-2318
-2853
-3279
-3549
-3620
-3464
-3065
-2430
-1583
-572
537
1668
2732
3641
4311
4674
4683
4314
3575
2505
1172
-330
-1889
-3381
-4681
-5671
-6254
-6359
-5951
-5032
-3645
-1874
164
2330
4464
6403
7991
9093
9606
9463
8648
7188
5162
2690
-73
-2948
-5743
-8266
-10343
-11826
-12606
-12619
-11854
-10350
-8197
-5527
-2505
680
3832
6756
9275
11243
12549
13125
12954
12063
10525
8449
5975
3259
469
-2234
-4701
-6805
-8449
-9568
-10134
-10152
-9659
-8722
-7423
-5863
-4146
-2375
-646
957
2369
3541
4446
5071
5425
5525
5403
5093
4635
4069
3430
2752
2060
1378
722
104
-465
-979
-1433
-1821
-2138
-2379
-2542
-2623
-2622
-2542
-2388
-2169
-1897
-1588
-1258
-926
-609
-322
-77
118
263
362
423
461
491
531
598
706
863
1074
1332
1625
1934
2234
2493
2681
2766
2724
2532
2182
1673
1017
238
-628
-1538
-2442
-3287
-4019
-4590
-4959
-5099
-4991
-4636
-4047
-3252
-2291
-1216
-82
1050
2123
3083
3885
4495
4891
5064
5019
4771
4347
3778
3104
2360
1585
811
65
-632
-1270
-1840
-2343
-2780
-3157
-3478
-3745
-3957
-4108
-4188
-4180
-4069
-3834
-3458
-2928
-2236
-1384
-386
733
1938
3179
4398
5531
6510
7269
7746
7892
7671
7065
6077
4734
3082
1191
-855
-2955
-5003
-6887
-8501
-9749
-10553
-10854
-10620
-9848
-8564
-6823
-4705
-2314
230
2798
5256
7475
9337
10743
11618
0
0
0
0
0
0
0
0
0
0
0
0
0
0
0
0
0
0
0
0
0
0
0
0
0
0
0
0
0
0
0
0
0
0
0
0
0
0
0
0
0
0
0
0
0
0
0
0
0
0
0
0
0
0
0
0
0
0
0
0
0
0
0
0
0
0
0
-8936
-8704
-8023
-6930
-5488
-3776
-1890
66
1989
3775
5332
6585
7476
7968
8049
7729
7042
6036
4778
3342
1810
263
-1221
-2577
-3748
-4690
-5376
-5794
-5946
-5846
-5519
-4996
-4313
-3509
-2620
-1683
-729
213
1120
1973
2752
3441
4025
4489
4817
4993
5002
4833
4476
3927
3193
2285
1228
59
-1178
-2428
-3628
-4712
-5614
-6272
-6634
-6662
-6335
-5651
-4634
-3325
-1791
-113
1612
3284
4799
6058
6980
7500
7580
7208
6405
5217
3720
2010
199
-1594
-3254
-4670
-5754
-6437
-6684
-6488
-5876
-4905
-3657
-2233
-744
694
1975
3008
3723
4079
4066
3705
3048
2169
1163
132
-818
-1594
-2118
-2334
-2218
-1776
-1048
-101
974
2073
3084
3896
4414
4564
4304
3621
2542
1129
-526
-2306
-4078
-5703
-7047
-7992
-8449
-8358
-7701
-6502
-4823
-2765
-455
1955
4309
6449
8234
9543
10292
10432
9959
8907
7351
5396
3174
828
-1494
-3653
-5525
-7012
-8048
-8597
-8662
-8275
-7496
-6407
-5102
-3679
-2234
-851
400
1472
2339
2995
3453
3741
3897
3959
3967
3951
3930
3908
3879
3820
3701
3488
3143
2639
1955
1089
55
-1112
-2361
-3623
-4820
-5869
-6687
-7202
-7358
-7122
-6485
-5467
-4119
-2514
-748
1069
2823
4400
5698
6636
7156
7231
6868
6105
5008
3667
2186
679
-743
-1981
-2954
-3604
-3904
-3857
-3495
-2876
-2077
-1188
-305
481
1096
1479
1596
1440
1030
411
-351
-1178
-1984
-2682
-3199
-3473
-3468
-3169
-2590
-1768
-762
351
1489
2565
3498
4220
4681
4855
4738
4350
3732
2942
2048
1124
239
-548
-1191
-1663
-1959
-2091
-2090
-2001
-1874
-1764
-1717
-1768
-1937
-2222
-2602
-3035
-3463
-3816
-4021
-4007
-3716
-3108
-2169
-912
615
2339
4160
5957
7598
8953
9899
10334
10188
9424
8051
6120
3723
991
-1915
-4821
-7542
-9900
-11739
-12931
-13392
-13083
-12018
-10258
-7912
-5129
-2082
1036
4031
6721
8945
10576
11533
11777
11320
10220
8575
6517
4199
1784
-564
-2698
-4490
-5844
-6702
-7043
-6884
-6279
-5310
-4078
-2700
-1294
28
1169
2052
2627
2870
2788
2413
1798
1016
147
-723
-1514
-2154
-2585
-2771
-2692
-2353
-1778
-1007
-97
887
1876
2801
3595
4205
4585
4708
4561
4148
3489
2618
1582
436
-758
-1936
-3035
-3993
-4760
-5290
-5555
-5536
-5232
-4656
-3836
-2813
-1643
-387
882
2096
3182
4077
4726
5089
5143
4883
4325
3506
2480
1317
97
-1091
-2163
-3039
-3652
-3953
-3916
-3542
-2854
-1907
-773
454
1673
2779
3669
4257
4476
4288
3686
2696
1380
-174
-1851
-3523
-5053
-6311
-7178
-7565
-7412
-6700
-5452
-3733
-1644
677
3075
5379
7423
9052
10138
10589
10355
9438
7886
5794
3297
560
-2231
-4890
-7236
-9112
-10392
-10996
-10890
-10092
-8667
-6724
-4407
-1883
670
3078
5182
6850
7987
8539
8497
7896
6811
5349
3637
1816
26
-1605
-2970
-3991
-4621
-4848
-4696
-4215
-3481
-2583
-1615
-671
170
846
1318
1572
1616
1483
1222
891
552
262
68
0
68
262
552
891
1222
1483
1616
1572
1318
846
170
-671
-1615
-2583
-3481
-4215
-4696
-4848
-4621
-3991
-2970
-1605
26
1816
3637
5349
6811
7896
8497
8539
7987
6850
5182
3078
670
-1883
-4407
-6724
-8667
-10092
-10890
-10996
-10392
-9112
-7236
-4890
-2231
560
3297
5794
7886
9438
10355
10589
10138
9052
7423
5379
3075
677
-1644
-3733
-5452
-6700
-7412
-7565
-7178
-6311
-5053
-3523
-1851
-174
1380
2696
3686
4288
4476
4257
3669
2779
1673
454
-773
-1907
-2854
-3542
-3916
-3953
-3652
-3039
-2163
-1091
97
1317
2480
3506
4325
4883
5143
5089
4726
4077
3182
2096
882
-387
-1643
-2813
-3836
-4656
-5232
-5536
-5555
-5290
-4760
-3993
-3035
-1936
-758
436
1582
2618
3489
4148
4561
4708
4585
4205
3595
2801
1876
887
-97
-1007
-1778
-2353
-2692
-2771
-2585
-2154
-1514
-723
147
1016
1798
2413
2788
2870
2627
2052
1169
28
-1294
-2700
-4078
-5310
-6279
-6884
-7043
-6702
-5844
-4490
-2698
-564
1784
4199
6517
8575
10220
11320
11777
11533
10576
8945
6721
4031
1036
-2082
-5129
-7912
-10258
-12018
-13083
-13392
-12931
-11739
-9900
-7542
-4821
-1915
991
3723
6120
8051
9424
10188
10334
9899
8953
7598
5957
4160
2339
615
-912
-2169
-3108
-3716
-4007
-4021
-3816
-3463
-3035
-2602
-2222
-1937
-1768
-1717
-1764
-1874
-2001
-2090
-2091
-1959
-1663
-1191
-548
239
1124
2048
2942
3732
4350
4738
4855
4681
4220
3498
2565
1489
351
-762
-1768
-2590
-3169
-3468
-3473
-3199
-2682
-1984
-1178
-351
411
1030
1440
1596
1479
1096
481
-305
-1188
-2077
-2876
-3495
-3857
-3904
-3604
-2954
-1981
-743
679
2186
3667
5008
6105
6868
7231
7156
6636
5698
4400
2823
1069
-748
-2514
-4119
-5467
-6485
-7122
-7358
-7202
-6687
-5869
-4820
-3623
-2361
-1112
55
1089
1955
2639
3143
3488
3701
3820
3879
3908
3930
3951
3967
3959
3897
3741
3453
2995
2339
1472
400
-851
-2234
-3679
-5102
-6407
-7496
-8275
-8662
-8597
-8048
-7012
-5525
-3653
-1494
828
3174
5396
7351
8907
9959
10432
10292
9543
8234
6449
4309
1955
-455
-2765
-4823
-6502
-7701
-8358
-8449
-7992
-7047
-5703
-4078
-2306
-526
1129
2542
3621
4304
4564
4414
3896
3084
2073
974
-101
-1048
-1776
-2218
-2334
-2118
-1594
-818
132
1163
2169
3048
3705
4066
4079
3723
3008
1975
694
-744
-2233
-3657
-4905
-5876
-6488
-6684
-6437
-5754
-4670
-3254
-1594
199
2010
3720
5217
6405
7208
7580
7500
6980
6058
4799
3284
1612
-113
-1791
-3325
-4634
-5651
-6335
-6662
-6634
-6272
-5614
-4712
-3628
-2428
-1178
59
1228
2285
3193
3927
4476
4833
5002
4993
4817
4489
4025
3441
2752
1973
1120
213
-729
-1683
-2620
-3509
-4313
-4996
-5519
-5846
-5946
-5794
-5376
-4690
-3748
-2577
-1221
263
1810
3342
4778
6036
7042
7729
8049
7968
7476
6585
5332
3775
1989
66
-1890
-3776
-5488
-6930
-8023
-8704
0
0
0
0
0
0
0
0
0
0
0
0
0
0
0
0
0
0
0
0
0
0
0
0
0
0
0
0
0
0
0
0
0
0
0
0
0
0
0
0
0
0
0
0
0
0
0
0
0
0
0
0
0
0
0
0
0
0
0
0
0
0
0
0
0
0
0
2978
2946
2848
2678
2429
2094
1665
1142
529
-160
-906
-1679
-2439
-3142
-3743
-4195
-4457
-4497
-4295
-3846
-3161
-2270
-1218
-65
1121
2266
3295
4141
4746
5069
5087
4799
4226
3409
2407
1290
137
-972
-1964
-2773
-3352
-3671
-3722
-3518
-3092
-2494
-1784
-1030
-299
345
854
1189
1334
1290
1076
728
295
-164
-594
-938
-1149
-1192
-1051
-727
-239
376
1070
1782
2449
3008
3402
3588
3535
3234
2692
1935
1007
-34
-1125
-2196
-3178
-4009
-4637
-5024
-5148
-5005
-4604
-3973
-3148
-2179
-1116
-15
1071
2097
3019
3803
4426
4870
5125
5189
5064
4756
4275
3634
2847
1934
918
-174
-1310
-2449
-3548
-4557
-5425
-6097
-6526
-6668
-6492
-5980
-5133
-3973
-2542
-904
857
2647
4357
5881
7113
7963
8361
8264
7658
6566
5045
3181
1091
-1091
-3221
-5152
-6750
-7901
-8519
-8558
-8010
-6912
-5338
-3402
-1241
987
3122
5008
6508
7515
7957
7808
7085
5848
4197
2261
190
-1855
-3723
-5274
-6398
-7018
-7100
-6652
-5724
-4401
-2800
-1053
696
2313
3676
4690
5292
5455
5194
4556
3619
2485
1268
84
-961
-1779
-2308
-2517
-2409
-2020
-1415
-680
85
782
1313
1603
1600
1284
668
-200
-1247
-2371
-3458
-4392
-5061
-5373
-5264
-4701
-3694
-2289
-571
1345
3323
5214
6872
8160
8968
9221
8881
7958
6504
4610
2403
32
-2341
-4557
-6470
-7955
-8926
-9332
-9168
-8470
-7313
-5801
-4063
-2233
-446
1175
2533
3557
4215
4507
4468
4161
3672
3095
2525
2050
1736
1624
1726
2021
2457
2958
3431
3776
3896
3707
3151
2200
867
-799
-2711
-4748
-6765
-8605
-10109
-11133
-11558
-11301
-10328
-8652
-6343
-3517
-335
3009
6306
9337
11900
13816
14948
15211
14575
13074
10799
7892
4540
958
-2623
-5977
-8894
-11199
-12758
-13494
-13385
-12468
-10834
-8620
-5997
-3160
-308
2365
4688
6523
7773
8387
8366
7754
6640
5142
3403
1575
-190
-1757
-3011
-3868
-4281
-4242
-3778
-2951
-1848
-577
744
2001
3085
3904
4393
4512
4251
3631
2698
1522
188
-1207
-2568
-3801
-4825
-5576
-6007
-6097
-5846
-5276
-4426
-3352
-2121
-803
527
1803
2962
3954
4740
5294
5606
5678
5521
5158
4617
3932
3138
2271
1366
454
-436
-1280
-2057
-2750
-3345
-3832
-4204
-4454
-4579
-4578
-4452
-4202
-3835
-3357
-2778
-2112
-1372
-578
250
1092
1923
2719
3454
4103
4644
5053
5312
5405
5319
5048
4589
3949
3139
2178
1093
-82
-1309
-2541
-3728
-4817
-5758
-6498
-6995
-7212
-7122
-6714
-5990
-4967
-3681
-2183
-536
1181
2887
4493
5914
7070
7892
8328
8345
7933
7106
5902
4382
2624
726
-1207
-3068
-4749
-6153
-7200
-7828
-8003
-7716
-6987
-5863
-4415
-2734
-925
899
2626
4150
5379
6240
6684
6691
6266
5446
4288
2875
1303
-322
-1894
-3308
-4473
-5316
-5784
-5850
-5515
-4806
-3772
-2488
-1039
475
1953
3298
4419
5243
5718
5811
5518
4859
3878
2639
1224
-273
-1758
-3132
-4305
-5203
-5765
-5957
-5765
-5203
-4305
-3132
-1758
-273
1224
2639
3878
4859
5518
5811
5718
5243
4419
3298
1953
475
-1039
-2488
-3772
-4806
-5515
-5850
-5784
-5316
-4473
-3308
-1894
-322
1303
2875
4288
5446
6266
6691
6684
6240
5379
4150
2626
899
-925
-2734
-4415
-5863
-6987
-7716
-8003
-7828
-7200
-6153
-4749
-3068
-1207
726
2624
4382
5902
7106
7933
8345
8328
7892
7070
5914
4493
2887
1181
-536
-2183
-3681
-4967
-5990
-6714
-7122
-7212
-6995
-6498
-5758
-4817
-3728
-2541
-1309
-82
1093
2178
3139
3949
4589
5048
5319
5405
5312
5053
4644
4103
3454
2719
1923
1092
250
-578
-1372
-2112
-2778
-3357
-3835
-4202
-4452
-4578
-4579
-4454
-4204
-3832
-3345
-2750
-2057
-1280
-436
454
1366
2271
3138
3932
4617
5158
5521
5678
5606
5294
4740
3954
2962
1803
527
-803
-2121
-3352
-4426
-5276
-5846
-6097
-6007
-5576
-4825
-3801
-2568
-1207
188
1522
2698
3631
4251
4512
4393
3904
3085
2001
744
-577
-1848
-2951
-3778
-4242
-4281
-3868
-3011
-1757
-190
1575
3403
5142
6640
7754
8366
8387
7773
6523
4688
2365
-308
-3160
-5997
-8620
-10834
-12468
-13385
-13494
-12758
-11199
-8894
-5977
-2623
958
4540
7892
10799
13074
14575
15211
14948
13816
11900
9337
6306
3009
-335
-3517
-6343
-8652
-10328
-11301
-11558
-11133
-10109
-8605
-6765
-4748
-2711
-799
867
2200
3151
3707
3896
3776
3431
2958
2457
2021
1726
1624
1736
2050
2525
3095
3672
4161
4468
4507
4215
3557
2533
1175
-446
-2233
-4063
-5801
-7313
-8470
-9168
-9332
-8926
-7955
-6470
-4557
-2341
32
2403
4610
6504
7958
8881
9221
8968
8160
6872
5214
3323
1345
-571
-2289
-3694
-4701
-5264
-5373
-5061
-4392
-3458
-2371
-1247
-200
668
1284
1600
1603
1313
782
85
-680
-1415
-2020
-2409
-2517
-2308
-1779
-961
84
1268
2485
3619
4556
5194
5455
5292
4690
3676
2313
696
-1053
-2800
-4401
-5724
-6652
-7100
-7018
-6398
-5274
-3723
-1855
190
2261
4197
5848
7085
7808
7957
7515
6508
5008
3122
987
-1241
-3402
-5338
-6912
-8010
-8558
-8519
-7901
-6750
-5152
-3221
-1091
1091
3181
5045
6566
7658
8264
8361
7963
7113
5881
4357
2647
857
-904
-2542
-3973
-5133
-5980
-6492
-6668
-6526
-6097
-5425
-4557
-3548
-2449
-1310
-174
918
1934
2847
3634
4275
4756
5064
5189
5125
4870
4426
3803
3019
2097
1071
-15
-1116
-2179
-3148
-3973
-4604
-5005
-5148
-5024
-4637
-4009
-3178
-2196
-1125
-34
1007
1935
2692
3234
3535
3588
3402
3008
2449
1782
1070
376
-239
-727
-1051
-1192
-1149
-938
-594
-164
295
728
1076
1290
1334
1189
854
345
-299
-1030
-1784
-2494
-3092
-3518
-3722
-3671
-3352
-2773
-1964
-972
137
1290
2407
3409
4226
4799
5087
5069
4746
4141
3295
2266
1121
-65
-1218
-2270
-3161
-3846
-4295
-4497
-4457
-4195
-3743
-3142
-2439
-1679
-906
-160
529
1142
1665
2094
2429
2678
2848
2946
0
0
0
0
0
0
0
0
0
0
0
0
0
0
0
0
0
0
0
0
0
0
0
0
0
0
0
0
0
0
0
0
0
0
0
0
0
0
0
0
0
0
0
0
0
0
0
0
0
0
0
0
0
0
0
0
0
0
0
0
0
0
0
0
0
0
0
5957
5874
5624
5204
4613
3850
2920
1835
617
-699
-2070
-3438
-4738
-5898
-6846
-7514
-7844
-7796
-7346
-6497
-5279
-3745
-1973
-60
1881
3737
5393
6745
7707
8221
8255
7815
6934
5679
4140
2428
661
-1040
-2566
-3821
-4736
-5271
-5415
-5192
-4651
-3868
-2931
-1938
-984
-154
482
884
1034
943
650
214
-289
-776
-1165
-1383
-1376
-1111
-585
175
1119
2171
3237
4215
5006
5518
5681
5449
4808
3781
2420
811
-938
-2704
-4358
-5775
-6848
-7492
-7657
-7327
-6524
-5310
-3775
-2034
-217
1540
3112
4389
5288
5759
5787
5396
4644
3616
2419
1170
-12
-1023
-1776
-2212
-2306
-2065
-1533
-781
97
996
1805
2422
2763
2769
2414
1705
686
-566
-1953
-3356
-4648
-5711
-6436
-6742
-6580
-5935
-4834
-3340
-1548
419
2427
4332
6000
7312
8177
8535
8367
7691
6562
5067
3318
1440
-433
-2179
-3687
-4872
-5676
-6075
-6079
-5725
-5079
-4223
-3248
-2247
-1306
-494
139
568
793
837
744
571
381
239
198
301
569
1001
1573
2241
2943
3608
4157
4520
4635
4459
3971
3179
2115
839
-569
-2018
-3404
-4626
-5595
-6238
-6505
-6376
-5862
-5000
-3859
-2523
-1096
317
1616
2709
3526
4024
4185
4023
3582
2925
2134
1302
519
-130
-580
-785
-730
-426
87
747
1470
2163
2732
3087
3159
2900
2292
1349
118
-1322
-2871
-4411
-5814
-6957
-7730
-8047
-7850
-7120
-5877
-4182
-2129
155
2525
4823
6894
8593
9800
10427
10425
9789
8555
6803
4645
2224
-303
-2772
-5026
-6923
-8350
-9226
-9509
-9202
-8342
-7007
-5303
-3357
-1307
706
2551
4115
5310
6076
6389
6258
5721
4846
3718
2436
1105
-174
-1313
-2239
-2899
-3268
-3342
-3144
-2715
-2111
-1401
-655
58
678
1158
1466
1588
1530
1313
974
558
118
-294
-631
-853
-936
-868
-656
-320
104
569
1024
1412
1682
1790
1705
1412
914
234
-586
-1491
-2411
-3268
-3984
-4484
-4704
-4597
-4136
-3320
-2172
-744
888
2631
4373
5996
7380
8415
9007
9084
8606
7564
5989
3946
1534
-1115
-3855
-6520
-8944
-10969
-12453
-13285
-13388
-12729
-11320
-9220
-6532
-3398
7
3492
6853
9891
12423
14294
15388
15634
15011
13554
11344
8511
5222
1670
-1936
-5386
-8481
-11047
-12945
-14077
-14396
-13906
-12659
-10753
-8323
-5534
-2565
397
3179
5622
7595
9007
9805
9979
9560
8615
7243
5564
3711
1819
16
-1585
-2895
-3852
-4424
-4611
-4439
-3963
-3251
-2389
-1463
-559
246
890
1331
1545
1529
1303
902
373
-226
-838
-1402
-1868
-2196
-2356
-2336
-2135
-1770
-1265
-656
15
707
1376
1983
2497
2892
3152
3268
3241
3078
2791
2397
1914
1364
766
142
-488
-1108
-1698
-2239
-2715
-3108
-3401
-3578
-3625
-3531
-3291
-2905
-2378
-1725
-969
-141
721
1575
2375
3074
3629
4002
4166
4103
3812
3305
2608
1763
820
-159
-1113
-1978
-2697
-3220
-3512
-3555
-3348
-2907
-2267
-1477
-596
306
1164
1910
2488
2853
2978
2853
2488
1910
1164
306
-596
-1477
-2267
-2907
-3348
-3555
-3512
-3220
-2697
-1978
-1113
-159
820
1763
2608
3305
3812
4103
4166
4002
3629
3074
2375
1575
721
-141
-969
-1725
-2378
-2905
-3291
-3531
-3625
-3578
-3401
-3108
-2715
-2239
-1698
-1108
-488
142
766
1364
1914
2397
2791
3078
3241
3268
3152
2892
2497
1983
1376
707
15
-656
-1265
-1770
-2135
-2336
-2356
-2196
-1868
-1402
-838
-226
373
902
1303
1529
1545
1331
890
246
-559
-1463
-2389
-3251
-3963
-4439
-4611
-4424
-3852
-2895
-1585
16
1819
3711
5564
7243
8615
9560
9979
9805
9007
7595
5622
3179
397
-2565
-5534
-8323
-10753
-12659
-13906
-14396
-14077
-12945
-11047
-8481
-5386
-1936
1670
5222
8511
11344
13554
15011
15634
15388
14294
12423
9891
6853
3492
7
-3398
-6532
-9220
-11320
-12729
-13388
-13285
-12453
-10969
-8944
-6520
-3855
-1115
1534
3946
5989
7564
8606
9084
9007
8415
7380
5996
4373
2631
888
-744
-2172
-3320
-4136
-4597
-4704
-4484
-3984
-3268
-2411
-1491
-586
234
914
1412
1705
1790
1682
1412
1024
569
104
-320
-656
-868
-936
-853
-631
-294
118
558
974
1313
1530
1588
1466
1158
678
58
-655
-1401
-2111
-2715
-3144
-3342
-3268
-2899
-2239
-1313
-174
1105
2436
3718
4846
5721
6258
6389
6076
5310
4115
2551
706
-1307
-3357
-5303
-7007
-8342
-9202
-9509
-9226
-8350
-6923
-5026
-2772
-303
2224
4645
6803
8555
9789
10425
10427
9800
8593
6894
4823
2525
155
-2129
-4182
-5877
-7120
-7850
-8047
-7730
-6957
-5814
-4411
-2871
-1322
118
1349
2292
2900
3159
3087
2732
2163
1470
747
87
-426
-730
-785
-580
-130
519
1302
2134
2925
3582
4023
4185
4024
3526
2709
1616
317
-1096
-2523
-3859
-5000
-5862
-6376
-6505
-6238
-5595
-4626
-3404
-2018
-569
839
2115
3179
3971
4459
4635
4520
4157
3608
2943
2241
1573
1001
569
301
198
239
381
571
744
837
793
568
139
-494
-1306
-2247
-3248
-4223
-5079
-5725
-6079
-6075
-5676
-4872
-3687
-2179
-433
1440
3318
5067
6562
7691
8367
8535
8177
7312
6000
4332
2427
419
-1548
-3340
-4834
-5935
-6580
-6742
-6436
-5711
-4648
-3356
-1953
-566
686
1705
2414
2769
2763
2422
1805
996
97
-781
-1533
-2065
-2306
-2212
-1776
-1023
-12
1170
2419
3616
4644
5396
5787
5759
5288
4389
3112
1540
-217
-2034
-3775
-5310
-6524
-7327
-7657
-7492
-6848
-5775
-4358
-2704
-938
811
2420
3781
4808
5449
5681
5518
5006
4215
3237
2171
1119
175
-585
-1111
-1376
-1383
-1165
-776
-289
214
650
943
1034
884
482
-154
-984
-1938
-2931
-3868
-4651
-5192
-5415
-5271
-4736
-3821
-2566
-1040
661
2428
4140
5679
6934
7815
8255
8221
7707
6745
5393
3737
1881
-60
-1973
-3745
-5279
-6497
-7346
-7796
-7844
-7514
-6846
-5898
-4738
-3438
-2070
-699
617
1835
2920
3850
4613
5204
5624
5874
0
0
0
0
0
0
0
0
0
0
0
0
0
0
0
0
0
0
0
0
0
0
0
0
0
0
0
0
0
0
0
0
0
0
0
0
0
0
0
0
0
0
0
0
0
0
0
0
0
0
0
0
0
0
0
0
0
0
0
0
0
0
0
0
0
0
0
