0
4278
8485
12550
16402
19973
23203
26035
28419
30314
31684
32507
32766
32456
31581
30156
28203
25758
22860
19561
15917
11991
7852
3573
-771
-5106
-9352
-13436
-17284
-20829
-24006
-26759
-29038
-30801
-32015
-32660
-32720
-32196
-31094
-29434
-27244
-24563
-21439
-17925
-14087
-9991
-5712
-1327
3083
7441
11667
15683
19415
22796
25762
28259
30239
31667
32514
32764
32412
31462
29931
27847
25247
22178
18696
14865
10755
6443
2009
-2465
-6896
-11201
-15299
-19113
-22570
-25606
-28162
-30190
-31650
-32514
-32764
-32394
-31411
-29832
-27686
-25012
-21861
-18292
-14372
-10175
-5781
-1274
3259
7733
12062
16161
19951
23359
26318
28771
30668
31973
32659
32711
32127
30919
29107
26727
23823
20452
16679
12577
8226
3711
-879
-5455
-9926
-14204
-18204
-21846
-25058
-27775
-29942
-31516
-32464
-32766
-32415
-31417
-29790
-27567
-24790
-21514
-17805
-13736
-9388
-4849
-209
4437
8997
13377
17489
21248
24578
27411
29687
31359
32393
32765
32468
31507
29899
27676
24884
21579
17828
13707
9301
4700
0
-4703
-9311
-13729
-17864
-21629
-24947
-27746
-29968
-31566
-32503
-32761
-32332
-31225
-29460
-27076
-24119
-20653
-16748
-12488
-7961
-3263
1506
6246
10856
15238
19298
22949
26112
28719
30713
32051
32702
32651
31900
30461
28366
25658
22395
18646
14492
10022
5332
524
-4298
-9029
-13567
-17811
-21669
-25055
-27896
-30127
-31699
-32577
-32739
-32182
-30916
-28967
-26379
-23206
-19519
-15397
-10932
-6222
-1372
3511
8320
12945
17284
21240
24723
27655
29968
31611
32545
32748
32214
30954
28995
26381
23169
19431
15252
10724
5950
1038
-3899
-8751
-13405
-17757
-21705
-25159
-28038
-30277
-31822
-32637
-32702
-32014
-30588
-28456
-25665
-22280
-18377
-14047
-9388
-4509
477
5455
10308
14924
19194
23018
26305
28979
30974
32243
32756
32498
31476
29711
27244
24133
20449
16280
11722
6884
1880
-3170
-8148
-12935
-17416
-21484
-25041
-28000
-30291
-31856
-32659
-32677
-31909
-30373
-28105
-25157
-21600
-17520
-13013
-8189
-3163
1941
7001
11893
16499
20705
24407
27516
29953
31659
32589
32721
32049
30590
28377
25463
21921
17836
13307
8448
3377
-1780
-6896
-11843
-16499
-20746
-24479
-27603
-30040
-31727
-32621
-32699
-31957
-30413
-28105
-25088
-21439
-17247
-12618
-7668
-2522
2689
7836
12787
17416
21605
25247
28248
30530
32035
32723
32574
31592
29801
27244
23987
20112
15718
10917
5832
595
-4660
-9798
-14685
-19194
-23208
-26622
-29345
-31307
-32455
-32757
-32206
-30813
-28614
-25665
-22043
-17841
-13169
-8148
-2911
2405
7661
12717
17440
21705
25397
28419
30689
32146
32750
32483
31352
29385
26633
23169
19084
14487
9500
4255
-1105
-6439
-11603
-16457
-20870
-24723
-27911
-30346
-31961
-32712
-32578
-31559
-29684
-27001
-23582
-19519
-14922
-9916
-4636
771
6162
11386
16301
20770
24671
27896
30354
31977
32719
32558
31498
29565
26813
23317
19172
14492
9407
4058
-1405
-6833
-12073
-16978
-21411
-25247
-28377
-30713
-32188
-32760
-32410
-31148
-29007
-26047
-22351
-18021
-13179
-7961
-2516
3003
8440
13640
18454
22745
26389
29282
31340
32503
32737
32033
30409
27913
24613
20604
16000
10932
5547
0
-5550
-10942
-16021
-20637
-24657
-27963
-30458
-32068
-32745
-32468
-31244
-29107
-26118
-22364
-17952
-13013
-7689
-2137
3479
8997
14252
19090
23367
26955
29748
31662
32640
32650
31691
29790
27003
23411
19119
14256
8965
3403
-2262
-7862
-13230
-18204
-22633
-26385
-29345
-31423
-32556
-32707
-31871
-30072
-27362
-23823
-19561
-14703
-9397
-3803
1908
7565
12994
18030
22517
26318
29316
31419
32559
32702
31841
30001
27238
23635
19302
14372
8996
3339
-2422
-8112
-13553
-18577
-23026
-26761
-29667
-31650
-32648
-32629
-31591
-29565
-26615
-22829
-18327
-13249
-7752
-2009
3799
9491
14886
19815
24120
27666
30338
32052
32751
32412
31044
28690
25423
21345
16586
11295
5642
-193
-6025
-11667
-16938
-21669
-25706
-28920
-31206
-32489
-32726
-31909
-30063
-27244
-23544
-19081
-13998
-8460
-2644
3259
9060
14569
19606
24006
27626
30346
32075
32756
32366
30916
28451
25051
20827
15917
10480
4696
-1244
-7147
-12817
-18065
-22719
-26622
-29644
-31684
-32674
-32578
-31398
-29173
-25975
-21909
-17110
-11737
-5969
0
5972
11747
17130
21941
26016
29217
31436
32596
32657
31615
29504
26395
22390
17625
12260
6476
470
-5554
-11392
-16845
-21726
-25867
-29127
-31393
-32585
-32662
-31619
-29491
-26349
-22301
-17483
-12062
-6222
-166
5898
11762
17222
22088
26191
29387
31566
32648
32597
31411
29131
25835
21636
16679
11138
5205
-912
-7001
-12847
-18244
-23003
-26955
-29960
-31912
-32739
-32412
-30940
-28374
-24803
-20353
-15179
-9465
-3413
2763
8843
14612
19863
24407
28083
30758
32334
32755
32003
30103
27124
23169
18381
12929
7010
836
-5370
-11386
-16993
-21989
-26191
-29446
-31636
-32680
-32538
-31214
-28754
-25247
-20819
-15630
-9868
-3744
2518
8692
14551
19879
24480
28184
30855
32393
32739
31880
29845
26709
22585
17625
12011
5950
-333
-6607
-12639
-18204
-23094
-27128
-30152
-32055
-32763
-32248
-30528
-27666
-23767
-18976
-13473
-7461
-1167
5173
11322
17047
22132
26385
29644
31785
32724
32427
30901
28203
24435
19738
14288
8294
1981
-4409
-10635
-16457
-21654
-26025
-29402
-31656
-32697
-32485
-31027
-28377
-24634
-19943
-14481
-8460
-2109
4324
10594
16457
21686
26077
29459
31699
32710
32451
30929
28203
24378
19601
14056
7961
1552
-4919
-11201
-17047
-22227
-26537
-29806
-31906
-32751
-32307
-30590
-27666
-23648
-18696
-13002
-6791
-309
6187
12441
18204
23246
27366
30398
32222
32762
31995
29951
26709
22398
17189
11289
4935
-1619
-8112
-14281
-19879
-24678
-28486
-31147
-32552
-32643
-31416
-28917
-25247
-20553
-15023
-8882
-2378
4225
10659
16662
21989
26421
29777
31918
32756
32254
30432
27362
23169
18024
12137
5748
-879
-7473
-13762
-19485
-24407
-28323
-31070
-32533
-32650
-31414
-28875
-25136
-20353
-14721
-8475
-1874
4807
11292
17307
22602
26955
30182
32146
32765
32010
29911
26556
22083
16679
10571
4016
-2711
-9326
-15551
-21121
-25799
-29387
-31732
-32732
-32344
-30582
-27520
-23286
-18060
-12062
-5547
1206
7911
14280
20041
24947
28786
31393
32653
32513
30975
28105
24024
18906
12972
6476
-301
-7069
-13534
-19415
-24458
-28443
-31196
-32596
-32580
-31148
-28360
-24336
-19250
-13322
-6811
0
6813
13332
19269
24364
28393
31178
32594
32578
31129
28309
24241
19103
13120
6555
-301
-7147
-13680
-19609
-24671
-28641
-31340
-32648
-32505
-30916
-27948
-23735
-18460
-12360
-5706
1206
8067
14569
20421
25359
29162
31656
32728
32328
30473
27244
22786
17298
11027
4255
-2711
-9557
-15974
-21669
-26383
-29901
-32062
-32766
-31979
-29736
-26137
-21345
-15577
-9095
-2195
4807
11593
17850
23291
27666
30771
32464
32665
31362
28614
24546
19345
13249
6538
-477
-7473
-14125
-20126
-25196
-29098
-31650
-32732
-32292
-30349
-26991
-22374
-16712
-10266
-3339
3746
10659
17076
22694
27251
30530
32377
32702
31489
28793
24740
19519
13375
6597
-494
-7565
-14281
-20323
-25404
-29282
-31772
-32753
-32178
-30072
-26533
-21729
-15887
-9285
-2238
4919
11843
18204
23695
28052
31066
32589
32548
30942
27847
23411
17845
11416
4435
-2763
-9830
-16425
-22227
-26955
-30378
-32330
-32713
-31507
-28769
-24631
-19293
-13013
-6096
1120
8285
15047
21076
26077
29802
32068
32763
31850
29372
25451
20276
14101
7230
0
-7232
-14111
-20295
-25478
-29402
-31872
-32764
-32033
-29711
-25913
-20827
-14703
-7845
-595
6688
13640
19914
25196
29220
31785
32759
32093
29819
26047
20967
14832
7950
664
-6656
-13645
-19948
-25247
-29273
-31822
-32763
-32046
-29706
-25861
-20703
-14492
-7543
-209
7138
14125
20396
25629
29557
31977
32766
31880
29363
25342
20022
13674
6622
-771
-8129
-15071
-21240
-26318
-30042
-32219
-32734
-31559
-28754
-24461
-18901
-12360
-5177
2276
9615
16457
22447
27271
30678
32489
32608
31026
27825
23169
17302
10527
3199
-4298
-11573
-18244
-23960
-28419
-31387
-32705
-32302
-30198
-26501
-21406
-15179
-8148
-684
6817
13962
20369
25700
29668
32064
32757
31710
28975
24698
19103
12488
5205
-2358
-9798
-16717
-22745
-27557
-30894
-32577
-32513
-30703
-27244
-22319
-16192
-9191
-1693
5898
13175
19743
25247
29388
31941
32765
31816
29141
24884
19276
12618
5272
-2362
-9871
-16845
-22903
-27714
-31014
-32621
-32445
-30495
-26875
-21781
-15492
-8351
-749
6896
14165
20658
26016
29942
32220
32721
31417
28377
23767
17841
10926
3403
-4310
-11787
-18613
-24407
-28847
-31684
-32759
-32010
-29476
-25298
-19707
-13013
-5590
2148
9769
16845
22980
27828
31116
32659
32366
30254
26438
21133
14635
7310
-430
-8148
-15409
-21801
-26962
-30598
-32502
-32563
-30778
-27244
-22162
-15818
-8572
-836
6950
14343
20920
26305
30190
32350
32661
31103
27762
22829
16586
9388
1649
-6187
-13670
-20369
-25898
-29936
-32249
-32702
-31267
-28024
-23161
-16955
-9766
-2009
5867
13405
20168
25762
29860
32222
32709
31291
28049
23169
16936
9711
1916
-5992
-13553
-20323
-25904
-29968
-32275
-32687
-31179
-27837
-22855
-16527
-9222
-1372
6562
14111
20829
26318
30252
32397
32623
30916
27374
22206
15718
8294
373
-7571
-15067
-21669
-26980
-30683
-32556
-32483
-30469
-26631
-21197
-14492
-6916
1077
9009
16402
22811
27851
31216
32702
32218
29790
25564
19793
12824
5078
-2978
-10856
-18080
-24210
-28873
-31785
-32766
-31757
-28816
-24119
-17952
-10689
-2772
5316
13083
20053
25799
29968
32304
32662
31017
27469
22233
15630
8064
0
-8067
-15639
-22251
-27492
-31038
-32669
-32282
-29899
-25665
-19840
-12785
-4935
3223
11185
18454
24578
29176
31960
32754
31507
28295
23317
16881
9388
1306
-6859
-14599
-21426
-26913
-30713
-32587
-32415
-30206
-26096
-20343
-13307
-5431
2789
10837
18204
24423
29100
31937
32755
31498
28244
23199
16679
9099
938
-7285
-15047
-21854
-27271
-30951
-32659
-32282
-29844
-25497
-19519
-12290
-4271
4023
12062
19330
25359
29762
32252
32670
30984
27303
21861
15008
7184
-1105
-9326
-16947
-23474
-28484
-31650
-32766
-31757
-28687
-23753
-17274
-9670
-1435
6896
14781
21705
27215
30951
32666
32248
29720
25247
19119
11737
3583
-4807
-12886
-20121
-26035
-30239
-32455
-32534
-30469
-26395
-20578
-13400
-5336
3083
11302
18775
25007
29584
32200
32681
30992
27244
21684
14679
6695
-1736
-10055
-17706
-24178
-29038
-31959
-32744
-31340
-27837
-22468
-15592
-7668
771
9163
16942
23583
28641
31772
32764
31548
28203
22955
16155
8261
-193
-8637
-16499
-23246
-28419
-31667
-32766
-31641
-28366
-23161
-16378
-8479
0
8482
16388
23178
28387
31659
32766
31633
28334
23092
16267
8323
-193
-8699
-16610
-23382
-28547
-31748
-32764
-31521
-28105
-22748
-15818
-7793
771
9287
17161
23850
28887
31923
32744
31292
27666
22114
15023
6884
-1736
-10238
-18030
-24565
-29387
-32158
-32681
-30919
-26991
-21173
-13868
-5590
3083
11543
19194
25499
30012
32414
32534
30361
26047
19895
12336
3903
-4807
-13181
-20625
-26610
-30711
-32637
-32248
-29569
-24790
-18247
-10405
-1820
6896
15124
22277
27843
31423
32760
31757
28483
23169
16196
8060
-655
-9326
-17331
-24094
-29127
-32068
-32703
-30984
-27033
-21133
-13707
-5289
3511
12062
19743
25999
30374
32552
32371
29844
25150
18630
10754
2094
-6719
-15047
-22282
-27896
-31478
-32765
-31661
-28244
-22763
-15616
-7324
1506
10228
18204
24847
29668
32313
32585
30461
26096
19809
12062
3423
-5469
-13962
-21426
-27310
-31178
-32740
-31881
-28661
-23317
-16242
-7961
912
9721
17811
24578
29519
32265
32608
30520
26157
19840
12041
3339
-5613
-14150
-21629
-27492
-31296
-32755
-31758
-28377
-22863
-15630
-7219
1736
10564
18599
25234
29968
32443
32468
30041
25342
18725
10689
1842
-7147
-15598
-22868
-28404
-31785
-32751
-31227
-27327
-21345
-13736
-5078
3969
12717
20496
26712
30887
32702
32014
28875
23522
16364
7950
-1077
-10024
-18204
-24986
-29848
-32414
-32483
-30050
-25298
-18593
-10451
-1499
7571
16058
23305
28750
31969
32711
30916
26720
20449
12587
3744
-5391
-14111
-21734
-27666
-31442
-32766
-31533
-27837
-21964
-14372
-5653
3510
12401
20323
26654
30894
32710
31957
28692
23169
15822
7226
-1941
-10958
-19113
-25762
-30378
-32596
-32237
-29328
-24096
-16955
-8469
691
9799
18132
25028
29936
32465
32412
29778
24772
17791
9388
234
-8940
-17404
-24479
-29598
-32350
-32513
-30072
-25219
-18342
-9991
-836
8388
16942
24135
29387
32275
32563
30226
25451
18620
10283
1113
-8148
-16754
-24006
-29316
-32252
-32574
-30254
-25477
-18630
-10266
-1066
8222
16845
24098
29390
32286
32549
30156
25298
18372
9941
695
-8610
-17213
-24407
-29603
-32371
-32482
-29925
-24908
-17841
-9305
0
9307
17850
24924
29942
32491
32356
29546
24293
17028
8351
-1019
-10308
-18745
-25629
-30386
-32621
-32145
-28995
-23432
-15917
-7073
2362
11603
19879
26497
30903
32728
31816
28241
22301
14491
5464
-4023
-13175
-21224
-27492
-31451
-32766
-31324
-27244
-20868
-12732
-3519
5992
15001
22745
28568
31977
32682
30619
25962
19103
10622
1238
-8253
-17047
-24394
-29668
-32420
-32412
-29643
-24347
-16973
-8148
1373
10781
19269
26112
30723
32705
31886
28334
22351
14449
5304
-4298
-13534
-21608
-27826
-31650
-32749
-31026
-26627
-19930
-11510
-2094
7504
16457
23989
29446
32355
32460
29752
24461
17046
8148
-1459
-10942
-19477
-26318
-30870
-32732
-31742
-27983
-21780
-13674
-4371
5316
14541
22496
28484
31977
32669
30495
25645
18541
9807
209
-9410
-18204
-25397
-30356
-32640
-32046
-28625
-22675
-14721
-5464
4278
13645
21806
28038
31787
32719
30748
26047
19032
10324
695
-8997
-17892
-25196
-30256
-32621
-32077
-28669
-22701
-14703
-5389
4409
13816
21989
28193
31872
32694
30582
25725
18555
9715
0
-9718
-18563
-25739
-30598
-32699
-31850
-28126
-21861
-13619
-4144
5708
15047
23026
28920
32194
32549
29951
24631
17073
7961
-1876
-11547
-20168
-26955
-31287
-32766
-31257
-26894
-20073
-11416
-1713
8148
17267
24807
30076
32589
32113
28690
22632
14492
5018
-4919
-14407
-22570
-28657
-32104
-32591
-30072
-24775
-17189
-8012
1907
11653
20323
27113
31393
32763
31094
26539
19519
10683
852
-9060
-18132
-25519
-30530
-32697
-31816
-27965
-21503
-13031
-3339
6667
16052
23938
29584
32459
32292
29097
23169
15065
5543
-4501
-14125
-22423
-28612
-32108
-32578
-29977
-24546
-16798
-7461
2582
12385
21019
27666
31694
32721
30647
25665
18247
9095
-923
-10856
-19760
-26786
-31264
-32766
-31146
-26556
-19431
-10451
-470
9557
18675
26008
30855
32749
31507
27244
20368
11537
1595
-8501
-17784
-25359
-30497
-32702
-31758
-27754
-21074
-12360
-2451
7696
17103
24860
30215
32648
31922
28105
21563
12929
3039
-7147
-16643
-24525
-30025
-32607
-32016
-28309
-21844
-13249
-3359
6859
16412
24364
29939
32588
32050
28377
21924
13322
3413
-6833
-16412
-24382
-29960
-32596
-32028
-28309
-21804
-13150
-3199
7069
16643
24578
30089
32630
31946
28105
21482
12732
2719
-7565
-17103
-24947
-30318
-32680
-31797
-27754
-20951
-12062
-1970
8320
17784
25478
30633
32732
31565
27244
20200
11134
952
-9326
-18675
-26154
-31014
-32765
-31228
-26556
-19215
-9941
333
10578
19760
26955
31436
32749
30759
25665
17979
8475
-1887
-12062
-21019
-27851
-31864
-32650
-30126
-24546
-16475
-6728
3703
13762
22423
28806
32258
32427
29291
23169
14683
4696
-5772
-15653
-23938
-29777
-32571
-32033
-28214
-21503
-12587
-2378
8077
17706
25519
30711
32748
31416
26850
19519
10175
-219
-10594
-19879
-27113
-31549
-32726
-30520
-25157
-17189
-7439
3083
13289
22119
28657
32222
32441
29289
23092
14492
4381
-6187
-16114
-24364
-30076
-32652
-31820
-27666
-20619
-11416
-1017
9491
19008
26537
31287
32757
30792
25595
17709
7961
-2625
-12939
-21894
-28547
-32194
-32451
-29286
-23032
-14346
-4144
6498
16457
24678
30291
32699
31644
27238
19943
10531
0
-10533
-19951
-27251
-31656
-32694
-30254
-24592
-16309
-6286
4409
14637
23305
29487
32519
32077
28203
21312
12137
1660
-8997
-18692
-26385
-31248
-32757
-30748
-25434
-17383
-7461
3266
13645
22556
29038
32390
32248
28625
21909
12824
2351
-8378
-18204
-26061
-31098
-32765
-30880
-25645
-17625
-7689
3083
13524
22496
29023
32393
32235
28565
21780
12618
2077
-8692
-18516
-26318
-31245
-32755
-30681
-25247
-17046
-6975
3863
14280
23132
29446
32527
32033
28015
20915
11510
836
-9932
-19609
-27125
-31650
-32682
-30103
-24198
-15616
-5304
5596
15880
24407
30232
32705
31550
26894
19250
9465
-1373
-12062
-21411
-28379
-32188
-32412
-29022
-22395
-13267
-2656
8253
18244
26197
31222
32754
30619
25054
16679
6433
-4537
-15001
-23783
-29895
-32648
-31731
-27244
-19690
-9916
976
11762
21224
28293
32170
32415
28997
22301
13080
2378
-8595
-18599
-26497
-31393
-32729
-30352
-24528
-15917
-5494
5554
15974
24578
30386
32734
31352
26395
18425
8351
-2679
-13405
-22602
-29217
-32491
-32046
-27932
-20616
-10936
0
10939
20625
27944
32055
32482
29173
22507
13249
2462
-8610
-18692
-26622
-31481
-32707
-30156
-24119
-15293
-4696
6446
16845
25296
30817
32766
30916
25477
17079
6695
-4468
-15115
-24006
-30106
-32702
-31489
-26606
-18620
-8460
2689
13528
22788
29387
32552
31909
27532
19930
9991
-1120
-12103
-21669
-28693
-32350
-32208
-28280
-21025
-11295
-234
10856
20671
28052
32127
32412
28871
21921
12379
1372
-9799
-19815
-27487
-31906
-32545
-29328
-22632
-13249
-2291
8940
19113
27016
31708
32629
29666
23169
13911
2992
-8285
-18577
-26654
-31549
-32677
-29899
-23544
-14372
-3477
7836
18214
26411
31442
32702
30037
23764
14635
3744
-7598
-18030
-26293
-31393
-32711
-30086
-23833
-14703
-3796
7571
18026
26305
31405
32707
30050
23753
14577
3632
-7754
-18204
-26446
-31479
-32688
-29925
-23522
-14256
-3253
8148
18560
26712
31608
32650
29706
23135
13736
2656
-8751
-19090
-27095
-31785
-32581
-29385
-22585
-13013
-1842
9557
19786
27585
31994
32468
28947
21861
12081
809
-10564
-20637
-28166
-32219
-32293
-28377
-20951
-10932
440
11762
21629
28819
32437
32033
27653
19840
9561
-1907
-13142
-22745
-29519
-32621
-31661
-26755
-18514
-7961
3586
14689
23960
30239
32740
31148
25658
16955
6128
-5469
-16384
-25247
-30944
-32759
-30461
-24336
-15151
-4058
7546
18204
26572
31595
32638
29565
22763
13087
1756
-9798
-20118
-27896
-32148
-32332
-28424
-20915
-10754
771
12203
22088
29171
32552
31797
27001
18769
8148
-3511
-14727
-24069
-30346
-32754
-30984
-25260
-16309
-5272
6439
17331
26008
31359
32696
29845
23169
13521
2137
-9523
-19964
-27843
-32146
-32318
-28334
-20703
-10405
1234
12717
22564
29503
32637
31559
26407
17841
6968
-4807
-15965
-25058
-30909
-32757
-30361
-24028
-14577
-3233
8533
19194
27364
31977
32433
28669
21173
10917
-762
-12345
-22321
-29387
-32619
-31592
-26438
-17828
-6884
4961
16161
25247
31028
32744
30168
23635
13998
2522
-9287
-19879
-27860
-32179
-32265
-28105
-20242
-9711
2101
13640
23382
30040
32733
31103
25362
16267
5018
-6896
-17901
-26537
-31659
-32585
-29190
-21921
-11741
0
11743
21929
29201
32589
31641
26480
17791
6728
-5233
-16499
-25566
-31222
-32709
-29826
-22955
-13013
-1327
10537
20994
28641
32450
31909
27088
18630
7668
-4324
-15739
-25041
-30976
-32744
-30105
-23411
-13561
-1880
10055
20637
28436
32397
31982
27244
18822
7852
-4182
-15653
-25007
-30974
-32743
-30072
-23319
-13400
-1660
10308
20879
28612
32455
31881
26966
18377
7282
-4807
-16245
-25468
-31216
-32702
-29720
-22675
-12528
-664
11292
21705
29147
32596
31576
26225
17274
5950
-6193
-17489
-26383
-31650
-32564
-28995
-21433
-10917
1105
12978
23064
29968
32737
30984
24950
15465
3839
-8320
-19330
-27666
-32170
-32217
-27796
-19519
-8531
3643
15314
24860
30951
32739
29972
23032
12884
938
-11141
-21669
-29176
-32613
-31498
-25982
-16835
-5332
6918
18204
26944
31912
32410
28366
20343
9465
-2743
-14569
-24351
-30713
-32759
-30198
-23387
-13283
-1306
10856
21492
29100
32604
31507
25962
16748
5166
-7147
-18454
-27152
-32008
-32332
-28076
-19840
-8789
3510
15314
24947
31038
32720
29752
22551
12140
0
-12143
-22559
-29762
-32723
-31017
-24884
-15198
-3339
8998
20053
28242
32393
31908
26854
17952
6476
-5930
-17489
-26541
-31785
-32465
-28481
-20402
-9388
2978
14918
24714
30951
32730
29790
22554
12062
-172
-12385
-22811
-29942
-32746
-30813
-24421
-14492
-2462
9926
20879
28806
32556
31581
26021
16679
4912
-7571
-18956
-27585
-32200
-32127
-27374
-18630
-7167
5342
17076
26318
31719
32485
28504
20353
9222
-3259
-15267
-25041
-31147
-32687
-29434
-21861
-11077
1334
13553
23783
30517
32764
30189
23169
12736
423
-11953
-22570
-29860
-32743
-30792
-24293
-14202
-2009
10483
21426
29201
32652
31267
25247
15482
3419
-9153
-20369
-28563
-32514
-31633
-26047
-16586
-4654
7973
19415
27967
32350
31910
26709
17520
5712
-6950
-18577
-27428
-32179
-32116
-27244
-18292
-6597
6088
17864
26962
32015
32263
27666
18910
7310
-5391
-17284
-26579
-31872
-32366
-27983
-19380
-7852
4862
16845
26287
31760
32433
28203
19707
8226
-4501
-16550
-26094
-31684
-32472
-28334
-19895
-8434
4310
16402
26003
31651
32486
28377
19946
8475
-4288
-16402
-26016
-31662
-32478
-28334
-19861
-8351
4437
16550
26133
31717
32445
28203
19638
8060
-4756
-16845
-26351
-31812
-32386
-27983
-19276
-7602
5243
17284
26666
31941
32293
27666
18769
6975
-5898
-17864
-27071
-32095
-32157
-27244
-18113
-6176
6719
18577
27557
32265
31968
26709
17302
5205
-7702
-19415
-28111
-32434
-31710
-26047
-16326
-4058
8843
20369
28719
32588
31368
25247
15179
2736
-10137
-21426
-29364
-32705
-30922
-24293
-13853
-1238
11573
22570
30025
32764
30353
23169
12339
-434
-13142
-23783
-30678
-32739
-29638
-21861
-10632
2276
14829
25041
31296
32604
28754
20353
8727
-4282
-16616
-26318
-31849
-32328
-27676
-18630
-6622
6439
18480
27585
32302
31880
26381
16679
4318
-8734
-20396
-28806
-32620
-31227
-24845
-14492
-1820
11144
22329
29942
32763
30335
23047
12062
-859
-13645
-24243
-30951
-32688
-29173
-20967
-9388
3703
16202
26094
31785
32354
27709
18593
6476
-6688
-18775
-27832
-32393
-31718
-25913
-15915
-3339
9779
21317
29402
32723
30737
23764
12933
0
-12935
-23772
-30745
-32720
-29372
-21243
-9654
3510
16105
26077
31798
32332
27590
18342
6096
-7147
-19226
-28162
-32493
-31507
-25362
-15061
-2291
10856
22227
29953
32765
30198
22670
11416
-1716
-14569
-25028
-31370
-32548
-28366
-19509
-7435
5867
18204
27539
32330
31782
25982
15887
3163
-10086
-21669
-29667
-32753
-30413
-23032
-11831
1334
14281
24860
31312
32563
28403
19519
7387
-5976
-18347
-27666
-32377
-31693
-25725
-15465
-2622
10659
22164
29968
32766
30086
22374
10917
-2369
-15261
-25599
-31650
-32396
-27709
-18372
-5950
7473
19643
28516
32596
31195
24546
13765
664
-12550
-23653
-30771
-32702
-29116
-20616
-8634
4807
17440
27128
32230
31881
26137
15968
3092
-10308
-21966
-29901
-32766
-30072
-22272
-10689
2711
15653
25937
31812
32275
27244
17574
4908
-8595
-20637
-29162
-32712
-30681
-23411
-12140
1206
14349
25041
31451
32480
27948
18630
6117
-7445
-19735
-28641
-32634
-31026
-24089
-13013
301
13567
24501
31222
32570
28309
19172
6728
-6876
-19298
-28393
-32589
-31159
-24347
-13326
0
13328
24354
31166
32585
28360
19220
6748
-6896
-19347
-28443
-32604
-31103
-24198
-13087
301
13640
24608
31294
32533
28105
18778
6176
-7504
-19879
-28786
-32669
-30847
-23635
-12290
1206
14493
25247
31583
32389
27520
17828
5008
-8692
-20870
-29387
-32745
-30352
-22624
-10917
2711
15865
26229
31977
32094
26556
16335
3233
-10442
-22277
-30182
-32757
-29546
-21112
-8944
4807
17712
27483
32390
31559
25136
14256
845
-12717
-24026
-31070
-32598
-28334
-19032
-6345
7473
19964
28903
32697
30666
23169
11540
-2148
-15456
-26008
-31918
-32127
-26596
-16309
-3103
10659
22517
30346
32741
29270
20553
8148
-5719
-18563
-28078
-32552
-31179
-24202
-12874
771
14281
25223
31625
32332
27214
17189
4062
-9798
-21894
-30040
-32762
-29565
-21025
-8682
5233
18204
27882
32514
31257
24336
13002
-691
-14262
-25247
-31650
-32307
-27094
-16955
-3732
10171
22227
30239
32747
29289
20494
7961
-6025
-18915
-28356
-32621
-30929
-23586
-11931
1907
15400
26077
31982
32033
26215
15592
2109
-11762
-23479
-30889
-32629
-28377
-18910
-5966
8077
20637
29402
32756
30080
21861
9613
-4409
-17621
-27585
-32459
-31342
-24435
-13013
816
14497
25499
31785
32188
26631
16140
2656
-11322
-23203
-30782
-32650
-28456
-18976
-5969
8148
20755
29503
32763
29925
21514
9095
-5021
-18204
-27995
-32564
-31058
-23753
-12011
1977
15598
26305
32095
31880
25698
14703
952
-12978
-24480
-31393
-32418
-27360
-17165
-3744
10381
22559
30497
32702
28754
19394
6380
-7836
-20580
-29446
-32762
-29899
-21393
-8847
5370
18577
28275
32630
30814
23169
11138
-3003
-16579
-27016
-32334
-31523
-24733
-13249
751
14612
25700
31906
32048
26096
15179
1372
-12698
-24354
-31371
-32412
-27273
-16932
-3359
10856
23003
30758
32638
28280
18514
5205
-9101
-21669
-30089
-32747
-29131
-19930
-6905
7445
20371
29387
32762
29844
21189
8460
-5898
-19125
-28673
-32702
-30433
-22301
-9868
4468
17946
27963
32585
30916
23274
11134
-3159
-16845
-27275
-32428
-31305
-24119
-12260
1977
15833
26622
32247
31615
24845
13249
-923
-14918
-26016
-32055
-31858
-25461
-14105
0
14107
25468
31864
32046
25975
14832
792
-13405
-24986
-31684
-32188
-26395
-15435
-1452
12817
24578
31525
32292
26727
15917
1981
-12345
-24250
-31393
-32366
-26976
-16280
-2378
11993
24006
31293
32415
27148
16527
2644
-11762
-23850
-31230
-32442
-27244
-16660
-2779
11653
23783
31206
32451
27267
16679
2783
-11667
-23806
-31222
-32441
-27217
-16586
-2656
11803
23919
31277
32412
27094
16378
2398
-12062
-24120
-31370
-32361
-26894
-16056
-2009
12441
24407
31496
32285
26615
15616
1488
-12939
-24777
-31650
-32178
-26251
-15055
-836
13553
25223
31826
32033
25797
14372
52
-14280
-25739
-32015
-31841
-25247
-13561
863
15115
26318
32208
31592
24592
12618
-1908
-16052
-26950
-32393
-31276
-23823
-11540
3083
17085
27622
32556
30880
22932
10324
-4384
-18204
-28323
-32682
-30389
-21909
-8965
5807
19399
29038
32755
29790
20744
7461
-7347
-20658
-29748
-32757
-29067
-19428
-5811
8997
21966
30436
32669
28203
17952
4016
-10746
-23305
-31079
-32468
-27184
-16309
-2077
12583
24657
31656
32135
25992
14491
0
-14493
-25999
-32139
-31644
-24613
-12494
2208
16457
27304
32503
30975
23032
10317
-4537
-18454
-28547
-32719
-30103
-21238
-7961
6971
20458
29694
32757
29007
19220
5431
-9491
-22439
-30713
-32587
-27666
-16973
-2736
12073
24364
31568
32177
26060
14492
-108
-14689
-26197
-32222
-31498
-24174
-11781
3083
17304
27896
32634
30520
21996
8847
-6162
-19879
-29416
-32766
-29219
-19519
-5706
9311
22368
30711
32578
27570
16743
2378
-12491
-24723
-31732
-32033
-25558
-13674
1105
15653
26888
32428
31095
23169
10328
-4707
-18745
-28806
-32750
-29736
-20402
-6728
8378
21705
30414
32650
27932
17262
2911
-12062
-24465
-31651
-32083
-25665
-13765
1077
15692
26955
32455
31012
22932
9941
-5180
-19194
-29098
-32765
-29406
-19738
-5832
9326
22486
30817
32526
27244
16102
1495
-13436
-25478
-32035
-31693
-24521
-12062
2999
17416
28078
32680
30226
21243
7668
-7565
-21167
-30192
-32685
-28105
-17438
-2992
12103
24578
31727
31995
25321
13150
-1876
-16499
-27539
-32596
-30567
-21889
-8448
6833
20630
29936
32722
28377
17845
3419
-11753
-24364
-31659
-32040
-25423
-13249
1823
16499
27568
32607
30508
21729
8189
-7147
-20920
-30108
-32693
-28105
-17347
-2779
12401
24860
31856
31850
24838
12360
-2839
-17416
-28160
-32702
-30037
-20749
-6884
8501
22013
30668
32552
27244
15915
1066
-14020
-26008
-32243
-31342
-23500
-10451
4915
19194
29220
32766
29042
18871
4509
-10856
-23813
-31479
-32147
-25665
-13473
1720
16533
27666
32637
30335
21271
7461
-8015
-21705
-30552
-32578
-27327
-15968
-1038
14125
26133
32294
31228
23169
9920
-5554
-19786
-29584
-32748
-28565
-17970
-3339
12043
24723
31849
31816
24627
11897
-3511
-18132
-28673
-32755
-29458
-19519
-5177
10334
23516
31393
32182
25702
13414
-1907
-16800
-27896
-32682
-30072
-20653
-6555
9029
22570
30997
32395
26445
14492
-751
-15827
-27310
-32589
-30461
-21406
-7481
8148
21926
30713
32507
26894
15151
-48
-15238
-26955
-32522
-30664
-21804
-7961
7702
21608
30575
32549
27076
15403
202
-15047
-26852
-32503
-30703
-21861
-8002
7696
21629
30598
32538
27001
15255
0
-15257
-27007
-32541
-30582
-21579
-7602
8129
21989
30779
32468
26664
14703
-655
-15865
-27411
-32621
-30288
-20948
-6758
8997
22672
31098
32318
26047
13736
-1763
-16855
-28038
-32713
-29790
-19946
-5464
10289
23653
31516
32046
25116
12336
-3319
-18204
-28847
-32766
-29042
-18541
-3711
11987
24889
31977
31593
23823
10480
-5316
-19871
-29777
-32711
-27983
-16697
-1495
14059
26318
32404
30885
22114
8148
-7733
-21801
-30745
-32460
-26539
-14372
1180
16457
27860
32699
29832
19930
5325
-10537
-23916
-31650
-31910
-24631
-11530
4298
19113
29409
32747
28334
17210
2009
-13670
-26112
-32365
-30942
-22178
-8148
7817
21929
30833
32412
26285
13907
-1780
-17047
-28259
-32743
-29429
-19103
-4222
11667
24777
31977
31548
23586
9991
-5992
-20546
-30192
-32619
-27244
-15350
219
15739
27492
32660
30001
20149
5464
-10533
-24006
-31719
-31816
-24270
-10892
5106
19879
29873
32681
27625
15917
373
-15261
-27221
-32621
-30156
-20416
-5748
10308
23879
31684
31836
24293
10875
-5173
-19973
-29942
-32665
-27477
-15633
0
15636
27483
32666
29925
19920
5078
-10999
-24407
-31886
-31615
-23656
-9941
6193
20824
30386
32549
26782
14487
-1341
-16845
-28242
-32749
-29262
-18630
-3445
12583
25539
32252
31078
22301
8064
-8148
-22368
-31111
-32231
-25451
-12429
3643
18824
29387
32737
28047
16465
836
-15001
-27152
-32625
-30072
-20115
-5205
10989
24479
31937
31523
23335
9388
-6876
-21447
-30723
-32412
-26092
-13322
2743
18132
29038
32759
28371
16955
1338
-14612
-26944
-32596
-30164
-20247
-5304
10958
24501
31960
31477
23169
9099
-7236
-21774
-30894
-32323
-25702
-12676
3510
18824
29446
32724
27837
16000
166
-15711
-27666
-32707
-29572
-19041
-3744
12491
25602
32304
30916
21780
7184
-9215
-23305
-31551
-31880
-24205
-10451
5930
20824
30486
32483
26311
13518
-2679
-18204
-29147
-32749
-28098
-16364
-502
15488
27574
32702
29574
18976
3583
-12717
-25806
-32371
-30748
-21345
-6538
9926
23879
31785
31636
23467
9346
-7147
-21830
-30974
-32254
-25342
-11991
4409
19692
29968
32623
26976
14462
-1736
-17495
-28798
-32764
-28377
-16752
-852
15267
27492
32699
29554
18857
3339
-13034
-26077
-32450
-30520
-20777
-5712
10817
24578
32042
31291
22515
7961
-8637
-23021
-31496
-31881
-24075
-10079
6509
21426
30833
32307
25463
12062
-4448
-19815
-30076
-32585
-26689
-13907
2465
18204
29244
32732
27762
15616
-569
-16610
-28356
-32765
-28692
-17189
-1231
15047
27428
32699
29490
18630
2932
-13528
-26478
-32552
-30168
-19943
-4530
12062
25519
32337
30737
21133
6022
-10659
-24565
-32068
-31208
-22206
-7407
9326
23628
31760
31593
23169
8686
-8070
-22719
-31423
-31903
-24028
-9858
6896
21846
31070
32147
24790
10926
-5807
-21019
-30711
-32336
-25461
-11891
4807
20244
30356
32478
26047
12755
-3899
-19528
-30012
-32581
-26556
-13521
3083
18877
29687
32654
26991
14192
-2362
-18294
-29387
-32703
-27360
-14769
1736
17784
29119
32734
27666
15255
-1206
-17349
-28887
-32752
-27913
-15652
771
16993
28695
32761
28105
15962
-434
-16717
-28547
-32765
-28244
-16186
193
16523
28443
32766
28334
16326
-48
-16412
-28387
-32766
-28374
-16382
0
0
0
0
0
0
0
0
0
0
0
0
0
0
0
0
0
0
0
0
0
0
0
0
0
0
0
0
0
0
0
0
0
0
0
0
0
0
0
0
0
0
0
0
0
0
0
0
0
0
0
0
0
0
0
0
0
0
0
0
0
0
0
0
0
0
0
0
0
0
0
0
0
0
0
0
0
0
0
0
0
0
0
0
0
0
0
0
0
0
0
0
0
0
0
0
0
0
0
0
0
0
0
0
0
0
0
0
0
0
0
0
0
0
0
0
0
0
0
0
0
0
0
0
0
0
0
0
0
0
0
0
0
0
0
0
0
0
0
0
0
0
0
0
0
0
0
0
0
0
0
0
0
0
0
0
0
0
0
0
0
0
0
0
0
0
0
0
0
0
0
0
0
0
0
0
0
0
0
0
0
0
0
0
0
0
0
0
0
0
0
0
0
0
0
0
0
0
0
0
0
0
0
0
0
0
0
0
0
0
0
0
0
0
0
0
0
0
0
0
0
0
0
0
0
0
0
0
0
0
0
0
0
0
0
0
0
0
0
0
0
0
0
0
0
0
0
0
0
0
0
0
0
0
0
0
0
0
0
0
0
0
0
0
0
0
0
0
0
0
0
0
0
0
0
0
0
0
0
0
0
0
0
0
0
0
0
0
0
0
0
0
0
0
0
0
0
0
0
0
0
0
0
0
0
0
0
0
0
0
0
0
0
0
0
0
0
0
0
0
0
0
0
0
0
0
0
0
0
0
0
0
0
0
0
0
0
0
0
0
0
0
0
0
0
0
0
0
0
0
0
0
0
0
0
0
0
0
0
0
0
0
0
0
0
0
0
0
0
0
0
0
0
0
0
0
0
0
0
0
0
0
0
0
0
0
0
0
0
0
0
0
0
0
0
0
0
0
0
0
0
0
0
0
0
0
0
0
0
0
0
0
0
0
0
0
0
0
0
0
0
0
0
0
0
0
0
0
0
0
0
0
0
0
0
0
0
0
0
0
0
0
0
0
0
0
0
0
0
0
0
0
0
0
0
0
0
0
0
0
0
0
0
0
0
0
0
0
0
0
0
0
0
0
0
0
0
0
0
0
0
0
0
0
0
0
0
0
0
0
0
0
0
0
0
0
0
0
0
0
0
0
0
0
0
0
0
0
0
0
0
0
0
0
0
0
0
0
0
0
0
0
0
0
0
0
0
0
0
0
0
0
0
0
0
0
0
0
0
0
0
0
0
0
0
0
0
0
0
0
0
0
0
0
0
0
0
0
0
0
0
0
0
0
0
0
0
0
0
0
0
0
0
0
0
0
0
0
0
0
0
0
0
0
0
0
0
0
0
0
0
0
0
0
0
0
0
0
0
0
0
0
0
0
0
0
0
0
0
0
0
0
0
0
0
0
0
0
0
0
0
0
0
0
0
0
0
0
0
0
0
0
0
0
0
0
0
0
0
0
0
0
0
0
0
0
0
0
0
0
0
0
0
0
0
0
0
0
0
0
0
0
0
0
0
0
0
0
0
0
0
0
0
0
0
0
0
0
0
0
0
0
0
0
0
0
0
0
0
0
0
0
0
0
0
0
0
0
0
0
0
0
0
0
0
0
0
0
0
0
0
0
0
0
0
0
0
0
0
0
0
0
0
0
0
0
0
0
0
0
0
0
0
0
0
0
0
0
0
0
0
0
0
0
0
0
0
0
0
0
0
0
0
0
0
0
0
0
0
0
0
0
0
0
0
0
0
0
0
0
0
0
0
0
0
0
0
0
0
0
0
0
0
0
0
0
0
0
0
0
0
0
0
0
0
0
0
0
0
0
0
0
0
0
0
0
0
0
0
0
0
0
0
0
0
0
0
0
0
0
0
0
0
0
0
0
0
0
0
0
0
0
0
0
0
0
0
0
0
0
0
0
0
0
0
0
0
0
0
0
0
0
0
0
0
0
0
0
0
0
0
0
0
0
0
0
0
0
0
0
0
0
0
0
0
0
0
0
0
0
0
0
0
0
0
0
0
0
0
0
0
0
0
0
0
0
0
0
0
0
0
0
0
0
0
0
0
0
0
0
0
0
0
0
0
0
0
0
0
0
0
0
0
0
0
0
0
0
0
0
0
0
0
0
0
0
0
0
0
0
0
0
0
0
0
0
0
0
0
0
0
0
0
0
0
0
0
0
0
0
6553
6529
6452
6305
6066
5706
5194
4505
3617
2525
1235
-228
-1826
-3499
-5177
-6777
-8215
-9403
-10265
-10735
-10767
-10337
-9449
-8131
-6441
-4456
-2276
-13
2214
4291
6108
7575
8622
9207
9315
8964
8198
7088
5723
4206
2644
1143
-202
-1313
-2133
-2632
-2807
-2680
-2299
-1733
-1061
-372
247
718
977
981
708
166
-613
-1575
-2646
-3738
-4757
-5612
-6217
-6505
-6429
-5967
-5127
-3943
-2474
-803
970
2739
4396
5836
6971
7731
8072
7979
7465
6572
5365
3930
2368
784
-717
-2043
-3112
-3868
-4278
-4334
-4059
-3497
-2714
-1788
-810
132
956
1589
1979
2092
1922
1483
815
-26
-970
-1937
-2846
-3621
-4196
-4523
-4572
-4334
-3823
-3073
-2138
-1082
22
1099
2078
2899
3515
3898
4040
3952
3664
3223
2686
2116
1576
1124
807
656
685
885
1231
1677
2164
2623
2981
3168
3123
2800
2171
1235
12
-1447
-3077
-4785
-6469
-8017
-9321
-10277
-10799
-10823
-10312
-9260
-7692
-5668
-3276
-628
2144
4902
7498
9798
11676
13033
13796
13924
13410
12285
10610
8476
5997
3303
535
-2168
-4674
-6864
-8642
-9936
-10703
-10932
-10637
-9863
-8676
-7162
-5418
-3548
-1656
158
1811
3228
4357
5162
5631
5769
5599
5159
4498
3671
2738
1759
789
-121
-932
-1614
-2145
-2515
-2723
-2777
-2691
-2485
-2180
-1801
-1370
-909
-440
21
462
869
1236
1556
1825
2039
2198
2298
2339
2320
2239
2098
1895
1635
1318
952
543
100
-364
-840
-1310
-1761
-2176
-2541
-2841
-3064
-3199
-3238
-3178
-3016
-2757
-2406
-1973
-1473
-921
-336
260
846
1401
1903
2331
2670
2904
3025
3028
2912
2685
2358
1948
1478
971
458
-32
-472
-835
-1097
-1241
-1258
-1145
-909
-566
-138
340
834
1303
1703
1996
2145
2120
1904
1488
879
96
-828
-1850
-2913
-3955
-4912
-5717
-6309
-6636
-6658
-6350
-5707
-4741
-3483
-1985
-312
1455
3232
4928
6453
7726
8678
9256
9428
9182
8531
7509
6171
4587
2842
1029
-759
-2434
-3913
-5130
-6036
-6602
-6822
-6709
-6297
-5637
-4791
-3831
-2831
-1862
-986
-255
294
645
795
763
581
295
-42
-373
-640
-795
-795
-616
-248
301
1008
1830
2715
3597
4409
5084
5560
5785
5722
5352
4675
3713
2507
1116
-388
-1923
-3402
-4738
-5853
-6678
-7161
-7272
-7001
-6359
-5382
-4124
-2657
-1065
560
2128
3548
4742
5642
6202
6393
6209
5666
4799
3663
2327
869
-626
-2073
-3392
-4511
-5371
-5927
-6155
-6046
-5612
-4882
-3899
-2719
-1406
-31
1335
2625
3775
4732
5454
5913
6094
5996
5633
5031
4227
3265
2196
1076
-42
-1105
-2067
-2886
-3531
-3979
-4220
-4252
-4086
-3743
-3252
-2647
-1970
-1264
-573
61
602
1018
1287
1395
1340
1129
781
323
-206
-768
-1316
-1803
-2185
-2422
-2483
-2344
-1996
-1441
-696
210
1236
2330
3433
4481
5411
6161
6677
6915
6844
6448
5730
4708
3420
1918
266
-1460
-3179
-4810
-6271
-7492
-8411
-8981
-9174
-8981
-8411
-7492
-6271
-4810
-3179
-1460
266
1918
3420
4708
5730
6448
6844
6915
6677
6161
5411
4481
3433
2330
1236
210
-696
-1441
-1996
-2344
-2483
-2422
-2185
-1803
-1316
-768
-206
323
781
1129
1340
1395
1287
1018
602
61
-573
-1264
-1970
-2647
-3252
-3743
-4086
-4252
-4220
-3979
-3531
-2886
-2067
-1105
-42
1076
2196
3265
4227
5031
5633
5996
6094
5913
5454
4732
3775
2625
1335
-31
-1406
-2719
-3899
-4882
-5612
-6046
-6155
-5927
-5371
-4511
-3392
-2073
-626
869
2327
3663
4799
5666
6209
6393
6202
5642
4742
3548
2128
560
-1065
-2657
-4124
-5382
-6359
-7001
-7272
-7161
-6678
-5853
-4738
-3402
-1923
-388
1116
2507
3713
4675
5352
5722
5785
5560
5084
4409
3597
2715
1830
1008
301
-248
-616
-795
-795
-640
-373
-42
295
581
763
795
645
294
-255
-986
-1862
-2831
-3831
-4791
-5637
-6297
-6709
-6822
-6602
-6036
-5130
-3913
-2434
-759
1029
2842
4587
6171
7509
8531
9182
9428
9256
8678
7726
6453
4928
3232
1455
-312
-1985
-3483
-4741
-5707
-6350
-6658
-6636
-6309
-5717
-4912
-3955
-2913
-1850
-828
96
879
1488
1904
2120
2145
1996
1703
1303
834
340
-138
-566
-909
-1145
-1258
-1241
-1097
-835
-472
-32
458
971
1478
1948
2358
2685
2912
3028
3025
2904
2670
2331
1903
1401
846
260
-336
-921
-1473
-1973
-2406
-2757
-3016
-3178
-3238
-3199
-3064
-2841
-2541
-2176
-1761
-1310
-840
-364
100
543
952
1318
1635
1895
2098
2239
2320
2339
2298
2198
2039
1825
1556
1236
869
462
21
-440
-909
-1370
-1801
-2180
-2485
-2691
-2777
-2723
-2515
-2145
-1614
-932
-121
789
1759
2738
3671
4498
5159
5599
5769
5631
5162
4357
3228
1811
158
-1656
-3548
-5418
-7162
-8676
-9863
-10637
-10932
-10703
-9936
-8642
-6864
-4674
-2168
535
3303
5997
8476
10610
12285
13410
13924
13796
13033
11676
9798
7498
4902
2144
-628
-3276
-5668
-7692
-9260
-10312
-10823
-10799
-10277
-9321
-8017
-6469
-4785
-3077
-1447
12
1235
2171
2800
3123
3168
2981
2623
2164
1677
1231
885
685
656
807
1124
1576
2116
2686
3223
3664
3952
4040
3898
3515
2899
2078
1099
22
-1082
-2138
-3073
-3823
-4334
-4572
-4523
-4196
-3621
-2846
-1937
-970
-26
815
1483
1922
2092
1979
1589
956
132
-810
-1788
-2714
-3497
-4059
-4334
-4278
-3868
-3112
-2043
-717
784
2368
3930
5365
6572
7465
7979
8072
7731
6971
5836
4396
2739
970
-803
-2474
-3943
-5127
-5967
-6429
-6505
-6217
-5612
-4757
-3738
-2646
-1575
-613
166
708
981
977
718
247
-372
-1061
-1733
-2299
-2680
-2807
-2632
-2133
-1313
-202
1143
2644
4206
5723
7088
8198
8964
9315
9207
8622
7575
6108
4291
2214
-13
-2276
-4456
-6441
-8131
-9449
-10337
-10767
-10735
-10265
-9403
-8215
-6777
-5177
-3499
-1826
-228
1235
2525
3617
4505
5194
5706
6066
6305
6452
6529
0
0
0
0
0
0
0
0
0
0
0
0
0
0
0
0
0
0
0
0
0
0
0
0
0
0
0
0
0
0
0
0
0
0
0
0
0
0
0
0
0
0
0
0
0
0
0
0
0
0
0
0
0
0
0
0
0
0
0
0
0
0
0
0
0
0
0
-6553
-6441
-6110
-5575
-4860
-3995
-3016
-1964
-879
199
1235
2196
3057
3798
4407
4878
5208
5403
5467
5409
5237
4960
4583
4111
3549
2901
2170
1363
487
-443
-1413
-2397
-3368
-4292
-5132
-5850
-6407
-6766
-6898
-6779
-6397
-5753
-4860
-3745
-2446
-1018
480
1982
3416
4716
5817
6667
7224
7462
7373
6964
6262
5308
4155
2866
1510
157
-1126
-2280
-3257
-4018
-4544
-4829
-4880
-4720
-4383
-3907
-3339
-2723
-2102
-1513
-984
-534
-172
103
304
446
552
646
749
880
1052
1270
1529
1819
2121
2410
2658
2838
2924
2896
2739
2451
2037
1514
908
253
-411
-1046
-1611
-2069
-2394
-2568
-2584
-2450
-2186
-1821
-1396
-953
-541
-203
23
109
42
-180
-542
-1014
-1551
-2101
-2603
-2995
-3221
-3231
-2989
-2477
-1695
-664
571
1953
3404
4838
6163
7288
8131
8623
8712
8371
7599
6418
4880
3057
1039
-1068
-3156
-5115
-6842
-8250
-9268
-9852
-9984
-9670
-8943
-7860
-6496
-4936
-3276
-1609
-23
1405
2618
3575
4257
4665
4822
4765
4543
4213
3833
3456
3127
2879
2730
2681
2718
2814
2928
3016
3028
2921
2658
2212
1575
752
-229
-1329
-2493
-3654
-4742
-5685
-6417
-6884
-7046
-6882
-6392
-5599
-4544
-3287
-1904
-476
910
2173
3240
4051
4566
4768
4659
4266
3635
2828
1919
986
108
-641
-1206
-1542
-1625
-1456
-1053
-457
276
1079
1879
2602
3179
3554
3686
3554
3159
2520
1678
691
-373
-1439
-2433
-3283
-3932
-4336
-4472
-4338
-3953
-3356
-2603
-1762
-906
-112
552
1029
1278
1279
1033
565
-78
-836
-1630
-2378
-2994
-3401
-3535
-3348
-2818
-1946
-763
677
2296
4001
5681
7227
8530
9490
10028
10087
9637
8680
7249
5404
3233
844
-1640
-4093
-6387
-8406
-10048
-11235
-11914
-12062
-11686
-10822
-9529
-7890
-6001
-3967
-1894
115
1970
3595
4935
5954
6639
6998
7057
6855
6443
5876
5212
4503
3796
3125
2514
1975
1508
1104
745
410
77
-273
-655
-1076
-1534
-2018
-2508
-2978
-3396
-3729
-3946
-4019
-3930
-3669
-3240
-2658
-1952
-1160
-330
486
1234
1863
2329
2596
2645
2470
2084
1512
799
0
-825
-1606
-2276
-2775
-3053
-3072
-2814
-2281
-1492
-489
669
1914
3164
4334
5340
6109
6576
6695
6443
5816
4837
3550
2019
328
-1431
-3158
-4753
-6122
-7184
-7874
-8149
-7992
-7409
-6434
-5122
-3550
-1811
-7
1755
3373
4750
5806
6480
6734
6557
5961
4987
3698
2174
513
-1179
-2796
-4236
-5403
-6221
-6634
-6608
-6136
-5240
-3964
-2377
-568
1359
3297
5129
6748
8054
8966
9421
9384
8844
7819
6353
4517
2401
110
-2237
-4521
-6623
-8434
-9859
-10823
-11277
-11198
-10589
-9483
-7938
-6034
-3872
-1561
779
3032
5087
6844
8222
9162
9629
9615
9137
8238
6980
5446
3728
1928
145
-1524
-2995
-4198
-5082
-5616
-5794
-5630
-5157
-4429
-3509
-2470
-1388
-339
609
1402
1996
2365
2502
2416
2134
1696
1152
558
-26
-548
-958
-1220
-1310
-1220
-958
-548
-26
558
1152
1696
2134
2416
2502
2365
1996
1402
609
-339
-1388
-2470
-3509
-4429
-5157
-5630
-5794
-5616
-5082
-4198
-2995
-1524
145
1928
3728
5446
6980
8238
9137
9615
9629
9162
8222
6844
5087
3032
779
-1561
-3872
-6034
-7938
-9483
-10589
-11198
-11277
-10823
-9859
-8434
-6623
-4521
-2237
110
2401
4517
6353
7819
8844
9384
9421
8966
8054
6748
5129
3297
1359
-568
-2377
-3964
-5240
-6136
-6608
-6634
-6221
-5403
-4236
-2796
-1179
513
2174
3698
4987
5961
6557
6734
6480
5806
4750
3373
1755
-7
-1811
-3550
-5122
-6434
-7409
-7992
-8149
-7874
-7184
-6122
-4753
-3158
-1431
328
2019
3550
4837
5816
6443
6695
6576
6109
5340
4334
3164
1914
669
-489
-1492
-2281
-2814
-3072
-3053
-2775
-2276
-1606
-825
0
799
1512
2084
2470
2645
2596
2329
1863
1234
486
-330
-1160
-1952
-2658
-3240
-3669
-3930
-4019
-3946
-3729
-3396
-2978
-2508
-2018
-1534
-1076
-655
-273
77
410
745
1104
1508
1975
2514
3125
3796
4503
5212
5876
6443
6855
7057
6998
6639
5954
4935
3595
1970
115
-1894
-3967
-6001
-7890
-9529
-10822
-11686
-12062
-11914
-11235
-10048
-8406
-6387
-4093
-1640
844
3233
5404
7249
8680
9637
10087
10028
9490
8530
7227
5681
4001
2296
677
-763
-1946
-2818
-3348
-3535
-3401
-2994
-2378
-1630
-836
-78
565
1033
1279
1278
1029
552
-112
-906
-1762
-2603
-3356
-3953
-4338
-4472
-4336
-3932
-3283
-2433
-1439
-373
691
1678
2520
3159
3554
3686
3554
3179
2602
1879
1079
276
-457
-1053
-1456
-1625
-1542
-1206
-641
108
986
1919
2828
3635
4266
4659
4768
4566
4051
3240
2173
910
-476
-1904
-3287
-4544
-5599
-6392
-6882
-7046
-6884
-6417
-5685
-4742
-3654
-2493
-1329
-229
752
1575
2212
2658
2921
3028
3016
2928
2814
2718
2681
2730
2879
3127
3456
3833
4213
4543
4765
4822
4665
4257
3575
2618
1405
-23
-1609
-3276
-4936
-6496
-7860
-8943
-9670
-9984
-9852
-9268
-8250
-6842
-5115
-3156
-1068
1039
3057
4880
6418
7599
8371
8712
8623
8131
7288
6163
4838
3404
1953
571
-664
-1695
-2477
-2989
-3231
-3221
-2995
-2603
-2101
-1551
-1014
-542
-180
42
109
23
-203
-541
-953
-1396
-1821
-2186
-2450
-2584
-2568
-2394
-2069
-1611
-1046
-411
253
908
1514
2037
2451
2739
2896
2924
2838
2658
2410
2121
1819
1529
1270
1052
880
749
646
552
446
304
103
-172
-534
-984
-1513
-2102
-2723
-3339
-3907
-4383
-4720
-4880
-4829
-4544
-4018
-3257
-2280
-1126
157
1510
2866
4155
5308
6262
6964
7373
7462
7224
6667
5817
4716
3416
1982
480
-1018
-2446
-3745
-4860
-5753
-6397
-6779
-6898
-6766
-6407
-5850
-5132
-4292
-3368
-2397
-1413
-443
487
1363
2170
2901
3549
4111
4583
4960
5237
5409
5467
5403
5208
4878
4407
3798
3057
2196
1235
199
-879
-1964
-3016
-3995
-4860
-5575
-6110
-6441
0
0
0
0
0
0
0
0
0
0
0
0
0
0
0
0
0
0
0
0
0
0
0
0
0
0
0
0
0
0
0
0
0
0
0
0
0
0
0
0
0
0
0
0
0
0
0
0
0
0
0
0
0
0
0
0
0
0
0
0
0
0
0
0
0
0
0
-1310
-1148
-678
55
980
2004
3025
3933
4627
5020
5045
4666
3878
2708
1219
-501
-2341
-4174
-5872
-7307
-8371
-8975
-9063
-8614
-7644
-6205
-4386
-2301
-85
2117
4161
5912
7254
8103
8408
8154
7370
6119
4499
2631
655
-1283
-3043
-4497
-5543
-6107
-6153
-5685
-4743
-3403
-1770
28
1856
3571
5042
6156
6825
6993
6643
5794
4500
2848
950
-1064
-3059
-4899
-6461
-7641
-8362
-8580
-8285
-7501
-6285
-4721
-2915
-985
945
2756
4342
5613
6506
6985
7044
6705
6016
5044
3874
2596
1304
83
-991
-1862
-2493
-2869
-2995
-2898
-2621
-2217
-1745
-1268
-839
-505
-298
-232
-306
-501
-786
-1115
-1438
-1702
-1858
-1863
-1690
-1324
-771
-51
795
1715
2644
3512
4250
4790
5077
5072
4752
4115
3184
2000
622
-870
-2393
-3854
-5162
-6233
-6996
-7396
-7401
-6999
-6205
-5055
-3609
-1942
-143
1690
3459
5069
6434
7480
8154
8421
8271
7713
6778
5519
4000
2300
506
-1294
-3014
-4572
-5898
-6932
-7633
-7973
-7944
-7553
-6825
-5799
-4525
-3065
-1486
138
1738
3242
4585
5708
6564
7117
7342
7231
6788
6035
5003
3740
2303
757
-825
-2370
-3805
-5059
-6070
-6787
-7172
-7203
-6876
-6206
-5223
-3977
-2530
-959
655
2227
3673
4914
5884
6531
6820
6740
6296
5518
4454
3171
1745
263
-1185
-2514
-3645
-4513
-5069
-5287
-5159
-4703
-3957
-2976
-1832
-607
613
1745
2710
3442
3890
4025
3840
3347
2582
1598
466
-735
-1924
-3015
-3932
-4608
-4996
-5063
-4802
-4223
-3361
-2266
-1005
345
1705
2991
4127
5048
5701
6052
6086
5807
5239
4423
3413
2273
1073
-115
-1225
-2197
-2984
-3551
-3881
-3973
-3839
-3509
-3022
-2425
-1773
-1119
-514
-4
375
599
655
544
278
-115
-603
-1145
-1693
-2200
-2621
-2914
-3045
-2988
-2730
-2266
-1605
-767
219
1315
2475
3648
4782
5823
6719
7424
7897
8105
8026
7648
6968
5999
4762
3293
1633
-162
-2034
-3917
-5742
-7441
-8947
-10198
-11140
-11730
-11936
-11739
-11138
-10146
-8790
-7116
-5180
-3051
-806
1473
3702
5798
7686
9297
10575
11479
11983
12080
11776
11097
10082
8781
7255
5569
3793
1995
237
-1422
-2935
-4264
-5384
-6279
-6944
-7387
-7619
-7660
-7533
-7262
-6871
-6383
-5816
-5186
-4505
-3780
-3017
-2220
-1392
-538
334
1217
2094
2948
3759
4500
5146
5671
6050
6263
6293
6133
5782
5249
4550
3713
2771
1762
729
-282
-1231
-2077
-2787
-3337
-3710
-3900
-3911
-3759
-3465
-3058
-2574
-2048
-1516
-1013
-567
-201
70
240
311
292
197
48
-130
-316
-485
-615
-693
-705
-649
-526
-343
-113
146
418
684
924
1125
1275
1366
1398
1374
1302
1194
1064
928
801
697
626
595
605
655
735
835
939
1030
1090
1104
1057
937
741
466
117
-293
-753
-1241
-1735
-2212
-2648
-3021
-3311
-3503
-3585
-3551
-3400
-3137
-2772
-2316
-1788
-1204
-585
48
679
1288
1859
2379
2837
3223
3529
3752
3886
3932
3886
3752
3529
3223
2837
2379
1859
1288
679
48
-585
-1204
-1788
-2316
-2772
-3137
-3400
-3551
-3585
-3503
-3311
-3021
-2648
-2212
-1735
-1241
-753
-293
117
466
741
937
1057
1104
1090
1030
939
835
735
655
605
595
626
697
801
928
1064
1194
1302
1374
1398
1366
1275
1125
924
684
418
146
-113
-343
-526
-649
-705
-693
-615
-485
-316
-130
48
197
292
311
240
70
-201
-567
-1013
-1516
-2048
-2574
-3058
-3465
-3759
-3911
-3900
-3710
-3337
-2787
-2077
-1231
-282
729
1762
2771
3713
4550
5249
5782
6133
6293
6263
6050
5671
5146
4500
3759
2948
2094
1217
334
-538
-1392
-2220
-3017
-3780
-4505
-5186
-5816
-6383
-6871
-7262
-7533
-7660
-7619
-7387
-6944
-6279
-5384
-4264
-2935
-1422
237
1995
3793
5569
7255
8781
10082
11097
11776
12080
11983
11479
10575
9297
7686
5798
3702
1473
-806
-3051
-5180
-7116
-8790
-10146
-11138
-11739
-11936
-11730
-11140
-10198
-8947
-7441
-5742
-3917
-2034
-162
1633
3293
4762
5999
6968
7648
8026
8105
7897
7424
6719
5823
4782
3648
2475
1315
219
-767
-1605
-2266
-2730
-2988
-3045
-2914
-2621
-2200
-1693
-1145
-603
-115
278
544
655
599
375
-4
-514
-1119
-1773
-2425
-3022
-3509
-3839
-3973
-3881
-3551
-2984
-2197
-1225
-115
1073
2273
3413
4423
5239
5807
6086
6052
5701
5048
4127
2991
1705
345
-1005
-2266
-3361
-4223
-4802
-5063
-4996
-4608
-3932
-3015
-1924
-735
466
1598
2582
3347
3840
4025
3890
3442
2710
1745
613
-607
-1832
-2976
-3957
-4703
-5159
-5287
-5069
-4513
-3645
-2514
-1185
263
1745
3171
4454
5518
6296
6740
6820
6531
5884
4914
3673
2227
655
-959
-2530
-3977
-5223
-6206
-6876
-7203
-7172
-6787
-6070
-5059
-3805
-2370
-825
757
2303
3740
5003
6035
6788
7231
7342
7117
6564
5708
4585
3242
1738
138
-1486
-3065
-4525
-5799
-6825
-7553
-7944
-7973
-7633
-6932
-5898
-4572
-3014
-1294
506
2300
4000
5519
6778
7713
8271
8421
8154
7480
6434
5069
3459
1690
-143
-1942
-3609
-5055
-6205
-6999
-7401
-7396
-6996
-6233
-5162
-3854
-2393
-870
622
2000
3184
4115
4752
5072
5077
4790
4250
3512
2644
1715
795
-51
-771
-1324
-1690
-1863
-1858
-1702
-1438
-1115
-786
-501
-306
-232
-298
-505
-839
-1268
-1745
-2217
-2621
-2898
-2995
-2869
-2493
-1862
-991
83
1304
2596
3874
5044
6016
6705
7044
6985
6506
5613
4342
2756
945
-985
-2915
-4721
-6285
-7501
-8285
-8580
-8362
-7641
-6461
-4899
-3059
-1064
950
2848
4500
5794
6643
6993
6825
6156
5042
3571
1856
28
-1770
-3403
-4743
-5685
-6153
-6107
-5543
-4497
-3043
-1283
655
2631
4499
6119
7370
8154
8408
8103
7254
5912
4161
2117
-85
-2301
-4386
-6205
-7644
-8614
-9063
-8975
-8371
-7307
-5872
-4174
-2341
-501
1219
2708
3878
4666
5045
5020
4627
3933
3025
2004
980
55
-678
-1148
0
0
0
0
0
0
0
0
0
0
0
0
0
0
0
0
0
0
0
0
0
0
0
0
0
0
0
0
0
0
0
0
0
0
0
0
0
0
0
0
0
0
0
0
0
0
0
0
0
0
0
0
0
0
0
0
0
0
0
0
0
0
0
0
0
0
0
