0
4278
8485
12550
16402
19973
23203
26035
28419
30314
31684
32507
32766
32456
31581
30156
28203
25758
22860
19561
15917
11991
7852
3573
-771
-5106
-9352
-13436
-17284
-20829
-24006
-26759
-29038
-30801
-32015
-32660
-32720
-32196
-31094
-29434
-27244
-24563
-21439
-17925
-14087
-9991
-5712
-1327
3083
7441
11667
15683
19415
22796
25762
28259
30239
31667
32514
32764
32412
31462
29931
27847
25247
22178
18696
14865
10755
6443
2009
-2465
-6896
-11201
-15299
-19113
-22570
-25606
-28162
-30190
-31650
-32514
-32764
-32394
-31411
-29832
-27686
-25012
-21861
-18292
-14372
-10175
-5781
-1274
3259
7733
12062
16161
19951
23359
26318
28771
30668
31973
32659
32711
32127
30919
29107
26727
23823
20452
16679
12577
8226
3711
-879
-5455
-9926
-14204
-18204
-21846
-25058
-27775
-29942
-31516
-32464
-32766
-32415
-31417
-29790
-27567
-24790
-21514
-17805
-13736
-9388
-4849
-209
4437
8997
13377
17489
21248
24578
27411
29687
31359
32393
32765
32468
31507
29899
27676
24884
21579
17828
13707
9301
4700
0
-4703
-9311
-13729
-17864
-21629
-24947
-27746
-29968
-31566
-32503
-32761
-32332
-31225
-29460
-27076
-24119
-20653
-16748
-12488
-7961
-3263
1506
6246
10856
15238
19298
22949
26112
28719
30713
32051
32702
32651
31900
30461
28366
25658
22395
18646
14492
10022
5332
524
-4298
-9029
-13567
-17811
-21669
-25055
-27896
-30127
-31699
-32577
-32739
-32182
-30916
-28967
-26379
-23206
-19519
-15397
-10932
-6222
-1372
3511
8320
12945
17284
21240
24723
27655
29968
31611
32545
32748
32214
30954
28995
26381
23169
19431
15252
10724
5950
1038
-3899
-8751
-13405
-17757
-21705
-25159
-28038
-30277
-31822
-32637
-32702
-32014
-30588
-28456
-25665
-22280
-18377
-14047
-9388
-4509
477
5455
10308
14924
19194
23018
26305
28979
30974
32243
32756
32498
31476
29711
27244
24133
20449
16280
11722
6884
1880
-3170
-8148
-12935
-17416
-21484
-25041
-28000
-30291
-31856
-32659
-32677
-31909
-30373
-28105
-25157
-21600
-17520
-13013
-8189
-3163
1941
7001
11893
16499
20705
24407
27516
29953
31659
32589
32721
32049
30590
28377
25463
21921
17836
13307
8448
3377
-1780
-6896
-11843
-16499
-20746
-24479
-27603
-30040
-31727
-32621
-32699
-31957
-30413
-28105
-25088
-21439
-17247
-12618
-7668
-2522
2689
7836
12787
17416
21605
25247
28248
30530
32035
32723
32574
31592
29801
27244
23987
20112
15718
10917
5832
595
-4660
-9798
-14685
-19194
-23208
-26622
-29345
-31307
-32455
-32757
-32206
-30813
-28614
-25665
-22043
-17841
-13169
-8148
-2911
2405
7661
12717
17440
21705
25397
28419
30689
32146
32750
32483
31352
29385
26633
23169
19084
14487
9500
4255
-1105
-6439
-11603
-16457
-20870
-24723
-27911
-30346
-31961
-32712
-32578
-31559
-29684
-27001
-23582
-19519
-14922
-9916
-4636
771
6162
11386
16301
20770
24671
27896
30354
31977
32719
32558
31498
29565
26813
23317
19172
14492
9407
4058
-1405
-6833
-12073
-16978
-21411
-25247
-28377
-30713
-32188
-32760
-32410
-31148
-29007
-26047
-22351
-18021
-13179
-7961
-2516
3003
8440
13640
18454
22745
26389
29282
31340
32503
32737
32033
30409
27913
24613
20604
16000
10932
5547
0
-5550
-10942
-16021
-20637
-24657
-27963
-30458
-32068
-32745
-32468
-31244
-29107
-26118
-22364
-17952
-13013
-7689
-2137
3479
8997
14252
19090
23367
26955
29748
31662
32640
32650
31691
29790
27003
23411
19119
14256
8965
3403
-2262
-7862
-13230
-18204
-22633
-26385
-29345
-31423
-32556
-32707
-31871
-30072
-27362
-23823
-19561
-14703
-9397
-3803
1908
7565
12994
18030
22517
26318
29316
31419
32559
32702
31841
30001
27238
23635
19302
14372
8996
3339
-2422
-8112
-13553
-18577
-23026
-26761
-29667
-31650
-32648
-32629
-31591
-29565
-26615
-22829
-18327
-13249
-7752
-2009
3799
9491
14886
19815
24120
27666
30338
32052
32751
32412
31044
28690
25423
21345
16586
11295
5642
-193
-6025
-11667
-16938
-21669
-25706
-28920
-31206
-32489
-32726
-31909
-30063
-27244
-23544
-19081
-13998
-8460
-2644
3259
9060
14569
19606
24006
27626
30346
32075
32756
32366
30916
28451
25051
20827
15917
10480
4696
-1244
-7147
-12817
-18065
-22719
-26622
-29644
-31684
-32674
-32578
-31398
-29173
-25975
-21909
-17110
-11737
-5969
0
5972
11747
17130
21941
26016
29217
31436
32596
32657
31615
29504
26395
22390
17625
12260
6476
470
-5554
-11392
-16845
-21726
-25867
-29127
-31393
-32585
-32662
-31619
-29491
-26349
-22301
-17483
-12062
-6222
-166
5898
11762
17222
22088
26191
29387
31566
32648
32597
31411
29131
25835
21636
16679
11138
5205
-912
-7001
-12847
-18244
-23003
-26955
-29960
-31912
-32739
-32412
-30940
-28374
-24803
-20353
-15179
-9465
-3413
2763
8843
14612
19863
24407
28083
30758
32334
32755
32003
30103
27124
23169
18381
12929
7010
836
-5370
-11386
-16993
-21989
-26191
-29446
-31636
-32680
-32538
-31214
-28754
-25247
-20819
-15630
-9868
-3744
2518
8692
14551
19879
24480
28184
30855
32393
32739
31880
29845
26709
22585
17625
12011
5950
-333
-6607
-12639
-18204
-23094
-27128
-30152
-32055
-32763
-32248
-30528
-27666
-23767
-18976
-13473
-7461
-1167
5173
11322
17047
22132
26385
29644
31785
32724
32427
30901
28203
24435
19738
14288
8294
1981
-4409
-10635
-16457
-21654
-26025
-29402
-31656
-32697
-32485
-31027
-28377
-24634
-19943
-14481
-8460
-2109
4324
10594
16457
21686
26077
29459
31699
32710
32451
30929
28203
24378
19601
14056
7961
1552
-4919
-11201
-17047
-22227
-26537
-29806
-31906
-32751
-32307
-30590
-27666
-23648
-18696
-13002
-6791
-309
6187
12441
18204
23246
27366
30398
32222
32762
31995
29951
26709
22398
17189
11289
4935
-1619
-8112
-14281
-19879
-24678
-28486
-31147
-32552
-32643
-31416
-28917
-25247
-20553
-15023
-8882
-2378
4225
10659
16662
21989
26421
29777
31918
32756
32254
30432
27362
23169
18024
12137
5748
-879
-7473
-13762
-19485
-24407
-28323
-31070
-32533
-32650
-31414
-28875
-25136
-20353
-14721
-8475
-1874
4807
11292
17307
22602
26955
30182
32146
32765
32010
29911
26556
22083
16679
10571
4016
-2711
-9326
-15551
-21121
-25799
-29387
-31732
-32732
-32344
-30582
-27520
-23286
-18060
-12062
-5547
1206
7911
14280
20041
24947
28786
31393
32653
32513
30975
28105
24024
18906
12972
6476
-301
-7069
-13534
-19415
-24458
-28443
-31196
-32596
-32580
-31148
-28360
-24336
-19250
-13322
-6811
0
6813
13332
19269
24364
28393
31178
32594
32578
31129
28309
24241
19103
13120
6555
-301
-7147
-13680
-19609
-24671
-28641
-31340
-32648
-32505
-30916
-27948
-23735
-18460
-12360
-5706
1206
8067
14569
20421
25359
29162
31656
32728
32328
30473
27244
22786
17298
11027
4255
-2711
-9557
-15974
-21669
-26383
-29901
-32062
-32766
-31979
-29736
-26137
-21345
-15577
-9095
-2195
4807
11593
17850
23291
27666
30771
32464
32665
31362
28614
24546
19345
13249
6538
-477
-7473
-14125
-20126
-25196
-29098
-31650
-32732
-32292
-30349
-26991
-22374
-16712
-10266
-3339
3746
10659
17076
22694
27251
30530
32377
32702
31489
28793
24740
19519
13375
6597
-494
-7565
-14281
-20323
-25404
-29282
-31772
-32753
-32178
-30072
-26533
-21729
-15887
-9285
-2238
4919
11843
18204
23695
28052
31066
32589
32548
30942
27847
23411
17845
11416
4435
-2763
-9830
-16425
-22227
-26955
-30378
-32330
-32713
-31507
-28769
-24631
-19293
-13013
-6096
1120
8285
15047
21076
26077
29802
32068
32763
31850
29372
25451
20276
14101
7230
0
-7232
-14111
-20295
-25478
-29402
-31872
-32764
-32033
-29711
-25913
-20827
-14703
-7845
-595
6688
13640
19914
25196
29220
31785
32759
32093
29819
26047
20967
14832
7950
664
-6656
-13645
-19948
-25247
-29273
-31822
-32763
-32046
-29706
-25861
-20703
-14492
-7543
-209
7138
14125
20396
25629
29557
31977
32766
31880
29363
25342
20022
13674
6622
-771
-8129
-15071
-21240
-26318
-30042
-32219
-32734
-31559
-28754
-24461
-18901
-12360
-5177
2276
9615
16457
22447
27271
30678
32489
32608
31026
27825
23169
17302
10527
3199
-4298
-11573
-18244
-23960
-28419
-31387
-32705
-32302
-30198
-26501
-21406
-15179
-8148
-684
6817
13962
20369
25700
29668
32064
32757
31710
28975
24698
19103
12488
5205
-2358
-9798
-16717
-22745
-27557
-30894
-32577
-32513
-30703
-27244
-22319
-16192
-9191
-1693
5898
13175
19743
25247
29388
31941
32765
31816
29141
24884
19276
12618
5272
-2362
-9871
-16845
-22903
-27714
-31014
-32621
-32445
-30495
-26875
-21781
-15492
-8351
-749
6896
14165
20658
26016
29942
32220
32721
31417
28377
23767
17841
10926
3403
-4310
-11787
-18613
-24407
-28847
-31684
-32759
-32010
-29476
-25298
-19707
-13013
-5590
2148
9769
16845
22980
27828
31116
32659
32366
30254
26438
21133
14635
7310
-430
-8148
-15409
-21801
-26962
-30598
-32502
-32563
-30778
-27244
-22162
-15818
-8572
-836
6950
14343
20920
26305
30190
32350
32661
31103
27762
22829
16586
9388
1649
-6187
-13670
-20369
-25898
-29936
-32249
-32702
-31267
-28024
-23161
-16955
-9766
-2009
5867
13405
20168
25762
29860
32222
32709
31291
28049
23169
16936
9711
1916
-5992
-13553
-20323
-25904
-29968
-32275
-32687
-31179
-27837
-22855
-16527
-9222
-1372
6562
14111
20829
26318
30252
32397
32623
30916
27374
22206
15718
8294
373
-7571
-15067
-21669
-26980
-30683
-32556
-32483
-30469
-26631
-21197
-14492
-6916
1077
9009
16402
22811
27851
31216
32702
32218
29790
25564
19793
12824
5078
-2978
-10856
-18080
-24210
-28873
-31785
-32766
-31757
-28816
-24119
-17952
-10689
-2772
5316
13083
20053
25799
29968
32304
32662
31017
27469
22233
15630
8064
0
-8067
-15639
-22251
-27492
-31038
-32669
-32282
-29899
-25665
-19840
-12785
-4935
3223
11185
18454
24578
29176
31960
32754
31507
28295
23317
16881
9388
1306
-6859
-14599
-21426
-26913
-30713
-32587
-32415
-30206
-26096
-20343
-13307
-5431
2789
10837
18204
24423
29100
31937
32755
31498
28244
23199
16679
9099
938
-7285
-15047
-21854
-27271
-30951
-32659
-32282
-29844
-25497
-19519
-12290
-4271
4023
12062
19330
25359
29762
32252
32670
30984
27303
21861
15008
7184
-1105
-9326
-16947
-23474
-28484
-31650
-32766
-31757
-28687
-23753
-17274
-9670
-1435
6896
14781
21705
27215
30951
32666
32248
29720
25247
19119
11737
3583
-4807
-12886
-20121
-26035
-30239
-32455
-32534
-30469
-26395
-20578
-13400
-5336
3083
11302
18775
25007
29584
32200
32681
30992
27244
21684
14679
6695
-1736
-10055
-17706
-24178
-29038
-31959
-32744
-31340
-27837
-22468
-15592
-7668
771
9163
16942
23583
28641
31772
32764
31548
28203
22955
16155
8261
-193
-8637
-16499
-23246
-28419
-31667
-32766
-31641
-28366
-23161
-16378
-8479
0
8482
16388
23178
28387
31659
32766
31633
28334
23092
16267
8323
-193
-8699
-16610
-23382
-28547
-31748
-32764
-31521
-28105
-22748
-15818
-7793
771
9287
17161
23850
28887
31923
32744
31292
27666
22114
15023
6884
-1736
-10238
-18030
-24565
-29387
-32158
-32681
-30919
-26991
-21173
-13868
-5590
3083
11543
19194
25499
30012
32414
32534
30361
26047
19895
12336
3903
-4807
-13181
-20625
-26610
-30711
-32637
-32248
-29569
-24790
-18247
-10405
-1820
6896
15124
22277
27843
31423
32760
31757
28483
23169
16196
8060
-655
-9326
-17331
-24094
-29127
-32068
-32703
-30984
-27033
-21133
-13707
-5289
3511
12062
19743
25999
30374
32552
32371
29844
25150
18630
10754
2094
-6719
-15047
-22282
-27896
-31478
-32765
-31661
-28244
-22763
-15616
-7324
1506
10228
18204
24847
29668
32313
32585
30461
26096
19809
12062
3423
-5469
-13962
-21426
-27310
-31178
-32740
-31881
-28661
-23317
-16242
-7961
912
9721
17811
24578
29519
32265
32608
30520
26157
19840
12041
3339
-5613
-14150
-21629
-27492
-31296
-32755
-31758
-28377
-22863
-15630
-7219
1736
10564
18599
25234
29968
32443
32468
30041
25342
18725
10689
1842
-7147
-15598
-22868
-28404
-31785
-32751
-31227
-27327
-21345
-13736
-5078
3969
12717
20496
26712
30887
32702
32014
28875
23522
16364
7950
-1077
-10024
-18204
-24986
-29848
-32414
-32483
-30050
-25298
-18593
-10451
-1499
7571
16058
23305
28750
31969
32711
30916
26720
20449
12587
3744
-5391
-14111
-21734
-27666
-31442
-32766
-31533
-27837
-21964
-14372
-5653
3510
12401
20323
26654
30894
32710
31957
28692
23169
15822
7226
-1941
-10958
-19113
-25762
-30378
-32596
-32237
-29328
-24096
-16955
-8469
691
9799
18132
25028
29936
32465
32412
29778
24772
17791
9388
234
-8940
-17404
-24479
-29598
-32350
-32513
-30072
-25219
-18342
-9991
-836
8388
16942
24135
29387
32275
32563
30226
25451
18620
10283
1113
-8148
-16754
-24006
-29316
-32252
-32574
-30254
-25477
-18630
-10266
-1066
8222
16845
24098
29390
32286
32549
30156
25298
18372
9941
695
-8610
-17213
-24407
-29603
-32371
-32482
-29925
-24908
-17841
-9305
0
9307
17850
24924
29942
32491
32356
29546
24293
17028
8351
-1019
-10308
-18745
-25629
-30386
-32621
-32145
-28995
-23432
-15917
-7073
2362
11603
19879
26497
30903
32728
31816
28241
22301
14491
5464
-4023
-13175
-21224
-27492
-31451
-32766
-31324
-27244
-20868
-12732
-3519
5992
15001
22745
28568
31977
32682
30619
25962
19103
10622
1238
-8253
-17047
-24394
-29668
-32420
-32412
-29643
-24347
-16973
-8148
1373
10781
19269
26112
30723
32705
31886
28334
22351
14449
5304
-4298
-13534
-21608
-27826
-31650
-32749
-31026
-26627
-19930
-11510
-2094
7504
16457
23989
29446
32355
32460
29752
24461
17046
8148
-1459
-10942
-19477
-26318
-30870
-32732
-31742
-27983
-21780
-13674
-4371
5316
14541
22496
28484
31977
32669
30495
25645
18541
9807
209
-9410
-18204
-25397
-30356
-32640
-32046
-28625
-22675
-14721
-5464
4278
13645
21806
28038
31787
32719
30748
26047
19032
10324
695
-8997
-17892
-25196
-30256
-32621
-32077
-28669
-22701
-14703
-5389
4409
13816
21989
28193
31872
32694
30582
25725
18555
9715
0
-9718
-18563
-25739
-30598
-32699
-31850
-28126
-21861
-13619
-4144
5708
15047
23026
28920
32194
32549
29951
24631
17073
7961
-1876
-11547
-20168
-26955
-31287
-32766
-31257
-26894
-20073
-11416
-1713
8148
17267
24807
30076
32589
32113
28690
22632
14492
5018
-4919
-14407
-22570
-28657
-32104
-32591
-30072
-24775
-17189
-8012
1907
11653
20323
27113
31393
32763
31094
26539
19519
10683
852
-9060
-18132
-25519
-30530
-32697
-31816
-27965
-21503
-13031
-3339
6667
16052
23938
29584
32459
32292
29097
23169
15065
5543
-4501
-14125
-22423
-28612
-32108
-32578
-29977
-24546
-16798
-7461
2582
12385
21019
27666
31694
32721
30647
25665
18247
9095
-923
-10856
-19760
-26786
-31264
-32766
-31146
-26556
-19431
-10451
-470
9557
18675
26008
30855
32749
31507
27244
20368
11537
1595
-8501
-17784
-25359
-30497
-32702
-31758
-27754
-21074
-12360
-2451
7696
17103
24860
30215
32648
31922
28105
21563
12929
3039
-7147
-16643
-24525
-30025
-32607
-32016
-28309
-21844
-13249
-3359
6859
16412
24364
29939
32588
32050
28377
21924
13322
3413
-6833
-16412
-24382
-29960
-32596
-32028
-28309
-21804
-13150
-3199
7069
16643
24578
30089
32630
31946
28105
21482
12732
2719
-7565
-17103
-24947
-30318
-32680
-31797
-27754
-20951
-12062
-1970
8320
17784
25478
30633
32732
31565
27244
20200
11134
952
-9326
-18675
-26154
-31014
-32765
-31228
-26556
-19215
-9941
333
10578
19760
26955
31436
32749
30759
25665
17979
8475
-1887
-12062
-21019
-27851
-31864
-32650
-30126
-24546
-16475
-6728
3703
13762
22423
28806
32258
32427
29291
23169
14683
4696
-5772
-15653
-23938
-29777
-32571
-32033
-28214
-21503
-12587
-2378
8077
17706
25519
30711
32748
31416
26850
19519
10175
-219
-10594
-19879
-27113
-31549
-32726
-30520
-25157
-17189
-7439
3083
13289
22119
28657
32222
32441
29289
23092
14492
4381
-6187
-16114
-24364
-30076
-32652
-31820
-27666
-20619
-11416
-1017
9491
19008
26537
31287
32757
30792
25595
17709
7961
-2625
-12939
-21894
-28547
-32194
-32451
-29286
-23032
-14346
-4144
6498
16457
24678
30291
32699
31644
27238
19943
10531
0
-10533
-19951
-27251
-31656
-32694
-30254
-24592
-16309
-6286
4409
14637
23305
29487
32519
32077
28203
21312
12137
1660
-8997
-18692
-26385
-31248
-32757
-30748
-25434
-17383
-7461
3266
13645
22556
29038
32390
32248
28625
21909
12824
2351
-8378
-18204
-26061
-31098
-32765
-30880
-25645
-17625
-7689
3083
13524
22496
29023
32393
32235
28565
21780
12618
2077
-8692
-18516
-26318
-31245
-32755
-30681
-25247
-17046
-6975
3863
14280
23132
29446
32527
32033
28015
20915
11510
836
-9932
-19609
-27125
-31650
-32682
-30103
-24198
-15616
-5304
5596
15880
24407
30232
32705
31550
26894
19250
9465
-1373
-12062
-21411
-28379
-32188
-32412
-29022
-22395
-13267
-2656
8253
18244
26197
31222
32754
30619
25054
16679
6433
-4537
-15001
-23783
-29895
-32648
-31731
-27244
-19690
-9916
976
11762
21224
28293
32170
32415
28997
22301
13080
2378
-8595
-18599
-26497
-31393
-32729
-30352
-24528
-15917
-5494
5554
15974
24578
30386
32734
31352
26395
18425
8351
-2679
-13405
-22602
-29217
-32491
-32046
-27932
-20616
-10936
0
10939
20625
27944
32055
32482
29173
22507
13249
2462
-8610
-18692
-26622
-31481
-32707
-30156
-24119
-15293
-4696
6446
16845
25296
30817
32766
30916
25477
17079
6695
-4468
-15115
-24006
-30106
-32702
-31489
-26606
-18620
-8460
2689
13528
22788
29387
32552
31909
27532
19930
9991
-1120
-12103
-21669
-28693
-32350
-32208
-28280
-21025
-11295
-234
10856
20671
28052
32127
32412
28871
21921
12379
1372
-9799
-19815
-27487
-31906
-32545
-29328
-22632
-13249
-2291
8940
19113
27016
31708
32629
29666
23169
13911
2992
-8285
-18577
-26654
-31549
-32677
-29899
-23544
-14372
-3477
7836
18214
26411
31442
32702
30037
23764
14635
3744
-7598
-18030
-26293
-31393
-32711
-30086
-23833
-14703
-3796
7571
18026
26305
31405
32707
30050
23753
14577
3632
-7754
-18204
-26446
-31479
-32688
-29925
-23522
-14256
-3253
8148
18560
26712
31608
32650
29706
23135
13736
2656
-8751
-19090
-27095
-31785
-32581
-29385
-22585
-13013
-1842
9557
19786
27585
31994
32468
28947
21861
12081
809
-10564
-20637
-28166
-32219
-32293
-28377
-20951
-10932
440
11762
21629
28819
32437
32033
27653
19840
9561
-1907
-13142
-22745
-29519
-32621
-31661
-26755
-18514
-7961
3586
14689
23960
30239
32740
31148
25658
16955
6128
-5469
-16384
-25247
-30944
-32759
-30461
-24336
-15151
-4058
7546
18204
26572
31595
32638
29565
22763
13087
1756
-9798
-20118
-27896
-32148
-32332
-28424
-20915
-10754
771
12203
22088
29171
32552
31797
27001
18769
8148
-3511
-14727
-24069
-30346
-32754
-30984
-25260
-16309
-5272
6439
17331
26008
31359
32696
29845
23169
13521
2137
-9523
-19964
-27843
-32146
-32318
-28334
-20703
-10405
1234
12717
22564
29503
32637
31559
26407
17841
6968
-4807
-15965
-25058
-30909
-32757
-30361
-24028
-14577
-3233
8533
19194
27364
31977
32433
28669
21173
10917
-762
-12345
-22321
-29387
-32619
-31592
-26438
-17828
-6884
4961
16161
25247
31028
32744
30168
23635
13998
2522
-9287
-19879
-27860
-32179
-32265
-28105
-20242
-9711
2101
13640
23382
30040
32733
31103
25362
16267
5018
-6896
-17901
-26537
-31659
-32585
-29190
-21921
-11741
0
11743
21929
29201
32589
31641
26480
17791
6728
-5233
-16499
-25566
-31222
-32709
-29826
-22955
-13013
-1327
10537
20994
28641
32450
31909
27088
18630
7668
-4324
-15739
-25041
-30976
-32744
-30105
-23411
-13561
-1880
10055
20637
28436
32397
31982
27244
18822
7852
-4182
-15653
-25007
-30974
-32743
-30072
-23319
-13400
-1660
10308
20879
28612
32455
31881
26966
18377
7282
-4807
-16245
-25468
-31216
-32702
-29720
-22675
-12528
-664
11292
21705
29147
32596
31576
26225
17274
5950
-6193
-17489
-26383
-31650
-32564
-28995
-21433
-10917
1105
12978
23064
29968
32737
30984
24950
15465
3839
-8320
-19330
-27666
-32170
-32217
-27796
-19519
-8531
3643
15314
24860
30951
32739
29972
23032
12884
938
-11141
-21669
-29176
-32613
-31498
-25982
-16835
-5332
6918
18204
26944
31912
32410
28366
20343
9465
-2743
-14569
-24351
-30713
-32759
-30198
-23387
-13283
-1306
10856
21492
29100
32604
31507
25962
16748
5166
-7147
-18454
-27152
-32008
-32332
-28076
-19840
-8789
3510
15314
24947
31038
32720
29752
22551
12140
0
-12143
-22559
-29762
-32723
-31017
-24884
-15198
-3339
8998
20053
28242
32393
31908
26854
17952
6476
-5930
-17489
-26541
-31785
-32465
-28481
-20402
-9388
2978
14918
24714
30951
32730
29790
22554
12062
-172
-12385
-22811
-29942
-32746
-30813
-24421
-14492
-2462
9926
20879
28806
32556
31581
26021
16679
4912
-7571
-18956
-27585
-32200
-32127
-27374
-18630
-7167
5342
17076
26318
31719
32485
28504
20353
9222
-3259
-15267
-25041
-31147
-32687
-29434
-21861
-11077
1334
13553
23783
30517
32764
30189
23169
12736
423
-11953
-22570
-29860
-32743
-30792
-24293
-14202
-2009
10483
21426
29201
32652
31267
25247
15482
3419
-9153
-20369
-28563
-32514
-31633
-26047
-16586
-4654
7973
19415
27967
32350
31910
26709
17520
5712
-6950
-18577
-27428
-32179
-32116
-27244
-18292
-6597
6088
17864
26962
32015
32263
27666
18910
7310
-5391
-17284
-26579
-31872
-32366
-27983
-19380
-7852
4862
16845
26287
31760
32433
28203
19707
8226
-4501
-16550
-26094
-31684
-32472
-28334
-19895
-8434
4310
16402
26003
31651
32486
28377
19946
8475
-4288
-16402
-26016
-31662
-32478
-28334
-19861
-8351
4437
16550
26133
31717
32445
28203
19638
8060
-4756
-16845
-26351
-31812
-32386
-27983
-19276
-7602
5243
17284
26666
31941
32293
27666
18769
6975
-5898
-17864
-27071
-32095
-32157
-27244
-18113
-6176
6719
18577
27557
32265
31968
26709
17302
5205
-7702
-19415
-28111
-32434
-31710
-26047
-16326
-4058
8843
20369
28719
32588
31368
25247
15179
2736
-10137
-21426
-29364
-32705
-30922
-24293
-13853
-1238
11573
22570
30025
32764
30353
23169
12339
-434
-13142
-23783
-30678
-32739
-29638
-21861
-10632
2276
14829
25041
31296
32604
28754
20353
8727
-4282
-16616
-26318
-31849
-32328
-27676
-18630
-6622
6439
18480
27585
32302
31880
26381
16679
4318
-8734
-20396
-28806
-32620
-31227
-24845
-14492
-1820
11144
22329
29942
32763
30335
23047
12062
-859
-13645
-24243
-30951
-32688
-29173
-20967
-9388
3703
16202
26094
31785
32354
27709
18593
6476
-6688
-18775
-27832
-32393
-31718
-25913
-15915
-3339
9779
21317
29402
32723
30737
23764
12933
0
-12935
-23772
-30745
-32720
-29372
-21243
-9654
3510
16105
26077
31798
32332
27590
18342
6096
-7147
-19226
-28162
-32493
-31507
-25362
-15061
-2291
10856
22227
29953
32765
30198
22670
11416
-1716
-14569
-25028
-31370
-32548
-28366
-19509
-7435
5867
18204
27539
32330
31782
25982
15887
3163
-10086
-21669
-29667
-32753
-30413
-23032
-11831
1334
14281
24860
31312
32563
28403
19519
7387
-5976
-18347
-27666
-32377
-31693
-25725
-15465
-2622
10659
22164
29968
32766
30086
22374
10917
-2369
-15261
-25599
-31650
-32396
-27709
-18372
-5950
7473
19643
28516
32596
31195
24546
13765
664
-12550
-23653
-30771
-32702
-29116
-20616
-8634
4807
17440
27128
32230
31881
26137
15968
3092
-10308
-21966
-29901
-32766
-30072
-22272
-10689
2711
15653
25937
31812
32275
27244
17574
4908
-8595
-20637
-29162
-32712
-30681
-23411
-12140
1206
14349
25041
31451
32480
27948
18630
6117
-7445
-19735
-28641
-32634
-31026
-24089
-13013
301
13567
24501
31222
32570
28309
19172
6728
-6876
-19298
-28393
-32589
-31159
-24347
-13326
0
13328
24354
31166
32585
28360
19220
6748
-6896
-19347
-28443
-32604
-31103
-24198
-13087
301
13640
24608
31294
32533
28105
18778
6176
-7504
-19879
-28786
-32669
-30847
-23635
-12290
1206
14493
25247
31583
32389
27520
17828
5008
-8692
-20870
-29387
-32745
-30352
-22624
-10917
2711
15865
26229
31977
32094
26556
16335
3233
-10442
-22277
-30182
-32757
-29546
-21112
-8944
4807
17712
27483
32390
31559
25136
14256
845
-12717
-24026
-31070
-32598
-28334
-19032
-6345
7473
19964
28903
32697
30666
23169
11540
-2148
-15456
-26008
-31918
-32127
-26596
-16309
-3103
10659
22517
30346
32741
29270
20553
8148
-5719
-18563
-28078
-32552
-31179
-24202
-12874
771
14281
25223
31625
32332
27214
17189
4062
-9798
-21894
-30040
-32762
-29565
-21025
-8682
5233
18204
27882
32514
31257
24336
13002
-691
-14262
-25247
-31650
-32307
-27094
-16955
-3732
10171
22227
30239
32747
29289
20494
7961
-6025
-18915
-28356
-32621
-30929
-23586
-11931
1907
15400
26077
31982
32033
26215
15592
2109
-11762
-23479
-30889
-32629
-28377
-18910
-5966
8077
20637
29402
32756
30080
21861
9613
-4409
-17621
-27585
-32459
-31342
-24435
-13013
816
14497
25499
31785
32188
26631
16140
2656
-11322
-23203
-30782
-32650
-28456
-18976
-5969
8148
20755
29503
32763
29925
21514
9095
-5021
-18204
-27995
-32564
-31058
-23753
-12011
1977
15598
26305
32095
31880
25698
14703
952
-12978
-24480
-31393
-32418
-27360
-17165
-3744
10381
22559
30497
32702
28754
19394
6380
-7836
-20580
-29446
-32762
-29899
-21393
-8847
5370
18577
28275
32630
30814
23169
11138
-3003
-16579
-27016
-32334
-31523
-24733
-13249
751
14612
25700
31906
32048
26096
15179
1372
-12698
-24354
-31371
-32412
-27273
-16932
-3359
10856
23003
30758
32638
28280
18514
5205
-9101
-21669
-30089
-32747
-29131
-19930
-6905
7445
20371
29387
32762
29844
21189
8460
-5898
-19125
-28673
-32702
-30433
-22301
-9868
4468
17946
27963
32585
30916
23274
11134
-3159
-16845
-27275
-32428
-31305
-24119
-12260
1977
15833
26622
32247
31615
24845
13249
-923
-14918
-26016
-32055
-31858
-25461
-14105
0
14107
25468
31864
32046
25975
14832
792
-13405
-24986
-31684
-32188
-26395
-15435
-1452
12817
24578
31525
32292
26727
15917
1981
-12345
-24250
-31393
-32366
-26976
-16280
-2378
11993
24006
31293
32415
27148
16527
2644
-11762
-23850
-31230
-32442
-27244
-16660
-2779
11653
23783
31206
32451
27267
16679
2783
-11667
-23806
-31222
-32441
-27217
-16586
-2656
11803
23919
31277
32412
27094
16378
2398
-12062
-24120
-31370
-32361
-26894
-16056
-2009
12441
24407
31496
32285
26615
15616
1488
-12939
-24777
-31650
-32178
-26251
-15055
-836
13553
25223
31826
32033
25797
14372
52
-14280
-25739
-32015
-31841
-25247
-13561
863
15115
26318
32208
31592
24592
12618
-1908
-16052
-26950
-32393
-31276
-23823
-11540
3083
17085
27622
32556
30880
22932
10324
-4384
-18204
-28323
-32682
-30389
-21909
-8965
5807
19399
29038
32755
29790
20744
7461
-7347
-20658
-29748
-32757
-29067
-19428
-5811
8997
21966
30436
32669
28203
17952
4016
-10746
-23305
-31079
-32468
-27184
-16309
-2077
12583
24657
31656
32135
25992
14491
0
-14493
-25999
-32139
-31644
-24613
-12494
2208
16457
27304
32503
30975
23032
10317
-4537
-18454
-28547
-32719
-30103
-21238
-7961
6971
20458
29694
32757
29007
19220
5431
-9491
-22439
-30713
-32587
-27666
-16973
-2736
12073
24364
31568
32177
26060
14492
-108
-14689
-26197
-32222
-31498
-24174
-11781
3083
17304
27896
32634
30520
21996
8847
-6162
-19879
-29416
-32766
-29219
-19519
-5706
9311
22368
30711
32578
27570
16743
2378
-12491
-24723
-31732
-32033
-25558
-13674
1105
15653
26888
32428
31095
23169
10328
-4707
-18745
-28806
-32750
-29736
-20402
-6728
8378
21705
30414
32650
27932
17262
2911
-12062
-24465
-31651
-32083
-25665
-13765
1077
15692
26955
32455
31012
22932
9941
-5180
-19194
-29098
-32765
-29406
-19738
-5832
9326
22486
30817
32526
27244
16102
1495
-13436
-25478
-32035
-31693
-24521
-12062
2999
17416
28078
32680
30226
21243
7668
-7565
-21167
-30192
-32685
-28105
-17438
-2992
12103
24578
31727
31995
25321
13150
-1876
-16499
-27539
-32596
-30567
-21889
-8448
6833
20630
29936
32722
28377
17845
3419
-11753
-24364
-31659
-32040
-25423
-13249
1823
16499
27568
32607
30508
21729
8189
-7147
-20920
-30108
-32693
-28105
-17347
-2779
12401
24860
31856
31850
24838
12360
-2839
-17416
-28160
-32702
-30037
-20749
-6884
8501
22013
30668
32552
27244
15915
1066
-14020
-26008
-32243
-31342
-23500
-10451
4915
19194
29220
32766
29042
18871
4509
-10856
-23813
-31479
-32147
-25665
-13473
1720
16533
27666
32637
30335
21271
7461
-8015
-21705
-30552
-32578
-27327
-15968
-1038
14125
26133
32294
31228
23169
9920
-5554
-19786
-29584
-32748
-28565
-17970
-3339
12043
24723
31849
31816
24627
11897
-3511
-18132
-28673
-32755
-29458
-19519
-5177
10334
23516
31393
32182
25702
13414
-1907
-16800
-27896
-32682
-30072
-20653
-6555
9029
22570
30997
32395
26445
14492
-751
-15827
-27310
-32589
-30461
-21406
-7481
8148
21926
30713
32507
26894
15151
-48
-15238
-26955
-32522
-30664
-21804
-7961
7702
21608
30575
32549
27076
15403
202
-15047
-26852
-32503
-30703
-21861
-8002
7696
21629
30598
32538
27001
15255
0
-15257
-27007
-32541
-30582
-21579
-7602
8129
21989
30779
32468
26664
14703
-655
-15865
-27411
-32621
-30288
-20948
-6758
8997
22672
31098
32318
26047
13736
-1763
-16855
-28038
-32713
-29790
-19946
-5464
10289
23653
31516
32046
25116
12336
-3319
-18204
-28847
-32766
-29042
-18541
-3711
11987
24889
31977
31593
23823
10480
-5316
-19871
-29777
-32711
-27983
-16697
-1495
14059
26318
32404
30885
22114
8148
-7733
-21801
-30745
-32460
-26539
-14372
1180
16457
27860
32699
29832
19930
5325
-10537
-23916
-31650
-31910
-24631
-11530
4298
19113
29409
32747
28334
17210
2009
-13670
-26112
-32365
-30942
-22178
-8148
7817
21929
30833
32412
26285
13907
-1780
-17047
-28259
-32743
-29429
-19103
-4222
11667
24777
31977
31548
23586
9991
-5992
-20546
-30192
-32619
-27244
-15350
219
15739
27492
32660
30001
20149
5464
-10533
-24006
-31719
-31816
-24270
-10892
5106
19879
29873
32681
27625
15917
373
-15261
-27221
-32621
-30156
-20416
-5748
10308
23879
31684
31836
24293
10875
-5173
-19973
-29942
-32665
-27477
-15633
0
15636
27483
32666
29925
19920
5078
-10999
-24407
-31886
-31615
-23656
-9941
6193
20824
30386
32549
26782
14487
-1341
-16845
-28242
-32749
-29262
-18630
-3445
12583
25539
32252
31078
22301
8064
-8148
-22368
-31111
-32231
-25451
-12429
3643
18824
29387
32737
28047
16465
836
-15001
-27152
-32625
-30072
-20115
-5205
10989
24479
31937
31523
23335
9388
-6876
-21447
-30723
-32412
-26092
-13322
2743
18132
29038
32759
28371
16955
1338
-14612
-26944
-32596
-30164
-20247
-5304
10958
24501
31960
31477
23169
9099
-7236
-21774
-30894
-32323
-25702
-12676
3510
18824
29446
32724
27837
16000
166
-15711
-27666
-32707
-29572
-19041
-3744
12491
25602
32304
30916
21780
7184
-9215
-23305
-31551
-31880
-24205
-10451
5930
20824
30486
32483
26311
13518
-2679
-18204
-29147
-32749
-28098
-16364
-502
15488
27574
32702
29574
18976
3583
-12717
-25806
-32371
-30748
-21345
-6538
9926
23879
31785
31636
23467
9346
-7147
-21830
-30974
-32254
-25342
-11991
4409
19692
29968
32623
26976
14462
-1736
-17495
-28798
-32764
-28377
-16752
-852
15267
27492
32699
29554
18857
3339
-13034
-26077
-32450
-30520
-20777
-5712
10817
24578
32042
31291
22515
7961
-8637
-23021
-31496
-31881
-24075
-10079
6509
21426
30833
32307
25463
12062
-4448
-19815
-30076
-32585
-26689
-13907
2465
18204
29244
32732
27762
15616
-569
-16610
-28356
-32765
-28692
-17189
-1231
15047
27428
32699
29490
18630
2932
-13528
-26478
-32552
-30168
-19943
-4530
12062
25519
32337
30737
21133
6022
-10659
-24565
-32068
-31208
-22206
-7407
9326
23628
31760
31593
23169
8686
-8070
-22719
-31423
-31903
-24028
-9858
6896
21846
31070
32147
24790
10926
-5807
-21019
-30711
-32336
-25461
-11891
4807
20244
30356
32478
26047
12755
-3899
-19528
-30012
-32581
-26556
-13521
3083
18877
29687
32654
26991
14192
-2362
-18294
-29387
-32703
-27360
-14769
1736
17784
29119
32734
27666
15255
-1206
-17349
-28887
-32752
-27913
-15652
771
16993
28695
32761
28105
15962
-434
-16717
-28547
-32765
-28244
-16186
193
16523
28443
32766
28334
16326
-48
-16412
-28387
-32766
-28374
-16382
0
0
0
0
0
0
0
0
0
0
0
0
0
0
0
0
0
0
0
0
0
0
0
0
0
0
0
0
0
0
0
0
0
0
0
0
0
0
0
0
0
0
0
0
0
0
0
0
0
0
0
0
0
0
0
0
0
0
0
0
0
0
0
0
0
0
0
0
0
0
0
0
0
0
0
0
0
0
0
0
0
0
0
0
0
0
0
0
0
0
0
0
0
0
0
0
0
0
0
0
0
0
0
0
0
0
0
0
0
0
0
0
0
0
0
0
0
0
0
0
0
0
0
0
0
0
0
0
0
0
0
0
0
0
0
0
0
0
0
0
0
0
0
0
0
0
0
0
0
0
0
0
0
0
0
0
0
0
0
0
0
0
0
0
0
0
0
0
0
0
0
0
0
0
0
0
0
0
0
0
0
0
0
0
0
0
0
0
0
0
0
0
0
0
0
0
0
0
0
0
0
0
0
0
0
0
0
0
0
0
0
0
0
0
0
0
0
0
0
0
0
0
0
0
0
0
0
0
0
0
0
0
0
0
0
0
0
0
0
0
0
0
0
0
0
0
0
0
0
0
0
0
0
0
0
0
0
0
0
0
0
0
0
0
0
0
0
0
0
0
0
0
0
0
0
0
0
0
0
0
0
0
0
0
0
0
0
0
0
0
0
0
0
0
0
0
0
0
0
0
0
0
0
0
0
0
0
0
0
0
0
0
0
0
0
0
0
0
0
0
0
0
0
0
0
0
0
0
0
0
0
0
0
0
0
0
0
0
0
0
0
0
0
0
0
0
0
0
0
0
0
0
0
0
0
0
0
0
0
0
0
0
0
0
0
0
0
0
0
0
0
0
0
0
0
0
0
0
0
0
0
0
0
0
0
0
0
0
0
0
0
0
0
0
0
0
0
0
0
0
0
0
0
0
0
0
0
0
0
0
0
0
0
0
0
0
0
0
0
0
0
0
0
0
0
0
0
0
0
0
0
0
0
0
0
0
0
0
0
0
0
0
0
0
0
0
0
0
0
0
0
0
0
0
0
0
0
0
0
0
0
0
0
0
0
0
0
0
0
0
0
0
0
0
0
0
0
0
0
0
0
0
0
0
0
0
0
0
0
0
0
0
0
0
0
0
0
0
0
0
0
0
0
0
0
0
0
0
0
0
0
0
0
0
0
0
0
0
0
0
0
0
0
0
0
0
0
0
0
0
0
0
0
0
0
0
0
0
0
0
0
0
0
0
0
0
0
0
0
0
0
0
0
0
0
0
0
0
0
0
0
0
0
0
0
0
0
0
0
0
0
0
0
0
0
0
0
0
0
0
0
0
0
0
0
0
0
0
0
0
0
0
0
0
0
0
0
0
0
0
0
0
0
0
0
0
0
0
0
0
0
0
0
0
0
0
0
0
0
0
0
0
0
0
0
0
0
0
0
0
0
0
0
0
0
0
0
0
0
0
0
0
0
0
0
0
0
0
0
0
0
0
0
0
0
0
0
0
0
0
0
0
0
0
0
0
0
0
0
0
0
0
0
0
0
0
0
0
0
0
0
0
0
0
0
0
0
0
0
0
0
0
0
0
0
0
0
0
0
0
0
0
0
0
0
0
0
0
0
0
0
0
0
0
0
0
0
0
0
0
0
0
0
0
0
0
0
0
0
0
0
0
0
0
0
0
0
0
0
0
0
0
0
0
0
0
0
0
0
0
0
0
0
0
0
0
0
0
0
0
0
0
0
0
0
0
0
0
0
0
0
0
0
0
0
0
0
0
0
0
0
0
0
0
0
0
0
0
0
0
0
0
0
0
0
0
0
0
0
0
0
0
0
0
0
0
0
0
0
0
0
0
0
0
0
0
0
0
0
0
0
0
0
0
0
0
0
0
0
0
0
0
0
0
0
0
0
0
0
0
0
0
0
0
0
0
0
0
0
0
0
0
0
0
0
0
0
0
0
0
0
0
0
0
0
0
0
0
0
0
0
0
0
0
0
0
0
0
0
0
0
0
0
0
0
0
0
0
0
0
0
0
0
0
0
0
0
0
0
0
0
0
0
0
0
0
0
0
0
0
0
0
0
0
0
0
0
0
0
0
0
0
0
0
0
0
0
0
0
0
0
0
0
0
0
0
0
0
0
0
0
0
0
0
0
0
0
0
0
0
0
0
0
0
0
0
0
0
0
0
13106
12795
11878
10402
8444
6105
3505
775
-1948
-4532
-6852
-8802
-10296
-11276
-11710
-11596
-10959
-9850
-8343
-6525
-4499
-2368
-238
1793
3639
5228
6505
7435
8005
8215
8088
7656
6965
6067
5017
3870
2680
1494
353
-711
-1673
-2517
-3233
-3818
-4272
-4598
-4802
-4889
-4864
-4731
-4494
-4156
-3719
-3189
-2570
-1872
-1107
-291
553
1405
2236
3016
3715
4305
4759
5054
5174
5109
4856
4423
3823
3080
2222
1284
304
-677
-1620
-2486
-3242
-3859
-4315
-4596
-4697
-4620
-4373
-3975
-3447
-2817
-2115
-1371
-619
112
796
1408
1929
2346
2650
2839
2913
2882
2756
2551
2283
1972
1638
1299
974
678
421
213
56
-49
-111
-139
-146
-148
-163
-209
-302
-456
-678
-973
-1335
-1755
-2213
-2684
-3135
-3532
-3834
-4004
-4007
-3812
-3400
-2760
-1896
-827
413
1778
3207
4627
5962
7129
8051
8655
8883
8692
8059
6987
5502
3656
1524
-796
-3195
-5548
-7730
-9617
-11098
-12079
-12489
-12288
-11468
-10055
-8109
-5720
-3007
-107
2827
5642
8185
10319
11928
12924
13254
12901
11887
10271
8146
5633
2875
26
-2755
-5318
-7524
-9259
-10439
-11013
-10965
-10319
-9130
-7486
-5497
-3294
-1012
1210
3244
4977
6319
7205
7602
7510
6956
5998
4714
3202
1568
-77
-1629
-2990
-4081
-4843
-5239
-5259
-4917
-4249
-3309
-2169
-909
385
1631
2750
3677
4358
4758
4861
4667
4197
3485
2578
1535
416
-713
-1791
-2762
-3577
-4198
-4600
-4769
-4705
-4419
-3932
-3276
-2488
-1608
-683
244
1132
1942
2641
3203
3607
3844
3909
3808
3551
3158
2651
2060
1416
751
98
-512
-1051
-1497
-1832
-2046
-2134
-2103
-1964
-1735
-1440
-1109
-770
-456
-192
-5
89
82
-28
-232
-513
-842
-1187
-1509
-1769
-1928
-1953
-1817
-1505
-1012
-349
458
1375
2349
3323
4232
5009
5592
5925
5965
5684
5072
4141
2922
1467
-154
-1861
-3562
-5160
-6563
-7686
-8458
-8826
-8760
-8254
-7328
-6026
-4415
-2578
-614
1372
3276
4999
6452
7564
8286
8591
8478
7969
7107
5955
4588
3090
1546
39
-1355
-2577
-3581
-4339
-4840
-5091
-5114
-4942
-4616
-4180
-3679
-3150
-2625
-2127
-1666
-1244
-852
-477
-99
298
733
1213
1739
2301
2880
3444
3955
4370
4645
4738
4616
4255
3649
2807
1759
550
-756
-2086
-3358
-4486
-5390
-6001
-6266
-6152
-5653
-4788
-3604
-2171
-579
1065
2650
4065
5207
5988
6347
6249
5693
4709
3361
1740
-42
-1858
-3575
-5065
-6214
-6931
-7153
-6852
-6038
-4760
-3097
-1162
913
2985
4906
6539
7765
8492
8664
8263
7310
5867
4030
1923
-309
-2518
-4553
-6276
-7576
-8369
-8610
-8294
-7455
-6166
-4528
-2669
-727
1153
2839
4214
5189
5709
5755
5347
4542
3426
2112
724
-606
-1759
-2626
-3130
-3221
-2891
-2166
-1111
179
1588
2981
4223
5187
5762
5869
5463
4540
3137
1334
-756
-2990
-5210
-7249
-8948
-10166
-10791
-10753
-10023
-8623
-6620
-4128
-1296
1700
4672
7426
9782
11587
12720
13106
12720
11587
9782
7426
4672
1700
-1296
-4128
-6620
-8623
-10023
-10753
-10791
-10166
-8948
-7249
-5210
-2990
-756
1334
3137
4540
5463
5869
5762
5187
4223
2981
1588
179
-1111
-2166
-2891
-3221
-3130
-2626
-1759
-606
724
2112
3426
4542
5347
5755
5709
5189
4214
2839
1153
-727
-2669
-4528
-6166
-7455
-8294
-8610
-8369
-7576
-6276
-4553
-2518
-309
1923
4030
5867
7310
8263
8664
8492
7765
6539
4906
2985
913
-1162
-3097
-4760
-6038
-6852
-7153
-6931
-6214
-5065
-3575
-1858
-42
1740
3361
4709
5693
6249
6347
5988
5207
4065
2650
1065
-579
-2171
-3604
-4788
-5653
-6152
-6266
-6001
-5390
-4486
-3358
-2086
-756
550
1759
2807
3649
4255
4616
4738
4645
4370
3955
3444
2880
2301
1739
1213
733
298
-99
-477
-852
-1244
-1666
-2127
-2625
-3150
-3679
-4180
-4616
-4942
-5114
-5091
-4840
-4339
-3581
-2577
-1355
39
1546
3090
4588
5955
7107
7969
8478
8591
8286
7564
6452
4999
3276
1372
-614
-2578
-4415
-6026
-7328
-8254
-8760
-8826
-8458
-7686
-6563
-5160
-3562
-1861
-154
1467
2922
4141
5072
5684
5965
5925
5592
5009
4232
3323
2349
1375
458
-349
-1012
-1505
-1817
-1953
-1928
-1769
-1509
-1187
-842
-513
-232
-28
82
89
-5
-192
-456
-770
-1109
-1440
-1735
-1964
-2103
-2134
-2046
-1832
-1497
-1051
-512
98
751
1416
2060
2651
3158
3551
3808
3909
3844
3607
3203
2641
1942
1132
244
-683
-1608
-2488
-3276
-3932
-4419
-4705
-4769
-4600
-4198
-3577
-2762
-1791
-713
416
1535
2578
3485
4197
4667
4861
4758
4358
3677
2750
1631
385
-909
-2169
-3309
-4249
-4917
-5259
-5239
-4843
-4081
-2990
-1629
-77
1568
3202
4714
5998
6956
7510
7602
7205
6319
4977
3244
1210
-1012
-3294
-5497
-7486
-9130
-10319
-10965
-11013
-10439
-9259
-7524
-5318
-2755
26
2875
5633
8146
10271
11887
12901
13254
12924
11928
10319
8185
5642
2827
-107
-3007
-5720
-8109
-10055
-11468
-12288
-12489
-12079
-11098
-9617
-7730
-5548
-3195
-796
1524
3656
5502
6987
8059
8692
8883
8655
8051
7129
5962
4627
3207
1778
413
-827
-1896
-2760
-3400
-3812
-4007
-4004
-3834
-3532
-3135
-2684
-2213
-1755
-1335
-973
-678
-456
-302
-209
-163
-148
-146
-139
-111
-49
56
213
421
678
974
1299
1638
1972
2283
2551
2756
2882
2913
2839
2650
2346
1929
1408
796
112
-619
-1371
-2115
-2817
-3447
-3975
-4373
-4620
-4697
-4596
-4315
-3859
-3242
-2486
-1620
-677
304
1284
2222
3080
3823
4423
4856
5109
5174
5054
4759
4305
3715
3016
2236
1405
553
-291
-1107
-1872
-2570
-3189
-3719
-4156
-4494
-4731
-4864
-4889
-4802
-4598
-4272
-3818
-3233
-2517
-1673
-711
353
1494
2680
3870
5017
6067
6965
7656
8088
8215
8005
7435
6505
5228
3639
1793
-238
-2368
-4499
-6525
-8343
-9850
-10959
-11596
-11710
-11276
-10296
-8802
-6852
-4532
-1948
775
3505
6105
8444
10402
11878
12795
0
0
0
0
0
0
0
0
0
0
0
0
0
0
0
0
0
0
0
0
0
0
0
0
0
0
0
0
0
0
0
0
0
0
0
0
0
0
0
0
0
0
0
0
0
0
0
0
0
0
0
0
0
0
0
0
0
0
0
0
0
0
0
0
0
0
0
-3276
-3285
-3305
-3318
-3299
-3213
-3025
-2702
-2216
-1552
-706
306
1455
2691
3951
5162
6242
7110
7689
7916
7743
7146
6124
4706
2948
930
-1244
-3459
-5588
-7501
-9081
-10221
-10841
-10886
-10336
-9207
-7550
-5448
-3013
-379
2305
4888
7219
9163
10607
11467
11693
11273
10234
8637
6579
4181
1585
-1057
-3595
-5885
-7799
-9237
-10126
-10430
-10146
-9309
-7983
-6261
-4257
-2097
87
2168
4029
5571
6719
7426
7674
7472
6860
5899
4668
3262
1778
314
-1038
-2204
-3122
-3753
-4079
-4106
-3859
-3381
-2729
-1970
-1174
-408
265
796
1148
1300
1251
1015
623
118
-446
-1013
-1523
-1921
-2161
-2207
-2039
-1653
-1061
-292
609
1589
2583
3523
4341
4972
5365
5475
5279
4769
3955
2867
1554
77
-1488
-3061
-4555
-5887
-6980
-7767
-8197
-8236
-7872
-7112
-5986
-4543
-2849
-986
957
2884
4701
6317
7652
8640
9232
9400
9139
8461
7405
6024
4387
2578
683
-1204
-2997
-4616
-5989
-7062
-7797
-8174
-8191
-7866
-7232
-6333
-5228
-3976
-2645
-1297
9
1223
2303
3220
3955
4501
4862
5050
5083
4983
4773
4477
4112
3696
3238
2745
2217
1653
1051
407
-278
-1002
-1755
-2521
-3276
-3993
-4637
-5172
-5560
-5767
-5762
-5526
-5048
-4332
-3394
-2268
-997
359
1737
3065
4271
5287
6054
6526
6672
6481
5962
5145
4076
2822
1457
66
-1265
-2457
-3437
-4148
-4551
-4630
-4390
-3861
-3090
-2145
-1104
-53
923
1744
2343
2668
2690
2404
1828
1006
0
-1109
-2232
-3274
-4143
-4756
-5047
-4972
-4510
-3670
-2487
-1022
642
2405
4157
5783
7175
8234
8881
9062
8749
7944
6682
5022
3051
874
-1393
-3626
-5706
-7520
-8973
-9992
-10528
-10561
-10097
-9171
-7840
-6181
-4286
-2254
-187
1816
3667
5291
6628
7638
8299
8608
8578
8236
7621
6777
5754
4600
3365
2090
815
-428
-1611
-2713
-3715
-4599
-5352
-5958
-6403
-6673
-6754
-6635
-6307
-5768
-5021
-4079
-2965
-1711
-361
1033
2414
3719
4882
5844
6553
6966
7056
6814
6248
5388
4280
2986
1580
146
-1232
-2475
-3510
-4279
-4743
-4883
-4704
-4232
-3515
-2618
-1618
-597
359
1176
1788
2148
2229
2029
1571
897
72
-826
-1713
-2502
-3112
-3473
-3537
-3277
-2692
-1808
-678
623
2007
3370
4609
5623
6327
6654
6563
6044
5115
3828
2258
506
-1313
-3079
-4671
-5980
-6914
-7411
-7434
-6983
-6093
-4826
-3276
-1555
213
1902
3390
4572
5367
5724
5623
5083
4153
2915
1474
-49
-1529
-2842
-3876
-4542
-4780
-4563
-3901
-2838
-1455
144
1835
3482
4949
6114
6870
7141
6886
6100
4818
3115
1095
-1111
-3357
-5489
-7357
-8830
-9797
-10184
-9951
-9103
-7684
-5775
-3493
-975
1620
4136
6417
8323
9743
10593
10830
10449
9483
8003
6107
3919
1577
-775
-3001
-4973
-6586
-7763
-8454
-8644
-8348
-7611
-6501
-5106
-3524
-1858
-210
1327
2677
3778
4591
5096
5294
5204
4860
4306
3593
2774
1900
1018
167
-619
-1320
-1921
-2412
-2793
-3062
-3223
-3276
-3223
-3062
-2793
-2412
-1921
-1320
-619
167
1018
1900
2774
3593
4306
4860
5204
5294
5096
4591
3778
2677
1327
-210
-1858
-3524
-5106
-6501
-7611
-8348
-8644
-8454
-7763
-6586
-4973
-3001
-775
1577
3919
6107
8003
9483
10449
10830
10593
9743
8323
6417
4136
1620
-975
-3493
-5775
-7684
-9103
-9951
-10184
-9797
-8830
-7357
-5489
-3357
-1111
1095
3115
4818
6100
6886
7141
6870
6114
4949
3482
1835
144
-1455
-2838
-3901
-4563
-4780
-4542
-3876
-2842
-1529
-49
1474
2915
4153
5083
5623
5724
5367
4572
3390
1902
213
-1555
-3276
-4826
-6093
-6983
-7434
-7411
-6914
-5980
-4671
-3079
-1313
506
2258
3828
5115
6044
6563
6654
6327
5623
4609
3370
2007
623
-678
-1808
-2692
-3277
-3537
-3473
-3112
-2502
-1713
-826
72
897
1571
2029
2229
2148
1788
1176
359
-597
-1618
-2618
-3515
-4232
-4704
-4883
-4743
-4279
-3510
-2475
-1232
146
1580
2986
4280
5388
6248
6814
7056
6966
6553
5844
4882
3719
2414
1033
-361
-1711
-2965
-4079
-5021
-5768
-6307
-6635
-6754
-6673
-6403
-5958
-5352
-4599
-3715
-2713
-1611
-428
815
2090
3365
4600
5754
6777
7621
8236
8578
8608
8299
7638
6628
5291
3667
1816
-187
-2254
-4286
-6181
-7840
-9171
-10097
-10561
-10528
-9992
-8973
-7520
-5706
-3626
-1393
874
3051
5022
6682
7944
8749
9062
8881
8234
7175
5783
4157
2405
642
-1022
-2487
-3670
-4510
-4972
-5047
-4756
-4143
-3274
-2232
-1109
0
1006
1828
2404
2690
2668
2343
1744
923
-53
-1104
-2145
-3090
-3861
-4390
-4630
-4551
-4148
-3437
-2457
-1265
66
1457
2822
4076
5145
5962
6481
6672
6526
6054
5287
4271
3065
1737
359
-997
-2268
-3394
-4332
-5048
-5526
-5762
-5767
-5560
-5172
-4637
-3993
-3276
-2521
-1755
-1002
-278
407
1051
1653
2217
2745
3238
3696
4112
4477
4773
4983
5083
5050
4862
4501
3955
3220
2303
1223
9
-1297
-2645
-3976
-5228
-6333
-7232
-7866
-8191
-8174
-7797
-7062
-5989
-4616
-2997
-1204
683
2578
4387
6024
7405
8461
9139
9400
9232
8640
7652
6317
4701
2884
957
-986
-2849
-4543
-5986
-7112
-7872
-8236
-8197
-7767
-6980
-5887
-4555
-3061
-1488
77
1554
2867
3955
4769
5279
5475
5365
4972
4341
3523
2583
1589
609
-292
-1061
-1653
-2039
-2207
-2161
-1921
-1523
-1013
-446
118
623
1015
1251
1300
1148
796
265
-408
-1174
-1970
-2729
-3381
-3859
-4106
-4079
-3753
-3122
-2204
-1038
314
1778
3262
4668
5899
6860
7472
7674
7426
6719
5571
4029
2168
87
-2097
-4257
-6261
-7983
-9309
-10146
-10430
-10126
-9237
-7799
-5885
-3595
-1057
1585
4181
6579
8637
10234
11273
11693
11467
10607
9163
7219
4888
2305
-379
-3013
-5448
-7550
-9207
-10336
-10886
-10841
-10221
-9081
-7501
-5588
-3459
-1244
930
2948
4706
6124
7146
7743
7916
7689
7110
6242
5162
3951
2691
1455
306
-706
-1552
-2216
-2702
-3025
-3213
-3299
-3318
-3305
-3285
0
0
0
0
0
0
0
0
0
0
0
0
0
0
0
0
0
0
0
0
0
0
0
0
0
0
0
0
0
0
0
0
0
0
0
0
0
0
0
0
0
0
0
0
0
0
0
0
0
0
0
0
0
0
0
0
0
0
0
0
0
0
0
0
0
0
0
6553
6388
5904
5125
4095
2867
1507
88
-1317
-2636
-3801
-4756
-5456
-5870
-5983
-5799
-5333
-4620
-3704
-2639
-1484
-304
840
1892
2801
3527
4043
4332
4393
4236
3883
3365
2720
1994
1229
472
-237
-863
-1379
-1765
-2012
-2119
-2095
-1956
-1726
-1432
-1104
-773
-465
-206
-16
93
116
55
-79
-271
-499
-737
-957
-1130
-1231
-1238
-1133
-910
-566
-110
438
1056
1708
2358
2961
3477
3862
4080
4102
3908
3488
2848
2004
986
-160
-1384
-2624
-3812
-4883
-5770
-6416
-6774
-6808
-6502
-5856
-4889
-3639
-2161
-525
1187
2889
4491
5904
7050
7863
8294
8314
7915
7115
5952
4485
2790
958
-913
-2727
-4384
-5799
-6898
-7626
-7951
-7862
-7372
-6518
-5355
-3955
-2401
-784
806
2284
3573
4610
5351
5771
5863
5641
5137
4397
3479
2447
1368
306
-679
-1540
-2239
-2753
-3070
-3196
-3143
-2938
-2611
-2196
-1729
-1243
-766
-320
77
420
707
940
1127
1278
1400
1499
1579
1638
1669
1662
1604
1480
1276
983
594
113
-449
-1073
-1727
-2374
-2971
-3470
-3824
-3991
-3937
-3639
-3088
-2294
-1283
-99
1197
2535
3833
5007
5973
6659
7003
6965
6524
5688
4487
2978
1240
-632
-2531
-4344
-5962
-7284
-8226
-8729
-8759
-8311
-7411
-6114
-4499
-2666
-726
1202
3004
4577
5833
6709
7170
7208
6848
6138
5150
3972
2703
1441
278
-705
-1453
-1930
-2126
-2062
-1778
-1340
-825
-318
97
344
365
121
-397
-1172
-2156
-3276
-4438
-5533
-6449
-7074
-7312
-7089
-6361
-5118
-3389
-1243
1215
3853
6513
9024
11215
12927
14023
14397
13987
12778
10804
8151
4950
1369
-2392
-6122
-9601
-12624
-15010
-16612
-17331
-17121
-15992
-14007
-11285
-7987
-4306
-459
3330
6845
9889
12299
13954
14782
14765
13935
12377
10216
7612
4744
1801
-1029
-3581
-5710
-7309
-8314
-8702
-8495
-7754
-6575
-5079
-3402
-1685
-63
1344
2441
3161
3472
3377
2909
2134
1138
22
-1104
-2136
-2978
-3554
-3808
-3715
-3276
-2522
-1507
-305
993
2296
3506
4537
5318
5793
5934
5734
5210
4403
3369
2179
913
-350
-1536
-2580
-3431
-4055
-4436
-4579
-4502
-4241
-3838
-3344
-2806
-2272
-1778
-1353
-1008
-746
-555
-411
-286
-145
44
312
678
1152
1729
2391
3108
3835
4521
5108
5540
5763
5733
5421
4812
3911
2741
1348
-208
-1855
-3507
-5077
-6476
-7625
-8454
-8912
-8965
-8602
-7835
-6697
-5242
-3541
-1676
260
2178
3984
5597
6943
7968
8633
8916
8817
8352
7554
6468
5152
3668
2083
466
-1118
-2610
-3957
-5114
-6045
-6725
-7136
-7273
-7138
-6740
-6099
-5240
-4196
-3004
-1708
-355
1003
2316
3530
4595
5464
6095
6457
6526
6295
5767
4961
3913
2669
1291
-151
-1583
-2925
-4102
-5044
-5696
-6015
-5979
-5586
-4855
-3829
-2568
-1149
339
1803
3148
4285
5137
5647
5776
5514
4873
3893
2637
1187
-360
-1901
-3331
-4551
-5475
-6039
-6199
-5942
-5280
-4254
-2933
-1401
237
1873
3396
4704
5707
6338
6553
6338
5707
4704
3396
1873
237
-1401
-2933
-4254
-5280
-5942
-6199
-6039
-5475
-4551
-3331
-1901
-360
1187
2637
3893
4873
5514
5776
5647
5137
4285
3148
1803
339
-1149
-2568
-3829
-4855
-5586
-5979
-6015
-5696
-5044
-4102
-2925
-1583
-151
1291
2669
3913
4961
5767
6295
6526
6457
6095
5464
4595
3530
2316
1003
-355
-1708
-3004
-4196
-5240
-6099
-6740
-7138
-7273
-7136
-6725
-6045
-5114
-3957
-2610
-1118
466
2083
3668
5152
6468
7554
8352
8817
8916
8633
7968
6943
5597
3984
2178
260
-1676
-3541
-5242
-6697
-7835
-8602
-8965
-8912
-8454
-7625
-6476
-5077
-3507
-1855
-208
1348
2741
3911
4812
5421
5733
5763
5540
5108
4521
3835
3108
2391
1729
1152
678
312
44
-145
-286
-411
-555
-746
-1008
-1353
-1778
-2272
-2806
-3344
-3838
-4241
-4502
-4579
-4436
-4055
-3431
-2580
-1536
-350
913
2179
3369
4403
5210
5734
5934
5793
5318
4537
3506
2296
993
-305
-1507
-2522
-3276
-3715
-3808
-3554
-2978
-2136
-1104
22
1138
2134
2909
3377
3472
3161
2441
1344
-63
-1685
-3402
-5079
-6575
-7754
-8495
-8702
-8314
-7309
-5710
-3581
-1029
1801
4744
7612
10216
12377
13935
14765
14782
13954
12299
9889
6845
3330
-459
-4306
-7987
-11285
-14007
-15992
-17121
-17331
-16612
-15010
-12624
-9601
-6122
-2392
1369
4950
8151
10804
12778
13987
14397
14023
12927
11215
9024
6513
3853
1215
-1243
-3389
-5118
-6361
-7089
-7312
-7074
-6449
-5533
-4438
-3276
-2156
-1172
-397
121
365
344
97
-318
-825
-1340
-1778
-2062
-2126
-1930
-1453
-705
278
1441
2703
3972
5150
6138
6848
7208
7170
6709
5833
4577
3004
1202
-726
-2666
-4499
-6114
-7411
-8311
-8759
-8729
-8226
-7284
-5962
-4344
-2531
-632
1240
2978
4487
5688
6524
6965
7003
6659
5973
5007
3833
2535
1197
-99
-1283
-2294
-3088
-3639
-3937
-3991
-3824
-3470
-2971
-2374
-1727
-1073
-449
113
594
983
1276
1480
1604
1662
1669
1638
1579
1499
1400
1278
1127
940
707
420
77
-320
-766
-1243
-1729
-2196
-2611
-2938
-3143
-3196
-3070
-2753
-2239
-1540
-679
306
1368
2447
3479
4397
5137
5641
5863
5771
5351
4610
3573
2284
806
-784
-2401
-3955
-5355
-6518
-7372
-7862
-7951
-7626
-6898
-5799
-4384
-2727
-913
958
2790
4485
5952
7115
7915
8314
8294
7863
7050
5904
4491
2889
1187
-525
-2161
-3639
-4889
-5856
-6502
-6808
-6774
-6416
-5770
-4883
-3812
-2624
-1384
-160
986
2004
2848
3488
3908
4102
4080
3862
3477
2961
2358
1708
1056
438
-110
-566
-910
-1133
-1238
-1231
-1130
-957
-737
-499
-271
-79
55
116
93
-16
-206
-465
-773
-1104
-1432
-1726
-1956
-2095
-2119
-2012
-1765
-1379
-863
-237
472
1229
1994
2720
3365
3883
4236
4393
4332
4043
3527
2801
1892
840
-304
-1484
-2639
-3704
-4620
-5333
-5799
-5983
-5870
-5456
-4756
-3801
-2636
-1317
88
1507
2867
4095
5125
5904
6388
0
0
0
0
0
0
0
0
0
0
0
0
0
0
0
0
0
0
0
0
0
0
0
0
0
0
0
0
0
0
0
0
0
0
0
0
0
0
0
0
0
0
0
0
0
0
0
0
0
0
0
0
0
0
0
0
0
0
0
0
0
0
0
0
0
0
0
13106
12743
11677
9973
7736
5105
2238
-690
-3510
-6059
-8193
-9803
-10813
-11187
-10932
-10092
-8748
-7009
-5003
-2868
-743
1242
2979
4379
5387
5977
6156
5960
5449
4702
3807
2855
1935
1118
463
5
-245
-298
-188
36
316
584
777
840
731
426
-76
-757
-1577
-2477
-3387
-4229
-4925
-5402
-5601
-5480
-5021
-4228
-3133
-1789
-271
1330
2918
4391
5656
6629
7248
7471
7284
6701
5759
4522
3070
1497
-97
-1616
-2968
-4078
-4891
-5372
-5514
-5333
-4865
-4168
-3311
-2371
-1425
-545
204
780
1154
1318
1286
1088
770
387
0
-331
-554
-627
-524
-235
227
837
1548
2302
3036
3681
4173
4457
4489
4246
3723
2934
1916
722
-579
-1913
-3197
-4354
-5312
-6012
-6411
-6487
-6237
-5680
-4853
-3808
-2610
-1331
-43
1183
2286
3218
3942
4440
4709
4761
4622
4326
3914
3428
2908
2389
1897
1449
1050
696
374
66
-248
-592
-982
-1427
-1929
-2479
-3055
-3628
-4158
-4602
-4915
-5053
-4981
-4674
-4121
-3325
-2310
-1115
206
1587
2953
4225
5328
6192
6762
6999
6885
6422
5636
4574
3299
1888
428
-992
-2292
-3395
-4244
-4797
-5038
-4970
-4621
-4036
-3276
-2415
-1527
-689
32
584
929
1050
953
665
228
-295
-838
-1328
-1694
-1876
-1828
-1523
-958
-151
854
1995
3192
4354
5387
6198
6706
6848
6581
5891
4791
3326
1565
-395
-2447
-4466
-6328
-7915
-9122
-9866
-10091
-9771
-8915
-7565
-5793
-3699
-1400
969
3276
5388
7186
8571
9471
9845
9681
9004
7866
6347
4546
2579
565
-1378
-3141
-4631
-5775
-6527
-6866
-6797
-6354
-5588
-4570
-3382
-2110
-841
345
1383
2219
2820
3171
3277
3159
2852
2402
1862
1284
718
210
-208
-514
-700
-767
-732
-619
-456
-278
-117
0
51
25
-81
-257
-486
-741
-988
-1192
-1320
-1341
-1232
-982
-589
-67
558
1249
1959
2633
3214
3647
3882
3879
3611
3070
2262
1216
-21
-1390
-2814
-4209
-5484
-6553
-7335
-7761
-7781
-7365
-6508
-5230
-3578
-1623
544
2815
5069
7184
9036
10514
11521
11982
11851
11110
9776
7897
5552
2848
-85
-3104
-6055
-8785
-11147
-13012
-14275
-14860
-14724
-13864
-12311
-10137
-7445
-4366
-1055
2320
5591
8589
11160
13175
14531
15161
15038
14173
12619
10464
7828
4854
1705
-1451
-4448
-7132
-9367
-11046
-12095
-12478
-12195
-11287
-9827
-7919
-5688
-3276
-830
1507
3603
5347
6654
7466
7764
7559
6895
5843
4499
2971
1378
-163
-1546
-2677
-3484
-3923
-3977
-3659
-3009
-2091
-987
206
1390
2466
3344
3951
4234
4165
3742
2990
1958
716
-649
-2045
-3371
-4535
-5453
-6058
-6305
-6172
-5663
-4807
-3654
-2277
-760
803
2319
3696
4854
5728
6272
6462
6297
5798
5005
3978
2785
1504
213
-1010
-2101
-3004
-3678
-4101
-4268
-4189
-3892
-3415
-2804
-2110
-1386
-680
-34
516
950
1253
1427
1478
1424
1287
1093
869
640
425
242
99
1
-54
-75
-69
-49
-25
-6
0
-6
-25
-49
-69
-75
-54
1
99
242
425
640
869
1093
1287
1424
1478
1427
1253
950
516
-34
-680
-1386
-2110
-2804
-3415
-3892
-4189
-4268
-4101
-3678
-3004
-2101
-1010
213
1504
2785
3978
5005
5798
6297
6462
6272
5728
4854
3696
2319
803
-760
-2277
-3654
-4807
-5663
-6172
-6305
-6058
-5453
-4535
-3371
-2045
-649
716
1958
2990
3742
4165
4234
3951
3344
2466
1390
206
-987
-2091
-3009
-3659
-3977
-3923
-3484
-2677
-1546
-163
1378
2971
4499
5843
6895
7559
7764
7466
6654
5347
3603
1507
-830
-3276
-5688
-7919
-9827
-11287
-12195
-12478
-12095
-11046
-9367
-7132
-4448
-1451
1705
4854
7828
10464
12619
14173
15038
15161
14531
13175
11160
8589
5591
2320
-1055
-4366
-7445
-10137
-12311
-13864
-14724
-14860
-14275
-13012
-11147
-8785
-6055
-3104
-85
2848
5552
7897
9776
11110
11851
11982
11521
10514
9036
7184
5069
2815
544
-1623
-3578
-5230
-6508
-7365
-7781
-7761
-7335
-6553
-5484
-4209
-2814
-1390
-21
1216
2262
3070
3611
3879
3882
3647
3214
2633
1959
1249
558
-67
-589
-982
-1232
-1341
-1320
-1192
-988
-741
-486
-257
-81
25
51
0
-117
-278
-456
-619
-732
-767
-700
-514
-208
210
718
1284
1862
2402
2852
3159
3277
3171
2820
2219
1383
345
-841
-2110
-3382
-4570
-5588
-6354
-6797
-6866
-6527
-5775
-4631
-3141
-1378
565
2579
4546
6347
7866
9004
9681
9845
9471
8571
7186
5388
3276
969
-1400
-3699
-5793
-7565
-8915
-9771
-10091
-9866
-9122
-7915
-6328
-4466
-2447
-395
1565
3326
4791
5891
6581
6848
6706
6198
5387
4354
3192
1995
854
-151
-958
-1523
-1828
-1876
-1694
-1328
-838
-295
228
665
953
1050
929
584
32
-689
-1527
-2415
-3276
-4036
-4621
-4970
-5038
-4797
-4244
-3395
-2292
-992
428
1888
3299
4574
5636
6422
6885
6999
6762
6192
5328
4225
2953
1587
206
-1115
-2310
-3325
-4121
-4674
-4981
-5053
-4915
-4602
-4158
-3628
-3055
-2479
-1929
-1427
-982
-592
-248
66
374
696
1050
1449
1897
2389
2908
3428
3914
4326
4622
4761
4709
4440
3942
3218
2286
1183
-43
-1331
-2610
-3808
-4853
-5680
-6237
-6487
-6411
-6012
-5312
-4354
-3197
-1913
-579
722
1916
2934
3723
4246
4489
4457
4173
3681
3036
2302
1548
837
227
-235
-524
-627
-554
-331
0
387
770
1088
1286
1318
1154
780
204
-545
-1425
-2371
-3311
-4168
-4865
-5333
-5514
-5372
-4891
-4078
-2968
-1616
-97
1497
3070
4522
5759
6701
7284
7471
7248
6629
5656
4391
2918
1330
-271
-1789
-3133
-4228
-5021
-5480
-5601
-5402
-4925
-4229
-3387
-2477
-1577
-757
-76
426
731
840
777
584
316
36
-188
-298
-245
5
463
1118
1935
2855
3807
4702
5449
5960
6156
5977
5387
4379
2979
1242
-743
-2868
-5003
-7009
-8748
-10092
-10932
-11187
-10813
-9803
-8193
-6059
-3510
-690
2238
5105
7736
9973
11677
12743
0
0
0
0
0
0
0
0
0
0
0
0
0
0
0
0
0
0
0
0
0
0
0
0
0
0
0
0
0
0
0
0
0
0
0
0
0
0
0
0
0
0
0
0
0
0
0
0
0
0
0
0
0
0
0
0
0
0
0
0
0
0
0
0
0
0
0
