0
4278
8485
12550
16402
19973
23203
26035
28419
30314
31684
32507
32766
32456
31581
30156
28203
25758
22860
19561
15917
11991
7852
3573
-771
-5106
-9352
-13436
-17284
-20829
-24006
-26759
-29038
-30801
-32015
-32660
-32720
-32196
-31094
-29434
-27244
-24563
-21439
-17925
-14087
-9991
-5712
-1327
3083
7441
11667
15683
19415
22796
25762
28259
30239
31667
32514
32764
32412
31462
29931
27847
25247
22178
18696
14865
10755
6443
2009
-2465
-6896
-11201
-15299
-19113
-22570
-25606
-28162
-30190
-31650
-32514
-32764
-32394
-31411
-29832
-27686
-25012
-21861
-18292
-14372
-10175
-5781
-1274
3259
7733
12062
16161
19951
23359
26318
28771
30668
31973
32659
32711
32127
30919
29107
26727
23823
20452
16679
12577
8226
3711
-879
-5455
-9926
-14204
-18204
-21846
-25058
-27775
-29942
-31516
-32464
-32766
-32415
-31417
-29790
-27567
-24790
-21514
-17805
-13736
-9388
-4849
-209
4437
8997
13377
17489
21248
24578
27411
29687
31359
32393
32765
32468
31507
29899
27676
24884
21579
17828
13707
9301
4700
0
-4703
-9311
-13729
-17864
-21629
-24947
-27746
-29968
-31566
-32503
-32761
-32332
-31225
-29460
-27076
-24119
-20653
-16748
-12488
-7961
-3263
1506
6246
10856
15238
19298
22949
26112
28719
30713
32051
32702
32651
31900
30461
28366
25658
22395
18646
14492
10022
5332
524
-4298
-9029
-13567
-17811
-21669
-25055
-27896
-30127
-31699
-32577
-32739
-32182
-30916
-28967
-26379
-23206
-19519
-15397
-10932
-6222
-1372
3511
8320
12945
17284
21240
24723
27655
29968
31611
32545
32748
32214
30954
28995
26381
23169
19431
15252
10724
5950
1038
-3899
-8751
-13405
-17757
-21705
-25159
-28038
-30277
-31822
-32637
-32702
-32014
-30588
-28456
-25665
-22280
-18377
-14047
-9388
-4509
477
5455
10308
14924
19194
23018
26305
28979
30974
32243
32756
32498
31476
29711
27244
24133
20449
16280
11722
6884
1880
-3170
-8148
-12935
-17416
-21484
-25041
-28000
-30291
-31856
-32659
-32677
-31909
-30373
-28105
-25157
-21600
-17520
-13013
-8189
-3163
1941
7001
11893
16499
20705
24407
27516
29953
31659
32589
32721
32049
30590
28377
25463
21921
17836
13307
8448
3377
-1780
-6896
-11843
-16499
-20746
-24479
-27603
-30040
-31727
-32621
-32699
-31957
-30413
-28105
-25088
-21439
-17247
-12618
-7668
-2522
2689
7836
12787
17416
21605
25247
28248
30530
32035
32723
32574
31592
29801
27244
23987
20112
15718
10917
5832
595
-4660
-9798
-14685
-19194
-23208
-26622
-29345
-31307
-32455
-32757
-32206
-30813
-28614
-25665
-22043
-17841
-13169
-8148
-2911
2405
7661
12717
17440
21705
25397
28419
30689
32146
32750
32483
31352
29385
26633
23169
19084
14487
9500
4255
-1105
-6439
-11603
-16457
-20870
-24723
-27911
-30346
-31961
-32712
-32578
-31559
-29684
-27001
-23582
-19519
-14922
-9916
-4636
771
6162
11386
16301
20770
24671
27896
30354
31977
32719
32558
31498
29565
26813
23317
19172
14492
9407
4058
-1405
-6833
-12073
-16978
-21411
-25247
-28377
-30713
-32188
-32760
-32410
-31148
-29007
-26047
-22351
-18021
-13179
-7961
-2516
3003
8440
13640
18454
22745
26389
29282
31340
32503
32737
32033
30409
27913
24613
20604
16000
10932
5547
0
-5550
-10942
-16021
-20637
-24657
-27963
-30458
-32068
-32745
-32468
-31244
-29107
-26118
-22364
-17952
-13013
-7689
-2137
3479
8997
14252
19090
23367
26955
29748
31662
32640
32650
31691
29790
27003
23411
19119
14256
8965
3403
-2262
-7862
-13230
-18204
-22633
-26385
-29345
-31423
-32556
-32707
-31871
-30072
-27362
-23823
-19561
-14703
-9397
-3803
1908
7565
12994
18030
22517
26318
29316
31419
32559
32702
31841
30001
27238
23635
19302
14372
8996
3339
-2422
-8112
-13553
-18577
-23026
-26761
-29667
-31650
-32648
-32629
-31591
-29565
-26615
-22829
-18327
-13249
-7752
-2009
3799
9491
14886
19815
24120
27666
30338
32052
32751
32412
31044
28690
25423
21345
16586
11295
5642
-193
-6025
-11667
-16938
-21669
-25706
-28920
-31206
-32489
-32726
-31909
-30063
-27244
-23544
-19081
-13998
-8460
-2644
3259
9060
14569
19606
24006
27626
30346
32075
32756
32366
30916
28451
25051
20827
15917
10480
4696
-1244
-7147
-12817
-18065
-22719
-26622
-29644
-31684
-32674
-32578
-31398
-29173
-25975
-21909
-17110
-11737
-5969
0
5972
11747
17130
21941
26016
29217
31436
32596
32657
31615
29504
26395
22390
17625
12260
6476
470
-5554
-11392
-16845
-21726
-25867
-29127
-31393
-32585
-32662
-31619
-29491
-26349
-22301
-17483
-12062
-6222
-166
5898
11762
17222
22088
26191
29387
31566
32648
32597
31411
29131
25835
21636
16679
11138
5205
-912
-7001
-12847
-18244
-23003
-26955
-29960
-31912
-32739
-32412
-30940
-28374
-24803
-20353
-15179
-9465
-3413
2763
8843
14612
19863
24407
28083
30758
32334
32755
32003
30103
27124
23169
18381
12929
7010
836
-5370
-11386
-16993
-21989
-26191
-29446
-31636
-32680
-32538
-31214
-28754
-25247
-20819
-15630
-9868
-3744
2518
8692
14551
19879
24480
28184
30855
32393
32739
31880
29845
26709
22585
17625
12011
5950
-333
-6607
-12639
-18204
-23094
-27128
-30152
-32055
-32763
-32248
-30528
-27666
-23767
-18976
-13473
-7461
-1167
5173
11322
17047
22132
26385
29644
31785
32724
32427
30901
28203
24435
19738
14288
8294
1981
-4409
-10635
-16457
-21654
-26025
-29402
-31656
-32697
-32485
-31027
-28377
-24634
-19943
-14481
-8460
-2109
4324
10594
16457
21686
26077
29459
31699
32710
32451
30929
28203
24378
19601
14056
7961
1552
-4919
-11201
-17047
-22227
-26537
-29806
-31906
-32751
-32307
-30590
-27666
-23648
-18696
-13002
-6791
-309
6187
12441
18204
23246
27366
30398
32222
32762
31995
29951
26709
22398
17189
11289
4935
-1619
-8112
-14281
-19879
-24678
-28486
-31147
-32552
-32643
-31416
-28917
-25247
-20553
-15023
-8882
-2378
4225
10659
16662
21989
26421
29777
31918
32756
32254
30432
27362
23169
18024
12137
5748
-879
-7473
-13762
-19485
-24407
-28323
-31070
-32533
-32650
-31414
-28875
-25136
-20353
-14721
-8475
-1874
4807
11292
17307
22602
26955
30182
32146
32765
32010
29911
26556
22083
16679
10571
4016
-2711
-9326
-15551
-21121
-25799
-29387
-31732
-32732
-32344
-30582
-27520
-23286
-18060
-12062
-5547
1206
7911
14280
20041
24947
28786
31393
32653
32513
30975
28105
24024
18906
12972
6476
-301
-7069
-13534
-19415
-24458
-28443
-31196
-32596
-32580
-31148
-28360
-24336
-19250
-13322
-6811
0
6813
13332
19269
24364
28393
31178
32594
32578
31129
28309
24241
19103
13120
6555
-301
-7147
-13680
-19609
-24671
-28641
-31340
-32648
-32505
-30916
-27948
-23735
-18460
-12360
-5706
1206
8067
14569
20421
25359
29162
31656
32728
32328
30473
27244
22786
17298
11027
4255
-2711
-9557
-15974
-21669
-26383
-29901
-32062
-32766
-31979
-29736
-26137
-21345
-15577
-9095
-2195
4807
11593
17850
23291
27666
30771
32464
32665
31362
28614
24546
19345
13249
6538
-477
-7473
-14125
-20126
-25196
-29098
-31650
-32732
-32292
-30349
-26991
-22374
-16712
-10266
-3339
3746
10659
17076
22694
27251
30530
32377
32702
31489
28793
24740
19519
13375
6597
-494
-7565
-14281
-20323
-25404
-29282
-31772
-32753
-32178
-30072
-26533
-21729
-15887
-9285
-2238
4919
11843
18204
23695
28052
31066
32589
32548
30942
27847
23411
17845
11416
4435
-2763
-9830
-16425
-22227
-26955
-30378
-32330
-32713
-31507
-28769
-24631
-19293
-13013
-6096
1120
8285
15047
21076
26077
29802
32068
32763
31850
29372
25451
20276
14101
7230
0
-7232
-14111
-20295
-25478
-29402
-31872
-32764
-32033
-29711
-25913
-20827
-14703
-7845
-595
6688
13640
19914
25196
29220
31785
32759
32093
29819
26047
20967
14832
7950
664
-6656
-13645
-19948
-25247
-29273
-31822
-32763
-32046
-29706
-25861
-20703
-14492
-7543
-209
7138
14125
20396
25629
29557
31977
32766
31880
29363
25342
20022
13674
6622
-771
-8129
-15071
-21240
-26318
-30042
-32219
-32734
-31559
-28754
-24461
-18901
-12360
-5177
2276
9615
16457
22447
27271
30678
32489
32608
31026
27825
23169
17302
10527
3199
-4298
-11573
-18244
-23960
-28419
-31387
-32705
-32302
-30198
-26501
-21406
-15179
-8148
-684
6817
13962
20369
25700
29668
32064
32757
31710
28975
24698
19103
12488
5205
-2358
-9798
-16717
-22745
-27557
-30894
-32577
-32513
-30703
-27244
-22319
-16192
-9191
-1693
5898
13175
19743
25247
29388
31941
32765
31816
29141
24884
19276
12618
5272
-2362
-9871
-16845
-22903
-27714
-31014
-32621
-32445
-30495
-26875
-21781
-15492
-8351
-749
6896
14165
20658
26016
29942
32220
32721
31417
28377
23767
17841
10926
3403
-4310
-11787
-18613
-24407
-28847
-31684
-32759
-32010
-29476
-25298
-19707
-13013
-5590
2148
9769
16845
22980
27828
31116
32659
32366
30254
26438
21133
14635
7310
-430
-8148
-15409
-21801
-26962
-30598
-32502
-32563
-30778
-27244
-22162
-15818
-8572
-836
6950
14343
20920
26305
30190
32350
32661
31103
27762
22829
16586
9388
1649
-6187
-13670
-20369
-25898
-29936
-32249
-32702
-31267
-28024
-23161
-16955
-9766
-2009
5867
13405
20168
25762
29860
32222
32709
31291
28049
23169
16936
9711
1916
-5992
-13553
-20323
-25904
-29968
-32275
-32687
-31179
-27837
-22855
-16527
-9222
-1372
6562
14111
20829
26318
30252
32397
32623
30916
27374
22206
15718
8294
373
-7571
-15067
-21669
-26980
-30683
-32556
-32483
-30469
-26631
-21197
-14492
-6916
1077
9009
16402
22811
27851
31216
32702
32218
29790
25564
19793
12824
5078
-2978
-10856
-18080
-24210
-28873
-31785
-32766
-31757
-28816
-24119
-17952
-10689
-2772
5316
13083
20053
25799
29968
32304
32662
31017
27469
22233
15630
8064
0
-8067
-15639
-22251
-27492
-31038
-32669
-32282
-29899
-25665
-19840
-12785
-4935
3223
11185
18454
24578
29176
31960
32754
31507
28295
23317
16881
9388
1306
-6859
-14599
-21426
-26913
-30713
-32587
-32415
-30206
-26096
-20343
-13307
-5431
2789
10837
18204
24423
29100
31937
32755
31498
28244
23199
16679
9099
938
-7285
-15047
-21854
-27271
-30951
-32659
-32282
-29844
-25497
-19519
-12290
-4271
4023
12062
19330
25359
29762
32252
32670
30984
27303
21861
15008
7184
-1105
-9326
-16947
-23474
-28484
-31650
-32766
-31757
-28687
-23753
-17274
-9670
-1435
6896
14781
21705
27215
30951
32666
32248
29720
25247
19119
11737
3583
-4807
-12886
-20121
-26035
-30239
-32455
-32534
-30469
-26395
-20578
-13400
-5336
3083
11302
18775
25007
29584
32200
32681
30992
27244
21684
14679
6695
-1736
-10055
-17706
-24178
-29038
-31959
-32744
-31340
-27837
-22468
-15592
-7668
771
9163
16942
23583
28641
31772
32764
31548
28203
22955
16155
8261
-193
-8637
-16499
-23246
-28419
-31667
-32766
-31641
-28366
-23161
-16378
-8479
0
8482
16388
23178
28387
31659
32766
31633
28334
23092
16267
8323
-193
-8699
-16610
-23382
-28547
-31748
-32764
-31521
-28105
-22748
-15818
-7793
771
9287
17161
23850
28887
31923
32744
31292
27666
22114
15023
6884
-1736
-10238
-18030
-24565
-29387
-32158
-32681
-30919
-26991
-21173
-13868
-5590
3083
11543
19194
25499
30012
32414
32534
30361
26047
19895
12336
3903
-4807
-13181
-20625
-26610
-30711
-32637
-32248
-29569
-24790
-18247
-10405
-1820
6896
15124
22277
27843
31423
32760
31757
28483
23169
16196
8060
-655
-9326
-17331
-24094
-29127
-32068
-32703
-30984
-27033
-21133
-13707
-5289
3511
12062
19743
25999
30374
32552
32371
29844
25150
18630
10754
2094
-6719
-15047
-22282
-27896
-31478
-32765
-31661
-28244
-22763
-15616
-7324
1506
10228
18204
24847
29668
32313
32585
30461
26096
19809
12062
3423
-5469
-13962
-21426
-27310
-31178
-32740
-31881
-28661
-23317
-16242
-7961
912
9721
17811
24578
29519
32265
32608
30520
26157
19840
12041
3339
-5613
-14150
-21629
-27492
-31296
-32755
-31758
-28377
-22863
-15630
-7219
1736
10564
18599
25234
29968
32443
32468
30041
25342
18725
10689
1842
-7147
-15598
-22868
-28404
-31785
-32751
-31227
-27327
-21345
-13736
-5078
3969
12717
20496
26712
30887
32702
32014
28875
23522
16364
7950
-1077
-10024
-18204
-24986
-29848
-32414
-32483
-30050
-25298
-18593
-10451
-1499
7571
16058
23305
28750
31969
32711
30916
26720
20449
12587
3744
-5391
-14111
-21734
-27666
-31442
-32766
-31533
-27837
-21964
-14372
-5653
3510
12401
20323
26654
30894
32710
31957
28692
23169
15822
7226
-1941
-10958
-19113
-25762
-30378
-32596
-32237
-29328
-24096
-16955
-8469
691
9799
18132
25028
29936
32465
32412
29778
24772
17791
9388
234
-8940
-17404
-24479
-29598
-32350
-32513
-30072
-25219
-18342
-9991
-836
8388
16942
24135
29387
32275
32563
30226
25451
18620
10283
1113
-8148
-16754
-24006
-29316
-32252
-32574
-30254
-25477
-18630
-10266
-1066
8222
16845
24098
29390
32286
32549
30156
25298
18372
9941
695
-8610
-17213
-24407
-29603
-32371
-32482
-29925
-24908
-17841
-9305
0
9307
17850
24924
29942
32491
32356
29546
24293
17028
8351
-1019
-10308
-18745
-25629
-30386
-32621
-32145
-28995
-23432
-15917
-7073
2362
11603
19879
26497
30903
32728
31816
28241
22301
14491
5464
-4023
-13175
-21224
-27492
-31451
-32766
-31324
-27244
-20868
-12732
-3519
5992
15001
22745
28568
31977
32682
30619
25962
19103
10622
1238
-8253
-17047
-24394
-29668
-32420
-32412
-29643
-24347
-16973
-8148
1373
10781
19269
26112
30723
32705
31886
28334
22351
14449
5304
-4298
-13534
-21608
-27826
-31650
-32749
-31026
-26627
-19930
-11510
-2094
7504
16457
23989
29446
32355
32460
29752
24461
17046
8148
-1459
-10942
-19477
-26318
-30870
-32732
-31742
-27983
-21780
-13674
-4371
5316
14541
22496
28484
31977
32669
30495
25645
18541
9807
209
-9410
-18204
-25397
-30356
-32640
-32046
-28625
-22675
-14721
-5464
4278
13645
21806
28038
31787
32719
30748
26047
19032
10324
695
-8997
-17892
-25196
-30256
-32621
-32077
-28669
-22701
-14703
-5389
4409
13816
21989
28193
31872
32694
30582
25725
18555
9715
0
-9718
-18563
-25739
-30598
-32699
-31850
-28126
-21861
-13619
-4144
5708
15047
23026
28920
32194
32549
29951
24631
17073
7961
-1876
-11547
-20168
-26955
-31287
-32766
-31257
-26894
-20073
-11416
-1713
8148
17267
24807
30076
32589
32113
28690
22632
14492
5018
-4919
-14407
-22570
-28657
-32104
-32591
-30072
-24775
-17189
-8012
1907
11653
20323
27113
31393
32763
31094
26539
19519
10683
852
-9060
-18132
-25519
-30530
-32697
-31816
-27965
-21503
-13031
-3339
6667
16052
23938
29584
32459
32292
29097
23169
15065
5543
-4501
-14125
-22423
-28612
-32108
-32578
-29977
-24546
-16798
-7461
2582
12385
21019
27666
31694
32721
30647
25665
18247
9095
-923
-10856
-19760
-26786
-31264
-32766
-31146
-26556
-19431
-10451
-470
9557
18675
26008
30855
32749
31507
27244
20368
11537
1595
-8501
-17784
-25359
-30497
-32702
-31758
-27754
-21074
-12360
-2451
7696
17103
24860
30215
32648
31922
28105
21563
12929
3039
-7147
-16643
-24525
-30025
-32607
-32016
-28309
-21844
-13249
-3359
6859
16412
24364
29939
32588
32050
28377
21924
13322
3413
-6833
-16412
-24382
-29960
-32596
-32028
-28309
-21804
-13150
-3199
7069
16643
24578
30089
32630
31946
28105
21482
12732
2719
-7565
-17103
-24947
-30318
-32680
-31797
-27754
-20951
-12062
-1970
8320
17784
25478
30633
32732
31565
27244
20200
11134
952
-9326
-18675
-26154
-31014
-32765
-31228
-26556
-19215
-9941
333
10578
19760
26955
31436
32749
30759
25665
17979
8475
-1887
-12062
-21019
-27851
-31864
-32650
-30126
-24546
-16475
-6728
3703
13762
22423
28806
32258
32427
29291
23169
14683
4696
-5772
-15653
-23938
-29777
-32571
-32033
-28214
-21503
-12587
-2378
8077
17706
25519
30711
32748
31416
26850
19519
10175
-219
-10594
-19879
-27113
-31549
-32726
-30520
-25157
-17189
-7439
3083
13289
22119
28657
32222
32441
29289
23092
14492
4381
-6187
-16114
-24364
-30076
-32652
-31820
-27666
-20619
-11416
-1017
9491
19008
26537
31287
32757
30792
25595
17709
7961
-2625
-12939
-21894
-28547
-32194
-32451
-29286
-23032
-14346
-4144
6498
16457
24678
30291
32699
31644
27238
19943
10531
0
-10533
-19951
-27251
-31656
-32694
-30254
-24592
-16309
-6286
4409
14637
23305
29487
32519
32077
28203
21312
12137
1660
-8997
-18692
-26385
-31248
-32757
-30748
-25434
-17383
-7461
3266
13645
22556
29038
32390
32248
28625
21909
12824
2351
-8378
-18204
-26061
-31098
-32765
-30880
-25645
-17625
-7689
3083
13524
22496
29023
32393
32235
28565
21780
12618
2077
-8692
-18516
-26318
-31245
-32755
-30681
-25247
-17046
-6975
3863
14280
23132
29446
32527
32033
28015
20915
11510
836
-9932
-19609
-27125
-31650
-32682
-30103
-24198
-15616
-5304
5596
15880
24407
30232
32705
31550
26894
19250
9465
-1373
-12062
-21411
-28379
-32188
-32412
-29022
-22395
-13267
-2656
8253
18244
26197
31222
32754
30619
25054
16679
6433
-4537
-15001
-23783
-29895
-32648
-31731
-27244
-19690
-9916
976
11762
21224
28293
32170
32415
28997
22301
13080
2378
-8595
-18599
-26497
-31393
-32729
-30352
-24528
-15917
-5494
5554
15974
24578
30386
32734
31352
26395
18425
8351
-2679
-13405
-22602
-29217
-32491
-32046
-27932
-20616
-10936
0
10939
20625
27944
32055
32482
29173
22507
13249
2462
-8610
-18692
-26622
-31481
-32707
-30156
-24119
-15293
-4696
6446
16845
25296
30817
32766
30916
25477
17079
6695
-4468
-15115
-24006
-30106
-32702
-31489
-26606
-18620
-8460
2689
13528
22788
29387
32552
31909
27532
19930
9991
-1120
-12103
-21669
-28693
-32350
-32208
-28280
-21025
-11295
-234
10856
20671
28052
32127
32412
28871
21921
12379
1372
-9799
-19815
-27487
-31906
-32545
-29328
-22632
-13249
-2291
8940
19113
27016
31708
32629
29666
23169
13911
2992
-8285
-18577
-26654
-31549
-32677
-29899
-23544
-14372
-3477
7836
18214
26411
31442
32702
30037
23764
14635
3744
-7598
-18030
-26293
-31393
-32711
-30086
-23833
-14703
-3796
7571
18026
26305
31405
32707
30050
23753
14577
3632
-7754
-18204
-26446
-31479
-32688
-29925
-23522
-14256
-3253
8148
18560
26712
31608
32650
29706
23135
13736
2656
-8751
-19090
-27095
-31785
-32581
-29385
-22585
-13013
-1842
9557
19786
27585
31994
32468
28947
21861
12081
809
-10564
-20637
-28166
-32219
-32293
-28377
-20951
-10932
440
11762
21629
28819
32437
32033
27653
19840
9561
-1907
-13142
-22745
-29519
-32621
-31661
-26755
-18514
-7961
3586
14689
23960
30239
32740
31148
25658
16955
6128
-5469
-16384
-25247
-30944
-32759
-30461
-24336
-15151
-4058
7546
18204
26572
31595
32638
29565
22763
13087
1756
-9798
-20118
-27896
-32148
-32332
-28424
-20915
-10754
771
12203
22088
29171
32552
31797
27001
18769
8148
-3511
-14727
-24069
-30346
-32754
-30984
-25260
-16309
-5272
6439
17331
26008
31359
32696
29845
23169
13521
2137
-9523
-19964
-27843
-32146
-32318
-28334
-20703
-10405
1234
12717
22564
29503
32637
31559
26407
17841
6968
-4807
-15965
-25058
-30909
-32757
-30361
-24028
-14577
-3233
8533
19194
27364
31977
32433
28669
21173
10917
-762
-12345
-22321
-29387
-32619
-31592
-26438
-17828
-6884
4961
16161
25247
31028
32744
30168
23635
13998
2522
-9287
-19879
-27860
-32179
-32265
-28105
-20242
-9711
2101
13640
23382
30040
32733
31103
25362
16267
5018
-6896
-17901
-26537
-31659
-32585
-29190
-21921
-11741
0
11743
21929
29201
32589
31641
26480
17791
6728
-5233
-16499
-25566
-31222
-32709
-29826
-22955
-13013
-1327
10537
20994
28641
32450
31909
27088
18630
7668
-4324
-15739
-25041
-30976
-32744
-30105
-23411
-13561
-1880
10055
20637
28436
32397
31982
27244
18822
7852
-4182
-15653
-25007
-30974
-32743
-30072
-23319
-13400
-1660
10308
20879
28612
32455
31881
26966
18377
7282
-4807
-16245
-25468
-31216
-32702
-29720
-22675
-12528
-664
11292
21705
29147
32596
31576
26225
17274
5950
-6193
-17489
-26383
-31650
-32564
-28995
-21433
-10917
1105
12978
23064
29968
32737
30984
24950
15465
3839
-8320
-19330
-27666
-32170
-32217
-27796
-19519
-8531
3643
15314
24860
30951
32739
29972
23032
12884
938
-11141
-21669
-29176
-32613
-31498
-25982
-16835
-5332
6918
18204
26944
31912
32410
28366
20343
9465
-2743
-14569
-24351
-30713
-32759
-30198
-23387
-13283
-1306
10856
21492
29100
32604
31507
25962
16748
5166
-7147
-18454
-27152
-32008
-32332
-28076
-19840
-8789
3510
15314
24947
31038
32720
29752
22551
12140
0
-12143
-22559
-29762
-32723
-31017
-24884
-15198
-3339
8998
20053
28242
32393
31908
26854
17952
6476
-5930
-17489
-26541
-31785
-32465
-28481
-20402
-9388
2978
14918
24714
30951
32730
29790
22554
12062
-172
-12385
-22811
-29942
-32746
-30813
-24421
-14492
-2462
9926
20879
28806
32556
31581
26021
16679
4912
-7571
-18956
-27585
-32200
-32127
-27374
-18630
-7167
5342
17076
26318
31719
32485
28504
20353
9222
-3259
-15267
-25041
-31147
-32687
-29434
-21861
-11077
1334
13553
23783
30517
32764
30189
23169
12736
423
-11953
-22570
-29860
-32743
-30792
-24293
-14202
-2009
10483
21426
29201
32652
31267
25247
15482
3419
-9153
-20369
-28563
-32514
-31633
-26047
-16586
-4654
7973
19415
27967
32350
31910
26709
17520
5712
-6950
-18577
-27428
-32179
-32116
-27244
-18292
-6597
6088
17864
26962
32015
32263
27666
18910
7310
-5391
-17284
-26579
-31872
-32366
-27983
-19380
-7852
4862
16845
26287
31760
32433
28203
19707
8226
-4501
-16550
-26094
-31684
-32472
-28334
-19895
-8434
4310
16402
26003
31651
32486
28377
19946
8475
-4288
-16402
-26016
-31662
-32478
-28334
-19861
-8351
4437
16550
26133
31717
32445
28203
19638
8060
-4756
-16845
-26351
-31812
-32386
-27983
-19276
-7602
5243
17284
26666
31941
32293
27666
18769
6975
-5898
-17864
-27071
-32095
-32157
-27244
-18113
-6176
6719
18577
27557
32265
31968
26709
17302
5205
-7702
-19415
-28111
-32434
-31710
-26047
-16326
-4058
8843
20369
28719
32588
31368
25247
15179
2736
-10137
-21426
-29364
-32705
-30922
-24293
-13853
-1238
11573
22570
30025
32764
30353
23169
12339
-434
-13142
-23783
-30678
-32739
-29638
-21861
-10632
2276
14829
25041
31296
32604
28754
20353
8727
-4282
-16616
-26318
-31849
-32328
-27676
-18630
-6622
6439
18480
27585
32302
31880
26381
16679
4318
-8734
-20396
-28806
-32620
-31227
-24845
-14492
-1820
11144
22329
29942
32763
30335
23047
12062
-859
-13645
-24243
-30951
-32688
-29173
-20967
-9388
3703
16202
26094
31785
32354
27709
18593
6476
-6688
-18775
-27832
-32393
-31718
-25913
-15915
-3339
9779
21317
29402
32723
30737
23764
12933
0
-12935
-23772
-30745
-32720
-29372
-21243
-9654
3510
16105
26077
31798
32332
27590
18342
6096
-7147
-19226
-28162
-32493
-31507
-25362
-15061
-2291
10856
22227
29953
32765
30198
22670
11416
-1716
-14569
-25028
-31370
-32548
-28366
-19509
-7435
5867
18204
27539
32330
31782
25982
15887
3163
-10086
-21669
-29667
-32753
-30413
-23032
-11831
1334
14281
24860
31312
32563
28403
19519
7387
-5976
-18347
-27666
-32377
-31693
-25725
-15465
-2622
10659
22164
29968
32766
30086
22374
10917
-2369
-15261
-25599
-31650
-32396
-27709
-18372
-5950
7473
19643
28516
32596
31195
24546
13765
664
-12550
-23653
-30771
-32702
-29116
-20616
-8634
4807
17440
27128
32230
31881
26137
15968
3092
-10308
-21966
-29901
-32766
-30072
-22272
-10689
2711
15653
25937
31812
32275
27244
17574
4908
-8595
-20637
-29162
-32712
-30681
-23411
-12140
1206
14349
25041
31451
32480
27948
18630
6117
-7445
-19735
-28641
-32634
-31026
-24089
-13013
301
13567
24501
31222
32570
28309
19172
6728
-6876
-19298
-28393
-32589
-31159
-24347
-13326
0
13328
24354
31166
32585
28360
19220
6748
-6896
-19347
-28443
-32604
-31103
-24198
-13087
301
13640
24608
31294
32533
28105
18778
6176
-7504
-19879
-28786
-32669
-30847
-23635
-12290
1206
14493
25247
31583
32389
27520
17828
5008
-8692
-20870
-29387
-32745
-30352
-22624
-10917
2711
15865
26229
31977
32094
26556
16335
3233
-10442
-22277
-30182
-32757
-29546
-21112
-8944
4807
17712
27483
32390
31559
25136
14256
845
-12717
-24026
-31070
-32598
-28334
-19032
-6345
7473
19964
28903
32697
30666
23169
11540
-2148
-15456
-26008
-31918
-32127
-26596
-16309
-3103
10659
22517
30346
32741
29270
20553
8148
-5719
-18563
-28078
-32552
-31179
-24202
-12874
771
14281
25223
31625
32332
27214
17189
4062
-9798
-21894
-30040
-32762
-29565
-21025
-8682
5233
18204
27882
32514
31257
24336
13002
-691
-14262
-25247
-31650
-32307
-27094
-16955
-3732
10171
22227
30239
32747
29289
20494
7961
-6025
-18915
-28356
-32621
-30929
-23586
-11931
1907
15400
26077
31982
32033
26215
15592
2109
-11762
-23479
-30889
-32629
-28377
-18910
-5966
8077
20637
29402
32756
30080
21861
9613
-4409
-17621
-27585
-32459
-31342
-24435
-13013
816
14497
25499
31785
32188
26631
16140
2656
-11322
-23203
-30782
-32650
-28456
-18976
-5969
8148
20755
29503
32763
29925
21514
9095
-5021
-18204
-27995
-32564
-31058
-23753
-12011
1977
15598
26305
32095
31880
25698
14703
952
-12978
-24480
-31393
-32418
-27360
-17165
-3744
10381
22559
30497
32702
28754
19394
6380
-7836
-20580
-29446
-32762
-29899
-21393
-8847
5370
18577
28275
32630
30814
23169
11138
-3003
-16579
-27016
-32334
-31523
-24733
-13249
751
14612
25700
31906
32048
26096
15179
1372
-12698
-24354
-31371
-32412
-27273
-16932
-3359
10856
23003
30758
32638
28280
18514
5205
-9101
-21669
-30089
-32747
-29131
-19930
-6905
7445
20371
29387
32762
29844
21189
8460
-5898
-19125
-28673
-32702
-30433
-22301
-9868
4468
17946
27963
32585
30916
23274
11134
-3159
-16845
-27275
-32428
-31305
-24119
-12260
1977
15833
26622
32247
31615
24845
13249
-923
-14918
-26016
-32055
-31858
-25461
-14105
0
14107
25468
31864
32046
25975
14832
792
-13405
-24986
-31684
-32188
-26395
-15435
-1452
12817
24578
31525
32292
26727
15917
1981
-12345
-24250
-31393
-32366
-26976
-16280
-2378
11993
24006
31293
32415
27148
16527
2644
-11762
-23850
-31230
-32442
-27244
-16660
-2779
11653
23783
31206
32451
27267
16679
2783
-11667
-23806
-31222
-32441
-27217
-16586
-2656
11803
23919
31277
32412
27094
16378
2398
-12062
-24120
-31370
-32361
-26894
-16056
-2009
12441
24407
31496
32285
26615
15616
1488
-12939
-24777
-31650
-32178
-26251
-15055
-836
13553
25223
31826
32033
25797
14372
52
-14280
-25739
-32015
-31841
-25247
-13561
863
15115
26318
32208
31592
24592
12618
-1908
-16052
-26950
-32393
-31276
-23823
-11540
3083
17085
27622
32556
30880
22932
10324
-4384
-18204
-28323
-32682
-30389
-21909
-8965
5807
19399
29038
32755
29790
20744
7461
-7347
-20658
-29748
-32757
-29067
-19428
-5811
8997
21966
30436
32669
28203
17952
4016
-10746
-23305
-31079
-32468
-27184
-16309
-2077
12583
24657
31656
32135
25992
14491
0
-14493
-25999
-32139
-31644
-24613
-12494
2208
16457
27304
32503
30975
23032
10317
-4537
-18454
-28547
-32719
-30103
-21238
-7961
6971
20458
29694
32757
29007
19220
5431
-9491
-22439
-30713
-32587
-27666
-16973
-2736
12073
24364
31568
32177
26060
14492
-108
-14689
-26197
-32222
-31498
-24174
-11781
3083
17304
27896
32634
30520
21996
8847
-6162
-19879
-29416
-32766
-29219
-19519
-5706
9311
22368
30711
32578
27570
16743
2378
-12491
-24723
-31732
-32033
-25558
-13674
1105
15653
26888
32428
31095
23169
10328
-4707
-18745
-28806
-32750
-29736
-20402
-6728
8378
21705
30414
32650
27932
17262
2911
-12062
-24465
-31651
-32083
-25665
-13765
1077
15692
26955
32455
31012
22932
9941
-5180
-19194
-29098
-32765
-29406
-19738
-5832
9326
22486
30817
32526
27244
16102
1495
-13436
-25478
-32035
-31693
-24521
-12062
2999
17416
28078
32680
30226
21243
7668
-7565
-21167
-30192
-32685
-28105
-17438
-2992
12103
24578
31727
31995
25321
13150
-1876
-16499
-27539
-32596
-30567
-21889
-8448
6833
20630
29936
32722
28377
17845
3419
-11753
-24364
-31659
-32040
-25423
-13249
1823
16499
27568
32607
30508
21729
8189
-7147
-20920
-30108
-32693
-28105
-17347
-2779
12401
24860
31856
31850
24838
12360
-2839
-17416
-28160
-32702
-30037
-20749
-6884
8501
22013
30668
32552
27244
15915
1066
-14020
-26008
-32243
-31342
-23500
-10451
4915
19194
29220
32766
29042
18871
4509
-10856
-23813
-31479
-32147
-25665
-13473
1720
16533
27666
32637
30335
21271
7461
-8015
-21705
-30552
-32578
-27327
-15968
-1038
14125
26133
32294
31228
23169
9920
-5554
-19786
-29584
-32748
-28565
-17970
-3339
12043
24723
31849
31816
24627
11897
-3511
-18132
-28673
-32755
-29458
-19519
-5177
10334
23516
31393
32182
25702
13414
-1907
-16800
-27896
-32682
-30072
-20653
-6555
9029
22570
30997
32395
26445
14492
-751
-15827
-27310
-32589
-30461
-21406
-7481
8148
21926
30713
32507
26894
15151
-48
-15238
-26955
-32522
-30664
-21804
-7961
7702
21608
30575
32549
27076
15403
202
-15047
-26852
-32503
-30703
-21861
-8002
7696
21629
30598
32538
27001
15255
0
-15257
-27007
-32541
-30582
-21579
-7602
8129
21989
30779
32468
26664
14703
-655
-15865
-27411
-32621
-30288
-20948
-6758
8997
22672
31098
32318
26047
13736
-1763
-16855
-28038
-32713
-29790
-19946
-5464
10289
23653
31516
32046
25116
12336
-3319
-18204
-28847
-32766
-29042
-18541
-3711
11987
24889
31977
31593
23823
10480
-5316
-19871
-29777
-32711
-27983
-16697
-1495
14059
26318
32404
30885
22114
8148
-7733
-21801
-30745
-32460
-26539
-14372
1180
16457
27860
32699
29832
19930
5325
-10537
-23916
-31650
-31910
-24631
-11530
4298
19113
29409
32747
28334
17210
2009
-13670
-26112
-32365
-30942
-22178
-8148
7817
21929
30833
32412
26285
13907
-1780
-17047
-28259
-32743
-29429
-19103
-4222
11667
24777
31977
31548
23586
9991
-5992
-20546
-30192
-32619
-27244
-15350
219
15739
27492
32660
30001
20149
5464
-10533
-24006
-31719
-31816
-24270
-10892
5106
19879
29873
32681
27625
15917
373
-15261
-27221
-32621
-30156
-20416
-5748
10308
23879
31684
31836
24293
10875
-5173
-19973
-29942
-32665
-27477
-15633
0
15636
27483
32666
29925
19920
5078
-10999
-24407
-31886
-31615
-23656
-9941
6193
20824
30386
32549
26782
14487
-1341
-16845
-28242
-32749
-29262
-18630
-3445
12583
25539
32252
31078
22301
8064
-8148
-22368
-31111
-32231
-25451
-12429
3643
18824
29387
32737
28047
16465
836
-15001
-27152
-32625
-30072
-20115
-5205
10989
24479
31937
31523
23335
9388
-6876
-21447
-30723
-32412
-26092
-13322
2743
18132
29038
32759
28371
16955
1338
-14612
-26944
-32596
-30164
-20247
-5304
10958
24501
31960
31477
23169
9099
-7236
-21774
-30894
-32323
-25702
-12676
3510
18824
29446
32724
27837
16000
166
-15711
-27666
-32707
-29572
-19041
-3744
12491
25602
32304
30916
21780
7184
-9215
-23305
-31551
-31880
-24205
-10451
5930
20824
30486
32483
26311
13518
-2679
-18204
-29147
-32749
-28098
-16364
-502
15488
27574
32702
29574
18976
3583
-12717
-25806
-32371
-30748
-21345
-6538
9926
23879
31785
31636
23467
9346
-7147
-21830
-30974
-32254
-25342
-11991
4409
19692
29968
32623
26976
14462
-1736
-17495
-28798
-32764
-28377
-16752
-852
15267
27492
32699
29554
18857
3339
-13034
-26077
-32450
-30520
-20777
-5712
10817
24578
32042
31291
22515
7961
-8637
-23021
-31496
-31881
-24075
-10079
6509
21426
30833
32307
25463
12062
-4448
-19815
-30076
-32585
-26689
-13907
2465
18204
29244
32732
27762
15616
-569
-16610
-28356
-32765
-28692
-17189
-1231
15047
27428
32699
29490
18630
2932
-13528
-26478
-32552
-30168
-19943
-4530
12062
25519
32337
30737
21133
6022
-10659
-24565
-32068
-31208
-22206
-7407
9326
23628
31760
31593
23169
8686
-8070
-22719
-31423
-31903
-24028
-9858
6896
21846
31070
32147
24790
10926
-5807
-21019
-30711
-32336
-25461
-11891
4807
20244
30356
32478
26047
12755
-3899
-19528
-30012
-32581
-26556
-13521
3083
18877
29687
32654
26991
14192
-2362
-18294
-29387
-32703
-27360
-14769
1736
17784
29119
32734
27666
15255
-1206
-17349
-28887
-32752
-27913
-15652
771
16993
28695
32761
28105
15962
-434
-16717
-28547
-32765
-28244
-16186
193
16523
28443
32766
28334
16326
-48
-16412
-28387
-32766
-28374
-16382
0
0
0
0
0
0
0
0
0
0
0
0
0
0
0
0
0
0
0
0
0
0
0
0
0
0
0
0
0
0
0
0
0
0
0
0
0
0
0
0
0
0
0
0
0
0
0
0
0
0
0
0
0
0
0
0
0
0
0
0
0
0
0
0
0
0
0
0
0
0
0
0
0
0
0
0
0
0
0
0
0
0
0
0
0
0
0
0
0
0
0
0
0
0
0
0
0
0
0
0
0
0
0
0
0
0
0
0
0
0
0
0
0
0
0
0
0
0
0
0
0
0
0
0
0
0
0
0
0
0
0
0
0
0
0
0
0
0
0
0
0
0
0
0
0
0
0
0
0
0
0
0
0
0
0
0
0
0
0
0
0
0
0
0
0
0
0
0
0
0
0
0
0
0
0
0
0
0
0
0
0
0
0
0
0
0
0
0
0
0
0
0
0
0
0
0
0
0
0
0
0
0
0
0
0
0
0
0
0
0
0
0
0
0
0
0
0
0
0
0
0
0
0
0
0
0
0
0
0
0
0
0
0
0
0
0
0
0
0
0
0
0
0
0
0
0
0
0
0
0
0
0
0
0
0
0
0
0
0
0
0
0
0
0
0
0
0
0
0
0
0
0
0
0
0
0
0
0
0
0
0
0
0
0
0
0
0
0
0
0
0
0
0
0
0
0
0
0
0
0
0
0
0
0
0
0
0
0
0
0
0
0
0
0
0
0
0
0
0
0
0
0
0
0
0
0
0
0
0
0
0
0
0
0
0
0
0
0
0
0
0
0
0
0
0
0
0
0
0
0
0
0
0
0
0
0
0
0
0
0
0
0
0
0
0
0
0
0
0
0
0
0
0
0
0
0
0
0
0
0
0
0
0
0
0
0
0
0
0
0
0
0
0
0
0
0
0
0
0
0
0
0
0
0
0
0
0
0
0
0
0
0
0
0
0
0
0
0
0
0
0
0
0
0
0
0
0
0
0
0
0
0
0
0
0
0
0
0
0
0
0
0
0
0
0
0
0
0
0
0
0
0
0
0
0
0
0
0
0
0
0
0
0
0
0
0
0
0
0
0
0
0
0
0
0
0
0
0
0
0
0
0
0
0
0
0
0
0
0
0
0
0
0
0
0
0
0
0
0
0
0
0
0
0
0
0
0
0
0
0
0
0
0
0
0
0
0
0
0
0
0
0
0
0
0
0
0
0
0
0
0
0
0
0
0
0
0
0
0
0
0
0
0
0
0
0
0
0
0
0
0
0
0
0
0
0
0
0
0
0
0
0
0
0
0
0
0
0
0
0
0
0
0
0
0
0
0
0
0
0
0
0
0
0
0
0
0
0
0
0
0
0
0
0
0
0
0
0
0
0
0
0
0
0
0
0
0
0
0
0
0
0
0
0
0
0
0
0
0
0
0
0
0
0
0
0
0
0
0
0
0
0
0
0
0
0
0
0
0
0
0
0
0
0
0
0
0
0
0
0
0
0
0
0
0
0
0
0
0
0
0
0
0
0
0
0
0
0
0
0
0
0
0
0
0
0
0
0
0
0
0
0
0
0
0
0
0
0
0
0
0
0
0
0
0
0
0
0
0
0
0
0
0
0
0
0
0
0
0
0
0
0
0
0
0
0
0
0
0
0
0
0
0
0
0
0
0
0
0
0
0
0
0
0
0
0
0
0
0
0
0
0
0
0
0
0
0
0
0
0
0
0
0
0
0
0
0
0
0
0
0
0
0
0
0
0
0
0
0
0
0
0
0
0
0
0
0
0
0
0
0
0
0
0
0
0
0
0
0
0
0
0
0
0
0
0
0
0
0
0
0
0
0
0
0
0
0
0
0
0
0
0
0
0
0
0
0
0
0
0
0
0
0
0
0
0
0
0
0
0
0
0
0
0
0
0
0
0
0
0
0
0
0
0
0
0
0
0
0
0
0
0
0
0
0
0
0
0
0
0
0
0
0
0
0
0
0
0
0
0
0
0
0
0
0
0
0
0
0
0
0
0
0
0
0
0
0
0
0
0
0
0
0
0
0
0
0
0
0
0
0
0
0
0
0
0
0
0
0
0
0
0
0
0
0
0
0
0
0
0
0
0
0
0
0
0
0
0
0
0
0
0
0
0
0
0
0
0
0
0
0
0
0
0
0
0
0
0
0
0
0
0
0
0
0
0
0
0
0
0
16383
15954
14692
12668
9992
6816
3312
-326
-3902
-7226
-10124
-12447
-14083
-14960
-15050
-14367
-12971
-10955
-8448
-5597
-2566
478
3377
5986
8181
9869
10991
11518
11459
10853
9767
8288
6519
4571
2555
577
-1270
-2910
-4284
-5356
-6110
-6548
-6691
-6572
-6233
-5721
-5082
-4362
-3597
-2819
-2048
-1298
-573
127
806
1469
2118
2752
3365
3942
4463
4902
5229
5412
5421
5230
4821
4188
3335
2283
1065
-268
-1660
-3041
-4340
-5482
-6401
-7037
-7346
-7300
-6893
-6138
-5069
-3743
-2228
-608
1025
2582
3975
5128
5979
6486
6628
6409
5855
5012
3946
2734
1459
209
-936
-1907
-2648
-3126
-3326
-3258
-2950
-2451
-1825
-1141
-475
100
526
753
753
519
67
-564
-1318
-2123
-2896
-3550
-4006
-4190
-4051
-3556
-2702
-1511
-37
1643
3428
5204
6845
8228
9238
9778
9777
9194
8025
6305
4105
1530
-1282
-4177
-6984
-9534
-11664
-13232
-14124
-14265
-13622
-12208
-10083
-7350
-4153
-663
2924
6409
9591
12286
14335
15618
16058
15625
14342
12281
9560
6334
2788
-874
-4446
-7725
-10529
-12706
-14141
-14765
-14559
-13552
-11819
-9478
-6680
-3599
-424
2657
5468
7851
9681
10868
11366
11171
10323
8902
7018
4808
2424
23
-2240
-4231
-5832
-6958
-7558
-7616
-7154
-6227
-4917
-3332
-1592
176
1848
3311
4469
5249
5610
5536
5046
4183
3019
1641
150
-1346
-2743
-3947
-4874
-5466
-5686
-5521
-4987
-4121
-2985
-1654
-215
1238
2615
3832
4814
5507
5874
5900
5591
4975
4095
3013
1796
521
-737
-1908
-2929
-3750
-4336
-4667
-4740
-4569
-4181
-3614
-2914
-2134
-1325
-536
188
814
1316
1682
1908
2002
1982
1872
1701
1499
1296
1118
985
911
901
951
1051
1181
1320
1439
1511
1510
1414
1207
880
434
-120
-765
-1471
-2204
-2922
-3583
-4141
-4557
-4794
-4822
-4624
-4191
-3529
-2654
-1598
-400
887
2208
3499
4697
5739
6569
7137
7407
7353
6965
6249
5228
3937
2428
766
-979
-2728
-4400
-5915
-7201
-8191
-8834
-9092
-8945
-8392
-7451
-6159
-4570
-2754
-793
1222
3201
5048
6674
8001
8965
9516
9626
9289
8520
7354
5849
4077
2127
93
-1923
-3823
-5515
-6915
-7957
-8593
-8798
-8567
-7920
-6897
-5559
-3982
-2254
-468
1278
2896
4301
5424
6215
6640
6690
6376
5730
4800
3653
2363
1011
-318
-1548
-2610
-3445
-4012
-4289
-4272
-3974
-3429
-2682
-1793
-826
149
1066
1863
2489
2904
3086
3026
2734
2235
1565
775
-79
-940
-1747
-2447
-2991
-3346
-3487
-3405
-3107
-2611
-1949
-1161
-296
595
1460
2249
2920
3437
3775
3921
3872
3638
3236
2695
2047
1328
577
-170
-880
-1526
-2084
-2539
-2884
-3115
-3236
-3255
-3182
-3029
-2808
-2531
-2206
-1839
-1437
-1001
-532
-33
493
1044
1612
2183
2743
3271
3743
4132
4412
4554
4535
4335
3943
3356
2580
1635
550
-634
-1870
-3100
-4265
-5302
-6153
-6765
-7096
-7115
-6807
-6174
-5234
-4022
-2591
-1003
664
2334
3922
5349
6543
7443
8002
8191
8002
7443
6543
5349
3922
2334
664
-1003
-2591
-4022
-5234
-6174
-6807
-7115
-7096
-6765
-6153
-5302
-4265
-3100
-1870
-634
550
1635
2580
3356
3943
4335
4535
4554
4412
4132
3743
3271
2743
2183
1612
1044
493
-33
-532
-1001
-1437
-1839
-2206
-2531
-2808
-3029
-3182
-3255
-3236
-3115
-2884
-2539
-2084
-1526
-880
-170
577
1328
2047
2695
3236
3638
3872
3921
3775
3437
2920
2249
1460
595
-296
-1161
-1949
-2611
-3107
-3405
-3487
-3346
-2991
-2447
-1747
-940
-79
775
1565
2235
2734
3026
3086
2904
2489
1863
1066
149
-826
-1793
-2682
-3429
-3974
-4272
-4289
-4012
-3445
-2610
-1548
-318
1011
2363
3653
4800
5730
6376
6690
6640
6215
5424
4301
2896
1278
-468
-2254
-3982
-5559
-6897
-7920
-8567
-8798
-8593
-7957
-6915
-5515
-3823
-1923
93
2127
4077
5849
7354
8520
9289
9626
9516
8965
8001
6674
5048
3201
1222
-793
-2754
-4570
-6159
-7451
-8392
-8945
-9092
-8834
-8191
-7201
-5915
-4400
-2728
-979
766
2428
3937
5228
6249
6965
7353
7407
7137
6569
5739
4697
3499
2208
887
-400
-1598
-2654
-3529
-4191
-4624
-4822
-4794
-4557
-4141
-3583
-2922
-2204
-1471
-765
-120
434
880
1207
1414
1510
1511
1439
1320
1181
1051
951
901
911
985
1118
1296
1499
1701
1872
1982
2002
1908
1682
1316
814
188
-536
-1325
-2134
-2914
-3614
-4181
-4569
-4740
-4667
-4336
-3750
-2929
-1908
-737
521
1796
3013
4095
4975
5591
5900
5874
5507
4814
3832
2615
1238
-215
-1654
-2985
-4121
-4987
-5521
-5686
-5466
-4874
-3947
-2743
-1346
150
1641
3019
4183
5046
5536
5610
5249
4469
3311
1848
176
-1592
-3332
-4917
-6227
-7154
-7616
-7558
-6958
-5832
-4231
-2240
23
2424
4808
7018
8902
10323
11171
11366
10868
9681
7851
5468
2657
-424
-3599
-6680
-9478
-11819
-13552
-14559
-14765
-14141
-12706
-10529
-7725
-4446
-874
2788
6334
9560
12281
14342
15625
16058
15618
14335
12286
9591
6409
2924
-663
-4153
-7350
-10083
-12208
-13622
-14265
-14124
-13232
-11664
-9534
-6984
-4177
-1282
1530
4105
6305
8025
9194
9777
9778
9238
8228
6845
5204
3428
1643
-37
-1511
-2702
-3556
-4051
-4190
-4006
-3550
-2896
-2123
-1318
-564
67
519
753
753
526
100
-475
-1141
-1825
-2451
-2950
-3258
-3326
-3126
-2648
-1907
-936
209
1459
2734
3946
5012
5855
6409
6628
6486
5979
5128
3975
2582
1025
-608
-2228
-3743
-5069
-6138
-6893
-7300
-7346
-7037
-6401
-5482
-4340
-3041
-1660
-268
1065
2283
3335
4188
4821
5230
5421
5412
5229
4902
4463
3942
3365
2752
2118
1469
806
127
-573
-1298
-2048
-2819
-3597
-4362
-5082
-5721
-6233
-6572
-6691
-6548
-6110
-5356
-4284
-2910
-1270
577
2555
4571
6519
8288
9767
10853
11459
11518
10991
9869
8181
5986
3377
478
-2566
-5597
-8448
-10955
-12971
-14367
-15050
-14960
-14083
-12447
-10124
-7226
-3902
-326
3312
6816
9992
12668
14692
15954
0
0
0
0
0
0
0
0
0
0
0
0
0
0
0
0
0
0
0
0
0
0
0
0
0
0
0
0
0
0
0
0
0
0
0
0
0
0
0
0
0
0
0
0
0
0
0
0
0
0
0
0
0
0
0
0
0
0
0
0
0
0
0
0
0
0
0
-8191
-8027
-7540
-6747
-5676
-4363
-2855
-1209
513
2244
3913
5448
6781
7846
8588
8964
8944
8513
7679
6465
4916
3095
1081
-1032
-3146
-5152
-6947
-8433
-9526
-10159
-10286
-9889
-8976
-7585
-5779
-3646
-1296
1148
3557
5799
7748
9296
10353
10857
10775
10108
8891
7190
5099
2734
228
-2276
-4639
-6727
-8424
-9637
-10300
-10382
-9885
-8845
-7329
-5432
-3270
-972
1325
3492
5404
6958
8074
8701
8816
8431
7586
6349
4807
3066
1236
-569
-2243
-3693
-4845
-5647
-6071
-6118
-5812
-5197
-4338
-3309
-2193
-1070
-18
898
1630
2147
2436
2506
2381
2103
1723
1296
880
527
280
169
207
393
704
1107
1554
1988
2351
2585
2640
2479
2081
1441
578
-470
-1648
-2884
-4095
-5195
-6097
-6721
-7003
-6896
-6376
-5445
-4132
-2494
-609
1423
3491
5475
7256
8721
9775
10342
10373
9850
8787
7230
5253
2956
459
-2103
-4595
-6881
-8836
-10355
-11356
-11785
-11620
-10874
-9588
-7835
-5709
-3325
-810
1705
4095
6242
8043
9420
10315
10702
10580
9973
8930
7521
5828
3945
1970
0
-1878
-3582
-5049
-6227
-7087
-7612
-7806
-7685
-7279
-6625
-5768
-4757
-3641
-2467
-1278
-114
990
2010
2922
3708
4356
4857
5203
5391
5419
5287
4998
4559
3978
3269
2451
1545
581
-409
-1391
-2326
-3176
-3904
-4477
-4867
-5055
-5030
-4793
-4355
-3738
-2974
-2104
-1175
-237
660
1470
2151
2670
3008
3156
3118
2912
2567
2122
1622
1114
644
255
-19
-157
-149
0
270
631
1036
1437
1777
2005
2070
1936
1579
992
187
-804
-1932
-3132
-4323
-5421
-6338
-6991
-7309
-7234
-6735
-5802
-4454
-2739
-732
1470
3753
5987
8040
9783
11101
11895
12096
11666
10601
8937
6742
4122
1206
-1853
-4893
-7746
-10253
-12272
-13686
-14411
-14399
-13645
-12186
-10098
-7493
-4510
-1313
1925
5032
7842
10206
12005
13152
13599
13337
12400
10855
8806
6380
3722
987
-1673
-4116
-6217
-7878
-9028
-9634
-9694
-9238
-8327
-7047
-5498
-3793
-2047
-369
1144
2415
3385
4025
4327
4309
4013
3496
2827
2081
1335
658
107
-273
-459
-447
-251
97
551
1054
1544
1960
2244
2353
2253
1932
1393
659
-226
-1211
-2229
-3208
-4076
-4765
-5218
-5393
-5264
-4826
-4095
-3107
-1916
-589
794
2152
3402
4468
5286
5807
6003
5864
5404
4655
3671
2515
1265
1
-1198
-2261
-3125
-3743
-4089
-4152
-3946
-3500
-2862
-2089
-1249
-412
356
996
1460
1716
1750
1567
1190
658
23
-650
-1298
-1853
-2255
-2455
-2419
-2131
-1595
-835
105
1168
2279
3360
4326
5099
5609
5802
5640
5110
4223
3012
1537
-126
-1884
-3633
-5266
-6680
-7780
-8488
-8748
-8527
-7824
-6663
-5099
-3210
-1099
1120
3323
5383
7180
8610
9585
10044
9957
9323
8174
6572
4606
2385
37
-2306
-4512
-6453
-8021
-9125
-9705
-9730
-9202
-8154
-6653
-4787
-2670
-428
1805
3899
5730
7191
8199
8698
8662
8097
7044
5569
3766
1749
-357
-2423
-4321
-5933
-7161
-7930
-8191
-7930
-7161
-5933
-4321
-2423
-357
1749
3766
5569
7044
8097
8662
8698
8199
7191
5730
3899
1805
-428
-2670
-4787
-6653
-8154
-9202
-9730
-9705
-9125
-8021
-6453
-4512
-2306
37
2385
4606
6572
8174
9323
9957
10044
9585
8610
7180
5383
3323
1120
-1099
-3210
-5099
-6663
-7824
-8527
-8748
-8488
-7780
-6680
-5266
-3633
-1884
-126
1537
3012
4223
5110
5640
5802
5609
5099
4326
3360
2279
1168
105
-835
-1595
-2131
-2419
-2455
-2255
-1853
-1298
-650
23
658
1190
1567
1750
1716
1460
996
356
-412
-1249
-2089
-2862
-3500
-3946
-4152
-4089
-3743
-3125
-2261
-1198
1
1265
2515
3671
4655
5404
5864
6003
5807
5286
4468
3402
2152
794
-589
-1916
-3107
-4095
-4826
-5264
-5393
-5218
-4765
-4076
-3208
-2229
-1211
-226
659
1393
1932
2253
2353
2244
1960
1544
1054
551
97
-251
-447
-459
-273
107
658
1335
2081
2827
3496
4013
4309
4327
4025
3385
2415
1144
-369
-2047
-3793
-5498
-7047
-8327
-9238
-9694
-9634
-9028
-7878
-6217
-4116
-1673
987
3722
6380
8806
10855
12400
13337
13599
13152
12005
10206
7842
5032
1925
-1313
-4510
-7493
-10098
-12186
-13645
-14399
-14411
-13686
-12272
-10253
-7746
-4893
-1853
1206
4122
6742
8937
10601
11666
12096
11895
11101
9783
8040
5987
3753
1470
-732
-2739
-4454
-5802
-6735
-7234
-7309
-6991
-6338
-5421
-4323
-3132
-1932
-804
187
992
1579
1936
2070
2005
1777
1437
1036
631
270
0
-149
-157
-19
255
644
1114
1622
2122
2567
2912
3118
3156
3008
2670
2151
1470
660
-237
-1175
-2104
-2974
-3738
-4355
-4793
-5030
-5055
-4867
-4477
-3904
-3176
-2326
-1391
-409
581
1545
2451
3269
3978
4559
4998
5287
5419
5391
5203
4857
4356
3708
2922
2010
990
-114
-1278
-2467
-3641
-4757
-5768
-6625
-7279
-7685
-7806
-7612
-7087
-6227
-5049
-3582
-1878
0
1970
3945
5828
7521
8930
9973
10580
10702
10315
9420
8043
6242
4095
1705
-810
-3325
-5709
-7835
-9588
-10874
-11620
-11785
-11356
-10355
-8836
-6881
-4595
-2103
459
2956
5253
7230
8787
9850
10373
10342
9775
8721
7256
5475
3491
1423
-609
-2494
-4132
-5445
-6376
-6896
-7003
-6721
-6097
-5195
-4095
-2884
-1648
-470
578
1441
2081
2479
2640
2585
2351
1988
1554
1107
704
393
207
169
280
527
880
1296
1723
2103
2381
2506
2436
2147
1630
898
-18
-1070
-2193
-3309
-4338
-5197
-5812
-6118
-6071
-5647
-4845
-3693
-2243
-569
1236
3066
4807
6349
7586
8431
8816
8701
8074
6958
5404
3492
1325
-972
-3270
-5432
-7329
-8845
-9885
-10382
-10300
-9637
-8424
-6727
-4639
-2276
228
2734
5099
7190
8891
10108
10775
10857
10353
9296
7748
5799
3557
1148
-1296
-3646
-5779
-7585
-8976
-9889
-10286
-10159
-9526
-8433
-6947
-5152
-3146
-1032
1081
3095
4916
6465
7679
8513
8944
8964
8588
7846
6781
5448
3913
2244
513
-1209
-2855
-4363
-5676
-6747
-7540
-8027
0
0
0
0
0
0
0
0
0
0
0
0
0
0
0
0
0
0
0
0
0
0
0
0
0
0
0
0
0
0
0
0
0
0
0
0
0
0
0
0
0
0
0
0
0
0
0
0
0
0
0
0
0
0
0
0
0
0
0
0
0
0
0
0
0
0
0
8191
7962
7286
6205
4782
3102
1263
-626
-2458
-4127
-5540
-6619
-7308
-7577
-7418
-6851
-5920
-4688
-3237
-1656
-43
1508
2910
4088
4983
5555
5787
5684
5271
4590
3700
2668
1567
469
-556
-1452
-2172
-2685
-2978
-3053
-2929
-2638
-2222
-1729
-1209
-712
-280
51
262
341
294
136
-103
-388
-678
-928
-1098
-1154
-1069
-832
-440
89
731
1445
2181
2885
3499
3968
4243
4286
4071
3590
2852
1883
725
-560
-1908
-3238
-4471
-5530
-6344
-6854
-7017
-6809
-6228
-5290
-4037
-2527
-836
948
2731
4417
5911
7130
8003
8479
8525
8135
7324
6130
4614
2854
939
-1030
-2952
-4726
-6260
-7475
-8309
-8721
-8691
-8223
-7346
-6107
-4574
-2828
-961
928
2743
4392
5792
6874
7588
7903
7809
7318
6463
5295
3879
2296
630
-1028
-2593
-3983
-5128
-5972
-6475
-6618
-6400
-5839
-4972
-3852
-2545
-1127
322
1721
2993
4067
4886
5406
5601
5463
5003
4250
3250
2062
757
-588
-1895
-3088
-4095
-4858
-5330
-5482
-5303
-4803
-4008
-2962
-1724
-365
1036
2400
3648
4706
5511
6015
6186
6011
5498
4671
3575
2269
824
-682
-2167
-3549
-4756
-5721
-6393
-6740
-6743
-6407
-5752
-4816
-3652
-2322
-897
547
1940
3214
4310
5182
5796
6134
6194
5986
5536
4878
4055
3114
2104
1072
62
-890
-1756
-2515
-3154
-3669
-4062
-4340
-4510
-4584
-4571
-4475
-4300
-4045
-3704
-3270
-2734
-2089
-1329
-456
523
1592
2723
3879
5014
6073
6996
7722
8191
8349
8154
7577
6609
5260
3566
1581
-615
-2928
-5249
-7457
-9432
-11059
-12232
-12868
-12904
-12312
-11091
-9280
-6948
-4199
-1159
2021
5180
8155
10784
12923
14451
15279
15351
14657
13224
11121
8457
5368
2017
-1417
-4755
-7821
-10454
-12519
-13913
-14572
-14474
-13639
-12128
-10039
-7501
-4665
-1694
1242
3987
6393
8342
9745
10550
10739
10336
9397
8009
6281
4339
2316
341
-1463
-2997
-4182
-4967
-5332
-5289
-4875
-4155
-3210
-2136
-1030
9
897
1562
1954
2047
1842
1363
657
-207
-1153
-2092
-2937
-3606
-4032
-4162
-3968
-3444
-2608
-1503
-193
1242
2713
4124
5381
6399
7104
7444
7387
6927
6080
4887
3412
1731
-64
-1878
-3613
-5179
-6496
-7499
-8142
-8399
-8267
-7762
-6920
-5792
-4441
-2938
-1358
226
1746
3141
4361
5369
6140
6661
6930
6958
6758
6354
5770
5032
4166
3199
2153
1052
-82
-1229
-2364
-3463
-4497
-5437
-6248
-6897
-7346
-7562
-7517
-7186
-6558
-5632
-4422
-2958
-1286
532
2422
4296
6063
7629
8902
9803
10265
10242
9715
8687
7195
5299
3088
670
-1828
-4274
-6531
-8470
-9978
-10963
-11361
-11143
-10315
-8918
-7028
-4752
-2222
415
3004
5393
7440
9022
10049
10460
10237
9399
8005
6147
3947
1550
-888
-3213
-5276
-6945
-8118
-8724
-8732
-8151
-7027
-5444
-3516
-1380
814
2916
4781
6280
7312
7809
7740
7113
5975
4408
2526
462
-1636
-3622
-5355
-6712
-7598
-7948
-7739
-6983
-5733
-4076
-2127
-20
2095
4074
5777
7086
7910
8191
7910
7086
5777
4074
2095
-20
-2127
-4076
-5733
-6983
-7739
-7948
-7598
-6712
-5355
-3622
-1636
462
2526
4408
5975
7113
7740
7809
7312
6280
4781
2916
814
-1380
-3516
-5444
-7027
-8151
-8732
-8724
-8118
-6945
-5276
-3213
-888
1550
3947
6147
8005
9399
10237
10460
10049
9022
7440
5393
3004
415
-2222
-4752
-7028
-8918
-10315
-11143
-11361
-10963
-9978
-8470
-6531
-4274
-1828
670
3088
5299
7195
8687
9715
10242
10265
9803
8902
7629
6063
4296
2422
532
-1286
-2958
-4422
-5632
-6558
-7186
-7517
-7562
-7346
-6897
-6248
-5437
-4497
-3463
-2364
-1229
-82
1052
2153
3199
4166
5032
5770
6354
6758
6958
6930
6661
6140
5369
4361
3141
1746
226
-1358
-2938
-4441
-5792
-6920
-7762
-8267
-8399
-8142
-7499
-6496
-5179
-3613
-1878
-64
1731
3412
4887
6080
6927
7387
7444
7104
6399
5381
4124
2713
1242
-193
-1503
-2608
-3444
-3968
-4162
-4032
-3606
-2937
-2092
-1153
-207
657
1363
1842
2047
1954
1562
897
9
-1030
-2136
-3210
-4155
-4875
-5289
-5332
-4967
-4182
-2997
-1463
341
2316
4339
6281
8009
9397
10336
10739
10550
9745
8342
6393
3987
1242
-1694
-4665
-7501
-10039
-12128
-13639
-14474
-14572
-13913
-12519
-10454
-7821
-4755
-1417
2017
5368
8457
11121
13224
14657
15351
15279
14451
12923
10784
8155
5180
2021
-1159
-4199
-6948
-9280
-11091
-12312
-12904
-12868
-12232
-11059
-9432
-7457
-5249
-2928
-615
1581
3566
5260
6609
7577
8154
8349
8191
7722
6996
6073
5014
3879
2723
1592
523
-456
-1329
-2089
-2734
-3270
-3704
-4045
-4300
-4475
-4571
-4584
-4510
-4340
-4062
-3669
-3154
-2515
-1756
-890
62
1072
2104
3114
4055
4878
5536
5986
6194
6134
5796
5182
4310
3214
1940
547
-897
-2322
-3652
-4816
-5752
-6407
-6743
-6740
-6393
-5721
-4756
-3549
-2167
-682
824
2269
3575
4671
5498
6011
6186
6015
5511
4706
3648
2400
1036
-365
-1724
-2962
-4008
-4803
-5303
-5482
-5330
-4858
-4095
-3088
-1895
-588
757
2062
3250
4250
5003
5463
5601
5406
4886
4067
2993
1721
322
-1127
-2545
-3852
-4972
-5839
-6400
-6618
-6475
-5972
-5128
-3983
-2593
-1028
630
2296
3879
5295
6463
7318
7809
7903
7588
6874
5792
4392
2743
928
-961
-2828
-4574
-6107
-7346
-8223
-8691
-8721
-8309
-7475
-6260
-4726
-2952
-1030
939
2854
4614
6130
7324
8135
8525
8479
8003
7130
5911
4417
2731
948
-836
-2527
-4037
-5290
-6228
-6809
-7017
-6854
-6344
-5530
-4471
-3238
-1908
-560
725
1883
2852
3590
4071
4286
4243
3968
3499
2885
2181
1445
731
89
-440
-832
-1069
-1154
-1098
-928
-678
-388
-103
136
294
341
262
51
-280
-712
-1209
-1729
-2222
-2638
-2929
-3053
-2978
-2685
-2172
-1452
-556
469
1567
2668
3700
4590
5271
5684
5787
5555
4983
4088
2910
1508
-43
-1656
-3237
-4688
-5920
-6851
-7418
-7577
-7308
-6619
-5540
-4127
-2458
-626
1263
3102
4782
6205
7286
7962
0
0
0
0
0
0
0
0
0
0
0
0
0
0
0
0
0
0
0
0
0
0
0
0
0
0
0
0
0
0
0
0
0
0
0
0
0
0
0
0
0
0
0
0
0
0
0
0
0
0
0
0
0
0
0
0
0
0
0
0
0
0
0
0
0
0
0
12287
11967
11023
9510
7511
5137
2520
-196
-2867
-5347
-7509
-9243
-10465
-11123
-11196
-10698
-9672
-8190
-6347
-4254
-2031
198
2319
4225
5828
7061
7884
8277
8251
7836
7082
6053
4825
3477
2087
729
-534
-1652
-2589
-3324
-3850
-4174
-4315
-4297
-4152
-3912
-3605
-3258
-2892
-2517
-2141
-1761
-1371
-962
-523
-44
478
1044
1648
2273
2896
3488
4015
4441
4728
4845
4765
4471
3957
3231
2315
1241
57
-1181
-2413
-3574
-4599
-5431
-6021
-6333
-6344
-6052
-5468
-4622
-3560
-2337
-1019
322
1618
2801
3812
4607
5150
5427
5436
5194
4728
4081
3301
2442
1557
697
-93
-780
-1341
-1764
-2050
-2212
-2270
-2251
-2185
-2104
-2032
-1991
-1994
-2042
-2128
-2234
-2336
-2402
-2399
-2293
-2056
-1668
-1117
-408
444
1407
2439
3482
4475
5351
6044
6495
6653
6484
5970
5115
3944
2503
855
-917
-2723
-4465
-6043
-7366
-8353
-8941
-9089
-8779
-8020
-6847
-5320
-3519
-1540
510
2522
4386
6005
7295
8191
8655
8672
8255
7439
6285
4868
3278
1609
-39
-1581
-2935
-4039
-4849
-5344
-5521
-5402
-5023
-4437
-3706
-2896
-2072
-1295
-615
-68
323
557
644
610
492
335
186
92
92
216
480
885
1416
2042
2718
3390
3996
4475
4767
4823
4605
4094
3290
2214
907
-569
-2139
-3715
-5204
-6511
-7550
-8247
-8543
-8403
-7819
-6804
-5402
-3679
-1721
368
2478
4494
6305
7810
8925
9589
9764
9444
8645
7415
5823
3957
1922
-172
-2213
-4095
-5723
-7017
-7920
-8397
-8439
-8061
-7300
-6212
-4869
-3354
-1755
-157
1354
2710
3849
4728
5321
5620
5631
5377
4894
4224
3417
2526
1599
683
-178
-956
-1624
-2167
-2576
-2851
-2997
-3022
-2939
-2760
-2499
-2168
-1779
-1342
-867
-366
150
669
1177
1654
2082
2439
2701
2848
2860
2722
2424
1968
1360
622
-216
-1116
-2027
-2896
-3663
-4270
-4665
-4803
-4650
-4190
-3425
-2376
-1085
386
1961
3551
5056
6376
7416
8091
8333
8096
7363
6143
4480
2444
133
-2329
-4808
-7159
-9236
-10905
-12047
-12571
-12418
-11566
-10035
-7884
-5211
-2148
1145
4493
7707
10604
13012
14786
15809
16009
15355
13868
11614
8704
5289
1549
-2313
-6091
-9575
-12575
-14924
-16493
-17196
-16995
-15904
-13984
-11345
-8135
-4533
-740
3037
6593
9739
12312
14182
15263
15515
14946
13608
11597
9045
6110
2967
-200
-3218
-5922
-8176
-9872
-10942
-11355
-11123
-10293
-8948
-7196
-5167
-2998
-829
1205
2991
4433
5465
6051
6188
5901
5245
4296
3146
1896
650
-496
-1458
-2169
-2585
-2687
-2481
-1998
-1289
-424
515
1446
2281
2945
3373
3520
3361
2896
2146
1157
-7
-1271
-2546
-3741
-4771
-5556
-6034
-6160
-5915
-5299
-4341
-3090
-1616
-3
1651
3249
4695
5898
6785
7300
7410
7107
6407
5352
4002
2439
754
-952
-2580
-4036
-5235
-6112
-6619
-6734
-6457
-5814
-4851
-3635
-2246
-775
685
2044
3218
4137
4750
5026
4955
4552
3853
2912
1799
595
-615
-1745
-2718
-3465
-3935
-4095
-3935
-3465
-2718
-1745
-615
595
1799
2912
3853
4552
4955
5026
4750
4137
3218
2044
685
-775
-2246
-3635
-4851
-5814
-6457
-6734
-6619
-6112
-5235
-4036
-2580
-952
754
2439
4002
5352
6407
7107
7410
7300
6785
5898
4695
3249
1651
-3
-1616
-3090
-4341
-5299
-5915
-6160
-6034
-5556
-4771
-3741
-2546
-1271
-7
1157
2146
2896
3361
3520
3373
2945
2281
1446
515
-424
-1289
-1998
-2481
-2687
-2585
-2169
-1458
-496
650
1896
3146
4296
5245
5901
6188
6051
5465
4433
2991
1205
-829
-2998
-5167
-7196
-8948
-10293
-11123
-11355
-10942
-9872
-8176
-5922
-3218
-200
2967
6110
9045
11597
13608
14946
15515
15263
14182
12312
9739
6593
3037
-740
-4533
-8135
-11345
-13984
-15904
-16995
-17196
-16493
-14924
-12575
-9575
-6091
-2313
1549
5289
8704
11614
13868
15355
16009
15809
14786
13012
10604
7707
4493
1145
-2148
-5211
-7884
-10035
-11566
-12418
-12571
-12047
-10905
-9236
-7159
-4808
-2329
133
2444
4480
6143
7363
8096
8333
8091
7416
6376
5056
3551
1961
386
-1085
-2376
-3425
-4190
-4650
-4803
-4665
-4270
-3663
-2896
-2027
-1116
-216
622
1360
1968
2424
2722
2860
2848
2701
2439
2082
1654
1177
669
150
-366
-867
-1342
-1779
-2168
-2499
-2760
-2939
-3022
-2997
-2851
-2576
-2167
-1624
-956
-178
683
1599
2526
3417
4224
4894
5377
5631
5620
5321
4728
3849
2710
1354
-157
-1755
-3354
-4869
-6212
-7300
-8061
-8439
-8397
-7920
-7017
-5723
-4095
-2213
-172
1922
3957
5823
7415
8645
9444
9764
9589
8925
7810
6305
4494
2478
368
-1721
-3679
-5402
-6804
-7819
-8403
-8543
-8247
-7550
-6511
-5204
-3715
-2139
-569
907
2214
3290
4094
4605
4823
4767
4475
3996
3390
2718
2042
1416
885
480
216
92
92
186
335
492
610
644
557
323
-68
-615
-1295
-2072
-2896
-3706
-4437
-5023
-5402
-5521
-5344
-4849
-4039
-2935
-1581
-39
1609
3278
4868
6285
7439
8255
8672
8655
8191
7295
6005
4386
2522
510
-1540
-3519
-5320
-6847
-8020
-8779
-9089
-8941
-8353
-7366
-6043
-4465
-2723
-917
855
2503
3944
5115
5970
6484
6653
6495
6044
5351
4475
3482
2439
1407
444
-408
-1117
-1668
-2056
-2293
-2399
-2402
-2336
-2234
-2128
-2042
-1994
-1991
-2032
-2104
-2185
-2251
-2270
-2212
-2050
-1764
-1341
-780
-93
697
1557
2442
3301
4081
4728
5194
5436
5427
5150
4607
3812
2801
1618
322
-1019
-2337
-3560
-4622
-5468
-6052
-6344
-6333
-6021
-5431
-4599
-3574
-2413
-1181
57
1241
2315
3231
3957
4471
4765
4845
4728
4441
4015
3488
2896
2273
1648
1044
478
-44
-523
-962
-1371
-1761
-2141
-2517
-2892
-3258
-3605
-3912
-4152
-4297
-4315
-4174
-3850
-3324
-2589
-1652
-534
729
2087
3477
4825
6053
7082
7836
8251
8277
7884
7061
5828
4225
2319
198
-2031
-4254
-6347
-8190
-9672
-10698
-11196
-11123
-10465
-9243
-7509
-5347
-2867
-196
2520
5137
7511
9510
11023
11967
0
0
0
0
0
0
0
0
0
0
0
0
0
0
0
0
0
0
0
0
0
0
0
0
0
0
0
0
0
0
0
0
0
0
0
0
0
0
0
0
0
0
0
0
0
0
0
0
0
0
0
0
0
0
0
0
0
0
0
0
0
0
0
0
0
0
0
