0
4278
8485
12550
16402
19973
23203
26035
28419
30314
31684
32507
32766
32456
31581
30156
28203
25758
22860
19561
15917
11991
7852
3573
-771
-5106
-9352
-13436
-17284
-20829
-24006
-26759
-29038
-30801
-32015
-32660
-32720
-32196
-31094
-29434
-27244
-24563
-21439
-17925
-14087
-9991
-5712
-1327
3083
7441
11667
15683
19415
22796
25762
28259
30239
31667
32514
32764
32412
31462
29931
27847
25247
22178
18696
14865
10755
6443
2009
-2465
-6896
-11201
-15299
-19113
-22570
-25606
-28162
-30190
-31650
-32514
-32764
-32394
-31411
-29832
-27686
-25012
-21861
-18292
-14372
-10175
-5781
-1274
3259
7733
12062
16161
19951
23359
26318
28771
30668
31973
32659
32711
32127
30919
29107
26727
23823
20452
16679
12577
8226
3711
-879
-5455
-9926
-14204
-18204
-21846
-25058
-27775
-29942
-31516
-32464
-32766
-32415
-31417
-29790
-27567
-24790
-21514
-17805
-13736
-9388
-4849
-209
4437
8997
13377
17489
21248
24578
27411
29687
31359
32393
32765
32468
31507
29899
27676
24884
21579
17828
13707
9301
4700
0
-4703
-9311
-13729
-17864
-21629
-24947
-27746
-29968
-31566
-32503
-32761
-32332
-31225
-29460
-27076
-24119
-20653
-16748
-12488
-7961
-3263
1506
6246
10856
15238
19298
22949
26112
28719
30713
32051
32702
32651
31900
30461
28366
25658
22395
18646
14492
10022
5332
524
-4298
-9029
-13567
-17811
-21669
-25055
-27896
-30127
-31699
-32577
-32739
-32182
-30916
-28967
-26379
-23206
-19519
-15397
-10932
-6222
-1372
3511
8320
12945
17284
21240
24723
27655
29968
31611
32545
32748
32214
30954
28995
26381
23169
19431
15252
10724
5950
1038
-3899
-8751
-13405
-17757
-21705
-25159
-28038
-30277
-31822
-32637
-32702
-32014
-30588
-28456
-25665
-22280
-18377
-14047
-9388
-4509
477
5455
10308
14924
19194
23018
26305
28979
30974
32243
32756
32498
31476
29711
27244
24133
20449
16280
11722
6884
1880
-3170
-8148
-12935
-17416
-21484
-25041
-28000
-30291
-31856
-32659
-32677
-31909
-30373
-28105
-25157
-21600
-17520
-13013
-8189
-3163
1941
7001
11893
16499
20705
24407
27516
29953
31659
32589
32721
32049
30590
28377
25463
21921
17836
13307
8448
3377
-1780
-6896
-11843
-16499
-20746
-24479
-27603
-30040
-31727
-32621
-32699
-31957
-30413
-28105
-25088
-21439
-17247
-12618
-7668
-2522
2689
7836
12787
17416
21605
25247
28248
30530
32035
32723
32574
31592
29801
27244
23987
20112
15718
10917
5832
595
-4660
-9798
-14685
-19194
-23208
-26622
-29345
-31307
-32455
-32757
-32206
-30813
-28614
-25665
-22043
-17841
-13169
-8148
-2911
2405
7661
12717
17440
21705
25397
28419
30689
32146
32750
32483
31352
29385
26633
23169
19084
14487
9500
4255
-1105
-6439
-11603
-16457
-20870
-24723
-27911
-30346
-31961
-32712
-32578
-31559
-29684
-27001
-23582
-19519
-14922
-9916
-4636
771
6162
11386
16301
20770
24671
27896
30354
31977
32719
32558
31498
29565
26813
23317
19172
14492
9407
4058
-1405
-6833
-12073
-16978
-21411
-25247
-28377
-30713
-32188
-32760
-32410
-31148
-29007
-26047
-22351
-18021
-13179
-7961
-2516
3003
8440
13640
18454
22745
26389
29282
31340
32503
32737
32033
30409
27913
24613
20604
16000
10932
5547
0
-5550
-10942
-16021
-20637
-24657
-27963
-30458
-32068
-32745
-32468
-31244
-29107
-26118
-22364
-17952
-13013
-7689
-2137
3479
8997
14252
19090
23367
26955
29748
31662
32640
32650
31691
29790
27003
23411
19119
14256
8965
3403
-2262
-7862
-13230
-18204
-22633
-26385
-29345
-31423
-32556
-32707
-31871
-30072
-27362
-23823
-19561
-14703
-9397
-3803
1908
7565
12994
18030
22517
26318
29316
31419
32559
32702
31841
30001
27238
23635
19302
14372
8996
3339
-2422
-8112
-13553
-18577
-23026
-26761
-29667
-31650
-32648
-32629
-31591
-29565
-26615
-22829
-18327
-13249
-7752
-2009
3799
9491
14886
19815
24120
27666
30338
32052
32751
32412
31044
28690
25423
21345
16586
11295
5642
-193
-6025
-11667
-16938
-21669
-25706
-28920
-31206
-32489
-32726
-31909
-30063
-27244
-23544
-19081
-13998
-8460
-2644
3259
9060
14569
19606
24006
27626
30346
32075
32756
32366
30916
28451
25051
20827
15917
10480
4696
-1244
-7147
-12817
-18065
-22719
-26622
-29644
-31684
-32674
-32578
-31398
-29173
-25975
-21909
-17110
-11737
-5969
0
5972
11747
17130
21941
26016
29217
31436
32596
32657
31615
29504
26395
22390
17625
12260
6476
470
-5554
-11392
-16845
-21726
-25867
-29127
-31393
-32585
-32662
-31619
-29491
-26349
-22301
-17483
-12062
-6222
-166
5898
11762
17222
22088
26191
29387
31566
32648
32597
31411
29131
25835
21636
16679
11138
5205
-912
-7001
-12847
-18244
-23003
-26955
-29960
-31912
-32739
-32412
-30940
-28374
-24803
-20353
-15179
-9465
-3413
2763
8843
14612
19863
24407
28083
30758
32334
32755
32003
30103
27124
23169
18381
12929
7010
836
-5370
-11386
-16993
-21989
-26191
-29446
-31636
-32680
-32538
-31214
-28754
-25247
-20819
-15630
-9868
-3744
2518
8692
14551
19879
24480
28184
30855
32393
32739
31880
29845
26709
22585
17625
12011
5950
-333
-6607
-12639
-18204
-23094
-27128
-30152
-32055
-32763
-32248
-30528
-27666
-23767
-18976
-13473
-7461
-1167
5173
11322
17047
22132
26385
29644
31785
32724
32427
30901
28203
24435
19738
14288
8294
1981
-4409
-10635
-16457
-21654
-26025
-29402
-31656
-32697
-32485
-31027
-28377
-24634
-19943
-14481
-8460
-2109
4324
10594
16457
21686
26077
29459
31699
32710
32451
30929
28203
24378
19601
14056
7961
1552
-4919
-11201
-17047
-22227
-26537
-29806
-31906
-32751
-32307
-30590
-27666
-23648
-18696
-13002
-6791
-309
6187
12441
18204
23246
27366
30398
32222
32762
31995
29951
26709
22398
17189
11289
4935
-1619
-8112
-14281
-19879
-24678
-28486
-31147
-32552
-32643
-31416
-28917
-25247
-20553
-15023
-8882
-2378
4225
10659
16662
21989
26421
29777
31918
32756
32254
30432
27362
23169
18024
12137
5748
-879
-7473
-13762
-19485
-24407
-28323
-31070
-32533
-32650
-31414
-28875
-25136
-20353
-14721
-8475
-1874
4807
11292
17307
22602
26955
30182
32146
32765
32010
29911
26556
22083
16679
10571
4016
-2711
-9326
-15551
-21121
-25799
-29387
-31732
-32732
-32344
-30582
-27520
-23286
-18060
-12062
-5547
1206
7911
14280
20041
24947
28786
31393
32653
32513
30975
28105
24024
18906
12972
6476
-301
-7069
-13534
-19415
-24458
-28443
-31196
-32596
-32580
-31148
-28360
-24336
-19250
-13322
-6811
0
6813
13332
19269
24364
28393
31178
32594
32578
31129
28309
24241
19103
13120
6555
-301
-7147
-13680
-19609
-24671
-28641
-31340
-32648
-32505
-30916
-27948
-23735
-18460
-12360
-5706
1206
8067
14569
20421
25359
29162
31656
32728
32328
30473
27244
22786
17298
11027
4255
-2711
-9557
-15974
-21669
-26383
-29901
-32062
-32766
-31979
-29736
-26137
-21345
-15577
-9095
-2195
4807
11593
17850
23291
27666
30771
32464
32665
31362
28614
24546
19345
13249
6538
-477
-7473
-14125
-20126
-25196
-29098
-31650
-32732
-32292
-30349
-26991
-22374
-16712
-10266
-3339
3746
10659
17076
22694
27251
30530
32377
32702
31489
28793
24740
19519
13375
6597
-494
-7565
-14281
-20323
-25404
-29282
-31772
-32753
-32178
-30072
-26533
-21729
-15887
-9285
-2238
4919
11843
18204
23695
28052
31066
32589
32548
30942
27847
23411
17845
11416
4435
-2763
-9830
-16425
-22227
-26955
-30378
-32330
-32713
-31507
-28769
-24631
-19293
-13013
-6096
1120
8285
15047
21076
26077
29802
32068
32763
31850
29372
25451
20276
14101
7230
0
-7232
-14111
-20295
-25478
-29402
-31872
-32764
-32033
-29711
-25913
-20827
-14703
-7845
-595
6688
13640
19914
25196
29220
31785
32759
32093
29819
26047
20967
14832
7950
664
-6656
-13645
-19948
-25247
-29273
-31822
-32763
-32046
-29706
-25861
-20703
-14492
-7543
-209
7138
14125
20396
25629
29557
31977
32766
31880
29363
25342
20022
13674
6622
-771
-8129
-15071
-21240
-26318
-30042
-32219
-32734
-31559
-28754
-24461
-18901
-12360
-5177
2276
9615
16457
22447
27271
30678
32489
32608
31026
27825
23169
17302
10527
3199
-4298
-11573
-18244
-23960
-28419
-31387
-32705
-32302
-30198
-26501
-21406
-15179
-8148
-684
6817
13962
20369
25700
29668
32064
32757
31710
28975
24698
19103
12488
5205
-2358
-9798
-16717
-22745
-27557
-30894
-32577
-32513
-30703
-27244
-22319
-16192
-9191
-1693
5898
13175
19743
25247
29388
31941
32765
31816
29141
24884
19276
12618
5272
-2362
-9871
-16845
-22903
-27714
-31014
-32621
-32445
-30495
-26875
-21781
-15492
-8351
-749
6896
14165
20658
26016
29942
32220
32721
31417
28377
23767
17841
10926
3403
-4310
-11787
-18613
-24407
-28847
-31684
-32759
-32010
-29476
-25298
-19707
-13013
-5590
2148
9769
16845
22980
27828
31116
32659
32366
30254
26438
21133
14635
7310
-430
-8148
-15409
-21801
-26962
-30598
-32502
-32563
-30778
-27244
-22162
-15818
-8572
-836
6950
14343
20920
26305
30190
32350
32661
31103
27762
22829
16586
9388
1649
-6187
-13670
-20369
-25898
-29936
-32249
-32702
-31267
-28024
-23161
-16955
-9766
-2009
5867
13405
20168
25762
29860
32222
32709
31291
28049
23169
16936
9711
1916
-5992
-13553
-20323
-25904
-29968
-32275
-32687
-31179
-27837
-22855
-16527
-9222
-1372
6562
14111
20829
26318
30252
32397
32623
30916
27374
22206
15718
8294
373
-7571
-15067
-21669
-26980
-30683
-32556
-32483
-30469
-26631
-21197
-14492
-6916
1077
9009
16402
22811
27851
31216
32702
32218
29790
25564
19793
12824
5078
-2978
-10856
-18080
-24210
-28873
-31785
-32766
-31757
-28816
-24119
-17952
-10689
-2772
5316
13083
20053
25799
29968
32304
32662
31017
27469
22233
15630
8064
0
-8067
-15639
-22251
-27492
-31038
-32669
-32282
-29899
-25665
-19840
-12785
-4935
3223
11185
18454
24578
29176
31960
32754
31507
28295
23317
16881
9388
1306
-6859
-14599
-21426
-26913
-30713
-32587
-32415
-30206
-26096
-20343
-13307
-5431
2789
10837
18204
24423
29100
31937
32755
31498
28244
23199
16679
9099
938
-7285
-15047
-21854
-27271
-30951
-32659
-32282
-29844
-25497
-19519
-12290
-4271
4023
12062
19330
25359
29762
32252
32670
30984
27303
21861
15008
7184
-1105
-9326
-16947
-23474
-28484
-31650
-32766
-31757
-28687
-23753
-17274
-9670
-1435
6896
14781
21705
27215
30951
32666
32248
29720
25247
19119
11737
3583
-4807
-12886
-20121
-26035
-30239
-32455
-32534
-30469
-26395
-20578
-13400
-5336
3083
11302
18775
25007
29584
32200
32681
30992
27244
21684
14679
6695
-1736
-10055
-17706
-24178
-29038
-31959
-32744
-31340
-27837
-22468
-15592
-7668
771
9163
16942
23583
28641
31772
32764
31548
28203
22955
16155
8261
-193
-8637
-16499
-23246
-28419
-31667
-32766
-31641
-28366
-23161
-16378
-8479
0
8482
16388
23178
28387
31659
32766
31633
28334
23092
16267
8323
-193
-8699
-16610
-23382
-28547
-31748
-32764
-31521
-28105
-22748
-15818
-7793
771
9287
17161
23850
28887
31923
32744
31292
27666
22114
15023
6884
-1736
-10238
-18030
-24565
-29387
-32158
-32681
-30919
-26991
-21173
-13868
-5590
3083
11543
19194
25499
30012
32414
32534
30361
26047
19895
12336
3903
-4807
-13181
-20625
-26610
-30711
-32637
-32248
-29569
-24790
-18247
-10405
-1820
6896
15124
22277
27843
31423
32760
31757
28483
23169
16196
8060
-655
-9326
-17331
-24094
-29127
-32068
-32703
-30984
-27033
-21133
-13707
-5289
3511
12062
19743
25999
30374
32552
32371
29844
25150
18630
10754
2094
-6719
-15047
-22282
-27896
-31478
-32765
-31661
-28244
-22763
-15616
-7324
1506
10228
18204
24847
29668
32313
32585
30461
26096
19809
12062
3423
-5469
-13962
-21426
-27310
-31178
-32740
-31881
-28661
-23317
-16242
-7961
912
9721
17811
24578
29519
32265
32608
30520
26157
19840
12041
3339
-5613
-14150
-21629
-27492
-31296
-32755
-31758
-28377
-22863
-15630
-7219
1736
10564
18599
25234
29968
32443
32468
30041
25342
18725
10689
1842
-7147
-15598
-22868
-28404
-31785
-32751
-31227
-27327
-21345
-13736
-5078
3969
12717
20496
26712
30887
32702
32014
28875
23522
16364
7950
-1077
-10024
-18204
-24986
-29848
-32414
-32483
-30050
-25298
-18593
-10451
-1499
7571
16058
23305
28750
31969
32711
30916
26720
20449
12587
3744
-5391
-14111
-21734
-27666
-31442
-32766
-31533
-27837
-21964
-14372
-5653
3510
12401
20323
26654
30894
32710
31957
28692
23169
15822
7226
-1941
-10958
-19113
-25762
-30378
-32596
-32237
-29328
-24096
-16955
-8469
691
9799
18132
25028
29936
32465
32412
29778
24772
17791
9388
234
-8940
-17404
-24479
-29598
-32350
-32513
-30072
-25219
-18342
-9991
-836
8388
16942
24135
29387
32275
32563
30226
25451
18620
10283
1113
-8148
-16754
-24006
-29316
-32252
-32574
-30254
-25477
-18630
-10266
-1066
8222
16845
24098
29390
32286
32549
30156
25298
18372
9941
695
-8610
-17213
-24407
-29603
-32371
-32482
-29925
-24908
-17841
-9305
0
9307
17850
24924
29942
32491
32356
29546
24293
17028
8351
-1019
-10308
-18745
-25629
-30386
-32621
-32145
-28995
-23432
-15917
-7073
2362
11603
19879
26497
30903
32728
31816
28241
22301
14491
5464
-4023
-13175
-21224
-27492
-31451
-32766
-31324
-27244
-20868
-12732
-3519
5992
15001
22745
28568
31977
32682
30619
25962
19103
10622
1238
-8253
-17047
-24394
-29668
-32420
-32412
-29643
-24347
-16973
-8148
1373
10781
19269
26112
30723
32705
31886
28334
22351
14449
5304
-4298
-13534
-21608
-27826
-31650
-32749
-31026
-26627
-19930
-11510
-2094
7504
16457
23989
29446
32355
32460
29752
24461
17046
8148
-1459
-10942
-19477
-26318
-30870
-32732
-31742
-27983
-21780
-13674
-4371
5316
14541
22496
28484
31977
32669
30495
25645
18541
9807
209
-9410
-18204
-25397
-30356
-32640
-32046
-28625
-22675
-14721
-5464
4278
13645
21806
28038
31787
32719
30748
26047
19032
10324
695
-8997
-17892
-25196
-30256
-32621
-32077
-28669
-22701
-14703
-5389
4409
13816
21989
28193
31872
32694
30582
25725
18555
9715
0
-9718
-18563
-25739
-30598
-32699
-31850
-28126
-21861
-13619
-4144
5708
15047
23026
28920
32194
32549
29951
24631
17073
7961
-1876
-11547
-20168
-26955
-31287
-32766
-31257
-26894
-20073
-11416
-1713
8148
17267
24807
30076
32589
32113
28690
22632
14492
5018
-4919
-14407
-22570
-28657
-32104
-32591
-30072
-24775
-17189
-8012
1907
11653
20323
27113
31393
32763
31094
26539
19519
10683
852
-9060
-18132
-25519
-30530
-32697
-31816
-27965
-21503
-13031
-3339
6667
16052
23938
29584
32459
32292
29097
23169
15065
5543
-4501
-14125
-22423
-28612
-32108
-32578
-29977
-24546
-16798
-7461
2582
12385
21019
27666
31694
32721
30647
25665
18247
9095
-923
-10856
-19760
-26786
-31264
-32766
-31146
-26556
-19431
-10451
-470
9557
18675
26008
30855
32749
31507
27244
20368
11537
1595
-8501
-17784
-25359
-30497
-32702
-31758
-27754
-21074
-12360
-2451
7696
17103
24860
30215
32648
31922
28105
21563
12929
3039
-7147
-16643
-24525
-30025
-32607
-32016
-28309
-21844
-13249
-3359
6859
16412
24364
29939
32588
32050
28377
21924
13322
3413
-6833
-16412
-24382
-29960
-32596
-32028
-28309
-21804
-13150
-3199
7069
16643
24578
30089
32630
31946
28105
21482
12732
2719
-7565
-17103
-24947
-30318
-32680
-31797
-27754
-20951
-12062
-1970
8320
17784
25478
30633
32732
31565
27244
20200
11134
952
-9326
-18675
-26154
-31014
-32765
-31228
-26556
-19215
-9941
333
10578
19760
26955
31436
32749
30759
25665
17979
8475
-1887
-12062
-21019
-27851
-31864
-32650
-30126
-24546
-16475
-6728
3703
13762
22423
28806
32258
32427
29291
23169
14683
4696
-5772
-15653
-23938
-29777
-32571
-32033
-28214
-21503
-12587
-2378
8077
17706
25519
30711
32748
31416
26850
19519
10175
-219
-10594
-19879
-27113
-31549
-32726
-30520
-25157
-17189
-7439
3083
13289
22119
28657
32222
32441
29289
23092
14492
4381
-6187
-16114
-24364
-30076
-32652
-31820
-27666
-20619
-11416
-1017
9491
19008
26537
31287
32757
30792
25595
17709
7961
-2625
-12939
-21894
-28547
-32194
-32451
-29286
-23032
-14346
-4144
6498
16457
24678
30291
32699
31644
27238
19943
10531
0
-10533
-19951
-27251
-31656
-32694
-30254
-24592
-16309
-6286
4409
14637
23305
29487
32519
32077
28203
21312
12137
1660
-8997
-18692
-26385
-31248
-32757
-30748
-25434
-17383
-7461
3266
13645
22556
29038
32390
32248
28625
21909
12824
2351
-8378
-18204
-26061
-31098
-32765
-30880
-25645
-17625
-7689
3083
13524
22496
29023
32393
32235
28565
21780
12618
2077
-8692
-18516
-26318
-31245
-32755
-30681
-25247
-17046
-6975
3863
14280
23132
29446
32527
32033
28015
20915
11510
836
-9932
-19609
-27125
-31650
-32682
-30103
-24198
-15616
-5304
5596
15880
24407
30232
32705
31550
26894
19250
9465
-1373
-12062
-21411
-28379
-32188
-32412
-29022
-22395
-13267
-2656
8253
18244
26197
31222
32754
30619
25054
16679
6433
-4537
-15001
-23783
-29895
-32648
-31731
-27244
-19690
-9916
976
11762
21224
28293
32170
32415
28997
22301
13080
2378
-8595
-18599
-26497
-31393
-32729
-30352
-24528
-15917
-5494
5554
15974
24578
30386
32734
31352
26395
18425
8351
-2679
-13405
-22602
-29217
-32491
-32046
-27932
-20616
-10936
0
10939
20625
27944
32055
32482
29173
22507
13249
2462
-8610
-18692
-26622
-31481
-32707
-30156
-24119
-15293
-4696
6446
16845
25296
30817
32766
30916
25477
17079
6695
-4468
-15115
-24006
-30106
-32702
-31489
-26606
-18620
-8460
2689
13528
22788
29387
32552
31909
27532
19930
9991
-1120
-12103
-21669
-28693
-32350
-32208
-28280
-21025
-11295
-234
10856
20671
28052
32127
32412
28871
21921
12379
1372
-9799
-19815
-27487
-31906
-32545
-29328
-22632
-13249
-2291
8940
19113
27016
31708
32629
29666
23169
13911
2992
-8285
-18577
-26654
-31549
-32677
-29899
-23544
-14372
-3477
7836
18214
26411
31442
32702
30037
23764
14635
3744
-7598
-18030
-26293
-31393
-32711
-30086
-23833
-14703
-3796
7571
18026
26305
31405
32707
30050
23753
14577
3632
-7754
-18204
-26446
-31479
-32688
-29925
-23522
-14256
-3253
8148
18560
26712
31608
32650
29706
23135
13736
2656
-8751
-19090
-27095
-31785
-32581
-29385
-22585
-13013
-1842
9557
19786
27585
31994
32468
28947
21861
12081
809
-10564
-20637
-28166
-32219
-32293
-28377
-20951
-10932
440
11762
21629
28819
32437
32033
27653
19840
9561
-1907
-13142
-22745
-29519
-32621
-31661
-26755
-18514
-7961
3586
14689
23960
30239
32740
31148
25658
16955
6128
-5469
-16384
-25247
-30944
-32759
-30461
-24336
-15151
-4058
7546
18204
26572
31595
32638
29565
22763
13087
1756
-9798
-20118
-27896
-32148
-32332
-28424
-20915
-10754
771
12203
22088
29171
32552
31797
27001
18769
8148
-3511
-14727
-24069
-30346
-32754
-30984
-25260
-16309
-5272
6439
17331
26008
31359
32696
29845
23169
13521
2137
-9523
-19964
-27843
-32146
-32318
-28334
-20703
-10405
1234
12717
22564
29503
32637
31559
26407
17841
6968
-4807
-15965
-25058
-30909
-32757
-30361
-24028
-14577
-3233
8533
19194
27364
31977
32433
28669
21173
10917
-762
-12345
-22321
-29387
-32619
-31592
-26438
-17828
-6884
4961
16161
25247
31028
32744
30168
23635
13998
2522
-9287
-19879
-27860
-32179
-32265
-28105
-20242
-9711
2101
13640
23382
30040
32733
31103
25362
16267
5018
-6896
-17901
-26537
-31659
-32585
-29190
-21921
-11741
0
11743
21929
29201
32589
31641
26480
17791
6728
-5233
-16499
-25566
-31222
-32709
-29826
-22955
-13013
-1327
10537
20994
28641
32450
31909
27088
18630
7668
-4324
-15739
-25041
-30976
-32744
-30105
-23411
-13561
-1880
10055
20637
28436
32397
31982
27244
18822
7852
-4182
-15653
-25007
-30974
-32743
-30072
-23319
-13400
-1660
10308
20879
28612
32455
31881
26966
18377
7282
-4807
-16245
-25468
-31216
-32702
-29720
-22675
-12528
-664
11292
21705
29147
32596
31576
26225
17274
5950
-6193
-17489
-26383
-31650
-32564
-28995
-21433
-10917
1105
12978
23064
29968
32737
30984
24950
15465
3839
-8320
-19330
-27666
-32170
-32217
-27796
-19519
-8531
3643
15314
24860
30951
32739
29972
23032
12884
938
-11141
-21669
-29176
-32613
-31498
-25982
-16835
-5332
6918
18204
26944
31912
32410
28366
20343
9465
-2743
-14569
-24351
-30713
-32759
-30198
-23387
-13283
-1306
10856
21492
29100
32604
31507
25962
16748
5166
-7147
-18454
-27152
-32008
-32332
-28076
-19840
-8789
3510
15314
24947
31038
32720
29752
22551
12140
0
-12143
-22559
-29762
-32723
-31017
-24884
-15198
-3339
8998
20053
28242
32393
31908
26854
17952
6476
-5930
-17489
-26541
-31785
-32465
-28481
-20402
-9388
2978
14918
24714
30951
32730
29790
22554
12062
-172
-12385
-22811
-29942
-32746
-30813
-24421
-14492
-2462
9926
20879
28806
32556
31581
26021
16679
4912
-7571
-18956
-27585
-32200
-32127
-27374
-18630
-7167
5342
17076
26318
31719
32485
28504
20353
9222
-3259
-15267
-25041
-31147
-32687
-29434
-21861
-11077
1334
13553
23783
30517
32764
30189
23169
12736
423
-11953
-22570
-29860
-32743
-30792
-24293
-14202
-2009
10483
21426
29201
32652
31267
25247
15482
3419
-9153
-20369
-28563
-32514
-31633
-26047
-16586
-4654
7973
19415
27967
32350
31910
26709
17520
5712
-6950
-18577
-27428
-32179
-32116
-27244
-18292
-6597
6088
17864
26962
32015
32263
27666
18910
7310
-5391
-17284
-26579
-31872
-32366
-27983
-19380
-7852
4862
16845
26287
31760
32433
28203
19707
8226
-4501
-16550
-26094
-31684
-32472
-28334
-19895
-8434
4310
16402
26003
31651
32486
28377
19946
8475
-4288
-16402
-26016
-31662
-32478
-28334
-19861
-8351
4437
16550
26133
31717
32445
28203
19638
8060
-4756
-16845
-26351
-31812
-32386
-27983
-19276
-7602
5243
17284
26666
31941
32293
27666
18769
6975
-5898
-17864
-27071
-32095
-32157
-27244
-18113
-6176
6719
18577
27557
32265
31968
26709
17302
5205
-7702
-19415
-28111
-32434
-31710
-26047
-16326
-4058
8843
20369
28719
32588
31368
25247
15179
2736
-10137
-21426
-29364
-32705
-30922
-24293
-13853
-1238
11573
22570
30025
32764
30353
23169
12339
-434
-13142
-23783
-30678
-32739
-29638
-21861
-10632
2276
14829
25041
31296
32604
28754
20353
8727
-4282
-16616
-26318
-31849
-32328
-27676
-18630
-6622
6439
18480
27585
32302
31880
26381
16679
4318
-8734
-20396
-28806
-32620
-31227
-24845
-14492
-1820
11144
22329
29942
32763
30335
23047
12062
-859
-13645
-24243
-30951
-32688
-29173
-20967
-9388
3703
16202
26094
31785
32354
27709
18593
6476
-6688
-18775
-27832
-32393
-31718
-25913
-15915
-3339
9779
21317
29402
32723
30737
23764
12933
0
-12935
-23772
-30745
-32720
-29372
-21243
-9654
3510
16105
26077
31798
32332
27590
18342
6096
-7147
-19226
-28162
-32493
-31507
-25362
-15061
-2291
10856
22227
29953
32765
30198
22670
11416
-1716
-14569
-25028
-31370
-32548
-28366
-19509
-7435
5867
18204
27539
32330
31782
25982
15887
3163
-10086
-21669
-29667
-32753
-30413
-23032
-11831
1334
14281
24860
31312
32563
28403
19519
7387
-5976
-18347
-27666
-32377
-31693
-25725
-15465
-2622
10659
22164
29968
32766
30086
22374
10917
-2369
-15261
-25599
-31650
-32396
-27709
-18372
-5950
7473
19643
28516
32596
31195
24546
13765
664
-12550
-23653
-30771
-32702
-29116
-20616
-8634
4807
17440
27128
32230
31881
26137
15968
3092
-10308
-21966
-29901
-32766
-30072
-22272
-10689
2711
15653
25937
31812
32275
27244
17574
4908
-8595
-20637
-29162
-32712
-30681
-23411
-12140
1206
14349
25041
31451
32480
27948
18630
6117
-7445
-19735
-28641
-32634
-31026
-24089
-13013
301
13567
24501
31222
32570
28309
19172
6728
-6876
-19298
-28393
-32589
-31159
-24347
-13326
0
13328
24354
31166
32585
28360
19220
6748
-6896
-19347
-28443
-32604
-31103
-24198
-13087
301
13640
24608
31294
32533
28105
18778
6176
-7504
-19879
-28786
-32669
-30847
-23635
-12290
1206
14493
25247
31583
32389
27520
17828
5008
-8692
-20870
-29387
-32745
-30352
-22624
-10917
2711
15865
26229
31977
32094
26556
16335
3233
-10442
-22277
-30182
-32757
-29546
-21112
-8944
4807
17712
27483
32390
31559
25136
14256
845
-12717
-24026
-31070
-32598
-28334
-19032
-6345
7473
19964
28903
32697
30666
23169
11540
-2148
-15456
-26008
-31918
-32127
-26596
-16309
-3103
10659
22517
30346
32741
29270
20553
8148
-5719
-18563
-28078
-32552
-31179
-24202
-12874
771
14281
25223
31625
32332
27214
17189
4062
-9798
-21894
-30040
-32762
-29565
-21025
-8682
5233
18204
27882
32514
31257
24336
13002
-691
-14262
-25247
-31650
-32307
-27094
-16955
-3732
10171
22227
30239
32747
29289
20494
7961
-6025
-18915
-28356
-32621
-30929
-23586
-11931
1907
15400
26077
31982
32033
26215
15592
2109
-11762
-23479
-30889
-32629
-28377
-18910
-5966
8077
20637
29402
32756
30080
21861
9613
-4409
-17621
-27585
-32459
-31342
-24435
-13013
816
14497
25499
31785
32188
26631
16140
2656
-11322
-23203
-30782
-32650
-28456
-18976
-5969
8148
20755
29503
32763
29925
21514
9095
-5021
-18204
-27995
-32564
-31058
-23753
-12011
1977
15598
26305
32095
31880
25698
14703
952
-12978
-24480
-31393
-32418
-27360
-17165
-3744
10381
22559
30497
32702
28754
19394
6380
-7836
-20580
-29446
-32762
-29899
-21393
-8847
5370
18577
28275
32630
30814
23169
11138
-3003
-16579
-27016
-32334
-31523
-24733
-13249
751
14612
25700
31906
32048
26096
15179
1372
-12698
-24354
-31371
-32412
-27273
-16932
-3359
10856
23003
30758
32638
28280
18514
5205
-9101
-21669
-30089
-32747
-29131
-19930
-6905
7445
20371
29387
32762
29844
21189
8460
-5898
-19125
-28673
-32702
-30433
-22301
-9868
4468
17946
27963
32585
30916
23274
11134
-3159
-16845
-27275
-32428
-31305
-24119
-12260
1977
15833
26622
32247
31615
24845
13249
-923
-14918
-26016
-32055
-31858
-25461
-14105
0
14107
25468
31864
32046
25975
14832
792
-13405
-24986
-31684
-32188
-26395
-15435
-1452
12817
24578
31525
32292
26727
15917
1981
-12345
-24250
-31393
-32366
-26976
-16280
-2378
11993
24006
31293
32415
27148
16527
2644
-11762
-23850
-31230
-32442
-27244
-16660
-2779
11653
23783
31206
32451
27267
16679
2783
-11667
-23806
-31222
-32441
-27217
-16586
-2656
11803
23919
31277
32412
27094
16378
2398
-12062
-24120
-31370
-32361
-26894
-16056
-2009
12441
24407
31496
32285
26615
15616
1488
-12939
-24777
-31650
-32178
-26251
-15055
-836
13553
25223
31826
32033
25797
14372
52
-14280
-25739
-32015
-31841
-25247
-13561
863
15115
26318
32208
31592
24592
12618
-1908
-16052
-26950
-32393
-31276
-23823
-11540
3083
17085
27622
32556
30880
22932
10324
-4384
-18204
-28323
-32682
-30389
-21909
-8965
5807
19399
29038
32755
29790
20744
7461
-7347
-20658
-29748
-32757
-29067
-19428
-5811
8997
21966
30436
32669
28203
17952
4016
-10746
-23305
-31079
-32468
-27184
-16309
-2077
12583
24657
31656
32135
25992
14491
0
-14493
-25999
-32139
-31644
-24613
-12494
2208
16457
27304
32503
30975
23032
10317
-4537
-18454
-28547
-32719
-30103
-21238
-7961
6971
20458
29694
32757
29007
19220
5431
-9491
-22439
-30713
-32587
-27666
-16973
-2736
12073
24364
31568
32177
26060
14492
-108
-14689
-26197
-32222
-31498
-24174
-11781
3083
17304
27896
32634
30520
21996
8847
-6162
-19879
-29416
-32766
-29219
-19519
-5706
9311
22368
30711
32578
27570
16743
2378
-12491
-24723
-31732
-32033
-25558
-13674
1105
15653
26888
32428
31095
23169
10328
-4707
-18745
-28806
-32750
-29736
-20402
-6728
8378
21705
30414
32650
27932
17262
2911
-12062
-24465
-31651
-32083
-25665
-13765
1077
15692
26955
32455
31012
22932
9941
-5180
-19194
-29098
-32765
-29406
-19738
-5832
9326
22486
30817
32526
27244
16102
1495
-13436
-25478
-32035
-31693
-24521
-12062
2999
17416
28078
32680
30226
21243
7668
-7565
-21167
-30192
-32685
-28105
-17438
-2992
12103
24578
31727
31995
25321
13150
-1876
-16499
-27539
-32596
-30567
-21889
-8448
6833
20630
29936
32722
28377
17845
3419
-11753
-24364
-31659
-32040
-25423
-13249
1823
16499
27568
32607
30508
21729
8189
-7147
-20920
-30108
-32693
-28105
-17347
-2779
12401
24860
31856
31850
24838
12360
-2839
-17416
-28160
-32702
-30037
-20749
-6884
8501
22013
30668
32552
27244
15915
1066
-14020
-26008
-32243
-31342
-23500
-10451
4915
19194
29220
32766
29042
18871
4509
-10856
-23813
-31479
-32147
-25665
-13473
1720
16533
27666
32637
30335
21271
7461
-8015
-21705
-30552
-32578
-27327
-15968
-1038
14125
26133
32294
31228
23169
9920
-5554
-19786
-29584
-32748
-28565
-17970
-3339
12043
24723
31849
31816
24627
11897
-3511
-18132
-28673
-32755
-29458
-19519
-5177
10334
23516
31393
32182
25702
13414
-1907
-16800
-27896
-32682
-30072
-20653
-6555
9029
22570
30997
32395
26445
14492
-751
-15827
-27310
-32589
-30461
-21406
-7481
8148
21926
30713
32507
26894
15151
-48
-15238
-26955
-32522
-30664
-21804
-7961
7702
21608
30575
32549
27076
15403
202
-15047
-26852
-32503
-30703
-21861
-8002
7696
21629
30598
32538
27001
15255
0
-15257
-27007
-32541
-30582
-21579
-7602
8129
21989
30779
32468
26664
14703
-655
-15865
-27411
-32621
-30288
-20948
-6758
8997
22672
31098
32318
26047
13736
-1763
-16855
-28038
-32713
-29790
-19946
-5464
10289
23653
31516
32046
25116
12336
-3319
-18204
-28847
-32766
-29042
-18541
-3711
11987
24889
31977
31593
23823
10480
-5316
-19871
-29777
-32711
-27983
-16697
-1495
14059
26318
32404
30885
22114
8148
-7733
-21801
-30745
-32460
-26539
-14372
1180
16457
27860
32699
29832
19930
5325
-10537
-23916
-31650
-31910
-24631
-11530
4298
19113
29409
32747
28334
17210
2009
-13670
-26112
-32365
-30942
-22178
-8148
7817
21929
30833
32412
26285
13907
-1780
-17047
-28259
-32743
-29429
-19103
-4222
11667
24777
31977
31548
23586
9991
-5992
-20546
-30192
-32619
-27244
-15350
219
15739
27492
32660
30001
20149
5464
-10533
-24006
-31719
-31816
-24270
-10892
5106
19879
29873
32681
27625
15917
373
-15261
-27221
-32621
-30156
-20416
-5748
10308
23879
31684
31836
24293
10875
-5173
-19973
-29942
-32665
-27477
-15633
0
15636
27483
32666
29925
19920
5078
-10999
-24407
-31886
-31615
-23656
-9941
6193
20824
30386
32549
26782
14487
-1341
-16845
-28242
-32749
-29262
-18630
-3445
12583
25539
32252
31078
22301
8064
-8148
-22368
-31111
-32231
-25451
-12429
3643
18824
29387
32737
28047
16465
836
-15001
-27152
-32625
-30072
-20115
-5205
10989
24479
31937
31523
23335
9388
-6876
-21447
-30723
-32412
-26092
-13322
2743
18132
29038
32759
28371
16955
1338
-14612
-26944
-32596
-30164
-20247
-5304
10958
24501
31960
31477
23169
9099
-7236
-21774
-30894
-32323
-25702
-12676
3510
18824
29446
32724
27837
16000
166
-15711
-27666
-32707
-29572
-19041
-3744
12491
25602
32304
30916
21780
7184
-9215
-23305
-31551
-31880
-24205
-10451
5930
20824
30486
32483
26311
13518
-2679
-18204
-29147
-32749
-28098
-16364
-502
15488
27574
32702
29574
18976
3583
-12717
-25806
-32371
-30748
-21345
-6538
9926
23879
31785
31636
23467
9346
-7147
-21830
-30974
-32254
-25342
-11991
4409
19692
29968
32623
26976
14462
-1736
-17495
-28798
-32764
-28377
-16752
-852
15267
27492
32699
29554
18857
3339
-13034
-26077
-32450
-30520
-20777
-5712
10817
24578
32042
31291
22515
7961
-8637
-23021
-31496
-31881
-24075
-10079
6509
21426
30833
32307
25463
12062
-4448
-19815
-30076
-32585
-26689
-13907
2465
18204
29244
32732
27762
15616
-569
-16610
-28356
-32765
-28692
-17189
-1231
15047
27428
32699
29490
18630
2932
-13528
-26478
-32552
-30168
-19943
-4530
12062
25519
32337
30737
21133
6022
-10659
-24565
-32068
-31208
-22206
-7407
9326
23628
31760
31593
23169
8686
-8070
-22719
-31423
-31903
-24028
-9858
6896
21846
31070
32147
24790
10926
-5807
-21019
-30711
-32336
-25461
-11891
4807
20244
30356
32478
26047
12755
-3899
-19528
-30012
-32581
-26556
-13521
3083
18877
29687
32654
26991
14192
-2362
-18294
-29387
-32703
-27360
-14769
1736
17784
29119
32734
27666
15255
-1206
-17349
-28887
-32752
-27913
-15652
771
16993
28695
32761
28105
15962
-434
-16717
-28547
-32765
-28244
-16186
193
16523
28443
32766
28334
16326
-48
-16412
-28387
-32766
-28374
-16382
0
0
0
0
0
0
0
0
0
0
0
0
0
0
0
0
0
0
0
0
0
0
0
0
0
0
0
0
0
0
0
0
0
0
0
0
0
0
0
0
0
0
0
0
0
0
0
0
0
0
0
0
0
0
0
0
0
0
0
0
0
0
0
0
0
0
0
0
0
0
0
0
0
0
0
0
0
0
0
0
0
0
0
0
0
0
0
0
0
0
0
0
0
0
0
0
0
0
0
0
0
0
0
0
0
0
0
0
0
0
0
0
0
0
0
0
0
0
0
0
0
0
0
0
0
0
0
0
0
0
0
0
0
0
0
0
0
0
0
0
0
0
0
0
0
0
0
0
0
0
0
0
0
0
0
0
0
0
0
0
0
0
0
0
0
0
0
0
0
0
0
0
0
0
0
0
0
0
0
0
0
0
0
0
0
0
0
0
0
0
0
0
0
0
0
0
0
0
0
0
0
0
0
0
0
0
0
0
0
0
0
0
0
0
0
0
0
0
0
0
0
0
0
0
0
0
0
0
0
0
0
0
0
0
0
0
0
0
0
0
0
0
0
0
0
0
0
0
0
0
0
0
0
0
0
0
0
0
0
0
0
0
0
0
0
0
0
0
0
0
0
0
0
0
0
0
0
0
0
0
0
0
0
0
0
0
0
0
0
0
0
0
0
0
0
0
0
0
0
0
0
0
0
0
0
0
0
0
0
0
0
0
0
0
0
0
0
0
0
0
0
0
0
0
0
0
0
0
0
0
0
0
0
0
0
0
0
0
0
0
0
0
0
0
0
0
0
0
0
0
0
0
0
0
0
0
0
0
0
0
0
0
0
0
0
0
0
0
0
0
0
0
0
0
0
0
0
0
0
0
0
0
0
0
0
0
0
0
0
0
0
0
0
0
0
0
0
0
0
0
0
0
0
0
0
0
0
0
0
0
0
0
0
0
0
0
0
0
0
0
0
0
0
0
0
0
0
0
0
0
0
0
0
0
0
0
0
0
0
0
0
0
0
0
0
0
0
0
0
0
0
0
0
0
0
0
0
0
0
0
0
0
0
0
0
0
0
0
0
0
0
0
0
0
0
0
0
0
0
0
0
0
0
0
0
0
0
0
0
0
0
0
0
0
0
0
0
0
0
0
0
0
0
0
0
0
0
0
0
0
0
0
0
0
0
0
0
0
0
0
0
0
0
0
0
0
0
0
0
0
0
0
0
0
0
0
0
0
0
0
0
0
0
0
0
0
0
0
0
0
0
0
0
0
0
0
0
0
0
0
0
0
0
0
0
0
0
0
0
0
0
0
0
0
0
0
0
0
0
0
0
0
0
0
0
0
0
0
0
0
0
0
0
0
0
0
0
0
0
0
0
0
0
0
0
0
0
0
0
0
0
0
0
0
0
0
0
0
0
0
0
0
0
0
0
0
0
0
0
0
0
0
0
0
0
0
0
0
0
0
0
0
0
0
0
0
0
0
0
0
0
0
0
0
0
0
0
0
0
0
0
0
0
0
0
0
0
0
0
0
0
0
0
0
0
0
0
0
0
0
0
0
0
0
0
0
0
0
0
0
0
0
0
0
0
0
0
0
0
0
0
0
0
0
0
0
0
0
0
0
0
0
0
0
0
0
0
0
0
0
0
0
0
0
0
0
0
0
0
0
0
0
0
0
0
0
0
0
0
0
0
0
0
0
0
0
0
0
0
0
0
0
0
0
0
0
0
0
0
0
0
0
0
0
0
0
0
0
0
0
0
0
0
0
0
0
0
0
0
0
0
0
0
0
0
0
0
0
0
0
0
0
0
0
0
0
0
0
0
0
0
0
0
0
0
0
0
0
0
0
0
0
0
0
0
0
0
0
0
0
0
0
0
0
0
0
0
0
0
0
0
0
0
0
0
0
0
0
0
0
0
0
0
0
0
0
0
0
0
0
0
0
0
0
0
0
0
0
0
0
0
0
0
0
0
0
0
0
0
0
0
0
0
0
0
0
0
0
0
0
0
0
0
0
0
0
0
0
0
0
0
0
0
0
0
0
0
0
0
0
0
0
0
0
0
0
0
0
0
0
0
0
0
0
0
0
0
0
0
0
0
0
0
0
0
0
0
0
0
0
0
0
0
0
0
0
0
0
0
0
0
0
0
0
0
0
0
0
0
0
0
0
0
0
0
0
0
0
0
0
9972
9744
9069
7977
6513
4742
2740
599
-1582
-3703
-5660
-7354
-8698
-9620
-10068
-10012
-9450
-8408
-6938
-5118
-3046
-836
1387
3501
5388
6943
8086
8760
8940
8631
7871
6725
5278
3634
1903
195
-1388
-2762
-3862
-4647
-5105
-5246
-5106
-4736
-4200
-3564
-2895
-2249
-1670
-1184
-801
-510
-290
-105
81
310
611
1004
1493
2064
2687
3317
3897
4364
4658
4724
4524
4037
3266
2239
1006
-360
-1773
-3136
-4354
-5336
-6009
-6321
-6247
-5791
-4986
-3892
-2590
-1178
241
1569
2713
3600
4182
4437
4371
4016
3428
2678
1848
1020
272
-335
-757
-972
-983
-813
-506
-118
285
640
890
989
911
648
214
-357
-1018
-1709
-2364
-2922
-3327
-3537
-3528
-3294
-2849
-2222
-1460
-614
255
1095
1856
2499
3002
3353
3557
3628
3589
3465
3281
3056
2800
2513
2186
1799
1330
754
52
-784
-1752
-2824
-3958
-5089
-6137
-7012
-7618
-7868
-7687
-7025
-5863
-4222
-2160
222
2792
5389
7835
9949
11562
12530
12750
12165
10778
8650
5898
2693
-758
-4224
-7462
-10245
-12373
-13691
-14102
-13576
-12150
-9930
-7079
-3806
-352
3031
6104
8650
10499
11535
11708
11038
9605
7548
5050
2322
-415
-2949
-5092
-6695
-7661
-7948
-7572
-6603
-5157
-3383
-1450
469
2213
3643
4656
5192
5235
4814
3996
2878
1580
226
-1061
-2176
-3033
-3581
-3797
-3694
-3311
-2709
-1967
-1165
-383
312
872
1267
1491
1559
1504
1371
1209
1064
976
969
1052
1213
1424
1644
1823
1909
1855
1625
1202
589
-185
-1076
-2016
-2926
-3723
-4326
-4666
-4694
-4386
-3746
-2811
-1643
-328
1028
2320
3438
4291
4805
4941
4687
4073
3156
2026
788
-437
-1538
-2407
-2966
-3162
-2982
-2449
-1622
-593
525
1609
2534
3188
3483
3363
2815
1864
581
-932
-2543
-4104
-5464
-6485
-7050
-7080
-6536
-5430
-3821
-1814
451
2808
5079
7086
8672
9707
10104
9824
8879
7334
5297
2914
355
-2197
-4566
-6591
-8142
-9127
-9499
-9260
-8456
-7173
-5529
-3662
-1717
163
1854
3255
4297
4947
5206
5110
4720
4118
3392
2632
1920
1318
868
586
464
468
550
650
704
654
456
83
-467
-1176
-1998
-2869
-3710
-4437
-4965
-5223
-5156
-4733
-3954
-2849
-1477
76
1705
3294
4723
5880
6672
7029
6915
6328
5301
3905
2238
418
-1418
-3139
-4616
-5740
-6429
-6633
-6340
-5576
-4402
-2913
-1224
532
2220
3711
4890
5667
5985
5822
5192
4146
2767
1162
-545
-2222
-3741
-4986
-5861
-6299
-6268
-5767
-4835
-3538
-1973
-252
1497
3152
4592
5717
6449
6740
6574
5969
4973
3664
2138
507
-1112
-2608
-3878
-4841
-5442
-5650
-5470
-4932
-4095
-3037
-1850
-635
511
1502
2264
2751
2937
2829
2456
1874
1154
380
-357
-977
-1406
-1591
-1502
-1137
-521
293
1233
2208
3120
3870
4367
4540
4339
3747
2776
1474
-81
-1787
-3523
-5159
-6565
-7623
-8236
-8337
-7892
-6908
-5433
-3549
-1372
956
3286
5458
7326
8761
9664
9972
9664
8761
7326
5458
3286
956
-1372
-3549
-5433
-6908
-7892
-8337
-8236
-7623
-6565
-5159
-3523
-1787
-81
1474
2776
3747
4339
4540
4367
3870
3120
2208
1233
293
-521
-1137
-1502
-1591
-1406
-977
-357
380
1154
1874
2456
2829
2937
2751
2264
1502
511
-635
-1850
-3037
-4095
-4932
-5470
-5650
-5442
-4841
-3878
-2608
-1112
507
2138
3664
4973
5969
6574
6740
6449
5717
4592
3152
1497
-252
-1973
-3538
-4835
-5767
-6268
-6299
-5861
-4986
-3741
-2222
-545
1162
2767
4146
5192
5822
5985
5667
4890
3711
2220
532
-1224
-2913
-4402
-5576
-6340
-6633
-6429
-5740
-4616
-3139
-1418
418
2238
3905
5301
6328
6915
7029
6672
5880
4723
3294
1705
76
-1477
-2849
-3954
-4733
-5156
-5223
-4965
-4437
-3710
-2869
-1998
-1176
-467
83
456
654
704
650
550
468
464
586
868
1318
1920
2632
3392
4118
4720
5110
5206
4947
4297
3255
1854
163
-1717
-3662
-5529
-7173
-8456
-9260
-9499
-9127
-8142
-6591
-4566
-2197
355
2914
5297
7334
8879
9824
10104
9707
8672
7086
5079
2808
451
-1814
-3821
-5430
-6536
-7080
-7050
-6485
-5464
-4104
-2543
-932
581
1864
2815
3363
3483
3188
2534
1609
525
-593
-1622
-2449
-2982
-3162
-2966
-2407
-1538
-437
788
2026
3156
4073
4687
4941
4805
4291
3438
2320
1028
-328
-1643
-2811
-3746
-4386
-4694
-4666
-4326
-3723
-2926
-2016
-1076
-185
589
1202
1625
1855
1909
1823
1644
1424
1213
1052
969
976
1064
1209
1371
1504
1559
1491
1267
872
312
-383
-1165
-1967
-2709
-3311
-3694
-3797
-3581
-3033
-2176
-1061
226
1580
2878
3996
4814
5235
5192
4656
3643
2213
469
-1450
-3383
-5157
-6603
-7572
-7948
-7661
-6695
-5092
-2949
-415
2322
5050
7548
9605
11038
11708
11535
10499
8650
6104
3031
-352
-3806
-7079
-9930
-12150
-13576
-14102
-13691
-12373
-10245
-7462
-4224
-758
2693
5898
8650
10778
12165
12750
12530
11562
9949
7835
5389
2792
222
-2160
-4222
-5863
-7025
-7687
-7868
-7618
-7012
-6137
-5089
-3958
-2824
-1752
-784
52
754
1330
1799
2186
2513
2800
3056
3281
3465
3589
3628
3557
3353
3002
2499
1856
1095
255
-614
-1460
-2222
-2849
-3294
-3528
-3537
-3327
-2922
-2364
-1709
-1018
-357
214
648
911
989
890
640
285
-118
-506
-813
-983
-972
-757
-335
272
1020
1848
2678
3428
4016
4371
4437
4182
3600
2713
1569
241
-1178
-2590
-3892
-4986
-5791
-6247
-6321
-6009
-5336
-4354
-3136
-1773
-360
1006
2239
3266
4037
4524
4724
4658
4364
3897
3317
2687
2064
1493
1004
611
310
81
-105
-290
-510
-801
-1184
-1670
-2249
-2895
-3564
-4200
-4736
-5106
-5246
-5105
-4647
-3862
-2762
-1388
195
1903
3634
5278
6725
7871
8631
8940
8760
8086
6943
5388
3501
1387
-836
-3046
-5118
-6938
-8408
-9450
-10012
-10068
-9620
-8698
-7354
-5660
-3703
-1582
599
2740
4742
6513
7977
9069
9744
0
0
0
0
0
0
0
0
0
0
0
0
0
0
0
0
0
0
0
0
0
0
0
0
0
0
0
0
0
0
0
0
0
0
0
0
0
0
0
0
0
0
0
0
0
0
0
0
0
0
0
0
0
0
0
0
0
0
0
0
0
0
0
0
0
0
0
-4273
-4218
-4050
-3768
-3368
-2849
-2210
-1456
-599
341
1339
2359
3356
4279
5077
5695
6082
6198
6010
5503
4681
3564
2195
635
-1037
-2734
-4355
-5804
-6985
-7816
-8232
-8193
-7684
-6719
-5342
-3625
-1662
431
2531
4510
6245
7625
8563
8997
8898
8270
7151
5612
3749
1680
-464
-2552
-4453
-6053
-7257
-8000
-8245
-7992
-7270
-6138
-4681
-3001
-1212
571
2239
3694
4858
5674
6112
6170
5868
5249
4375
3317
2156
968
-169
-1196
-2060
-2727
-3179
-3415
-3447
-3299
-3003
-2599
-2125
-1620
-1118
-646
-224
132
420
638
791
890
944
966
967
957
944
934
931
938
955
981
1013
1046
1075
1092
1089
1056
980
851
657
391
46
-377
-872
-1426
-2014
-2608
-3168
-3653
-4014
-4207
-4191
-3933
-3413
-2629
-1596
-349
1054
2542
4026
5408
6589
7475
7982
8049
7638
6744
5393
3647
1597
-639
-2927
-5120
-7075
-8658
-9757
-10293
-10220
-9536
-8279
-6528
-4397
-2023
436
2824
4986
6788
8126
8929
9166
8849
8028
6787
5237
3504
1719
9
-1515
-2768
-3692
-4263
-4489
-4407
-4078
-3581
-2998
-2413
-1895
-1498
-1253
-1165
-1212
-1355
-1534
-1682
-1733
-1627
-1320
-791
-43
891
1956
3073
4150
5088
5792
6181
6194
5801
5004
3837
2369
697
-1061
-2782
-4336
-5607
-6501
-6951
-6928
-6437
-5525
-4270
-2776
-1168
424
1878
3081
3948
4424
4492
4168
3506
2585
1507
384
-669
-1553
-2182
-2500
-2479
-2129
-1487
-620
383
1424
2400
3214
3783
4049
3979
3570
2846
1861
687
-590
-1877
-3083
-4125
-4936
-5469
-5697
-5617
-5248
-4622
-3788
-2799
-1714
-586
534
1609
2607
3504
4287
4943
5465
5843
6063
6112
5969
5613
5027
4198
3121
1808
287
-1391
-3162
-4936
-6613
-8083
-9236
-9971
-10204
-9880
-8974
-7503
-5526
-3139
-476
2302
5020
7496
9558
11061
11892
11986
11329
9964
7983
5526
2769
-90
-2849
-5313
-7312
-8715
-9440
-9462
-8809
-7566
-5861
-3857
-1735
319
2136
3572
4523
4933
4800
4173
3145
1846
429
-947
-2129
-2989
-3430
-3402
-2902
-1977
-717
753
2285
3722
4913
5728
6073
5894
5188
3999
2419
576
-1377
-3276
-4959
-6281
-7130
-7436
-7176
-6376
-5108
-3487
-1654
233
2014
3544
4701
5402
5608
5324
4601
3529
2228
835
-507
-1670
-2543
-3047
-3146
-2842
-2181
-1244
-139
1009
2073
2932
3488
3673
3457
2850
1901
693
-663
-2042
-3314
-4359
-5075
-5394
-5281
-4741
-3819
-2596
-1175
317
1755
3016
3998
4624
4853
4682
4144
3305
2261
1119
-1
-992
-1759
-2233
-2379
-2196
-1719
-1014
-173
697
1486
2089
2420
2418
2058
1351
347
-873
-2201
-3511
-4670
-5553
-6054
-6095
-5634
-4674
-3258
-1473
560
2695
4770
6621
8097
9070
9447
9180
8267
6754
4734
2341
-264
-2900
-5383
-7535
-9205
-10269
-10651
-10321
-9297
-7649
-5489
-2965
-251
2467
5005
7190
8873
9943
10330
10010
9010
7401
5296
2841
205
-2429
-4885
-6993
-8609
-9626
-9972
-9626
-8609
-6993
-4885
-2429
205
2841
5296
7401
9010
10010
10330
9943
8873
7190
5005
2467
-251
-2965
-5489
-7649
-9297
-10321
-10651
-10269
-9205
-7535
-5383
-2900
-264
2341
4734
6754
8267
9180
9447
9070
8097
6621
4770
2695
560
-1473
-3258
-4674
-5634
-6095
-6054
-5553
-4670
-3511
-2201
-873
347
1351
2058
2418
2420
2089
1486
697
-173
-1014
-1719
-2196
-2379
-2233
-1759
-992
-1
1119
2261
3305
4144
4682
4853
4624
3998
3016
1755
317
-1175
-2596
-3819
-4741
-5281
-5394
-5075
-4359
-3314
-2042
-663
693
1901
2850
3457
3673
3488
2932
2073
1009
-139
-1244
-2181
-2842
-3146
-3047
-2543
-1670
-507
835
2228
3529
4601
5324
5608
5402
4701
3544
2014
233
-1654
-3487
-5108
-6376
-7176
-7436
-7130
-6281
-4959
-3276
-1377
576
2419
3999
5188
5894
6073
5728
4913
3722
2285
753
-717
-1977
-2902
-3402
-3430
-2989
-2129
-947
429
1846
3145
4173
4800
4933
4523
3572
2136
319
-1735
-3857
-5861
-7566
-8809
-9462
-9440
-8715
-7312
-5313
-2849
-90
2769
5526
7983
9964
11329
11986
11892
11061
9558
7496
5020
2302
-476
-3139
-5526
-7503
-8974
-9880
-10204
-9971
-9236
-8083
-6613
-4936
-3162
-1391
287
1808
3121
4198
5027
5613
5969
6112
6063
5843
5465
4943
4287
3504
2607
1609
534
-586
-1714
-2799
-3788
-4622
-5248
-5617
-5697
-5469
-4936
-4125
-3083
-1877
-590
687
1861
2846
3570
3979
4049
3783
3214
2400
1424
383
-620
-1487
-2129
-2479
-2500
-2182
-1553
-669
384
1507
2585
3506
4168
4492
4424
3948
3081
1878
424
-1168
-2776
-4270
-5525
-6437
-6928
-6951
-6501
-5607
-4336
-2782
-1061
697
2369
3837
5004
5801
6194
6181
5792
5088
4150
3073
1956
891
-43
-791
-1320
-1627
-1733
-1682
-1534
-1355
-1212
-1165
-1253
-1498
-1895
-2413
-2998
-3581
-4078
-4407
-4489
-4263
-3692
-2768
-1515
9
1719
3504
5237
6787
8028
8849
9166
8929
8126
6788
4986
2824
436
-2023
-4397
-6528
-8279
-9536
-10220
-10293
-9757
-8658
-7075
-5120
-2927
-639
1597
3647
5393
6744
7638
8049
7982
7475
6589
5408
4026
2542
1054
-349
-1596
-2629
-3413
-3933
-4191
-4207
-4014
-3653
-3168
-2608
-2014
-1426
-872
-377
46
391
657
851
980
1056
1089
1092
1075
1046
1013
981
955
938
931
934
944
957
967
966
944
890
791
638
420
132
-224
-646
-1118
-1620
-2125
-2599
-3003
-3299
-3447
-3415
-3179
-2727
-2060
-1196
-169
968
2156
3317
4375
5249
5868
6170
6112
5674
4858
3694
2239
571
-1212
-3001
-4681
-6138
-7270
-7992
-8245
-8000
-7257
-6053
-4453
-2552
-464
1680
3749
5612
7151
8270
8898
8997
8563
7625
6245
4510
2531
431
-1662
-3625
-5342
-6719
-7684
-8193
-8232
-7816
-6985
-5804
-4355
-2734
-1037
635
2195
3564
4681
5503
6010
6198
6082
5695
5077
4279
3356
2359
1339
341
-599
-1456
-2210
-2849
-3368
-3768
-4050
-4218
0
0
0
0
0
0
0
0
0
0
0
0
0
0
0
0
0
0
0
0
0
0
0
0
0
0
0
0
0
0
0
0
0
0
0
0
0
0
0
0
0
0
0
0
0
0
0
0
0
0
0
0
0
0
0
0
0
0
0
0
0
0
0
0
0
0
0
9972
9620
8589
6960
4856
2436
-115
-2612
-4869
-6726
-8055
-8773
-8845
-8288
-7165
-5584
-3681
-1615
447
2351
3958
5161
5889
6116
5857
5166
4131
2864
1490
136
-1080
-2062
-2738
-3069
-3050
-2711
-2109
-1322
-446
420
1186
1771
2114
2182
1969
1498
816
-10
-900
-1767
-2528
-3109
-3452
-3521
-3305
-2816
-2090
-1182
-161
894
1908
2805
3524
4019
4259
4239
3968
3475
2802
2000
1127
237
-616
-1390
-2052
-2580
-2963
-3203
-3309
-3295
-3179
-2980
-2714
-2392
-2024
-1613
-1159
-663
-122
460
1078
1719
2362
2980
3541
4006
4338
4498
4456
4190
3691
2962
2025
917
-310
-1592
-2857
-4027
-5028
-5790
-6256
-6386
-6160
-5580
-4669
-3474
-2061
-511
1083
2628
4029
5200
6069
6583
6710
6444
5804
4829
3584
2147
609
-935
-2390
-3667
-4692
-5405
-5769
-5769
-5415
-4736
-3786
-2630
-1348
-25
1251
2403
3359
4064
4480
4589
4395
3920
3205
2306
1287
220
-822
-1774
-2576
-3183
-3561
-3697
-3593
-3266
-2748
-2081
-1316
-504
301
1053
1710
2240
2625
2855
2932
2866
2677
2386
2018
1597
1145
681
216
-240
-684
-1112
-1525
-1919
-2290
-2628
-2920
-3148
-3289
-3320
-3216
-2959
-2534
-1937
-1177
-275
734
1802
2871
3874
4743
5411
5821
5926
5702
5141
4263
3108
1739
237
-1305
-2792
-4126
-5220
-6005
-6432
-6478
-6150
-5481
-4529
-3371
-2097
-804
415
1481
2329
2921
3243
3308
3153
2838
2431
2011
1649
1407
1326
1424
1691
2089
2557
3014
3368
3528
3412
2956
2128
928
-604
-2391
-4319
-6248
-8021
-9478
-10467
-10863
-10575
-9562
-7835
-5463
-2569
675
4065
7370
10357
12806
14526
15376
15272
14197
12205
9415
6008
2209
-1725
-5530
-8947
-11749
-13753
-14835
-14942
-14088
-12360
-9904
-6916
-3625
-274
2897
5676
7883
9395
10144
10126
9397
8063
6275
4207
2049
-18
-1833
-3263
-4222
-4667
-4606
-4089
-3206
-2073
-822
411
1503
2347
2868
3024
2811
2259
1429
405
-712
-1820
-2819
-3622
-4164
-4403
-4328
-3950
-3308
-2458
-1469
-417
625
1591
2426
3091
3566
3845
3938
3866
3659
3348
2963
2531
2071
1595
1108
608
92
-445
-1007
-1590
-2184
-2768
-3319
-3802
-4182
-4423
-4492
-4365
-4029
-3485
-2748
-1849
-831
250
1336
2364
3277
4024
4569
4888
4977
4844
4514
4023
3412
2727
2008
1293
607
-34
-627
-1177
-1696
-2200
-2702
-3211
-3724
-4228
-4695
-5084
-5348
-5431
-5279
-4848
-4107
-3045
-1680
-55
1755
3652
5516
7215
8616
9594
10045
9898
9120
7723
5769
3364
655
-2181
-4951
-7457
-9515
-10966
-11698
-11644
-10802
-9223
-7020
-4352
-1416
1570
4387
6826
8709
9905
10336
9986
8904
7191
5002
2525
-34
-2468
-4584
-6222
-7267
-7656
-7385
-6507
-5122
-3373
-1427
536
2346
3848
4925
5502
5551
5093
4197
2966
1531
34
-1381
-2588
-3486
-4008
-4125
-3853
-3242
-2373
-1350
-286
708
1534
2119
2417
2417
2141
1641
993
286
-386
-937
-1299
-1424
-1299
-937
-386
286
993
1641
2141
2417
2417
2119
1534
708
-286
-1350
-2373
-3242
-3853
-4125
-4008
-3486
-2588
-1381
34
1531
2966
4197
5093
5551
5502
4925
3848
2346
536
-1427
-3373
-5122
-6507
-7385
-7656
-7267
-6222
-4584
-2468
-34
2525
5002
7191
8904
9986
10336
9905
8709
6826
4387
1570
-1416
-4352
-7020
-9223
-10802
-11644
-11698
-10966
-9515
-7457
-4951
-2181
655
3364
5769
7723
9120
9898
10045
9594
8616
7215
5516
3652
1755
-55
-1680
-3045
-4107
-4848
-5279
-5431
-5348
-5084
-4695
-4228
-3724
-3211
-2702
-2200
-1696
-1177
-627
-34
607
1293
2008
2727
3412
4023
4514
4844
4977
4888
4569
4024
3277
2364
1336
250
-831
-1849
-2748
-3485
-4029
-4365
-4492
-4423
-4182
-3802
-3319
-2768
-2184
-1590
-1007
-445
92
608
1108
1595
2071
2531
2963
3348
3659
3866
3938
3845
3566
3091
2426
1591
625
-417
-1469
-2458
-3308
-3950
-4328
-4403
-4164
-3622
-2819
-1820
-712
405
1429
2259
2811
3024
2868
2347
1503
411
-822
-2073
-3206
-4089
-4606
-4667
-4222
-3263
-1833
-18
2049
4207
6275
8063
9397
10126
10144
9395
7883
5676
2897
-274
-3625
-6916
-9904
-12360
-14088
-14942
-14835
-13753
-11749
-8947
-5530
-1725
2209
6008
9415
12205
14197
15272
15376
14526
12806
10357
7370
4065
675
-2569
-5463
-7835
-9562
-10575
-10863
-10467
-9478
-8021
-6248
-4319
-2391
-604
928
2128
2956
3412
3528
3368
3014
2557
2089
1691
1424
1326
1407
1649
2011
2431
2838
3153
3308
3243
2921
2329
1481
415
-804
-2097
-3371
-4529
-5481
-6150
-6478
-6432
-6005
-5220
-4126
-2792
-1305
237
1739
3108
4263
5141
5702
5926
5821
5411
4743
3874
2871
1802
734
-275
-1177
-1937
-2534
-2959
-3216
-3320
-3289
-3148
-2920
-2628
-2290
-1919
-1525
-1112
-684
-240
216
681
1145
1597
2018
2386
2677
2866
2932
2855
2625
2240
1710
1053
301
-504
-1316
-2081
-2748
-3266
-3593
-3697
-3561
-3183
-2576
-1774
-822
220
1287
2306
3205
3920
4395
4589
4480
4064
3359
2403
1251
-25
-1348
-2630
-3786
-4736
-5415
-5769
-5769
-5405
-4692
-3667
-2390
-935
609
2147
3584
4829
5804
6444
6710
6583
6069
5200
4029
2628
1083
-511
-2061
-3474
-4669
-5580
-6160
-6386
-6256
-5790
-5028
-4027
-2857
-1592
-310
917
2025
2962
3691
4190
4456
4498
4338
4006
3541
2980
2362
1719
1078
460
-122
-663
-1159
-1613
-2024
-2392
-2714
-2980
-3179
-3295
-3309
-3203
-2963
-2580
-2052
-1390
-616
237
1127
2000
2802
3475
3968
4239
4259
4019
3524
2805
1908
894
-161
-1182
-2090
-2816
-3305
-3521
-3452
-3109
-2528
-1767
-900
-10
816
1498
1969
2182
2114
1771
1186
420
-446
-1322
-2109
-2711
-3050
-3069
-2738
-2062
-1080
136
1490
2864
4131
5166
5857
6116
5889
5161
3958
2351
447
-1615
-3681
-5584
-7165
-8288
-8845
-8773
-8055
-6726
-4869
-2612
-115
2436
4856
6960
8589
9620
0
0
0
0
0
0
0
0
0
0
0
0
0
0
0
0
0
0
0
0
0
0
0
0
0
0
0
0
0
0
0
0
0
0
0
0
0
0
0
0
0
0
0
0
0
0
0
0
0
0
0
0
0
0
0
0
0
0
0
0
0
0
0
0
0
0
0
7123
6964
6493
5732
4713
3480
2087
597
-924
-2408
-3787
-4997
-5979
-6688
-7086
-7154
-6884
-6287
-5391
-4237
-2881
-1390
162
1697
3137
4407
5443
6191
6615
6697
6435
5850
4980
3879
2614
1260
-102
-1398
-2554
-3510
-4220
-4656
-4809
-4689
-4324
-3756
-3042
-2242
-1419
-635
58
621
1029
1273
1360
1314
1170
971
764
596
507
523
661
918
1275
1700
2144
2554
2872
3041
3016
2763
2268
1537
598
-497
-1684
-2880
-3997
-4947
-5647
-6032
-6056
-5698
-4967
-3898
-2556
-1025
591
2184
3643
4867
5771
6295
6408
6107
5426
4423
3182
1803
393
-938
-2095
-2999
-3594
-3852
-3779
-3407
-2794
-2019
-1171
-346
369
900
1194
1222
985
513
-138
-895
-1669
-2364
-2892
-3177
-3162
-2817
-2144
-1174
31
1388
2793
4134
5298
6184
6705
6805
6455
5661
4464
2933
1165
-723
-2610
-4370
-5886
-7061
-7821
-8121
-7948
-7322
-6291
-4930
-3330
-1597
160
1839
3345
4601
5549
6156
6410
6325
5929
5270
4405
3398
2315
1216
160
-805
-1645
-2332
-2850
-3196
-3372
-3390
-3267
-3022
-2682
-2270
-1814
-1340
-873
-438
-55
258
489
630
682
651
550
402
232
72
-45
-90
-35
137
435
853
1371
1954
2556
3120
3581
3878
3952
3756
3262
2462
1376
47
-1453
-3035
-4588
-5997
-7145
-7926
-8254
-8072
-7355
-6121
-4426
-2363
-60
2331
4649
6729
8418
9588
10147
10049
9292
7927
6049
3796
1329
-1168
-3518
-5550
-7123
-8134
-8525
-8292
-7478
-6174
-4508
-2633
-715
1082
2615
3766
4458
4663
4395
3716
2726
1549
327
-800
-1705
-2290
-2489
-2282
-1695
-793
319
1514
2652
3594
4216
4427
4173
3448
2295
801
-907
-2674
-4334
-5721
-6687
-7121
-6954
-6170
-4810
-2971
-795
1538
3833
5886
7511
8552
8903
8512
7391
5617
3321
686
-2076
-4739
-7079
-8897
-10034
-10388
-9918
-8652
-6682
-4158
-1275
1741
4660
7253
9324
10718
11334
11134
10145
8452
6193
3546
712
-2101
-4697
-6902
-8581
-9645
-10059
-9834
-9031
-7747
-6107
-4250
-2318
-439
1275
2744
3917
4776
5332
5619
5686
5591
5387
5121
4822
4502
4153
3751
3263
2646
1866
897
-266
-1610
-3088
-4633
-6150
-7532
-8662
-9427
-9728
-9490
-8675
-7284
-5362
-3001
-330
2488
5273
7835
9994
11590
12501
12649
12012
10622
8567
5983
3046
-43
-3075
-5843
-8164
-9890
-10917
-11196
-10733
-9589
-7872
-5729
-3332
-868
1483
3557
5218
6369
6959
6981
6475
5519
4222
2716
1138
-374
-1700
-2740
-3424
-3718
-3622
-3168
-2418
-1455
-376
718
1731
2575
3182
3506
3525
3243
2687
1903
953
-92
-1158
-2170
-3062
-3777
-4272
-4519
-4507
-4239
-3734
-3021
-2140
-1138
-67
1018
2064
3020
3838
4477
4902
5089
5024
4704
4140
3352
2377
1261
60
-1162
-2337
-3397
-4276
-4918
-5278
-5328
-5058
-4480
-3625
-2546
-1311
-2
1292
2484
3490
4237
4672
4764
4507
3920
3049
1961
740
-519
-1720
-2769
-3582
-4097
-4273
-4097
-3582
-2769
-1720
-519
740
1961
3049
3920
4507
4764
4672
4237
3490
2484
1292
-2
-1311
-2546
-3625
-4480
-5058
-5328
-5278
-4918
-4276
-3397
-2337
-1162
60
1261
2377
3352
4140
4704
5024
5089
4902
4477
3838
3020
2064
1018
-67
-1138
-2140
-3021
-3734
-4239
-4507
-4519
-4272
-3777
-3062
-2170
-1158
-92
953
1903
2687
3243
3525
3506
3182
2575
1731
718
-376
-1455
-2418
-3168
-3622
-3718
-3424
-2740
-1700
-374
1138
2716
4222
5519
6475
6981
6959
6369
5218
3557
1483
-868
-3332
-5729
-7872
-9589
-10733
-11196
-10917
-9890
-8164
-5843
-3075
-43
3046
5983
8567
10622
12012
12649
12501
11590
9994
7835
5273
2488
-330
-3001
-5362
-7284
-8675
-9490
-9728
-9427
-8662
-7532
-6150
-4633
-3088
-1610
-266
897
1866
2646
3263
3751
4153
4502
4822
5121
5387
5591
5686
5619
5332
4776
3917
2744
1275
-439
-2318
-4250
-6107
-7747
-9031
-9834
-10059
-9645
-8581
-6902
-4697
-2101
712
3546
6193
8452
10145
11134
11334
10718
9324
7253
4660
1741
-1275
-4158
-6682
-8652
-9918
-10388
-10034
-8897
-7079
-4739
-2076
686
3321
5617
7391
8512
8903
8552
7511
5886
3833
1538
-795
-2971
-4810
-6170
-6954
-7121
-6687
-5721
-4334
-2674
-907
801
2295
3448
4173
4427
4216
3594
2652
1514
319
-793
-1695
-2282
-2489
-2290
-1705
-800
327
1549
2726
3716
4395
4663
4458
3766
2615
1082
-715
-2633
-4508
-6174
-7478
-8292
-8525
-8134
-7123
-5550
-3518
-1168
1329
3796
6049
7927
9292
10049
10147
9588
8418
6729
4649
2331
-60
-2363
-4426
-6121
-7355
-8072
-8254
-7926
-7145
-5997
-4588
-3035
-1453
47
1376
2462
3262
3756
3952
3878
3581
3120
2556
1954
1371
853
435
137
-35
-90
-45
72
232
402
550
651
682
630
489
258
-55
-438
-873
-1340
-1814
-2270
-2682
-3022
-3267
-3390
-3372
-3196
-2850
-2332
-1645
-805
160
1216
2315
3398
4405
5270
5929
6325
6410
6156
5549
4601
3345
1839
160
-1597
-3330
-4930
-6291
-7322
-7948
-8121
-7821
-7061
-5886
-4370
-2610
-723
1165
2933
4464
5661
6455
6805
6705
6184
5298
4134
2793
1388
31
-1174
-2144
-2817
-3162
-3177
-2892
-2364
-1669
-895
-138
513
985
1222
1194
900
369
-346
-1171
-2019
-2794
-3407
-3779
-3852
-3594
-2999
-2095
-938
393
1803
3182
4423
5426
6107
6408
6295
5771
4867
3643
2184
591
-1025
-2556
-3898
-4967
-5698
-6056
-6032
-5647
-4947
-3997
-2880
-1684
-497
598
1537
2268
2763
3016
3041
2872
2554
2144
1700
1275
918
661
523
507
596
764
971
1170
1314
1360
1273
1029
621
58
-635
-1419
-2242
-3042
-3756
-4324
-4689
-4809
-4656
-4220
-3510
-2554
-1398
-102
1260
2614
3879
4980
5850
6435
6697
6615
6191
5443
4407
3137
1697
162
-1390
-2881
-4237
-5391
-6287
-6884
-7154
-7086
-6688
-5979
-4997
-3787
-2408
-924
597
2087
3480
4713
5732
6493
6964
0
0
0
0
0
0
0
0
0
0
0
0
0
0
0
0
0
0
0
0
0
0
0
0
0
0
0
0
0
0
0
0
0
0
0
0
0
0
0
0
0
0
0
0
0
0
0
0
0
0
0
0
0
0
0
0
0
0
0
0
0
0
0
0
0
0
0
