0
4278
8485
12550
16402
19973
23203
26035
28419
30314
31684
32507
32766
32456
31581
30156
28203
25758
22860
19561
15917
11991
7852
3573
-771
-5106
-9352
-13436
-17284
-20829
-24006
-26759
-29038
-30801
-32015
-32660
-32720
-32196
-31094
-29434
-27244
-24563
-21439
-17925
-14087
-9991
-5712
-1327
3083
7441
11667
15683
19415
22796
25762
28259
30239
31667
32514
32764
32412
31462
29931
27847
25247
22178
18696
14865
10755
6443
2009
-2465
-6896
-11201
-15299
-19113
-22570
-25606
-28162
-30190
-31650
-32514
-32764
-32394
-31411
-29832
-27686
-25012
-21861
-18292
-14372
-10175
-5781
-1274
3259
7733
12062
16161
19951
23359
26318
28771
30668
31973
32659
32711
32127
30919
29107
26727
23823
20452
16679
12577
8226
3711
-879
-5455
-9926
-14204
-18204
-21846
-25058
-27775
-29942
-31516
-32464
-32766
-32415
-31417
-29790
-27567
-24790
-21514
-17805
-13736
-9388
-4849
-209
4437
8997
13377
17489
21248
24578
27411
29687
31359
32393
32765
32468
31507
29899
27676
24884
21579
17828
13707
9301
4700
0
-4703
-9311
-13729
-17864
-21629
-24947
-27746
-29968
-31566
-32503
-32761
-32332
-31225
-29460
-27076
-24119
-20653
-16748
-12488
-7961
-3263
1506
6246
10856
15238
19298
22949
26112
28719
30713
32051
32702
32651
31900
30461
28366
25658
22395
18646
14492
10022
5332
524
-4298
-9029
-13567
-17811
-21669
-25055
-27896
-30127
-31699
-32577
-32739
-32182
-30916
-28967
-26379
-23206
-19519
-15397
-10932
-6222
-1372
3511
8320
12945
17284
21240
24723
27655
29968
31611
32545
32748
32214
30954
28995
26381
23169
19431
15252
10724
5950
1038
-3899
-8751
-13405
-17757
-21705
-25159
-28038
-30277
-31822
-32637
-32702
-32014
-30588
-28456
-25665
-22280
-18377
-14047
-9388
-4509
477
5455
10308
14924
19194
23018
26305
28979
30974
32243
32756
32498
31476
29711
27244
24133
20449
16280
11722
6884
1880
-3170
-8148
-12935
-17416
-21484
-25041
-28000
-30291
-31856
-32659
-32677
-31909
-30373
-28105
-25157
-21600
-17520
-13013
-8189
-3163
1941
7001
11893
16499
20705
24407
27516
29953
31659
32589
32721
32049
30590
28377
25463
21921
17836
13307
8448
3377
-1780
-6896
-11843
-16499
-20746
-24479
-27603
-30040
-31727
-32621
-32699
-31957
-30413
-28105
-25088
-21439
-17247
-12618
-7668
-2522
2689
7836
12787
17416
21605
25247
28248
30530
32035
32723
32574
31592
29801
27244
23987
20112
15718
10917
5832
595
-4660
-9798
-14685
-19194
-23208
-26622
-29345
-31307
-32455
-32757
-32206
-30813
-28614
-25665
-22043
-17841
-13169
-8148
-2911
2405
7661
12717
17440
21705
25397
28419
30689
32146
32750
32483
31352
29385
26633
23169
19084
14487
9500
4255
-1105
-6439
-11603
-16457
-20870
-24723
-27911
-30346
-31961
-32712
-32578
-31559
-29684
-27001
-23582
-19519
-14922
-9916
-4636
771
6162
11386
16301
20770
24671
27896
30354
31977
32719
32558
31498
29565
26813
23317
19172
14492
9407
4058
-1405
-6833
-12073
-16978
-21411
-25247
-28377
-30713
-32188
-32760
-32410
-31148
-29007
-26047
-22351
-18021
-13179
-7961
-2516
3003
8440
13640
18454
22745
26389
29282
31340
32503
32737
32033
30409
27913
24613
20604
16000
10932
5547
0
-5550
-10942
-16021
-20637
-24657
-27963
-30458
-32068
-32745
-32468
-31244
-29107
-26118
-22364
-17952
-13013
-7689
-2137
3479
8997
14252
19090
23367
26955
29748
31662
32640
32650
31691
29790
27003
23411
19119
14256
8965
3403
-2262
-7862
-13230
-18204
-22633
-26385
-29345
-31423
-32556
-32707
-31871
-30072
-27362
-23823
-19561
-14703
-9397
-3803
1908
7565
12994
18030
22517
26318
29316
31419
32559
32702
31841
30001
27238
23635
19302
14372
8996
3339
-2422
-8112
-13553
-18577
-23026
-26761
-29667
-31650
-32648
-32629
-31591
-29565
-26615
-22829
-18327
-13249
-7752
-2009
3799
9491
14886
19815
24120
27666
30338
32052
32751
32412
31044
28690
25423
21345
16586
11295
5642
-193
-6025
-11667
-16938
-21669
-25706
-28920
-31206
-32489
-32726
-31909
-30063
-27244
-23544
-19081
-13998
-8460
-2644
3259
9060
14569
19606
24006
27626
30346
32075
32756
32366
30916
28451
25051
20827
15917
10480
4696
-1244
-7147
-12817
-18065
-22719
-26622
-29644
-31684
-32674
-32578
-31398
-29173
-25975
-21909
-17110
-11737
-5969
0
5972
11747
17130
21941
26016
29217
31436
32596
32657
31615
29504
26395
22390
17625
12260
6476
470
-5554
-11392
-16845
-21726
-25867
-29127
-31393
-32585
-32662
-31619
-29491
-26349
-22301
-17483
-12062
-6222
-166
5898
11762
17222
22088
26191
29387
31566
32648
32597
31411
29131
25835
21636
16679
11138
5205
-912
-7001
-12847
-18244
-23003
-26955
-29960
-31912
-32739
-32412
-30940
-28374
-24803
-20353
-15179
-9465
-3413
2763
8843
14612
19863
24407
28083
30758
32334
32755
32003
30103
27124
23169
18381
12929
7010
836
-5370
-11386
-16993
-21989
-26191
-29446
-31636
-32680
-32538
-31214
-28754
-25247
-20819
-15630
-9868
-3744
2518
8692
14551
19879
24480
28184
30855
32393
32739
31880
29845
26709
22585
17625
12011
5950
-333
-6607
-12639
-18204
-23094
-27128
-30152
-32055
-32763
-32248
-30528
-27666
-23767
-18976
-13473
-7461
-1167
5173
11322
17047
22132
26385
29644
31785
32724
32427
30901
28203
24435
19738
14288
8294
1981
-4409
-10635
-16457
-21654
-26025
-29402
-31656
-32697
-32485
-31027
-28377
-24634
-19943
-14481
-8460
-2109
4324
10594
16457
21686
26077
29459
31699
32710
32451
30929
28203
24378
19601
14056
7961
1552
-4919
-11201
-17047
-22227
-26537
-29806
-31906
-32751
-32307
-30590
-27666
-23648
-18696
-13002
-6791
-309
6187
12441
18204
23246
27366
30398
32222
32762
31995
29951
26709
22398
17189
11289
4935
-1619
-8112
-14281
-19879
-24678
-28486
-31147
-32552
-32643
-31416
-28917
-25247
-20553
-15023
-8882
-2378
4225
10659
16662
21989
26421
29777
31918
32756
32254
30432
27362
23169
18024
12137
5748
-879
-7473
-13762
-19485
-24407
-28323
-31070
-32533
-32650
-31414
-28875
-25136
-20353
-14721
-8475
-1874
4807
11292
17307
22602
26955
30182
32146
32765
32010
29911
26556
22083
16679
10571
4016
-2711
-9326
-15551
-21121
-25799
-29387
-31732
-32732
-32344
-30582
-27520
-23286
-18060
-12062
-5547
1206
7911
14280
20041
24947
28786
31393
32653
32513
30975
28105
24024
18906
12972
6476
-301
-7069
-13534
-19415
-24458
-28443
-31196
-32596
-32580
-31148
-28360
-24336
-19250
-13322
-6811
0
6813
13332
19269
24364
28393
31178
32594
32578
31129
28309
24241
19103
13120
6555
-301
-7147
-13680
-19609
-24671
-28641
-31340
-32648
-32505
-30916
-27948
-23735
-18460
-12360
-5706
1206
8067
14569
20421
25359
29162
31656
32728
32328
30473
27244
22786
17298
11027
4255
-2711
-9557
-15974
-21669
-26383
-29901
-32062
-32766
-31979
-29736
-26137
-21345
-15577
-9095
-2195
4807
11593
17850
23291
27666
30771
32464
32665
31362
28614
24546
19345
13249
6538
-477
-7473
-14125
-20126
-25196
-29098
-31650
-32732
-32292
-30349
-26991
-22374
-16712
-10266
-3339
3746
10659
17076
22694
27251
30530
32377
32702
31489
28793
24740
19519
13375
6597
-494
-7565
-14281
-20323
-25404
-29282
-31772
-32753
-32178
-30072
-26533
-21729
-15887
-9285
-2238
4919
11843
18204
23695
28052
31066
32589
32548
30942
27847
23411
17845
11416
4435
-2763
-9830
-16425
-22227
-26955
-30378
-32330
-32713
-31507
-28769
-24631
-19293
-13013
-6096
1120
8285
15047
21076
26077
29802
32068
32763
31850
29372
25451
20276
14101
7230
0
-7232
-14111
-20295
-25478
-29402
-31872
-32764
-32033
-29711
-25913
-20827
-14703
-7845
-595
6688
13640
19914
25196
29220
31785
32759
32093
29819
26047
20967
14832
7950
664
-6656
-13645
-19948
-25247
-29273
-31822
-32763
-32046
-29706
-25861
-20703
-14492
-7543
-209
7138
14125
20396
25629
29557
31977
32766
31880
29363
25342
20022
13674
6622
-771
-8129
-15071
-21240
-26318
-30042
-32219
-32734
-31559
-28754
-24461
-18901
-12360
-5177
2276
9615
16457
22447
27271
30678
32489
32608
31026
27825
23169
17302
10527
3199
-4298
-11573
-18244
-23960
-28419
-31387
-32705
-32302
-30198
-26501
-21406
-15179
-8148
-684
6817
13962
20369
25700
29668
32064
32757
31710
28975
24698
19103
12488
5205
-2358
-9798
-16717
-22745
-27557
-30894
-32577
-32513
-30703
-27244
-22319
-16192
-9191
-1693
5898
13175
19743
25247
29388
31941
32765
31816
29141
24884
19276
12618
5272
-2362
-9871
-16845
-22903
-27714
-31014
-32621
-32445
-30495
-26875
-21781
-15492
-8351
-749
6896
14165
20658
26016
29942
32220
32721
31417
28377
23767
17841
10926
3403
-4310
-11787
-18613
-24407
-28847
-31684
-32759
-32010
-29476
-25298
-19707
-13013
-5590
2148
9769
16845
22980
27828
31116
32659
32366
30254
26438
21133
14635
7310
-430
-8148
-15409
-21801
-26962
-30598
-32502
-32563
-30778
-27244
-22162
-15818
-8572
-836
6950
14343
20920
26305
30190
32350
32661
31103
27762
22829
16586
9388
1649
-6187
-13670
-20369
-25898
-29936
-32249
-32702
-31267
-28024
-23161
-16955
-9766
-2009
5867
13405
20168
25762
29860
32222
32709
31291
28049
23169
16936
9711
1916
-5992
-13553
-20323
-25904
-29968
-32275
-32687
-31179
-27837
-22855
-16527
-9222
-1372
6562
14111
20829
26318
30252
32397
32623
30916
27374
22206
15718
8294
373
-7571
-15067
-21669
-26980
-30683
-32556
-32483
-30469
-26631
-21197
-14492
-6916
1077
9009
16402
22811
27851
31216
32702
32218
29790
25564
19793
12824
5078
-2978
-10856
-18080
-24210
-28873
-31785
-32766
-31757
-28816
-24119
-17952
-10689
-2772
5316
13083
20053
25799
29968
32304
32662
31017
27469
22233
15630
8064
0
-8067
-15639
-22251
-27492
-31038
-32669
-32282
-29899
-25665
-19840
-12785
-4935
3223
11185
18454
24578
29176
31960
32754
31507
28295
23317
16881
9388
1306
-6859
-14599
-21426
-26913
-30713
-32587
-32415
-30206
-26096
-20343
-13307
-5431
2789
10837
18204
24423
29100
31937
32755
31498
28244
23199
16679
9099
938
-7285
-15047
-21854
-27271
-30951
-32659
-32282
-29844
-25497
-19519
-12290
-4271
4023
12062
19330
25359
29762
32252
32670
30984
27303
21861
15008
7184
-1105
-9326
-16947
-23474
-28484
-31650
-32766
-31757
-28687
-23753
-17274
-9670
-1435
6896
14781
21705
27215
30951
32666
32248
29720
25247
19119
11737
3583
-4807
-12886
-20121
-26035
-30239
-32455
-32534
-30469
-26395
-20578
-13400
-5336
3083
11302
18775
25007
29584
32200
32681
30992
27244
21684
14679
6695
-1736
-10055
-17706
-24178
-29038
-31959
-32744
-31340
-27837
-22468
-15592
-7668
771
9163
16942
23583
28641
31772
32764
31548
28203
22955
16155
8261
-193
-8637
-16499
-23246
-28419
-31667
-32766
-31641
-28366
-23161
-16378
-8479
0
8482
16388
23178
28387
31659
32766
31633
28334
23092
16267
8323
-193
-8699
-16610
-23382
-28547
-31748
-32764
-31521
-28105
-22748
-15818
-7793
771
9287
17161
23850
28887
31923
32744
31292
27666
22114
15023
6884
-1736
-10238
-18030
-24565
-29387
-32158
-32681
-30919
-26991
-21173
-13868
-5590
3083
11543
19194
25499
30012
32414
32534
30361
26047
19895
12336
3903
-4807
-13181
-20625
-26610
-30711
-32637
-32248
-29569
-24790
-18247
-10405
-1820
6896
15124
22277
27843
31423
32760
31757
28483
23169
16196
8060
-655
-9326
-17331
-24094
-29127
-32068
-32703
-30984
-27033
-21133
-13707
-5289
3511
12062
19743
25999
30374
32552
32371
29844
25150
18630
10754
2094
-6719
-15047
-22282
-27896
-31478
-32765
-31661
-28244
-22763
-15616
-7324
1506
10228
18204
24847
29668
32313
32585
30461
26096
19809
12062
3423
-5469
-13962
-21426
-27310
-31178
-32740
-31881
-28661
-23317
-16242
-7961
912
9721
17811
24578
29519
32265
32608
30520
26157
19840
12041
3339
-5613
-14150
-21629
-27492
-31296
-32755
-31758
-28377
-22863
-15630
-7219
1736
10564
18599
25234
29968
32443
32468
30041
25342
18725
10689
1842
-7147
-15598
-22868
-28404
-31785
-32751
-31227
-27327
-21345
-13736
-5078
3969
12717
20496
26712
30887
32702
32014
28875
23522
16364
7950
-1077
-10024
-18204
-24986
-29848
-32414
-32483
-30050
-25298
-18593
-10451
-1499
7571
16058
23305
28750
31969
32711
30916
26720
20449
12587
3744
-5391
-14111
-21734
-27666
-31442
-32766
-31533
-27837
-21964
-14372
-5653
3510
12401
20323
26654
30894
32710
31957
28692
23169
15822
7226
-1941
-10958
-19113
-25762
-30378
-32596
-32237
-29328
-24096
-16955
-8469
691
9799
18132
25028
29936
32465
32412
29778
24772
17791
9388
234
-8940
-17404
-24479
-29598
-32350
-32513
-30072
-25219
-18342
-9991
-836
8388
16942
24135
29387
32275
32563
30226
25451
18620
10283
1113
-8148
-16754
-24006
-29316
-32252
-32574
-30254
-25477
-18630
-10266
-1066
8222
16845
24098
29390
32286
32549
30156
25298
18372
9941
695
-8610
-17213
-24407
-29603
-32371
-32482
-29925
-24908
-17841
-9305
0
9307
17850
24924
29942
32491
32356
29546
24293
17028
8351
-1019
-10308
-18745
-25629
-30386
-32621
-32145
-28995
-23432
-15917
-7073
2362
11603
19879
26497
30903
32728
31816
28241
22301
14491
5464
-4023
-13175
-21224
-27492
-31451
-32766
-31324
-27244
-20868
-12732
-3519
5992
15001
22745
28568
31977
32682
30619
25962
19103
10622
1238
-8253
-17047
-24394
-29668
-32420
-32412
-29643
-24347
-16973
-8148
1373
10781
19269
26112
30723
32705
31886
28334
22351
14449
5304
-4298
-13534
-21608
-27826
-31650
-32749
-31026
-26627
-19930
-11510
-2094
7504
16457
23989
29446
32355
32460
29752
24461
17046
8148
-1459
-10942
-19477
-26318
-30870
-32732
-31742
-27983
-21780
-13674
-4371
5316
14541
22496
28484
31977
32669
30495
25645
18541
9807
209
-9410
-18204
-25397
-30356
-32640
-32046
-28625
-22675
-14721
-5464
4278
13645
21806
28038
31787
32719
30748
26047
19032
10324
695
-8997
-17892
-25196
-30256
-32621
-32077
-28669
-22701
-14703
-5389
4409
13816
21989
28193
31872
32694
30582
25725
18555
9715
0
-9718
-18563
-25739
-30598
-32699
-31850
-28126
-21861
-13619
-4144
5708
15047
23026
28920
32194
32549
29951
24631
17073
7961
-1876
-11547
-20168
-26955
-31287
-32766
-31257
-26894
-20073
-11416
-1713
8148
17267
24807
30076
32589
32113
28690
22632
14492
5018
-4919
-14407
-22570
-28657
-32104
-32591
-30072
-24775
-17189
-8012
1907
11653
20323
27113
31393
32763
31094
26539
19519
10683
852
-9060
-18132
-25519
-30530
-32697
-31816
-27965
-21503
-13031
-3339
6667
16052
23938
29584
32459
32292
29097
23169
15065
5543
-4501
-14125
-22423
-28612
-32108
-32578
-29977
-24546
-16798
-7461
2582
12385
21019
27666
31694
32721
30647
25665
18247
9095
-923
-10856
-19760
-26786
-31264
-32766
-31146
-26556
-19431
-10451
-470
9557
18675
26008
30855
32749
31507
27244
20368
11537
1595
-8501
-17784
-25359
-30497
-32702
-31758
-27754
-21074
-12360
-2451
7696
17103
24860
30215
32648
31922
28105
21563
12929
3039
-7147
-16643
-24525
-30025
-32607
-32016
-28309
-21844
-13249
-3359
6859
16412
24364
29939
32588
32050
28377
21924
13322
3413
-6833
-16412
-24382
-29960
-32596
-32028
-28309
-21804
-13150
-3199
7069
16643
24578
30089
32630
31946
28105
21482
12732
2719
-7565
-17103
-24947
-30318
-32680
-31797
-27754
-20951
-12062
-1970
8320
17784
25478
30633
32732
31565
27244
20200
11134
952
-9326
-18675
-26154
-31014
-32765
-31228
-26556
-19215
-9941
333
10578
19760
26955
31436
32749
30759
25665
17979
8475
-1887
-12062
-21019
-27851
-31864
-32650
-30126
-24546
-16475
-6728
3703
13762
22423
28806
32258
32427
29291
23169
14683
4696
-5772
-15653
-23938
-29777
-32571
-32033
-28214
-21503
-12587
-2378
8077
17706
25519
30711
32748
31416
26850
19519
10175
-219
-10594
-19879
-27113
-31549
-32726
-30520
-25157
-17189
-7439
3083
13289
22119
28657
32222
32441
29289
23092
14492
4381
-6187
-16114
-24364
-30076
-32652
-31820
-27666
-20619
-11416
-1017
9491
19008
26537
31287
32757
30792
25595
17709
7961
-2625
-12939
-21894
-28547
-32194
-32451
-29286
-23032
-14346
-4144
6498
16457
24678
30291
32699
31644
27238
19943
10531
0
-10533
-19951
-27251
-31656
-32694
-30254
-24592
-16309
-6286
4409
14637
23305
29487
32519
32077
28203
21312
12137
1660
-8997
-18692
-26385
-31248
-32757
-30748
-25434
-17383
-7461
3266
13645
22556
29038
32390
32248
28625
21909
12824
2351
-8378
-18204
-26061
-31098
-32765
-30880
-25645
-17625
-7689
3083
13524
22496
29023
32393
32235
28565
21780
12618
2077
-8692
-18516
-26318
-31245
-32755
-30681
-25247
-17046
-6975
3863
14280
23132
29446
32527
32033
28015
20915
11510
836
-9932
-19609
-27125
-31650
-32682
-30103
-24198
-15616
-5304
5596
15880
24407
30232
32705
31550
26894
19250
9465
-1373
-12062
-21411
-28379
-32188
-32412
-29022
-22395
-13267
-2656
8253
18244
26197
31222
32754
30619
25054
16679
6433
-4537
-15001
-23783
-29895
-32648
-31731
-27244
-19690
-9916
976
11762
21224
28293
32170
32415
28997
22301
13080
2378
-8595
-18599
-26497
-31393
-32729
-30352
-24528
-15917
-5494
5554
15974
24578
30386
32734
31352
26395
18425
8351
-2679
-13405
-22602
-29217
-32491
-32046
-27932
-20616
-10936
0
10939
20625
27944
32055
32482
29173
22507
13249
2462
-8610
-18692
-26622
-31481
-32707
-30156
-24119
-15293
-4696
6446
16845
25296
30817
32766
30916
25477
17079
6695
-4468
-15115
-24006
-30106
-32702
-31489
-26606
-18620
-8460
2689
13528
22788
29387
32552
31909
27532
19930
9991
-1120
-12103
-21669
-28693
-32350
-32208
-28280
-21025
-11295
-234
10856
20671
28052
32127
32412
28871
21921
12379
1372
-9799
-19815
-27487
-31906
-32545
-29328
-22632
-13249
-2291
8940
19113
27016
31708
32629
29666
23169
13911
2992
-8285
-18577
-26654
-31549
-32677
-29899
-23544
-14372
-3477
7836
18214
26411
31442
32702
30037
23764
14635
3744
-7598
-18030
-26293
-31393
-32711
-30086
-23833
-14703
-3796
7571
18026
26305
31405
32707
30050
23753
14577
3632
-7754
-18204
-26446
-31479
-32688
-29925
-23522
-14256
-3253
8148
18560
26712
31608
32650
29706
23135
13736
2656
-8751
-19090
-27095
-31785
-32581
-29385
-22585
-13013
-1842
9557
19786
27585
31994
32468
28947
21861
12081
809
-10564
-20637
-28166
-32219
-32293
-28377
-20951
-10932
440
11762
21629
28819
32437
32033
27653
19840
9561
-1907
-13142
-22745
-29519
-32621
-31661
-26755
-18514
-7961
3586
14689
23960
30239
32740
31148
25658
16955
6128
-5469
-16384
-25247
-30944
-32759
-30461
-24336
-15151
-4058
7546
18204
26572
31595
32638
29565
22763
13087
1756
-9798
-20118
-27896
-32148
-32332
-28424
-20915
-10754
771
12203
22088
29171
32552
31797
27001
18769
8148
-3511
-14727
-24069
-30346
-32754
-30984
-25260
-16309
-5272
6439
17331
26008
31359
32696
29845
23169
13521
2137
-9523
-19964
-27843
-32146
-32318
-28334
-20703
-10405
1234
12717
22564
29503
32637
31559
26407
17841
6968
-4807
-15965
-25058
-30909
-32757
-30361
-24028
-14577
-3233
8533
19194
27364
31977
32433
28669
21173
10917
-762
-12345
-22321
-29387
-32619
-31592
-26438
-17828
-6884
4961
16161
25247
31028
32744
30168
23635
13998
2522
-9287
-19879
-27860
-32179
-32265
-28105
-20242
-9711
2101
13640
23382
30040
32733
31103
25362
16267
5018
-6896
-17901
-26537
-31659
-32585
-29190
-21921
-11741
0
11743
21929
29201
32589
31641
26480
17791
6728
-5233
-16499
-25566
-31222
-32709
-29826
-22955
-13013
-1327
10537
20994
28641
32450
31909
27088
18630
7668
-4324
-15739
-25041
-30976
-32744
-30105
-23411
-13561
-1880
10055
20637
28436
32397
31982
27244
18822
7852
-4182
-15653
-25007
-30974
-32743
-30072
-23319
-13400
-1660
10308
20879
28612
32455
31881
26966
18377
7282
-4807
-16245
-25468
-31216
-32702
-29720
-22675
-12528
-664
11292
21705
29147
32596
31576
26225
17274
5950
-6193
-17489
-26383
-31650
-32564
-28995
-21433
-10917
1105
12978
23064
29968
32737
30984
24950
15465
3839
-8320
-19330
-27666
-32170
-32217
-27796
-19519
-8531
3643
15314
24860
30951
32739
29972
23032
12884
938
-11141
-21669
-29176
-32613
-31498
-25982
-16835
-5332
6918
18204
26944
31912
32410
28366
20343
9465
-2743
-14569
-24351
-30713
-32759
-30198
-23387
-13283
-1306
10856
21492
29100
32604
31507
25962
16748
5166
-7147
-18454
-27152
-32008
-32332
-28076
-19840
-8789
3510
15314
24947
31038
32720
29752
22551
12140
0
-12143
-22559
-29762
-32723
-31017
-24884
-15198
-3339
8998
20053
28242
32393
31908
26854
17952
6476
-5930
-17489
-26541
-31785
-32465
-28481
-20402
-9388
2978
14918
24714
30951
32730
29790
22554
12062
-172
-12385
-22811
-29942
-32746
-30813
-24421
-14492
-2462
9926
20879
28806
32556
31581
26021
16679
4912
-7571
-18956
-27585
-32200
-32127
-27374
-18630
-7167
5342
17076
26318
31719
32485
28504
20353
9222
-3259
-15267
-25041
-31147
-32687
-29434
-21861
-11077
1334
13553
23783
30517
32764
30189
23169
12736
423
-11953
-22570
-29860
-32743
-30792
-24293
-14202
-2009
10483
21426
29201
32652
31267
25247
15482
3419
-9153
-20369
-28563
-32514
-31633
-26047
-16586
-4654
7973
19415
27967
32350
31910
26709
17520
5712
-6950
-18577
-27428
-32179
-32116
-27244
-18292
-6597
6088
17864
26962
32015
32263
27666
18910
7310
-5391
-17284
-26579
-31872
-32366
-27983
-19380
-7852
4862
16845
26287
31760
32433
28203
19707
8226
-4501
-16550
-26094
-31684
-32472
-28334
-19895
-8434
4310
16402
26003
31651
32486
28377
19946
8475
-4288
-16402
-26016
-31662
-32478
-28334
-19861
-8351
4437
16550
26133
31717
32445
28203
19638
8060
-4756
-16845
-26351
-31812
-32386
-27983
-19276
-7602
5243
17284
26666
31941
32293
27666
18769
6975
-5898
-17864
-27071
-32095
-32157
-27244
-18113
-6176
6719
18577
27557
32265
31968
26709
17302
5205
-7702
-19415
-28111
-32434
-31710
-26047
-16326
-4058
8843
20369
28719
32588
31368
25247
15179
2736
-10137
-21426
-29364
-32705
-30922
-24293
-13853
-1238
11573
22570
30025
32764
30353
23169
12339
-434
-13142
-23783
-30678
-32739
-29638
-21861
-10632
2276
14829
25041
31296
32604
28754
20353
8727
-4282
-16616
-26318
-31849
-32328
-27676
-18630
-6622
6439
18480
27585
32302
31880
26381
16679
4318
-8734
-20396
-28806
-32620
-31227
-24845
-14492
-1820
11144
22329
29942
32763
30335
23047
12062
-859
-13645
-24243
-30951
-32688
-29173
-20967
-9388
3703
16202
26094
31785
32354
27709
18593
6476
-6688
-18775
-27832
-32393
-31718
-25913
-15915
-3339
9779
21317
29402
32723
30737
23764
12933
0
-12935
-23772
-30745
-32720
-29372
-21243
-9654
3510
16105
26077
31798
32332
27590
18342
6096
-7147
-19226
-28162
-32493
-31507
-25362
-15061
-2291
10856
22227
29953
32765
30198
22670
11416
-1716
-14569
-25028
-31370
-32548
-28366
-19509
-7435
5867
18204
27539
32330
31782
25982
15887
3163
-10086
-21669
-29667
-32753
-30413
-23032
-11831
1334
14281
24860
31312
32563
28403
19519
7387
-5976
-18347
-27666
-32377
-31693
-25725
-15465
-2622
10659
22164
29968
32766
30086
22374
10917
-2369
-15261
-25599
-31650
-32396
-27709
-18372
-5950
7473
19643
28516
32596
31195
24546
13765
664
-12550
-23653
-30771
-32702
-29116
-20616
-8634
4807
17440
27128
32230
31881
26137
15968
3092
-10308
-21966
-29901
-32766
-30072
-22272
-10689
2711
15653
25937
31812
32275
27244
17574
4908
-8595
-20637
-29162
-32712
-30681
-23411
-12140
1206
14349
25041
31451
32480
27948
18630
6117
-7445
-19735
-28641
-32634
-31026
-24089
-13013
301
13567
24501
31222
32570
28309
19172
6728
-6876
-19298
-28393
-32589
-31159
-24347
-13326
0
13328
24354
31166
32585
28360
19220
6748
-6896
-19347
-28443
-32604
-31103
-24198
-13087
301
13640
24608
31294
32533
28105
18778
6176
-7504
-19879
-28786
-32669
-30847
-23635
-12290
1206
14493
25247
31583
32389
27520
17828
5008
-8692
-20870
-29387
-32745
-30352
-22624
-10917
2711
15865
26229
31977
32094
26556
16335
3233
-10442
-22277
-30182
-32757
-29546
-21112
-8944
4807
17712
27483
32390
31559
25136
14256
845
-12717
-24026
-31070
-32598
-28334
-19032
-6345
7473
19964
28903
32697
30666
23169
11540
-2148
-15456
-26008
-31918
-32127
-26596
-16309
-3103
10659
22517
30346
32741
29270
20553
8148
-5719
-18563
-28078
-32552
-31179
-24202
-12874
771
14281
25223
31625
32332
27214
17189
4062
-9798
-21894
-30040
-32762
-29565
-21025
-8682
5233
18204
27882
32514
31257
24336
13002
-691
-14262
-25247
-31650
-32307
-27094
-16955
-3732
10171
22227
30239
32747
29289
20494
7961
-6025
-18915
-28356
-32621
-30929
-23586
-11931
1907
15400
26077
31982
32033
26215
15592
2109
-11762
-23479
-30889
-32629
-28377
-18910
-5966
8077
20637
29402
32756
30080
21861
9613
-4409
-17621
-27585
-32459
-31342
-24435
-13013
816
14497
25499
31785
32188
26631
16140
2656
-11322
-23203
-30782
-32650
-28456
-18976
-5969
8148
20755
29503
32763
29925
21514
9095
-5021
-18204
-27995
-32564
-31058
-23753
-12011
1977
15598
26305
32095
31880
25698
14703
952
-12978
-24480
-31393
-32418
-27360
-17165
-3744
10381
22559
30497
32702
28754
19394
6380
-7836
-20580
-29446
-32762
-29899
-21393
-8847
5370
18577
28275
32630
30814
23169
11138
-3003
-16579
-27016
-32334
-31523
-24733
-13249
751
14612
25700
31906
32048
26096
15179
1372
-12698
-24354
-31371
-32412
-27273
-16932
-3359
10856
23003
30758
32638
28280
18514
5205
-9101
-21669
-30089
-32747
-29131
-19930
-6905
7445
20371
29387
32762
29844
21189
8460
-5898
-19125
-28673
-32702
-30433
-22301
-9868
4468
17946
27963
32585
30916
23274
11134
-3159
-16845
-27275
-32428
-31305
-24119
-12260
1977
15833
26622
32247
31615
24845
13249
-923
-14918
-26016
-32055
-31858
-25461
-14105
0
14107
25468
31864
32046
25975
14832
792
-13405
-24986
-31684
-32188
-26395
-15435
-1452
12817
24578
31525
32292
26727
15917
1981
-12345
-24250
-31393
-32366
-26976
-16280
-2378
11993
24006
31293
32415
27148
16527
2644
-11762
-23850
-31230
-32442
-27244
-16660
-2779
11653
23783
31206
32451
27267
16679
2783
-11667
-23806
-31222
-32441
-27217
-16586
-2656
11803
23919
31277
32412
27094
16378
2398
-12062
-24120
-31370
-32361
-26894
-16056
-2009
12441
24407
31496
32285
26615
15616
1488
-12939
-24777
-31650
-32178
-26251
-15055
-836
13553
25223
31826
32033
25797
14372
52
-14280
-25739
-32015
-31841
-25247
-13561
863
15115
26318
32208
31592
24592
12618
-1908
-16052
-26950
-32393
-31276
-23823
-11540
3083
17085
27622
32556
30880
22932
10324
-4384
-18204
-28323
-32682
-30389
-21909
-8965
5807
19399
29038
32755
29790
20744
7461
-7347
-20658
-29748
-32757
-29067
-19428
-5811
8997
21966
30436
32669
28203
17952
4016
-10746
-23305
-31079
-32468
-27184
-16309
-2077
12583
24657
31656
32135
25992
14491
0
-14493
-25999
-32139
-31644
-24613
-12494
2208
16457
27304
32503
30975
23032
10317
-4537
-18454
-28547
-32719
-30103
-21238
-7961
6971
20458
29694
32757
29007
19220
5431
-9491
-22439
-30713
-32587
-27666
-16973
-2736
12073
24364
31568
32177
26060
14492
-108
-14689
-26197
-32222
-31498
-24174
-11781
3083
17304
27896
32634
30520
21996
8847
-6162
-19879
-29416
-32766
-29219
-19519
-5706
9311
22368
30711
32578
27570
16743
2378
-12491
-24723
-31732
-32033
-25558
-13674
1105
15653
26888
32428
31095
23169
10328
-4707
-18745
-28806
-32750
-29736
-20402
-6728
8378
21705
30414
32650
27932
17262
2911
-12062
-24465
-31651
-32083
-25665
-13765
1077
15692
26955
32455
31012
22932
9941
-5180
-19194
-29098
-32765
-29406
-19738
-5832
9326
22486
30817
32526
27244
16102
1495
-13436
-25478
-32035
-31693
-24521
-12062
2999
17416
28078
32680
30226
21243
7668
-7565
-21167
-30192
-32685
-28105
-17438
-2992
12103
24578
31727
31995
25321
13150
-1876
-16499
-27539
-32596
-30567
-21889
-8448
6833
20630
29936
32722
28377
17845
3419
-11753
-24364
-31659
-32040
-25423
-13249
1823
16499
27568
32607
30508
21729
8189
-7147
-20920
-30108
-32693
-28105
-17347
-2779
12401
24860
31856
31850
24838
12360
-2839
-17416
-28160
-32702
-30037
-20749
-6884
8501
22013
30668
32552
27244
15915
1066
-14020
-26008
-32243
-31342
-23500
-10451
4915
19194
29220
32766
29042
18871
4509
-10856
-23813
-31479
-32147
-25665
-13473
1720
16533
27666
32637
30335
21271
7461
-8015
-21705
-30552
-32578
-27327
-15968
-1038
14125
26133
32294
31228
23169
9920
-5554
-19786
-29584
-32748
-28565
-17970
-3339
12043
24723
31849
31816
24627
11897
-3511
-18132
-28673
-32755
-29458
-19519
-5177
10334
23516
31393
32182
25702
13414
-1907
-16800
-27896
-32682
-30072
-20653
-6555
9029
22570
30997
32395
26445
14492
-751
-15827
-27310
-32589
-30461
-21406
-7481
8148
21926
30713
32507
26894
15151
-48
-15238
-26955
-32522
-30664
-21804
-7961
7702
21608
30575
32549
27076
15403
202
-15047
-26852
-32503
-30703
-21861
-8002
7696
21629
30598
32538
27001
15255
0
-15257
-27007
-32541
-30582
-21579
-7602
8129
21989
30779
32468
26664
14703
-655
-15865
-27411
-32621
-30288
-20948
-6758
8997
22672
31098
32318
26047
13736
-1763
-16855
-28038
-32713
-29790
-19946
-5464
10289
23653
31516
32046
25116
12336
-3319
-18204
-28847
-32766
-29042
-18541
-3711
11987
24889
31977
31593
23823
10480
-5316
-19871
-29777
-32711
-27983
-16697
-1495
14059
26318
32404
30885
22114
8148
-7733
-21801
-30745
-32460
-26539
-14372
1180
16457
27860
32699
29832
19930
5325
-10537
-23916
-31650
-31910
-24631
-11530
4298
19113
29409
32747
28334
17210
2009
-13670
-26112
-32365
-30942
-22178
-8148
7817
21929
30833
32412
26285
13907
-1780
-17047
-28259
-32743
-29429
-19103
-4222
11667
24777
31977
31548
23586
9991
-5992
-20546
-30192
-32619
-27244
-15350
219
15739
27492
32660
30001
20149
5464
-10533
-24006
-31719
-31816
-24270
-10892
5106
19879
29873
32681
27625
15917
373
-15261
-27221
-32621
-30156
-20416
-5748
10308
23879
31684
31836
24293
10875
-5173
-19973
-29942
-32665
-27477
-15633
0
15636
27483
32666
29925
19920
5078
-10999
-24407
-31886
-31615
-23656
-9941
6193
20824
30386
32549
26782
14487
-1341
-16845
-28242
-32749
-29262
-18630
-3445
12583
25539
32252
31078
22301
8064
-8148
-22368
-31111
-32231
-25451
-12429
3643
18824
29387
32737
28047
16465
836
-15001
-27152
-32625
-30072
-20115
-5205
10989
24479
31937
31523
23335
9388
-6876
-21447
-30723
-32412
-26092
-13322
2743
18132
29038
32759
28371
16955
1338
-14612
-26944
-32596
-30164
-20247
-5304
10958
24501
31960
31477
23169
9099
-7236
-21774
-30894
-32323
-25702
-12676
3510
18824
29446
32724
27837
16000
166
-15711
-27666
-32707
-29572
-19041
-3744
12491
25602
32304
30916
21780
7184
-9215
-23305
-31551
-31880
-24205
-10451
5930
20824
30486
32483
26311
13518
-2679
-18204
-29147
-32749
-28098
-16364
-502
15488
27574
32702
29574
18976
3583
-12717
-25806
-32371
-30748
-21345
-6538
9926
23879
31785
31636
23467
9346
-7147
-21830
-30974
-32254
-25342
-11991
4409
19692
29968
32623
26976
14462
-1736
-17495
-28798
-32764
-28377
-16752
-852
15267
27492
32699
29554
18857
3339
-13034
-26077
-32450
-30520
-20777
-5712
10817
24578
32042
31291
22515
7961
-8637
-23021
-31496
-31881
-24075
-10079
6509
21426
30833
32307
25463
12062
-4448
-19815
-30076
-32585
-26689
-13907
2465
18204
29244
32732
27762
15616
-569
-16610
-28356
-32765
-28692
-17189
-1231
15047
27428
32699
29490
18630
2932
-13528
-26478
-32552
-30168
-19943
-4530
12062
25519
32337
30737
21133
6022
-10659
-24565
-32068
-31208
-22206
-7407
9326
23628
31760
31593
23169
8686
-8070
-22719
-31423
-31903
-24028
-9858
6896
21846
31070
32147
24790
10926
-5807
-21019
-30711
-32336
-25461
-11891
4807
20244
30356
32478
26047
12755
-3899
-19528
-30012
-32581
-26556
-13521
3083
18877
29687
32654
26991
14192
-2362
-18294
-29387
-32703
-27360
-14769
1736
17784
29119
32734
27666
15255
-1206
-17349
-28887
-32752
-27913
-15652
771
16993
28695
32761
28105
15962
-434
-16717
-28547
-32765
-28244
-16186
193
16523
28443
32766
28334
16326
-48
-16412
-28387
-32766
-28374
-16382
0
0
0
0
0
0
0
0
0
0
0
0
0
0
0
0
0
0
0
0
0
0
0
0
0
0
0
0
0
0
0
0
0
0
0
0
0
0
0
0
0
0
0
0
0
0
0
0
0
0
0
0
0
0
0
0
0
0
0
0
0
0
0
0
0
0
0
0
0
0
0
0
0
0
0
0
0
0
0
0
0
0
0
0
0
0
0
0
0
0
0
0
0
0
0
0
0
0
0
0
0
0
0
0
0
0
0
0
0
0
0
0
0
0
0
0
0
0
0
0
0
0
0
0
0
0
0
0
0
0
0
0
0
0
0
0
0
0
0
0
0
0
0
0
0
0
0
0
0
0
0
0
0
0
0
0
0
0
0
0
0
0
0
0
0
0
0
0
0
0
0
0
0
0
0
0
0
0
0
0
0
0
0
0
0
0
0
0
0
0
0
0
0
0
0
0
0
0
0
0
0
0
0
0
0
0
0
0
0
0
0
0
0
0
0
0
0
0
0
0
0
0
0
0
0
0
0
0
0
0
0
0
0
0
0
0
0
0
0
0
0
0
0
0
0
0
0
0
0
0
0
0
0
0
0
0
0
0
0
0
0
0
0
0
0
0
0
0
0
0
0
0
0
0
0
0
0
0
0
0
0
0
0
0
0
0
0
0
0
0
0
0
0
0
0
0
0
0
0
0
0
0
0
0
0
0
0
0
0
0
0
0
0
0
0
0
0
0
0
0
0
0
0
0
0
0
0
0
0
0
0
0
0
0
0
0
0
0
0
0
0
0
0
0
0
0
0
0
0
0
0
0
0
0
0
0
0
0
0
0
0
0
0
0
0
0
0
0
0
0
0
0
0
0
0
0
0
0
0
0
0
0
0
0
0
0
0
0
0
0
0
0
0
0
0
0
0
0
0
0
0
0
0
0
0
0
0
0
0
0
0
0
0
0
0
0
0
0
0
0
0
0
0
0
0
0
0
0
0
0
0
0
0
0
0
0
0
0
0
0
0
0
0
0
0
0
0
0
0
0
0
0
0
0
0
0
0
0
0
0
0
0
0
0
0
0
0
0
0
0
0
0
0
0
0
0
0
0
0
0
0
0
0
0
0
0
0
0
0
0
0
0
0
0
0
0
0
0
0
0
0
0
0
0
0
0
0
0
0
0
0
0
0
0
0
0
0
0
0
0
0
0
0
0
0
0
0
0
0
0
0
0
0
0
0
0
0
0
0
0
0
0
0
0
0
0
0
0
0
0
0
0
0
0
0
0
0
0
0
0
0
0
0
0
0
0
0
0
0
0
0
0
0
0
0
0
0
0
0
0
0
0
0
0
0
0
0
0
0
0
0
0
0
0
0
0
0
0
0
0
0
0
0
0
0
0
0
0
0
0
0
0
0
0
0
0
0
0
0
0
0
0
0
0
0
0
0
0
0
0
0
0
0
0
0
0
0
0
0
0
0
0
0
0
0
0
0
0
0
0
0
0
0
0
0
0
0
0
0
0
0
0
0
0
0
0
0
0
0
0
0
0
0
0
0
0
0
0
0
0
0
0
0
0
0
0
0
0
0
0
0
0
0
0
0
0
0
0
0
0
0
0
0
0
0
0
0
0
0
0
0
0
0
0
0
0
0
0
0
0
0
0
0
0
0
0
0
0
0
0
0
0
0
0
0
0
0
0
0
0
0
0
0
0
0
0
0
0
0
0
0
0
0
0
0
0
0
0
0
0
0
0
0
0
0
0
0
0
0
0
0
0
0
0
0
0
0
0
0
0
0
0
0
0
0
0
0
0
0
0
0
0
0
0
0
0
0
0
0
0
0
0
0
0
0
0
0
0
0
0
0
0
0
0
0
0
0
0
0
0
0
0
0
0
0
0
0
0
0
0
0
0
0
0
0
0
0
0
0
0
0
0
0
0
0
0
0
0
0
0
0
0
0
0
0
0
0
0
0
0
0
0
0
0
0
0
0
0
0
0
0
0
0
0
0
0
0
0
0
0
0
0
0
0
0
0
0
0
0
0
0
0
0
0
0
0
0
0
0
0
0
0
0
0
0
0
0
0
0
0
0
0
0
0
0
0
0
0
0
0
0
0
0
0
0
0
0
0
0
0
0
0
0
0
0
0
0
0
0
0
0
0
0
0
0
0
0
0
0
0
0
0
0
0
0
0
0
0
0
0
14043
13615
12361
10365
7761
4722
1447
-1849
-4960
-7694
-9888
-11424
-12230
-12285
-11620
-10312
-8477
-6257
-3813
-1310
1094
3265
5089
6489
7423
7884
7897
7515
6808
5862
4763
3594
2428
1321
315
-568
-1325
-1960
-2490
-2936
-3315
-3642
-3924
-4155
-4322
-4403
-4372
-4200
-3861
-3340
-2629
-1739
-695
461
1674
2877
3997
4959
5697
6155
6292
6090
5553
4708
3602
2304
893
-542
-1915
-3143
-4157
-4902
-5345
-5477
-5308
-4869
-4207
-3381
-2457
-1500
-571
277
1007
1593
2025
2307
2455
2492
2446
2347
2220
2085
1955
1833
1716
1592
1446
1263
1027
730
368
-53
-521
-1012
-1499
-1949
-2332
-2617
-2782
-2813
-2707
-2472
-2126
-1697
-1220
-729
-262
152
492
745
914
1008
1052
1075
1108
1184
1327
1551
1858
2232
2642
3044
3380
3589
3610
3389
2886
2084
989
-362
-1907
-3557
-5199
-6710
-7961
-8832
-9217
-9040
-8262
-6886
-4958
-2573
137
3005
5844
8457
10654
12265
13157
13241
12482
10906
8597
5692
2375
-1137
-4614
-7819
-10536
-12581
-13814
-14155
-13585
-12150
-9955
-7158
-3960
-584
2736
5778
8340
10263
11435
11802
11370
10202
8410
6149
3598
954
-1592
-3864
-5715
-7037
-7766
-7887
-7430
-6468
-5106
-3475
-1716
28
1627
2969
3969
4575
4771
4571
4021
3189
2159
1027
-113
-1175
-2084
-2784
-3238
-3430
-3366
-3070
-2577
-1934
-1194
-408
371
1104
1752
2288
2695
2962
3087
3070
2919
2643
2254
1764
1189
547
-141
-853
-1560
-2231
-2833
-3331
-3692
-3885
-3888
-3686
-3276
-2670
-1890
-977
19
1041
2021
2895
3602
4091
4326
4286
3976
3415
2649
1734
743
-246
-1158
-1920
-2476
-2787
-2836
-2631
-2203
-1604
-902
-177
490
1024
1362
1460
1298
883
251
-537
-1405
-2258
-2999
-3535
-3787
-3696
-3236
-2409
-1254
157
1728
3339
4858
6157
7114
7631
7641
7111
6054
4520
2601
421
-1873
-4122
-6166
-7859
-9075
-9726
-9762
-9178
-8014
-6353
-4310
-2028
334
2621
4681
6385
7636
8371
8567
8242
7450
6274
4820
3208
1557
-18
-1424
-2585
-3458
-4023
-4293
-4300
-4097
-3746
-3313
-2858
-2432
-2070
-1785
-1575
-1420
-1284
-1126
-904
-579
-126
464
1182
1996
2854
3692
4433
4998
5316
5327
4993
4302
3272
1953
421
-1222
-2861
-4372
-5635
-6543
-7014
-6996
-6478
-5484
-4080
-2365
-468
1466
3288
4852
6032
6732
6891
6495
5574
4200
2485
568
-1391
-3232
-4800
-5963
-6620
-6714
-6233
-5213
-3733
-1915
94
2131
4026
5623
6788
7423
7471
6925
5825
4255
2338
223
-1923
-3935
-5656
-6955
-7737
-7945
-7573
-6657
-5278
-3550
-1614
377
2271
3925
5222
6075
6439
6309
5721
4748
3491
2073
625
-727
-1870
-2716
-3206
-3319
-3069
-2507
-1711
-782
168
1028
1695
2086
2147
1858
1234
325
-784
-1992
-3175
-4210
-4979
-5384
-5353
-4851
-3883
-2493
-767
1179
3204
5154
6873
8216
9062
9325
8960
7966
6392
4332
1916
-693
-3320
-5782
-7905
-9540
-10570
-10922
-10570
-9540
-7905
-5782
-3320
-693
1916
4332
6392
7966
8960
9325
9062
8216
6873
5154
3204
1179
-767
-2493
-3883
-4851
-5353
-5384
-4979
-4210
-3175
-1992
-784
325
1234
1858
2147
2086
1695
1028
168
-782
-1711
-2507
-3069
-3319
-3206
-2716
-1870
-727
625
2073
3491
4748
5721
6309
6439
6075
5222
3925
2271
377
-1614
-3550
-5278
-6657
-7573
-7945
-7737
-6955
-5656
-3935
-1923
223
2338
4255
5825
6925
7471
7423
6788
5623
4026
2131
94
-1915
-3733
-5213
-6233
-6714
-6620
-5963
-4800
-3232
-1391
568
2485
4200
5574
6495
6891
6732
6032
4852
3288
1466
-468
-2365
-4080
-5484
-6478
-6996
-7014
-6543
-5635
-4372
-2861
-1222
421
1953
3272
4302
4993
5327
5316
4998
4433
3692
2854
1996
1182
464
-126
-579
-904
-1126
-1284
-1420
-1575
-1785
-2070
-2432
-2858
-3313
-3746
-4097
-4300
-4293
-4023
-3458
-2585
-1424
-18
1557
3208
4820
6274
7450
8242
8567
8371
7636
6385
4681
2621
334
-2028
-4310
-6353
-8014
-9178
-9762
-9726
-9075
-7859
-6166
-4122
-1873
421
2601
4520
6054
7111
7641
7631
7114
6157
4858
3339
1728
157
-1254
-2409
-3236
-3696
-3787
-3535
-2999
-2258
-1405
-537
251
883
1298
1460
1362
1024
490
-177
-902
-1604
-2203
-2631
-2836
-2787
-2476
-1920
-1158
-246
743
1734
2649
3415
3976
4286
4326
4091
3602
2895
2021
1041
19
-977
-1890
-2670
-3276
-3686
-3888
-3885
-3692
-3331
-2833
-2231
-1560
-853
-141
547
1189
1764
2254
2643
2919
3070
3087
2962
2695
2288
1752
1104
371
-408
-1194
-1934
-2577
-3070
-3366
-3430
-3238
-2784
-2084
-1175
-113
1027
2159
3189
4021
4571
4771
4575
3969
2969
1627
28
-1716
-3475
-5106
-6468
-7430
-7887
-7766
-7037
-5715
-3864
-1592
954
3598
6149
8410
10202
11370
11802
11435
10263
8340
5778
2736
-584
-3960
-7158
-9955
-12150
-13585
-14155
-13814
-12581
-10536
-7819
-4614
-1137
2375
5692
8597
10906
12482
13241
13157
12265
10654
8457
5844
3005
137
-2573
-4958
-6886
-8262
-9040
-9217
-8832
-7961
-6710
-5199
-3557
-1907
-362
989
2084
2886
3389
3610
3589
3380
3044
2642
2232
1858
1551
1327
1184
1108
1075
1052
1008
914
745
492
152
-262
-729
-1220
-1697
-2126
-2472
-2707
-2813
-2782
-2617
-2332
-1949
-1499
-1012
-521
-53
368
730
1027
1263
1446
1592
1716
1833
1955
2085
2220
2347
2446
2492
2455
2307
2025
1593
1007
277
-571
-1500
-2457
-3381
-4207
-4869
-5308
-5477
-5345
-4902
-4157
-3143
-1915
-542
893
2304
3602
4708
5553
6090
6292
6155
5697
4959
3997
2877
1674
461
-695
-1739
-2629
-3340
-3861
-4200
-4372
-4403
-4322
-4155
-3924
-3642
-3315
-2936
-2490
-1960
-1325
-568
315
1321
2428
3594
4763
5862
6808
7515
7897
7884
7423
6489
5089
3265
1094
-1310
-3813
-6257
-8477
-10312
-11620
-12285
-12230
-11424
-9888
-7694
-4960
-1849
1447
4722
7761
10365
12361
13615
0
0
0
0
0
0
0
0
0
0
0
0
0
0
0
0
0
0
0
0
0
0
0
0
0
0
0
0
0
0
0
0
0
0
0
0
0
0
0
0
0
0
0
0
0
0
0
0
0
0
0
0
0
0
0
0
0
0
0
0
0
0
0
0
0
0
0
-1560
-1625
-1808
-2076
-2374
-2637
-2794
-2777
-2530
-2017
-1226
-172
1094
2501
3948
5322
6501
7368
7819
7778
7198
6075
4446
2392
32
-2483
-4982
-7285
-9215
-10615
-11361
-11370
-10612
-9111
-6945
-4247
-1190
2021
5165
8020
10380
12070
12963
12985
12125
10437
8033
5080
1783
-1625
-4905
-7825
-10181
-11812
-12607
-12521
-11572
-9840
-7463
-4625
-1539
1567
4467
6957
8868
10077
10519
10190
9144
7487
5369
2973
494
-1872
-3949
-5588
-6683
-7177
-7065
-6393
-5252
-3768
-2093
-385
1198
2520
3473
3987
4037
3642
2862
1794
561
-701
-1858
-2783
-3375
-3566
-3328
-2674
-1657
-369
1072
2533
3872
4958
5676
5944
5717
4992
3808
2245
417
-1539
-3473
-5233
-6680
-7697
-8201
-8147
-7533
-6400
-4825
-2920
-819
1330
3383
5203
6672
7704
8245
8278
7823
6929
5678
4166
2502
797
-844
-2333
-3598
-4591
-5288
-5686
-5805
-5676
-5343
-4853
-4250
-3576
-2861
-2128
-1388
-643
107
870
1645
2431
3215
3976
4681
5288
5750
6017
6043
5791
5237
4375
3222
1816
219
-1486
-3206
-4836
-6269
-7407
-8167
-8487
-8333
-7704
-6628
-5167
-3408
-1460
555
2511
4287
5774
6888
7569
7791
7558
6907
5901
4623
3174
1656
173
-1184
-2341
-3244
-3863
-4192
-4250
-4072
-3708
-3219
-2663
-2096
-1567
-1108
-740
-465
-275
-147
-55
32
144
303
522
801
1132
1492
1852
2175
2427
2573
2589
2461
2187
1781
1270
689
86
-493
-1001
-1400
-1660
-1769
-1730
-1560
-1293
-975
-655
-385
-212
-171
-281
-542
-935
-1420
-1941
-2427
-2806
-3004
-2959
-2626
-1983
-1037
174
1588
3111
4632
6027
7173
7953
8272
8063
7295
5981
4173
1966
-510
-3100
-5630
-7925
-9820
-11171
-11871
-11854
-11104
-9656
-7592
-5042
-2166
850
3813
6532
8836
10583
11671
12045
11699
10676
9062
6981
4583
2031
-507
-2876
-4939
-6589
-7753
-8396
-8522
-8168
-7401
-6310
-4995
-3562
-2113
-737
494
1529
2339
2916
3271
3431
3432
3315
3120
2883
2632
2385
2147
1919
1689
1445
1172
858
496
85
-363
-836
-1308
-1752
-2136
-2434
-2622
-2684
-2614
-2417
-2109
-1713
-1261
-790
-333
76
413
662
818
885
882
831
762
706
690
735
853
1043
1292
1575
1858
2099
2256
2286
2159
1854
1365
707
-89
-977
-1894
-2771
-3535
-4117
-4460
-4522
-4283
-3746
-2939
-1915
-746
481
1674
2739
3593
4169
4421
4333
3916
3210
2282
1217
112
-931
-1817
-2466
-2819
-2846
-2549
-1960
-1141
-177
828
1768
2537
3045
3222
3029
2464
1557
375
-986
-2410
-3767
-4928
-5773
-6207
-6164
-5616
-4578
-3105
-1293
731
2822
4818
6565
7921
8770
9035
8681
7719
6205
4241
1958
-483
-2913
-5162
-7072
-8513
-9388
-9641
-9263
-8289
-6795
-4893
-2721
-431
1819
3883
5628
6952
7784
8090
7873
7173
6057
4619
2968
1221
-507
-2110
-3495
-4591
-5350
-5747
-5781
-5473
-4864
-4004
-2958
-1792
-576
624
1749
2744
3565
4176
4553
4681
4553
4176
3565
2744
1749
624
-576
-1792
-2958
-4004
-4864
-5473
-5781
-5747
-5350
-4591
-3495
-2110
-507
1221
2968
4619
6057
7173
7873
8090
7784
6952
5628
3883
1819
-431
-2721
-4893
-6795
-8289
-9263
-9641
-9388
-8513
-7072
-5162
-2913
-483
1958
4241
6205
7719
8681
9035
8770
7921
6565
4818
2822
731
-1293
-3105
-4578
-5616
-6164
-6207
-5773
-4928
-3767
-2410
-986
375
1557
2464
3029
3222
3045
2537
1768
828
-177
-1141
-1960
-2549
-2846
-2819
-2466
-1817
-931
112
1217
2282
3210
3916
4333
4421
4169
3593
2739
1674
481
-746
-1915
-2939
-3746
-4283
-4522
-4460
-4117
-3535
-2771
-1894
-977
-89
707
1365
1854
2159
2286
2256
2099
1858
1575
1292
1043
853
735
690
706
762
831
882
885
818
662
413
76
-333
-790
-1261
-1713
-2109
-2417
-2614
-2684
-2622
-2434
-2136
-1752
-1308
-836
-363
85
496
858
1172
1445
1689
1919
2147
2385
2632
2883
3120
3315
3432
3431
3271
2916
2339
1529
494
-737
-2113
-3562
-4995
-6310
-7401
-8168
-8522
-8396
-7753
-6589
-4939
-2876
-507
2031
4583
6981
9062
10676
11699
12045
11671
10583
8836
6532
3813
850
-2166
-5042
-7592
-9656
-11104
-11854
-11871
-11171
-9820
-7925
-5630
-3100
-510
1966
4173
5981
7295
8063
8272
7953
7173
6027
4632
3111
1588
174
-1037
-1983
-2626
-2959
-3004
-2806
-2427
-1941
-1420
-935
-542
-281
-171
-212
-385
-655
-975
-1293
-1560
-1730
-1769
-1660
-1400
-1001
-493
86
689
1270
1781
2187
2461
2589
2573
2427
2175
1852
1492
1132
801
522
303
144
32
-55
-147
-275
-465
-740
-1108
-1567
-2096
-2663
-3219
-3708
-4072
-4250
-4192
-3863
-3244
-2341
-1184
173
1656
3174
4623
5901
6907
7558
7791
7569
6888
5774
4287
2511
555
-1460
-3408
-5167
-6628
-7704
-8333
-8487
-8167
-7407
-6269
-4836
-3206
-1486
219
1816
3222
4375
5237
5791
6043
6017
5750
5288
4681
3976
3215
2431
1645
870
107
-643
-1388
-2128
-2861
-3576
-4250
-4853
-5343
-5676
-5805
-5686
-5288
-4591
-3598
-2333
-844
797
2502
4166
5678
6929
7823
8278
8245
7704
6672
5203
3383
1330
-819
-2920
-4825
-6400
-7533
-8147
-8201
-7697
-6680
-5233
-3473
-1539
417
2245
3808
4992
5717
5944
5676
4958
3872
2533
1072
-369
-1657
-2674
-3328
-3566
-3375
-2783
-1858
-701
561
1794
2862
3642
4037
3987
3473
2520
1198
-385
-2093
-3768
-5252
-6393
-7065
-7177
-6683
-5588
-3949
-1872
494
2973
5369
7487
9144
10190
10519
10077
8868
6957
4467
1567
-1539
-4625
-7463
-9840
-11572
-12521
-12607
-11812
-10181
-7825
-4905
-1625
1783
5080
8033
10437
12125
12985
12963
12070
10380
8020
5165
2021
-1190
-4247
-6945
-9111
-10612
-11370
-11361
-10615
-9215
-7285
-4982
-2483
32
2392
4446
6075
7198
7778
7819
7368
6501
5322
3948
2501
1094
-172
-1226
-2017
-2530
-2777
-2794
-2637
-2374
-2076
-1808
-1625
0
0
0
0
0
0
0
0
0
0
0
0
0
0
0
0
0
0
0
0
0
0
0
0
0
0
0
0
0
0
0
0
0
0
0
0
0
0
0
0
0
0
0
0
0
0
0
0
0
0
0
0
0
0
0
0
0
0
0
0
0
0
0
0
0
0
0
7801
7546
6800
5614
4071
2277
357
-1558
-3342
-4873
-6055
-6814
-7110
-6933
-6310
-5297
-3977
-2450
-831
764
2228
3463
4394
4972
5175
5012
4518
3752
2790
1719
631
-388
-1262
-1932
-2362
-2535
-2461
-2172
-1716
-1155
-557
7
477
802
949
903
672
282
-223
-786
-1342
-1827
-2179
-2348
-2301
-2022
-1519
-820
29
966
1917
2806
3558
4107
4400
4405
4110
3527
2690
1651
481
-742
-1936
-3021
-3926
-4592
-4981
-5074
-4872
-4398
-3691
-2806
-1803
-750
289
1257
2107
2803
3324
3664
3828
3831
3696
3448
3114
2715
2270
1789
1279
740
169
-436
-1074
-1741
-2421
-3091
-3719
-4264
-4681
-4922
-4941
-4704
-4187
-3385
-2313
-1010
462
2024
3578
5020
6241
7141
7636
7666
7199
6240
4832
3050
1004
-1171
-3327
-5309
-6969
-8179
-8840
-8891
-8316
-7147
-5459
-3370
-1030
1389
3708
5752
7365
8424
8847
8602
7706
6231
4290
2035
-357
-2702
-4816
-6537
-7734
-8316
-8245
-7532
-6241
-4479
-2391
-145
2081
4114
5799
7012
7667
7728
7204
6153
4671
2887
950
-984
-2767
-4267
-5382
-6046
-6232
-5955
-5268
-4254
-3019
-1682
-362
833
1814
2519
2915
3006
2822
2422
1883
1289
728
277
-5
-84
49
375
848
1399
1949
2410
2701
2753
2518
1976
1138
45
-1232
-2601
-3951
-5168
-6139
-6768
-6981
-6733
-6016
-4858
-3322
-1503
482
2501
4418
6102
7440
8344
8758
8659
8062
7017
5600
3911
2063
175
-1642
-3287
-4681
-5764
-6508
-6906
-6974
-6750
-6282
-5625
-4834
-3959
-3042
-2112
-1187
-273
631
1533
2436
3341
4238
5106
5910
6603
7130
7429
7442
7118
6419
5332
3870
2073
13
-2209
-4473
-6639
-8566
-10114
-11160
-11610
-11403
-10521
-8993
-6893
-4337
-1478
1506
4426
7093
9331
10992
11970
12202
11680
10447
8597
6265
3618
844
-1866
-4332
-6391
-7921
-8838
-9108
-8747
-7817
-6418
-4685
-2769
-829
982
2532
3715
4461
4740
4563
3980
3071
1942
713
-492
-1560
-2391
-2911
-3077
-2878
-2337
-1506
-463
698
1875
2963
3867
4509
4831
4800
4415
3697
2694
1474
118
-1282
-2639
-3866
-4888
-5646
-6100
-6228
-6031
-5524
-4743
-3734
-2553
-1262
75
1396
2643
3765
4716
5462
5976
6241
6249
6001
5507
4786
3864
2775
1561
269
-1049
-2338
-3542
-4605
-5479
-6119
-6492
-6576
-6363
-5862
-5094
-4097
-2919
-1620
-265
1078
2345
3475
4418
5135
5604
5814
5770
5490
5003
4345
3557
2680
1755
816
-106
-989
-1815
-2571
-3250
-3842
-4340
-4733
-5006
-5143
-5122
-4923
-4528
-3923
-3104
-2079
-870
482
1922
3377
4765
5994
6974
7620
7862
7650
6965
5816
4249
2344
210
-2018
-4193
-6158
-7768
-8894
-9437
-9338
-8583
-7209
-5298
-2980
-418
2201
4682
6833
8482
9497
9787
9322
8126
6286
3939
1267
-1521
-4204
-6564
-8407
-9579
-9978
-9564
-8363
-6465
-4018
-1218
1710
4529
7006
8935
10156
10561
10112
8840
6842
4276
1348
-1705
-4637
-7210
-9214
-10486
-10922
-10486
-9214
-7210
-4637
-1705
1348
4276
6842
8840
10112
10561
10156
8935
7006
4529
1710
-1218
-4018
-6465
-8363
-9564
-9978
-9579
-8407
-6564
-4204
-1521
1267
3939
6286
8126
9322
9787
9497
8482
6833
4682
2201
-418
-2980
-5298
-7209
-8583
-9338
-9437
-8894
-7768
-6158
-4193
-2018
210
2344
4249
5816
6965
7650
7862
7620
6974
5994
4765
3377
1922
482
-870
-2079
-3104
-3923
-4528
-4923
-5122
-5143
-5006
-4733
-4340
-3842
-3250
-2571
-1815
-989
-106
816
1755
2680
3557
4345
5003
5490
5770
5814
5604
5135
4418
3475
2345
1078
-265
-1620
-2919
-4097
-5094
-5862
-6363
-6576
-6492
-6119
-5479
-4605
-3542
-2338
-1049
269
1561
2775
3864
4786
5507
6001
6249
6241
5976
5462
4716
3765
2643
1396
75
-1262
-2553
-3734
-4743
-5524
-6031
-6228
-6100
-5646
-4888
-3866
-2639
-1282
118
1474
2694
3697
4415
4800
4831
4509
3867
2963
1875
698
-463
-1506
-2337
-2878
-3077
-2911
-2391
-1560
-492
713
1942
3071
3980
4563
4740
4461
3715
2532
982
-829
-2769
-4685
-6418
-7817
-8747
-9108
-8838
-7921
-6391
-4332
-1866
844
3618
6265
8597
10447
11680
12202
11970
10992
9331
7093
4426
1506
-1478
-4337
-6893
-8993
-10521
-11403
-11610
-11160
-10114
-8566
-6639
-4473
-2209
13
2073
3870
5332
6419
7118
7442
7429
7130
6603
5910
5106
4238
3341
2436
1533
631
-273
-1187
-2112
-3042
-3959
-4834
-5625
-6282
-6750
-6974
-6906
-6508
-5764
-4681
-3287
-1642
175
2063
3911
5600
7017
8062
8659
8758
8344
7440
6102
4418
2501
482
-1503
-3322
-4858
-6016
-6733
-6981
-6768
-6139
-5168
-3951
-2601
-1232
45
1138
1976
2518
2753
2701
2410
1949
1399
848
375
49
-84
-5
277
728
1289
1883
2422
2822
3006
2915
2519
1814
833
-362
-1682
-3019
-4254
-5268
-5955
-6232
-6046
-5382
-4267
-2767
-984
950
2887
4671
6153
7204
7728
7667
7012
5799
4114
2081
-145
-2391
-4479
-6241
-7532
-8245
-8316
-7734
-6537
-4816
-2702
-357
2035
4290
6231
7706
8602
8847
8424
7365
5752
3708
1389
-1030
-3370
-5459
-7147
-8316
-8891
-8840
-8179
-6969
-5309
-3327
-1171
1004
3050
4832
6240
7199
7666
7636
7141
6241
5020
3578
2024
462
-1010
-2313
-3385
-4187
-4704
-4941
-4922
-4681
-4264
-3719
-3091
-2421
-1741
-1074
-436
169
740
1279
1789
2270
2715
3114
3448
3696
3831
3828
3664
3324
2803
2107
1257
289
-750
-1803
-2806
-3691
-4398
-4872
-5074
-4981
-4592
-3926
-3021
-1936
-742
481
1651
2690
3527
4110
4405
4400
4107
3558
2806
1917
966
29
-820
-1519
-2022
-2301
-2348
-2179
-1827
-1342
-786
-223
282
672
903
949
802
477
7
-557
-1155
-1716
-2172
-2461
-2535
-2362
-1932
-1262
-388
631
1719
2790
3752
4518
5012
5175
4972
4394
3463
2228
764
-831
-2450
-3977
-5297
-6310
-6933
-7110
-6814
-6055
-4873
-3342
-1558
357
2277
4071
5614
6800
7546
0
0
0
0
0
0
0
0
0
0
0
0
0
0
0
0
0
0
0
0
0
0
0
0
0
0
0
0
0
0
0
0
0
0
0
0
0
0
0
0
0
0
0
0
0
0
0
0
0
0
0
0
0
0
0
0
0
0
0
0
0
0
0
0
0
0
0
7801
7607
7035
6115
4893
3433
1810
106
-1592
-3200
-4637
-5833
-6731
-7288
-7481
-7305
-6775
-5920
-4790
-3443
-1951
-390
1161
2627
3938
5031
5858
6383
6589
6473
6049
5345
4406
3283
2038
736
-554
-1773
-2860
-3767
-4457
-4905
-5101
-5047
-4761
-4269
-3610
-2827
-1969
-1084
-220
583
1291
1880
2333
2646
2823
2877
2825
2690
2495
2264
2014
1762
1514
1274
1039
798
543
259
-62
-430
-844
-1300
-1783
-2273
-2739
-3149
-3468
-3659
-3691
-3542
-3197
-2655
-1932
-1053
-61
990
2042
3029
3887
4558
4992
5158
5038
4634
3971
3087
2039
895
-271
-1386
-2379
-3191
-3776
-4110
-4184
-4011
-3624
-3068
-2400
-1683
-978
-341
184
567
797
880
837
707
535
372
268
265
392
663
1072
1593
2184
2786
3331
3748
3970
3941
3621
2994
2069
882
-504
-2006
-3521
-4939
-6150
-7053
-7561
-7618
-7195
-6298
-4970
-3286
-1351
710
2763
4667
6294
7533
8300
8547
8263
7473
6241
4661
2849
937
-941
-2658
-4105
-5196
-5877
-6127
-5961
-5424
-4591
-3551
-2408
-1264
-215
660
1306
1693
1819
1708
1409
987
518
79
-260
-441
-428
-206
213
798
1489
2219
2906
3471
3842
3960
3788
3312
2546
1529
323
-990
-2322
-3575
-4659
-5492
-6013
-6184
-5990
-5445
-4586
-3474
-2182
-796
596
1912
3077
4034
4742
5180
5348
5261
4949
4453
3818
3089
2307
1508
720
-40
-763
-1443
-2080
-2674
-3222
-3714
-4137
-4468
-4681
-4744
-4626
-4303
-3756
-2980
-1987
-806
511
1901
3283
4568
5663
6483
6953
7020
6655
5860
4670
3150
1392
-487
-2361
-4096
-5568
-6665
-7305
-7438
-7051
-6171
-4865
-3231
-1393
507
2326
3925
5185
6014
6357
6198
5561
4509
3139
1571
-62
-1626
-2994
-4062
-4751
-5020
-4865
-4317
-3441
-2328
-1086
170
1333
2307
3018
3422
3508
3294
2829
2182
1437
684
5
-528
-870
-999
-923
-675
-316
81
433
660
695
491
32
-668
-1560
-2565
-3578
-4482
-5153
-5478
-5366
-4757
-3635
-2031
-24
2262
4666
7001
9067
10672
11646
11858
11229
9742
7449
4467
974
-2801
-6599
-10142
-13164
-15423
-16727
-16949
-16037
-14022
-11015
-7205
-2841
1781
6347
10538
14062
16672
18188
18506
17609
15567
12532
8725
4418
-82
-4465
-8430
-11717
-14118
-15498
-15798
-15038
-13316
-10796
-7692
-4254
-744
2584
5501
7822
9415
10212
10211
9470
8101
6260
4129
1901
-235
-2113
-3597
-4594
-5061
-5000
-4461
-3532
-2330
-989
352
1562
2530
3170
3432
3302
2803
1988
940
-240
-1447
-2571
-3515
-4197
-4562
-4581
-4253
-3607
-2693
-1581
-356
895
2085
3136
3982
4574
4885
4906
4650
4145
3432
2565
1600
595
-392
-1315
-2129
-2802
-3313
-3650
-3807
-3792
-3614
-3290
-2842
-2292
-1667
-992
-296
393
1049
1644
2153
2554
2828
2961
2947
2785
2484
2058
1532
935
305
-320
-902
-1402
-1790
-2039
-2136
-2076
-1866
-1525
-1083
-576
-45
464
913
1262
1484
1560
1484
1262
913
464
-45
-576
-1083
-1525
-1866
-2076
-2136
-2039
-1790
-1402
-902
-320
305
935
1532
2058
2484
2785
2947
2961
2828
2554
2153
1644
1049
393
-296
-992
-1667
-2292
-2842
-3290
-3614
-3792
-3807
-3650
-3313
-2802
-2129
-1315
-392
595
1600
2565
3432
4145
4650
4906
4885
4574
3982
3136
2085
895
-356
-1581
-2693
-3607
-4253
-4581
-4562
-4197
-3515
-2571
-1447
-240
940
1988
2803
3302
3432
3170
2530
1562
352
-989
-2330
-3532
-4461
-5000
-5061
-4594
-3597
-2113
-235
1901
4129
6260
8101
9470
10211
10212
9415
7822
5501
2584
-744
-4254
-7692
-10796
-13316
-15038
-15798
-15498
-14118
-11717
-8430
-4465
-82
4418
8725
12532
15567
17609
18506
18188
16672
14062
10538
6347
1781
-2841
-7205
-11015
-14022
-16037
-16949
-16727
-15423
-13164
-10142
-6599
-2801
974
4467
7449
9742
11229
11858
11646
10672
9067
7001
4666
2262
-24
-2031
-3635
-4757
-5366
-5478
-5153
-4482
-3578
-2565
-1560
-668
32
491
695
660
433
81
-316
-675
-923
-999
-870
-528
5
684
1437
2182
2829
3294
3508
3422
3018
2307
1333
170
-1086
-2328
-3441
-4317
-4865
-5020
-4751
-4062
-2994
-1626
-62
1571
3139
4509
5561
6198
6357
6014
5185
3925
2326
507
-1393
-3231
-4865
-6171
-7051
-7438
-7305
-6665
-5568
-4096
-2361
-487
1392
3150
4670
5860
6655
7020
6953
6483
5663
4568
3283
1901
511
-806
-1987
-2980
-3756
-4303
-4626
-4744
-4681
-4468
-4137
-3714
-3222
-2674
-2080
-1443
-763
-40
720
1508
2307
3089
3818
4453
4949
5261
5348
5180
4742
4034
3077
1912
596
-796
-2182
-3474
-4586
-5445
-5990
-6184
-6013
-5492
-4659
-3575
-2322
-990
323
1529
2546
3312
3788
3960
3842
3471
2906
2219
1489
798
213
-206
-428
-441
-260
79
518
987
1409
1708
1819
1693
1306
660
-215
-1264
-2408
-3551
-4591
-5424
-5961
-6127
-5877
-5196
-4105
-2658
-941
937
2849
4661
6241
7473
8263
8547
8300
7533
6294
4667
2763
710
-1351
-3286
-4970
-6298
-7195
-7618
-7561
-7053
-6150
-4939
-3521
-2006
-504
882
2069
2994
3621
3941
3970
3748
3331
2786
2184
1593
1072
663
392
265
268
372
535
707
837
880
797
567
184
-341
-978
-1683
-2400
-3068
-3624
-4011
-4184
-4110
-3776
-3191
-2379
-1386
-271
895
2039
3087
3971
4634
5038
5158
4992
4558
3887
3029
2042
990
-61
-1053
-1932
-2655
-3197
-3542
-3691
-3659
-3468
-3149
-2739
-2273
-1783
-1300
-844
-430
-62
259
543
798
1039
1274
1514
1762
2014
2264
2495
2690
2825
2877
2823
2646
2333
1880
1291
583
-220
-1084
-1969
-2827
-3610
-4269
-4761
-5047
-5101
-4905
-4457
-3767
-2860
-1773
-554
736
2038
3283
4406
5345
6049
6473
6589
6383
5858
5031
3938
2627
1161
-390
-1951
-3443
-4790
-5920
-6775
-7305
-7481
-7288
-6731
-5833
-4637
-3200
-1592
106
1810
3433
4893
6115
7035
7607
0
0
0
0
0
0
0
0
0
0
0
0
0
0
0
0
0
0
0
0
0
0
0
0
0
0
0
0
0
0
0
0
0
0
0
0
0
0
0
0
0
0
0
0
0
0
0
0
0
0
0
0
0
0
0
0
0
0
0
0
0
0
0
0
0
0
0
