0
4278
8485
12550
16402
19973
23203
26035
28419
30314
31684
32507
32766
32456
31581
30156
28203
25758
22860
19561
15917
11991
7852
3573
-771
-5106
-9352
-13436
-17284
-20829
-24006
-26759
-29038
-30801
-32015
-32660
-32720
-32196
-31094
-29434
-27244
-24563
-21439
-17925
-14087
-9991
-5712
-1327
3083
7441
11667
15683
19415
22796
25762
28259
30239
31667
32514
32764
32412
31462
29931
27847
25247
22178
18696
14865
10755
6443
2009
-2465
-6896
-11201
-15299
-19113
-22570
-25606
-28162
-30190
-31650
-32514
-32764
-32394
-31411
-29832
-27686
-25012
-21861
-18292
-14372
-10175
-5781
-1274
3259
7733
12062
16161
19951
23359
26318
28771
30668
31973
32659
32711
32127
30919
29107
26727
23823
20452
16679
12577
8226
3711
-879
-5455
-9926
-14204
-18204
-21846
-25058
-27775
-29942
-31516
-32464
-32766
-32415
-31417
-29790
-27567
-24790
-21514
-17805
-13736
-9388
-4849
-209
4437
8997
13377
17489
21248
24578
27411
29687
31359
32393
32765
32468
31507
29899
27676
24884
21579
17828
13707
9301
4700
0
-4703
-9311
-13729
-17864
-21629
-24947
-27746
-29968
-31566
-32503
-32761
-32332
-31225
-29460
-27076
-24119
-20653
-16748
-12488
-7961
-3263
1506
6246
10856
15238
19298
22949
26112
28719
30713
32051
32702
32651
31900
30461
28366
25658
22395
18646
14492
10022
5332
524
-4298
-9029
-13567
-17811
-21669
-25055
-27896
-30127
-31699
-32577
-32739
-32182
-30916
-28967
-26379
-23206
-19519
-15397
-10932
-6222
-1372
3511
8320
12945
17284
21240
24723
27655
29968
31611
32545
32748
32214
30954
28995
26381
23169
19431
15252
10724
5950
1038
-3899
-8751
-13405
-17757
-21705
-25159
-28038
-30277
-31822
-32637
-32702
-32014
-30588
-28456
-25665
-22280
-18377
-14047
-9388
-4509
477
5455
10308
14924
19194
23018
26305
28979
30974
32243
32756
32498
31476
29711
27244
24133
20449
16280
11722
6884
1880
-3170
-8148
-12935
-17416
-21484
-25041
-28000
-30291
-31856
-32659
-32677
-31909
-30373
-28105
-25157
-21600
-17520
-13013
-8189
-3163
1941
7001
11893
16499
20705
24407
27516
29953
31659
32589
32721
32049
30590
28377
25463
21921
17836
13307
8448
3377
-1780
-6896
-11843
-16499
-20746
-24479
-27603
-30040
-31727
-32621
-32699
-31957
-30413
-28105
-25088
-21439
-17247
-12618
-7668
-2522
2689
7836
12787
17416
21605
25247
28248
30530
32035
32723
32574
31592
29801
27244
23987
20112
15718
10917
5832
595
-4660
-9798
-14685
-19194
-23208
-26622
-29345
-31307
-32455
-32757
-32206
-30813
-28614
-25665
-22043
-17841
-13169
-8148
-2911
2405
7661
12717
17440
21705
25397
28419
30689
32146
32750
32483
31352
29385
26633
23169
19084
14487
9500
4255
-1105
-6439
-11603
-16457
-20870
-24723
-27911
-30346
-31961
-32712
-32578
-31559
-29684
-27001
-23582
-19519
-14922
-9916
-4636
771
6162
11386
16301
20770
24671
27896
30354
31977
32719
32558
31498
29565
26813
23317
19172
14492
9407
4058
-1405
-6833
-12073
-16978
-21411
-25247
-28377
-30713
-32188
-32760
-32410
-31148
-29007
-26047
-22351
-18021
-13179
-7961
-2516
3003
8440
13640
18454
22745
26389
29282
31340
32503
32737
32033
30409
27913
24613
20604
16000
10932
5547
0
-5550
-10942
-16021
-20637
-24657
-27963
-30458
-32068
-32745
-32468
-31244
-29107
-26118
-22364
-17952
-13013
-7689
-2137
3479
8997
14252
19090
23367
26955
29748
31662
32640
32650
31691
29790
27003
23411
19119
14256
8965
3403
-2262
-7862
-13230
-18204
-22633
-26385
-29345
-31423
-32556
-32707
-31871
-30072
-27362
-23823
-19561
-14703
-9397
-3803
1908
7565
12994
18030
22517
26318
29316
31419
32559
32702
31841
30001
27238
23635
19302
14372
8996
3339
-2422
-8112
-13553
-18577
-23026
-26761
-29667
-31650
-32648
-32629
-31591
-29565
-26615
-22829
-18327
-13249
-7752
-2009
3799
9491
14886
19815
24120
27666
30338
32052
32751
32412
31044
28690
25423
21345
16586
11295
5642
-193
-6025
-11667
-16938
-21669
-25706
-28920
-31206
-32489
-32726
-31909
-30063
-27244
-23544
-19081
-13998
-8460
-2644
3259
9060
14569
19606
24006
27626
30346
32075
32756
32366
30916
28451
25051
20827
15917
10480
4696
-1244
-7147
-12817
-18065
-22719
-26622
-29644
-31684
-32674
-32578
-31398
-29173
-25975
-21909
-17110
-11737
-5969
0
5972
11747
17130
21941
26016
29217
31436
32596
32657
31615
29504
26395
22390
17625
12260
6476
470
-5554
-11392
-16845
-21726
-25867
-29127
-31393
-32585
-32662
-31619
-29491
-26349
-22301
-17483
-12062
-6222
-166
5898
11762
17222
22088
26191
29387
31566
32648
32597
31411
29131
25835
21636
16679
11138
5205
-912
-7001
-12847
-18244
-23003
-26955
-29960
-31912
-32739
-32412
-30940
-28374
-24803
-20353
-15179
-9465
-3413
2763
8843
14612
19863
24407
28083
30758
32334
32755
32003
30103
27124
23169
18381
12929
7010
836
-5370
-11386
-16993
-21989
-26191
-29446
-31636
-32680
-32538
-31214
-28754
-25247
-20819
-15630
-9868
-3744
2518
8692
14551
19879
24480
28184
30855
32393
32739
31880
29845
26709
22585
17625
12011
5950
-333
-6607
-12639
-18204
-23094
-27128
-30152
-32055
-32763
-32248
-30528
-27666
-23767
-18976
-13473
-7461
-1167
5173
11322
17047
22132
26385
29644
31785
32724
32427
30901
28203
24435
19738
14288
8294
1981
-4409
-10635
-16457
-21654
-26025
-29402
-31656
-32697
-32485
-31027
-28377
-24634
-19943
-14481
-8460
-2109
4324
10594
16457
21686
26077
29459
31699
32710
32451
30929
28203
24378
19601
14056
7961
1552
-4919
-11201
-17047
-22227
-26537
-29806
-31906
-32751
-32307
-30590
-27666
-23648
-18696
-13002
-6791
-309
6187
12441
18204
23246
27366
30398
32222
32762
31995
29951
26709
22398
17189
11289
4935
-1619
-8112
-14281
-19879
-24678
-28486
-31147
-32552
-32643
-31416
-28917
-25247
-20553
-15023
-8882
-2378
4225
10659
16662
21989
26421
29777
31918
32756
32254
30432
27362
23169
18024
12137
5748
-879
-7473
-13762
-19485
-24407
-28323
-31070
-32533
-32650
-31414
-28875
-25136
-20353
-14721
-8475
-1874
4807
11292
17307
22602
26955
30182
32146
32765
32010
29911
26556
22083
16679
10571
4016
-2711
-9326
-15551
-21121
-25799
-29387
-31732
-32732
-32344
-30582
-27520
-23286
-18060
-12062
-5547
1206
7911
14280
20041
24947
28786
31393
32653
32513
30975
28105
24024
18906
12972
6476
-301
-7069
-13534
-19415
-24458
-28443
-31196
-32596
-32580
-31148
-28360
-24336
-19250
-13322
-6811
0
6813
13332
19269
24364
28393
31178
32594
32578
31129
28309
24241
19103
13120
6555
-301
-7147
-13680
-19609
-24671
-28641
-31340
-32648
-32505
-30916
-27948
-23735
-18460
-12360
-5706
1206
8067
14569
20421
25359
29162
31656
32728
32328
30473
27244
22786
17298
11027
4255
-2711
-9557
-15974
-21669
-26383
-29901
-32062
-32766
-31979
-29736
-26137
-21345
-15577
-9095
-2195
4807
11593
17850
23291
27666
30771
32464
32665
31362
28614
24546
19345
13249
6538
-477
-7473
-14125
-20126
-25196
-29098
-31650
-32732
-32292
-30349
-26991
-22374
-16712
-10266
-3339
3746
10659
17076
22694
27251
30530
32377
32702
31489
28793
24740
19519
13375
6597
-494
-7565
-14281
-20323
-25404
-29282
-31772
-32753
-32178
-30072
-26533
-21729
-15887
-9285
-2238
4919
11843
18204
23695
28052
31066
32589
32548
30942
27847
23411
17845
11416
4435
-2763
-9830
-16425
-22227
-26955
-30378
-32330
-32713
-31507
-28769
-24631
-19293
-13013
-6096
1120
8285
15047
21076
26077
29802
32068
32763
31850
29372
25451
20276
14101
7230
0
-7232
-14111
-20295
-25478
-29402
-31872
-32764
-32033
-29711
-25913
-20827
-14703
-7845
-595
6688
13640
19914
25196
29220
31785
32759
32093
29819
26047
20967
14832
7950
664
-6656
-13645
-19948
-25247
-29273
-31822
-32763
-32046
-29706
-25861
-20703
-14492
-7543
-209
7138
14125
20396
25629
29557
31977
32766
31880
29363
25342
20022
13674
6622
-771
-8129
-15071
-21240
-26318
-30042
-32219
-32734
-31559
-28754
-24461
-18901
-12360
-5177
2276
9615
16457
22447
27271
30678
32489
32608
31026
27825
23169
17302
10527
3199
-4298
-11573
-18244
-23960
-28419
-31387
-32705
-32302
-30198
-26501
-21406
-15179
-8148
-684
6817
13962
20369
25700
29668
32064
32757
31710
28975
24698
19103
12488
5205
-2358
-9798
-16717
-22745
-27557
-30894
-32577
-32513
-30703
-27244
-22319
-16192
-9191
-1693
5898
13175
19743
25247
29388
31941
32765
31816
29141
24884
19276
12618
5272
-2362
-9871
-16845
-22903
-27714
-31014
-32621
-32445
-30495
-26875
-21781
-15492
-8351
-749
6896
14165
20658
26016
29942
32220
32721
31417
28377
23767
17841
10926
3403
-4310
-11787
-18613
-24407
-28847
-31684
-32759
-32010
-29476
-25298
-19707
-13013
-5590
2148
9769
16845
22980
27828
31116
32659
32366
30254
26438
21133
14635
7310
-430
-8148
-15409
-21801
-26962
-30598
-32502
-32563
-30778
-27244
-22162
-15818
-8572
-836
6950
14343
20920
26305
30190
32350
32661
31103
27762
22829
16586
9388
1649
-6187
-13670
-20369
-25898
-29936
-32249
-32702
-31267
-28024
-23161
-16955
-9766
-2009
5867
13405
20168
25762
29860
32222
32709
31291
28049
23169
16936
9711
1916
-5992
-13553
-20323
-25904
-29968
-32275
-32687
-31179
-27837
-22855
-16527
-9222
-1372
6562
14111
20829
26318
30252
32397
32623
30916
27374
22206
15718
8294
373
-7571
-15067
-21669
-26980
-30683
-32556
-32483
-30469
-26631
-21197
-14492
-6916
1077
9009
16402
22811
27851
31216
32702
32218
29790
25564
19793
12824
5078
-2978
-10856
-18080
-24210
-28873
-31785
-32766
-31757
-28816
-24119
-17952
-10689
-2772
5316
13083
20053
25799
29968
32304
32662
31017
27469
22233
15630
8064
0
-8067
-15639
-22251
-27492
-31038
-32669
-32282
-29899
-25665
-19840
-12785
-4935
3223
11185
18454
24578
29176
31960
32754
31507
28295
23317
16881
9388
1306
-6859
-14599
-21426
-26913
-30713
-32587
-32415
-30206
-26096
-20343
-13307
-5431
2789
10837
18204
24423
29100
31937
32755
31498
28244
23199
16679
9099
938
-7285
-15047
-21854
-27271
-30951
-32659
-32282
-29844
-25497
-19519
-12290
-4271
4023
12062
19330
25359
29762
32252
32670
30984
27303
21861
15008
7184
-1105
-9326
-16947
-23474
-28484
-31650
-32766
-31757
-28687
-23753
-17274
-9670
-1435
6896
14781
21705
27215
30951
32666
32248
29720
25247
19119
11737
3583
-4807
-12886
-20121
-26035
-30239
-32455
-32534
-30469
-26395
-20578
-13400
-5336
3083
11302
18775
25007
29584
32200
32681
30992
27244
21684
14679
6695
-1736
-10055
-17706
-24178
-29038
-31959
-32744
-31340
-27837
-22468
-15592
-7668
771
9163
16942
23583
28641
31772
32764
31548
28203
22955
16155
8261
-193
-8637
-16499
-23246
-28419
-31667
-32766
-31641
-28366
-23161
-16378
-8479
0
8482
16388
23178
28387
31659
32766
31633
28334
23092
16267
8323
-193
-8699
-16610
-23382
-28547
-31748
-32764
-31521
-28105
-22748
-15818
-7793
771
9287
17161
23850
28887
31923
32744
31292
27666
22114
15023
6884
-1736
-10238
-18030
-24565
-29387
-32158
-32681
-30919
-26991
-21173
-13868
-5590
3083
11543
19194
25499
30012
32414
32534
30361
26047
19895
12336
3903
-4807
-13181
-20625
-26610
-30711
-32637
-32248
-29569
-24790
-18247
-10405
-1820
6896
15124
22277
27843
31423
32760
31757
28483
23169
16196
8060
-655
-9326
-17331
-24094
-29127
-32068
-32703
-30984
-27033
-21133
-13707
-5289
3511
12062
19743
25999
30374
32552
32371
29844
25150
18630
10754
2094
-6719
-15047
-22282
-27896
-31478
-32765
-31661
-28244
-22763
-15616
-7324
1506
10228
18204
24847
29668
32313
32585
30461
26096
19809
12062
3423
-5469
-13962
-21426
-27310
-31178
-32740
-31881
-28661
-23317
-16242
-7961
912
9721
17811
24578
29519
32265
32608
30520
26157
19840
12041
3339
-5613
-14150
-21629
-27492
-31296
-32755
-31758
-28377
-22863
-15630
-7219
1736
10564
18599
25234
29968
32443
32468
30041
25342
18725
10689
1842
-7147
-15598
-22868
-28404
-31785
-32751
-31227
-27327
-21345
-13736
-5078
3969
12717
20496
26712
30887
32702
32014
28875
23522
16364
7950
-1077
-10024
-18204
-24986
-29848
-32414
-32483
-30050
-25298
-18593
-10451
-1499
7571
16058
23305
28750
31969
32711
30916
26720
20449
12587
3744
-5391
-14111
-21734
-27666
-31442
-32766
-31533
-27837
-21964
-14372
-5653
3510
12401
20323
26654
30894
32710
31957
28692
23169
15822
7226
-1941
-10958
-19113
-25762
-30378
-32596
-32237
-29328
-24096
-16955
-8469
691
9799
18132
25028
29936
32465
32412
29778
24772
17791
9388
234
-8940
-17404
-24479
-29598
-32350
-32513
-30072
-25219
-18342
-9991
-836
8388
16942
24135
29387
32275
32563
30226
25451
18620
10283
1113
-8148
-16754
-24006
-29316
-32252
-32574
-30254
-25477
-18630
-10266
-1066
8222
16845
24098
29390
32286
32549
30156
25298
18372
9941
695
-8610
-17213
-24407
-29603
-32371
-32482
-29925
-24908
-17841
-9305
0
9307
17850
24924
29942
32491
32356
29546
24293
17028
8351
-1019
-10308
-18745
-25629
-30386
-32621
-32145
-28995
-23432
-15917
-7073
2362
11603
19879
26497
30903
32728
31816
28241
22301
14491
5464
-4023
-13175
-21224
-27492
-31451
-32766
-31324
-27244
-20868
-12732
-3519
5992
15001
22745
28568
31977
32682
30619
25962
19103
10622
1238
-8253
-17047
-24394
-29668
-32420
-32412
-29643
-24347
-16973
-8148
1373
10781
19269
26112
30723
32705
31886
28334
22351
14449
5304
-4298
-13534
-21608
-27826
-31650
-32749
-31026
-26627
-19930
-11510
-2094
7504
16457
23989
29446
32355
32460
29752
24461
17046
8148
-1459
-10942
-19477
-26318
-30870
-32732
-31742
-27983
-21780
-13674
-4371
5316
14541
22496
28484
31977
32669
30495
25645
18541
9807
209
-9410
-18204
-25397
-30356
-32640
-32046
-28625
-22675
-14721
-5464
4278
13645
21806
28038
31787
32719
30748
26047
19032
10324
695
-8997
-17892
-25196
-30256
-32621
-32077
-28669
-22701
-14703
-5389
4409
13816
21989
28193
31872
32694
30582
25725
18555
9715
0
-9718
-18563
-25739
-30598
-32699
-31850
-28126
-21861
-13619
-4144
5708
15047
23026
28920
32194
32549
29951
24631
17073
7961
-1876
-11547
-20168
-26955
-31287
-32766
-31257
-26894
-20073
-11416
-1713
8148
17267
24807
30076
32589
32113
28690
22632
14492
5018
-4919
-14407
-22570
-28657
-32104
-32591
-30072
-24775
-17189
-8012
1907
11653
20323
27113
31393
32763
31094
26539
19519
10683
852
-9060
-18132
-25519
-30530
-32697
-31816
-27965
-21503
-13031
-3339
6667
16052
23938
29584
32459
32292
29097
23169
15065
5543
-4501
-14125
-22423
-28612
-32108
-32578
-29977
-24546
-16798
-7461
2582
12385
21019
27666
31694
32721
30647
25665
18247
9095
-923
-10856
-19760
-26786
-31264
-32766
-31146
-26556
-19431
-10451
-470
9557
18675
26008
30855
32749
31507
27244
20368
11537
1595
-8501
-17784
-25359
-30497
-32702
-31758
-27754
-21074
-12360
-2451
7696
17103
24860
30215
32648
31922
28105
21563
12929
3039
-7147
-16643
-24525
-30025
-32607
-32016
-28309
-21844
-13249
-3359
6859
16412
24364
29939
32588
32050
28377
21924
13322
3413
-6833
-16412
-24382
-29960
-32596
-32028
-28309
-21804
-13150
-3199
7069
16643
24578
30089
32630
31946
28105
21482
12732
2719
-7565
-17103
-24947
-30318
-32680
-31797
-27754
-20951
-12062
-1970
8320
17784
25478
30633
32732
31565
27244
20200
11134
952
-9326
-18675
-26154
-31014
-32765
-31228
-26556
-19215
-9941
333
10578
19760
26955
31436
32749
30759
25665
17979
8475
-1887
-12062
-21019
-27851
-31864
-32650
-30126
-24546
-16475
-6728
3703
13762
22423
28806
32258
32427
29291
23169
14683
4696
-5772
-15653
-23938
-29777
-32571
-32033
-28214
-21503
-12587
-2378
8077
17706
25519
30711
32748
31416
26850
19519
10175
-219
-10594
-19879
-27113
-31549
-32726
-30520
-25157
-17189
-7439
3083
13289
22119
28657
32222
32441
29289
23092
14492
4381
-6187
-16114
-24364
-30076
-32652
-31820
-27666
-20619
-11416
-1017
9491
19008
26537
31287
32757
30792
25595
17709
7961
-2625
-12939
-21894
-28547
-32194
-32451
-29286
-23032
-14346
-4144
6498
16457
24678
30291
32699
31644
27238
19943
10531
0
-10533
-19951
-27251
-31656
-32694
-30254
-24592
-16309
-6286
4409
14637
23305
29487
32519
32077
28203
21312
12137
1660
-8997
-18692
-26385
-31248
-32757
-30748
-25434
-17383
-7461
3266
13645
22556
29038
32390
32248
28625
21909
12824
2351
-8378
-18204
-26061
-31098
-32765
-30880
-25645
-17625
-7689
3083
13524
22496
29023
32393
32235
28565
21780
12618
2077
-8692
-18516
-26318
-31245
-32755
-30681
-25247
-17046
-6975
3863
14280
23132
29446
32527
32033
28015
20915
11510
836
-9932
-19609
-27125
-31650
-32682
-30103
-24198
-15616
-5304
5596
15880
24407
30232
32705
31550
26894
19250
9465
-1373
-12062
-21411
-28379
-32188
-32412
-29022
-22395
-13267
-2656
8253
18244
26197
31222
32754
30619
25054
16679
6433
-4537
-15001
-23783
-29895
-32648
-31731
-27244
-19690
-9916
976
11762
21224
28293
32170
32415
28997
22301
13080
2378
-8595
-18599
-26497
-31393
-32729
-30352
-24528
-15917
-5494
5554
15974
24578
30386
32734
31352
26395
18425
8351
-2679
-13405
-22602
-29217
-32491
-32046
-27932
-20616
-10936
0
10939
20625
27944
32055
32482
29173
22507
13249
2462
-8610
-18692
-26622
-31481
-32707
-30156
-24119
-15293
-4696
6446
16845
25296
30817
32766
30916
25477
17079
6695
-4468
-15115
-24006
-30106
-32702
-31489
-26606
-18620
-8460
2689
13528
22788
29387
32552
31909
27532
19930
9991
-1120
-12103
-21669
-28693
-32350
-32208
-28280
-21025
-11295
-234
10856
20671
28052
32127
32412
28871
21921
12379
1372
-9799
-19815
-27487
-31906
-32545
-29328
-22632
-13249
-2291
8940
19113
27016
31708
32629
29666
23169
13911
2992
-8285
-18577
-26654
-31549
-32677
-29899
-23544
-14372
-3477
7836
18214
26411
31442
32702
30037
23764
14635
3744
-7598
-18030
-26293
-31393
-32711
-30086
-23833
-14703
-3796
7571
18026
26305
31405
32707
30050
23753
14577
3632
-7754
-18204
-26446
-31479
-32688
-29925
-23522
-14256
-3253
8148
18560
26712
31608
32650
29706
23135
13736
2656
-8751
-19090
-27095
-31785
-32581
-29385
-22585
-13013
-1842
9557
19786
27585
31994
32468
28947
21861
12081
809
-10564
-20637
-28166
-32219
-32293
-28377
-20951
-10932
440
11762
21629
28819
32437
32033
27653
19840
9561
-1907
-13142
-22745
-29519
-32621
-31661
-26755
-18514
-7961
3586
14689
23960
30239
32740
31148
25658
16955
6128
-5469
-16384
-25247
-30944
-32759
-30461
-24336
-15151
-4058
7546
18204
26572
31595
32638
29565
22763
13087
1756
-9798
-20118
-27896
-32148
-32332
-28424
-20915
-10754
771
12203
22088
29171
32552
31797
27001
18769
8148
-3511
-14727
-24069
-30346
-32754
-30984
-25260
-16309
-5272
6439
17331
26008
31359
32696
29845
23169
13521
2137
-9523
-19964
-27843
-32146
-32318
-28334
-20703
-10405
1234
12717
22564
29503
32637
31559
26407
17841
6968
-4807
-15965
-25058
-30909
-32757
-30361
-24028
-14577
-3233
8533
19194
27364
31977
32433
28669
21173
10917
-762
-12345
-22321
-29387
-32619
-31592
-26438
-17828
-6884
4961
16161
25247
31028
32744
30168
23635
13998
2522
-9287
-19879
-27860
-32179
-32265
-28105
-20242
-9711
2101
13640
23382
30040
32733
31103
25362
16267
5018
-6896
-17901
-26537
-31659
-32585
-29190
-21921
-11741
0
11743
21929
29201
32589
31641
26480
17791
6728
-5233
-16499
-25566
-31222
-32709
-29826
-22955
-13013
-1327
10537
20994
28641
32450
31909
27088
18630
7668
-4324
-15739
-25041
-30976
-32744
-30105
-23411
-13561
-1880
10055
20637
28436
32397
31982
27244
18822
7852
-4182
-15653
-25007
-30974
-32743
-30072
-23319
-13400
-1660
10308
20879
28612
32455
31881
26966
18377
7282
-4807
-16245
-25468
-31216
-32702
-29720
-22675
-12528
-664
11292
21705
29147
32596
31576
26225
17274
5950
-6193
-17489
-26383
-31650
-32564
-28995
-21433
-10917
1105
12978
23064
29968
32737
30984
24950
15465
3839
-8320
-19330
-27666
-32170
-32217
-27796
-19519
-8531
3643
15314
24860
30951
32739
29972
23032
12884
938
-11141
-21669
-29176
-32613
-31498
-25982
-16835
-5332
6918
18204
26944
31912
32410
28366
20343
9465
-2743
-14569
-24351
-30713
-32759
-30198
-23387
-13283
-1306
10856
21492
29100
32604
31507
25962
16748
5166
-7147
-18454
-27152
-32008
-32332
-28076
-19840
-8789
3510
15314
24947
31038
32720
29752
22551
12140
0
-12143
-22559
-29762
-32723
-31017
-24884
-15198
-3339
8998
20053
28242
32393
31908
26854
17952
6476
-5930
-17489
-26541
-31785
-32465
-28481
-20402
-9388
2978
14918
24714
30951
32730
29790
22554
12062
-172
-12385
-22811
-29942
-32746
-30813
-24421
-14492
-2462
9926
20879
28806
32556
31581
26021
16679
4912
-7571
-18956
-27585
-32200
-32127
-27374
-18630
-7167
5342
17076
26318
31719
32485
28504
20353
9222
-3259
-15267
-25041
-31147
-32687
-29434
-21861
-11077
1334
13553
23783
30517
32764
30189
23169
12736
423
-11953
-22570
-29860
-32743
-30792
-24293
-14202
-2009
10483
21426
29201
32652
31267
25247
15482
3419
-9153
-20369
-28563
-32514
-31633
-26047
-16586
-4654
7973
19415
27967
32350
31910
26709
17520
5712
-6950
-18577
-27428
-32179
-32116
-27244
-18292
-6597
6088
17864
26962
32015
32263
27666
18910
7310
-5391
-17284
-26579
-31872
-32366
-27983
-19380
-7852
4862
16845
26287
31760
32433
28203
19707
8226
-4501
-16550
-26094
-31684
-32472
-28334
-19895
-8434
4310
16402
26003
31651
32486
28377
19946
8475
-4288
-16402
-26016
-31662
-32478
-28334
-19861
-8351
4437
16550
26133
31717
32445
28203
19638
8060
-4756
-16845
-26351
-31812
-32386
-27983
-19276
-7602
5243
17284
26666
31941
32293
27666
18769
6975
-5898
-17864
-27071
-32095
-32157
-27244
-18113
-6176
6719
18577
27557
32265
31968
26709
17302
5205
-7702
-19415
-28111
-32434
-31710
-26047
-16326
-4058
8843
20369
28719
32588
31368
25247
15179
2736
-10137
-21426
-29364
-32705
-30922
-24293
-13853
-1238
11573
22570
30025
32764
30353
23169
12339
-434
-13142
-23783
-30678
-32739
-29638
-21861
-10632
2276
14829
25041
31296
32604
28754
20353
8727
-4282
-16616
-26318
-31849
-32328
-27676
-18630
-6622
6439
18480
27585
32302
31880
26381
16679
4318
-8734
-20396
-28806
-32620
-31227
-24845
-14492
-1820
11144
22329
29942
32763
30335
23047
12062
-859
-13645
-24243
-30951
-32688
-29173
-20967
-9388
3703
16202
26094
31785
32354
27709
18593
6476
-6688
-18775
-27832
-32393
-31718
-25913
-15915
-3339
9779
21317
29402
32723
30737
23764
12933
0
-12935
-23772
-30745
-32720
-29372
-21243
-9654
3510
16105
26077
31798
32332
27590
18342
6096
-7147
-19226
-28162
-32493
-31507
-25362
-15061
-2291
10856
22227
29953
32765
30198
22670
11416
-1716
-14569
-25028
-31370
-32548
-28366
-19509
-7435
5867
18204
27539
32330
31782
25982
15887
3163
-10086
-21669
-29667
-32753
-30413
-23032
-11831
1334
14281
24860
31312
32563
28403
19519
7387
-5976
-18347
-27666
-32377
-31693
-25725
-15465
-2622
10659
22164
29968
32766
30086
22374
10917
-2369
-15261
-25599
-31650
-32396
-27709
-18372
-5950
7473
19643
28516
32596
31195
24546
13765
664
-12550
-23653
-30771
-32702
-29116
-20616
-8634
4807
17440
27128
32230
31881
26137
15968
3092
-10308
-21966
-29901
-32766
-30072
-22272
-10689
2711
15653
25937
31812
32275
27244
17574
4908
-8595
-20637
-29162
-32712
-30681
-23411
-12140
1206
14349
25041
31451
32480
27948
18630
6117
-7445
-19735
-28641
-32634
-31026
-24089
-13013
301
13567
24501
31222
32570
28309
19172
6728
-6876
-19298
-28393
-32589
-31159
-24347
-13326
0
13328
24354
31166
32585
28360
19220
6748
-6896
-19347
-28443
-32604
-31103
-24198
-13087
301
13640
24608
31294
32533
28105
18778
6176
-7504
-19879
-28786
-32669
-30847
-23635
-12290
1206
14493
25247
31583
32389
27520
17828
5008
-8692
-20870
-29387
-32745
-30352
-22624
-10917
2711
15865
26229
31977
32094
26556
16335
3233
-10442
-22277
-30182
-32757
-29546
-21112
-8944
4807
17712
27483
32390
31559
25136
14256
845
-12717
-24026
-31070
-32598
-28334
-19032
-6345
7473
19964
28903
32697
30666
23169
11540
-2148
-15456
-26008
-31918
-32127
-26596
-16309
-3103
10659
22517
30346
32741
29270
20553
8148
-5719
-18563
-28078
-32552
-31179
-24202
-12874
771
14281
25223
31625
32332
27214
17189
4062
-9798
-21894
-30040
-32762
-29565
-21025
-8682
5233
18204
27882
32514
31257
24336
13002
-691
-14262
-25247
-31650
-32307
-27094
-16955
-3732
10171
22227
30239
32747
29289
20494
7961
-6025
-18915
-28356
-32621
-30929
-23586
-11931
1907
15400
26077
31982
32033
26215
15592
2109
-11762
-23479
-30889
-32629
-28377
-18910
-5966
8077
20637
29402
32756
30080
21861
9613
-4409
-17621
-27585
-32459
-31342
-24435
-13013
816
14497
25499
31785
32188
26631
16140
2656
-11322
-23203
-30782
-32650
-28456
-18976
-5969
8148
20755
29503
32763
29925
21514
9095
-5021
-18204
-27995
-32564
-31058
-23753
-12011
1977
15598
26305
32095
31880
25698
14703
952
-12978
-24480
-31393
-32418
-27360
-17165
-3744
10381
22559
30497
32702
28754
19394
6380
-7836
-20580
-29446
-32762
-29899
-21393
-8847
5370
18577
28275
32630
30814
23169
11138
-3003
-16579
-27016
-32334
-31523
-24733
-13249
751
14612
25700
31906
32048
26096
15179
1372
-12698
-24354
-31371
-32412
-27273
-16932
-3359
10856
23003
30758
32638
28280
18514
5205
-9101
-21669
-30089
-32747
-29131
-19930
-6905
7445
20371
29387
32762
29844
21189
8460
-5898
-19125
-28673
-32702
-30433
-22301
-9868
4468
17946
27963
32585
30916
23274
11134
-3159
-16845
-27275
-32428
-31305
-24119
-12260
1977
15833
26622
32247
31615
24845
13249
-923
-14918
-26016
-32055
-31858
-25461
-14105
0
14107
25468
31864
32046
25975
14832
792
-13405
-24986
-31684
-32188
-26395
-15435
-1452
12817
24578
31525
32292
26727
15917
1981
-12345
-24250
-31393
-32366
-26976
-16280
-2378
11993
24006
31293
32415
27148
16527
2644
-11762
-23850
-31230
-32442
-27244
-16660
-2779
11653
23783
31206
32451
27267
16679
2783
-11667
-23806
-31222
-32441
-27217
-16586
-2656
11803
23919
31277
32412
27094
16378
2398
-12062
-24120
-31370
-32361
-26894
-16056
-2009
12441
24407
31496
32285
26615
15616
1488
-12939
-24777
-31650
-32178
-26251
-15055
-836
13553
25223
31826
32033
25797
14372
52
-14280
-25739
-32015
-31841
-25247
-13561
863
15115
26318
32208
31592
24592
12618
-1908
-16052
-26950
-32393
-31276
-23823
-11540
3083
17085
27622
32556
30880
22932
10324
-4384
-18204
-28323
-32682
-30389
-21909
-8965
5807
19399
29038
32755
29790
20744
7461
-7347
-20658
-29748
-32757
-29067
-19428
-5811
8997
21966
30436
32669
28203
17952
4016
-10746
-23305
-31079
-32468
-27184
-16309
-2077
12583
24657
31656
32135
25992
14491
0
-14493
-25999
-32139
-31644
-24613
-12494
2208
16457
27304
32503
30975
23032
10317
-4537
-18454
-28547
-32719
-30103
-21238
-7961
6971
20458
29694
32757
29007
19220
5431
-9491
-22439
-30713
-32587
-27666
-16973
-2736
12073
24364
31568
32177
26060
14492
-108
-14689
-26197
-32222
-31498
-24174
-11781
3083
17304
27896
32634
30520
21996
8847
-6162
-19879
-29416
-32766
-29219
-19519
-5706
9311
22368
30711
32578
27570
16743
2378
-12491
-24723
-31732
-32033
-25558
-13674
1105
15653
26888
32428
31095
23169
10328
-4707
-18745
-28806
-32750
-29736
-20402
-6728
8378
21705
30414
32650
27932
17262
2911
-12062
-24465
-31651
-32083
-25665
-13765
1077
15692
26955
32455
31012
22932
9941
-5180
-19194
-29098
-32765
-29406
-19738
-5832
9326
22486
30817
32526
27244
16102
1495
-13436
-25478
-32035
-31693
-24521
-12062
2999
17416
28078
32680
30226
21243
7668
-7565
-21167
-30192
-32685
-28105
-17438
-2992
12103
24578
31727
31995
25321
13150
-1876
-16499
-27539
-32596
-30567
-21889
-8448
6833
20630
29936
32722
28377
17845
3419
-11753
-24364
-31659
-32040
-25423
-13249
1823
16499
27568
32607
30508
21729
8189
-7147
-20920
-30108
-32693
-28105
-17347
-2779
12401
24860
31856
31850
24838
12360
-2839
-17416
-28160
-32702
-30037
-20749
-6884
8501
22013
30668
32552
27244
15915
1066
-14020
-26008
-32243
-31342
-23500
-10451
4915
19194
29220
32766
29042
18871
4509
-10856
-23813
-31479
-32147
-25665
-13473
1720
16533
27666
32637
30335
21271
7461
-8015
-21705
-30552
-32578
-27327
-15968
-1038
14125
26133
32294
31228
23169
9920
-5554
-19786
-29584
-32748
-28565
-17970
-3339
12043
24723
31849
31816
24627
11897
-3511
-18132
-28673
-32755
-29458
-19519
-5177
10334
23516
31393
32182
25702
13414
-1907
-16800
-27896
-32682
-30072
-20653
-6555
9029
22570
30997
32395
26445
14492
-751
-15827
-27310
-32589
-30461
-21406
-7481
8148
21926
30713
32507
26894
15151
-48
-15238
-26955
-32522
-30664
-21804
-7961
7702
21608
30575
32549
27076
15403
202
-15047
-26852
-32503
-30703
-21861
-8002
7696
21629
30598
32538
27001
15255
0
-15257
-27007
-32541
-30582
-21579
-7602
8129
21989
30779
32468
26664
14703
-655
-15865
-27411
-32621
-30288
-20948
-6758
8997
22672
31098
32318
26047
13736
-1763
-16855
-28038
-32713
-29790
-19946
-5464
10289
23653
31516
32046
25116
12336
-3319
-18204
-28847
-32766
-29042
-18541
-3711
11987
24889
31977
31593
23823
10480
-5316
-19871
-29777
-32711
-27983
-16697
-1495
14059
26318
32404
30885
22114
8148
-7733
-21801
-30745
-32460
-26539
-14372
1180
16457
27860
32699
29832
19930
5325
-10537
-23916
-31650
-31910
-24631
-11530
4298
19113
29409
32747
28334
17210
2009
-13670
-26112
-32365
-30942
-22178
-8148
7817
21929
30833
32412
26285
13907
-1780
-17047
-28259
-32743
-29429
-19103
-4222
11667
24777
31977
31548
23586
9991
-5992
-20546
-30192
-32619
-27244
-15350
219
15739
27492
32660
30001
20149
5464
-10533
-24006
-31719
-31816
-24270
-10892
5106
19879
29873
32681
27625
15917
373
-15261
-27221
-32621
-30156
-20416
-5748
10308
23879
31684
31836
24293
10875
-5173
-19973
-29942
-32665
-27477
-15633
0
15636
27483
32666
29925
19920
5078
-10999
-24407
-31886
-31615
-23656
-9941
6193
20824
30386
32549
26782
14487
-1341
-16845
-28242
-32749
-29262
-18630
-3445
12583
25539
32252
31078
22301
8064
-8148
-22368
-31111
-32231
-25451
-12429
3643
18824
29387
32737
28047
16465
836
-15001
-27152
-32625
-30072
-20115
-5205
10989
24479
31937
31523
23335
9388
-6876
-21447
-30723
-32412
-26092
-13322
2743
18132
29038
32759
28371
16955
1338
-14612
-26944
-32596
-30164
-20247
-5304
10958
24501
31960
31477
23169
9099
-7236
-21774
-30894
-32323
-25702
-12676
3510
18824
29446
32724
27837
16000
166
-15711
-27666
-32707
-29572
-19041
-3744
12491
25602
32304
30916
21780
7184
-9215
-23305
-31551
-31880
-24205
-10451
5930
20824
30486
32483
26311
13518
-2679
-18204
-29147
-32749
-28098
-16364
-502
15488
27574
32702
29574
18976
3583
-12717
-25806
-32371
-30748
-21345
-6538
9926
23879
31785
31636
23467
9346
-7147
-21830
-30974
-32254
-25342
-11991
4409
19692
29968
32623
26976
14462
-1736
-17495
-28798
-32764
-28377
-16752
-852
15267
27492
32699
29554
18857
3339
-13034
-26077
-32450
-30520
-20777
-5712
10817
24578
32042
31291
22515
7961
-8637
-23021
-31496
-31881
-24075
-10079
6509
21426
30833
32307
25463
12062
-4448
-19815
-30076
-32585
-26689
-13907
2465
18204
29244
32732
27762
15616
-569
-16610
-28356
-32765
-28692
-17189
-1231
15047
27428
32699
29490
18630
2932
-13528
-26478
-32552
-30168
-19943
-4530
12062
25519
32337
30737
21133
6022
-10659
-24565
-32068
-31208
-22206
-7407
9326
23628
31760
31593
23169
8686
-8070
-22719
-31423
-31903
-24028
-9858
6896
21846
31070
32147
24790
10926
-5807
-21019
-30711
-32336
-25461
-11891
4807
20244
30356
32478
26047
12755
-3899
-19528
-30012
-32581
-26556
-13521
3083
18877
29687
32654
26991
14192
-2362
-18294
-29387
-32703
-27360
-14769
1736
17784
29119
32734
27666
15255
-1206
-17349
-28887
-32752
-27913
-15652
771
16993
28695
32761
28105
15962
-434
-16717
-28547
-32765
-28244
-16186
193
16523
28443
32766
28334
16326
-48
-16412
-28387
-32766
-28374
-16382
0
0
0
0
0
0
0
0
0
0
0
0
0
0
0
0
0
0
0
0
0
0
0
0
0
0
0
0
0
0
0
0
0
0
0
0
0
0
0
0
0
0
0
0
0
0
0
0
0
0
0
0
0
0
0
0
0
0
0
0
0
0
0
0
0
0
0
0
0
0
0
0
0
0
0
0
0
0
0
0
0
0
0
0
0
0
0
0
0
0
0
0
0
0
0
0
0
0
0
0
0
0
0
0
0
0
0
0
0
0
0
0
0
0
0
0
0
0
0
0
0
0
0
0
0
0
0
0
0
0
0
0
0
0
0
0
0
0
0
0
0
0
0
0
0
0
0
0
0
0
0
0
0
0
0
0
0
0
0
0
0
0
0
0
0
0
0
0
0
0
0
0
0
0
0
0
0
0
0
0
0
0
0
0
0
0
0
0
0
0
0
0
0
0
0
0
0
0
0
0
0
0
0
0
0
0
0
0
0
0
0
0
0
0
0
0
0
0
0
0
0
0
0
0
0
0
0
0
0
0
0
0
0
0
0
0
0
0
0
0
0
0
0
0
0
0
0
0
0
0
0
0
0
0
0
0
0
0
0
0
0
0
0
0
0
0
0
0
0
0
0
0
0
0
0
0
0
0
0
0
0
0
0
0
0
0
0
0
0
0
0
0
0
0
0
0
0
0
0
0
0
0
0
0
0
0
0
0
0
0
0
0
0
0
0
0
0
0
0
0
0
0
0
0
0
0
0
0
0
0
0
0
0
0
0
0
0
0
0
0
0
0
0
0
0
0
0
0
0
0
0
0
0
0
0
0
0
0
0
0
0
0
0
0
0
0
0
0
0
0
0
0
0
0
0
0
0
0
0
0
0
0
0
0
0
0
0
0
0
0
0
0
0
0
0
0
0
0
0
0
0
0
0
0
0
0
0
0
0
0
0
0
0
0
0
0
0
0
0
0
0
0
0
0
0
0
0
0
0
0
0
0
0
0
0
0
0
0
0
0
0
0
0
0
0
0
0
0
0
0
0
0
0
0
0
0
0
0
0
0
0
0
0
0
0
0
0
0
0
0
0
0
0
0
0
0
0
0
0
0
0
0
0
0
0
0
0
0
0
0
0
0
0
0
0
0
0
0
0
0
0
0
0
0
0
0
0
0
0
0
0
0
0
0
0
0
0
0
0
0
0
0
0
0
0
0
0
0
0
0
0
0
0
0
0
0
0
0
0
0
0
0
0
0
0
0
0
0
0
0
0
0
0
0
0
0
0
0
0
0
0
0
0
0
0
0
0
0
0
0
0
0
0
0
0
0
0
0
0
0
0
0
0
0
0
0
0
0
0
0
0
0
0
0
0
0
0
0
0
0
0
0
0
0
0
0
0
0
0
0
0
0
0
0
0
0
0
0
0
0
0
0
0
0
0
0
0
0
0
0
0
0
0
0
0
0
0
0
0
0
0
0
0
0
0
0
0
0
0
0
0
0
0
0
0
0
0
0
0
0
0
0
0
0
0
0
0
0
0
0
0
0
0
0
0
0
0
0
0
0
0
0
0
0
0
0
0
0
0
0
0
0
0
0
0
0
0
0
0
0
0
0
0
0
0
0
0
0
0
0
0
0
0
0
0
0
0
0
0
0
0
0
0
0
0
0
0
0
0
0
0
0
0
0
0
0
0
0
0
0
0
0
0
0
0
0
0
0
0
0
0
0
0
0
0
0
0
0
0
0
0
0
0
0
0
0
0
0
0
0
0
0
0
0
0
0
0
0
0
0
0
0
0
0
0
0
0
0
0
0
0
0
0
0
0
0
0
0
0
0
0
0
0
0
0
0
0
0
0
0
0
0
0
0
0
0
0
0
0
0
0
0
0
0
0
0
0
0
0
0
0
0
0
0
0
0
0
0
0
0
0
0
0
0
0
0
0
0
0
0
0
0
0
0
0
0
0
0
0
0
0
0
0
0
0
0
0
0
0
0
0
0
0
0
0
0
0
0
0
0
0
0
0
0
0
0
0
0
0
0
0
0
0
0
0
0
0
0
0
0
0
0
0
0
0
0
0
0
0
0
0
0
0
0
0
0
0
0
0
0
0
0
0
0
0
0
0
0
0
0
0
0
0
0
0
0
0
0
0
0
0
0
0
0
0
0
0
0
0
0
0
0
0
0
0
0
0
0
0
0
14043
13658
12529
10723
8352
5558
2508
-616
-3636
-6382
-8705
-10487
-11648
-12147
-11987
-11208
-9889
-8135
-6069
-3828
-1549
640
2628
4325
5668
6621
7177
7355
7194
6749
6085
5270
4369
3442
2533
1676
890
182
-452
-1028
-1560
-2064
-2553
-3031
-3496
-3934
-4324
-4638
-4841
-4900
-4785
-4473
-3950
-3220
-2296
-1212
-12
1244
2494
3666
4693
5513
6075
6344
6302
5949
5307
4415
3326
2105
824
-442
-1627
-2668
-3518
-4142
-4524
-4663
-4576
-4290
-3844
-3284
-2656
-2006
-1372
-788
-273
158
506
778
989
1154
1294
1424
1558
1703
1858
2016
2165
2287
2363
2372
2298
2131
1864
1504
1061
556
15
-530
-1049
-1511
-1890
-2167
-2332
-2385
-2335
-2201
-2008
-1784
-1560
-1362
-1210
-1117
-1084
-1101
-1145
-1187
-1189
-1112
-919
-579
-73
602
1433
2388
3413
4442
5397
6190
6738
6963
6803
6218
5194
3750
1936
-166
-2448
-4777
-7009
-8996
-10594
-11677
-12147
-11941
-11037
-9458
-7272
-4590
-1560
1644
4832
7808
10386
12402
13726
14270
13994
12912
11089
8636
5706
2482
-836
-4045
-6949
-9377
-11188
-12286
-12623
-12201
-11070
-9326
-7102
-4556
-1863
798
3261
5378
7029
8134
8652
8582
7966
6878
5422
3719
1901
101
-1560
-2978
-4072
-4789
-5106
-5032
-4600
-3867
-2907
-1806
-650
474
1493
2341
2975
3366
3507
3406
3088
2588
1951
1225
459
-302
-1019
-1658
-2195
-2613
-2902
-3061
-3090
-2997
-2790
-2478
-2073
-1585
-1029
-419
229
896
1560
2194
2772
3263
3638
3871
3938
3823
3519
3030
2370
1567
659
-306
-1276
-2192
-2997
-3640
-4078
-4281
-4236
-3944
-3428
-2723
-1882
-966
-43
818
1555
2115
2460
2570
2445
2106
1593
962
280
-380
-948
-1358
-1560
-1520
-1229
-698
34
910
1856
2784
3602
4224
4573
4589
4239
3516
2443
1072
-515
-2220
-3926
-5512
-6857
-7855
-8420
-8492
-8045
-7088
-5666
-3856
-1765
479
2739
4873
6747
8244
9272
9771
9715
9116
8021
6508
4681
2659
572
-1451
-3294
-4856
-6062
-6862
-7241
-7209
-6807
-6096
-5152
-4062
-2911
-1781
-741
157
883
1423
1787
1998
2093
2118
2115
2127
2184
2304
2488
2723
2980
3217
3388
3441
3332
3023
2495
1743
787
-333
-1560
-2817
-4018
-5074
-5898
-6415
-6569
-6324
-5676
-4649
-3296
-1697
45
1815
3490
4952
6091
6824
7091
6866
6162
5024
3531
1791
-70
-1916
-3609
-5021
-6046
-6604
-6652
-6182
-5229
-3861
-2180
-313
1599
3412
4988
6204
6965
7211
6917
6102
4822
3166
1255
-774
-2775
-4603
-6127
-7239
-7860
-7948
-7501
-6553
-5178
-3475
-1570
403
2305
4005
5392
6378
6908
6962
6556
5739
4589
3207
1708
210
-1172
-2340
-3214
-3743
-3908
-3718
-3216
-2467
-1560
-591
336
1127
1701
1994
1975
1636
1005
134
-897
-1994
-3052
-3962
-4626
-4961
-4909
-4440
-3558
-2299
-734
1039
2906
4734
6389
7743
8687
9135
9031
8359
7141
5436
3339
973
-1516
-3975
-6248
-8189
-9674
-10605
-10922
-10605
-9674
-8189
-6248
-3975
-1516
973
3339
5436
7141
8359
9031
9135
8687
7743
6389
4734
2906
1039
-734
-2299
-3558
-4440
-4909
-4961
-4626
-3962
-3052
-1994
-897
134
1005
1636
1975
1994
1701
1127
336
-591
-1560
-2467
-3216
-3718
-3908
-3743
-3214
-2340
-1172
210
1708
3207
4589
5739
6556
6962
6908
6378
5392
4005
2305
403
-1570
-3475
-5178
-6553
-7501
-7948
-7860
-7239
-6127
-4603
-2775
-774
1255
3166
4822
6102
6917
7211
6965
6204
4988
3412
1599
-313
-2180
-3861
-5229
-6182
-6652
-6604
-6046
-5021
-3609
-1916
-70
1791
3531
5024
6162
6866
7091
6824
6091
4952
3490
1815
45
-1697
-3296
-4649
-5676
-6324
-6569
-6415
-5898
-5074
-4018
-2817
-1560
-333
787
1743
2495
3023
3332
3441
3388
3217
2980
2723
2488
2304
2184
2127
2115
2118
2093
1998
1787
1423
883
157
-741
-1781
-2911
-4062
-5152
-6096
-6807
-7209
-7241
-6862
-6062
-4856
-3294
-1451
572
2659
4680
6508
8021
9116
9715
9771
9272
8244
6747
4873
2739
479
-1765
-3856
-5666
-7088
-8045
-8492
-8420
-7855
-6857
-5512
-3926
-2220
-515
1072
2443
3516
4239
4589
4573
4224
3602
2784
1856
910
34
-698
-1229
-1520
-1560
-1358
-948
-380
280
962
1593
2106
2445
2570
2460
2115
1555
818
-43
-966
-1882
-2723
-3428
-3944
-4236
-4281
-4078
-3640
-2997
-2192
-1276
-306
659
1567
2370
3030
3519
3823
3938
3871
3638
3263
2772
2194
1560
896
229
-419
-1029
-1585
-2073
-2478
-2790
-2997
-3090
-3061
-2902
-2613
-2195
-1658
-1019
-302
459
1225
1951
2588
3088
3406
3507
3366
2975
2341
1493
474
-650
-1806
-2907
-3867
-4600
-5032
-5106
-4789
-4072
-2978
-1560
101
1901
3719
5422
6878
7966
8582
8652
8134
7029
5378
3261
798
-1863
-4556
-7102
-9326
-11070
-12201
-12623
-12286
-11188
-9377
-6949
-4045
-836
2482
5706
8636
11089
12912
13994
14270
13726
12402
10386
7808
4832
1644
-1560
-4590
-7272
-9458
-11037
-11941
-12147
-11677
-10594
-8996
-7009
-4777
-2448
-166
1936
3750
5194
6218
6803
6963
6738
6190
5397
4442
3413
2388
1433
602
-73
-579
-919
-1112
-1189
-1187
-1145
-1101
-1084
-1117
-1210
-1362
-1560
-1784
-2008
-2201
-2335
-2385
-2332
-2167
-1890
-1511
-1049
-530
15
556
1061
1504
1864
2131
2298
2372
2363
2287
2165
2016
1858
1703
1558
1424
1294
1154
989
778
506
158
-273
-788
-1372
-2006
-2656
-3284
-3844
-4290
-4576
-4663
-4524
-4142
-3518
-2668
-1627
-442
824
2105
3326
4415
5307
5949
6302
6344
6075
5513
4693
3666
2494
1244
-12
-1212
-2296
-3220
-3950
-4473
-4785
-4900
-4841
-4638
-4324
-3934
-3496
-3031
-2553
-2064
-1560
-1028
-452
182
890
1676
2533
3442
4369
5270
6085
6749
7194
7355
7177
6621
5668
4325
2628
640
-1549
-3828
-6069
-8135
-9889
-11208
-11987
-12147
-11648
-10487
-8705
-6382
-3636
-616
2508
5558
8352
10723
12529
13658
0
0
0
0
0
0
0
0
0
0
0
0
0
0
0
0
0
0
0
0
0
0
0
0
0
0
0
0
0
0
0
0
0
0
0
0
0
0
0
0
0
0
0
0
0
0
0
0
0
0
0
0
0
0
0
0
0
0
0
0
0
0
0
0
0
0
0
-1560
-1647
-1896
-2264
-2688
-3089
-3382
-3481
-3317
-2839
-2025
-886
530
2149
3861
5542
7053
8258
9036
9288
8950
7998
6458
4397
1930
-793
-3599
-6297
-8698
-10627
-11936
-12520
-12319
-11330
-9604
-7245
-4403
-1264
1965
5070
7845
10106
11706
12544
12574
11807
10306
8188
5606
2745
-194
-3016
-5535
-7593
-9072
-9898
-10046
-9541
-8453
-6891
-4991
-2906
-796
1191
2923
4298
5247
5740
5784
5422
4726
3788
2715
1612
581
-295
-955
-1364
-1514
-1425
-1142
-725
-249
211
584
811
850
682
310
-237
-913
-1652
-2382
-3026
-3512
-3780
-3787
-3511
-2955
-2146
-1133
17
1224
2404
3470
4346
4969
5297
5308
5005
4415
3583
2572
1456
312
-785
-1769
-2586
-3200
-3593
-3766
-3740
-3547
-3232
-2842
-2427
-2027
-1676
-1391
-1177
-1023
-905
-790
-640
-415
-82
380
982
1714
2548
3439
4325
5134
5790
6217
6346
6127
5527
4542
3196
1539
-347
-2364
-4391
-6303
-7972
-9282
-10132
-10450
-10195
-9362
-7983
-6128
-3897
-1417
1167
3704
6044
8048
9601
10615
11037
10853
10087
8798
7077
5037
2811
535
-1655
-3638
-5309
-6590
-7433
-7819
-7764
-7306
-6510
-5457
-4237
-2944
-1666
-482
547
1377
1987
2374
2553
2558
2430
2217
1969
1729
1535
1411
1369
1407
1511
1655
1809
1935
2000
1970
1825
1550
1146
625
9
-666
-1360
-2030
-2628
-3115
-3455
-3626
-3615
-3423
-3065
-2565
-1958
-1288
-597
67
667
1169
1547
1791
1898
1880
1758
1560
1320
1075
859
701
625
641
754
952
1215
1515
1814
2072
2248
2305
2210
1941
1488
853
54
-877
-1900
-2959
-3992
-4935
-5723
-6295
-6598
-6592
-6253
-5574
-4565
-3258
-1702
37
1880
3736
5512
7112
8444
9428
9999
10108
9733
8871
7549
5818
3752
1446
-989
-3435
-5764
-7855
-9594
-10885
-11652
-11846
-11451
-10478
-8975
-7016
-4703
-2160
476
3064
5461
7539
9184
10310
10861
10816
10187
9025
7408
5445
3262
996
-1211
-3228
-4936
-6241
-7077
-7413
-7252
-6630
-5614
-4300
-2798
-1230
281
1623
2697
3430
3778
3729
3302
2548
1546
391
-805
-1933
-2886
-3571
-3918
-3886
-3464
-2674
-1569
-230
1241
2732
4122
5297
6157
6622
6644
6204
5319
4040
2447
646
-1242
-3088
-4765
-6155
-7162
-7716
-7781
-7352
-6463
-5178
-3589
-1810
34
1817
3417
4727
5666
6178
6242
5869
5103
4014
2698
1262
-179
-1513
-2640
-3477
-3966
-4078
-3814
-3206
-2311
-1210
2
1221
2344
3275
3934
4262
4226
3821
3070
2023
753
-649
-2084
-3449
-4641
-5574
-6174
-6394
-6209
-5624
-4667
-3394
-1880
-215
1499
3163
4675
5946
6902
7488
7672
7445
6821
5839
4555
3042
1384
-329
-2008
-3565
-4923
-6016
-6794
-7225
-7295
-7009
-6389
-5475
-4317
-2978
-1528
-39
1415
2767
3953
4920
5626
6044
6158
5971
5496
4764
3813
2696
1470
199
-1053
-2223
-3253
-4091
-4697
-5041
-5108
-4898
-4425
-3717
-2813
-1766
-632
523
1637
2648
3499
4143
4544
4681
4544
4143
3499
2648
1637
523
-632
-1766
-2813
-3717
-4425
-4898
-5108
-5041
-4697
-4091
-3253
-2223
-1053
199
1470
2696
3813
4764
5496
5971
6158
6044
5626
4920
3953
2767
1415
-39
-1528
-2978
-4317
-5475
-6389
-7009
-7295
-7225
-6794
-6016
-4923
-3565
-2008
-329
1384
3042
4555
5839
6821
7445
7672
7488
6902
5946
4675
3163
1499
-215
-1880
-3394
-4667
-5624
-6209
-6394
-6174
-5574
-4641
-3449
-2084
-649
753
2023
3070
3821
4226
4262
3934
3275
2344
1221
2
-1210
-2311
-3206
-3814
-4078
-3966
-3477
-2640
-1513
-179
1262
2698
4014
5103
5869
6242
6178
5666
4727
3417
1817
34
-1810
-3589
-5178
-6463
-7352
-7781
-7716
-7162
-6155
-4765
-3088
-1242
646
2447
4040
5319
6204
6644
6622
6157
5297
4122
2732
1241
-230
-1569
-2674
-3464
-3886
-3918
-3571
-2886
-1933
-805
391
1546
2548
3302
3729
3778
3430
2697
1623
281
-1230
-2798
-4300
-5614
-6630
-7252
-7413
-7077
-6241
-4936
-3228
-1211
996
3262
5445
7408
9025
10187
10816
10861
10310
9184
7539
5461
3064
476
-2160
-4703
-7016
-8975
-10478
-11451
-11846
-11652
-10885
-9594
-7855
-5764
-3435
-989
1446
3752
5818
7549
8871
9733
10108
9999
9428
8444
7112
5512
3736
1880
37
-1702
-3258
-4565
-5574
-6253
-6592
-6598
-6295
-5723
-4935
-3992
-2959
-1900
-877
54
853
1488
1941
2210
2305
2248
2072
1814
1515
1215
952
754
641
625
701
859
1075
1320
1560
1758
1880
1898
1791
1547
1169
667
67
-597
-1288
-1958
-2565
-3065
-3423
-3615
-3626
-3455
-3115
-2628
-2030
-1360
-666
9
625
1146
1550
1825
1970
2000
1935
1809
1655
1511
1407
1369
1411
1535
1729
1969
2217
2430
2558
2553
2374
1987
1377
547
-482
-1666
-2944
-4237
-5457
-6510
-7306
-7764
-7819
-7433
-6590
-5309
-3638
-1655
535
2811
5037
7077
8798
10087
10853
11037
10615
9601
8048
6044
3704
1167
-1417
-3897
-6128
-7983
-9362
-10195
-10450
-10132
-9282
-7972
-6303
-4391
-2364
-347
1539
3196
4542
5527
6127
6346
6217
5790
5134
4325
3439
2548
1714
982
380
-82
-415
-640
-790
-905
-1023
-1177
-1391
-1676
-2027
-2427
-2842
-3232
-3547
-3740
-3766
-3593
-3200
-2586
-1769
-785
312
1456
2572
3583
4415
5005
5308
5297
4969
4346
3470
2404
1224
17
-1133
-2146
-2955
-3511
-3787
-3780
-3512
-3026
-2382
-1652
-913
-237
310
682
850
811
584
211
-249
-725
-1142
-1425
-1514
-1364
-955
-295
581
1612
2715
3788
4726
5422
5784
5740
5247
4298
2923
1191
-796
-2906
-4991
-6891
-8453
-9541
-10046
-9898
-9072
-7593
-5535
-3016
-194
2745
5606
8188
10306
11807
12574
12544
11706
10106
7845
5070
1965
-1264
-4403
-7245
-9604
-11330
-12319
-12520
-11936
-10627
-8698
-6297
-3599
-793
1930
4397
6458
7998
8950
9288
9036
8258
7053
5542
3861
2149
530
-886
-2025
-2839
-3317
-3481
-3382
-3089
-2688
-2264
-1896
-1647
0
0
0
0
0
0
0
0
0
0
0
0
0
0
0
0
0
0
0
0
0
0
0
0
0
0
0
0
0
0
0
0
0
0
0
0
0
0
0
0
0
0
0
0
0
0
0
0
0
0
0
0
0
0
0
0
0
0
0
0
0
0
0
0
0
0
0
10922
10575
9558
7938
5826
3361
709
-1954
-4455
-6632
-8345
-9490
-10002
-9860
-9088
-7753
-5958
-3838
-1545
758
2917
4786
6245
7210
7631
7500
6851
5752
4305
2632
870
-841
-2373
-3613
-4475
-4905
-4887
-4439
-3616
-2499
-1197
172
1486
2626
3492
4006
4119
3819
3128
2098
815
-615
-2074
-3438
-4587
-5420
-5855
-5845
-5373
-4461
-3163
-1566
219
2068
3845
5422
6681
7527
7896
7754
7105
5992
4485
2686
715
-1296
-3217
-4922
-6305
-7282
-7801
-7842
-7418
-6573
-5379
-3929
-2327
-685
889
2302
3476
4354
4908
5134
5053
4707
4155
3464
2704
1945
1243
642
170
-166
-375
-483
-527
-549
-594
-700
-897
-1200
-1607
-2098
-2637
-3174
-3651
-4003
-4171
-4105
-3766
-3142
-2238
-1088
251
1702
3171
4554
5746
6649
7180
7280
6917
6092
4840
3231
1360
-651
-2669
-4556
-6176
-7411
-8169
-8386
-8041
-7148
-5764
-3980
-1918
279
2459
4468
6164
7426
8166
8331
7911
6937
5479
3643
1560
-621
-2747
-4669
-6255
-7396
-8020
-8088
-7606
-6614
-5190
-3439
-1488
527
2468
4208
5637
6669
7251
7363
7016
6254
5148
3786
2271
709
-796
-2156
-3294
-4158
-4719
-4972
-4935
-4644
-4150
-3513
-2797
-2061
-1359
-731
-205
206
508
713
848
942
1029
1137
1291
1503
1776
2102
2459
2818
3142
3392
3529
3520
3338
2970
2414
1684
805
-183
-1235
-2296
-3309
-4220
-4978
-5543
-5883
-5980
-5829
-5437
-4823
-4015
-3050
-1967
-810
379
1560
2695
3752
4701
5516
6177
6664
6960
7050
6921
6562
5966
5133
4068
2785
1312
-313
-2040
-3807
-5537
-7150
-8560
-9681
-10434
-10751
-10585
-9909
-8722
-7056
-4970
-2551
85
2808
5472
7928
10035
11665
12714
13110
12821
11851
10250
8104
5535
2693
-257
-3142
-5793
-8056
-9804
-10945
-11425
-11235
-10409
-9024
-7187
-5036
-2724
-409
1757
3638
5125
6140
6645
6641
6163
5286
4106
2740
1315
-46
-1232
-2151
-2735
-2952
-2799
-2308
-1537
-570
497
1560
2516
3273
3759
3922
3740
3221
2398
1331
97
-1209
-2495
-3665
-4635
-5337
-5724
-5774
-5487
-4891
-4032
-2973
-1788
-555
647
1753
2704
3459
3996
4310
4412
4328
4093
3749
3337
2896
2457
2041
1658
1306
975
646
295
-100
-559
-1094
-1705
-2382
-3101
-3824
-4507
-5095
-5534
-5772
-5763
-5475
-4891
-4014
-2868
-1496
40
1664
3290
4826
6182
7276
8038
8420
8392
7951
7115
5928
4453
2769
966
-860
-2618
-4219
-5589
-6667
-7412
-7801
-7833
-7524
-6906
-6022
-4927
-3680
-2341
-969
381
1662
2832
3859
4715
5382
5846
6100
6139
5964
5578
4991
4216
3272
2185
990
-271
-1552
-2798
-3949
-4947
-5733
-6257
-6476
-6363
-5909
-5123
-4036
-2699
-1182
426
2033
3535
4834
5840
6479
6701
6480
5822
4764
3370
1731
-39
-1822
-3487
-4914
-5996
-6650
-6820
-6489
-5671
-4422
-2827
-999
928
2815
4520
5914
6890
7370
7314
6720
5625
4107
2274
258
-1792
-3728
-5407
-6703
-7521
-7801
-7521
-6703
-5407
-3728
-1792
258
2274
4107
5625
6720
7314
7370
6890
5914
4520
2815
928
-999
-2827
-4422
-5671
-6489
-6820
-6650
-5996
-4914
-3487
-1822
-39
1731
3370
4764
5822
6480
6701
6479
5840
4834
3535
2033
426
-1182
-2699
-4036
-5123
-5909
-6363
-6476
-6257
-5733
-4947
-3949
-2798
-1552
-271
990
2185
3272
4216
4991
5578
5964
6139
6100
5846
5382
4715
3859
2832
1662
381
-969
-2341
-3680
-4927
-6022
-6906
-7524
-7833
-7801
-7412
-6667
-5589
-4219
-2618
-860
966
2769
4453
5928
7115
7951
8392
8420
8038
7276
6182
4826
3290
1664
40
-1496
-2868
-4014
-4891
-5475
-5763
-5772
-5534
-5095
-4507
-3824
-3101
-2382
-1705
-1094
-559
-100
295
646
975
1306
1658
2041
2457
2896
3337
3749
4093
4328
4412
4310
3996
3459
2704
1753
647
-555
-1788
-2973
-4032
-4891
-5487
-5774
-5724
-5337
-4635
-3665
-2495
-1209
97
1331
2398
3221
3740
3922
3759
3273
2516
1560
497
-570
-1537
-2308
-2799
-2952
-2735
-2151
-1232
-46
1315
2740
4106
5286
6163
6641
6645
6140
5125
3638
1757
-409
-2724
-5036
-7187
-9024
-10409
-11235
-11425
-10945
-9804
-8056
-5793
-3142
-257
2693
5535
8104
10250
11851
12821
13110
12714
11665
10035
7928
5472
2808
85
-2551
-4970
-7056
-8722
-9909
-10585
-10751
-10434
-9681
-8560
-7150
-5537
-3807
-2040
-313
1312
2785
4068
5133
5966
6562
6921
7050
6960
6664
6177
5516
4701
3752
2695
1560
379
-810
-1967
-3050
-4015
-4823
-5437
-5829
-5980
-5883
-5543
-4978
-4220
-3309
-2296
-1235
-183
805
1684
2414
2970
3338
3520
3529
3392
3142
2818
2459
2102
1776
1503
1291
1137
1029
942
848
713
508
206
-205
-731
-1359
-2061
-2797
-3513
-4150
-4644
-4935
-4972
-4719
-4158
-3294
-2156
-796
709
2271
3786
5148
6254
7016
7363
7251
6669
5637
4208
2468
527
-1488
-3439
-5190
-6614
-7606
-8088
-8020
-7396
-6255
-4669
-2747
-621
1560
3643
5479
6937
7911
8331
8166
7426
6164
4468
2459
279
-1918
-3980
-5764
-7148
-8041
-8386
-8169
-7411
-6176
-4556
-2669
-651
1360
3231
4840
6092
6917
7280
7180
6649
5746
4554
3171
1702
251
-1088
-2238
-3142
-3766
-4105
-4171
-4003
-3651
-3174
-2637
-2098
-1607
-1200
-897
-700
-594
-549
-527
-483
-375
-166
170
642
1243
1945
2704
3464
4155
4707
5053
5134
4908
4354
3476
2302
889
-685
-2327
-3929
-5379
-6573
-7418
-7842
-7801
-7282
-6305
-4922
-3217
-1296
715
2686
4485
5992
7105
7754
7896
7527
6681
5422
3845
2068
219
-1566
-3163
-4461
-5373
-5845
-5855
-5420
-4587
-3438
-2074
-615
815
2098
3128
3819
4119
4006
3492
2626
1486
172
-1197
-2499
-3616
-4439
-4887
-4905
-4475
-3613
-2373
-841
870
2632
4305
5752
6851
7500
7631
7210
6245
4786
2917
758
-1545
-3838
-5958
-7753
-9088
-9860
-10002
-9490
-8345
-6632
-4455
-1954
709
3361
5826
7938
9558
10575
0
0
0
0
0
0
0
0
0
0
0
0
0
0
0
0
0
0
0
0
0
0
0
0
0
0
0
0
0
0
0
0
0
0
0
0
0
0
0
0
0
0
0
0
0
0
0
0
0
0
0
0
0
0
0
0
0
0
0
0
0
0
0
0
0
0
0
17163
16611
14993
12424
9083
5203
1053
-3082
-6925
-10222
-12764
-14397
-15040
-14682
-13384
-11273
-8532
-5380
-2061
1181
4120
6558
8350
9403
9688
9239
8143
6538
4594
2500
446
-1389
-2858
-3853
-4313
-4231
-3647
-2652
-1369
52
1453
2679
3592
4088
4099
3607
2639
1270
-387
-2193
-3987
-5606
-6900
-7739
-8033
-7729
-6828
-5375
-3462
-1220
1194
3607
5842
7737
9153
9984
10172
9703
8613
6981
4927
2597
156
-2226
-4389
-6194
-7531
-8326
-8552
-8219
-7383
-6131
-4578
-2855
-1100
556
1998
3134
3902
4275
4261
3897
3251
2410
1471
537
-297
-952
-1367
-1508
-1368
-968
-354
406
1234
2043
2748
3270
3549
3545
3239
2640
1780
713
-489
-1745
-2968
-4072
-4980
-5628
-5973
-5990
-5676
-5053
-4158
-3046
-1784
-444
898
2174
3321
4287
5034
5539
5792
5799
5574
5143
4537
3791
2941
2024
1072
115
-819
-1708
-2532
-3271
-3909
-4429
-4816
-5056
-5136
-5046
-4780
-4338
-3727
-2961
-2062
-1062
0
1079
2127
3093
3928
4590
5041
5259
5232
4964
4471
3785
2948
2013
1037
76
-813
-1585
-2201
-2637
-2883
-2944
-2841
-2604
-2273
-1893
-1511
-1168
-899
-728
-668
-714
-850
-1048
-1269
-1469
-1602
-1626
-1506
-1217
-752
-117
662
1547
2485
3411
4258
4957
5446
5672
5598
5208
4503
3509
2270
849
-675
-2219
-3692
-5007
-6086
-6866
-7299
-7360
-7047
-6379
-5398
-4160
-2740
-1216
326
1805
3147
4287
5177
5786
6099
6120
5867
5373
4681
3838
2897
1908
919
-29
-903
-1678
-2337
-2871
-3277
-3559
-3721
-3770
-3716
-3565
-3323
-2996
-2589
-2106
-1557
-948
-295
386
1075
1745
2369
2915
3355
3659
3805
3777
3566
3174
2614
1909
1094
209
-696
-1572
-2368
-3034
-3531
-3826
-3899
-3744
-3367
-2788
-2042
-1171
-226
735
1658
2488
3176
3681
3975
4039
3871
3478
2883
2116
1218
236
-779
-1777
-2707
-3523
-4184
-4657
-4916
-4946
-4741
-4304
-3648
-2795
-1775
-627
605
1872
3120
4294
5338
6197
6823
7172
7211
6918
6284
5317
4042
2498
745
-1146
-3089
-4992
-6754
-8280
-9478
-10267
-10586
-10393
-9674
-8442
-6738
-4631
-2218
387
3053
5640
8009
10028
11581
12574
12944
12661
11729
10192
8124
5634
2852
-71
-2983
-5724
-8151
-10135
-11575
-12402
-12580
-12113
-11039
-9430
-7388
-5034
-2506
55
2510
4731
6607
8053
9012
9455
9387
8840
7872
6561
5004
3301
1558
-124
-1658
-2967
-3995
-4706
-5088
-5146
-4907
-4412
-3717
-2884
-1978
-1065
-206
546
1152
1582
1821
1869
1736
1446
1033
536
0
-530
-1012
-1404
-1675
-1798
-1760
-1556
-1194
-690
-73
622
1353
2073
2735
3291
3699
3922
3935
3722
3280
2622
1771
767
-340
-1493
-2628
-3676
-4574
-5262
-5691
-5825
-5645
-5150
-4358
-3305
-2046
-650
803
2230
3545
4667
5525
6065
6251
6069
5528
4662
3523
2186
735
-734
-2129
-3356
-4337
-5009
-5329
-5279
-4867
-4125
-3109
-1893
-565
777
2039
3130
3970
4500
4681
4500
3970
3130
2039
777
-565
-1893
-3109
-4125
-4867
-5279
-5329
-5009
-4337
-3356
-2129
-734
735
2186
3523
4662
5528
6069
6251
6065
5525
4667
3545
2230
803
-650
-2046
-3305
-4358
-5150
-5645
-5825
-5691
-5262
-4574
-3676
-2628
-1493
-340
767
1771
2622
3280
3722
3935
3922
3699
3291
2735
2073
1353
622
-73
-690
-1194
-1556
-1760
-1798
-1675
-1404
-1012
-530
0
536
1033
1446
1736
1869
1821
1582
1152
546
-206
-1065
-1978
-2884
-3717
-4412
-4907
-5146
-5088
-4706
-3995
-2967
-1658
-124
1558
3301
5004
6561
7872
8840
9387
9455
9012
8053
6607
4731
2510
55
-2506
-5034
-7388
-9430
-11039
-12113
-12580
-12402
-11575
-10135
-8151
-5724
-2983
-71
2852
5634
8124
10192
11729
12661
12944
12574
11581
10028
8009
5640
3053
387
-2218
-4631
-6738
-8442
-9674
-10393
-10586
-10267
-9478
-8280
-6754
-4992
-3089
-1146
745
2498
4042
5317
6284
6918
7211
7172
6823
6197
5338
4294
3120
1872
605
-627
-1775
-2795
-3648
-4304
-4741
-4946
-4916
-4657
-4184
-3523
-2707
-1777
-779
236
1218
2116
2883
3478
3871
4039
3975
3681
3176
2488
1658
735
-226
-1171
-2042
-2788
-3367
-3744
-3899
-3826
-3531
-3034
-2368
-1572
-696
209
1094
1909
2614
3174
3566
3777
3805
3659
3355
2915
2369
1745
1075
386
-295
-948
-1557
-2106
-2589
-2996
-3323
-3565
-3716
-3770
-3721
-3559
-3277
-2871
-2337
-1678
-903
-29
919
1908
2897
3838
4681
5373
5867
6120
6099
5786
5177
4287
3147
1805
326
-1216
-2740
-4160
-5398
-6379
-7047
-7360
-7299
-6866
-6086
-5007
-3692
-2219
-675
849
2270
3509
4503
5208
5598
5672
5446
4957
4258
3411
2485
1547
662
-117
-752
-1217
-1506
-1626
-1602
-1469
-1269
-1048
-850
-714
-668
-728
-899
-1168
-1511
-1893
-2273
-2604
-2841
-2944
-2883
-2637
-2201
-1585
-813
76
1037
2013
2948
3785
4471
4964
5232
5259
5041
4590
3928
3093
2127
1079
0
-1062
-2062
-2961
-3727
-4338
-4780
-5046
-5136
-5056
-4816
-4429
-3909
-3271
-2532
-1708
-819
115
1072
2024
2941
3791
4537
5143
5574
5799
5792
5539
5034
4287
3321
2174
898
-444
-1784
-3046
-4158
-5053
-5676
-5990
-5973
-5628
-4980
-4072
-2968
-1745
-489
713
1780
2640
3239
3545
3549
3270
2748
2043
1234
406
-354
-968
-1368
-1508
-1367
-952
-297
537
1471
2410
3251
3897
4261
4275
3902
3134
1998
556
-1100
-2855
-4578
-6131
-7383
-8219
-8552
-8326
-7531
-6194
-4389
-2226
156
2597
4927
6981
8613
9703
10172
9984
9153
7737
5842
3607
1194
-1220
-3462
-5375
-6828
-7729
-8033
-7739
-6900
-5606
-3987
-2193
-387
1270
2639
3607
4099
4088
3592
2679
1453
52
-1369
-2652
-3647
-4231
-4313
-3853
-2858
-1389
446
2500
4594
6538
8143
9239
9688
9403
8350
6558
4120
1181
-2061
-5380
-8532
-11273
-13384
-14682
-15040
-14397
-12764
-10222
-6925
-3082
1053
5203
9083
12424
14993
16611
0
0
0
0
0
0
0
0
0
0
0
0
0
0
0
0
0
0
0
0
0
0
0
0
0
0
0
0
0
0
0
0
0
0
0
0
0
0
0
0
0
0
0
0
0
0
0
0
0
0
0
0
0
0
0
0
0
0
0
0
0
0
0
0
0
0
0
