0
4278
8485
12550
16402
19973
23203
26035
28419
30314
31684
32507
32766
32456
31581
30156
28203
25758
22860
19561
15917
11991
7852
3573
-771
-5106
-9352
-13436
-17284
-20829
-24006
-26759
-29038
-30801
-32015
-32660
-32720
-32196
-31094
-29434
-27244
-24563
-21439
-17925
-14087
-9991
-5712
-1327
3083
7441
11667
15683
19415
22796
25762
28259
30239
31667
32514
32764
32412
31462
29931
27847
25247
22178
18696
14865
10755
6443
2009
-2465
-6896
-11201
-15299
-19113
-22570
-25606
-28162
-30190
-31650
-32514
-32764
-32394
-31411
-29832
-27686
-25012
-21861
-18292
-14372
-10175
-5781
-1274
3259
7733
12062
16161
19951
23359
26318
28771
30668
31973
32659
32711
32127
30919
29107
26727
23823
20452
16679
12577
8226
3711
-879
-5455
-9926
-14204
-18204
-21846
-25058
-27775
-29942
-31516
-32464
-32766
-32415
-31417
-29790
-27567
-24790
-21514
-17805
-13736
-9388
-4849
-209
4437
8997
13377
17489
21248
24578
27411
29687
31359
32393
32765
32468
31507
29899
27676
24884
21579
17828
13707
9301
4700
0
-4703
-9311
-13729
-17864
-21629
-24947
-27746
-29968
-31566
-32503
-32761
-32332
-31225
-29460
-27076
-24119
-20653
-16748
-12488
-7961
-3263
1506
6246
10856
15238
19298
22949
26112
28719
30713
32051
32702
32651
31900
30461
28366
25658
22395
18646
14492
10022
5332
524
-4298
-9029
-13567
-17811
-21669
-25055
-27896
-30127
-31699
-32577
-32739
-32182
-30916
-28967
-26379
-23206
-19519
-15397
-10932
-6222
-1372
3511
8320
12945
17284
21240
24723
27655
29968
31611
32545
32748
32214
30954
28995
26381
23169
19431
15252
10724
5950
1038
-3899
-8751
-13405
-17757
-21705
-25159
-28038
-30277
-31822
-32637
-32702
-32014
-30588
-28456
-25665
-22280
-18377
-14047
-9388
-4509
477
5455
10308
14924
19194
23018
26305
28979
30974
32243
32756
32498
31476
29711
27244
24133
20449
16280
11722
6884
1880
-3170
-8148
-12935
-17416
-21484
-25041
-28000
-30291
-31856
-32659
-32677
-31909
-30373
-28105
-25157
-21600
-17520
-13013
-8189
-3163
1941
7001
11893
16499
20705
24407
27516
29953
31659
32589
32721
32049
30590
28377
25463
21921
17836
13307
8448
3377
-1780
-6896
-11843
-16499
-20746
-24479
-27603
-30040
-31727
-32621
-32699
-31957
-30413
-28105
-25088
-21439
-17247
-12618
-7668
-2522
2689
7836
12787
17416
21605
25247
28248
30530
32035
32723
32574
31592
29801
27244
23987
20112
15718
10917
5832
595
-4660
-9798
-14685
-19194
-23208
-26622
-29345
-31307
-32455
-32757
-32206
-30813
-28614
-25665
-22043
-17841
-13169
-8148
-2911
2405
7661
12717
17440
21705
25397
28419
30689
32146
32750
32483
31352
29385
26633
23169
19084
14487
9500
4255
-1105
-6439
-11603
-16457
-20870
-24723
-27911
-30346
-31961
-32712
-32578
-31559
-29684
-27001
-23582
-19519
-14922
-9916
-4636
771
6162
11386
16301
20770
24671
27896
30354
31977
32719
32558
31498
29565
26813
23317
19172
14492
9407
4058
-1405
-6833
-12073
-16978
-21411
-25247
-28377
-30713
-32188
-32760
-32410
-31148
-29007
-26047
-22351
-18021
-13179
-7961
-2516
3003
8440
13640
18454
22745
26389
29282
31340
32503
32737
32033
30409
27913
24613
20604
16000
10932
5547
0
-5550
-10942
-16021
-20637
-24657
-27963
-30458
-32068
-32745
-32468
-31244
-29107
-26118
-22364
-17952
-13013
-7689
-2137
3479
8997
14252
19090
23367
26955
29748
31662
32640
32650
31691
29790
27003
23411
19119
14256
8965
3403
-2262
-7862
-13230
-18204
-22633
-26385
-29345
-31423
-32556
-32707
-31871
-30072
-27362
-23823
-19561
-14703
-9397
-3803
1908
7565
12994
18030
22517
26318
29316
31419
32559
32702
31841
30001
27238
23635
19302
14372
8996
3339
-2422
-8112
-13553
-18577
-23026
-26761
-29667
-31650
-32648
-32629
-31591
-29565
-26615
-22829
-18327
-13249
-7752
-2009
3799
9491
14886
19815
24120
27666
30338
32052
32751
32412
31044
28690
25423
21345
16586
11295
5642
-193
-6025
-11667
-16938
-21669
-25706
-28920
-31206
-32489
-32726
-31909
-30063
-27244
-23544
-19081
-13998
-8460
-2644
3259
9060
14569
19606
24006
27626
30346
32075
32756
32366
30916
28451
25051
20827
15917
10480
4696
-1244
-7147
-12817
-18065
-22719
-26622
-29644
-31684
-32674
-32578
-31398
-29173
-25975
-21909
-17110
-11737
-5969
0
5972
11747
17130
21941
26016
29217
31436
32596
32657
31615
29504
26395
22390
17625
12260
6476
470
-5554
-11392
-16845
-21726
-25867
-29127
-31393
-32585
-32662
-31619
-29491
-26349
-22301
-17483
-12062
-6222
-166
5898
11762
17222
22088
26191
29387
31566
32648
32597
31411
29131
25835
21636
16679
11138
5205
-912
-7001
-12847
-18244
-23003
-26955
-29960
-31912
-32739
-32412
-30940
-28374
-24803
-20353
-15179
-9465
-3413
2763
8843
14612
19863
24407
28083
30758
32334
32755
32003
30103
27124
23169
18381
12929
7010
836
-5370
-11386
-16993
-21989
-26191
-29446
-31636
-32680
-32538
-31214
-28754
-25247
-20819
-15630
-9868
-3744
2518
8692
14551
19879
24480
28184
30855
32393
32739
31880
29845
26709
22585
17625
12011
5950
-333
-6607
-12639
-18204
-23094
-27128
-30152
-32055
-32763
-32248
-30528
-27666
-23767
-18976
-13473
-7461
-1167
5173
11322
17047
22132
26385
29644
31785
32724
32427
30901
28203
24435
19738
14288
8294
1981
-4409
-10635
-16457
-21654
-26025
-29402
-31656
-32697
-32485
-31027
-28377
-24634
-19943
-14481
-8460
-2109
4324
10594
16457
21686
26077
29459
31699
32710
32451
30929
28203
24378
19601
14056
7961
1552
-4919
-11201
-17047
-22227
-26537
-29806
-31906
-32751
-32307
-30590
-27666
-23648
-18696
-13002
-6791
-309
6187
12441
18204
23246
27366
30398
32222
32762
31995
29951
26709
22398
17189
11289
4935
-1619
-8112
-14281
-19879
-24678
-28486
-31147
-32552
-32643
-31416
-28917
-25247
-20553
-15023
-8882
-2378
4225
10659
16662
21989
26421
29777
31918
32756
32254
30432
27362
23169
18024
12137
5748
-879
-7473
-13762
-19485
-24407
-28323
-31070
-32533
-32650
-31414
-28875
-25136
-20353
-14721
-8475
-1874
4807
11292
17307
22602
26955
30182
32146
32765
32010
29911
26556
22083
16679
10571
4016
-2711
-9326
-15551
-21121
-25799
-29387
-31732
-32732
-32344
-30582
-27520
-23286
-18060
-12062
-5547
1206
7911
14280
20041
24947
28786
31393
32653
32513
30975
28105
24024
18906
12972
6476
-301
-7069
-13534
-19415
-24458
-28443
-31196
-32596
-32580
-31148
-28360
-24336
-19250
-13322
-6811
0
6813
13332
19269
24364
28393
31178
32594
32578
31129
28309
24241
19103
13120
6555
-301
-7147
-13680
-19609
-24671
-28641
-31340
-32648
-32505
-30916
-27948
-23735
-18460
-12360
-5706
1206
8067
14569
20421
25359
29162
31656
32728
32328
30473
27244
22786
17298
11027
4255
-2711
-9557
-15974
-21669
-26383
-29901
-32062
-32766
-31979
-29736
-26137
-21345
-15577
-9095
-2195
4807
11593
17850
23291
27666
30771
32464
32665
31362
28614
24546
19345
13249
6538
-477
-7473
-14125
-20126
-25196
-29098
-31650
-32732
-32292
-30349
-26991
-22374
-16712
-10266
-3339
3746
10659
17076
22694
27251
30530
32377
32702
31489
28793
24740
19519
13375
6597
-494
-7565
-14281
-20323
-25404
-29282
-31772
-32753
-32178
-30072
-26533
-21729
-15887
-9285
-2238
4919
11843
18204
23695
28052
31066
32589
32548
30942
27847
23411
17845
11416
4435
-2763
-9830
-16425
-22227
-26955
-30378
-32330
-32713
-31507
-28769
-24631
-19293
-13013
-6096
1120
8285
15047
21076
26077
29802
32068
32763
31850
29372
25451
20276
14101
7230
0
-7232
-14111
-20295
-25478
-29402
-31872
-32764
-32033
-29711
-25913
-20827
-14703
-7845
-595
6688
13640
19914
25196
29220
31785
32759
32093
29819
26047
20967
14832
7950
664
-6656
-13645
-19948
-25247
-29273
-31822
-32763
-32046
-29706
-25861
-20703
-14492
-7543
-209
7138
14125
20396
25629
29557
31977
32766
31880
29363
25342
20022
13674
6622
-771
-8129
-15071
-21240
-26318
-30042
-32219
-32734
-31559
-28754
-24461
-18901
-12360
-5177
2276
9615
16457
22447
27271
30678
32489
32608
31026
27825
23169
17302
10527
3199
-4298
-11573
-18244
-23960
-28419
-31387
-32705
-32302
-30198
-26501
-21406
-15179
-8148
-684
6817
13962
20369
25700
29668
32064
32757
31710
28975
24698
19103
12488
5205
-2358
-9798
-16717
-22745
-27557
-30894
-32577
-32513
-30703
-27244
-22319
-16192
-9191
-1693
5898
13175
19743
25247
29388
31941
32765
31816
29141
24884
19276
12618
5272
-2362
-9871
-16845
-22903
-27714
-31014
-32621
-32445
-30495
-26875
-21781
-15492
-8351
-749
6896
14165
20658
26016
29942
32220
32721
31417
28377
23767
17841
10926
3403
-4310
-11787
-18613
-24407
-28847
-31684
-32759
-32010
-29476
-25298
-19707
-13013
-5590
2148
9769
16845
22980
27828
31116
32659
32366
30254
26438
21133
14635
7310
-430
-8148
-15409
-21801
-26962
-30598
-32502
-32563
-30778
-27244
-22162
-15818
-8572
-836
6950
14343
20920
26305
30190
32350
32661
31103
27762
22829
16586
9388
1649
-6187
-13670
-20369
-25898
-29936
-32249
-32702
-31267
-28024
-23161
-16955
-9766
-2009
5867
13405
20168
25762
29860
32222
32709
31291
28049
23169
16936
9711
1916
-5992
-13553
-20323
-25904
-29968
-32275
-32687
-31179
-27837
-22855
-16527
-9222
-1372
6562
14111
20829
26318
30252
32397
32623
30916
27374
22206
15718
8294
373
-7571
-15067
-21669
-26980
-30683
-32556
-32483
-30469
-26631
-21197
-14492
-6916
1077
9009
16402
22811
27851
31216
32702
32218
29790
25564
19793
12824
5078
-2978
-10856
-18080
-24210
-28873
-31785
-32766
-31757
-28816
-24119
-17952
-10689
-2772
5316
13083
20053
25799
29968
32304
32662
31017
27469
22233
15630
8064
0
-8067
-15639
-22251
-27492
-31038
-32669
-32282
-29899
-25665
-19840
-12785
-4935
3223
11185
18454
24578
29176
31960
32754
31507
28295
23317
16881
9388
1306
-6859
-14599
-21426
-26913
-30713
-32587
-32415
-30206
-26096
-20343
-13307
-5431
2789
10837
18204
24423
29100
31937
32755
31498
28244
23199
16679
9099
938
-7285
-15047
-21854
-27271
-30951
-32659
-32282
-29844
-25497
-19519
-12290
-4271
4023
12062
19330
25359
29762
32252
32670
30984
27303
21861
15008
7184
-1105
-9326
-16947
-23474
-28484
-31650
-32766
-31757
-28687
-23753
-17274
-9670
-1435
6896
14781
21705
27215
30951
32666
32248
29720
25247
19119
11737
3583
-4807
-12886
-20121
-26035
-30239
-32455
-32534
-30469
-26395
-20578
-13400
-5336
3083
11302
18775
25007
29584
32200
32681
30992
27244
21684
14679
6695
-1736
-10055
-17706
-24178
-29038
-31959
-32744
-31340
-27837
-22468
-15592
-7668
771
9163
16942
23583
28641
31772
32764
31548
28203
22955
16155
8261
-193
-8637
-16499
-23246
-28419
-31667
-32766
-31641
-28366
-23161
-16378
-8479
0
8482
16388
23178
28387
31659
32766
31633
28334
23092
16267
8323
-193
-8699
-16610
-23382
-28547
-31748
-32764
-31521
-28105
-22748
-15818
-7793
771
9287
17161
23850
28887
31923
32744
31292
27666
22114
15023
6884
-1736
-10238
-18030
-24565
-29387
-32158
-32681
-30919
-26991
-21173
-13868
-5590
3083
11543
19194
25499
30012
32414
32534
30361
26047
19895
12336
3903
-4807
-13181
-20625
-26610
-30711
-32637
-32248
-29569
-24790
-18247
-10405
-1820
6896
15124
22277
27843
31423
32760
31757
28483
23169
16196
8060
-655
-9326
-17331
-24094
-29127
-32068
-32703
-30984
-27033
-21133
-13707
-5289
3511
12062
19743
25999
30374
32552
32371
29844
25150
18630
10754
2094
-6719
-15047
-22282
-27896
-31478
-32765
-31661
-28244
-22763
-15616
-7324
1506
10228
18204
24847
29668
32313
32585
30461
26096
19809
12062
3423
-5469
-13962
-21426
-27310
-31178
-32740
-31881
-28661
-23317
-16242
-7961
912
9721
17811
24578
29519
32265
32608
30520
26157
19840
12041
3339
-5613
-14150
-21629
-27492
-31296
-32755
-31758
-28377
-22863
-15630
-7219
1736
10564
18599
25234
29968
32443
32468
30041
25342
18725
10689
1842
-7147
-15598
-22868
-28404
-31785
-32751
-31227
-27327
-21345
-13736
-5078
3969
12717
20496
26712
30887
32702
32014
28875
23522
16364
7950
-1077
-10024
-18204
-24986
-29848
-32414
-32483
-30050
-25298
-18593
-10451
-1499
7571
16058
23305
28750
31969
32711
30916
26720
20449
12587
3744
-5391
-14111
-21734
-27666
-31442
-32766
-31533
-27837
-21964
-14372
-5653
3510
12401
20323
26654
30894
32710
31957
28692
23169
15822
7226
-1941
-10958
-19113
-25762
-30378
-32596
-32237
-29328
-24096
-16955
-8469
691
9799
18132
25028
29936
32465
32412
29778
24772
17791
9388
234
-8940
-17404
-24479
-29598
-32350
-32513
-30072
-25219
-18342
-9991
-836
8388
16942
24135
29387
32275
32563
30226
25451
18620
10283
1113
-8148
-16754
-24006
-29316
-32252
-32574
-30254
-25477
-18630
-10266
-1066
8222
16845
24098
29390
32286
32549
30156
25298
18372
9941
695
-8610
-17213
-24407
-29603
-32371
-32482
-29925
-24908
-17841
-9305
0
9307
17850
24924
29942
32491
32356
29546
24293
17028
8351
-1019
-10308
-18745
-25629
-30386
-32621
-32145
-28995
-23432
-15917
-7073
2362
11603
19879
26497
30903
32728
31816
28241
22301
14491
5464
-4023
-13175
-21224
-27492
-31451
-32766
-31324
-27244
-20868
-12732
-3519
5992
15001
22745
28568
31977
32682
30619
25962
19103
10622
1238
-8253
-17047
-24394
-29668
-32420
-32412
-29643
-24347
-16973
-8148
1373
10781
19269
26112
30723
32705
31886
28334
22351
14449
5304
-4298
-13534
-21608
-27826
-31650
-32749
-31026
-26627
-19930
-11510
-2094
7504
16457
23989
29446
32355
32460
29752
24461
17046
8148
-1459
-10942
-19477
-26318
-30870
-32732
-31742
-27983
-21780
-13674
-4371
5316
14541
22496
28484
31977
32669
30495
25645
18541
9807
209
-9410
-18204
-25397
-30356
-32640
-32046
-28625
-22675
-14721
-5464
4278
13645
21806
28038
31787
32719
30748
26047
19032
10324
695
-8997
-17892
-25196
-30256
-32621
-32077
-28669
-22701
-14703
-5389
4409
13816
21989
28193
31872
32694
30582
25725
18555
9715
0
-9718
-18563
-25739
-30598
-32699
-31850
-28126
-21861
-13619
-4144
5708
15047
23026
28920
32194
32549
29951
24631
17073
7961
-1876
-11547
-20168
-26955
-31287
-32766
-31257
-26894
-20073
-11416
-1713
8148
17267
24807
30076
32589
32113
28690
22632
14492
5018
-4919
-14407
-22570
-28657
-32104
-32591
-30072
-24775
-17189
-8012
1907
11653
20323
27113
31393
32763
31094
26539
19519
10683
852
-9060
-18132
-25519
-30530
-32697
-31816
-27965
-21503
-13031
-3339
6667
16052
23938
29584
32459
32292
29097
23169
15065
5543
-4501
-14125
-22423
-28612
-32108
-32578
-29977
-24546
-16798
-7461
2582
12385
21019
27666
31694
32721
30647
25665
18247
9095
-923
-10856
-19760
-26786
-31264
-32766
-31146
-26556
-19431
-10451
-470
9557
18675
26008
30855
32749
31507
27244
20368
11537
1595
-8501
-17784
-25359
-30497
-32702
-31758
-27754
-21074
-12360
-2451
7696
17103
24860
30215
32648
31922
28105
21563
12929
3039
-7147
-16643
-24525
-30025
-32607
-32016
-28309
-21844
-13249
-3359
6859
16412
24364
29939
32588
32050
28377
21924
13322
3413
-6833
-16412
-24382
-29960
-32596
-32028
-28309
-21804
-13150
-3199
7069
16643
24578
30089
32630
31946
28105
21482
12732
2719
-7565
-17103
-24947
-30318
-32680
-31797
-27754
-20951
-12062
-1970
8320
17784
25478
30633
32732
31565
27244
20200
11134
952
-9326
-18675
-26154
-31014
-32765
-31228
-26556
-19215
-9941
333
10578
19760
26955
31436
32749
30759
25665
17979
8475
-1887
-12062
-21019
-27851
-31864
-32650
-30126
-24546
-16475
-6728
3703
13762
22423
28806
32258
32427
29291
23169
14683
4696
-5772
-15653
-23938
-29777
-32571
-32033
-28214
-21503
-12587
-2378
8077
17706
25519
30711
32748
31416
26850
19519
10175
-219
-10594
-19879
-27113
-31549
-32726
-30520
-25157
-17189
-7439
3083
13289
22119
28657
32222
32441
29289
23092
14492
4381
-6187
-16114
-24364
-30076
-32652
-31820
-27666
-20619
-11416
-1017
9491
19008
26537
31287
32757
30792
25595
17709
7961
-2625
-12939
-21894
-28547
-32194
-32451
-29286
-23032
-14346
-4144
6498
16457
24678
30291
32699
31644
27238
19943
10531
0
-10533
-19951
-27251
-31656
-32694
-30254
-24592
-16309
-6286
4409
14637
23305
29487
32519
32077
28203
21312
12137
1660
-8997
-18692
-26385
-31248
-32757
-30748
-25434
-17383
-7461
3266
13645
22556
29038
32390
32248
28625
21909
12824
2351
-8378
-18204
-26061
-31098
-32765
-30880
-25645
-17625
-7689
3083
13524
22496
29023
32393
32235
28565
21780
12618
2077
-8692
-18516
-26318
-31245
-32755
-30681
-25247
-17046
-6975
3863
14280
23132
29446
32527
32033
28015
20915
11510
836
-9932
-19609
-27125
-31650
-32682
-30103
-24198
-15616
-5304
5596
15880
24407
30232
32705
31550
26894
19250
9465
-1373
-12062
-21411
-28379
-32188
-32412
-29022
-22395
-13267
-2656
8253
18244
26197
31222
32754
30619
25054
16679
6433
-4537
-15001
-23783
-29895
-32648
-31731
-27244
-19690
-9916
976
11762
21224
28293
32170
32415
28997
22301
13080
2378
-8595
-18599
-26497
-31393
-32729
-30352
-24528
-15917
-5494
5554
15974
24578
30386
32734
31352
26395
18425
8351
-2679
-13405
-22602
-29217
-32491
-32046
-27932
-20616
-10936
0
10939
20625
27944
32055
32482
29173
22507
13249
2462
-8610
-18692
-26622
-31481
-32707
-30156
-24119
-15293
-4696
6446
16845
25296
30817
32766
30916
25477
17079
6695
-4468
-15115
-24006
-30106
-32702
-31489
-26606
-18620
-8460
2689
13528
22788
29387
32552
31909
27532
19930
9991
-1120
-12103
-21669
-28693
-32350
-32208
-28280
-21025
-11295
-234
10856
20671
28052
32127
32412
28871
21921
12379
1372
-9799
-19815
-27487
-31906
-32545
-29328
-22632
-13249
-2291
8940
19113
27016
31708
32629
29666
23169
13911
2992
-8285
-18577
-26654
-31549
-32677
-29899
-23544
-14372
-3477
7836
18214
26411
31442
32702
30037
23764
14635
3744
-7598
-18030
-26293
-31393
-32711
-30086
-23833
-14703
-3796
7571
18026
26305
31405
32707
30050
23753
14577
3632
-7754
-18204
-26446
-31479
-32688
-29925
-23522
-14256
-3253
8148
18560
26712
31608
32650
29706
23135
13736
2656
-8751
-19090
-27095
-31785
-32581
-29385
-22585
-13013
-1842
9557
19786
27585
31994
32468
28947
21861
12081
809
-10564
-20637
-28166
-32219
-32293
-28377
-20951
-10932
440
11762
21629
28819
32437
32033
27653
19840
9561
-1907
-13142
-22745
-29519
-32621
-31661
-26755
-18514
-7961
3586
14689
23960
30239
32740
31148
25658
16955
6128
-5469
-16384
-25247
-30944
-32759
-30461
-24336
-15151
-4058
7546
18204
26572
31595
32638
29565
22763
13087
1756
-9798
-20118
-27896
-32148
-32332
-28424
-20915
-10754
771
12203
22088
29171
32552
31797
27001
18769
8148
-3511
-14727
-24069
-30346
-32754
-30984
-25260
-16309
-5272
6439
17331
26008
31359
32696
29845
23169
13521
2137
-9523
-19964
-27843
-32146
-32318
-28334
-20703
-10405
1234
12717
22564
29503
32637
31559
26407
17841
6968
-4807
-15965
-25058
-30909
-32757
-30361
-24028
-14577
-3233
8533
19194
27364
31977
32433
28669
21173
10917
-762
-12345
-22321
-29387
-32619
-31592
-26438
-17828
-6884
4961
16161
25247
31028
32744
30168
23635
13998
2522
-9287
-19879
-27860
-32179
-32265
-28105
-20242
-9711
2101
13640
23382
30040
32733
31103
25362
16267
5018
-6896
-17901
-26537
-31659
-32585
-29190
-21921
-11741
0
11743
21929
29201
32589
31641
26480
17791
6728
-5233
-16499
-25566
-31222
-32709
-29826
-22955
-13013
-1327
10537
20994
28641
32450
31909
27088
18630
7668
-4324
-15739
-25041
-30976
-32744
-30105
-23411
-13561
-1880
10055
20637
28436
32397
31982
27244
18822
7852
-4182
-15653
-25007
-30974
-32743
-30072
-23319
-13400
-1660
10308
20879
28612
32455
31881
26966
18377
7282
-4807
-16245
-25468
-31216
-32702
-29720
-22675
-12528
-664
11292
21705
29147
32596
31576
26225
17274
5950
-6193
-17489
-26383
-31650
-32564
-28995
-21433
-10917
1105
12978
23064
29968
32737
30984
24950
15465
3839
-8320
-19330
-27666
-32170
-32217
-27796
-19519
-8531
3643
15314
24860
30951
32739
29972
23032
12884
938
-11141
-21669
-29176
-32613
-31498
-25982
-16835
-5332
6918
18204
26944
31912
32410
28366
20343
9465
-2743
-14569
-24351
-30713
-32759
-30198
-23387
-13283
-1306
10856
21492
29100
32604
31507
25962
16748
5166
-7147
-18454
-27152
-32008
-32332
-28076
-19840
-8789
3510
15314
24947
31038
32720
29752
22551
12140
0
-12143
-22559
-29762
-32723
-31017
-24884
-15198
-3339
8998
20053
28242
32393
31908
26854
17952
6476
-5930
-17489
-26541
-31785
-32465
-28481
-20402
-9388
2978
14918
24714
30951
32730
29790
22554
12062
-172
-12385
-22811
-29942
-32746
-30813
-24421
-14492
-2462
9926
20879
28806
32556
31581
26021
16679
4912
-7571
-18956
-27585
-32200
-32127
-27374
-18630
-7167
5342
17076
26318
31719
32485
28504
20353
9222
-3259
-15267
-25041
-31147
-32687
-29434
-21861
-11077
1334
13553
23783
30517
32764
30189
23169
12736
423
-11953
-22570
-29860
-32743
-30792
-24293
-14202
-2009
10483
21426
29201
32652
31267
25247
15482
3419
-9153
-20369
-28563
-32514
-31633
-26047
-16586
-4654
7973
19415
27967
32350
31910
26709
17520
5712
-6950
-18577
-27428
-32179
-32116
-27244
-18292
-6597
6088
17864
26962
32015
32263
27666
18910
7310
-5391
-17284
-26579
-31872
-32366
-27983
-19380
-7852
4862
16845
26287
31760
32433
28203
19707
8226
-4501
-16550
-26094
-31684
-32472
-28334
-19895
-8434
4310
16402
26003
31651
32486
28377
19946
8475
-4288
-16402
-26016
-31662
-32478
-28334
-19861
-8351
4437
16550
26133
31717
32445
28203
19638
8060
-4756
-16845
-26351
-31812
-32386
-27983
-19276
-7602
5243
17284
26666
31941
32293
27666
18769
6975
-5898
-17864
-27071
-32095
-32157
-27244
-18113
-6176
6719
18577
27557
32265
31968
26709
17302
5205
-7702
-19415
-28111
-32434
-31710
-26047
-16326
-4058
8843
20369
28719
32588
31368
25247
15179
2736
-10137
-21426
-29364
-32705
-30922
-24293
-13853
-1238
11573
22570
30025
32764
30353
23169
12339
-434
-13142
-23783
-30678
-32739
-29638
-21861
-10632
2276
14829
25041
31296
32604
28754
20353
8727
-4282
-16616
-26318
-31849
-32328
-27676
-18630
-6622
6439
18480
27585
32302
31880
26381
16679
4318
-8734
-20396
-28806
-32620
-31227
-24845
-14492
-1820
11144
22329
29942
32763
30335
23047
12062
-859
-13645
-24243
-30951
-32688
-29173
-20967
-9388
3703
16202
26094
31785
32354
27709
18593
6476
-6688
-18775
-27832
-32393
-31718
-25913
-15915
-3339
9779
21317
29402
32723
30737
23764
12933
0
-12935
-23772
-30745
-32720
-29372
-21243
-9654
3510
16105
26077
31798
32332
27590
18342
6096
-7147
-19226
-28162
-32493
-31507
-25362
-15061
-2291
10856
22227
29953
32765
30198
22670
11416
-1716
-14569
-25028
-31370
-32548
-28366
-19509
-7435
5867
18204
27539
32330
31782
25982
15887
3163
-10086
-21669
-29667
-32753
-30413
-23032
-11831
1334
14281
24860
31312
32563
28403
19519
7387
-5976
-18347
-27666
-32377
-31693
-25725
-15465
-2622
10659
22164
29968
32766
30086
22374
10917
-2369
-15261
-25599
-31650
-32396
-27709
-18372
-5950
7473
19643
28516
32596
31195
24546
13765
664
-12550
-23653
-30771
-32702
-29116
-20616
-8634
4807
17440
27128
32230
31881
26137
15968
3092
-10308
-21966
-29901
-32766
-30072
-22272
-10689
2711
15653
25937
31812
32275
27244
17574
4908
-8595
-20637
-29162
-32712
-30681
-23411
-12140
1206
14349
25041
31451
32480
27948
18630
6117
-7445
-19735
-28641
-32634
-31026
-24089
-13013
301
13567
24501
31222
32570
28309
19172
6728
-6876
-19298
-28393
-32589
-31159
-24347
-13326
0
13328
24354
31166
32585
28360
19220
6748
-6896
-19347
-28443
-32604
-31103
-24198
-13087
301
13640
24608
31294
32533
28105
18778
6176
-7504
-19879
-28786
-32669
-30847
-23635
-12290
1206
14493
25247
31583
32389
27520
17828
5008
-8692
-20870
-29387
-32745
-30352
-22624
-10917
2711
15865
26229
31977
32094
26556
16335
3233
-10442
-22277
-30182
-32757
-29546
-21112
-8944
4807
17712
27483
32390
31559
25136
14256
845
-12717
-24026
-31070
-32598
-28334
-19032
-6345
7473
19964
28903
32697
30666
23169
11540
-2148
-15456
-26008
-31918
-32127
-26596
-16309
-3103
10659
22517
30346
32741
29270
20553
8148
-5719
-18563
-28078
-32552
-31179
-24202
-12874
771
14281
25223
31625
32332
27214
17189
4062
-9798
-21894
-30040
-32762
-29565
-21025
-8682
5233
18204
27882
32514
31257
24336
13002
-691
-14262
-25247
-31650
-32307
-27094
-16955
-3732
10171
22227
30239
32747
29289
20494
7961
-6025
-18915
-28356
-32621
-30929
-23586
-11931
1907
15400
26077
31982
32033
26215
15592
2109
-11762
-23479
-30889
-32629
-28377
-18910
-5966
8077
20637
29402
32756
30080
21861
9613
-4409
-17621
-27585
-32459
-31342
-24435
-13013
816
14497
25499
31785
32188
26631
16140
2656
-11322
-23203
-30782
-32650
-28456
-18976
-5969
8148
20755
29503
32763
29925
21514
9095
-5021
-18204
-27995
-32564
-31058
-23753
-12011
1977
15598
26305
32095
31880
25698
14703
952
-12978
-24480
-31393
-32418
-27360
-17165
-3744
10381
22559
30497
32702
28754
19394
6380
-7836
-20580
-29446
-32762
-29899
-21393
-8847
5370
18577
28275
32630
30814
23169
11138
-3003
-16579
-27016
-32334
-31523
-24733
-13249
751
14612
25700
31906
32048
26096
15179
1372
-12698
-24354
-31371
-32412
-27273
-16932
-3359
10856
23003
30758
32638
28280
18514
5205
-9101
-21669
-30089
-32747
-29131
-19930
-6905
7445
20371
29387
32762
29844
21189
8460
-5898
-19125
-28673
-32702
-30433
-22301
-9868
4468
17946
27963
32585
30916
23274
11134
-3159
-16845
-27275
-32428
-31305
-24119
-12260
1977
15833
26622
32247
31615
24845
13249
-923
-14918
-26016
-32055
-31858
-25461
-14105
0
14107
25468
31864
32046
25975
14832
792
-13405
-24986
-31684
-32188
-26395
-15435
-1452
12817
24578
31525
32292
26727
15917
1981
-12345
-24250
-31393
-32366
-26976
-16280
-2378
11993
24006
31293
32415
27148
16527
2644
-11762
-23850
-31230
-32442
-27244
-16660
-2779
11653
23783
31206
32451
27267
16679
2783
-11667
-23806
-31222
-32441
-27217
-16586
-2656
11803
23919
31277
32412
27094
16378
2398
-12062
-24120
-31370
-32361
-26894
-16056
-2009
12441
24407
31496
32285
26615
15616
1488
-12939
-24777
-31650
-32178
-26251
-15055
-836
13553
25223
31826
32033
25797
14372
52
-14280
-25739
-32015
-31841
-25247
-13561
863
15115
26318
32208
31592
24592
12618
-1908
-16052
-26950
-32393
-31276
-23823
-11540
3083
17085
27622
32556
30880
22932
10324
-4384
-18204
-28323
-32682
-30389
-21909
-8965
5807
19399
29038
32755
29790
20744
7461
-7347
-20658
-29748
-32757
-29067
-19428
-5811
8997
21966
30436
32669
28203
17952
4016
-10746
-23305
-31079
-32468
-27184
-16309
-2077
12583
24657
31656
32135
25992
14491
0
-14493
-25999
-32139
-31644
-24613
-12494
2208
16457
27304
32503
30975
23032
10317
-4537
-18454
-28547
-32719
-30103
-21238
-7961
6971
20458
29694
32757
29007
19220
5431
-9491
-22439
-30713
-32587
-27666
-16973
-2736
12073
24364
31568
32177
26060
14492
-108
-14689
-26197
-32222
-31498
-24174
-11781
3083
17304
27896
32634
30520
21996
8847
-6162
-19879
-29416
-32766
-29219
-19519
-5706
9311
22368
30711
32578
27570
16743
2378
-12491
-24723
-31732
-32033
-25558
-13674
1105
15653
26888
32428
31095
23169
10328
-4707
-18745
-28806
-32750
-29736
-20402
-6728
8378
21705
30414
32650
27932
17262
2911
-12062
-24465
-31651
-32083
-25665
-13765
1077
15692
26955
32455
31012
22932
9941
-5180
-19194
-29098
-32765
-29406
-19738
-5832
9326
22486
30817
32526
27244
16102
1495
-13436
-25478
-32035
-31693
-24521
-12062
2999
17416
28078
32680
30226
21243
7668
-7565
-21167
-30192
-32685
-28105
-17438
-2992
12103
24578
31727
31995
25321
13150
-1876
-16499
-27539
-32596
-30567
-21889
-8448
6833
20630
29936
32722
28377
17845
3419
-11753
-24364
-31659
-32040
-25423
-13249
1823
16499
27568
32607
30508
21729
8189
-7147
-20920
-30108
-32693
-28105
-17347
-2779
12401
24860
31856
31850
24838
12360
-2839
-17416
-28160
-32702
-30037
-20749
-6884
8501
22013
30668
32552
27244
15915
1066
-14020
-26008
-32243
-31342
-23500
-10451
4915
19194
29220
32766
29042
18871
4509
-10856
-23813
-31479
-32147
-25665
-13473
1720
16533
27666
32637
30335
21271
7461
-8015
-21705
-30552
-32578
-27327
-15968
-1038
14125
26133
32294
31228
23169
9920
-5554
-19786
-29584
-32748
-28565
-17970
-3339
12043
24723
31849
31816
24627
11897
-3511
-18132
-28673
-32755
-29458
-19519
-5177
10334
23516
31393
32182
25702
13414
-1907
-16800
-27896
-32682
-30072
-20653
-6555
9029
22570
30997
32395
26445
14492
-751
-15827
-27310
-32589
-30461
-21406
-7481
8148
21926
30713
32507
26894
15151
-48
-15238
-26955
-32522
-30664
-21804
-7961
7702
21608
30575
32549
27076
15403
202
-15047
-26852
-32503
-30703
-21861
-8002
7696
21629
30598
32538
27001
15255
0
-15257
-27007
-32541
-30582
-21579
-7602
8129
21989
30779
32468
26664
14703
-655
-15865
-27411
-32621
-30288
-20948
-6758
8997
22672
31098
32318
26047
13736
-1763
-16855
-28038
-32713
-29790
-19946
-5464
10289
23653
31516
32046
25116
12336
-3319
-18204
-28847
-32766
-29042
-18541
-3711
11987
24889
31977
31593
23823
10480
-5316
-19871
-29777
-32711
-27983
-16697
-1495
14059
26318
32404
30885
22114
8148
-7733
-21801
-30745
-32460
-26539
-14372
1180
16457
27860
32699
29832
19930
5325
-10537
-23916
-31650
-31910
-24631
-11530
4298
19113
29409
32747
28334
17210
2009
-13670
-26112
-32365
-30942
-22178
-8148
7817
21929
30833
32412
26285
13907
-1780
-17047
-28259
-32743
-29429
-19103
-4222
11667
24777
31977
31548
23586
9991
-5992
-20546
-30192
-32619
-27244
-15350
219
15739
27492
32660
30001
20149
5464
-10533
-24006
-31719
-31816
-24270
-10892
5106
19879
29873
32681
27625
15917
373
-15261
-27221
-32621
-30156
-20416
-5748
10308
23879
31684
31836
24293
10875
-5173
-19973
-29942
-32665
-27477
-15633
0
15636
27483
32666
29925
19920
5078
-10999
-24407
-31886
-31615
-23656
-9941
6193
20824
30386
32549
26782
14487
-1341
-16845
-28242
-32749
-29262
-18630
-3445
12583
25539
32252
31078
22301
8064
-8148
-22368
-31111
-32231
-25451
-12429
3643
18824
29387
32737
28047
16465
836
-15001
-27152
-32625
-30072
-20115
-5205
10989
24479
31937
31523
23335
9388
-6876
-21447
-30723
-32412
-26092
-13322
2743
18132
29038
32759
28371
16955
1338
-14612
-26944
-32596
-30164
-20247
-5304
10958
24501
31960
31477
23169
9099
-7236
-21774
-30894
-32323
-25702
-12676
3510
18824
29446
32724
27837
16000
166
-15711
-27666
-32707
-29572
-19041
-3744
12491
25602
32304
30916
21780
7184
-9215
-23305
-31551
-31880
-24205
-10451
5930
20824
30486
32483
26311
13518
-2679
-18204
-29147
-32749
-28098
-16364
-502
15488
27574
32702
29574
18976
3583
-12717
-25806
-32371
-30748
-21345
-6538
9926
23879
31785
31636
23467
9346
-7147
-21830
-30974
-32254
-25342
-11991
4409
19692
29968
32623
26976
14462
-1736
-17495
-28798
-32764
-28377
-16752
-852
15267
27492
32699
29554
18857
3339
-13034
-26077
-32450
-30520
-20777
-5712
10817
24578
32042
31291
22515
7961
-8637
-23021
-31496
-31881
-24075
-10079
6509
21426
30833
32307
25463
12062
-4448
-19815
-30076
-32585
-26689
-13907
2465
18204
29244
32732
27762
15616
-569
-16610
-28356
-32765
-28692
-17189
-1231
15047
27428
32699
29490
18630
2932
-13528
-26478
-32552
-30168
-19943
-4530
12062
25519
32337
30737
21133
6022
-10659
-24565
-32068
-31208
-22206
-7407
9326
23628
31760
31593
23169
8686
-8070
-22719
-31423
-31903
-24028
-9858
6896
21846
31070
32147
24790
10926
-5807
-21019
-30711
-32336
-25461
-11891
4807
20244
30356
32478
26047
12755
-3899
-19528
-30012
-32581
-26556
-13521
3083
18877
29687
32654
26991
14192
-2362
-18294
-29387
-32703
-27360
-14769
1736
17784
29119
32734
27666
15255
-1206
-17349
-28887
-32752
-27913
-15652
771
16993
28695
32761
28105
15962
-434
-16717
-28547
-32765
-28244
-16186
193
16523
28443
32766
28334
16326
-48
-16412
-28387
-32766
-28374
-16382
0
0
0
0
0
0
0
0
0
0
0
0
0
0
0
0
0
0
0
0
0
0
0
0
0
0
0
0
0
0
0
0
0
0
0
0
0
0
0
0
0
0
0
0
0
0
0
0
0
0
0
0
0
0
0
0
0
0
0
0
0
0
0
0
0
0
0
0
0
0
0
0
0
0
0
0
0
0
0
0
0
0
0
0
0
0
0
0
0
0
0
0
0
0
0
0
0
0
0
0
0
0
0
0
0
0
0
0
0
0
0
0
0
0
0
0
0
0
0
0
0
0
0
0
0
0
0
0
0
0
0
0
0
0
0
0
0
0
0
0
0
0
0
0
0
0
0
0
0
0
0
0
0
0
0
0
0
0
0
0
0
0
0
0
0
0
0
0
0
0
0
0
0
0
0
0
0
0
0
0
0
0
0
0
0
0
0
0
0
0
0
0
0
0
0
0
0
0
0
0
0
0
0
0
0
0
0
0
0
0
0
0
0
0
0
0
0
0
0
0
0
0
0
0
0
0
0
0
0
0
0
0
0
0
0
0
0
0
0
0
0
0
0
0
0
0
0
0
0
0
0
0
0
0
0
0
0
0
0
0
0
0
0
0
0
0
0
0
0
0
0
0
0
0
0
0
0
0
0
0
0
0
0
0
0
0
0
0
0
0
0
0
0
0
0
0
0
0
0
0
0
0
0
0
0
0
0
0
0
0
0
0
0
0
0
0
0
0
0
0
0
0
0
0
0
0
0
0
0
0
0
0
0
0
0
0
0
0
0
0
0
0
0
0
0
0
0
0
0
0
0
0
0
0
0
0
0
0
0
0
0
0
0
0
0
0
0
0
0
0
0
0
0
0
0
0
0
0
0
0
0
0
0
0
0
0
0
0
0
0
0
0
0
0
0
0
0
0
0
0
0
0
0
0
0
0
0
0
0
0
0
0
0
0
0
0
0
0
0
0
0
0
0
0
0
0
0
0
0
0
0
0
0
0
0
0
0
0
0
0
0
0
0
0
0
0
0
0
0
0
0
0
0
0
0
0
0
0
0
0
0
0
0
0
0
0
0
0
0
0
0
0
0
0
0
0
0
0
0
0
0
0
0
0
0
0
0
0
0
0
0
0
0
0
0
0
0
0
0
0
0
0
0
0
0
0
0
0
0
0
0
0
0
0
0
0
0
0
0
0
0
0
0
0
0
0
0
0
0
0
0
0
0
0
0
0
0
0
0
0
0
0
0
0
0
0
0
0
0
0
0
0
0
0
0
0
0
0
0
0
0
0
0
0
0
0
0
0
0
0
0
0
0
0
0
0
0
0
0
0
0
0
0
0
0
0
0
0
0
0
0
0
0
0
0
0
0
0
0
0
0
0
0
0
0
0
0
0
0
0
0
0
0
0
0
0
0
0
0
0
0
0
0
0
0
0
0
0
0
0
0
0
0
0
0
0
0
0
0
0
0
0
0
0
0
0
0
0
0
0
0
0
0
0
0
0
0
0
0
0
0
0
0
0
0
0
0
0
0
0
0
0
0
0
0
0
0
0
0
0
0
0
0
0
0
0
0
0
0
0
0
0
0
0
0
0
0
0
0
0
0
0
0
0
0
0
0
0
0
0
0
0
0
0
0
0
0
0
0
0
0
0
0
0
0
0
0
0
0
0
0
0
0
0
0
0
0
0
0
0
0
0
0
0
0
0
0
0
0
0
0
0
0
0
0
0
0
0
0
0
0
0
0
0
0
0
0
0
0
0
0
0
0
0
0
0
0
0
0
0
0
0
0
0
0
0
0
0
0
0
0
0
0
0
0
0
0
0
0
0
0
0
0
0
0
0
0
0
0
0
0
0
0
0
0
0
0
0
0
0
0
0
0
0
0
0
0
0
0
0
0
0
0
0
0
0
0
0
0
0
0
0
0
0
0
0
0
0
0
0
0
0
0
0
0
0
0
0
0
0
0
0
0
0
0
0
0
0
0
0
0
0
0
0
0
0
0
0
0
0
0
0
0
0
0
0
0
0
0
0
0
0
0
0
0
0
0
0
0
0
0
0
0
0
0
0
0
0
0
0
0
0
0
0
0
0
0
0
0
0
0
0
0
0
0
0
0
0
0
0
0
0
0
0
0
0
0
0
0
0
0
0
0
0
0
0
0
0
0
0
0
0
0
0
0
0
0
0
0
0
11915
11600
10675
9191
7232
4909
2349
-302
-2904
-5313
-7403
-9068
-10226
-10828
-10854
-10321
-9274
-7787
-5954
-3888
-1708
465
2517
4345
5866
7017
7760
8085
8002
7545
6768
5736
4522
3203
1854
542
-673
-1749
-2654
-3372
-3898
-4241
-4416
-4445
-4352
-4158
-3886
-3550
-3162
-2727
-2247
-1721
-1147
-524
143
849
1576
2304
3004
3643
4186
4594
4836
4882
4714
4324
3719
2916
1950
865
-283
-1436
-2530
-3502
-4300
-4876
-5202
-5260
-5052
-4595
-3923
-3079
-2120
-1105
-94
854
1691
2377
2885
3203
3331
3284
3086
2770
2374
1934
1489
1068
697
390
153
-14
-124
-192
-235
-275
-328
-411
-531
-694
-895
-1126
-1374
-1621
-1848
-2036
-2169
-2232
-2215
-2113
-1925
-1656
-1312
-904
-443
58
587
1133
1681
2220
2736
3214
3635
3980
4225
4346
4317
4115
3718
3114
2297
1277
74
-1271
-2707
-4163
-5560
-6809
-7820
-8506
-8792
-8620
-7958
-6801
-5177
-3149
-810
1716
4288
6748
8936
10701
11913
12468
12304
11405
9800
7571
4839
1769
-1452
-4620
-7530
-9992
-11842
-12957
-13262
-12738
-11423
-9407
-6831
-3872
-735
2366
5224
7650
9488
10628
11013
10640
9562
7881
5740
3311
782
-1658
-3834
-5599
-6840
-7490
-7531
-6991
-5944
-4497
-2785
-959
830
2444
3761
4692
5182
5217
4818
4041
2970
1705
361
-952
-2132
-3094
-3776
-4143
-4189
-3933
-3417
-2700
-1853
-948
-55
763
1461
2006
2384
2597
2661
2601
2448
2235
1991
1737
1489
1250
1015
774
511
210
-140
-546
-1005
-1501
-2010
-2499
-2925
-3248
-3426
-3425
-3225
-2816
-2211
-1436
-538
425
1386
2272
3015
3554
3847
3868
3617
3115
2408
1560
648
-243
-1034
-1650
-2036
-2157
-2008
-1608
-1005
-269
513
1249
1844
2216
2300
2059
1489
617
-495
-1759
-3063
-4282
-5292
-5977
-6244
-6030
-5310
-4102
-2466
-502
1656
3855
5927
7710
9055
9844
9999
9487
8326
6584
4373
1844
-829
-3460
-5866
-7880
-9367
-10231
-10425
-9953
-8867
-7264
-5277
-3060
-781
1396
3325
4888
5999
6618
6746
6424
5727
4756
3627
2458
1358
420
-293
-747
-943
-912
-710
-415
-110
120
204
89
-248
-804
-1543
-2399
-3286
-4104
-4750
-5128
-5162
-4801
-4031
-2875
-1394
317
2135
3919
5524
6810
7659
7983
7735
6915
5568
3785
1697
-538
-2748
-4758
-6405
-7557
-8116
-8035
-7318
-6022
-4250
-2147
114
2351
4377
6026
7163
7693
7574
6815
5480
3679
1562
-696
-2911
-4901
-6502
-7586
-8065
-7901
-7110
-5757
-3951
-1839
411
2625
4631
6276
7442
8047
8058
7488
6396
4880
3069
1109
-845
-2648
-4170
-5309
-5999
-6214
-5966
-5305
-4313
-3094
-1764
-445
752
1734
2430
2800
2837
2565
2035
1324
520
-280
-985
-1512
-1799
-1808
-1527
-973
-192
749
1767
2767
3653
4336
4739
4808
4513
3852
2850
1562
64
-1547
-3168
-4688
-6000
-7010
-7641
-7841
-7583
-6871
-5736
-4238
-2461
-505
1515
3484
5283
6808
7966
8690
8936
8690
7966
6808
5283
3484
1515
-505
-2461
-4238
-5736
-6871
-7583
-7841
-7641
-7010
-6000
-4688
-3168
-1547
64
1562
2850
3852
4513
4808
4739
4336
3653
2767
1767
749
-192
-973
-1527
-1808
-1799
-1512
-985
-280
520
1324
2035
2565
2837
2800
2430
1734
752
-445
-1764
-3094
-4313
-5305
-5966
-6214
-5999
-5309
-4170
-2648
-845
1109
3069
4880
6396
7488
8058
8047
7442
6276
4631
2625
411
-1839
-3951
-5757
-7110
-7901
-8065
-7586
-6502
-4901
-2911
-696
1562
3679
5480
6815
7574
7693
7163
6026
4377
2351
114
-2147
-4250
-6022
-7318
-8035
-8116
-7557
-6405
-4758
-2748
-538
1697
3785
5568
6915
7735
7983
7659
6810
5524
3919
2135
317
-1394
-2875
-4031
-4801
-5162
-5128
-4750
-4104
-3286
-2399
-1543
-804
-248
89
204
120
-110
-415
-710
-912
-943
-747
-293
420
1358
2458
3627
4756
5727
6424
6746
6618
5999
4888
3325
1396
-781
-3060
-5277
-7264
-8867
-9953
-10425
-10231
-9367
-7880
-5866
-3460
-829
1844
4373
6584
8326
9487
9999
9844
9055
7710
5927
3855
1656
-502
-2466
-4102
-5310
-6030
-6244
-5977
-5292
-4282
-3063
-1759
-495
617
1489
2059
2300
2216
1844
1249
513
-269
-1005
-1608
-2008
-2157
-2036
-1650
-1034
-243
648
1560
2408
3115
3617
3868
3847
3554
3015
2272
1386
425
-538
-1436
-2211
-2816
-3225
-3425
-3426
-3248
-2925
-2499
-2010
-1501
-1005
-546
-140
210
511
774
1015
1250
1489
1737
1991
2235
2448
2601
2661
2597
2384
2006
1461
763
-55
-948
-1853
-2700
-3417
-3933
-4189
-4143
-3776
-3094
-2132
-952
361
1705
2970
4041
4818
5217
5182
4692
3761
2444
830
-959
-2785
-4497
-5944
-6991
-7531
-7490
-6840
-5599
-3834
-1658
782
3311
5740
7881
9562
10640
11013
10628
9488
7650
5224
2366
-735
-3872
-6831
-9407
-11423
-12738
-13262
-12957
-11842
-9992
-7530
-4620
-1452
1769
4839
7571
9800
11405
12304
12468
11913
10701
8936
6748
4288
1716
-810
-3149
-5177
-6801
-7958
-8620
-8792
-8506
-7820
-6809
-5560
-4163
-2707
-1271
74
1277
2297
3114
3718
4115
4317
4346
4225
3980
3635
3214
2736
2220
1681
1133
587
58
-443
-904
-1312
-1656
-1925
-2113
-2215
-2232
-2169
-2036
-1848
-1621
-1374
-1126
-895
-694
-531
-411
-328
-275
-235
-192
-124
-14
153
390
697
1068
1489
1934
2374
2770
3086
3284
3331
3203
2885
2377
1691
854
-94
-1105
-2120
-3079
-3923
-4595
-5052
-5260
-5202
-4876
-4300
-3502
-2530
-1436
-283
865
1950
2916
3719
4324
4714
4882
4836
4594
4186
3643
3004
2304
1576
849
143
-524
-1147
-1721
-2247
-2727
-3162
-3550
-3886
-4158
-4352
-4445
-4416
-4241
-3898
-3372
-2654
-1749
-673
542
1854
3203
4522
5736
6768
7545
8002
8085
7760
7017
5866
4345
2517
465
-1708
-3888
-5954
-7787
-9274
-10321
-10854
-10828
-10226
-9068
-7403
-5313
-2904
-302
2349
4909
7232
9191
10675
11600
0
0
0
0
0
0
0
0
0
0
0
0
0
0
0
0
0
0
0
0
0
0
0
0
0
0
0
0
0
0
0
0
0
0
0
0
0
0
0
0
0
0
0
0
0
0
0
0
0
0
0
0
0
0
0
0
0
0
0
0
0
0
0
0
0
0
0
-2978
-3002
-3063
-3133
-3171
-3124
-2940
-2571
-1983
-1162
-117
1115
2473
3873
5213
6383
7276
7794
7862
7433
6495
5078
3248
1109
-1207
-3547
-5750
-7658
-9129
-10049
-10343
-9976
-8965
-7370
-5295
-2879
-285
2309
4731
6820
8441
9494
9922
9715
8904
7566
5808
3764
1583
-587
-2604
-4348
-5722
-6664
-7147
-7175
-6788
-6047
-5032
-3836
-2551
-1265
-53
1024
1928
2637
3147
3471
3630
3652
3567
3400
3171
2893
2571
2202
1780
1296
746
129
-545
-1258
-1982
-2677
-3297
-3797
-4128
-4253
-4143
-3788
-3194
-2388
-1416
-339
768
1828
2761
3498
3983
4180
4079
3694
3062
2246
1321
375
-504
-1238
-1760
-2027
-2024
-1760
-1277
-639
69
757
1328
1696
1795
1584
1053
228
-830
-2033
-3266
-4403
-5314
-5882
-6011
-5637
-4738
-3338
-1506
644
2967
5288
7423
9193
10435
11023
10873
9958
8307
6009
3204
76
-3159
-6278
-9054
-11287
-12810
-13510
-13332
-12286
-10445
-7940
-4951
-1689
1613
4729
7447
9590
11031
11696
11572
10706
9200
7198
4875
2423
31
-2127
-3908
-5210
-5977
-6204
-5933
-5246
-4258
-3103
-1919
-838
30
607
849
756
364
-252
-996
-1753
-2404
-2842
-2978
-2755
-2151
-1187
79
1555
3120
4637
5967
6979
7563
7642
7179
6181
4699
2828
696
-1543
-3726
-5690
-7285
-8391
-8924
-8845
-8162
-6932
-5252
-3256
-1098
1053
3035
4702
5932
6646
6803
6414
5529
4242
2677
976
-705
-2222
-3442
-4263
-4617
-4480
-3867
-2839
-1489
60
1669
3192
4490
5441
5952
5962
5455
4451
3014
1241
-742
-2794
-4763
-6504
-7885
-8799
-9170
-8960
-8171
-6845
-5058
-2918
-556
1883
4251
6405
8215
9576
10411
10676
10360
9488
8119
6334
4240
1957
-388
-2670
-4770
-6584
-8026
-9036
-9578
-9641
-9241
-8418
-7229
-5749
-4063
-2261
-435
1327
2948
4361
5511
6363
6895
7105
7004
6617
5980
5139
4143
3046
1900
755
-342
-1355
-2250
-3005
-3603
-4037
-4305
-4412
-4368
-4186
-3882
-3473
-2978
-2416
-1805
-1164
-511
134
756
1336
1857
2304
2662
2919
3068
3101
3020
2828
2535
2156
1709
1217
706
202
-270
-689
-1035
-1295
-1463
-1541
-1536
-1461
-1336
-1183
-1025
-884
-776
-716
-709
-752
-836
-944
-1053
-1136
-1167
-1121
-978
-727
-364
99
646
1244
1855
2432
2930
3302
3509
3521
3321
2908
2296
1517
616
-348
-1313
-2211
-2978
-3558
-3908
-4002
-3834
-3417
-2785
-1989
-1093
-170
706
1465
2048
2410
2526
2394
2034
1487
812
79
-632
-1247
-1697
-1926
-1899
-1606
-1060
-301
609
1592
2556
3408
4058
4429
4463
4128
3424
2378
1048
-480
-2103
-3702
-5157
-6351
-7185
-7580
-7490
-6900
-5833
-4347
-2530
-496
1621
3684
5554
7106
8234
8861
8945
8479
7493
6052
4251
2208
53
-2074
-4044
-5734
-7045
-7905
-8270
-8132
-7511
-6461
-5057
-3396
-1586
258
2027
3616
4938
5925
6529
6729
6526
5945
5031
3846
2465
972
-546
-2004
-3322
-4428
-5262
-5781
-5957
-5781
-5262
-4428
-3322
-2004
-546
972
2465
3846
5031
5945
6526
6729
6529
5925
4938
3616
2027
258
-1586
-3396
-5057
-6461
-7511
-8132
-8270
-7905
-7045
-5734
-4044
-2074
53
2208
4251
6052
7493
8479
8945
8861
8234
7106
5554
3684
1621
-496
-2530
-4347
-5833
-6900
-7490
-7580
-7185
-6351
-5157
-3702
-2103
-480
1048
2378
3424
4128
4463
4429
4058
3408
2556
1592
609
-301
-1060
-1606
-1899
-1926
-1697
-1247
-632
79
812
1487
2034
2394
2526
2410
2048
1465
706
-170
-1093
-1989
-2785
-3417
-3834
-4002
-3908
-3558
-2978
-2211
-1313
-348
616
1517
2296
2908
3321
3521
3509
3302
2930
2432
1855
1244
646
99
-364
-727
-978
-1121
-1167
-1136
-1053
-944
-836
-752
-709
-716
-776
-884
-1025
-1183
-1336
-1461
-1536
-1541
-1463
-1295
-1035
-689
-270
202
706
1217
1709
2156
2535
2828
3020
3101
3068
2919
2662
2304
1857
1336
756
134
-511
-1164
-1805
-2416
-2978
-3473
-3882
-4186
-4368
-4412
-4305
-4037
-3603
-3005
-2250
-1355
-342
755
1900
3046
4143
5139
5980
6617
7004
7105
6895
6363
5511
4361
2948
1327
-435
-2261
-4063
-5749
-7229
-8418
-9241
-9641
-9578
-9036
-8026
-6584
-4770
-2670
-388
1957
4240
6334
8119
9488
10360
10676
10411
9576
8215
6405
4251
1883
-556
-2918
-5058
-6845
-8171
-8960
-9170
-8799
-7885
-6504
-4763
-2794
-742
1241
3014
4451
5455
5962
5952
5441
4490
3192
1669
60
-1489
-2839
-3867
-4480
-4617
-4263
-3442
-2222
-705
976
2677
4242
5529
6414
6803
6646
5932
4702
3035
1053
-1098
-3256
-5252
-6932
-8162
-8845
-8924
-8391
-7285
-5690
-3726
-1543
696
2828
4699
6181
7179
7642
7563
6979
5967
4637
3120
1555
79
-1187
-2151
-2755
-2978
-2842
-2404
-1753
-996
-252
364
756
849
607
30
-838
-1919
-3103
-4258
-5246
-5933
-6204
-5977
-5210
-3908
-2127
31
2423
4875
7198
9200
10706
11572
11696
11031
9590
7447
4729
1613
-1689
-4951
-7940
-10445
-12286
-13332
-13510
-12810
-11287
-9054
-6278
-3159
76
3204
6009
8307
9958
10873
11023
10435
9193
7423
5288
2967
644
-1506
-3338
-4738
-5637
-6011
-5882
-5314
-4403
-3266
-2033
-830
228
1053
1584
1795
1696
1328
757
69
-639
-1277
-1760
-2024
-2027
-1760
-1238
-504
375
1321
2246
3062
3694
4079
4180
3983
3498
2761
1828
768
-339
-1416
-2388
-3194
-3788
-4143
-4253
-4128
-3797
-3297
-2677
-1982
-1258
-545
129
746
1296
1780
2202
2571
2893
3171
3400
3567
3652
3630
3471
3147
2637
1928
1024
-53
-1265
-2551
-3836
-5032
-6047
-6788
-7175
-7147
-6664
-5722
-4348
-2604
-587
1583
3764
5808
7566
8904
9715
9922
9494
8441
6820
4731
2309
-285
-2879
-5295
-7370
-8965
-9976
-10343
-10049
-9129
-7658
-5750
-3547
-1207
1109
3248
5078
6495
7433
7862
7794
7276
6383
5213
3873
2473
1115
-117
-1162
-1983
-2571
-2940
-3124
-3171
-3133
-3063
-3002
0
0
0
0
0
0
0
0
0
0
0
0
0
0
0
0
0
0
0
0
0
0
0
0
0
0
0
0
0
0
0
0
0
0
0
0
0
0
0
0
0
0
0
0
0
0
0
0
0
0
0
0
0
0
0
0
0
0
0
0
0
0
0
0
0
0
0
2978
2948
2856
2693
2449
2110
1668
1117
461
-285
-1097
-1938
-2759
-3508
-4128
-4562
-4765
-4701
-4352
-3719
-2826
-1718
-458
873
2187
3393
4403
5142
5552
5599
5278
4609
3641
2446
1113
-256
-1562
-2707
-3608
-4205
-4462
-4373
-3961
-3274
-2385
-1380
-354
598
1395
1969
2276
2299
2050
1566
908
154
-607
-1289
-1810
-2106
-2132
-1873
-1340
-572
365
1390
2407
3319
4032
4469
4573
4315
3694
2741
1518
106
-1391
-2866
-4208
-5316
-6103
-6510
-6503
-6080
-5268
-4123
-2723
-1163
453
2022
3446
4641
5543
6109
6323
6191
5740
5016
4079
2993
1827
646
-491
-1539
-2461
-3232
-3839
-4278
-4552
-4666
-4630
-4452
-4137
-3693
-3124
-2435
-1635
-738
235
1256
2287
3280
4183
4940
5493
5793
5798
5483
4841
3889
2666
1231
-332
-1929
-3456
-4806
-5880
-6595
-6889
-6730
-6117
-5081
-3688
-2032
-225
1601
3317
4796
5927
6627
6843
6558
5794
4609
3093
1362
-452
-2215
-3793
-5071
-5957
-6391
-6347
-5838
-4912
-3647
-2145
-525
1091
2586
3852
4809
5399
5596
5408
4869
4038
2995
1828
630
-511
-1523
-2346
-2944
-3303
-3430
-3351
-3107
-2748
-2327
-1892
-1486
-1137
-861
-658
-513
-403
-295
-156
44
329
710
1184
1733
2326
2917
3455
3885
4154
4217
4044
3618
2944
2047
970
-227
-1475
-2694
-3809
-4747
-5449
-5872
-5990
-5801
-5323
-4591
-3657
-2581
-1429
-266
846
1859
2737
3456
4007
4394
4630
4736
4732
4638
4468
4229
3920
3531
3046
2447
1716
843
-173
-1323
-2575
-3884
-5188
-6410
-7466
-8267
-8732
-8791
-8392
-7513
-6160
-4375
-2231
166
2687
5184
7504
9496
11023
11975
12275
11888
10822
9131
6911
4295
1440
-1475
-4276
-6789
-8866
-10389
-11276
-11493
-11049
-9997
-8428
-6465
-4250
-1936
326
2400
4169
5546
6477
6946
6969
6593
5888
4942
3852
2712
1609
617
-211
-845
-1274
-1509
-1578
-1521
-1382
-1210
-1045
-922
-861
-870
-946
-1071
-1223
-1371
-1489
-1550
-1536
-1438
-1259
-1009
-710
-389
-74
205
427
577
648
649
596
517
443
409
447
581
825
1177
1621
2123
2636
3102
3458
3641
3596
3280
2671
1772
609
-763
-2268
-3808
-5274
-6551
-7531
-8119
-8244
-7864
-6971
-5598
-3812
-1712
572
2897
5109
7062
8621
9680
10164
10042
9321
8053
6327
4264
2004
-298
-2493
-4441
-6025
-7160
-7798
-7929
-7582
-6818
-5729
-4422
-3014
-1621
-345
731
1553
2094
2360
2383
2221
1945
1635
1367
1207
1203
1376
1722
2208
2778
3355
3851
4178
4251
4008
3409
2448
1151
-416
-2160
-3959
-5675
-7164
-8293
-8942
-9027
-8501
-7363
-5661
-3488
-981
1692
4343
6779
8812
10283
11068
11091
10333
8832
6686
4041
1085
-1967
-4891
-7467
-9499
-10831
-11357
-11033
-9878
-7977
-5470
-2546
571
3645
6438
8735
10356
11173
11121
10200
8479
6089
3211
69
-3095
-6036
-8524
-10365
-11413
-11584
-10862
-9298
-7011
-4174
-1005
2253
5350
8048
10139
11462
11915
11462
10139
8048
5350
2253
-1005
-4174
-7011
-9298
-10862
-11584
-11413
-10365
-8524
-6036
-3095
69
3211
6089
8479
10200
11121
11173
10356
8735
6438
3645
571
-2546
-5470
-7977
-9878
-11033
-11357
-10831
-9499
-7467
-4891
-1967
1085
4041
6686
8832
10333
11091
11068
10283
8812
6779
4343
1692
-981
-3488
-5661
-7363
-8501
-9027
-8942
-8293
-7164
-5675
-3959
-2160
-416
1151
2448
3409
4008
4251
4178
3851
3355
2778
2208
1722
1376
1203
1207
1367
1635
1945
2221
2383
2360
2094
1553
731
-345
-1621
-3014
-4422
-5729
-6818
-7582
-7929
-7798
-7160
-6025
-4441
-2493
-298
2004
4264
6327
8053
9321
10042
10164
9680
8621
7062
5109
2897
572
-1712
-3812
-5598
-6971
-7864
-8244
-8119
-7531
-6551
-5274
-3808
-2268
-763
609
1772
2671
3280
3596
3641
3458
3102
2636
2123
1621
1177
825
581
447
409
443
517
596
649
648
577
427
205
-74
-389
-710
-1009
-1259
-1438
-1536
-1550
-1489
-1371
-1223
-1071
-946
-870
-861
-922
-1045
-1210
-1382
-1521
-1578
-1509
-1274
-845
-211
617
1609
2712
3852
4942
5888
6593
6969
6946
6477
5546
4169
2400
326
-1936
-4250
-6465
-8428
-9997
-11049
-11493
-11276
-10389
-8866
-6789
-4276
-1475
1440
4295
6911
9131
10822
11888
12275
11975
11023
9496
7504
5184
2687
166
-2231
-4375
-6160
-7513
-8392
-8791
-8732
-8267
-7466
-6410
-5188
-3884
-2575
-1323
-173
843
1716
2447
3046
3531
3920
4229
4468
4638
4732
4736
4630
4394
4007
3456
2737
1859
846
-266
-1429
-2581
-3657
-4591
-5323
-5801
-5990
-5872
-5449
-4747
-3809
-2694
-1475
-227
970
2047
2944
3618
4044
4217
4154
3885
3455
2917
2326
1733
1184
710
329
44
-156
-295
-403
-513
-658
-861
-1137
-1486
-1892
-2327
-2748
-3107
-3351
-3430
-3303
-2944
-2346
-1523
-511
630
1828
2995
4038
4869
5408
5596
5399
4809
3852
2586
1091
-525
-2145
-3647
-4912
-5838
-6347
-6391
-5957
-5071
-3793
-2215
-452
1362
3093
4609
5794
6558
6843
6627
5927
4796
3317
1601
-225
-2032
-3688
-5081
-6117
-6730
-6889
-6595
-5880
-4806
-3456
-1929
-332
1231
2666
3889
4841
5483
5798
5793
5493
4940
4183
3280
2287
1256
235
-738
-1635
-2435
-3124
-3693
-4137
-4452
-4630
-4666
-4552
-4278
-3839
-3232
-2461
-1539
-491
646
1827
2993
4079
5016
5740
6191
6323
6109
5543
4641
3446
2022
453
-1163
-2723
-4123
-5268
-6080
-6503
-6510
-6103
-5316
-4208
-2866
-1391
106
1518
2741
3694
4315
4573
4469
4032
3319
2407
1390
365
-572
-1340
-1873
-2132
-2106
-1810
-1289
-607
154
908
1566
2050
2299
2276
1969
1395
598
-354
-1380
-2385
-3274
-3961
-4373
-4462
-4205
-3608
-2707
-1562
-256
1113
2446
3641
4609
5278
5599
5552
5142
4403
3393
2187
873
-458
-1718
-2826
-3719
-4352
-4701
-4765
-4562
-4128
-3508
-2759
-1938
-1097
-285
461
1117
1668
2110
2449
2693
2856
2948
0
0
0
0
0
0
0
0
0
0
0
0
0
0
0
0
0
0
0
0
0
0
0
0
0
0
0
0
0
0
0
0
0
0
0
0
0
0
0
0
0
0
0
0
0
0
0
0
0
0
0
0
0
0
0
0
0
0
0
0
0
0
0
0
0
0
0
14894
14384
12893
10535
7488
3980
272
-3363
-6666
-9406
-11402
-12536
-12757
-12090
-10627
-8517
-5955
-3160
-362
2223
4411
6059
7079
7443
7181
6379
5161
3685
2119
628
-639
-1572
-2098
-2193
-1883
-1236
-357
624
1569
2343
2830
2944
2642
1923
833
-540
-2077
-3634
-5059
-6206
-6949
-7194
-6890
-6032
-4665
-2878
-802
1408
3584
5554
7164
8288
8839
8777
8110
6895
5234
3261
1133
-985
-2935
-4575
-5797
-6527
-6741
-6453
-5723
-4644
-3334
-1923
-545
680
1654
2308
2609
2561
2205
1609
867
81
-641
-1207
-1537
-1583
-1327
-783
0
949
1969
2957
3805
4420
4724
4669
4235
3438
2326
976
-513
-2031
-3463
-4698
-5645
-6233
-6422
-6202
-5598
-4660
-3466
-2110
-691
686
1933
2972
3750
4237
4432
4356
4051
3576
2996
2378
1783
1260
843
546
363
273
239
217
161
27
-218
-594
-1102
-1722
-2418
-3137
-3816
-4384
-4775
-4928
-4798
-4361
-3616
-2587
-1323
106
1613
3100
4468
5620
6475
6969
7065
6752
6049
5001
3679
2170
574
-1004
-2467
-3726
-4710
-5369
-5682
-5650
-5299
-4679
-3852
-2893
-1880
-890
11
770
1350
1733
1921
1930
1796
1560
1272
981
732
563
499
550
715
975
1303
1660
2002
2285
2467
2511
2391
2093
1616
975
194
-686
-1621
-2555
-3434
-4201
-4805
-5204
-5362
-5260
-4890
-4258
-3387
-2309
-1072
266
1645
2994
4246
5332
6194
6778
7047
6974
6553
5795
4726
3395
1863
207
-1489
-3135
-4639
-5916
-6891
-7504
-7715
-7506
-6886
-5886
-4563
-2993
-1269
504
2221
3776
5077
6045
6625
6789
6533
5886
4899
3648
2224
728
-734
-2067
-3183
-4015
-4518
-4673
-4490
-4001
-3262
-2345
-1331
-307
646
1458
2074
2458
2597
2501
2200
1739
1176
576
0
-495
-867
-1087
-1146
-1054
-836
-534
-197
120
371
511
511
362
69
-338
-819
-1314
-1759
-2087
-2238
-2165
-1838
-1251
-423
599
1749
2937
4062
5020
5710
6044
5957
5413
4408
2978
1192
-846
-3010
-5152
-7117
-8756
-9932
-10538
-10498
-9781
-8401
-6418
-3935
-1093
1935
4964
7801
10259
12175
13416
13891
13555
12417
10535
8014
5001
1673
-1772
-5131
-8204
-10812
-12804
-14068
-14536
-14191
-13061
-11223
-8794
-5924
-2784
439
3565
6416
8840
10711
11942
12483
12327
11507
10093
8188
5918
3427
866
-1616
-3881
-5810
-7308
-8308
-8778
-8719
-8162
-7170
-5828
-4239
-2516
-778
864
2309
3474
4298
4748
4816
4523
3915
3058
2034
935
-143
-1115
-1899
-2435
-2683
-2628
-2278
-1669
-855
90
1083
2035
2860
3480
3834
3880
3602
3008
2132
1033
-213
-1518
-2787
-3922
-4839
-5464
-5746
-5659
-5201
-4401
-3308
-1995
-551
926
2340
3597
4615
5332
5707
5724
5393
4747
3841
2746
1542
314
-855
-1893
-2739
-3350
-3704
-3798
-3648
-3286
-2759
-2120
-1428
-737
-97
450
879
1171
1327
1356
1277
1116
904
671
443
242
83
-27
-88
-107
-95
-66
-34
-9
0
-9
-34
-66
-95
-107
-88
-27
83
242
443
671
904
1116
1277
1356
1327
1171
879
450
-97
-737
-1428
-2120
-2759
-3286
-3648
-3798
-3704
-3350
-2739
-1893
-855
314
1542
2746
3841
4747
5393
5724
5707
5332
4615
3597
2340
926
-551
-1995
-3308
-4401
-5201
-5659
-5746
-5464
-4839
-3922
-2787
-1518
-213
1033
2132
3008
3602
3880
3834
3480
2860
2035
1083
90
-855
-1669
-2278
-2628
-2683
-2435
-1899
-1115
-143
935
2034
3058
3915
4523
4816
4748
4298
3474
2309
864
-778
-2516
-4239
-5828
-7170
-8162
-8719
-8778
-8308
-7308
-5810
-3881
-1616
866
3427
5918
8188
10093
11507
12327
12483
11942
10711
8840
6416
3565
439
-2784
-5924
-8794
-11223
-13061
-14191
-14536
-14068
-12804
-10812
-8204
-5131
-1772
1673
5001
8014
10535
12417
13555
13891
13416
12175
10259
7801
4964
1935
-1093
-3935
-6418
-8401
-9781
-10498
-10538
-9932
-8756
-7117
-5152
-3010
-846
1192
2978
4408
5413
5957
6044
5710
5020
4062
2937
1749
599
-423
-1251
-1838
-2165
-2238
-2087
-1759
-1314
-819
-338
69
362
511
511
371
120
-197
-534
-836
-1054
-1146
-1087
-867
-495
0
576
1176
1739
2200
2501
2597
2458
2074
1458
646
-307
-1331
-2345
-3262
-4001
-4490
-4673
-4518
-4015
-3183
-2067
-734
728
2224
3648
4899
5886
6533
6789
6625
6045
5077
3776
2221
504
-1269
-2993
-4563
-5886
-6886
-7506
-7715
-7504
-6891
-5916
-4639
-3135
-1489
207
1863
3395
4726
5795
6553
6974
7047
6778
6194
5332
4246
2994
1645
266
-1072
-2309
-3387
-4258
-4890
-5260
-5362
-5204
-4805
-4201
-3434
-2555
-1621
-686
194
975
1616
2093
2391
2511
2467
2285
2002
1660
1303
975
715
550
499
563
732
981
1272
1560
1796
1930
1921
1733
1350
770
11
-890
-1880
-2893
-3852
-4679
-5299
-5650
-5682
-5369
-4710
-3726
-2467
-1004
574
2170
3679
5001
6049
6752
7065
6969
6475
5620
4468
3100
1613
106
-1323
-2587
-3616
-4361
-4798
-4928
-4775
-4384
-3816
-3137
-2418
-1722
-1102
-594
-218
27
161
217
239
273
363
546
843
1260
1783
2378
2996
3576
4051
4356
4432
4237
3750
2972
1933
686
-691
-2110
-3466
-4660
-5598
-6202
-6422
-6233
-5645
-4698
-3463
-2031
-513
976
2326
3438
4235
4669
4724
4420
3805
2957
1969
949
0
-783
-1327
-1583
-1537
-1207
-641
81
867
1609
2205
2561
2609
2308
1654
680
-545
-1923
-3334
-4644
-5723
-6453
-6741
-6527
-5797
-4575
-2935
-985
1133
3261
5234
6895
8110
8777
8839
8288
7164
5554
3584
1408
-802
-2878
-4665
-6032
-6890
-7194
-6949
-6206
-5059
-3634
-2077
-540
833
1923
2642
2944
2830
2343
1569
624
-357
-1236
-1883
-2193
-2098
-1572
-639
628
2119
3685
5161
6379
7181
7443
7079
6059
4411
2223
-362
-3160
-5955
-8517
-10627
-12090
-12757
-12536
-11402
-9406
-6666
-3363
272
3980
7488
10535
12893
14384
0
0
0
0
0
0
0
0
0
0
0
0
0
0
0
0
0
0
0
0
0
0
0
0
0
0
0
0
0
0
0
0
0
0
0
0
0
0
0
0
0
0
0
0
0
0
0
0
0
0
0
0
0
0
0
0
0
0
0
0
0
0
0
0
0
0
0
