0
4278
8485
12550
16402
19973
23203
26035
28419
30314
31684
32507
32766
32456
31581
30156
28203
25758
22860
19561
15917
11991
7852
3573
-771
-5106
-9352
-13436
-17284
-20829
-24006
-26759
-29038
-30801
-32015
-32660
-32720
-32196
-31094
-29434
-27244
-24563
-21439
-17925
-14087
-9991
-5712
-1327
3083
7441
11667
15683
19415
22796
25762
28259
30239
31667
32514
32764
32412
31462
29931
27847
25247
22178
18696
14865
10755
6443
2009
-2465
-6896
-11201
-15299
-19113
-22570
-25606
-28162
-30190
-31650
-32514
-32764
-32394
-31411
-29832
-27686
-25012
-21861
-18292
-14372
-10175
-5781
-1274
3259
7733
12062
16161
19951
23359
26318
28771
30668
31973
32659
32711
32127
30919
29107
26727
23823
20452
16679
12577
8226
3711
-879
-5455
-9926
-14204
-18204
-21846
-25058
-27775
-29942
-31516
-32464
-32766
-32415
-31417
-29790
-27567
-24790
-21514
-17805
-13736
-9388
-4849
-209
4437
8997
13377
17489
21248
24578
27411
29687
31359
32393
32765
32468
31507
29899
27676
24884
21579
17828
13707
9301
4700
0
-4703
-9311
-13729
-17864
-21629
-24947
-27746
-29968
-31566
-32503
-32761
-32332
-31225
-29460
-27076
-24119
-20653
-16748
-12488
-7961
-3263
1506
6246
10856
15238
19298
22949
26112
28719
30713
32051
32702
32651
31900
30461
28366
25658
22395
18646
14492
10022
5332
524
-4298
-9029
-13567
-17811
-21669
-25055
-27896
-30127
-31699
-32577
-32739
-32182
-30916
-28967
-26379
-23206
-19519
-15397
-10932
-6222
-1372
3511
8320
12945
17284
21240
24723
27655
29968
31611
32545
32748
32214
30954
28995
26381
23169
19431
15252
10724
5950
1038
-3899
-8751
-13405
-17757
-21705
-25159
-28038
-30277
-31822
-32637
-32702
-32014
-30588
-28456
-25665
-22280
-18377
-14047
-9388
-4509
477
5455
10308
14924
19194
23018
26305
28979
30974
32243
32756
32498
31476
29711
27244
24133
20449
16280
11722
6884
1880
-3170
-8148
-12935
-17416
-21484
-25041
-28000
-30291
-31856
-32659
-32677
-31909
-30373
-28105
-25157
-21600
-17520
-13013
-8189
-3163
1941
7001
11893
16499
20705
24407
27516
29953
31659
32589
32721
32049
30590
28377
25463
21921
17836
13307
8448
3377
-1780
-6896
-11843
-16499
-20746
-24479
-27603
-30040
-31727
-32621
-32699
-31957
-30413
-28105
-25088
-21439
-17247
-12618
-7668
-2522
2689
7836
12787
17416
21605
25247
28248
30530
32035
32723
32574
31592
29801
27244
23987
20112
15718
10917
5832
595
-4660
-9798
-14685
-19194
-23208
-26622
-29345
-31307
-32455
-32757
-32206
-30813
-28614
-25665
-22043
-17841
-13169
-8148
-2911
2405
7661
12717
17440
21705
25397
28419
30689
32146
32750
32483
31352
29385
26633
23169
19084
14487
9500
4255
-1105
-6439
-11603
-16457
-20870
-24723
-27911
-30346
-31961
-32712
-32578
-31559
-29684
-27001
-23582
-19519
-14922
-9916
-4636
771
6162
11386
16301
20770
24671
27896
30354
31977
32719
32558
31498
29565
26813
23317
19172
14492
9407
4058
-1405
-6833
-12073
-16978
-21411
-25247
-28377
-30713
-32188
-32760
-32410
-31148
-29007
-26047
-22351
-18021
-13179
-7961
-2516
3003
8440
13640
18454
22745
26389
29282
31340
32503
32737
32033
30409
27913
24613
20604
16000
10932
5547
0
-5550
-10942
-16021
-20637
-24657
-27963
-30458
-32068
-32745
-32468
-31244
-29107
-26118
-22364
-17952
-13013
-7689
-2137
3479
8997
14252
19090
23367
26955
29748
31662
32640
32650
31691
29790
27003
23411
19119
14256
8965
3403
-2262
-7862
-13230
-18204
-22633
-26385
-29345
-31423
-32556
-32707
-31871
-30072
-27362
-23823
-19561
-14703
-9397
-3803
1908
7565
12994
18030
22517
26318
29316
31419
32559
32702
31841
30001
27238
23635
19302
14372
8996
3339
-2422
-8112
-13553
-18577
-23026
-26761
-29667
-31650
-32648
-32629
-31591
-29565
-26615
-22829
-18327
-13249
-7752
-2009
3799
9491
14886
19815
24120
27666
30338
32052
32751
32412
31044
28690
25423
21345
16586
11295
5642
-193
-6025
-11667
-16938
-21669
-25706
-28920
-31206
-32489
-32726
-31909
-30063
-27244
-23544
-19081
-13998
-8460
-2644
3259
9060
14569
19606
24006
27626
30346
32075
32756
32366
30916
28451
25051
20827
15917
10480
4696
-1244
-7147
-12817
-18065
-22719
-26622
-29644
-31684
-32674
-32578
-31398
-29173
-25975
-21909
-17110
-11737
-5969
0
5972
11747
17130
21941
26016
29217
31436
32596
32657
31615
29504
26395
22390
17625
12260
6476
470
-5554
-11392
-16845
-21726
-25867
-29127
-31393
-32585
-32662
-31619
-29491
-26349
-22301
-17483
-12062
-6222
-166
5898
11762
17222
22088
26191
29387
31566
32648
32597
31411
29131
25835
21636
16679
11138
5205
-912
-7001
-12847
-18244
-23003
-26955
-29960
-31912
-32739
-32412
-30940
-28374
-24803
-20353
-15179
-9465
-3413
2763
8843
14612
19863
24407
28083
30758
32334
32755
32003
30103
27124
23169
18381
12929
7010
836
-5370
-11386
-16993
-21989
-26191
-29446
-31636
-32680
-32538
-31214
-28754
-25247
-20819
-15630
-9868
-3744
2518
8692
14551
19879
24480
28184
30855
32393
32739
31880
29845
26709
22585
17625
12011
5950
-333
-6607
-12639
-18204
-23094
-27128
-30152
-32055
-32763
-32248
-30528
-27666
-23767
-18976
-13473
-7461
-1167
5173
11322
17047
22132
26385
29644
31785
32724
32427
30901
28203
24435
19738
14288
8294
1981
-4409
-10635
-16457
-21654
-26025
-29402
-31656
-32697
-32485
-31027
-28377
-24634
-19943
-14481
-8460
-2109
4324
10594
16457
21686
26077
29459
31699
32710
32451
30929
28203
24378
19601
14056
7961
1552
-4919
-11201
-17047
-22227
-26537
-29806
-31906
-32751
-32307
-30590
-27666
-23648
-18696
-13002
-6791
-309
6187
12441
18204
23246
27366
30398
32222
32762
31995
29951
26709
22398
17189
11289
4935
-1619
-8112
-14281
-19879
-24678
-28486
-31147
-32552
-32643
-31416
-28917
-25247
-20553
-15023
-8882
-2378
4225
10659
16662
21989
26421
29777
31918
32756
32254
30432
27362
23169
18024
12137
5748
-879
-7473
-13762
-19485
-24407
-28323
-31070
-32533
-32650
-31414
-28875
-25136
-20353
-14721
-8475
-1874
4807
11292
17307
22602
26955
30182
32146
32765
32010
29911
26556
22083
16679
10571
4016
-2711
-9326
-15551
-21121
-25799
-29387
-31732
-32732
-32344
-30582
-27520
-23286
-18060
-12062
-5547
1206
7911
14280
20041
24947
28786
31393
32653
32513
30975
28105
24024
18906
12972
6476
-301
-7069
-13534
-19415
-24458
-28443
-31196
-32596
-32580
-31148
-28360
-24336
-19250
-13322
-6811
0
6813
13332
19269
24364
28393
31178
32594
32578
31129
28309
24241
19103
13120
6555
-301
-7147
-13680
-19609
-24671
-28641
-31340
-32648
-32505
-30916
-27948
-23735
-18460
-12360
-5706
1206
8067
14569
20421
25359
29162
31656
32728
32328
30473
27244
22786
17298
11027
4255
-2711
-9557
-15974
-21669
-26383
-29901
-32062
-32766
-31979
-29736
-26137
-21345
-15577
-9095
-2195
4807
11593
17850
23291
27666
30771
32464
32665
31362
28614
24546
19345
13249
6538
-477
-7473
-14125
-20126
-25196
-29098
-31650
-32732
-32292
-30349
-26991
-22374
-16712
-10266
-3339
3746
10659
17076
22694
27251
30530
32377
32702
31489
28793
24740
19519
13375
6597
-494
-7565
-14281
-20323
-25404
-29282
-31772
-32753
-32178
-30072
-26533
-21729
-15887
-9285
-2238
4919
11843
18204
23695
28052
31066
32589
32548
30942
27847
23411
17845
11416
4435
-2763
-9830
-16425
-22227
-26955
-30378
-32330
-32713
-31507
-28769
-24631
-19293
-13013
-6096
1120
8285
15047
21076
26077
29802
32068
32763
31850
29372
25451
20276
14101
7230
0
-7232
-14111
-20295
-25478
-29402
-31872
-32764
-32033
-29711
-25913
-20827
-14703
-7845
-595
6688
13640
19914
25196
29220
31785
32759
32093
29819
26047
20967
14832
7950
664
-6656
-13645
-19948
-25247
-29273
-31822
-32763
-32046
-29706
-25861
-20703
-14492
-7543
-209
7138
14125
20396
25629
29557
31977
32766
31880
29363
25342
20022
13674
6622
-771
-8129
-15071
-21240
-26318
-30042
-32219
-32734
-31559
-28754
-24461
-18901
-12360
-5177
2276
9615
16457
22447
27271
30678
32489
32608
31026
27825
23169
17302
10527
3199
-4298
-11573
-18244
-23960
-28419
-31387
-32705
-32302
-30198
-26501
-21406
-15179
-8148
-684
6817
13962
20369
25700
29668
32064
32757
31710
28975
24698
19103
12488
5205
-2358
-9798
-16717
-22745
-27557
-30894
-32577
-32513
-30703
-27244
-22319
-16192
-9191
-1693
5898
13175
19743
25247
29388
31941
32765
31816
29141
24884
19276
12618
5272
-2362
-9871
-16845
-22903
-27714
-31014
-32621
-32445
-30495
-26875
-21781
-15492
-8351
-749
6896
14165
20658
26016
29942
32220
32721
31417
28377
23767
17841
10926
3403
-4310
-11787
-18613
-24407
-28847
-31684
-32759
-32010
-29476
-25298
-19707
-13013
-5590
2148
9769
16845
22980
27828
31116
32659
32366
30254
26438
21133
14635
7310
-430
-8148
-15409
-21801
-26962
-30598
-32502
-32563
-30778
-27244
-22162
-15818
-8572
-836
6950
14343
20920
26305
30190
32350
32661
31103
27762
22829
16586
9388
1649
-6187
-13670
-20369
-25898
-29936
-32249
-32702
-31267
-28024
-23161
-16955
-9766
-2009
5867
13405
20168
25762
29860
32222
32709
31291
28049
23169
16936
9711
1916
-5992
-13553
-20323
-25904
-29968
-32275
-32687
-31179
-27837
-22855
-16527
-9222
-1372
6562
14111
20829
26318
30252
32397
32623
30916
27374
22206
15718
8294
373
-7571
-15067
-21669
-26980
-30683
-32556
-32483
-30469
-26631
-21197
-14492
-6916
1077
9009
16402
22811
27851
31216
32702
32218
29790
25564
19793
12824
5078
-2978
-10856
-18080
-24210
-28873
-31785
-32766
-31757
-28816
-24119
-17952
-10689
-2772
5316
13083
20053
25799
29968
32304
32662
31017
27469
22233
15630
8064
0
-8067
-15639
-22251
-27492
-31038
-32669
-32282
-29899
-25665
-19840
-12785
-4935
3223
11185
18454
24578
29176
31960
32754
31507
28295
23317
16881
9388
1306
-6859
-14599
-21426
-26913
-30713
-32587
-32415
-30206
-26096
-20343
-13307
-5431
2789
10837
18204
24423
29100
31937
32755
31498
28244
23199
16679
9099
938
-7285
-15047
-21854
-27271
-30951
-32659
-32282
-29844
-25497
-19519
-12290
-4271
4023
12062
19330
25359
29762
32252
32670
30984
27303
21861
15008
7184
-1105
-9326
-16947
-23474
-28484
-31650
-32766
-31757
-28687
-23753
-17274
-9670
-1435
6896
14781
21705
27215
30951
32666
32248
29720
25247
19119
11737
3583
-4807
-12886
-20121
-26035
-30239
-32455
-32534
-30469
-26395
-20578
-13400
-5336
3083
11302
18775
25007
29584
32200
32681
30992
27244
21684
14679
6695
-1736
-10055
-17706
-24178
-29038
-31959
-32744
-31340
-27837
-22468
-15592
-7668
771
9163
16942
23583
28641
31772
32764
31548
28203
22955
16155
8261
-193
-8637
-16499
-23246
-28419
-31667
-32766
-31641
-28366
-23161
-16378
-8479
0
8482
16388
23178
28387
31659
32766
31633
28334
23092
16267
8323
-193
-8699
-16610
-23382
-28547
-31748
-32764
-31521
-28105
-22748
-15818
-7793
771
9287
17161
23850
28887
31923
32744
31292
27666
22114
15023
6884
-1736
-10238
-18030
-24565
-29387
-32158
-32681
-30919
-26991
-21173
-13868
-5590
3083
11543
19194
25499
30012
32414
32534
30361
26047
19895
12336
3903
-4807
-13181
-20625
-26610
-30711
-32637
-32248
-29569
-24790
-18247
-10405
-1820
6896
15124
22277
27843
31423
32760
31757
28483
23169
16196
8060
-655
-9326
-17331
-24094
-29127
-32068
-32703
-30984
-27033
-21133
-13707
-5289
3511
12062
19743
25999
30374
32552
32371
29844
25150
18630
10754
2094
-6719
-15047
-22282
-27896
-31478
-32765
-31661
-28244
-22763
-15616
-7324
1506
10228
18204
24847
29668
32313
32585
30461
26096
19809
12062
3423
-5469
-13962
-21426
-27310
-31178
-32740
-31881
-28661
-23317
-16242
-7961
912
9721
17811
24578
29519
32265
32608
30520
26157
19840
12041
3339
-5613
-14150
-21629
-27492
-31296
-32755
-31758
-28377
-22863
-15630
-7219
1736
10564
18599
25234
29968
32443
32468
30041
25342
18725
10689
1842
-7147
-15598
-22868
-28404
-31785
-32751
-31227
-27327
-21345
-13736
-5078
3969
12717
20496
26712
30887
32702
32014
28875
23522
16364
7950
-1077
-10024
-18204
-24986
-29848
-32414
-32483
-30050
-25298
-18593
-10451
-1499
7571
16058
23305
28750
31969
32711
30916
26720
20449
12587
3744
-5391
-14111
-21734
-27666
-31442
-32766
-31533
-27837
-21964
-14372
-5653
3510
12401
20323
26654
30894
32710
31957
28692
23169
15822
7226
-1941
-10958
-19113
-25762
-30378
-32596
-32237
-29328
-24096
-16955
-8469
691
9799
18132
25028
29936
32465
32412
29778
24772
17791
9388
234
-8940
-17404
-24479
-29598
-32350
-32513
-30072
-25219
-18342
-9991
-836
8388
16942
24135
29387
32275
32563
30226
25451
18620
10283
1113
-8148
-16754
-24006
-29316
-32252
-32574
-30254
-25477
-18630
-10266
-1066
8222
16845
24098
29390
32286
32549
30156
25298
18372
9941
695
-8610
-17213
-24407
-29603
-32371
-32482
-29925
-24908
-17841
-9305
0
9307
17850
24924
29942
32491
32356
29546
24293
17028
8351
-1019
-10308
-18745
-25629
-30386
-32621
-32145
-28995
-23432
-15917
-7073
2362
11603
19879
26497
30903
32728
31816
28241
22301
14491
5464
-4023
-13175
-21224
-27492
-31451
-32766
-31324
-27244
-20868
-12732
-3519
5992
15001
22745
28568
31977
32682
30619
25962
19103
10622
1238
-8253
-17047
-24394
-29668
-32420
-32412
-29643
-24347
-16973
-8148
1373
10781
19269
26112
30723
32705
31886
28334
22351
14449
5304
-4298
-13534
-21608
-27826
-31650
-32749
-31026
-26627
-19930
-11510
-2094
7504
16457
23989
29446
32355
32460
29752
24461
17046
8148
-1459
-10942
-19477
-26318
-30870
-32732
-31742
-27983
-21780
-13674
-4371
5316
14541
22496
28484
31977
32669
30495
25645
18541
9807
209
-9410
-18204
-25397
-30356
-32640
-32046
-28625
-22675
-14721
-5464
4278
13645
21806
28038
31787
32719
30748
26047
19032
10324
695
-8997
-17892
-25196
-30256
-32621
-32077
-28669
-22701
-14703
-5389
4409
13816
21989
28193
31872
32694
30582
25725
18555
9715
0
-9718
-18563
-25739
-30598
-32699
-31850
-28126
-21861
-13619
-4144
5708
15047
23026
28920
32194
32549
29951
24631
17073
7961
-1876
-11547
-20168
-26955
-31287
-32766
-31257
-26894
-20073
-11416
-1713
8148
17267
24807
30076
32589
32113
28690
22632
14492
5018
-4919
-14407
-22570
-28657
-32104
-32591
-30072
-24775
-17189
-8012
1907
11653
20323
27113
31393
32763
31094
26539
19519
10683
852
-9060
-18132
-25519
-30530
-32697
-31816
-27965
-21503
-13031
-3339
6667
16052
23938
29584
32459
32292
29097
23169
15065
5543
-4501
-14125
-22423
-28612
-32108
-32578
-29977
-24546
-16798
-7461
2582
12385
21019
27666
31694
32721
30647
25665
18247
9095
-923
-10856
-19760
-26786
-31264
-32766
-31146
-26556
-19431
-10451
-470
9557
18675
26008
30855
32749
31507
27244
20368
11537
1595
-8501
-17784
-25359
-30497
-32702
-31758
-27754
-21074
-12360
-2451
7696
17103
24860
30215
32648
31922
28105
21563
12929
3039
-7147
-16643
-24525
-30025
-32607
-32016
-28309
-21844
-13249
-3359
6859
16412
24364
29939
32588
32050
28377
21924
13322
3413
-6833
-16412
-24382
-29960
-32596
-32028
-28309
-21804
-13150
-3199
7069
16643
24578
30089
32630
31946
28105
21482
12732
2719
-7565
-17103
-24947
-30318
-32680
-31797
-27754
-20951
-12062
-1970
8320
17784
25478
30633
32732
31565
27244
20200
11134
952
-9326
-18675
-26154
-31014
-32765
-31228
-26556
-19215
-9941
333
10578
19760
26955
31436
32749
30759
25665
17979
8475
-1887
-12062
-21019
-27851
-31864
-32650
-30126
-24546
-16475
-6728
3703
13762
22423
28806
32258
32427
29291
23169
14683
4696
-5772
-15653
-23938
-29777
-32571
-32033
-28214
-21503
-12587
-2378
8077
17706
25519
30711
32748
31416
26850
19519
10175
-219
-10594
-19879
-27113
-31549
-32726
-30520
-25157
-17189
-7439
3083
13289
22119
28657
32222
32441
29289
23092
14492
4381
-6187
-16114
-24364
-30076
-32652
-31820
-27666
-20619
-11416
-1017
9491
19008
26537
31287
32757
30792
25595
17709
7961
-2625
-12939
-21894
-28547
-32194
-32451
-29286
-23032
-14346
-4144
6498
16457
24678
30291
32699
31644
27238
19943
10531
0
-10533
-19951
-27251
-31656
-32694
-30254
-24592
-16309
-6286
4409
14637
23305
29487
32519
32077
28203
21312
12137
1660
-8997
-18692
-26385
-31248
-32757
-30748
-25434
-17383
-7461
3266
13645
22556
29038
32390
32248
28625
21909
12824
2351
-8378
-18204
-26061
-31098
-32765
-30880
-25645
-17625
-7689
3083
13524
22496
29023
32393
32235
28565
21780
12618
2077
-8692
-18516
-26318
-31245
-32755
-30681
-25247
-17046
-6975
3863
14280
23132
29446
32527
32033
28015
20915
11510
836
-9932
-19609
-27125
-31650
-32682
-30103
-24198
-15616
-5304
5596
15880
24407
30232
32705
31550
26894
19250
9465
-1373
-12062
-21411
-28379
-32188
-32412
-29022
-22395
-13267
-2656
8253
18244
26197
31222
32754
30619
25054
16679
6433
-4537
-15001
-23783
-29895
-32648
-31731
-27244
-19690
-9916
976
11762
21224
28293
32170
32415
28997
22301
13080
2378
-8595
-18599
-26497
-31393
-32729
-30352
-24528
-15917
-5494
5554
15974
24578
30386
32734
31352
26395
18425
8351
-2679
-13405
-22602
-29217
-32491
-32046
-27932
-20616
-10936
0
10939
20625
27944
32055
32482
29173
22507
13249
2462
-8610
-18692
-26622
-31481
-32707
-30156
-24119
-15293
-4696
6446
16845
25296
30817
32766
30916
25477
17079
6695
-4468
-15115
-24006
-30106
-32702
-31489
-26606
-18620
-8460
2689
13528
22788
29387
32552
31909
27532
19930
9991
-1120
-12103
-21669
-28693
-32350
-32208
-28280
-21025
-11295
-234
10856
20671
28052
32127
32412
28871
21921
12379
1372
-9799
-19815
-27487
-31906
-32545
-29328
-22632
-13249
-2291
8940
19113
27016
31708
32629
29666
23169
13911
2992
-8285
-18577
-26654
-31549
-32677
-29899
-23544
-14372
-3477
7836
18214
26411
31442
32702
30037
23764
14635
3744
-7598
-18030
-26293
-31393
-32711
-30086
-23833
-14703
-3796
7571
18026
26305
31405
32707
30050
23753
14577
3632
-7754
-18204
-26446
-31479
-32688
-29925
-23522
-14256
-3253
8148
18560
26712
31608
32650
29706
23135
13736
2656
-8751
-19090
-27095
-31785
-32581
-29385
-22585
-13013
-1842
9557
19786
27585
31994
32468
28947
21861
12081
809
-10564
-20637
-28166
-32219
-32293
-28377
-20951
-10932
440
11762
21629
28819
32437
32033
27653
19840
9561
-1907
-13142
-22745
-29519
-32621
-31661
-26755
-18514
-7961
3586
14689
23960
30239
32740
31148
25658
16955
6128
-5469
-16384
-25247
-30944
-32759
-30461
-24336
-15151
-4058
7546
18204
26572
31595
32638
29565
22763
13087
1756
-9798
-20118
-27896
-32148
-32332
-28424
-20915
-10754
771
12203
22088
29171
32552
31797
27001
18769
8148
-3511
-14727
-24069
-30346
-32754
-30984
-25260
-16309
-5272
6439
17331
26008
31359
32696
29845
23169
13521
2137
-9523
-19964
-27843
-32146
-32318
-28334
-20703
-10405
1234
12717
22564
29503
32637
31559
26407
17841
6968
-4807
-15965
-25058
-30909
-32757
-30361
-24028
-14577
-3233
8533
19194
27364
31977
32433
28669
21173
10917
-762
-12345
-22321
-29387
-32619
-31592
-26438
-17828
-6884
4961
16161
25247
31028
32744
30168
23635
13998
2522
-9287
-19879
-27860
-32179
-32265
-28105
-20242
-9711
2101
13640
23382
30040
32733
31103
25362
16267
5018
-6896
-17901
-26537
-31659
-32585
-29190
-21921
-11741
0
11743
21929
29201
32589
31641
26480
17791
6728
-5233
-16499
-25566
-31222
-32709
-29826
-22955
-13013
-1327
10537
20994
28641
32450
31909
27088
18630
7668
-4324
-15739
-25041
-30976
-32744
-30105
-23411
-13561
-1880
10055
20637
28436
32397
31982
27244
18822
7852
-4182
-15653
-25007
-30974
-32743
-30072
-23319
-13400
-1660
10308
20879
28612
32455
31881
26966
18377
7282
-4807
-16245
-25468
-31216
-32702
-29720
-22675
-12528
-664
11292
21705
29147
32596
31576
26225
17274
5950
-6193
-17489
-26383
-31650
-32564
-28995
-21433
-10917
1105
12978
23064
29968
32737
30984
24950
15465
3839
-8320
-19330
-27666
-32170
-32217
-27796
-19519
-8531
3643
15314
24860
30951
32739
29972
23032
12884
938
-11141
-21669
-29176
-32613
-31498
-25982
-16835
-5332
6918
18204
26944
31912
32410
28366
20343
9465
-2743
-14569
-24351
-30713
-32759
-30198
-23387
-13283
-1306
10856
21492
29100
32604
31507
25962
16748
5166
-7147
-18454
-27152
-32008
-32332
-28076
-19840
-8789
3510
15314
24947
31038
32720
29752
22551
12140
0
-12143
-22559
-29762
-32723
-31017
-24884
-15198
-3339
8998
20053
28242
32393
31908
26854
17952
6476
-5930
-17489
-26541
-31785
-32465
-28481
-20402
-9388
2978
14918
24714
30951
32730
29790
22554
12062
-172
-12385
-22811
-29942
-32746
-30813
-24421
-14492
-2462
9926
20879
28806
32556
31581
26021
16679
4912
-7571
-18956
-27585
-32200
-32127
-27374
-18630
-7167
5342
17076
26318
31719
32485
28504
20353
9222
-3259
-15267
-25041
-31147
-32687
-29434
-21861
-11077
1334
13553
23783
30517
32764
30189
23169
12736
423
-11953
-22570
-29860
-32743
-30792
-24293
-14202
-2009
10483
21426
29201
32652
31267
25247
15482
3419
-9153
-20369
-28563
-32514
-31633
-26047
-16586
-4654
7973
19415
27967
32350
31910
26709
17520
5712
-6950
-18577
-27428
-32179
-32116
-27244
-18292
-6597
6088
17864
26962
32015
32263
27666
18910
7310
-5391
-17284
-26579
-31872
-32366
-27983
-19380
-7852
4862
16845
26287
31760
32433
28203
19707
8226
-4501
-16550
-26094
-31684
-32472
-28334
-19895
-8434
4310
16402
26003
31651
32486
28377
19946
8475
-4288
-16402
-26016
-31662
-32478
-28334
-19861
-8351
4437
16550
26133
31717
32445
28203
19638
8060
-4756
-16845
-26351
-31812
-32386
-27983
-19276
-7602
5243
17284
26666
31941
32293
27666
18769
6975
-5898
-17864
-27071
-32095
-32157
-27244
-18113
-6176
6719
18577
27557
32265
31968
26709
17302
5205
-7702
-19415
-28111
-32434
-31710
-26047
-16326
-4058
8843
20369
28719
32588
31368
25247
15179
2736
-10137
-21426
-29364
-32705
-30922
-24293
-13853
-1238
11573
22570
30025
32764
30353
23169
12339
-434
-13142
-23783
-30678
-32739
-29638
-21861
-10632
2276
14829
25041
31296
32604
28754
20353
8727
-4282
-16616
-26318
-31849
-32328
-27676
-18630
-6622
6439
18480
27585
32302
31880
26381
16679
4318
-8734
-20396
-28806
-32620
-31227
-24845
-14492
-1820
11144
22329
29942
32763
30335
23047
12062
-859
-13645
-24243
-30951
-32688
-29173
-20967
-9388
3703
16202
26094
31785
32354
27709
18593
6476
-6688
-18775
-27832
-32393
-31718
-25913
-15915
-3339
9779
21317
29402
32723
30737
23764
12933
0
-12935
-23772
-30745
-32720
-29372
-21243
-9654
3510
16105
26077
31798
32332
27590
18342
6096
-7147
-19226
-28162
-32493
-31507
-25362
-15061
-2291
10856
22227
29953
32765
30198
22670
11416
-1716
-14569
-25028
-31370
-32548
-28366
-19509
-7435
5867
18204
27539
32330
31782
25982
15887
3163
-10086
-21669
-29667
-32753
-30413
-23032
-11831
1334
14281
24860
31312
32563
28403
19519
7387
-5976
-18347
-27666
-32377
-31693
-25725
-15465
-2622
10659
22164
29968
32766
30086
22374
10917
-2369
-15261
-25599
-31650
-32396
-27709
-18372
-5950
7473
19643
28516
32596
31195
24546
13765
664
-12550
-23653
-30771
-32702
-29116
-20616
-8634
4807
17440
27128
32230
31881
26137
15968
3092
-10308
-21966
-29901
-32766
-30072
-22272
-10689
2711
15653
25937
31812
32275
27244
17574
4908
-8595
-20637
-29162
-32712
-30681
-23411
-12140
1206
14349
25041
31451
32480
27948
18630
6117
-7445
-19735
-28641
-32634
-31026
-24089
-13013
301
13567
24501
31222
32570
28309
19172
6728
-6876
-19298
-28393
-32589
-31159
-24347
-13326
0
13328
24354
31166
32585
28360
19220
6748
-6896
-19347
-28443
-32604
-31103
-24198
-13087
301
13640
24608
31294
32533
28105
18778
6176
-7504
-19879
-28786
-32669
-30847
-23635
-12290
1206
14493
25247
31583
32389
27520
17828
5008
-8692
-20870
-29387
-32745
-30352
-22624
-10917
2711
15865
26229
31977
32094
26556
16335
3233
-10442
-22277
-30182
-32757
-29546
-21112
-8944
4807
17712
27483
32390
31559
25136
14256
845
-12717
-24026
-31070
-32598
-28334
-19032
-6345
7473
19964
28903
32697
30666
23169
11540
-2148
-15456
-26008
-31918
-32127
-26596
-16309
-3103
10659
22517
30346
32741
29270
20553
8148
-5719
-18563
-28078
-32552
-31179
-24202
-12874
771
14281
25223
31625
32332
27214
17189
4062
-9798
-21894
-30040
-32762
-29565
-21025
-8682
5233
18204
27882
32514
31257
24336
13002
-691
-14262
-25247
-31650
-32307
-27094
-16955
-3732
10171
22227
30239
32747
29289
20494
7961
-6025
-18915
-28356
-32621
-30929
-23586
-11931
1907
15400
26077
31982
32033
26215
15592
2109
-11762
-23479
-30889
-32629
-28377
-18910
-5966
8077
20637
29402
32756
30080
21861
9613
-4409
-17621
-27585
-32459
-31342
-24435
-13013
816
14497
25499
31785
32188
26631
16140
2656
-11322
-23203
-30782
-32650
-28456
-18976
-5969
8148
20755
29503
32763
29925
21514
9095
-5021
-18204
-27995
-32564
-31058
-23753
-12011
1977
15598
26305
32095
31880
25698
14703
952
-12978
-24480
-31393
-32418
-27360
-17165
-3744
10381
22559
30497
32702
28754
19394
6380
-7836
-20580
-29446
-32762
-29899
-21393
-8847
5370
18577
28275
32630
30814
23169
11138
-3003
-16579
-27016
-32334
-31523
-24733
-13249
751
14612
25700
31906
32048
26096
15179
1372
-12698
-24354
-31371
-32412
-27273
-16932
-3359
10856
23003
30758
32638
28280
18514
5205
-9101
-21669
-30089
-32747
-29131
-19930
-6905
7445
20371
29387
32762
29844
21189
8460
-5898
-19125
-28673
-32702
-30433
-22301
-9868
4468
17946
27963
32585
30916
23274
11134
-3159
-16845
-27275
-32428
-31305
-24119
-12260
1977
15833
26622
32247
31615
24845
13249
-923
-14918
-26016
-32055
-31858
-25461
-14105
0
14107
25468
31864
32046
25975
14832
792
-13405
-24986
-31684
-32188
-26395
-15435
-1452
12817
24578
31525
32292
26727
15917
1981
-12345
-24250
-31393
-32366
-26976
-16280
-2378
11993
24006
31293
32415
27148
16527
2644
-11762
-23850
-31230
-32442
-27244
-16660
-2779
11653
23783
31206
32451
27267
16679
2783
-11667
-23806
-31222
-32441
-27217
-16586
-2656
11803
23919
31277
32412
27094
16378
2398
-12062
-24120
-31370
-32361
-26894
-16056
-2009
12441
24407
31496
32285
26615
15616
1488
-12939
-24777
-31650
-32178
-26251
-15055
-836
13553
25223
31826
32033
25797
14372
52
-14280
-25739
-32015
-31841
-25247
-13561
863
15115
26318
32208
31592
24592
12618
-1908
-16052
-26950
-32393
-31276
-23823
-11540
3083
17085
27622
32556
30880
22932
10324
-4384
-18204
-28323
-32682
-30389
-21909
-8965
5807
19399
29038
32755
29790
20744
7461
-7347
-20658
-29748
-32757
-29067
-19428
-5811
8997
21966
30436
32669
28203
17952
4016
-10746
-23305
-31079
-32468
-27184
-16309
-2077
12583
24657
31656
32135
25992
14491
0
-14493
-25999
-32139
-31644
-24613
-12494
2208
16457
27304
32503
30975
23032
10317
-4537
-18454
-28547
-32719
-30103
-21238
-7961
6971
20458
29694
32757
29007
19220
5431
-9491
-22439
-30713
-32587
-27666
-16973
-2736
12073
24364
31568
32177
26060
14492
-108
-14689
-26197
-32222
-31498
-24174
-11781
3083
17304
27896
32634
30520
21996
8847
-6162
-19879
-29416
-32766
-29219
-19519
-5706
9311
22368
30711
32578
27570
16743
2378
-12491
-24723
-31732
-32033
-25558
-13674
1105
15653
26888
32428
31095
23169
10328
-4707
-18745
-28806
-32750
-29736
-20402
-6728
8378
21705
30414
32650
27932
17262
2911
-12062
-24465
-31651
-32083
-25665
-13765
1077
15692
26955
32455
31012
22932
9941
-5180
-19194
-29098
-32765
-29406
-19738
-5832
9326
22486
30817
32526
27244
16102
1495
-13436
-25478
-32035
-31693
-24521
-12062
2999
17416
28078
32680
30226
21243
7668
-7565
-21167
-30192
-32685
-28105
-17438
-2992
12103
24578
31727
31995
25321
13150
-1876
-16499
-27539
-32596
-30567
-21889
-8448
6833
20630
29936
32722
28377
17845
3419
-11753
-24364
-31659
-32040
-25423
-13249
1823
16499
27568
32607
30508
21729
8189
-7147
-20920
-30108
-32693
-28105
-17347
-2779
12401
24860
31856
31850
24838
12360
-2839
-17416
-28160
-32702
-30037
-20749
-6884
8501
22013
30668
32552
27244
15915
1066
-14020
-26008
-32243
-31342
-23500
-10451
4915
19194
29220
32766
29042
18871
4509
-10856
-23813
-31479
-32147
-25665
-13473
1720
16533
27666
32637
30335
21271
7461
-8015
-21705
-30552
-32578
-27327
-15968
-1038
14125
26133
32294
31228
23169
9920
-5554
-19786
-29584
-32748
-28565
-17970
-3339
12043
24723
31849
31816
24627
11897
-3511
-18132
-28673
-32755
-29458
-19519
-5177
10334
23516
31393
32182
25702
13414
-1907
-16800
-27896
-32682
-30072
-20653
-6555
9029
22570
30997
32395
26445
14492
-751
-15827
-27310
-32589
-30461
-21406
-7481
8148
21926
30713
32507
26894
15151
-48
-15238
-26955
-32522
-30664
-21804
-7961
7702
21608
30575
32549
27076
15403
202
-15047
-26852
-32503
-30703
-21861
-8002
7696
21629
30598
32538
27001
15255
0
-15257
-27007
-32541
-30582
-21579
-7602
8129
21989
30779
32468
26664
14703
-655
-15865
-27411
-32621
-30288
-20948
-6758
8997
22672
31098
32318
26047
13736
-1763
-16855
-28038
-32713
-29790
-19946
-5464
10289
23653
31516
32046
25116
12336
-3319
-18204
-28847
-32766
-29042
-18541
-3711
11987
24889
31977
31593
23823
10480
-5316
-19871
-29777
-32711
-27983
-16697
-1495
14059
26318
32404
30885
22114
8148
-7733
-21801
-30745
-32460
-26539
-14372
1180
16457
27860
32699
29832
19930
5325
-10537
-23916
-31650
-31910
-24631
-11530
4298
19113
29409
32747
28334
17210
2009
-13670
-26112
-32365
-30942
-22178
-8148
7817
21929
30833
32412
26285
13907
-1780
-17047
-28259
-32743
-29429
-19103
-4222
11667
24777
31977
31548
23586
9991
-5992
-20546
-30192
-32619
-27244
-15350
219
15739
27492
32660
30001
20149
5464
-10533
-24006
-31719
-31816
-24270
-10892
5106
19879
29873
32681
27625
15917
373
-15261
-27221
-32621
-30156
-20416
-5748
10308
23879
31684
31836
24293
10875
-5173
-19973
-29942
-32665
-27477
-15633
0
15636
27483
32666
29925
19920
5078
-10999
-24407
-31886
-31615
-23656
-9941
6193
20824
30386
32549
26782
14487
-1341
-16845
-28242
-32749
-29262
-18630
-3445
12583
25539
32252
31078
22301
8064
-8148
-22368
-31111
-32231
-25451
-12429
3643
18824
29387
32737
28047
16465
836
-15001
-27152
-32625
-30072
-20115
-5205
10989
24479
31937
31523
23335
9388
-6876
-21447
-30723
-32412
-26092
-13322
2743
18132
29038
32759
28371
16955
1338
-14612
-26944
-32596
-30164
-20247
-5304
10958
24501
31960
31477
23169
9099
-7236
-21774
-30894
-32323
-25702
-12676
3510
18824
29446
32724
27837
16000
166
-15711
-27666
-32707
-29572
-19041
-3744
12491
25602
32304
30916
21780
7184
-9215
-23305
-31551
-31880
-24205
-10451
5930
20824
30486
32483
26311
13518
-2679
-18204
-29147
-32749
-28098
-16364
-502
15488
27574
32702
29574
18976
3583
-12717
-25806
-32371
-30748
-21345
-6538
9926
23879
31785
31636
23467
9346
-7147
-21830
-30974
-32254
-25342
-11991
4409
19692
29968
32623
26976
14462
-1736
-17495
-28798
-32764
-28377
-16752
-852
15267
27492
32699
29554
18857
3339
-13034
-26077
-32450
-30520
-20777
-5712
10817
24578
32042
31291
22515
7961
-8637
-23021
-31496
-31881
-24075
-10079
6509
21426
30833
32307
25463
12062
-4448
-19815
-30076
-32585
-26689
-13907
2465
18204
29244
32732
27762
15616
-569
-16610
-28356
-32765
-28692
-17189
-1231
15047
27428
32699
29490
18630
2932
-13528
-26478
-32552
-30168
-19943
-4530
12062
25519
32337
30737
21133
6022
-10659
-24565
-32068
-31208
-22206
-7407
9326
23628
31760
31593
23169
8686
-8070
-22719
-31423
-31903
-24028
-9858
6896
21846
31070
32147
24790
10926
-5807
-21019
-30711
-32336
-25461
-11891
4807
20244
30356
32478
26047
12755
-3899
-19528
-30012
-32581
-26556
-13521
3083
18877
29687
32654
26991
14192
-2362
-18294
-29387
-32703
-27360
-14769
1736
17784
29119
32734
27666
15255
-1206
-17349
-28887
-32752
-27913
-15652
771
16993
28695
32761
28105
15962
-434
-16717
-28547
-32765
-28244
-16186
193
16523
28443
32766
28334
16326
-48
-16412
-28387
-32766
-28374
-16382
0
0
0
0
0
0
0
0
0
0
0
0
0
0
0
0
0
0
0
0
0
0
0
0
0
0
0
0
0
0
0
0
0
0
0
0
0
0
0
0
0
0
0
0
0
0
0
0
0
0
0
0
0
0
0
0
0
0
0
0
0
0
0
0
0
0
0
0
0
0
0
0
0
0
0
0
0
0
0
0
0
0
0
0
0
0
0
0
0
0
0
0
0
0
0
0
0
0
0
0
0
0
0
0
0
0
0
0
0
0
0
0
0
0
0
0
0
0
0
0
0
0
0
0
0
0
0
0
0
0
0
0
0
0
0
0
0
0
0
0
0
0
0
0
0
0
0
0
0
0
0
0
0
0
0
0
0
0
0
0
0
0
0
0
0
0
0
0
0
0
0
0
0
0
0
0
0
0
0
0
0
0
0
0
0
0
0
0
0
0
0
0
0
0
0
0
0
0
0
0
0
0
0
0
0
0
0
0
0
0
0
0
0
0
0
0
0
0
0
0
0
0
0
0
0
0
0
0
0
0
0
0
0
0
0
0
0
0
0
0
0
0
0
0
0
0
0
0
0
0
0
0
0
0
0
0
0
0
0
0
0
0
0
0
0
0
0
0
0
0
0
0
0
0
0
0
0
0
0
0
0
0
0
0
0
0
0
0
0
0
0
0
0
0
0
0
0
0
0
0
0
0
0
0
0
0
0
0
0
0
0
0
0
0
0
0
0
0
0
0
0
0
0
0
0
0
0
0
0
0
0
0
0
0
0
0
0
0
0
0
0
0
0
0
0
0
0
0
0
0
0
0
0
0
0
0
0
0
0
0
0
0
0
0
0
0
0
0
0
0
0
0
0
0
0
0
0
0
0
0
0
0
0
0
0
0
0
0
0
0
0
0
0
0
0
0
0
0
0
0
0
0
0
0
0
0
0
0
0
0
0
0
0
0
0
0
0
0
0
0
0
0
0
0
0
0
0
0
0
0
0
0
0
0
0
0
0
0
0
0
0
0
0
0
0
0
0
0
0
0
0
0
0
0
0
0
0
0
0
0
0
0
0
0
0
0
0
0
0
0
0
0
0
0
0
0
0
0
0
0
0
0
0
0
0
0
0
0
0
0
0
0
0
0
0
0
0
0
0
0
0
0
0
0
0
0
0
0
0
0
0
0
0
0
0
0
0
0
0
0
0
0
0
0
0
0
0
0
0
0
0
0
0
0
0
0
0
0
0
0
0
0
0
0
0
0
0
0
0
0
0
0
0
0
0
0
0
0
0
0
0
0
0
0
0
0
0
0
0
0
0
0
0
0
0
0
0
0
0
0
0
0
0
0
0
0
0
0
0
0
0
0
0
0
0
0
0
0
0
0
0
0
0
0
0
0
0
0
0
0
0
0
0
0
0
0
0
0
0
0
0
0
0
0
0
0
0
0
0
0
0
0
0
0
0
0
0
0
0
0
0
0
0
0
0
0
0
0
0
0
0
0
0
0
0
0
0
0
0
0
0
0
0
0
0
0
0
0
0
0
0
0
0
0
0
0
0
0
0
0
0
0
0
0
0
0
0
0
0
0
0
0
0
0
0
0
0
0
0
0
0
0
0
0
0
0
0
0
0
0
0
0
0
0
0
0
0
0
0
0
0
0
0
0
0
0
0
0
0
0
0
0
0
0
0
0
0
0
0
0
0
0
0
0
0
0
0
0
0
0
0
0
0
0
0
0
0
0
0
0
0
0
0
0
0
0
0
0
0
0
0
0
0
0
0
0
0
0
0
0
0
0
0
0
0
0
0
0
0
0
0
0
0
0
0
0
0
0
0
0
0
0
0
0
0
0
0
0
0
0
0
0
0
0
0
0
0
0
0
0
0
0
0
0
0
0
0
0
0
0
0
0
0
0
0
0
0
0
0
0
0
0
0
0
0
0
0
0
0
0
0
0
0
0
0
0
0
0
0
0
0
0
0
0
0
0
0
0
0
0
0
0
0
0
0
0
0
0
0
0
0
0
0
0
0
0
0
0
0
0
0
0
0
0
0
0
0
0
0
0
0
0
0
0
0
0
0
0
0
0
0
0
0
0
0
0
0
0
0
0
0
0
0
0
0
0
0
0
0
0
0
0
0
0
0
0
0
0
0
0
0
0
0
0
0
0
0
0
0
0
0
0
0
0
0
0
0
0
0
0
12072
11764
10859
9401
7469
5162
2601
-81
-2747
-5257
-7484
-9312
-10652
-11436
-11630
-11229
-10260
-8781
-6876
-4650
-2224
270
2703
4947
6889
8433
9509
10072
10107
9630
8681
7327
5654
3763
1763
-237
-2132
-3829
-5250
-6337
-7054
-7389
-7350
-6967
-6287
-5368
-4277
-3085
-1859
-663
451
1441
2280
2951
3451
3788
3975
4032
3982
3844
3637
3373
3061
2702
2295
1835
1318
739
100
-591
-1323
-2072
-2810
-3498
-4098
-4568
-4868
-4965
-4833
-4460
-3849
-3017
-1998
-841
394
1640
2822
3869
4717
5311
5612
5602
5280
4669
3811
2764
1598
393
-770
-1818
-2685
-3321
-3694
-3795
-3636
-3249
-2683
-2003
-1277
-578
28
487
759
826
688
372
-80
-608
-1143
-1608
-1933
-2056
-1931
-1533
-863
50
1157
2381
3629
4798
5782
6481
6808
6701
6125
5079
3597
1747
-368
-2626
-4883
-6986
-8789
-10155
-10972
-11163
-10686
-9543
-7782
-5491
-2797
143
3156
6057
8663
10811
12362
13213
13305
12625
11209
9140
6541
3567
397
-2778
-5770
-8401
-10520
-12007
-12781
-12810
-12105
-10721
-8757
-6341
-3628
-787
2010
4599
6834
8591
9785
10362
10312
9662
8474
6842
4882
2728
519
-1608
-3526
-5127
-6326
-7067
-7324
-7104
-6442
-5402
-4067
-2538
-921
670
2134
3378
4324
4921
5138
4973
4448
3608
2521
1266
-64
-1376
-2575
-3577
-4313
-4730
-4798
-4510
-3885
-2964
-1808
-495
885
2239
3473
4501
5249
5662
5707
5375
4684
3673
2407
966
-556
-2061
-3449
-4628
-5522
-6070
-6239
-6018
-5424
-4501
-3311
-1939
-478
973
2318
3468
4351
4916
5136
5008
4556
3830
2895
1832
729
-324
-1248
-1974
-2454
-2660
-2593
-2273
-1746
-1076
-338
386
1017
1483
1728
1716
1436
903
156
-742
-1713
-2666
-3507
-4146
-4507
-4530
-4185
-3468
-2406
-1056
498
2155
3797
5304
6559
7460
7926
7906
7380
6366
4915
3110
1061
-1104
-3249
-5236
-6936
-8241
-9069
-9368
-9124
-8357
-7121
-5501
-3601
-1544
540
2530
4311
5787
6887
7568
7816
7646
7096
6226
5113
3839
2488
1140
-133
-1279
-2257
-3045
-3637
-4042
-4276
-4365
-4336
-4213
-4016
-3758
-3445
-3074
-2638
-2126
-1527
-835
-52
809
1728
2668
3581
4414
5104
5594
5829
5767
5382
4671
3651
2367
883
-713
-2322
-3838
-5152
-6168
-6804
-7003
-6740
-6022
-4889
-3415
-1701
131
1949
3616
5007
6013
6556
6592
6113
5156
3793
2131
299
-1554
-3282
-4742
-5814
-6405
-6464
-5979
-4983
-3551
-1794
149
2124
3972
5542
6703
7357
7445
6952
5910
4395
2519
424
-1728
-3777
-5563
-6952
-7839
-8161
-7896
-7071
-5756
-4055
-2105
-57
1932
3716
5164
6180
6703
6715
6239
5339
4110
2673
1161
-293
-1567
-2558
-3196
-3446
-3310
-2830
-2079
-1157
-178
738
1481
1956
2098
1873
1290
393
-737
-1993
-3249
-4368
-5222
-5700
-5718
-5230
-4234
-2771
-926
1174
3380
5522
7427
8933
9902
10232
9869
8808
7099
4843
2183
-702
-3614
-6348
-8710
-10531
-11679
-12072
-11679
-10531
-8710
-6348
-3614
-702
2183
4843
7099
8808
9869
10232
9902
8933
7427
5522
3380
1174
-926
-2771
-4234
-5230
-5718
-5700
-5222
-4368
-3249
-1993
-737
393
1290
1873
2098
1956
1481
738
-178
-1157
-2079
-2830
-3310
-3446
-3196
-2558
-1567
-293
1161
2673
4110
5339
6239
6715
6703
6180
5164
3716
1932
-57
-2105
-4055
-5756
-7071
-7896
-8161
-7839
-6952
-5563
-3777
-1728
424
2519
4395
5910
6952
7445
7357
6703
5542
3972
2124
149
-1794
-3551
-4983
-5979
-6464
-6405
-5814
-4742
-3282
-1554
299
2131
3793
5156
6113
6592
6556
6013
5007
3616
1949
131
-1701
-3415
-4889
-6022
-6740
-7003
-6804
-6168
-5152
-3838
-2322
-713
883
2367
3651
4671
5382
5767
5829
5594
5104
4414
3581
2668
1728
809
-52
-835
-1527
-2126
-2638
-3074
-3445
-3758
-4016
-4213
-4336
-4365
-4276
-4042
-3637
-3045
-2257
-1279
-133
1140
2488
3839
5113
6226
7096
7646
7816
7568
6887
5787
4311
2530
540
-1544
-3601
-5501
-7121
-8357
-9124
-9368
-9069
-8241
-6936
-5236
-3249
-1104
1061
3110
4915
6366
7380
7906
7926
7460
6559
5304
3797
2155
498
-1056
-2406
-3468
-4185
-4530
-4507
-4146
-3507
-2666
-1713
-742
156
903
1436
1716
1728
1483
1017
386
-338
-1076
-1746
-2273
-2593
-2660
-2454
-1974
-1248
-324
729
1832
2895
3830
4556
5008
5136
4916
4351
3468
2318
973
-478
-1939
-3311
-4501
-5424
-6018
-6239
-6070
-5522
-4628
-3449
-2061
-556
966
2407
3673
4684
5375
5707
5662
5249
4501
3473
2239
885
-495
-1808
-2964
-3885
-4510
-4798
-4730
-4313
-3577
-2575
-1376
-64
1266
2521
3608
4448
4973
5138
4921
4324
3378
2134
670
-921
-2538
-4067
-5402
-6442
-7104
-7324
-7067
-6326
-5127
-3526
-1608
519
2728
4882
6842
8474
9662
10312
10362
9785
8591
6834
4599
2010
-787
-3628
-6341
-8757
-10721
-12105
-12810
-12781
-12007
-10520
-8401
-5770
-2778
397
3567
6541
9140
11209
12625
13305
13213
12362
10811
8663
6057
3156
143
-2797
-5491
-7782
-9543
-10686
-11163
-10972
-10155
-8789
-6986
-4883
-2626
-368
1747
3597
5079
6125
6701
6808
6481
5782
4798
3629
2381
1157
50
-863
-1533
-1931
-2056
-1933
-1608
-1143
-608
-80
372
688
826
759
487
28
-578
-1277
-2003
-2683
-3249
-3636
-3795
-3694
-3321
-2685
-1818
-770
393
1598
2764
3811
4669
5280
5602
5612
5311
4717
3869
2822
1640
394
-841
-1998
-3017
-3849
-4460
-4833
-4965
-4868
-4568
-4098
-3498
-2810
-2072
-1323
-591
100
739
1318
1835
2295
2702
3061
3373
3637
3844
3982
4032
3975
3788
3451
2951
2280
1441
451
-663
-1859
-3085
-4277
-5368
-6287
-6967
-7350
-7389
-7054
-6337
-5250
-3829
-2132
-237
1763
3763
5654
7327
8681
9630
10107
10072
9509
8433
6889
4947
2703
270
-2224
-4650
-6876
-8781
-10260
-11229
-11630
-11436
-10652
-9312
-7484
-5257
-2747
-81
2601
5162
7469
9401
10859
11764
0
0
0
0
0
0
0
0
0
0
0
0
0
0
0
0
0
0
0
0
0
0
0
0
0
0
0
0
0
0
0
0
0
0
0
0
0
0
0
0
0
0
0
0
0
0
0
0
0
0
0
0
0
0
0
0
0
0
0
0
0
0
0
0
0
0
0
-5173
-5107
-4905
-4561
-4069
-3421
-2613
-1649
-544
676
1972
3290
4565
5721
6682
7371
7720
7676
7205
6301
4983
3303
1339
-804
-3004
-5125
-7028
-8583
-9676
-10217
-10151
-9462
-8175
-6356
-4107
-1566
1109
3749
6182
8247
9806
10756
11031
10612
9527
7849
5688
3191
523
-2138
-4620
-6762
-8432
-9528
-9993
-9812
-9016
-7675
-5896
-3811
-1569
674
2772
4593
6029
7006
7484
7462
6971
6076
4864
3441
1920
411
-982
-2176
-3109
-3741
-4062
-4086
-3849
-3404
-2816
-2152
-1481
-861
-338
56
311
430
434
354
232
110
31
28
125
334
649
1052
1510
1983
2423
2779
3006
3066
2931
2590
2046
1321
450
-518
-1526
-2510
-3406
-4155
-4705
-5017
-5069
-4851
-4372
-3657
-2744
-1682
-526
662
1825
2904
3852
4625
5194
5538
5647
5523
5174
4617
3877
2981
1960
849
-315
-1495
-2652
-3744
-4733
-5576
-6235
-6672
-6855
-6759
-6368
-5676
-4693
-3441
-1962
-309
1444
3220
4926
6470
7760
8712
9257
9344
8947
8067
6733
5003
2962
716
-1611
-3890
-5987
-7778
-9155
-10035
-10363
-10117
-9313
-8001
-6261
-4202
-1951
354
2575
4581
6257
7514
8291
8562
8334
7646
6568
5191
3621
1972
355
-1127
-2390
-3370
-4032
-4364
-4384
-4130
-3659
-3042
-2353
-1664
-1040
-532
-174
20
58
-36
-225
-459
-685
-850
-910
-833
-601
-214
308
933
1611
2286
2897
3387
3704
3812
3689
3332
2760
2006
1121
166
-791
-1686
-2458
-3056
-3449
-3619
-3570
-3325
-2922
-2408
-1842
-1279
-772
-362
-76
75
102
31
-98
-234
-322
-308
-147
191
718
1422
2268
3197
4134
4989
5667
6075
6134
5783
4990
3755
2115
144
-2053
-4344
-6574
-8585
-10219
-11338
-11827
-11613
-10666
-9009
-6712
-3896
-723
2616
5910
8943
11513
13441
14588
14867
14244
12750
10472
7550
4171
551
-3075
-6475
-9433
-11761
-13318
-14018
-13833
-12794
-10995
-8575
-5716
-2623
487
3403
5936
7931
9274
9909
9828
9080
7760
6002
3966
1828
-240
-2079
-3556
-4575
-5082
-5069
-4572
-3669
-2469
-1102
288
1564
2601
3298
3587
3441
2871
1928
697
-708
-2161
-3526
-4673
-5491
-5895
-5831
-5289
-4293
-2908
-1232
613
2489
4255
5775
6930
7632
7821
7482
6634
5338
3687
1799
-189
-2138
-3908
-5378
-6451
-7059
-7171
-6794
-5971
-4777
-3311
-1693
-50
1495
2830
3862
4525
4785
4640
4123
3293
2235
1050
-153
-1268
-2199
-2864
-3208
-3204
-2854
-2191
-1274
-184
983
2124
3137
3929
4422
4564
4328
3717
2763
1528
93
-1440
-2963
-4366
-5542
-6400
-6871
-6911
-6502
-5662
-4434
-2889
-1121
761
2642
4402
5931
7132
7928
8269
8131
7522
6476
5057
3348
1451
-521
-2454
-4236
-5765
-6956
-7744
-8089
-7977
-7423
-6466
-5165
-3603
-1871
-73
1688
3314
4716
5819
6566
6925
6883
6453
5669
4583
3265
1797
266
-1236
-2625
-3823
-4762
-5395
-5689
-5635
-5242
-4539
-3574
-2408
-1114
229
1539
2739
3755
4527
5009
5173
5009
4527
3755
2739
1539
229
-1114
-2408
-3574
-4539
-5242
-5635
-5689
-5395
-4762
-3823
-2625
-1236
266
1797
3265
4583
5669
6453
6883
6925
6566
5819
4716
3314
1688
-73
-1871
-3603
-5165
-6466
-7423
-7977
-8089
-7744
-6956
-5765
-4236
-2454
-521
1451
3348
5057
6476
7522
8131
8269
7928
7132
5931
4402
2642
761
-1121
-2889
-4434
-5662
-6502
-6911
-6871
-6400
-5542
-4366
-2963
-1440
93
1528
2763
3717
4328
4564
4422
3929
3137
2124
983
-184
-1274
-2191
-2854
-3204
-3208
-2864
-2199
-1268
-153
1050
2235
3293
4123
4640
4785
4525
3862
2830
1495
-50
-1693
-3311
-4777
-5971
-6794
-7171
-7059
-6451
-5378
-3908
-2138
-189
1799
3687
5338
6634
7482
7821
7632
6930
5775
4255
2489
613
-1232
-2908
-4293
-5289
-5831
-5895
-5491
-4673
-3526
-2161
-708
697
1928
2871
3441
3587
3298
2601
1564
288
-1102
-2469
-3669
-4572
-5069
-5082
-4575
-3556
-2079
-240
1828
3966
6002
7760
9080
9828
9909
9274
7931
5936
3403
487
-2623
-5716
-8575
-10995
-12794
-13833
-14018
-13318
-11761
-9433
-6475
-3075
551
4171
7550
10472
12750
14244
14867
14588
13441
11513
8943
5910
2616
-723
-3896
-6712
-9009
-10666
-11613
-11827
-11338
-10219
-8585
-6574
-4344
-2053
144
2115
3755
4990
5783
6134
6075
5667
4989
4134
3197
2268
1422
718
191
-147
-308
-322
-234
-98
31
102
75
-76
-362
-772
-1279
-1842
-2408
-2922
-3325
-3570
-3619
-3449
-3056
-2458
-1686
-791
166
1121
2006
2760
3332
3689
3812
3704
3387
2897
2286
1611
933
308
-214
-601
-833
-910
-850
-685
-459
-225
-36
58
20
-174
-532
-1040
-1664
-2353
-3042
-3659
-4130
-4384
-4364
-4032
-3370
-2390
-1127
355
1972
3621
5191
6568
7646
8334
8562
8291
7514
6257
4581
2575
354
-1951
-4202
-6261
-8001
-9313
-10117
-10363
-10035
-9155
-7778
-5987
-3890
-1611
716
2962
5003
6733
8067
8947
9344
9257
8712
7760
6470
4926
3220
1444
-309
-1962
-3441
-4693
-5676
-6368
-6759
-6855
-6672
-6235
-5576
-4733
-3744
-2652
-1495
-315
849
1960
2981
3877
4617
5174
5523
5647
5538
5194
4625
3852
2904
1825
662
-526
-1682
-2744
-3657
-4372
-4851
-5069
-5017
-4705
-4155
-3406
-2510
-1526
-518
450
1321
2046
2590
2931
3066
3006
2779
2423
1983
1510
1052
649
334
125
28
31
110
232
354
434
430
311
56
-338
-861
-1481
-2152
-2816
-3404
-3849
-4086
-4062
-3741
-3109
-2176
-982
411
1920
3441
4864
6076
6971
7462
7484
7006
6029
4593
2772
674
-1569
-3811
-5896
-7675
-9016
-9812
-9993
-9528
-8432
-6762
-4620
-2138
523
3191
5688
7849
9527
10612
11031
10756
9806
8247
6182
3749
1109
-1566
-4107
-6356
-8175
-9462
-10151
-10217
-9676
-8583
-7028
-5125
-3004
-804
1339
3303
4983
6301
7205
7676
7720
7371
6682
5721
4565
3290
1972
676
-544
-1649
-2613
-3421
-4069
-4561
-4905
-5107
0
0
0
0
0
0
0
0
0
0
0
0
0
0
0
0
0
0
0
0
0
0
0
0
0
0
0
0
0
0
0
0
0
0
0
0
0
0
0
0
0
0
0
0
0
0
0
0
0
0
0
0
0
0
0
0
0
0
0
0
0
0
0
0
0
0
0
5173
5043
4660
4043
3221
2235
1135
-24
-1185
-2288
-3277
-4098
-4710
-5077
-5181
-5013
-4582
-3909
-3030
-1993
-854
323
1474
2533
3442
4150
4618
4822
4754
4422
3851
3079
2158
1148
112
-885
-1783
-2531
-3089
-3430
-3544
-3438
-3133
-2664
-2075
-1418
-746
-113
437
870
1160
1300
1294
1161
932
646
346
77
-121
-216
-188
-28
255
640
1091
1564
2005
2361
2581
2622
2453
2061
1447
637
-330
-1395
-2488
-3530
-4441
-5144
-5573
-5678
-5429
-4818
-3865
-2613
-1129
501
2180
3802
5260
6456
7306
7746
7738
7271
6365
5066
3449
1607
-349
-2304
-4138
-5742
-7019
-7893
-8314
-8258
-7732
-6773
-5439
-3816
-2000
-101
1768
3503
5006
6196
7012
7418
7403
6979
6182
5069
3713
2197
611
-954
-2412
-3687
-4715
-5447
-5855
-5927
-5670
-5111
-4289
-3259
-2083
-830
429
1625
2696
3583
4243
4643
4766
4609
4185
3520
2655
1641
536
-593
-1683
-2668
-3488
-4094
-4446
-4521
-4311
-3823
-3085
-2136
-1033
159
1366
2514
3529
4343
4901
5162
5103
4720
4032
3076
1907
594
-782
-2136
-3385
-4447
-5257
-5762
-5929
-5748
-5228
-4402
-3323
-2058
-683
714
2053
3255
4252
4992
5440
5582
5424
4990
4320
3466
2491
1458
428
-540
-1403
-2125
-2686
-3081
-3316
-3409
-3385
-3273
-3103
-2902
-2689
-2476
-2266
-2052
-1818
-1544
-1207
-785
-260
375
1119
1956
2854
3769
4648
5426
6038
6419
6511
6272
5675
4717
3417
1822
0
-1959
-3951
-5858
-7565
-8959
-9942
-10434
-10386
-9777
-8619
-6961
-4880
-2482
104
2738
5273
7567
9490
10933
11813
12081
11724
10761
9249
7274
4946
2392
-247
-2833
-5232
-7325
-9011
-10216
-10893
-11024
-10622
-9726
-8397
-6717
-4782
-2693
-557
1524
3456
5158
6562
7617
8293
8576
8471
7999
7197
6113
4805
3339
1785
213
-1305
-2707
-3931
-4929
-5661
-6101
-6237
-6072
-5622
-4919
-4008
-2943
-1787
-608
525
1549
2407
3052
3452
3593
3479
3131
2586
1899
1132
355
-362
-954
-1368
-1562
-1516
-1230
-727
-49
741
1571
2357
3015
3469
3652
3520
3050
2249
1149
-187
-1677
-3217
-4692
-5988
-6992
-7612
-7775
-7439
-6597
-5278
-3547
-1500
739
3031
5226
7179
8754
9842
10362
10273
9573
8300
6533
4383
1987
-504
-2935
-5155
-7030
-8454
-9352
-9688
-9464
-8719
-7526
-5983
-4209
-2328
-465
1266
2772
3982
4853
5374
5559
5450
5102
4587
3976
3337
2729
2192
1749
1400
1129
901
674
400
35
-454
-1086
-1858
-2742
-3692
-4640
-5502
-6190
-6613
-6694
-6374
-5619
-4430
-2843
-931
1200
3419
5573
7504
9062
10109
10544
10301
9364
7768
5598
2986
103
-2852
-5672
-8150
-10098
-11366
-11846
-11492
-10315
-8393
-5857
-2891
289
3446
6343
8760
10509
11456
11524
10706
9062
6718
3856
696
-2511
-5517
-8082
-10003
-11125
-11358
-10679
-9140
-6861
-4019
-841
2421
5509
8175
10204
11432
11758
11151
9657
7390
4527
1294
-2053
-5253
-8050
-10223
-11600
-12072
-11600
-10223
-8050
-5253
-2053
1294
4527
7390
9657
11151
11758
11432
10204
8175
5509
2421
-841
-4019
-6861
-9140
-10679
-11358
-11125
-10003
-8082
-5517
-2511
696
3856
6718
9062
10706
11524
11456
10509
8760
6343
3446
289
-2891
-5857
-8393
-10315
-11492
-11846
-11366
-10098
-8150
-5672
-2852
103
2986
5598
7768
9364
10301
10544
10109
9062
7504
5573
3419
1200
-931
-2843
-4430
-5619
-6374
-6694
-6613
-6190
-5502
-4640
-3692
-2742
-1858
-1086
-454
35
400
674
901
1129
1400
1749
2192
2729
3337
3976
4587
5102
5450
5559
5374
4853
3982
2772
1266
-465
-2328
-4209
-5983
-7526
-8719
-9464
-9688
-9352
-8454
-7030
-5155
-2935
-504
1987
4383
6533
8300
9573
10273
10362
9842
8754
7179
5226
3031
739
-1500
-3547
-5278
-6597
-7439
-7775
-7612
-6992
-5988
-4692
-3217
-1677
-187
1149
2249
3050
3520
3652
3469
3015
2357
1571
741
-49
-727
-1230
-1516
-1562
-1368
-954
-362
355
1132
1899
2586
3131
3479
3593
3452
3052
2407
1549
525
-608
-1787
-2943
-4008
-4919
-5622
-6072
-6237
-6101
-5661
-4929
-3931
-2707
-1305
213
1785
3339
4805
6113
7197
7999
8471
8576
8293
7617
6562
5158
3456
1524
-557
-2693
-4782
-6717
-8397
-9726
-10622
-11024
-10893
-10216
-9011
-7325
-5232
-2833
-247
2392
4946
7274
9249
10761
11724
12081
11813
10933
9490
7567
5273
2738
104
-2482
-4880
-6961
-8619
-9777
-10386
-10434
-9942
-8959
-7565
-5858
-3951
-1959
0
1822
3417
4717
5675
6272
6511
6419
6038
5426
4648
3769
2854
1956
1119
375
-260
-785
-1207
-1544
-1818
-2052
-2266
-2476
-2689
-2902
-3103
-3273
-3385
-3409
-3316
-3081
-2686
-2125
-1403
-540
428
1458
2491
3466
4320
4990
5424
5582
5440
4992
4252
3255
2053
714
-683
-2058
-3323
-4402
-5228
-5748
-5929
-5762
-5257
-4447
-3385
-2136
-782
594
1907
3076
4032
4720
5103
5162
4901
4343
3529
2514
1366
159
-1033
-2136
-3085
-3823
-4311
-4521
-4446
-4094
-3488
-2668
-1683
-593
536
1641
2655
3520
4185
4609
4766
4643
4243
3583
2696
1625
429
-830
-2083
-3259
-4289
-5111
-5670
-5927
-5855
-5447
-4715
-3687
-2412
-954
611
2197
3713
5069
6182
6979
7403
7418
7012
6196
5006
3503
1768
-101
-2000
-3816
-5439
-6773
-7732
-8258
-8314
-7893
-7019
-5742
-4138
-2304
-349
1607
3449
5066
6365
7271
7738
7746
7306
6456
5260
3802
2180
501
-1129
-2613
-3865
-4818
-5429
-5678
-5573
-5144
-4441
-3530
-2488
-1395
-330
637
1447
2061
2453
2622
2581
2361
2005
1564
1091
640
255
-28
-188
-216
-121
77
346
646
932
1161
1294
1300
1160
870
437
-113
-746
-1418
-2075
-2664
-3133
-3438
-3544
-3430
-3089
-2531
-1783
-885
112
1148
2158
3079
3851
4422
4754
4822
4618
4150
3442
2533
1474
323
-854
-1993
-3030
-3909
-4582
-5013
-5181
-5077
-4710
-4098
-3277
-2288
-1185
-24
1135
2235
3221
4043
4660
5043
0
0
0
0
0
0
0
0
0
0
0
0
0
0
0
0
0
0
0
0
0
0
0
0
0
0
0
0
0
0
0
0
0
0
0
0
0
0
0
0
0
0
0
0
0
0
0
0
0
0
0
0
0
0
0
0
0
0
0
0
0
0
0
0
0
0
0
15521
15013
13524
11161
8090
4527
721
-3065
-6576
-9576
-11873
-13329
-13868
-13483
-12233
-10236
-7662
-4715
-1617
1406
4146
6425
8110
9117
9420
9050
8086
6651
4895
2987
1093
-631
-2057
-3094
-3690
-3839
-3577
-2980
-2149
-1205
-274
526
1095
1363
1292
884
180
-746
-1795
-2847
-3780
-4477
-4838
-4791
-4303
-3376
-2056
-426
1397
3278
5066
6612
7783
8469
8597
8133
7092
5533
3555
1292
-1098
-3447
-5588
-7368
-8661
-9379
-9475
-8950
-7850
-6262
-4311
-2143
82
2204
4077
5576
6611
7130
7125
6627
5706
4461
3014
1495
35
-1247
-2257
-2927
-3225
-3153
-2750
-2083
-1244
-337
529
1253
1749
1952
1832
1389
656
-303
-1401
-2531
-3582
-4443
-5016
-5225
-5023
-4395
-3362
-1981
-337
1456
3274
4983
6454
7572
8245
8413
8051
7170
5821
4085
2073
-86
-2254
-4293
-6073
-7485
-8446
-8903
-8839
-8272
-7250
-5852
-4175
-2333
-443
1379
3031
4425
5496
6204
6536
6504
6142
5501
4647
3651
2586
1522
517
-379
-1136
-1736
-2175
-2461
-2616
-2664
-2634
-2555
-2451
-2341
-2237
-2142
-2052
-1957
-1844
-1694
-1492
-1226
-885
-470
14
556
1134
1722
2292
2811
3250
3580
3778
3828
3721
3456
3042
2492
1829
1079
274
-555
-1376
-2157
-2868
-3483
-3980
-4340
-4550
-4600
-4485
-4205
-3763
-3170
-2439
-1590
-647
360
1396
2423
3397
4275
5012
5567
5903
5991
5813
5359
4639
3672
2495
1158
-278
-1743
-3161
-4455
-5553
-6389
-6913
-7088
-6898
-6348
-5463
-4290
-2892
-1345
262
1840
3301
4562
5554
6227
6547
6503
6109
5396
4414
3231
1922
566
-755
-1968
-3009
-3826
-4387
-4674
-4689
-4448
-3985
-3342
-2568
-1719
-846
0
776
1448
1991
2390
2640
2744
2712
2561
2306
1969
1569
1122
648
159
-329
-805
-1254
-1663
-2017
-2297
-2488
-2570
-2528
-2349
-2025
-1554
-946
-218
599
1467
2337
3153
3856
4387
4692
4726
4459
3878
2990
1825
434
-1109
-2719
-4294
-5728
-6915
-7760
-8182
-8125
-7559
-6487
-4947
-3008
-769
1643
4088
6414
8470
10117
11235
11734
11560
10699
9181
7076
4495
1579
-1503
-4574
-7450
-9957
-11940
-13275
-13877
-13702
-12753
-11082
-8782
-5983
-2848
443
3702
6743
9394
11508
12971
13709
13691
12929
11480
9438
6930
4106
1131
-1825
-4601
-7047
-9041
-10486
-11322
-11525
-11109
-10121
-8638
-6764
-4618
-2330
-34
2142
4088
5706
6924
7697
8007
7863
7301
6379
5172
3768
2263
751
-675
-1937
-2969
-3723
-4172
-4311
-4153
-3733
-3100
-2315
-1447
-568
251
950
1477
1797
1891
1758
1416
899
258
-448
-1155
-1794
-2302
-2627
-2726
-2575
-2171
-1529
-685
308
1384
2464
3466
4310
4922
5244
5234
4873
4167
3147
1866
400
-1159
-2712
-4154
-5384
-6314
-6872
-7012
-6713
-5987
-4873
-3439
-1774
12
1804
3480
4930
6053
6775
7047
6853
6208
5159
3783
2178
461
-1245
-2820
-4153
-5149
-5742
-5894
-5600
-4889
-3822
-2483
-980
569
2044
3330
4327
4957
5173
4957
4327
3330
2044
569
-980
-2483
-3822
-4889
-5600
-5894
-5742
-5149
-4153
-2820
-1245
461
2178
3783
5159
6208
6853
7047
6775
6053
4930
3480
1804
12
-1774
-3439
-4873
-5987
-6713
-7012
-6872
-6314
-5384
-4154
-2712
-1159
400
1866
3147
4167
4873
5234
5244
4922
4310
3466
2464
1384
308
-685
-1529
-2171
-2575
-2726
-2627
-2302
-1794
-1155
-448
258
899
1416
1758
1891
1797
1477
950
251
-568
-1447
-2315
-3100
-3733
-4153
-4311
-4172
-3723
-2969
-1937
-675
751
2263
3768
5172
6379
7301
7863
8007
7697
6924
5706
4088
2142
-34
-2330
-4618
-6764
-8638
-10121
-11109
-11525
-11322
-10486
-9041
-7047
-4601
-1825
1131
4106
6930
9438
11480
12929
13691
13709
12971
11508
9394
6743
3702
443
-2848
-5983
-8782
-11082
-12753
-13702
-13877
-13275
-11940
-9957
-7450
-4574
-1503
1579
4495
7076
9181
10699
11560
11734
11235
10117
8470
6414
4088
1643
-769
-3008
-4947
-6487
-7559
-8125
-8182
-7760
-6915
-5728
-4294
-2719
-1109
434
1825
2990
3878
4459
4726
4692
4387
3856
3153
2337
1467
599
-218
-946
-1554
-2025
-2349
-2528
-2570
-2488
-2297
-2017
-1663
-1254
-805
-329
159
648
1122
1569
1969
2306
2561
2712
2744
2640
2390
1991
1448
776
0
-846
-1719
-2568
-3342
-3985
-4448
-4689
-4674
-4387
-3826
-3009
-1968
-755
566
1922
3231
4414
5396
6109
6503
6547
6227
5554
4562
3301
1840
262
-1345
-2892
-4290
-5463
-6348
-6898
-7088
-6913
-6389
-5553
-4455
-3161
-1743
-278
1158
2495
3672
4639
5359
5813
5991
5903
5567
5012
4275
3397
2423
1396
360
-647
-1590
-2439
-3170
-3763
-4205
-4485
-4600
-4550
-4340
-3980
-3483
-2868
-2157
-1376
-555
274
1079
1829
2492
3042
3456
3721
3828
3778
3580
3250
2811
2292
1722
1134
556
14
-470
-885
-1226
-1492
-1694
-1844
-1957
-2052
-2142
-2237
-2341
-2451
-2555
-2634
-2664
-2616
-2461
-2175
-1736
-1136
-379
517
1522
2586
3651
4647
5501
6142
6504
6536
6204
5496
4425
3031
1379
-443
-2333
-4175
-5852
-7250
-8272
-8839
-8903
-8446
-7485
-6073
-4293
-2254
-86
2073
4085
5821
7170
8051
8413
8245
7572
6454
4983
3274
1456
-337
-1981
-3362
-4395
-5023
-5225
-5016
-4443
-3582
-2531
-1401
-303
656
1389
1832
1952
1749
1253
529
-337
-1244
-2083
-2750
-3153
-3225
-2927
-2257
-1247
35
1495
3014
4461
5706
6627
7125
7130
6611
5576
4077
2204
82
-2143
-4311
-6262
-7850
-8950
-9475
-9379
-8661
-7368
-5588
-3447
-1098
1292
3555
5533
7092
8133
8597
8469
7783
6612
5066
3278
1397
-426
-2056
-3376
-4303
-4791
-4838
-4477
-3780
-2847
-1795
-746
180
884
1292
1363
1095
526
-274
-1205
-2149
-2980
-3577
-3839
-3690
-3094
-2057
-631
1093
2987
4895
6651
8086
9050
9420
9117
8110
6425
4146
1406
-1617
-4715
-7662
-10236
-12233
-13483
-13868
-13329
-11873
-9576
-6576
-3065
721
4527
8090
11161
13524
15013
0
0
0
0
0
0
0
0
0
0
0
0
0
0
0
0
0
0
0
0
0
0
0
0
0
0
0
0
0
0
0
0
0
0
0
0
0
0
0
0
0
0
0
0
0
0
0
0
0
0
0
0
0
0
0
0
0
0
0
0
0
0
0
0
0
0
0
