0
4278
8485
12550
16402
19973
23203
26035
28419
30314
31684
32507
32766
32456
31581
30156
28203
25758
22860
19561
15917
11991
7852
3573
-771
-5106
-9352
-13436
-17284
-20829
-24006
-26759
-29038
-30801
-32015
-32660
-32720
-32196
-31094
-29434
-27244
-24563
-21439
-17925
-14087
-9991
-5712
-1327
3083
7441
11667
15683
19415
22796
25762
28259
30239
31667
32514
32764
32412
31462
29931
27847
25247
22178
18696
14865
10755
6443
2009
-2465
-6896
-11201
-15299
-19113
-22570
-25606
-28162
-30190
-31650
-32514
-32764
-32394
-31411
-29832
-27686
-25012
-21861
-18292
-14372
-10175
-5781
-1274
3259
7733
12062
16161
19951
23359
26318
28771
30668
31973
32659
32711
32127
30919
29107
26727
23823
20452
16679
12577
8226
3711
-879
-5455
-9926
-14204
-18204
-21846
-25058
-27775
-29942
-31516
-32464
-32766
-32415
-31417
-29790
-27567
-24790
-21514
-17805
-13736
-9388
-4849
-209
4437
8997
13377
17489
21248
24578
27411
29687
31359
32393
32765
32468
31507
29899
27676
24884
21579
17828
13707
9301
4700
0
-4703
-9311
-13729
-17864
-21629
-24947
-27746
-29968
-31566
-32503
-32761
-32332
-31225
-29460
-27076
-24119
-20653
-16748
-12488
-7961
-3263
1506
6246
10856
15238
19298
22949
26112
28719
30713
32051
32702
32651
31900
30461
28366
25658
22395
18646
14492
10022
5332
524
-4298
-9029
-13567
-17811
-21669
-25055
-27896
-30127
-31699
-32577
-32739
-32182
-30916
-28967
-26379
-23206
-19519
-15397
-10932
-6222
-1372
3511
8320
12945
17284
21240
24723
27655
29968
31611
32545
32748
32214
30954
28995
26381
23169
19431
15252
10724
5950
1038
-3899
-8751
-13405
-17757
-21705
-25159
-28038
-30277
-31822
-32637
-32702
-32014
-30588
-28456
-25665
-22280
-18377
-14047
-9388
-4509
477
5455
10308
14924
19194
23018
26305
28979
30974
32243
32756
32498
31476
29711
27244
24133
20449
16280
11722
6884
1880
-3170
-8148
-12935
-17416
-21484
-25041
-28000
-30291
-31856
-32659
-32677
-31909
-30373
-28105
-25157
-21600
-17520
-13013
-8189
-3163
1941
7001
11893
16499
20705
24407
27516
29953
31659
32589
32721
32049
30590
28377
25463
21921
17836
13307
8448
3377
-1780
-6896
-11843
-16499
-20746
-24479
-27603
-30040
-31727
-32621
-32699
-31957
-30413
-28105
-25088
-21439
-17247
-12618
-7668
-2522
2689
7836
12787
17416
21605
25247
28248
30530
32035
32723
32574
31592
29801
27244
23987
20112
15718
10917
5832
595
-4660
-9798
-14685
-19194
-23208
-26622
-29345
-31307
-32455
-32757
-32206
-30813
-28614
-25665
-22043
-17841
-13169
-8148
-2911
2405
7661
12717
17440
21705
25397
28419
30689
32146
32750
32483
31352
29385
26633
23169
19084
14487
9500
4255
-1105
-6439
-11603
-16457
-20870
-24723
-27911
-30346
-31961
-32712
-32578
-31559
-29684
-27001
-23582
-19519
-14922
-9916
-4636
771
6162
11386
16301
20770
24671
27896
30354
31977
32719
32558
31498
29565
26813
23317
19172
14492
9407
4058
-1405
-6833
-12073
-16978
-21411
-25247
-28377
-30713
-32188
-32760
-32410
-31148
-29007
-26047
-22351
-18021
-13179
-7961
-2516
3003
8440
13640
18454
22745
26389
29282
31340
32503
32737
32033
30409
27913
24613
20604
16000
10932
5547
0
-5550
-10942
-16021
-20637
-24657
-27963
-30458
-32068
-32745
-32468
-31244
-29107
-26118
-22364
-17952
-13013
-7689
-2137
3479
8997
14252
19090
23367
26955
29748
31662
32640
32650
31691
29790
27003
23411
19119
14256
8965
3403
-2262
-7862
-13230
-18204
-22633
-26385
-29345
-31423
-32556
-32707
-31871
-30072
-27362
-23823
-19561
-14703
-9397
-3803
1908
7565
12994
18030
22517
26318
29316
31419
32559
32702
31841
30001
27238
23635
19302
14372
8996
3339
-2422
-8112
-13553
-18577
-23026
-26761
-29667
-31650
-32648
-32629
-31591
-29565
-26615
-22829
-18327
-13249
-7752
-2009
3799
9491
14886
19815
24120
27666
30338
32052
32751
32412
31044
28690
25423
21345
16586
11295
5642
-193
-6025
-11667
-16938
-21669
-25706
-28920
-31206
-32489
-32726
-31909
-30063
-27244
-23544
-19081
-13998
-8460
-2644
3259
9060
14569
19606
24006
27626
30346
32075
32756
32366
30916
28451
25051
20827
15917
10480
4696
-1244
-7147
-12817
-18065
-22719
-26622
-29644
-31684
-32674
-32578
-31398
-29173
-25975
-21909
-17110
-11737
-5969
0
5972
11747
17130
21941
26016
29217
31436
32596
32657
31615
29504
26395
22390
17625
12260
6476
470
-5554
-11392
-16845
-21726
-25867
-29127
-31393
-32585
-32662
-31619
-29491
-26349
-22301
-17483
-12062
-6222
-166
5898
11762
17222
22088
26191
29387
31566
32648
32597
31411
29131
25835
21636
16679
11138
5205
-912
-7001
-12847
-18244
-23003
-26955
-29960
-31912
-32739
-32412
-30940
-28374
-24803
-20353
-15179
-9465
-3413
2763
8843
14612
19863
24407
28083
30758
32334
32755
32003
30103
27124
23169
18381
12929
7010
836
-5370
-11386
-16993
-21989
-26191
-29446
-31636
-32680
-32538
-31214
-28754
-25247
-20819
-15630
-9868
-3744
2518
8692
14551
19879
24480
28184
30855
32393
32739
31880
29845
26709
22585
17625
12011
5950
-333
-6607
-12639
-18204
-23094
-27128
-30152
-32055
-32763
-32248
-30528
-27666
-23767
-18976
-13473
-7461
-1167
5173
11322
17047
22132
26385
29644
31785
32724
32427
30901
28203
24435
19738
14288
8294
1981
-4409
-10635
-16457
-21654
-26025
-29402
-31656
-32697
-32485
-31027
-28377
-24634
-19943
-14481
-8460
-2109
4324
10594
16457
21686
26077
29459
31699
32710
32451
30929
28203
24378
19601
14056
7961
1552
-4919
-11201
-17047
-22227
-26537
-29806
-31906
-32751
-32307
-30590
-27666
-23648
-18696
-13002
-6791
-309
6187
12441
18204
23246
27366
30398
32222
32762
31995
29951
26709
22398
17189
11289
4935
-1619
-8112
-14281
-19879
-24678
-28486
-31147
-32552
-32643
-31416
-28917
-25247
-20553
-15023
-8882
-2378
4225
10659
16662
21989
26421
29777
31918
32756
32254
30432
27362
23169
18024
12137
5748
-879
-7473
-13762
-19485
-24407
-28323
-31070
-32533
-32650
-31414
-28875
-25136
-20353
-14721
-8475
-1874
4807
11292
17307
22602
26955
30182
32146
32765
32010
29911
26556
22083
16679
10571
4016
-2711
-9326
-15551
-21121
-25799
-29387
-31732
-32732
-32344
-30582
-27520
-23286
-18060
-12062
-5547
1206
7911
14280
20041
24947
28786
31393
32653
32513
30975
28105
24024
18906
12972
6476
-301
-7069
-13534
-19415
-24458
-28443
-31196
-32596
-32580
-31148
-28360
-24336
-19250
-13322
-6811
0
6813
13332
19269
24364
28393
31178
32594
32578
31129
28309
24241
19103
13120
6555
-301
-7147
-13680
-19609
-24671
-28641
-31340
-32648
-32505
-30916
-27948
-23735
-18460
-12360
-5706
1206
8067
14569
20421
25359
29162
31656
32728
32328
30473
27244
22786
17298
11027
4255
-2711
-9557
-15974
-21669
-26383
-29901
-32062
-32766
-31979
-29736
-26137
-21345
-15577
-9095
-2195
4807
11593
17850
23291
27666
30771
32464
32665
31362
28614
24546
19345
13249
6538
-477
-7473
-14125
-20126
-25196
-29098
-31650
-32732
-32292
-30349
-26991
-22374
-16712
-10266
-3339
3746
10659
17076
22694
27251
30530
32377
32702
31489
28793
24740
19519
13375
6597
-494
-7565
-14281
-20323
-25404
-29282
-31772
-32753
-32178
-30072
-26533
-21729
-15887
-9285
-2238
4919
11843
18204
23695
28052
31066
32589
32548
30942
27847
23411
17845
11416
4435
-2763
-9830
-16425
-22227
-26955
-30378
-32330
-32713
-31507
-28769
-24631
-19293
-13013
-6096
1120
8285
15047
21076
26077
29802
32068
32763
31850
29372
25451
20276
14101
7230
0
-7232
-14111
-20295
-25478
-29402
-31872
-32764
-32033
-29711
-25913
-20827
-14703
-7845
-595
6688
13640
19914
25196
29220
31785
32759
32093
29819
26047
20967
14832
7950
664
-6656
-13645
-19948
-25247
-29273
-31822
-32763
-32046
-29706
-25861
-20703
-14492
-7543
-209
7138
14125
20396
25629
29557
31977
32766
31880
29363
25342
20022
13674
6622
-771
-8129
-15071
-21240
-26318
-30042
-32219
-32734
-31559
-28754
-24461
-18901
-12360
-5177
2276
9615
16457
22447
27271
30678
32489
32608
31026
27825
23169
17302
10527
3199
-4298
-11573
-18244
-23960
-28419
-31387
-32705
-32302
-30198
-26501
-21406
-15179
-8148
-684
6817
13962
20369
25700
29668
32064
32757
31710
28975
24698
19103
12488
5205
-2358
-9798
-16717
-22745
-27557
-30894
-32577
-32513
-30703
-27244
-22319
-16192
-9191
-1693
5898
13175
19743
25247
29388
31941
32765
31816
29141
24884
19276
12618
5272
-2362
-9871
-16845
-22903
-27714
-31014
-32621
-32445
-30495
-26875
-21781
-15492
-8351
-749
6896
14165
20658
26016
29942
32220
32721
31417
28377
23767
17841
10926
3403
-4310
-11787
-18613
-24407
-28847
-31684
-32759
-32010
-29476
-25298
-19707
-13013
-5590
2148
9769
16845
22980
27828
31116
32659
32366
30254
26438
21133
14635
7310
-430
-8148
-15409
-21801
-26962
-30598
-32502
-32563
-30778
-27244
-22162
-15818
-8572
-836
6950
14343
20920
26305
30190
32350
32661
31103
27762
22829
16586
9388
1649
-6187
-13670
-20369
-25898
-29936
-32249
-32702
-31267
-28024
-23161
-16955
-9766
-2009
5867
13405
20168
25762
29860
32222
32709
31291
28049
23169
16936
9711
1916
-5992
-13553
-20323
-25904
-29968
-32275
-32687
-31179
-27837
-22855
-16527
-9222
-1372
6562
14111
20829
26318
30252
32397
32623
30916
27374
22206
15718
8294
373
-7571
-15067
-21669
-26980
-30683
-32556
-32483
-30469
-26631
-21197
-14492
-6916
1077
9009
16402
22811
27851
31216
32702
32218
29790
25564
19793
12824
5078
-2978
-10856
-18080
-24210
-28873
-31785
-32766
-31757
-28816
-24119
-17952
-10689
-2772
5316
13083
20053
25799
29968
32304
32662
31017
27469
22233
15630
8064
0
-8067
-15639
-22251
-27492
-31038
-32669
-32282
-29899
-25665
-19840
-12785
-4935
3223
11185
18454
24578
29176
31960
32754
31507
28295
23317
16881
9388
1306
-6859
-14599
-21426
-26913
-30713
-32587
-32415
-30206
-26096
-20343
-13307
-5431
2789
10837
18204
24423
29100
31937
32755
31498
28244
23199
16679
9099
938
-7285
-15047
-21854
-27271
-30951
-32659
-32282
-29844
-25497
-19519
-12290
-4271
4023
12062
19330
25359
29762
32252
32670
30984
27303
21861
15008
7184
-1105
-9326
-16947
-23474
-28484
-31650
-32766
-31757
-28687
-23753
-17274
-9670
-1435
6896
14781
21705
27215
30951
32666
32248
29720
25247
19119
11737
3583
-4807
-12886
-20121
-26035
-30239
-32455
-32534
-30469
-26395
-20578
-13400
-5336
3083
11302
18775
25007
29584
32200
32681
30992
27244
21684
14679
6695
-1736
-10055
-17706
-24178
-29038
-31959
-32744
-31340
-27837
-22468
-15592
-7668
771
9163
16942
23583
28641
31772
32764
31548
28203
22955
16155
8261
-193
-8637
-16499
-23246
-28419
-31667
-32766
-31641
-28366
-23161
-16378
-8479
0
8482
16388
23178
28387
31659
32766
31633
28334
23092
16267
8323
-193
-8699
-16610
-23382
-28547
-31748
-32764
-31521
-28105
-22748
-15818
-7793
771
9287
17161
23850
28887
31923
32744
31292
27666
22114
15023
6884
-1736
-10238
-18030
-24565
-29387
-32158
-32681
-30919
-26991
-21173
-13868
-5590
3083
11543
19194
25499
30012
32414
32534
30361
26047
19895
12336
3903
-4807
-13181
-20625
-26610
-30711
-32637
-32248
-29569
-24790
-18247
-10405
-1820
6896
15124
22277
27843
31423
32760
31757
28483
23169
16196
8060
-655
-9326
-17331
-24094
-29127
-32068
-32703
-30984
-27033
-21133
-13707
-5289
3511
12062
19743
25999
30374
32552
32371
29844
25150
18630
10754
2094
-6719
-15047
-22282
-27896
-31478
-32765
-31661
-28244
-22763
-15616
-7324
1506
10228
18204
24847
29668
32313
32585
30461
26096
19809
12062
3423
-5469
-13962
-21426
-27310
-31178
-32740
-31881
-28661
-23317
-16242
-7961
912
9721
17811
24578
29519
32265
32608
30520
26157
19840
12041
3339
-5613
-14150
-21629
-27492
-31296
-32755
-31758
-28377
-22863
-15630
-7219
1736
10564
18599
25234
29968
32443
32468
30041
25342
18725
10689
1842
-7147
-15598
-22868
-28404
-31785
-32751
-31227
-27327
-21345
-13736
-5078
3969
12717
20496
26712
30887
32702
32014
28875
23522
16364
7950
-1077
-10024
-18204
-24986
-29848
-32414
-32483
-30050
-25298
-18593
-10451
-1499
7571
16058
23305
28750
31969
32711
30916
26720
20449
12587
3744
-5391
-14111
-21734
-27666
-31442
-32766
-31533
-27837
-21964
-14372
-5653
3510
12401
20323
26654
30894
32710
31957
28692
23169
15822
7226
-1941
-10958
-19113
-25762
-30378
-32596
-32237
-29328
-24096
-16955
-8469
691
9799
18132
25028
29936
32465
32412
29778
24772
17791
9388
234
-8940
-17404
-24479
-29598
-32350
-32513
-30072
-25219
-18342
-9991
-836
8388
16942
24135
29387
32275
32563
30226
25451
18620
10283
1113
-8148
-16754
-24006
-29316
-32252
-32574
-30254
-25477
-18630
-10266
-1066
8222
16845
24098
29390
32286
32549
30156
25298
18372
9941
695
-8610
-17213
-24407
-29603
-32371
-32482
-29925
-24908
-17841
-9305
0
9307
17850
24924
29942
32491
32356
29546
24293
17028
8351
-1019
-10308
-18745
-25629
-30386
-32621
-32145
-28995
-23432
-15917
-7073
2362
11603
19879
26497
30903
32728
31816
28241
22301
14491
5464
-4023
-13175
-21224
-27492
-31451
-32766
-31324
-27244
-20868
-12732
-3519
5992
15001
22745
28568
31977
32682
30619
25962
19103
10622
1238
-8253
-17047
-24394
-29668
-32420
-32412
-29643
-24347
-16973
-8148
1373
10781
19269
26112
30723
32705
31886
28334
22351
14449
5304
-4298
-13534
-21608
-27826
-31650
-32749
-31026
-26627
-19930
-11510
-2094
7504
16457
23989
29446
32355
32460
29752
24461
17046
8148
-1459
-10942
-19477
-26318
-30870
-32732
-31742
-27983
-21780
-13674
-4371
5316
14541
22496
28484
31977
32669
30495
25645
18541
9807
209
-9410
-18204
-25397
-30356
-32640
-32046
-28625
-22675
-14721
-5464
4278
13645
21806
28038
31787
32719
30748
26047
19032
10324
695
-8997
-17892
-25196
-30256
-32621
-32077
-28669
-22701
-14703
-5389
4409
13816
21989
28193
31872
32694
30582
25725
18555
9715
0
-9718
-18563
-25739
-30598
-32699
-31850
-28126
-21861
-13619
-4144
5708
15047
23026
28920
32194
32549
29951
24631
17073
7961
-1876
-11547
-20168
-26955
-31287
-32766
-31257
-26894
-20073
-11416
-1713
8148
17267
24807
30076
32589
32113
28690
22632
14492
5018
-4919
-14407
-22570
-28657
-32104
-32591
-30072
-24775
-17189
-8012
1907
11653
20323
27113
31393
32763
31094
26539
19519
10683
852
-9060
-18132
-25519
-30530
-32697
-31816
-27965
-21503
-13031
-3339
6667
16052
23938
29584
32459
32292
29097
23169
15065
5543
-4501
-14125
-22423
-28612
-32108
-32578
-29977
-24546
-16798
-7461
2582
12385
21019
27666
31694
32721
30647
25665
18247
9095
-923
-10856
-19760
-26786
-31264
-32766
-31146
-26556
-19431
-10451
-470
9557
18675
26008
30855
32749
31507
27244
20368
11537
1595
-8501
-17784
-25359
-30497
-32702
-31758
-27754
-21074
-12360
-2451
7696
17103
24860
30215
32648
31922
28105
21563
12929
3039
-7147
-16643
-24525
-30025
-32607
-32016
-28309
-21844
-13249
-3359
6859
16412
24364
29939
32588
32050
28377
21924
13322
3413
-6833
-16412
-24382
-29960
-32596
-32028
-28309
-21804
-13150
-3199
7069
16643
24578
30089
32630
31946
28105
21482
12732
2719
-7565
-17103
-24947
-30318
-32680
-31797
-27754
-20951
-12062
-1970
8320
17784
25478
30633
32732
31565
27244
20200
11134
952
-9326
-18675
-26154
-31014
-32765
-31228
-26556
-19215
-9941
333
10578
19760
26955
31436
32749
30759
25665
17979
8475
-1887
-12062
-21019
-27851
-31864
-32650
-30126
-24546
-16475
-6728
3703
13762
22423
28806
32258
32427
29291
23169
14683
4696
-5772
-15653
-23938
-29777
-32571
-32033
-28214
-21503
-12587
-2378
8077
17706
25519
30711
32748
31416
26850
19519
10175
-219
-10594
-19879
-27113
-31549
-32726
-30520
-25157
-17189
-7439
3083
13289
22119
28657
32222
32441
29289
23092
14492
4381
-6187
-16114
-24364
-30076
-32652
-31820
-27666
-20619
-11416
-1017
9491
19008
26537
31287
32757
30792
25595
17709
7961
-2625
-12939
-21894
-28547
-32194
-32451
-29286
-23032
-14346
-4144
6498
16457
24678
30291
32699
31644
27238
19943
10531
0
-10533
-19951
-27251
-31656
-32694
-30254
-24592
-16309
-6286
4409
14637
23305
29487
32519
32077
28203
21312
12137
1660
-8997
-18692
-26385
-31248
-32757
-30748
-25434
-17383
-7461
3266
13645
22556
29038
32390
32248
28625
21909
12824
2351
-8378
-18204
-26061
-31098
-32765
-30880
-25645
-17625
-7689
3083
13524
22496
29023
32393
32235
28565
21780
12618
2077
-8692
-18516
-26318
-31245
-32755
-30681
-25247
-17046
-6975
3863
14280
23132
29446
32527
32033
28015
20915
11510
836
-9932
-19609
-27125
-31650
-32682
-30103
-24198
-15616
-5304
5596
15880
24407
30232
32705
31550
26894
19250
9465
-1373
-12062
-21411
-28379
-32188
-32412
-29022
-22395
-13267
-2656
8253
18244
26197
31222
32754
30619
25054
16679
6433
-4537
-15001
-23783
-29895
-32648
-31731
-27244
-19690
-9916
976
11762
21224
28293
32170
32415
28997
22301
13080
2378
-8595
-18599
-26497
-31393
-32729
-30352
-24528
-15917
-5494
5554
15974
24578
30386
32734
31352
26395
18425
8351
-2679
-13405
-22602
-29217
-32491
-32046
-27932
-20616
-10936
0
10939
20625
27944
32055
32482
29173
22507
13249
2462
-8610
-18692
-26622
-31481
-32707
-30156
-24119
-15293
-4696
6446
16845
25296
30817
32766
30916
25477
17079
6695
-4468
-15115
-24006
-30106
-32702
-31489
-26606
-18620
-8460
2689
13528
22788
29387
32552
31909
27532
19930
9991
-1120
-12103
-21669
-28693
-32350
-32208
-28280
-21025
-11295
-234
10856
20671
28052
32127
32412
28871
21921
12379
1372
-9799
-19815
-27487
-31906
-32545
-29328
-22632
-13249
-2291
8940
19113
27016
31708
32629
29666
23169
13911
2992
-8285
-18577
-26654
-31549
-32677
-29899
-23544
-14372
-3477
7836
18214
26411
31442
32702
30037
23764
14635
3744
-7598
-18030
-26293
-31393
-32711
-30086
-23833
-14703
-3796
7571
18026
26305
31405
32707
30050
23753
14577
3632
-7754
-18204
-26446
-31479
-32688
-29925
-23522
-14256
-3253
8148
18560
26712
31608
32650
29706
23135
13736
2656
-8751
-19090
-27095
-31785
-32581
-29385
-22585
-13013
-1842
9557
19786
27585
31994
32468
28947
21861
12081
809
-10564
-20637
-28166
-32219
-32293
-28377
-20951
-10932
440
11762
21629
28819
32437
32033
27653
19840
9561
-1907
-13142
-22745
-29519
-32621
-31661
-26755
-18514
-7961
3586
14689
23960
30239
32740
31148
25658
16955
6128
-5469
-16384
-25247
-30944
-32759
-30461
-24336
-15151
-4058
7546
18204
26572
31595
32638
29565
22763
13087
1756
-9798
-20118
-27896
-32148
-32332
-28424
-20915
-10754
771
12203
22088
29171
32552
31797
27001
18769
8148
-3511
-14727
-24069
-30346
-32754
-30984
-25260
-16309
-5272
6439
17331
26008
31359
32696
29845
23169
13521
2137
-9523
-19964
-27843
-32146
-32318
-28334
-20703
-10405
1234
12717
22564
29503
32637
31559
26407
17841
6968
-4807
-15965
-25058
-30909
-32757
-30361
-24028
-14577
-3233
8533
19194
27364
31977
32433
28669
21173
10917
-762
-12345
-22321
-29387
-32619
-31592
-26438
-17828
-6884
4961
16161
25247
31028
32744
30168
23635
13998
2522
-9287
-19879
-27860
-32179
-32265
-28105
-20242
-9711
2101
13640
23382
30040
32733
31103
25362
16267
5018
-6896
-17901
-26537
-31659
-32585
-29190
-21921
-11741
0
11743
21929
29201
32589
31641
26480
17791
6728
-5233
-16499
-25566
-31222
-32709
-29826
-22955
-13013
-1327
10537
20994
28641
32450
31909
27088
18630
7668
-4324
-15739
-25041
-30976
-32744
-30105
-23411
-13561
-1880
10055
20637
28436
32397
31982
27244
18822
7852
-4182
-15653
-25007
-30974
-32743
-30072
-23319
-13400
-1660
10308
20879
28612
32455
31881
26966
18377
7282
-4807
-16245
-25468
-31216
-32702
-29720
-22675
-12528
-664
11292
21705
29147
32596
31576
26225
17274
5950
-6193
-17489
-26383
-31650
-32564
-28995
-21433
-10917
1105
12978
23064
29968
32737
30984
24950
15465
3839
-8320
-19330
-27666
-32170
-32217
-27796
-19519
-8531
3643
15314
24860
30951
32739
29972
23032
12884
938
-11141
-21669
-29176
-32613
-31498
-25982
-16835
-5332
6918
18204
26944
31912
32410
28366
20343
9465
-2743
-14569
-24351
-30713
-32759
-30198
-23387
-13283
-1306
10856
21492
29100
32604
31507
25962
16748
5166
-7147
-18454
-27152
-32008
-32332
-28076
-19840
-8789
3510
15314
24947
31038
32720
29752
22551
12140
0
-12143
-22559
-29762
-32723
-31017
-24884
-15198
-3339
8998
20053
28242
32393
31908
26854
17952
6476
-5930
-17489
-26541
-31785
-32465
-28481
-20402
-9388
2978
14918
24714
30951
32730
29790
22554
12062
-172
-12385
-22811
-29942
-32746
-30813
-24421
-14492
-2462
9926
20879
28806
32556
31581
26021
16679
4912
-7571
-18956
-27585
-32200
-32127
-27374
-18630
-7167
5342
17076
26318
31719
32485
28504
20353
9222
-3259
-15267
-25041
-31147
-32687
-29434
-21861
-11077
1334
13553
23783
30517
32764
30189
23169
12736
423
-11953
-22570
-29860
-32743
-30792
-24293
-14202
-2009
10483
21426
29201
32652
31267
25247
15482
3419
-9153
-20369
-28563
-32514
-31633
-26047
-16586
-4654
7973
19415
27967
32350
31910
26709
17520
5712
-6950
-18577
-27428
-32179
-32116
-27244
-18292
-6597
6088
17864
26962
32015
32263
27666
18910
7310
-5391
-17284
-26579
-31872
-32366
-27983
-19380
-7852
4862
16845
26287
31760
32433
28203
19707
8226
-4501
-16550
-26094
-31684
-32472
-28334
-19895
-8434
4310
16402
26003
31651
32486
28377
19946
8475
-4288
-16402
-26016
-31662
-32478
-28334
-19861
-8351
4437
16550
26133
31717
32445
28203
19638
8060
-4756
-16845
-26351
-31812
-32386
-27983
-19276
-7602
5243
17284
26666
31941
32293
27666
18769
6975
-5898
-17864
-27071
-32095
-32157
-27244
-18113
-6176
6719
18577
27557
32265
31968
26709
17302
5205
-7702
-19415
-28111
-32434
-31710
-26047
-16326
-4058
8843
20369
28719
32588
31368
25247
15179
2736
-10137
-21426
-29364
-32705
-30922
-24293
-13853
-1238
11573
22570
30025
32764
30353
23169
12339
-434
-13142
-23783
-30678
-32739
-29638
-21861
-10632
2276
14829
25041
31296
32604
28754
20353
8727
-4282
-16616
-26318
-31849
-32328
-27676
-18630
-6622
6439
18480
27585
32302
31880
26381
16679
4318
-8734
-20396
-28806
-32620
-31227
-24845
-14492
-1820
11144
22329
29942
32763
30335
23047
12062
-859
-13645
-24243
-30951
-32688
-29173
-20967
-9388
3703
16202
26094
31785
32354
27709
18593
6476
-6688
-18775
-27832
-32393
-31718
-25913
-15915
-3339
9779
21317
29402
32723
30737
23764
12933
0
-12935
-23772
-30745
-32720
-29372
-21243
-9654
3510
16105
26077
31798
32332
27590
18342
6096
-7147
-19226
-28162
-32493
-31507
-25362
-15061
-2291
10856
22227
29953
32765
30198
22670
11416
-1716
-14569
-25028
-31370
-32548
-28366
-19509
-7435
5867
18204
27539
32330
31782
25982
15887
3163
-10086
-21669
-29667
-32753
-30413
-23032
-11831
1334
14281
24860
31312
32563
28403
19519
7387
-5976
-18347
-27666
-32377
-31693
-25725
-15465
-2622
10659
22164
29968
32766
30086
22374
10917
-2369
-15261
-25599
-31650
-32396
-27709
-18372
-5950
7473
19643
28516
32596
31195
24546
13765
664
-12550
-23653
-30771
-32702
-29116
-20616
-8634
4807
17440
27128
32230
31881
26137
15968
3092
-10308
-21966
-29901
-32766
-30072
-22272
-10689
2711
15653
25937
31812
32275
27244
17574
4908
-8595
-20637
-29162
-32712
-30681
-23411
-12140
1206
14349
25041
31451
32480
27948
18630
6117
-7445
-19735
-28641
-32634
-31026
-24089
-13013
301
13567
24501
31222
32570
28309
19172
6728
-6876
-19298
-28393
-32589
-31159
-24347
-13326
0
13328
24354
31166
32585
28360
19220
6748
-6896
-19347
-28443
-32604
-31103
-24198
-13087
301
13640
24608
31294
32533
28105
18778
6176
-7504
-19879
-28786
-32669
-30847
-23635
-12290
1206
14493
25247
31583
32389
27520
17828
5008
-8692
-20870
-29387
-32745
-30352
-22624
-10917
2711
15865
26229
31977
32094
26556
16335
3233
-10442
-22277
-30182
-32757
-29546
-21112
-8944
4807
17712
27483
32390
31559
25136
14256
845
-12717
-24026
-31070
-32598
-28334
-19032
-6345
7473
19964
28903
32697
30666
23169
11540
-2148
-15456
-26008
-31918
-32127
-26596
-16309
-3103
10659
22517
30346
32741
29270
20553
8148
-5719
-18563
-28078
-32552
-31179
-24202
-12874
771
14281
25223
31625
32332
27214
17189
4062
-9798
-21894
-30040
-32762
-29565
-21025
-8682
5233
18204
27882
32514
31257
24336
13002
-691
-14262
-25247
-31650
-32307
-27094
-16955
-3732
10171
22227
30239
32747
29289
20494
7961
-6025
-18915
-28356
-32621
-30929
-23586
-11931
1907
15400
26077
31982
32033
26215
15592
2109
-11762
-23479
-30889
-32629
-28377
-18910
-5966
8077
20637
29402
32756
30080
21861
9613
-4409
-17621
-27585
-32459
-31342
-24435
-13013
816
14497
25499
31785
32188
26631
16140
2656
-11322
-23203
-30782
-32650
-28456
-18976
-5969
8148
20755
29503
32763
29925
21514
9095
-5021
-18204
-27995
-32564
-31058
-23753
-12011
1977
15598
26305
32095
31880
25698
14703
952
-12978
-24480
-31393
-32418
-27360
-17165
-3744
10381
22559
30497
32702
28754
19394
6380
-7836
-20580
-29446
-32762
-29899
-21393
-8847
5370
18577
28275
32630
30814
23169
11138
-3003
-16579
-27016
-32334
-31523
-24733
-13249
751
14612
25700
31906
32048
26096
15179
1372
-12698
-24354
-31371
-32412
-27273
-16932
-3359
10856
23003
30758
32638
28280
18514
5205
-9101
-21669
-30089
-32747
-29131
-19930
-6905
7445
20371
29387
32762
29844
21189
8460
-5898
-19125
-28673
-32702
-30433
-22301
-9868
4468
17946
27963
32585
30916
23274
11134
-3159
-16845
-27275
-32428
-31305
-24119
-12260
1977
15833
26622
32247
31615
24845
13249
-923
-14918
-26016
-32055
-31858
-25461
-14105
0
14107
25468
31864
32046
25975
14832
792
-13405
-24986
-31684
-32188
-26395
-15435
-1452
12817
24578
31525
32292
26727
15917
1981
-12345
-24250
-31393
-32366
-26976
-16280
-2378
11993
24006
31293
32415
27148
16527
2644
-11762
-23850
-31230
-32442
-27244
-16660
-2779
11653
23783
31206
32451
27267
16679
2783
-11667
-23806
-31222
-32441
-27217
-16586
-2656
11803
23919
31277
32412
27094
16378
2398
-12062
-24120
-31370
-32361
-26894
-16056
-2009
12441
24407
31496
32285
26615
15616
1488
-12939
-24777
-31650
-32178
-26251
-15055
-836
13553
25223
31826
32033
25797
14372
52
-14280
-25739
-32015
-31841
-25247
-13561
863
15115
26318
32208
31592
24592
12618
-1908
-16052
-26950
-32393
-31276
-23823
-11540
3083
17085
27622
32556
30880
22932
10324
-4384
-18204
-28323
-32682
-30389
-21909
-8965
5807
19399
29038
32755
29790
20744
7461
-7347
-20658
-29748
-32757
-29067
-19428
-5811
8997
21966
30436
32669
28203
17952
4016
-10746
-23305
-31079
-32468
-27184
-16309
-2077
12583
24657
31656
32135
25992
14491
0
-14493
-25999
-32139
-31644
-24613
-12494
2208
16457
27304
32503
30975
23032
10317
-4537
-18454
-28547
-32719
-30103
-21238
-7961
6971
20458
29694
32757
29007
19220
5431
-9491
-22439
-30713
-32587
-27666
-16973
-2736
12073
24364
31568
32177
26060
14492
-108
-14689
-26197
-32222
-31498
-24174
-11781
3083
17304
27896
32634
30520
21996
8847
-6162
-19879
-29416
-32766
-29219
-19519
-5706
9311
22368
30711
32578
27570
16743
2378
-12491
-24723
-31732
-32033
-25558
-13674
1105
15653
26888
32428
31095
23169
10328
-4707
-18745
-28806
-32750
-29736
-20402
-6728
8378
21705
30414
32650
27932
17262
2911
-12062
-24465
-31651
-32083
-25665
-13765
1077
15692
26955
32455
31012
22932
9941
-5180
-19194
-29098
-32765
-29406
-19738
-5832
9326
22486
30817
32526
27244
16102
1495
-13436
-25478
-32035
-31693
-24521
-12062
2999
17416
28078
32680
30226
21243
7668
-7565
-21167
-30192
-32685
-28105
-17438
-2992
12103
24578
31727
31995
25321
13150
-1876
-16499
-27539
-32596
-30567
-21889
-8448
6833
20630
29936
32722
28377
17845
3419
-11753
-24364
-31659
-32040
-25423
-13249
1823
16499
27568
32607
30508
21729
8189
-7147
-20920
-30108
-32693
-28105
-17347
-2779
12401
24860
31856
31850
24838
12360
-2839
-17416
-28160
-32702
-30037
-20749
-6884
8501
22013
30668
32552
27244
15915
1066
-14020
-26008
-32243
-31342
-23500
-10451
4915
19194
29220
32766
29042
18871
4509
-10856
-23813
-31479
-32147
-25665
-13473
1720
16533
27666
32637
30335
21271
7461
-8015
-21705
-30552
-32578
-27327
-15968
-1038
14125
26133
32294
31228
23169
9920
-5554
-19786
-29584
-32748
-28565
-17970
-3339
12043
24723
31849
31816
24627
11897
-3511
-18132
-28673
-32755
-29458
-19519
-5177
10334
23516
31393
32182
25702
13414
-1907
-16800
-27896
-32682
-30072
-20653
-6555
9029
22570
30997
32395
26445
14492
-751
-15827
-27310
-32589
-30461
-21406
-7481
8148
21926
30713
32507
26894
15151
-48
-15238
-26955
-32522
-30664
-21804
-7961
7702
21608
30575
32549
27076
15403
202
-15047
-26852
-32503
-30703
-21861
-8002
7696
21629
30598
32538
27001
15255
0
-15257
-27007
-32541
-30582
-21579
-7602
8129
21989
30779
32468
26664
14703
-655
-15865
-27411
-32621
-30288
-20948
-6758
8997
22672
31098
32318
26047
13736
-1763
-16855
-28038
-32713
-29790
-19946
-5464
10289
23653
31516
32046
25116
12336
-3319
-18204
-28847
-32766
-29042
-18541
-3711
11987
24889
31977
31593
23823
10480
-5316
-19871
-29777
-32711
-27983
-16697
-1495
14059
26318
32404
30885
22114
8148
-7733
-21801
-30745
-32460
-26539
-14372
1180
16457
27860
32699
29832
19930
5325
-10537
-23916
-31650
-31910
-24631
-11530
4298
19113
29409
32747
28334
17210
2009
-13670
-26112
-32365
-30942
-22178
-8148
7817
21929
30833
32412
26285
13907
-1780
-17047
-28259
-32743
-29429
-19103
-4222
11667
24777
31977
31548
23586
9991
-5992
-20546
-30192
-32619
-27244
-15350
219
15739
27492
32660
30001
20149
5464
-10533
-24006
-31719
-31816
-24270
-10892
5106
19879
29873
32681
27625
15917
373
-15261
-27221
-32621
-30156
-20416
-5748
10308
23879
31684
31836
24293
10875
-5173
-19973
-29942
-32665
-27477
-15633
0
15636
27483
32666
29925
19920
5078
-10999
-24407
-31886
-31615
-23656
-9941
6193
20824
30386
32549
26782
14487
-1341
-16845
-28242
-32749
-29262
-18630
-3445
12583
25539
32252
31078
22301
8064
-8148
-22368
-31111
-32231
-25451
-12429
3643
18824
29387
32737
28047
16465
836
-15001
-27152
-32625
-30072
-20115
-5205
10989
24479
31937
31523
23335
9388
-6876
-21447
-30723
-32412
-26092
-13322
2743
18132
29038
32759
28371
16955
1338
-14612
-26944
-32596
-30164
-20247
-5304
10958
24501
31960
31477
23169
9099
-7236
-21774
-30894
-32323
-25702
-12676
3510
18824
29446
32724
27837
16000
166
-15711
-27666
-32707
-29572
-19041
-3744
12491
25602
32304
30916
21780
7184
-9215
-23305
-31551
-31880
-24205
-10451
5930
20824
30486
32483
26311
13518
-2679
-18204
-29147
-32749
-28098
-16364
-502
15488
27574
32702
29574
18976
3583
-12717
-25806
-32371
-30748
-21345
-6538
9926
23879
31785
31636
23467
9346
-7147
-21830
-30974
-32254
-25342
-11991
4409
19692
29968
32623
26976
14462
-1736
-17495
-28798
-32764
-28377
-16752
-852
15267
27492
32699
29554
18857
3339
-13034
-26077
-32450
-30520
-20777
-5712
10817
24578
32042
31291
22515
7961
-8637
-23021
-31496
-31881
-24075
-10079
6509
21426
30833
32307
25463
12062
-4448
-19815
-30076
-32585
-26689
-13907
2465
18204
29244
32732
27762
15616
-569
-16610
-28356
-32765
-28692
-17189
-1231
15047
27428
32699
29490
18630
2932
-13528
-26478
-32552
-30168
-19943
-4530
12062
25519
32337
30737
21133
6022
-10659
-24565
-32068
-31208
-22206
-7407
9326
23628
31760
31593
23169
8686
-8070
-22719
-31423
-31903
-24028
-9858
6896
21846
31070
32147
24790
10926
-5807
-21019
-30711
-32336
-25461
-11891
4807
20244
30356
32478
26047
12755
-3899
-19528
-30012
-32581
-26556
-13521
3083
18877
29687
32654
26991
14192
-2362
-18294
-29387
-32703
-27360
-14769
1736
17784
29119
32734
27666
15255
-1206
-17349
-28887
-32752
-27913
-15652
771
16993
28695
32761
28105
15962
-434
-16717
-28547
-32765
-28244
-16186
193
16523
28443
32766
28334
16326
-48
-16412
-28387
-32766
-28374
-16382
0
0
0
0
0
0
0
0
0
0
0
0
0
0
0
0
0
0
0
0
0
0
0
0
0
0
0
0
0
0
0
0
0
0
0
0
0
0
0
0
0
0
0
0
0
0
0
0
0
0
0
0
0
0
0
0
0
0
0
0
0
0
0
0
0
0
0
0
0
0
0
0
0
0
0
0
0
0
0
0
0
0
0
0
0
0
0
0
0
0
0
0
0
0
0
0
0
0
0
0
0
0
0
0
0
0
0
0
0
0
0
0
0
0
0
0
0
0
0
0
0
0
0
0
0
0
0
0
0
0
0
0
0
0
0
0
0
0
0
0
0
0
0
0
0
0
0
0
0
0
0
0
0
0
0
0
0
0
0
0
0
0
0
0
0
0
0
0
0
0
0
0
0
0
0
0
0
0
0
0
0
0
0
0
0
0
0
0
0
0
0
0
0
0
0
0
0
0
0
0
0
0
0
0
0
0
0
0
0
0
0
0
0
0
0
0
0
0
0
0
0
0
0
0
0
0
0
0
0
0
0
0
0
0
0
0
0
0
0
0
0
0
0
0
0
0
0
0
0
0
0
0
0
0
0
0
0
0
0
0
0
0
0
0
0
0
0
0
0
0
0
0
0
0
0
0
0
0
0
0
0
0
0
0
0
0
0
0
0
0
0
0
0
0
0
0
0
0
0
0
0
0
0
0
0
0
0
0
0
0
0
0
0
0
0
0
0
0
0
0
0
0
0
0
0
0
0
0
0
0
0
0
0
0
0
0
0
0
0
0
0
0
0
0
0
0
0
0
0
0
0
0
0
0
0
0
0
0
0
0
0
0
0
0
0
0
0
0
0
0
0
0
0
0
0
0
0
0
0
0
0
0
0
0
0
0
0
0
0
0
0
0
0
0
0
0
0
0
0
0
0
0
0
0
0
0
0
0
0
0
0
0
0
0
0
0
0
0
0
0
0
0
0
0
0
0
0
0
0
0
0
0
0
0
0
0
0
0
0
0
0
0
0
0
0
0
0
0
0
0
0
0
0
0
0
0
0
0
0
0
0
0
0
0
0
0
0
0
0
0
0
0
0
0
0
0
0
0
0
0
0
0
0
0
0
0
0
0
0
0
0
0
0
0
0
0
0
0
0
0
0
0
0
0
0
0
0
0
0
0
0
0
0
0
0
0
0
0
0
0
0
0
0
0
0
0
0
0
0
0
0
0
0
0
0
0
0
0
0
0
0
0
0
0
0
0
0
0
0
0
0
0
0
0
0
0
0
0
0
0
0
0
0
0
0
0
0
0
0
0
0
0
0
0
0
0
0
0
0
0
0
0
0
0
0
0
0
0
0
0
0
0
0
0
0
0
0
0
0
0
0
0
0
0
0
0
0
0
0
0
0
0
0
0
0
0
0
0
0
0
0
0
0
0
0
0
0
0
0
0
0
0
0
0
0
0
0
0
0
0
0
0
0
0
0
0
0
0
0
0
0
0
0
0
0
0
0
0
0
0
0
0
0
0
0
0
0
0
0
0
0
0
0
0
0
0
0
0
0
0
0
0
0
0
0
0
0
0
0
0
0
0
0
0
0
0
0
0
0
0
0
0
0
0
0
0
0
0
0
0
0
0
0
0
0
0
0
0
0
0
0
0
0
0
0
0
0
0
0
0
0
0
0
0
0
0
0
0
0
0
0
0
0
0
0
0
0
0
0
0
0
0
0
0
0
0
0
0
0
0
0
0
0
0
0
0
0
0
0
0
0
0
0
0
0
0
0
0
0
0
0
0
0
0
0
0
0
0
0
0
0
0
0
0
0
0
0
0
0
0
0
0
0
0
0
0
0
0
0
0
0
0
0
0
0
0
0
0
0
0
0
0
0
0
0
0
0
0
0
0
0
0
0
0
0
0
0
0
0
0
0
0
0
0
0
0
0
0
0
0
0
0
0
0
0
0
0
0
0
0
0
0
0
0
0
0
0
0
0
0
0
0
0
0
0
0
0
0
0
0
0
0
0
0
0
0
0
0
0
0
0
0
0
0
0
0
0
0
0
0
0
0
0
0
0
0
0
0
0
0
0
0
0
0
0
0
0
0
0
0
0
0
0
0
0
0
0
0
0
0
0
0
0
0
0
0
0
0
0
0
0
0
0
0
0
0
0
0
0
0
0
0
0
0
0
0
0
0
0
0
12602
12362
11649
10490
8928
7020
4836
2459
-23
-2518
-4928
-7162
-9131
-10757
-11974
-12730
-12990
-12739
-11981
-10740
-9060
-7003
-4647
-2084
583
3249
5802
8138
10156
11770
12907
13517
13568
13054
11992
10422
8409
6036
3404
624
-2182
-4896
-7397
-9576
-11338
-12605
-13324
-13463
-13019
-12015
-10499
-8543
-6237
-3689
-1016
1659
4217
6542
8533
10105
11195
11762
11792
11297
10315
8903
7141
5122
2950
734
-1420
-3412
-5153
-6569
-7607
-8235
-8443
-8243
-7670
-6775
-5625
-4298
-2875
-1442
-77
1147
2174
2960
3480
3725
3709
3458
3016
2436
1778
1105
481
-40
-412
-603
-596
-390
-1
538
1181
1873
2549
3143
3592
3838
3837
3557
2985
2128
1011
-319
-1800
-3354
-4895
-6328
-7561
-8508
-9093
-9256
-8960
-8189
-6955
-5295
-3271
-969
1506
4038
6498
8760
10700
12209
13196
13592
13358
12486
11000
8955
6437
3557
447
-2746
-5871
-8775
-11315
-13363
-14815
-15594
-15658
-14996
-13638
-11644
-9108
-6150
-2912
452
3780
6915
9706
12022
13758
14835
15208
14870
13847
12197
10011
7404
4511
1477
-1546
-4413
-6988
-9152
-10811
-11898
-12377
-12245
-11527
-10282
-8589
-6553
-4288
-1922
421
2622
4572
6180
7377
8120
8391
8199
7578
6585
5294
3794
2182
557
-985
-2359
-3490
-4323
-4821
-4971
-4779
-4274
-3501
-2521
-1407
-236
910
1959
2842
3501
3898
4009
3828
3370
2665
1759
710
-414
-1546
-2614
-3550
-4298
-4811
-5056
-5016
-4693
-4102
-3276
-2259
-1107
117
1348
2520
3572
4450
5110
5521
5667
5545
5167
4558
3755
2803
1753
660
-421
-1441
-2353
-3121
-3717
-4126
-4341
-4369
-4224
-3929
-3514
-3011
-2453
-1875
-1305
-770
-286
133
484
769
997
1179
1333
1475
1620
1781
1968
2182
2421
2675
2926
3154
3332
3434
3431
3299
3017
2572
1959
1183
262
-778
-1900
-3057
-4195
-5258
-6185
-6921
-7413
-7619
-7508
-7062
-6280
-5178
-3790
-2163
-361
1539
3457
5303
6989
8431
9554
10295
10609
10468
9867
8821
7369
5566
3489
1228
-1118
-3444
-5643
-7616
-9270
-10528
-11331
-11641
-11444
-10748
-9585
-8009
-6093
-3926
-1607
755
3055
5188
7061
8590
9714
10387
10587
10316
9595
8470
7000
5264
3349
1348
-641
-2530
-4231
-5673
-6797
-7561
-7944
-7944
-7576
-6873
-5886
-4674
-3309
-1863
-414
965
2210
3264
4084
4638
4914
4911
4645
4145
3452
2613
1684
722
-215
-1076
-1813
-2389
-2776
-2959
-2932
-2706
-2299
-1742
-1071
-329
436
1180
1855
2423
2848
3105
3177
3058
2752
2273
1644
897
68
-799
-1664
-2480
-3207
-3806
-4248
-4506
-4566
-4421
-4073
-3535
-2827
-1977
-1020
5
1058
2093
3068
3942
4679
5247
5622
5787
5732
5458
4972
4291
3438
2444
1344
177
-1012
-2182
-3290
-4294
-5158
-5847
-6336
-6605
-6642
-6443
-6012
-5363
-4516
-3499
-2347
-1098
202
1510
2779
3964
5020
5910
6600
7063
7281
7244
6951
6410
5639
4663
3516
2239
875
-525
-1914
-3240
-4457
-5518
-6387
-7031
-7427
-7561
-7427
-7031
-6387
-5518
-4457
-3240
-1914
-525
875
2239
3516
4663
5639
6410
6951
7244
7281
7063
6600
5910
5020
3964
2779
1510
202
-1098
-2347
-3499
-4516
-5363
-6012
-6443
-6642
-6605
-6336
-5847
-5158
-4294
-3290
-2182
-1012
177
1344
2444
3438
4291
4972
5458
5732
5787
5622
5247
4679
3942
3068
2093
1058
5
-1020
-1977
-2827
-3535
-4073
-4421
-4566
-4506
-4248
-3806
-3207
-2480
-1664
-799
68
897
1644
2273
2752
3058
3177
3105
2848
2423
1855
1180
436
-329
-1071
-1742
-2299
-2706
-2932
-2959
-2776
-2389
-1813
-1076
-215
722
1684
2613
3452
4145
4645
4911
4914
4638
4084
3264
2210
965
-414
-1863
-3309
-4674
-5886
-6873
-7576
-7944
-7944
-7561
-6797
-5673
-4231
-2530
-641
1348
3349
5264
7000
8470
9595
10316
10587
10387
9714
8590
7061
5188
3055
755
-1607
-3926
-6093
-8009
-9585
-10748
-11444
-11641
-11331
-10528
-9270
-7616
-5643
-3444
-1118
1228
3489
5566
7369
8821
9867
10468
10609
10295
9554
8431
6989
5303
3457
1539
-361
-2163
-3790
-5178
-6280
-7062
-7508
-7619
-7413
-6921
-6185
-5258
-4195
-3057
-1900
-778
262
1183
1959
2572
3017
3299
3431
3434
3332
3154
2926
2675
2421
2182
1968
1781
1620
1475
1333
1179
997
769
484
133
-286
-770
-1305
-1875
-2453
-3011
-3514
-3929
-4224
-4369
-4341
-4126
-3717
-3121
-2353
-1441
-421
660
1753
2803
3755
4558
5167
5545
5667
5521
5110
4450
3572
2520
1348
117
-1107
-2259
-3276
-4102
-4693
-5016
-5056
-4811
-4298
-3550
-2614
-1546
-414
710
1759
2665
3370
3828
4009
3898
3501
2842
1959
910
-236
-1407
-2521
-3501
-4274
-4779
-4971
-4821
-4323
-3490
-2359
-985
557
2182
3794
5294
6585
7578
8199
8391
8120
7377
6180
4572
2622
421
-1922
-4288
-6553
-8589
-10282
-11527
-12245
-12377
-11898
-10811
-9152
-6988
-4413
-1546
1477
4511
7404
10011
12197
13847
14870
15208
14835
13758
12022
9706
6915
3780
452
-2912
-6150
-9108
-11644
-13638
-14996
-15658
-15594
-14815
-13363
-11315
-8775
-5871
-2746
447
3557
6437
8955
11000
12486
13358
13592
13196
12209
10700
8760
6498
4038
1506
-969
-3271
-5295
-6955
-8189
-8960
-9256
-9093
-8508
-7561
-6328
-4895
-3354
-1800
-319
1011
2128
2985
3557
3837
3838
3592
3143
2549
1873
1181
538
-1
-390
-596
-603
-412
-40
481
1105
1778
2436
3016
3458
3709
3725
3480
2960
2174
1147
-77
-1442
-2875
-4298
-5625
-6775
-7670
-8243
-8443
-8235
-7607
-6569
-5153
-3412
-1420
734
2950
5122
7141
8903
10315
11297
11792
11762
11195
10105
8533
6542
4217
1659
-1016
-3689
-6237
-8543
-10499
-12015
-13019
-13463
-13324
-12605
-11338
-9576
-7397
-4896
-2182
624
3404
6036
8409
10422
11992
13054
13568
13517
12907
11770
10156
8138
5802
3249
583
-2084
-4647
-7003
-9060
-10740
-11981
-12739
-12990
-12730
-11974
-10757
-9131
-7162
-4928
-2518
-23
2459
4836
7020
8928
10490
11649
12362
0
0
0
0
0
0
0
0
0
0
0
0
0
0
0
0
0
0
0
0
0
0
0
0
0
0
0
0
0
0
0
0
0
0
0
0
0
0
0
0
0
0
0
0
0
0
0
0
0
0
0
0
0
0
0
0
0
0
0
0
0
0
0
0
0
0
0
-12602
-12319
-11482
-10129
-8322
-6144
-3692
-1079
1576
4155
6540
8623
10311
11528
12222
12361
11942
10986
9540
7670
5464
3024
463
-2101
-4553
-6780
-8683
-10176
-11194
-11693
-11656
-11087
-10017
-8500
-6609
-4435
-2081
341
2722
4951
6926
8558
9776
10529
10786
10542
9815
8645
7093
5236
3165
979
-1216
-3321
-5237
-6878
-8173
-9067
-9526
-9537
-9107
-8265
-7060
-5554
-3826
-1959
-45
1826
3571
5110
6377
7322
7911
8126
7969
7460
6633
5536
4230
2781
1260
-260
-1713
-3036
-4176
-5091
-5751
-6141
-6259
-6114
-5728
-5133
-4366
-3472
-2496
-1485
-481
476
1354
2128
2778
3294
3673
3918
4036
4040
3945
3764
3514
3206
2850
2456
2027
1566
1072
546
-12
-604
-1225
-1867
-2520
-3167
-3788
-4358
-4848
-5227
-5467
-5536
-5412
-5074
-4513
-3728
-2729
-1537
-188
1272
2791
4302
5739
7030
8107
8904
9368
9456
9141
8413
7282
5780
3955
1874
-376
-2705
-5006
-7173
-9102
-10696
-11869
-12555
-12707
-12301
-11342
-9858
-7905
-5563
-2929
-119
2739
5518
8088
10328
12132
13412
14106
14176
13617
12452
10734
8540
5973
3152
207
-2722
-5504
-8008
-10122
-11753
-12831
-13314
-13190
-12476
-11218
-9488
-7377
-4997
-2467
87
2543
4786
6715
8249
9329
9921
10018
9638
8825
7640
6167
4497
2729
964
-703
-2188
-3421
-4349
-4941
-5189
-5103
-4716
-4078
-3252
-2311
-1331
-390
441
1104
1551
1752
1697
1393
870
169
-649
-1518
-2364
-3113
-3695
-4050
-4130
-3906
-3366
-2520
-1400
-55
1446
3024
4589
6046
7304
8276
8891
9091
8842
8133
6975
5406
3489
1305
-1045
-3453
-5800
-7967
-9843
-11327
-12337
-12810
-12713
-12035
-10799
-9051
-6865
-4337
-1580
1280
4115
6793
9191
11198
12723
13697
14078
13849
13025
11647
9781
7514
4953
2215
-576
-3299
-5835
-8076
-9933
-11334
-12231
-12600
-12440
-11776
-10654
-9137
-7305
-5248
-3063
-845
1309
3315
5098
6596
7763
8573
9013
9090
8824
8251
7414
6365
5160
3859
2516
1186
-85
-1260
-2305
-3200
-3929
-4489
-4879
-5107
-5184
-5125
-4946
-4664
-4293
-3849
-3345
-2792
-2201
-1579
-935
-278
383
1038
1677
2285
2847
3346
3768
4094
4310
4403
4363
4184
3868
3418
2848
2173
1418
609
-221
-1042
-1819
-2520
-3116
-3583
-3902
-4061
-4057
-3895
-3586
-3149
-2611
-2000
-1350
-694
-64
508
1000
1392
1673
1839
1893
1847
1719
1531
1307
1076
863
691
578
538
575
687
863
1085
1330
1569
1771
1904
1941
1856
1632
1260
740
85
-682
-1531
-2419
-3298
-4117
-4822
-5362
-5691
-5773
-5580
-5103
-4343
-3319
-2067
-636
912
2505
4065
5512
6767
7758
8424
8718
8612
8095
7180
5898
4303
2465
467
-1592
-3616
-5501
-7152
-8483
-9422
-9918
-9941
-9484
-8567
-7231
-5542
-3582
-1451
743
2891
4882
6615
8000
8968
9471
9484
9011
8080
6742
5074
3167
1124
-941
-2920
-4703
-6196
-7320
-8017
-8252
-8019
-7334
-6240
-4805
-3111
-1259
643
2488
4168
5587
6662
7333
7561
7333
6662
5587
4168
2488
643
-1259
-3111
-4805
-6240
-7334
-8019
-8252
-8017
-7320
-6196
-4703
-2920
-941
1124
3167
5074
6742
8080
9011
9484
9471
8968
8000
6615
4882
2891
743
-1451
-3582
-5542
-7231
-8567
-9484
-9941
-9918
-9422
-8483
-7152
-5501
-3616
-1592
467
2465
4303
5898
7180
8095
8612
8718
8424
7758
6767
5512
4065
2505
912
-636
-2067
-3319
-4343
-5103
-5580
-5773
-5691
-5362
-4822
-4117
-3298
-2419
-1531
-682
85
740
1260
1632
1856
1941
1904
1771
1569
1330
1085
863
687
575
538
578
691
863
1076
1307
1531
1719
1847
1893
1839
1673
1392
1000
508
-64
-694
-1350
-2000
-2611
-3149
-3586
-3895
-4057
-4061
-3902
-3583
-3116
-2520
-1819
-1042
-221
609
1418
2173
2848
3418
3868
4184
4363
4403
4310
4094
3768
3346
2847
2285
1677
1038
383
-278
-935
-1579
-2201
-2792
-3345
-3849
-4293
-4664
-4946
-5125
-5184
-5107
-4879
-4489
-3929
-3200
-2305
-1260
-85
1186
2516
3859
5160
6365
7414
8251
8824
9090
9013
8573
7763
6596
5098
3315
1309
-845
-3063
-5248
-7305
-9137
-10654
-11776
-12440
-12600
-12231
-11334
-9933
-8076
-5835
-3299
-576
2215
4953
7514
9781
11647
13025
13849
14078
13697
12723
11198
9191
6793
4115
1280
-1580
-4337
-6865
-9051
-10799
-12035
-12713
-12810
-12337
-11327
-9843
-7967
-5800
-3453
-1045
1305
3489
5406
6975
8133
8842
9091
8891
8276
7304
6046
4589
3024
1446
-55
-1400
-2520
-3366
-3906
-4130
-4050
-3695
-3113
-2364
-1518
-649
169
870
1393
1697
1752
1551
1104
441
-390
-1331
-2311
-3252
-4078
-4716
-5103
-5189
-4941
-4349
-3421
-2188
-703
964
2729
4497
6167
7640
8825
9638
10018
9921
9329
8249
6715
4786
2543
87
-2467
-4997
-7377
-9488
-11218
-12476
-13190
-13314
-12831
-11753
-10122
-8008
-5504
-2722
207
3152
5973
8540
10734
12452
13617
14176
14106
13412
12132
10328
8088
5518
2739
-119
-2929
-5563
-7905
-9858
-11342
-12301
-12707
-12555
-11869
-10696
-9102
-7173
-5006
-2705
-376
1874
3955
5780
7282
8413
9141
9456
9368
8904
8107
7030
5739
4302
2791
1272
-188
-1537
-2729
-3728
-4513
-5074
-5412
-5536
-5467
-5227
-4848
-4358
-3788
-3167
-2520
-1867
-1225
-604
-12
546
1072
1566
2027
2456
2850
3206
3514
3764
3945
4040
4036
3918
3673
3294
2778
2128
1354
476
-481
-1485
-2496
-3472
-4366
-5133
-5728
-6114
-6259
-6141
-5751
-5091
-4176
-3036
-1713
-260
1260
2781
4230
5536
6633
7460
7969
8126
7911
7322
6377
5110
3571
1826
-45
-1959
-3826
-5554
-7060
-8265
-9107
-9537
-9526
-9067
-8173
-6878
-5237
-3321
-1216
979
3165
5236
7093
8645
9815
10542
10786
10529
9776
8558
6926
4951
2722
341
-2081
-4435
-6609
-8500
-10017
-11087
-11656
-11693
-11194
-10176
-8683
-6780
-4553
-2101
463
3024
5464
7670
9540
10986
11942
12361
12222
11528
10311
8623
6540
4155
1576
-1079
-3692
-6144
-8322
-10129
-11482
-12319
0
0
0
0
0
0
0
0
0
0
0
0
0
0
0
0
0
0
0
0
0
0
0
0
0
0
0
0
0
0
0
0
0
0
0
0
0
0
0
0
0
0
0
0
0
0
0
0
0
0
0
0
0
0
0
0
0
0
0
0
0
0
0
0
0
0
0
-12602
-12305
-11427
-10010
-8124
-5858
-3321
-635
2072
4673
7045
9077
10675
11767
12306
12270
11666
10527
8913
6902
4594
2097
-468
-2987
-5342
-7429
-9156
-10453
-11266
-11569
-11358
-10651
-9490
-7936
-6066
-3969
-1740
519
2714
4751
6548
8037
9163
9892
10204
10101
9597
8727
7536
6080
4426
2641
799
-1031
-2782
-4392
-5809
-6988
-7896
-8508
-8813
-8807
-8500
-7906
-7052
-5968
-4692
-3267
-1739
-155
1434
2981
4435
5751
6885
7799
8458
8837
8917
8686
8146
7305
6185
4815
3238
1505
-325
-2187
-4012
-5727
-7261
-8548
-9529
-10153
-10385
-10202
-9600
-8592
-7208
-5497
-3524
-1367
883
3133
5282
7234
8897
10192
11055
11440
11321
10698
9593
8050
6138
3941
1560
-894
-3308
-5566
-7561
-9196
-10393
-11094
-11266
-10900
-10017
-8661
-6901
-4828
-2545
-169
2179
4383
6332
7929
9095
9776
9943
9594
8753
7473
5827
3909
1826
-307
-2375
-4264
-5874
-7121
-7940
-8292
-8165
-7573
-6556
-5178
-3523
-1690
211
2071
3780
5240
6367
7095
7386
7223
6618
5610
4258
2644
865
-972
-2760
-4390
-5764
-6800
-7434
-7627
-7363
-6655
-5542
-4086
-2370
-493
1437
3309
5012
6447
7529
8191
8392
8117
7377
6212
4685
2880
897
-1150
-3147
-4982
-6548
-7756
-8537
-8844
-8659
-7990
-6873
-5371
-3568
-1564
526
2587
4501
6160
7470
8356
8768
8682
8104
7066
5626
3867
1889
-195
-2268
-4210
-5910
-7271
-8213
-8682
-8650
-8118
-7113
-5691
-3932
-1935
187
2315
4328
6111
7561
8594
9149
9191
8713
7739
6319
4528
2462
233
-2037
-4225
-6212
-7887
-9157
-9951
-10223
-9956
-9160
-7875
-6167
-4122
-1847
539
2915
5156
7147
8786
9990
10698
10876
10516
9640
8294
6549
4495
2237
-110
-2431
-4612
-6548
-8148
-9339
-10071
-10319
-10080
-9377
-8256
-6782
-5036
-3109
-1099
893
2775
4461
5878
6969
7698
8047
8017
7630
6924
5952
4776
3466
2095
732
-554
-1709
-2685
-3450
-3985
-4285
-4359
-4228
-3925
-3487
-2958
-2382
-1803
-1260
-784
-399
-120
48
115
92
3
-123
-259
-371
-431
-412
-297
-74
259
694
1215
1795
2403
3001
3548
4004
4329
4490
4459
4220
3765
3100
2239
1210
53
-1186
-2455
-3697
-4851
-5863
-6679
-7256
-7557
-7561
-7256
-6647
-5750
-4595
-3226
-1694
-60
1610
3250
4792
6173
7336
8232
8824
9088
9012
8597
7859
6828
5541
4048
2406
676
-1076
-2788
-4397
-5845
-7083
-8067
-8766
-9159
-9234
-8993
-8448
-7620
-6542
-5251
-3794
-2221
-584
1060
2661
4165
5526
6701
7654
8357
8788
8937
8800
8383
7700
6774
5634
4316
2863
1320
-263
-1839
-3356
-4767
-6026
-7093
-7933
-8519
-8833
-8862
-8606
-8072
-7277
-6247
-5015
-3621
-2111
-535
1055
2609
4073
5401
6548
7478
8160
8574
8708
8559
8135
7452
6534
5414
4131
2729
1253
-245
-1721
-3125
-4415
-5551
-6502
-7239
-7744
-8005
-8019
-7791
-7330
-6655
-5790
-4763
-3608
-2359
-1054
267
1570
2817
3973
5009
5895
6610
7134
7454
7561
7454
7134
6610
5895
5009
3973
2817
1570
267
-1054
-2359
-3608
-4763
-5790
-6655
-7330
-7791
-8019
-8005
-7744
-7239
-6502
-5551
-4415
-3125
-1721
-245
1253
2729
4131
5414
6534
7452
8135
8559
8708
8574
8160
7478
6548
5401
4073
2609
1055
-535
-2111
-3621
-5015
-6247
-7277
-8072
-8606
-8862
-8833
-8519
-7933
-7093
-6026
-4767
-3356
-1839
-263
1320
2863
4316
5634
6774
7700
8383
8800
8937
8788
8357
7654
6701
5526
4165
2661
1060
-584
-2221
-3794
-5251
-6542
-7620
-8448
-8993
-9234
-9159
-8766
-8067
-7083
-5845
-4397
-2788
-1076
676
2406
4048
5541
6828
7859
8597
9012
9088
8824
8232
7336
6173
4792
3250
1610
-60
-1694
-3226
-4595
-5750
-6647
-7256
-7561
-7557
-7256
-6679
-5863
-4851
-3697
-2455
-1186
53
1210
2239
3100
3765
4220
4459
4490
4329
4004
3548
3001
2403
1795
1215
694
259
-74
-297
-412
-431
-371
-259
-123
3
92
115
48
-120
-399
-784
-1260
-1803
-2382
-2958
-3487
-3925
-4228
-4359
-4285
-3985
-3450
-2685
-1709
-554
732
2095
3466
4776
5952
6924
7630
8017
8047
7698
6969
5878
4461
2775
893
-1099
-3109
-5036
-6782
-8256
-9377
-10080
-10319
-10071
-9339
-8148
-6548
-4612
-2431
-110
2237
4495
6549
8294
9640
10516
10876
10698
9990
8786
7147
5156
2915
539
-1847
-4122
-6167
-7875
-9160
-9956
-10223
-9951
-9157
-7887
-6212
-4225
-2037
233
2462
4528
6319
7739
8713
9191
9149
8594
7561
6111
4328
2315
187
-1935
-3932
-5691
-7113
-8118
-8650
-8682
-8213
-7271
-5910
-4210
-2268
-195
1889
3867
5626
7066
8104
8682
8768
8356
7470
6160
4501
2587
526
-1564
-3568
-5371
-6873
-7990
-8659
-8844
-8537
-7756
-6548
-4982
-3147
-1150
897
2880
4685
6212
7377
8117
8392
8191
7529
6447
5012
3309
1437
-493
-2370
-4086
-5542
-6655
-7363
-7627
-7434
-6800
-5764
-4390
-2760
-972
865
2644
4258
5610
6618
7223
7386
7095
6367
5240
3780
2071
211
-1690
-3523
-5178
-6556
-7573
-8165
-8292
-7940
-7121
-5874
-4264
-2375
-307
1826
3909
5827
7473
8753
9594
9943
9776
9095
7929
6332
4383
2179
-169
-2545
-4828
-6901
-8661
-10017
-10900
-11266
-11094
-10393
-9196
-7561
-5566
-3308
-894
1560
3941
6138
8050
9593
10698
11321
11440
11055
10192
8897
7234
5282
3133
883
-1367
-3524
-5497
-7208
-8592
-9600
-10202
-10385
-10153
-9529
-8548
-7261
-5727
-4012
-2187
-325
1505
3238
4815
6185
7305
8146
8686
8917
8837
8458
7799
6885
5751
4435
2981
1434
-155
-1739
-3267
-4692
-5968
-7052
-7906
-8500
-8807
-8813
-8508
-7896
-6988
-5809
-4392
-2782
-1031
799
2641
4426
6080
7536
8727
9597
10101
10204
9892
9163
8037
6548
4751
2714
519
-1740
-3969
-6066
-7936
-9490
-10651
-11358
-11569
-11266
-10453
-9156
-7429
-5342
-2987
-468
2097
4594
6902
8913
10527
11666
12270
12306
11767
10675
9077
7045
4673
2072
-635
-3321
-5858
-8124
-10010
-11427
-12305
0
0
0
0
0
0
0
0
0
0
0
0
0
0
0
0
0
0
0
0
0
0
0
0
0
0
0
0
0
0
0
0
0
0
0
0
0
0
0
0
0
0
0
0
0
0
0
0
0
0
0
0
0
0
0
0
0
0
0
0
0
0
0
0
0
0
0
12602
12288
11360
9869
7891
5530
2908
160
-2571
-5148
-7439
-9333
-10735
-11583
-11840
-11503
-10600
-9187
-7348
-5186
-2819
-375
2018
4238
6175
7737
8855
9484
9609
9241
8419
7206
5681
3941
2089
232
-1528
-3101
-4407
-5388
-6008
-6251
-6126
-5666
-4919
-3950
-2835
-1656
-494
573
1481
2176
2623
2804
2723
2402
1879
1207
450
-323
-1044
-1646
-2073
-2282
-2245
-1953
-1416
-664
257
1288
2356
3384
4293
5009
5465
5611
5414
4860
3958
2741
1260
-411
-2188
-3972
-5660
-7152
-8352
-9180
-9571
-9483
-8900
-7833
-6318
-4419
-2222
167
2634
5050
7291
9238
10783
11838
12341
12255
11573
10320
8551
6346
3811
1069
-1747
-4499
-7049
-9272
-11057
-12317
-12990
-13044
-12480
-11328
-9649
-7531
-5081
-2423
307
2977
5456
7624
9380
10646
11371
11531
11132
10210
8826
7062
5021
2814
561
-1620
-3622
-5347
-6715
-7670
-8178
-8232
-7851
-7075
-5966
-4603
-3075
-1478
90
1541
2793
3779
4451
4782
4767
4421
3780
2898
1843
691
-474
-1573
-2528
-3273
-3756
-3940
-3810
-3368
-2640
-1666
-506
770
2083
3350
4489
5422
6085
6425
6408
6019
5265
4172
2785
1170
-596
-2428
-4231
-5910
-7377
-8550
-9362
-9761
-9715
-9214
-8271
-6917
-5206
-3211
-1016
1282
3583
5782
7779
9484
10817
11714
12133
12049
11460
10388
8873
6975
4771
2350
-188
-2741
-5206
-7481
-9474
-11105
-12308
-13035
-13255
-12961
-12163
-10892
-9198
-7145
-4814
-2293
319
2926
5426
7725
9736
11382
12602
13349
13595
13331
12565
11325
9659
7627
5306
2783
151
-2488
-5038
-7399
-9483
-11209
-12509
-13334
-13651
-13445
-12723
-11512
-9857
-7823
-5487
-2942
-286
2374
4934
7291
9351
11032
12265
13002
13213
12891
12052
10731
8984
6888
4531
2014
-557
-3072
-5427
-7521
-9268
-10597
-11456
-11813
-11660
-11011
-9902
-8389
-6547
-4463
-2235
34
2242
4288
6085
7554
8637
9293
9502
9266
8609
7574
6221
4623
2866
1040
-764
-2459
-3964
-5210
-6144
-6728
-6945
-6796
-6301
-5497
-4436
-3183
-1810
-394
987
2262
3364
4239
4845
5157
5166
4879
4318
3523
2542
1433
261
-908
-2010
-2986
-3782
-4360
-4689
-4755
-4560
-4115
-3449
-2599
-1614
-545
549
1613
2592
3438
4109
4575
4817
4827
4608
4177
3558
2786
1900
946
-29
-983
-1872
-2658
-3312
-3809
-4137
-4287
-4265
-4080
-3748
-3294
-2741
-2120
-1459
-785
-123
502
1076
1583
2015
2368
2640
2834
2954
3007
2999
2937
2826
2670
2472
2232
1951
1627
1260
848
392
-103
-635
-1193
-1765
-2337
-2888
-3398
-3845
-4204
-4454
-4573
-4546
-4358
-4004
-3484
-2806
-1985
-1044
-12
1074
2175
3247
4246
5128
5852
6383
6692
6759
6572
6130
5445
4536
3433
2177
813
-607
-2029
-3398
-4659
-5763
-6664
-7328
-7727
-7845
-7676
-7227
-6514
-5564
-4413
-3103
-1685
-210
1268
2696
4024
5206
6201
6976
7508
7782
7791
7538
7036
6304
5369
4266
3031
1706
335
-1037
-2368
-3617
-4745
-5718
-6506
-7086
-7442
-7561
-7442
-7086
-6506
-5718
-4745
-3617
-2368
-1037
335
1706
3031
4266
5369
6304
7036
7538
7791
7782
7508
6976
6201
5206
4024
2696
1268
-210
-1685
-3103
-4413
-5564
-6514
-7227
-7676
-7845
-7727
-7328
-6664
-5763
-4659
-3398
-2029
-607
813
2177
3433
4536
5445
6130
6572
6759
6692
6383
5852
5128
4246
3247
2175
1074
-12
-1044
-1985
-2806
-3484
-4004
-4358
-4546
-4573
-4454
-4204
-3845
-3398
-2888
-2337
-1765
-1193
-635
-103
392
848
1260
1627
1951
2232
2472
2670
2826
2937
2999
3007
2954
2834
2640
2368
2015
1583
1076
502
-123
-785
-1459
-2120
-2741
-3294
-3748
-4080
-4265
-4287
-4137
-3809
-3312
-2658
-1872
-983
-29
946
1900
2786
3558
4177
4608
4827
4817
4575
4109
3438
2592
1613
549
-545
-1614
-2599
-3449
-4115
-4560
-4755
-4689
-4360
-3782
-2986
-2010
-908
261
1433
2542
3523
4318
4879
5166
5157
4845
4239
3364
2262
987
-394
-1810
-3183
-4436
-5497
-6301
-6796
-6945
-6728
-6144
-5210
-3964
-2459
-764
1040
2866
4623
6221
7574
8609
9266
9502
9293
8637
7554
6085
4288
2242
34
-2235
-4463
-6547
-8389
-9902
-11011
-11660
-11813
-11456
-10597
-9268
-7521
-5427
-3072
-557
2014
4531
6888
8984
10731
12052
12891
13213
13002
12265
11032
9351
7291
4934
2374
-286
-2942
-5487
-7823
-9857
-11512
-12723
-13445
-13651
-13334
-12509
-11209
-9483
-7399
-5038
-2488
151
2783
5306
7627
9659
11325
12565
13331
13595
13349
12602
11382
9736
7725
5426
2926
319
-2293
-4814
-7145
-9198
-10892
-12163
-12961
-13255
-13035
-12308
-11105
-9474
-7481
-5206
-2741
-188
2350
4771
6975
8873
10388
11460
12049
12133
11714
10817
9484
7779
5782
3583
1282
-1016
-3211
-5206
-6917
-8271
-9214
-9715
-9761
-9362
-8550
-7377
-5910
-4231
-2428
-596
1170
2785
4172
5265
6019
6408
6425
6085
5422
4489
3350
2083
770
-506
-1666
-2640
-3368
-3810
-3940
-3756
-3273
-2528
-1573
-474
691
1843
2898
3780
4421
4767
4782
4451
3779
2793
1541
90
-1478
-3075
-4603
-5966
-7075
-7851
-8232
-8178
-7670
-6715
-5347
-3622
-1620
561
2814
5021
7062
8826
10210
11132
11531
11371
10646
9380
7624
5456
2977
307
-2423
-5081
-7531
-9649
-11328
-12480
-13044
-12990
-12317
-11057
-9272
-7049
-4499
-1747
1069
3811
6346
8551
10320
11573
12255
12341
11838
10783
9238
7291
5050
2634
167
-2222
-4419
-6318
-7833
-8900
-9483
-9571
-9180
-8352
-7152
-5660
-3972
-2188
-411
1260
2741
3958
4860
5414
5611
5465
5009
4293
3384
2356
1288
257
-664
-1416
-1953
-2245
-2282
-2073
-1646
-1044
-323
450
1207
1879
2402
2723
2804
2623
2176
1481
573
-494
-1656
-2835
-3950
-4919
-5666
-6126
-6251
-6008
-5388
-4407
-3101
-1528
232
2089
3941
5681
7206
8419
9241
9609
9484
8855
7737
6175
4238
2018
-375
-2819
-5186
-7348
-9187
-10600
-11503
-11840
-11583
-10735
-9333
-7439
-5148
-2571
160
2908
5530
7891
9869
11360
12288
0
0
0
0
0
0
0
0
0
0
0
0
0
0
0
0
0
0
0
0
0
0
0
0
0
0
0
0
0
0
0
0
0
0
0
0
0
0
0
0
0
0
0
0
0
0
0
0
0
0
0
0
0
0
0
0
0
0
0
0
0
0
0
0
0
0
0
-12602
-12329
-11520
-10216
-8474
-6378
-4022
-1515
1027
3493
5771
7762
9382
10565
11265
11463
11161
10385
9183
7621
5781
3756
1643
-458
-2453
-4254
-5788
-6995
-7836
-8289
-8354
-8047
-7405
-6478
-5326
-4019
-2631
-1234
101
1314
2354
3182
3773
4118
4222
4102
3789
3320
2741
2101
1448
827
279
-165
-482
-660
-700
-609
-408
-125
207
553
875
1136
1305
1358
1278
1057
699
216
-368
-1024
-1715
-2399
-3033
-3574
-3985
-4231
-4287
-4139
-3780
-3218
-2471
-1566
-541
558
1683
2779
3793
4676
5382
5874
6125
6117
5846
5320
4559
3594
2466
1222
-81
-1389
-2644
-3791
-4780
-5569
-6125
-6424
-6456
-6220
-5731
-5011
-4094
-3022
-1842
-607
629
1816
2903
3846
4608
5161
5486
5574
5429
5063
4496
3760
2891
1931
923
-85
-1051
-1933
-2695
-3306
-3744
-3995
-4053
-3924
-3618
-3157
-2567
-1881
-1136
-371
375
1067
1670
2153
2496
2682
2704
2564
2271
1844
1307
691
33
-630
-1260
-1818
-2270
-2586
-2744
-2729
-2534
-2166
-1636
-968
-193
648
1514
2356
3127
3781
4274
4571
4644
4478
4065
3415
2547
1492
295
-991
-2309
-3594
-4781
-5806
-6612
-7148
-7377
-7274
-6828
-6047
-4954
-3587
-2001
-262
1553
3365
5087
6638
7941
8928
9546
9756
9540
8898
7850
6435
4712
2754
647
-1516
-3638
-5623
-7380
-8826
-9896
-10540
-10727
-10449
-9720
-8572
-7061
-5256
-3241
-1110
1039
3111
5013
6660
7985
8933
9472
9587
9286
8596
7561
6242
4712
3049
1337
-340
-1907
-3296
-4451
-5332
-5914
-6191
-6172
-5883
-5361
-4657
-3826
-2927
-2018
-1154
-382
260
751
1076
1239
1254
1148
956
718
479
281
165
161
292
567
982
1521
2154
2839
3527
4162
4687
5045
5187
5072
4672
3977
2992
1741
267
-1371
-3101
-4839
-6495
-7977
-9196
-10072
-10539
-10548
-10072
-9107
-7673
-5818
-3610
-1139
1487
4152
6729
9096
11133
12736
13818
14313
14185
13426
12057
10129
7722
4938
1898
-1260
-4396
-7367
-10038
-12285
-14006
-15122
-15584
-15370
-14492
-12993
-10943
-8437
-5590
-2534
595
3657
6519
9057
11167
12764
13791
14215
14035
13273
11981
10230
8110
5725
3186
608
-1899
-4234
-6304
-8037
-9377
-10288
-10756
-10787
-10405
-9649
-8574
-7242
-5721
-4083
-2398
-732
857
2321
3618
4721
5609
6276
6720
6949
6976
6817
6492
6019
5418
4707
3902
3019
2072
1076
45
-1004
-2053
-3080
-4061
-4967
-5768
-6433
-6928
-7223
-7291
-7111
-6668
-5958
-4989
-3780
-2363
-783
903
2631
4328
5917
7321
8466
9288
9734
9764
9359
8519
7267
5645
3716
1562
-721
-3028
-5248
-7270
-8990
-10316
-11172
-11505
-11287
-10516
-9219
-7451
-5291
-2841
-221
2440
5010
7354
9351
10894
11899
12308
12093
11259
9843
7914
5567
2921
111
-2715
-5412
-7836
-9859
-11372
-12292
-12569
-12184
-11155
-9534
-7406
-4882
-2095
806
3669
6338
8671
10541
11849
12521
12522
11850
10541
8664
6319
3634
752
-2170
-4977
-7515
-9647
-11259
-12262
-12602
-12262
-11259
-9647
-7515
-4977
-2170
752
3634
6319
8664
10541
11850
12522
12521
11849
10541
8671
6338
3669
806
-2095
-4882
-7406
-9534
-11155
-12184
-12569
-12292
-11372
-9859
-7836
-5412
-2715
111
2921
5567
7914
9843
11259
12093
12308
11899
10894
9351
7354
5010
2440
-221
-2841
-5291
-7451
-9219
-10516
-11287
-11505
-11172
-10316
-8990
-7270
-5248
-3028
-721
1562
3716
5645
7267
8519
9359
9764
9734
9288
8466
7321
5917
4328
2631
903
-783
-2363
-3780
-4989
-5958
-6668
-7111
-7291
-7223
-6928
-6433
-5768
-4967
-4061
-3080
-2053
-1004
45
1076
2072
3019
3902
4707
5418
6019
6492
6817
6976
6949
6720
6276
5609
4721
3618
2321
857
-732
-2398
-4083
-5721
-7242
-8574
-9649
-10405
-10787
-10756
-10288
-9377
-8037
-6304
-4234
-1899
608
3186
5725
8110
10230
11981
13273
14035
14215
13791
12764
11167
9057
6519
3657
595
-2534
-5590
-8437
-10943
-12993
-14492
-15370
-15584
-15122
-14006
-12285
-10038
-7367
-4396
-1260
1898
4938
7722
10129
12057
13426
14185
14313
13818
12736
11133
9096
6729
4152
1487
-1139
-3610
-5818
-7673
-9107
-10072
-10548
-10539
-10072
-9196
-7977
-6495
-4839
-3101
-1371
267
1741
2992
3977
4672
5072
5187
5045
4687
4162
3527
2839
2154
1521
982
567
292
161
165
281
479
718
956
1148
1254
1239
1076
751
260
-382
-1154
-2018
-2927
-3826
-4657
-5361
-5883
-6172
-6191
-5914
-5332
-4451
-3296
-1907
-340
1337
3049
4712
6242
7561
8596
9286
9587
9472
8933
7985
6660
5013
3111
1039
-1110
-3241
-5256
-7061
-8572
-9720
-10449
-10727
-10540
-9896
-8826
-7380
-5623
-3638
-1516
647
2754
4712
6435
7850
8898
9540
9756
9546
8928
7941
6638
5087
3365
1553
-262
-2001
-3587
-4954
-6047
-6828
-7274
-7377
-7148
-6612
-5806
-4781
-3594
-2309
-991
295
1492
2547
3415
4065
4478
4644
4571
4274
3781
3127
2356
1514
648
-193
-968
-1636
-2166
-2534
-2729
-2744
-2586
-2270
-1818
-1260
-630
33
691
1307
1844
2271
2564
2704
2682
2496
2153
1670
1067
375
-371
-1136
-1881
-2567
-3157
-3618
-3924
-4053
-3995
-3744
-3306
-2695
-1933
-1051
-85
923
1931
2891
3760
4496
5063
5429
5574
5486
5161
4608
3846
2903
1816
629
-607
-1842
-3022
-4094
-5011
-5731
-6220
-6456
-6424
-6125
-5569
-4780
-3791
-2644
-1389
-81
1222
2466
3594
4559
5320
5846
6117
6125
5874
5382
4676
3793
2779
1683
558
-541
-1566
-2471
-3218
-3780
-4139
-4287
-4231
-3985
-3574
-3033
-2399
-1715
-1024
-368
216
699
1057
1278
1358
1305
1136
875
553
207
-125
-408
-609
-700
-660
-482
-165
279
827
1448
2101
2741
3320
3789
4102
4222
4118
3773
3182
2354
1314
101
-1234
-2631
-4019
-5326
-6478
-7405
-8047
-8354
-8289
-7836
-6995
-5788
-4254
-2453
-458
1643
3756
5781
7621
9183
10385
11161
11463
11265
10565
9382
7762
5771
3493
1027
-1515
-4022
-6378
-8474
-10216
-11520
-12329
0
0
0
0
0
0
0
0
0
0
0
0
0
0
0
0
0
0
0
0
0
0
0
0
0
0
0
0
0
0
0
0
0
0
0
0
0
0
0
0
0
0
0
0
0
0
0
0
0
0
0
0
0
0
0
0
0
0
0
0
0
0
0
0
0
0
0
