0
4278
8485
12550
16402
19973
23203
26035
28419
30314
31684
32507
32766
32456
31581
30156
28203
25758
22860
19561
15917
11991
7852
3573
-771
-5106
-9352
-13436
-17284
-20829
-24006
-26759
-29038
-30801
-32015
-32660
-32720
-32196
-31094
-29434
-27244
-24563
-21439
-17925
-14087
-9991
-5712
-1327
3083
7441
11667
15683
19415
22796
25762
28259
30239
31667
32514
32764
32412
31462
29931
27847
25247
22178
18696
14865
10755
6443
2009
-2465
-6896
-11201
-15299
-19113
-22570
-25606
-28162
-30190
-31650
-32514
-32764
-32394
-31411
-29832
-27686
-25012
-21861
-18292
-14372
-10175
-5781
-1274
3259
7733
12062
16161
19951
23359
26318
28771
30668
31973
32659
32711
32127
30919
29107
26727
23823
20452
16679
12577
8226
3711
-879
-5455
-9926
-14204
-18204
-21846
-25058
-27775
-29942
-31516
-32464
-32766
-32415
-31417
-29790
-27567
-24790
-21514
-17805
-13736
-9388
-4849
-209
4437
8997
13377
17489
21248
24578
27411
29687
31359
32393
32765
32468
31507
29899
27676
24884
21579
17828
13707
9301
4700
0
-4703
-9311
-13729
-17864
-21629
-24947
-27746
-29968
-31566
-32503
-32761
-32332
-31225
-29460
-27076
-24119
-20653
-16748
-12488
-7961
-3263
1506
6246
10856
15238
19298
22949
26112
28719
30713
32051
32702
32651
31900
30461
28366
25658
22395
18646
14492
10022
5332
524
-4298
-9029
-13567
-17811
-21669
-25055
-27896
-30127
-31699
-32577
-32739
-32182
-30916
-28967
-26379
-23206
-19519
-15397
-10932
-6222
-1372
3511
8320
12945
17284
21240
24723
27655
29968
31611
32545
32748
32214
30954
28995
26381
23169
19431
15252
10724
5950
1038
-3899
-8751
-13405
-17757
-21705
-25159
-28038
-30277
-31822
-32637
-32702
-32014
-30588
-28456
-25665
-22280
-18377
-14047
-9388
-4509
477
5455
10308
14924
19194
23018
26305
28979
30974
32243
32756
32498
31476
29711
27244
24133
20449
16280
11722
6884
1880
-3170
-8148
-12935
-17416
-21484
-25041
-28000
-30291
-31856
-32659
-32677
-31909
-30373
-28105
-25157
-21600
-17520
-13013
-8189
-3163
1941
7001
11893
16499
20705
24407
27516
29953
31659
32589
32721
32049
30590
28377
25463
21921
17836
13307
8448
3377
-1780
-6896
-11843
-16499
-20746
-24479
-27603
-30040
-31727
-32621
-32699
-31957
-30413
-28105
-25088
-21439
-17247
-12618
-7668
-2522
2689
7836
12787
17416
21605
25247
28248
30530
32035
32723
32574
31592
29801
27244
23987
20112
15718
10917
5832
595
-4660
-9798
-14685
-19194
-23208
-26622
-29345
-31307
-32455
-32757
-32206
-30813
-28614
-25665
-22043
-17841
-13169
-8148
-2911
2405
7661
12717
17440
21705
25397
28419
30689
32146
32750
32483
31352
29385
26633
23169
19084
14487
9500
4255
-1105
-6439
-11603
-16457
-20870
-24723
-27911
-30346
-31961
-32712
-32578
-31559
-29684
-27001
-23582
-19519
-14922
-9916
-4636
771
6162
11386
16301
20770
24671
27896
30354
31977
32719
32558
31498
29565
26813
23317
19172
14492
9407
4058
-1405
-6833
-12073
-16978
-21411
-25247
-28377
-30713
-32188
-32760
-32410
-31148
-29007
-26047
-22351
-18021
-13179
-7961
-2516
3003
8440
13640
18454
22745
26389
29282
31340
32503
32737
32033
30409
27913
24613
20604
16000
10932
5547
0
-5550
-10942
-16021
-20637
-24657
-27963
-30458
-32068
-32745
-32468
-31244
-29107
-26118
-22364
-17952
-13013
-7689
-2137
3479
8997
14252
19090
23367
26955
29748
31662
32640
32650
31691
29790
27003
23411
19119
14256
8965
3403
-2262
-7862
-13230
-18204
-22633
-26385
-29345
-31423
-32556
-32707
-31871
-30072
-27362
-23823
-19561
-14703
-9397
-3803
1908
7565
12994
18030
22517
26318
29316
31419
32559
32702
31841
30001
27238
23635
19302
14372
8996
3339
-2422
-8112
-13553
-18577
-23026
-26761
-29667
-31650
-32648
-32629
-31591
-29565
-26615
-22829
-18327
-13249
-7752
-2009
3799
9491
14886
19815
24120
27666
30338
32052
32751
32412
31044
28690
25423
21345
16586
11295
5642
-193
-6025
-11667
-16938
-21669
-25706
-28920
-31206
-32489
-32726
-31909
-30063
-27244
-23544
-19081
-13998
-8460
-2644
3259
9060
14569
19606
24006
27626
30346
32075
32756
32366
30916
28451
25051
20827
15917
10480
4696
-1244
-7147
-12817
-18065
-22719
-26622
-29644
-31684
-32674
-32578
-31398
-29173
-25975
-21909
-17110
-11737
-5969
0
5972
11747
17130
21941
26016
29217
31436
32596
32657
31615
29504
26395
22390
17625
12260
6476
470
-5554
-11392
-16845
-21726
-25867
-29127
-31393
-32585
-32662
-31619
-29491
-26349
-22301
-17483
-12062
-6222
-166
5898
11762
17222
22088
26191
29387
31566
32648
32597
31411
29131
25835
21636
16679
11138
5205
-912
-7001
-12847
-18244
-23003
-26955
-29960
-31912
-32739
-32412
-30940
-28374
-24803
-20353
-15179
-9465
-3413
2763
8843
14612
19863
24407
28083
30758
32334
32755
32003
30103
27124
23169
18381
12929
7010
836
-5370
-11386
-16993
-21989
-26191
-29446
-31636
-32680
-32538
-31214
-28754
-25247
-20819
-15630
-9868
-3744
2518
8692
14551
19879
24480
28184
30855
32393
32739
31880
29845
26709
22585
17625
12011
5950
-333
-6607
-12639
-18204
-23094
-27128
-30152
-32055
-32763
-32248
-30528
-27666
-23767
-18976
-13473
-7461
-1167
5173
11322
17047
22132
26385
29644
31785
32724
32427
30901
28203
24435
19738
14288
8294
1981
-4409
-10635
-16457
-21654
-26025
-29402
-31656
-32697
-32485
-31027
-28377
-24634
-19943
-14481
-8460
-2109
4324
10594
16457
21686
26077
29459
31699
32710
32451
30929
28203
24378
19601
14056
7961
1552
-4919
-11201
-17047
-22227
-26537
-29806
-31906
-32751
-32307
-30590
-27666
-23648
-18696
-13002
-6791
-309
6187
12441
18204
23246
27366
30398
32222
32762
31995
29951
26709
22398
17189
11289
4935
-1619
-8112
-14281
-19879
-24678
-28486
-31147
-32552
-32643
-31416
-28917
-25247
-20553
-15023
-8882
-2378
4225
10659
16662
21989
26421
29777
31918
32756
32254
30432
27362
23169
18024
12137
5748
-879
-7473
-13762
-19485
-24407
-28323
-31070
-32533
-32650
-31414
-28875
-25136
-20353
-14721
-8475
-1874
4807
11292
17307
22602
26955
30182
32146
32765
32010
29911
26556
22083
16679
10571
4016
-2711
-9326
-15551
-21121
-25799
-29387
-31732
-32732
-32344
-30582
-27520
-23286
-18060
-12062
-5547
1206
7911
14280
20041
24947
28786
31393
32653
32513
30975
28105
24024
18906
12972
6476
-301
-7069
-13534
-19415
-24458
-28443
-31196
-32596
-32580
-31148
-28360
-24336
-19250
-13322
-6811
0
6813
13332
19269
24364
28393
31178
32594
32578
31129
28309
24241
19103
13120
6555
-301
-7147
-13680
-19609
-24671
-28641
-31340
-32648
-32505
-30916
-27948
-23735
-18460
-12360
-5706
1206
8067
14569
20421
25359
29162
31656
32728
32328
30473
27244
22786
17298
11027
4255
-2711
-9557
-15974
-21669
-26383
-29901
-32062
-32766
-31979
-29736
-26137
-21345
-15577
-9095
-2195
4807
11593
17850
23291
27666
30771
32464
32665
31362
28614
24546
19345
13249
6538
-477
-7473
-14125
-20126
-25196
-29098
-31650
-32732
-32292
-30349
-26991
-22374
-16712
-10266
-3339
3746
10659
17076
22694
27251
30530
32377
32702
31489
28793
24740
19519
13375
6597
-494
-7565
-14281
-20323
-25404
-29282
-31772
-32753
-32178
-30072
-26533
-21729
-15887
-9285
-2238
4919
11843
18204
23695
28052
31066
32589
32548
30942
27847
23411
17845
11416
4435
-2763
-9830
-16425
-22227
-26955
-30378
-32330
-32713
-31507
-28769
-24631
-19293
-13013
-6096
1120
8285
15047
21076
26077
29802
32068
32763
31850
29372
25451
20276
14101
7230
0
-7232
-14111
-20295
-25478
-29402
-31872
-32764
-32033
-29711
-25913
-20827
-14703
-7845
-595
6688
13640
19914
25196
29220
31785
32759
32093
29819
26047
20967
14832
7950
664
-6656
-13645
-19948
-25247
-29273
-31822
-32763
-32046
-29706
-25861
-20703
-14492
-7543
-209
7138
14125
20396
25629
29557
31977
32766
31880
29363
25342
20022
13674
6622
-771
-8129
-15071
-21240
-26318
-30042
-32219
-32734
-31559
-28754
-24461
-18901
-12360
-5177
2276
9615
16457
22447
27271
30678
32489
32608
31026
27825
23169
17302
10527
3199
-4298
-11573
-18244
-23960
-28419
-31387
-32705
-32302
-30198
-26501
-21406
-15179
-8148
-684
6817
13962
20369
25700
29668
32064
32757
31710
28975
24698
19103
12488
5205
-2358
-9798
-16717
-22745
-27557
-30894
-32577
-32513
-30703
-27244
-22319
-16192
-9191
-1693
5898
13175
19743
25247
29388
31941
32765
31816
29141
24884
19276
12618
5272
-2362
-9871
-16845
-22903
-27714
-31014
-32621
-32445
-30495
-26875
-21781
-15492
-8351
-749
6896
14165
20658
26016
29942
32220
32721
31417
28377
23767
17841
10926
3403
-4310
-11787
-18613
-24407
-28847
-31684
-32759
-32010
-29476
-25298
-19707
-13013
-5590
2148
9769
16845
22980
27828
31116
32659
32366
30254
26438
21133
14635
7310
-430
-8148
-15409
-21801
-26962
-30598
-32502
-32563
-30778
-27244
-22162
-15818
-8572
-836
6950
14343
20920
26305
30190
32350
32661
31103
27762
22829
16586
9388
1649
-6187
-13670
-20369
-25898
-29936
-32249
-32702
-31267
-28024
-23161
-16955
-9766
-2009
5867
13405
20168
25762
29860
32222
32709
31291
28049
23169
16936
9711
1916
-5992
-13553
-20323
-25904
-29968
-32275
-32687
-31179
-27837
-22855
-16527
-9222
-1372
6562
14111
20829
26318
30252
32397
32623
30916
27374
22206
15718
8294
373
-7571
-15067
-21669
-26980
-30683
-32556
-32483
-30469
-26631
-21197
-14492
-6916
1077
9009
16402
22811
27851
31216
32702
32218
29790
25564
19793
12824
5078
-2978
-10856
-18080
-24210
-28873
-31785
-32766
-31757
-28816
-24119
-17952
-10689
-2772
5316
13083
20053
25799
29968
32304
32662
31017
27469
22233
15630
8064
0
-8067
-15639
-22251
-27492
-31038
-32669
-32282
-29899
-25665
-19840
-12785
-4935
3223
11185
18454
24578
29176
31960
32754
31507
28295
23317
16881
9388
1306
-6859
-14599
-21426
-26913
-30713
-32587
-32415
-30206
-26096
-20343
-13307
-5431
2789
10837
18204
24423
29100
31937
32755
31498
28244
23199
16679
9099
938
-7285
-15047
-21854
-27271
-30951
-32659
-32282
-29844
-25497
-19519
-12290
-4271
4023
12062
19330
25359
29762
32252
32670
30984
27303
21861
15008
7184
-1105
-9326
-16947
-23474
-28484
-31650
-32766
-31757
-28687
-23753
-17274
-9670
-1435
6896
14781
21705
27215
30951
32666
32248
29720
25247
19119
11737
3583
-4807
-12886
-20121
-26035
-30239
-32455
-32534
-30469
-26395
-20578
-13400
-5336
3083
11302
18775
25007
29584
32200
32681
30992
27244
21684
14679
6695
-1736
-10055
-17706
-24178
-29038
-31959
-32744
-31340
-27837
-22468
-15592
-7668
771
9163
16942
23583
28641
31772
32764
31548
28203
22955
16155
8261
-193
-8637
-16499
-23246
-28419
-31667
-32766
-31641
-28366
-23161
-16378
-8479
0
8482
16388
23178
28387
31659
32766
31633
28334
23092
16267
8323
-193
-8699
-16610
-23382
-28547
-31748
-32764
-31521
-28105
-22748
-15818
-7793
771
9287
17161
23850
28887
31923
32744
31292
27666
22114
15023
6884
-1736
-10238
-18030
-24565
-29387
-32158
-32681
-30919
-26991
-21173
-13868
-5590
3083
11543
19194
25499
30012
32414
32534
30361
26047
19895
12336
3903
-4807
-13181
-20625
-26610
-30711
-32637
-32248
-29569
-24790
-18247
-10405
-1820
6896
15124
22277
27843
31423
32760
31757
28483
23169
16196
8060
-655
-9326
-17331
-24094
-29127
-32068
-32703
-30984
-27033
-21133
-13707
-5289
3511
12062
19743
25999
30374
32552
32371
29844
25150
18630
10754
2094
-6719
-15047
-22282
-27896
-31478
-32765
-31661
-28244
-22763
-15616
-7324
1506
10228
18204
24847
29668
32313
32585
30461
26096
19809
12062
3423
-5469
-13962
-21426
-27310
-31178
-32740
-31881
-28661
-23317
-16242
-7961
912
9721
17811
24578
29519
32265
32608
30520
26157
19840
12041
3339
-5613
-14150
-21629
-27492
-31296
-32755
-31758
-28377
-22863
-15630
-7219
1736
10564
18599
25234
29968
32443
32468
30041
25342
18725
10689
1842
-7147
-15598
-22868
-28404
-31785
-32751
-31227
-27327
-21345
-13736
-5078
3969
12717
20496
26712
30887
32702
32014
28875
23522
16364
7950
-1077
-10024
-18204
-24986
-29848
-32414
-32483
-30050
-25298
-18593
-10451
-1499
7571
16058
23305
28750
31969
32711
30916
26720
20449
12587
3744
-5391
-14111
-21734
-27666
-31442
-32766
-31533
-27837
-21964
-14372
-5653
3510
12401
20323
26654
30894
32710
31957
28692
23169
15822
7226
-1941
-10958
-19113
-25762
-30378
-32596
-32237
-29328
-24096
-16955
-8469
691
9799
18132
25028
29936
32465
32412
29778
24772
17791
9388
234
-8940
-17404
-24479
-29598
-32350
-32513
-30072
-25219
-18342
-9991
-836
8388
16942
24135
29387
32275
32563
30226
25451
18620
10283
1113
-8148
-16754
-24006
-29316
-32252
-32574
-30254
-25477
-18630
-10266
-1066
8222
16845
24098
29390
32286
32549
30156
25298
18372
9941
695
-8610
-17213
-24407
-29603
-32371
-32482
-29925
-24908
-17841
-9305
0
9307
17850
24924
29942
32491
32356
29546
24293
17028
8351
-1019
-10308
-18745
-25629
-30386
-32621
-32145
-28995
-23432
-15917
-7073
2362
11603
19879
26497
30903
32728
31816
28241
22301
14491
5464
-4023
-13175
-21224
-27492
-31451
-32766
-31324
-27244
-20868
-12732
-3519
5992
15001
22745
28568
31977
32682
30619
25962
19103
10622
1238
-8253
-17047
-24394
-29668
-32420
-32412
-29643
-24347
-16973
-8148
1373
10781
19269
26112
30723
32705
31886
28334
22351
14449
5304
-4298
-13534
-21608
-27826
-31650
-32749
-31026
-26627
-19930
-11510
-2094
7504
16457
23989
29446
32355
32460
29752
24461
17046
8148
-1459
-10942
-19477
-26318
-30870
-32732
-31742
-27983
-21780
-13674
-4371
5316
14541
22496
28484
31977
32669
30495
25645
18541
9807
209
-9410
-18204
-25397
-30356
-32640
-32046
-28625
-22675
-14721
-5464
4278
13645
21806
28038
31787
32719
30748
26047
19032
10324
695
-8997
-17892
-25196
-30256
-32621
-32077
-28669
-22701
-14703
-5389
4409
13816
21989
28193
31872
32694
30582
25725
18555
9715
0
-9718
-18563
-25739
-30598
-32699
-31850
-28126
-21861
-13619
-4144
5708
15047
23026
28920
32194
32549
29951
24631
17073
7961
-1876
-11547
-20168
-26955
-31287
-32766
-31257
-26894
-20073
-11416
-1713
8148
17267
24807
30076
32589
32113
28690
22632
14492
5018
-4919
-14407
-22570
-28657
-32104
-32591
-30072
-24775
-17189
-8012
1907
11653
20323
27113
31393
32763
31094
26539
19519
10683
852
-9060
-18132
-25519
-30530
-32697
-31816
-27965
-21503
-13031
-3339
6667
16052
23938
29584
32459
32292
29097
23169
15065
5543
-4501
-14125
-22423
-28612
-32108
-32578
-29977
-24546
-16798
-7461
2582
12385
21019
27666
31694
32721
30647
25665
18247
9095
-923
-10856
-19760
-26786
-31264
-32766
-31146
-26556
-19431
-10451
-470
9557
18675
26008
30855
32749
31507
27244
20368
11537
1595
-8501
-17784
-25359
-30497
-32702
-31758
-27754
-21074
-12360
-2451
7696
17103
24860
30215
32648
31922
28105
21563
12929
3039
-7147
-16643
-24525
-30025
-32607
-32016
-28309
-21844
-13249
-3359
6859
16412
24364
29939
32588
32050
28377
21924
13322
3413
-6833
-16412
-24382
-29960
-32596
-32028
-28309
-21804
-13150
-3199
7069
16643
24578
30089
32630
31946
28105
21482
12732
2719
-7565
-17103
-24947
-30318
-32680
-31797
-27754
-20951
-12062
-1970
8320
17784
25478
30633
32732
31565
27244
20200
11134
952
-9326
-18675
-26154
-31014
-32765
-31228
-26556
-19215
-9941
333
10578
19760
26955
31436
32749
30759
25665
17979
8475
-1887
-12062
-21019
-27851
-31864
-32650
-30126
-24546
-16475
-6728
3703
13762
22423
28806
32258
32427
29291
23169
14683
4696
-5772
-15653
-23938
-29777
-32571
-32033
-28214
-21503
-12587
-2378
8077
17706
25519
30711
32748
31416
26850
19519
10175
-219
-10594
-19879
-27113
-31549
-32726
-30520
-25157
-17189
-7439
3083
13289
22119
28657
32222
32441
29289
23092
14492
4381
-6187
-16114
-24364
-30076
-32652
-31820
-27666
-20619
-11416
-1017
9491
19008
26537
31287
32757
30792
25595
17709
7961
-2625
-12939
-21894
-28547
-32194
-32451
-29286
-23032
-14346
-4144
6498
16457
24678
30291
32699
31644
27238
19943
10531
0
-10533
-19951
-27251
-31656
-32694
-30254
-24592
-16309
-6286
4409
14637
23305
29487
32519
32077
28203
21312
12137
1660
-8997
-18692
-26385
-31248
-32757
-30748
-25434
-17383
-7461
3266
13645
22556
29038
32390
32248
28625
21909
12824
2351
-8378
-18204
-26061
-31098
-32765
-30880
-25645
-17625
-7689
3083
13524
22496
29023
32393
32235
28565
21780
12618
2077
-8692
-18516
-26318
-31245
-32755
-30681
-25247
-17046
-6975
3863
14280
23132
29446
32527
32033
28015
20915
11510
836
-9932
-19609
-27125
-31650
-32682
-30103
-24198
-15616
-5304
5596
15880
24407
30232
32705
31550
26894
19250
9465
-1373
-12062
-21411
-28379
-32188
-32412
-29022
-22395
-13267
-2656
8253
18244
26197
31222
32754
30619
25054
16679
6433
-4537
-15001
-23783
-29895
-32648
-31731
-27244
-19690
-9916
976
11762
21224
28293
32170
32415
28997
22301
13080
2378
-8595
-18599
-26497
-31393
-32729
-30352
-24528
-15917
-5494
5554
15974
24578
30386
32734
31352
26395
18425
8351
-2679
-13405
-22602
-29217
-32491
-32046
-27932
-20616
-10936
0
10939
20625
27944
32055
32482
29173
22507
13249
2462
-8610
-18692
-26622
-31481
-32707
-30156
-24119
-15293
-4696
6446
16845
25296
30817
32766
30916
25477
17079
6695
-4468
-15115
-24006
-30106
-32702
-31489
-26606
-18620
-8460
2689
13528
22788
29387
32552
31909
27532
19930
9991
-1120
-12103
-21669
-28693
-32350
-32208
-28280
-21025
-11295
-234
10856
20671
28052
32127
32412
28871
21921
12379
1372
-9799
-19815
-27487
-31906
-32545
-29328
-22632
-13249
-2291
8940
19113
27016
31708
32629
29666
23169
13911
2992
-8285
-18577
-26654
-31549
-32677
-29899
-23544
-14372
-3477
7836
18214
26411
31442
32702
30037
23764
14635
3744
-7598
-18030
-26293
-31393
-32711
-30086
-23833
-14703
-3796
7571
18026
26305
31405
32707
30050
23753
14577
3632
-7754
-18204
-26446
-31479
-32688
-29925
-23522
-14256
-3253
8148
18560
26712
31608
32650
29706
23135
13736
2656
-8751
-19090
-27095
-31785
-32581
-29385
-22585
-13013
-1842
9557
19786
27585
31994
32468
28947
21861
12081
809
-10564
-20637
-28166
-32219
-32293
-28377
-20951
-10932
440
11762
21629
28819
32437
32033
27653
19840
9561
-1907
-13142
-22745
-29519
-32621
-31661
-26755
-18514
-7961
3586
14689
23960
30239
32740
31148
25658
16955
6128
-5469
-16384
-25247
-30944
-32759
-30461
-24336
-15151
-4058
7546
18204
26572
31595
32638
29565
22763
13087
1756
-9798
-20118
-27896
-32148
-32332
-28424
-20915
-10754
771
12203
22088
29171
32552
31797
27001
18769
8148
-3511
-14727
-24069
-30346
-32754
-30984
-25260
-16309
-5272
6439
17331
26008
31359
32696
29845
23169
13521
2137
-9523
-19964
-27843
-32146
-32318
-28334
-20703
-10405
1234
12717
22564
29503
32637
31559
26407
17841
6968
-4807
-15965
-25058
-30909
-32757
-30361
-24028
-14577
-3233
8533
19194
27364
31977
32433
28669
21173
10917
-762
-12345
-22321
-29387
-32619
-31592
-26438
-17828
-6884
4961
16161
25247
31028
32744
30168
23635
13998
2522
-9287
-19879
-27860
-32179
-32265
-28105
-20242
-9711
2101
13640
23382
30040
32733
31103
25362
16267
5018
-6896
-17901
-26537
-31659
-32585
-29190
-21921
-11741
0
11743
21929
29201
32589
31641
26480
17791
6728
-5233
-16499
-25566
-31222
-32709
-29826
-22955
-13013
-1327
10537
20994
28641
32450
31909
27088
18630
7668
-4324
-15739
-25041
-30976
-32744
-30105
-23411
-13561
-1880
10055
20637
28436
32397
31982
27244
18822
7852
-4182
-15653
-25007
-30974
-32743
-30072
-23319
-13400
-1660
10308
20879
28612
32455
31881
26966
18377
7282
-4807
-16245
-25468
-31216
-32702
-29720
-22675
-12528
-664
11292
21705
29147
32596
31576
26225
17274
5950
-6193
-17489
-26383
-31650
-32564
-28995
-21433
-10917
1105
12978
23064
29968
32737
30984
24950
15465
3839
-8320
-19330
-27666
-32170
-32217
-27796
-19519
-8531
3643
15314
24860
30951
32739
29972
23032
12884
938
-11141
-21669
-29176
-32613
-31498
-25982
-16835
-5332
6918
18204
26944
31912
32410
28366
20343
9465
-2743
-14569
-24351
-30713
-32759
-30198
-23387
-13283
-1306
10856
21492
29100
32604
31507
25962
16748
5166
-7147
-18454
-27152
-32008
-32332
-28076
-19840
-8789
3510
15314
24947
31038
32720
29752
22551
12140
0
-12143
-22559
-29762
-32723
-31017
-24884
-15198
-3339
8998
20053
28242
32393
31908
26854
17952
6476
-5930
-17489
-26541
-31785
-32465
-28481
-20402
-9388
2978
14918
24714
30951
32730
29790
22554
12062
-172
-12385
-22811
-29942
-32746
-30813
-24421
-14492
-2462
9926
20879
28806
32556
31581
26021
16679
4912
-7571
-18956
-27585
-32200
-32127
-27374
-18630
-7167
5342
17076
26318
31719
32485
28504
20353
9222
-3259
-15267
-25041
-31147
-32687
-29434
-21861
-11077
1334
13553
23783
30517
32764
30189
23169
12736
423
-11953
-22570
-29860
-32743
-30792
-24293
-14202
-2009
10483
21426
29201
32652
31267
25247
15482
3419
-9153
-20369
-28563
-32514
-31633
-26047
-16586
-4654
7973
19415
27967
32350
31910
26709
17520
5712
-6950
-18577
-27428
-32179
-32116
-27244
-18292
-6597
6088
17864
26962
32015
32263
27666
18910
7310
-5391
-17284
-26579
-31872
-32366
-27983
-19380
-7852
4862
16845
26287
31760
32433
28203
19707
8226
-4501
-16550
-26094
-31684
-32472
-28334
-19895
-8434
4310
16402
26003
31651
32486
28377
19946
8475
-4288
-16402
-26016
-31662
-32478
-28334
-19861
-8351
4437
16550
26133
31717
32445
28203
19638
8060
-4756
-16845
-26351
-31812
-32386
-27983
-19276
-7602
5243
17284
26666
31941
32293
27666
18769
6975
-5898
-17864
-27071
-32095
-32157
-27244
-18113
-6176
6719
18577
27557
32265
31968
26709
17302
5205
-7702
-19415
-28111
-32434
-31710
-26047
-16326
-4058
8843
20369
28719
32588
31368
25247
15179
2736
-10137
-21426
-29364
-32705
-30922
-24293
-13853
-1238
11573
22570
30025
32764
30353
23169
12339
-434
-13142
-23783
-30678
-32739
-29638
-21861
-10632
2276
14829
25041
31296
32604
28754
20353
8727
-4282
-16616
-26318
-31849
-32328
-27676
-18630
-6622
6439
18480
27585
32302
31880
26381
16679
4318
-8734
-20396
-28806
-32620
-31227
-24845
-14492
-1820
11144
22329
29942
32763
30335
23047
12062
-859
-13645
-24243
-30951
-32688
-29173
-20967
-9388
3703
16202
26094
31785
32354
27709
18593
6476
-6688
-18775
-27832
-32393
-31718
-25913
-15915
-3339
9779
21317
29402
32723
30737
23764
12933
0
-12935
-23772
-30745
-32720
-29372
-21243
-9654
3510
16105
26077
31798
32332
27590
18342
6096
-7147
-19226
-28162
-32493
-31507
-25362
-15061
-2291
10856
22227
29953
32765
30198
22670
11416
-1716
-14569
-25028
-31370
-32548
-28366
-19509
-7435
5867
18204
27539
32330
31782
25982
15887
3163
-10086
-21669
-29667
-32753
-30413
-23032
-11831
1334
14281
24860
31312
32563
28403
19519
7387
-5976
-18347
-27666
-32377
-31693
-25725
-15465
-2622
10659
22164
29968
32766
30086
22374
10917
-2369
-15261
-25599
-31650
-32396
-27709
-18372
-5950
7473
19643
28516
32596
31195
24546
13765
664
-12550
-23653
-30771
-32702
-29116
-20616
-8634
4807
17440
27128
32230
31881
26137
15968
3092
-10308
-21966
-29901
-32766
-30072
-22272
-10689
2711
15653
25937
31812
32275
27244
17574
4908
-8595
-20637
-29162
-32712
-30681
-23411
-12140
1206
14349
25041
31451
32480
27948
18630
6117
-7445
-19735
-28641
-32634
-31026
-24089
-13013
301
13567
24501
31222
32570
28309
19172
6728
-6876
-19298
-28393
-32589
-31159
-24347
-13326
0
13328
24354
31166
32585
28360
19220
6748
-6896
-19347
-28443
-32604
-31103
-24198
-13087
301
13640
24608
31294
32533
28105
18778
6176
-7504
-19879
-28786
-32669
-30847
-23635
-12290
1206
14493
25247
31583
32389
27520
17828
5008
-8692
-20870
-29387
-32745
-30352
-22624
-10917
2711
15865
26229
31977
32094
26556
16335
3233
-10442
-22277
-30182
-32757
-29546
-21112
-8944
4807
17712
27483
32390
31559
25136
14256
845
-12717
-24026
-31070
-32598
-28334
-19032
-6345
7473
19964
28903
32697
30666
23169
11540
-2148
-15456
-26008
-31918
-32127
-26596
-16309
-3103
10659
22517
30346
32741
29270
20553
8148
-5719
-18563
-28078
-32552
-31179
-24202
-12874
771
14281
25223
31625
32332
27214
17189
4062
-9798
-21894
-30040
-32762
-29565
-21025
-8682
5233
18204
27882
32514
31257
24336
13002
-691
-14262
-25247
-31650
-32307
-27094
-16955
-3732
10171
22227
30239
32747
29289
20494
7961
-6025
-18915
-28356
-32621
-30929
-23586
-11931
1907
15400
26077
31982
32033
26215
15592
2109
-11762
-23479
-30889
-32629
-28377
-18910
-5966
8077
20637
29402
32756
30080
21861
9613
-4409
-17621
-27585
-32459
-31342
-24435
-13013
816
14497
25499
31785
32188
26631
16140
2656
-11322
-23203
-30782
-32650
-28456
-18976
-5969
8148
20755
29503
32763
29925
21514
9095
-5021
-18204
-27995
-32564
-31058
-23753
-12011
1977
15598
26305
32095
31880
25698
14703
952
-12978
-24480
-31393
-32418
-27360
-17165
-3744
10381
22559
30497
32702
28754
19394
6380
-7836
-20580
-29446
-32762
-29899
-21393
-8847
5370
18577
28275
32630
30814
23169
11138
-3003
-16579
-27016
-32334
-31523
-24733
-13249
751
14612
25700
31906
32048
26096
15179
1372
-12698
-24354
-31371
-32412
-27273
-16932
-3359
10856
23003
30758
32638
28280
18514
5205
-9101
-21669
-30089
-32747
-29131
-19930
-6905
7445
20371
29387
32762
29844
21189
8460
-5898
-19125
-28673
-32702
-30433
-22301
-9868
4468
17946
27963
32585
30916
23274
11134
-3159
-16845
-27275
-32428
-31305
-24119
-12260
1977
15833
26622
32247
31615
24845
13249
-923
-14918
-26016
-32055
-31858
-25461
-14105
0
14107
25468
31864
32046
25975
14832
792
-13405
-24986
-31684
-32188
-26395
-15435
-1452
12817
24578
31525
32292
26727
15917
1981
-12345
-24250
-31393
-32366
-26976
-16280
-2378
11993
24006
31293
32415
27148
16527
2644
-11762
-23850
-31230
-32442
-27244
-16660
-2779
11653
23783
31206
32451
27267
16679
2783
-11667
-23806
-31222
-32441
-27217
-16586
-2656
11803
23919
31277
32412
27094
16378
2398
-12062
-24120
-31370
-32361
-26894
-16056
-2009
12441
24407
31496
32285
26615
15616
1488
-12939
-24777
-31650
-32178
-26251
-15055
-836
13553
25223
31826
32033
25797
14372
52
-14280
-25739
-32015
-31841
-25247
-13561
863
15115
26318
32208
31592
24592
12618
-1908
-16052
-26950
-32393
-31276
-23823
-11540
3083
17085
27622
32556
30880
22932
10324
-4384
-18204
-28323
-32682
-30389
-21909
-8965
5807
19399
29038
32755
29790
20744
7461
-7347
-20658
-29748
-32757
-29067
-19428
-5811
8997
21966
30436
32669
28203
17952
4016
-10746
-23305
-31079
-32468
-27184
-16309
-2077
12583
24657
31656
32135
25992
14491
0
-14493
-25999
-32139
-31644
-24613
-12494
2208
16457
27304
32503
30975
23032
10317
-4537
-18454
-28547
-32719
-30103
-21238
-7961
6971
20458
29694
32757
29007
19220
5431
-9491
-22439
-30713
-32587
-27666
-16973
-2736
12073
24364
31568
32177
26060
14492
-108
-14689
-26197
-32222
-31498
-24174
-11781
3083
17304
27896
32634
30520
21996
8847
-6162
-19879
-29416
-32766
-29219
-19519
-5706
9311
22368
30711
32578
27570
16743
2378
-12491
-24723
-31732
-32033
-25558
-13674
1105
15653
26888
32428
31095
23169
10328
-4707
-18745
-28806
-32750
-29736
-20402
-6728
8378
21705
30414
32650
27932
17262
2911
-12062
-24465
-31651
-32083
-25665
-13765
1077
15692
26955
32455
31012
22932
9941
-5180
-19194
-29098
-32765
-29406
-19738
-5832
9326
22486
30817
32526
27244
16102
1495
-13436
-25478
-32035
-31693
-24521
-12062
2999
17416
28078
32680
30226
21243
7668
-7565
-21167
-30192
-32685
-28105
-17438
-2992
12103
24578
31727
31995
25321
13150
-1876
-16499
-27539
-32596
-30567
-21889
-8448
6833
20630
29936
32722
28377
17845
3419
-11753
-24364
-31659
-32040
-25423
-13249
1823
16499
27568
32607
30508
21729
8189
-7147
-20920
-30108
-32693
-28105
-17347
-2779
12401
24860
31856
31850
24838
12360
-2839
-17416
-28160
-32702
-30037
-20749
-6884
8501
22013
30668
32552
27244
15915
1066
-14020
-26008
-32243
-31342
-23500
-10451
4915
19194
29220
32766
29042
18871
4509
-10856
-23813
-31479
-32147
-25665
-13473
1720
16533
27666
32637
30335
21271
7461
-8015
-21705
-30552
-32578
-27327
-15968
-1038
14125
26133
32294
31228
23169
9920
-5554
-19786
-29584
-32748
-28565
-17970
-3339
12043
24723
31849
31816
24627
11897
-3511
-18132
-28673
-32755
-29458
-19519
-5177
10334
23516
31393
32182
25702
13414
-1907
-16800
-27896
-32682
-30072
-20653
-6555
9029
22570
30997
32395
26445
14492
-751
-15827
-27310
-32589
-30461
-21406
-7481
8148
21926
30713
32507
26894
15151
-48
-15238
-26955
-32522
-30664
-21804
-7961
7702
21608
30575
32549
27076
15403
202
-15047
-26852
-32503
-30703
-21861
-8002
7696
21629
30598
32538
27001
15255
0
-15257
-27007
-32541
-30582
-21579
-7602
8129
21989
30779
32468
26664
14703
-655
-15865
-27411
-32621
-30288
-20948
-6758
8997
22672
31098
32318
26047
13736
-1763
-16855
-28038
-32713
-29790
-19946
-5464
10289
23653
31516
32046
25116
12336
-3319
-18204
-28847
-32766
-29042
-18541
-3711
11987
24889
31977
31593
23823
10480
-5316
-19871
-29777
-32711
-27983
-16697
-1495
14059
26318
32404
30885
22114
8148
-7733
-21801
-30745
-32460
-26539
-14372
1180
16457
27860
32699
29832
19930
5325
-10537
-23916
-31650
-31910
-24631
-11530
4298
19113
29409
32747
28334
17210
2009
-13670
-26112
-32365
-30942
-22178
-8148
7817
21929
30833
32412
26285
13907
-1780
-17047
-28259
-32743
-29429
-19103
-4222
11667
24777
31977
31548
23586
9991
-5992
-20546
-30192
-32619
-27244
-15350
219
15739
27492
32660
30001
20149
5464
-10533
-24006
-31719
-31816
-24270
-10892
5106
19879
29873
32681
27625
15917
373
-15261
-27221
-32621
-30156
-20416
-5748
10308
23879
31684
31836
24293
10875
-5173
-19973
-29942
-32665
-27477
-15633
0
15636
27483
32666
29925
19920
5078
-10999
-24407
-31886
-31615
-23656
-9941
6193
20824
30386
32549
26782
14487
-1341
-16845
-28242
-32749
-29262
-18630
-3445
12583
25539
32252
31078
22301
8064
-8148
-22368
-31111
-32231
-25451
-12429
3643
18824
29387
32737
28047
16465
836
-15001
-27152
-32625
-30072
-20115
-5205
10989
24479
31937
31523
23335
9388
-6876
-21447
-30723
-32412
-26092
-13322
2743
18132
29038
32759
28371
16955
1338
-14612
-26944
-32596
-30164
-20247
-5304
10958
24501
31960
31477
23169
9099
-7236
-21774
-30894
-32323
-25702
-12676
3510
18824
29446
32724
27837
16000
166
-15711
-27666
-32707
-29572
-19041
-3744
12491
25602
32304
30916
21780
7184
-9215
-23305
-31551
-31880
-24205
-10451
5930
20824
30486
32483
26311
13518
-2679
-18204
-29147
-32749
-28098
-16364
-502
15488
27574
32702
29574
18976
3583
-12717
-25806
-32371
-30748
-21345
-6538
9926
23879
31785
31636
23467
9346
-7147
-21830
-30974
-32254
-25342
-11991
4409
19692
29968
32623
26976
14462
-1736
-17495
-28798
-32764
-28377
-16752
-852
15267
27492
32699
29554
18857
3339
-13034
-26077
-32450
-30520
-20777
-5712
10817
24578
32042
31291
22515
7961
-8637
-23021
-31496
-31881
-24075
-10079
6509
21426
30833
32307
25463
12062
-4448
-19815
-30076
-32585
-26689
-13907
2465
18204
29244
32732
27762
15616
-569
-16610
-28356
-32765
-28692
-17189
-1231
15047
27428
32699
29490
18630
2932
-13528
-26478
-32552
-30168
-19943
-4530
12062
25519
32337
30737
21133
6022
-10659
-24565
-32068
-31208
-22206
-7407
9326
23628
31760
31593
23169
8686
-8070
-22719
-31423
-31903
-24028
-9858
6896
21846
31070
32147
24790
10926
-5807
-21019
-30711
-32336
-25461
-11891
4807
20244
30356
32478
26047
12755
-3899
-19528
-30012
-32581
-26556
-13521
3083
18877
29687
32654
26991
14192
-2362
-18294
-29387
-32703
-27360
-14769
1736
17784
29119
32734
27666
15255
-1206
-17349
-28887
-32752
-27913
-15652
771
16993
28695
32761
28105
15962
-434
-16717
-28547
-32765
-28244
-16186
193
16523
28443
32766
28334
16326
-48
-16412
-28387
-32766
-28374
-16382
0
0
0
0
0
0
0
0
0
0
0
0
0
0
0
0
0
0
0
0
0
0
0
0
0
0
0
0
0
0
0
0
0
0
0
0
0
0
0
0
0
0
0
0
0
0
0
0
0
0
0
0
0
0
0
0
0
0
0
0
0
0
0
0
0
0
0
0
0
0
0
0
0
0
0
0
0
0
0
0
0
0
0
0
0
0
0
0
0
0
0
0
0
0
0
0
0
0
0
0
0
0
0
0
0
0
0
0
0
0
0
0
0
0
0
0
0
0
0
0
0
0
0
0
0
0
0
0
0
0
0
0
0
0
0
0
0
0
0
0
0
0
0
0
0
0
0
0
0
0
0
0
0
0
0
0
0
0
0
0
0
0
0
0
0
0
0
0
0
0
0
0
0
0
0
0
0
0
0
0
0
0
0
0
0
0
0
0
0
0
0
0
0
0
0
0
0
0
0
0
0
0
0
0
0
0
0
0
0
0
0
0
0
0
0
0
0
0
0
0
0
0
0
0
0
0
0
0
0
0
0
0
0
0
0
0
0
0
0
0
0
0
0
0
0
0
0
0
0
0
0
0
0
0
0
0
0
0
0
0
0
0
0
0
0
0
0
0
0
0
0
0
0
0
0
0
0
0
0
0
0
0
0
0
0
0
0
0
0
0
0
0
0
0
0
0
0
0
0
0
0
0
0
0
0
0
0
0
0
0
0
0
0
0
0
0
0
0
0
0
0
0
0
0
0
0
0
0
0
0
0
0
0
0
0
0
0
0
0
0
0
0
0
0
0
0
0
0
0
0
0
0
0
0
0
0
0
0
0
0
0
0
0
0
0
0
0
0
0
0
0
0
0
0
0
0
0
0
0
0
0
0
0
0
0
0
0
0
0
0
0
0
0
0
0
0
0
0
0
0
0
0
0
0
0
0
0
0
0
0
0
0
0
0
0
0
0
0
0
0
0
0
0
0
0
0
0
0
0
0
0
0
0
0
0
0
0
0
0
0
0
0
0
0
0
0
0
0
0
0
0
0
0
0
0
0
0
0
0
0
0
0
0
0
0
0
0
0
0
0
0
0
0
0
0
0
0
0
0
0
0
0
0
0
0
0
0
0
0
0
0
0
0
0
0
0
0
0
0
0
0
0
0
0
0
0
0
0
0
0
0
0
0
0
0
0
0
0
0
0
0
0
0
0
0
0
0
0
0
0
0
0
0
0
0
0
0
0
0
0
0
0
0
0
0
0
0
0
0
0
0
0
0
0
0
0
0
0
0
0
0
0
0
0
0
0
0
0
0
0
0
0
0
0
0
0
0
0
0
0
0
0
0
0
0
0
0
0
0
0
0
0
0
0
0
0
0
0
0
0
0
0
0
0
0
0
0
0
0
0
0
0
0
0
0
0
0
0
0
0
0
0
0
0
0
0
0
0
0
0
0
0
0
0
0
0
0
0
0
0
0
0
0
0
0
0
0
0
0
0
0
0
0
0
0
0
0
0
0
0
0
0
0
0
0
0
0
0
0
0
0
0
0
0
0
0
0
0
0
0
0
0
0
0
0
0
0
0
0
0
0
0
0
0
0
0
0
0
0
0
0
0
0
0
0
0
0
0
0
0
0
0
0
0
0
0
0
0
0
0
0
0
0
0
0
0
0
0
0
0
0
0
0
0
0
0
0
0
0
0
0
0
0
0
0
0
0
0
0
0
0
0
0
0
0
0
0
0
0
0
0
0
0
0
0
0
0
0
0
0
0
0
0
0
0
0
0
0
0
0
0
0
0
0
0
0
0
0
0
0
0
0
0
0
0
0
0
0
0
0
0
0
0
0
0
0
0
0
0
0
0
0
0
0
0
0
0
0
0
0
0
0
0
0
0
0
0
0
0
0
0
0
0
0
0
0
0
0
0
0
0
0
0
0
0
0
0
0
0
0
0
0
0
0
0
0
0
0
0
0
0
0
0
0
0
0
0
0
0
0
0
0
0
0
0
0
0
0
0
0
0
0
0
0
0
0
0
0
0
0
0
0
0
0
0
0
0
0
0
0
0
0
0
0
0
0
0
0
0
0
0
0
0
0
0
0
0
0
0
0
0
0
0
0
0
0
0
0
0
0
0
0
0
0
0
0
0
0
0
0
0
0
0
0
0
0
0
0
0
0
0
0
0
0
0
0
0
0
0
0
16383
15140
11603
6320
109
-6075
-11290
-14748
-15942
-14723
-11312
-6264
-377
5442
10316
13533
14655
13573
10519
6013
781
-4371
-8684
-11555
-12623
-11818
-9352
-5670
-1376
2873
6470
8941
10010
9625
7949
5315
2166
-1024
-3821
-5889
-7028
-7184
-6444
-4998
-3103
-1034
953
2654
3926
4698
4955
4731
4088
3104
1869
476
-972
-2365
-3580
-4493
-4983
-4956
-4359
-3204
-1575
366
2394
4241
5638
6355
6240
5252
3482
1144
-1448
-3924
-5911
-7096
-7276
-6397
-4571
-2055
776
3498
5695
7032
7310
6496
4732
2306
-391
-2935
-4936
-6102
-6287
-5510
-3946
-1892
288
2236
3649
4341
4264
3510
2288
874
-444
-1425
-1916
-1884
-1413
-684
73
631
816
551
-121
-1049
-1995
-2691
-2896
-2455
-1341
324
2284
4181
5625
6269
5877
4387
1937
-1142
-4374
-7207
-9111
-9676
-8692
-6202
-2509
1854
6210
9840
12104
12557
11031
7677
2955
-2432
-7645
-11840
-14312
-14613
-12631
-8622
-3175
2877
8589
13051
15541
15641
13311
8899
3088
-3215
-9020
-13414
-15711
-15559
-12996
-8445
-2641
3489
8978
12973
14871
14415
11726
7281
1825
-3750
-8559
-11862
-13183
-12378
-9651
-5512
-679
4040
7891
10285
10899
9717
7018
3322
-708
-4384
-7110
-8476
-8324
-6761
-4131
-948
2203
4774
6339
6671
5769
3855
1321
-1342
-3643
-5170
-5664
-5064
-3511
-1314
1104
3295
4853
5498
5118
3788
1753
-617
-2900
-4689
-5668
-5666
-4685
-2894
-601
1801
3911
5377
5961
5577
4299
2349
52
-2215
-4095
-5300
-5659
-5144
-3866
-2052
-5
1951
3524
4497
4758
4313
3280
1854
280
-1197
-2371
-3099
-3325
-3076
-2449
-1589
-655
204
879
1312
1498
1477
1320
1107
907
759
671
614
539
386
110
-307
-847
-1447
-2011
-2424
-2573
-2374
-1790
-848
358
1678
2922
3887
4394
4317
3610
2321
590
-1362
-3265
-4836
-5823
-6046
-5424
-3999
-1933
511
3003
5187
6738
7408
7066
5720
3524
758
-2203
-4951
-7088
-8296
-8377
-7290
-5157
-2256
1023
4227
6901
8658
9232
8521
6607
3741
316
-3188
-6278
-8509
-9557
-9263
-7660
-4971
-1574
2046
5372
7927
9345
9424
8159
5739
2522
-1018
-4367
-7039
-8654
-8992
-8022
-5912
-2991
291
3444
6003
7604
8035
7267
5451
2896
12
-2750
-4978
-6350
-6694
-6000
-4423
-2251
146
2380
4104
5068
5158
4408
2988
1171
-718
-2355
-3477
-3918
-3640
-2728
-1377
149
1568
2624
3136
3029
2338
1206
-146
-1465
-2503
-3070
-3059
-2471
-1410
-63
1329
2523
3305
3534
3165
2254
948
-539
-1966
-3101
-3762
-3845
-3339
-2326
-967
529
1936
3050
3714
3846
3444
2584
1402
71
-1223
-2314
-3075
-3429
-3357
-2896
-2124
-1147
-83
951
1856
2553
2986
3125
2961
2509
1799
884
-164
-1258
-2292
-3153
-3729
-3923
-3672
-2954
-1810
-340
1297
2903
4258
5152
5422
4978
3824
2068
-83
-2353
-4423
-5986
-6788
-6673
-5612
-3715
-1220
1534
4162
6277
7558
7797
6935
5072
2461
-533
-3483
-5964
-7613
-8191
-7613
-5964
-3483
-533
2461
5072
6935
7797
7558
6277
4162
1534
-1220
-3715
-5612
-6673
-6788
-5986
-4423
-2353
-83
2068
3824
4978
5422
5152
4258
2903
1297
-340
-1810
-2954
-3672
-3923
-3729
-3153
-2292
-1258
-164
884
1799
2509
2961
3125
2986
2553
1856
951
-83
-1147
-2124
-2896
-3357
-3429
-3075
-2314
-1223
71
1402
2584
3444
3846
3714
3050
1936
529
-967
-2326
-3339
-3845
-3762
-3101
-1966
-539
948
2254
3165
3534
3305
2523
1329
-63
-1410
-2471
-3059
-3070
-2503
-1465
-146
1206
2338
3029
3136
2624
1568
149
-1377
-2728
-3640
-3918
-3477
-2355
-718
1171
2988
4408
5158
5068
4104
2380
146
-2251
-4423
-6000
-6694
-6350
-4978
-2750
12
2896
5451
7267
8035
7604
6003
3444
291
-2991
-5912
-8022
-8992
-8654
-7039
-4367
-1018
2522
5739
8159
9424
9345
7927
5372
2046
-1574
-4971
-7660
-9263
-9557
-8509
-6278
-3188
316
3741
6607
8521
9232
8658
6901
4227
1023
-2256
-5157
-7290
-8377
-8296
-7088
-4951
-2203
758
3524
5720
7066
7408
6738
5187
3003
511
-1933
-3999
-5424
-6046
-5823
-4836
-3265
-1362
590
2321
3610
4317
4394
3887
2922
1678
358
-848
-1790
-2374
-2573
-2424
-2011
-1447
-847
-307
110
386
539
614
671
759
907
1107
1320
1477
1498
1312
879
204
-655
-1589
-2449
-3076
-3325
-3099
-2371
-1197
280
1854
3280
4313
4758
4497
3524
1951
-5
-2052
-3866
-5144
-5659
-5300
-4095
-2215
52
2349
4299
5577
5961
5377
3911
1801
-601
-2894
-4685
-5666
-5668
-4689
-2900
-617
1753
3788
5118
5498
4853
3295
1104
-1314
-3511
-5064
-5664
-5170
-3643
-1342
1321
3855
5769
6671
6339
4774
2203
-948
-4131
-6761
-8324
-8476
-7110
-4384
-708
3322
7018
9717
10899
10285
7891
4040
-679
-5512
-9651
-12378
-13183
-11862
-8559
-3750
1825
7281
11726
14415
14871
12973
8978
3489
-2641
-8445
-12996
-15559
-15711
-13414
-9020
-3215
3088
8899
13311
15641
15541
13051
8589
2877
-3175
-8622
-12631
-14613
-14312
-11840
-7645
-2432
2955
7677
11031
12557
12104
9840
6210
1854
-2509
-6202
-8692
-9676
-9111
-7207
-4374
-1142
1937
4387
5877
6269
5625
4181
2284
324
-1341
-2455
-2896
-2691
-1995
-1049
-121
551
816
631
73
-684
-1413
-1884
-1916
-1425
-444
874
2288
3510
4264
4341
3649
2236
288
-1892
-3946
-5510
-6287
-6102
-4936
-2935
-391
2306
4732
6496
7310
7032
5695
3498
776
-2055
-4571
-6397
-7276
-7096
-5911
-3924
-1448
1144
3482
5252
6240
6355
5638
4241
2394
366
-1575
-3204
-4359
-4956
-4983
-4493
-3580
-2365
-972
476
1869
3104
4088
4731
4955
4698
3926
2654
953
-1034
-3103
-4998
-6444
-7184
-7028
-5889
-3821
-1024
2166
5315
7949
9625
10010
8941
6470
2873
-1376
-5670
-9352
-11818
-12623
-11555
-8684
-4371
781
6013
10519
13573
14655
13533
10316
5442
-377
-6264
-11312
-14723
-15942
-14748
-11290
-6075
109
6320
11603
15140
0
0
0
0
0
0
0
0
0
0
0
0
0
0
0
0
0
0
0
0
0
0
0
0
0
0
0
0
0
0
0
0
0
0
0
0
0
0
0
0
0
0
0
0
0
0
0
0
0
0
0
0
0
0
0
0
0
0
0
0
0
0
0
0
0
0
0
-8191
-7651
-6098
-3731
-853
2162
4922
7056
8269
8380
7350
5295
2469
-757
-3947
-6656
-8487
-9157
-8538
-6682
-3821
-342
3265
6475
8804
9885
9526
7745
4777
1040
-2915
-6498
-9153
-10461
-10198
-8379
-5261
-1306
2884
6665
9447
10789
10470
8530
5263
1175
-3095
-6880
-9584
-10785
-10297
-8202
-4839
-746
3423
7012
9458
10387
9671
7449
4095
162
-3715
-6923
-8969
-9553
-8621
-6362
-3173
410
3806
6481
8037
8271
7200
5052
2219
-813
-3554
-5583
-6619
-6557
-5481
-3633
-1365
923
2866
4181
4715
4461
3547
2202
703
-674
-1715
-2291
-2381
-2064
-1487
-834
-274
69
151
5
-265
-518
-608
-427
61
812
1693
2513
3059
3145
2651
1566
-2
-1833
-3625
-5046
-5792
-5652
-4553
-2585
-2
2814
5413
7342
8233
7869
6227
3498
61
-3567
-6816
-9150
-10158
-9630
-7593
-4316
-274
3923
7628
10255
11377
10796
8576
5037
703
-3769
-7706
-10511
-11761
-11270
-9120
-5643
-1365
3068
7004
9869
11263
11013
9191
6100
2219
-1869
-5576
-8388
-9938
-10056
-8786
-6362
-3173
306
3589
6239
7936
8507
7942
6384
4095
1415
-1292
-3687
-5496
-6538
-6739
-6132
-4839
-3052
-1003
1064
2922
4379
5296
5595
5263
4353
2973
1278
-542
-2288
-3763
-4795
-5261
-5099
-4319
-3010
-1326
524
2306
3790
4777
5136
4818
3869
2423
687
-1093
-2668
-3821
-4401
-4349
-3700
-2580
-1183
264
1542
2469
2936
2920
2480
1746
888
81
-528
-853
-880
-665
-324
0
170
91
-266
-853
-1545
-2166
-2525
-2456
-1864
-752
765
2469
4069
5249
5730
5321
3973
1798
-932
-3821
-6402
-8217
-8896
-8229
-6213
-3067
785
4777
8282
10716
11631
10802
8273
4359
-387
-5261
-9509
-12450
-13588
-12695
-9855
-5461
-155
5263
9966
13223
14521
13645
10717
6177
713
-4839
-9637
-12958
-14308
-13507
-10706
-6360
-1158
4095
8605
11707
12975
12274
9780
5936
1378
-3173
-7030
-9643
-10681
-10077
-8019
-4915
-1306
2219
5129
7026
7704
7167
5616
3396
928
-1365
-3140
-4172
-4393
-3885
-2849
-1557
-293
703
1282
1401
1127
611
48
-369
-497
-274
265
998
1740
2285
2451
2128
1300
61
-1395
-2816
-3927
-4491
-4353
-3475
-1953
-2
2073
3930
5251
5792
5437
4215
2304
-2
-2337
-4327
-5650
-6093
-5589
-4226
-2233
61
2285
4084
5182
5428
4815
3481
1678
-274
-2045
-3352
-4007
-3946
-3234
-2050
-645
703
1751
2324
2353
1883
1059
92
-785
-1365
-1514
-1195
-477
475
1437
2170
2471
2219
1404
134
-1375
-2841
-3962
-4479
-4227
-3173
-1431
745
3007
4962
6244
6581
5848
4095
1555
-1397
-4295
-6658
-8071
-8259
-7139
-4839
-1684
1846
5200
7835
9311
9363
7949
5263
1707
-2171
-5763
-8497
-9931
-9826
-8186
-5261
-1506
2486
6087
8725
9985
9669
7833
4777
993
-2908
-6306
-8658
-9599
-8991
-6950
-3821
-124
3532
6554
8457
8942
7949
5659
2469
-1082
-4400
-6933
-8267
-8188
-6723
-4130
-853
2546
5492
7487
8191
7487
5492
2546
-853
-4130
-6723
-8188
-8267
-6933
-4400
-1082
2469
5659
7949
8942
8457
6554
3532
-124
-3821
-6950
-8991
-9599
-8658
-6306
-2908
993
4777
7833
9669
9985
8725
6087
2486
-1506
-5261
-8186
-9826
-9931
-8497
-5763
-2171
1707
5263
7949
9363
9311
7835
5200
1846
-1684
-4839
-7139
-8259
-8071
-6658
-4295
-1397
1555
4095
5848
6581
6244
4962
3007
745
-1431
-3173
-4227
-4479
-3962
-2841
-1375
134
1404
2219
2471
2170
1437
475
-477
-1195
-1514
-1365
-785
92
1059
1883
2353
2324
1751
703
-645
-2050
-3234
-3946
-4007
-3352
-2045
-274
1678
3481
4815
5428
5182
4084
2285
61
-2233
-4226
-5589
-6093
-5650
-4327
-2337
-2
2304
4215
5437
5792
5251
3930
2073
-2
-1953
-3475
-4353
-4491
-3927
-2816
-1395
61
1300
2128
2451
2285
1740
998
265
-274
-497
-369
48
611
1127
1401
1282
703
-293
-1557
-2849
-3885
-4393
-4172
-3140
-1365
928
3396
5616
7167
7704
7026
5129
2219
-1306
-4915
-8019
-10077
-10681
-9643
-7030
-3173
1378
5936
9780
12274
12975
11707
8605
4095
-1158
-6360
-10706
-13507
-14308
-12958
-9637
-4839
713
6177
10717
13645
14521
13223
9966
5263
-155
-5461
-9855
-12695
-13588
-12450
-9509
-5261
-387
4359
8273
10802
11631
10716
8282
4777
785
-3067
-6213
-8229
-8896
-8217
-6402
-3821
-932
1798
3973
5321
5730
5249
4069
2469
765
-752
-1864
-2456
-2525
-2166
-1545
-853
-266
91
170
0
-324
-665
-880
-853
-528
81
888
1746
2480
2920
2936
2469
1542
264
-1183
-2580
-3700
-4349
-4401
-3821
-2668
-1093
687
2423
3869
4818
5136
4777
3790
2306
524
-1326
-3010
-4319
-5099
-5261
-4795
-3763
-2288
-542
1278
2973
4353
5263
5595
5296
4379
2922
1064
-1003
-3052
-4839
-6132
-6739
-6538
-5496
-3687
-1292
1415
4095
6384
7942
8507
7936
6239
3589
306
-3173
-6362
-8786
-10056
-9938
-8388
-5576
-1869
2219
6100
9191
11013
11263
9869
7004
3068
-1365
-5643
-9120
-11270
-11761
-10511
-7706
-3769
703
5037
8576
10796
11377
10255
7628
3923
-274
-4316
-7593
-9630
-10158
-9150
-6816
-3567
61
3498
6227
7869
8233
7342
5413
2814
-2
-2585
-4553
-5652
-5792
-5046
-3625
-1833
-2
1566
2651
3145
3059
2513
1693
812
61
-427
-608
-518
-265
5
151
69
-274
-834
-1487
-2064
-2381
-2291
-1715
-674
703
2202
3547
4461
4715
4181
2866
923
-1365
-3633
-5481
-6557
-6619
-5583
-3554
-813
2219
5052
7200
8271
8037
6481
3806
410
-3173
-6362
-8621
-9553
-8969
-6923
-3715
162
4095
7449
9671
10387
9458
7012
3423
-746
-4839
-8202
-10297
-10785
-9584
-6880
-3095
1175
5263
8530
10470
10789
9447
6665
2884
-1306
-5261
-8379
-10198
-10461
-9153
-6498
-2915
1040
4777
7745
9526
9885
8804
6475
3265
-342
-3821
-6682
-8538
-9157
-8487
-6656
-3947
-757
2469
5295
7350
8380
8269
7056
4922
2162
-853
-3731
-6098
-7651
0
0
0
0
0
0
0
0
0
0
0
0
0
0
0
0
0
0
0
0
0
0
0
0
0
0
0
0
0
0
0
0
0
0
0
0
0
0
0
0
0
0
0
0
0
0
0
0
0
0
0
0
0
0
0
0
0
0
0
0
0
0
0
0
0
0
0
8191
7544
5706
2974
-212
-3343
-5921
-7541
-7956
-7117
-5175
-2457
592
3483
5761
7082
7262
6306
4400
1876
-845
-3328
-5190
-6166
-6141
-5170
-3453
-1303
915
2848
4210
4824
4648
3773
2397
785
-783
-2057
-2863
-3122
-2860
-2189
-1283
-338
469
1014
1239
1164
874
491
148
-46
-33
182
536
917
1192
1238
978
397
-440
-1405
-2315
-2975
-3213
-2919
-2071
-751
862
2520
3940
4854
5061
4466
3102
1137
-1149
-3409
-5272
-6416
-6619
-5798
-4036
-1567
1248
3984
6209
7557
7792
6845
4828
2027
-1146
-4213
-6701
-8221
-8525
-7551
-5432
-2476
874
4118
6763
8409
8805
7890
5801
2854
-507
-3777
-6468
-8181
-8666
-7862
-5902
-3089
144
3312
5942
7649
8191
7508
5721
3117
102
-2864
-5338
-6958
-7497
-6897
-5273
-2894
-138
2568
4813
6265
6719
6128
4607
2413
-97
-2528
-4500
-5714
-5994
-5314
-3801
-1710
612
2792
4480
5408
5436
4569
2956
867
-1352
-3338
-4762
-5391
-5119
-3990
-2186
-2
2203
4068
5281
5635
5061
3643
1600
-741
-3006
-4825
-5898
-6042
-5219
-3549
-1285
1220
3575
5407
6423
6457
5496
3683
1292
-1312
-3733
-5603
-6639
-6690
-5752
-3974
-1627
935
3336
5227
6345
6547
5828
4316
2247
-68
-2302
-4153
-5387
-5868
-5574
-4584
-3067
-1246
633
2342
3692
4556
4876
4658
3966
2898
1580
140
-1292
-2601
-3682
-4444
-4811
-4727
-4163
-3127
-1671
97
2021
3891
5475
6536
6874
6357
4956
2764
0
-3008
-5857
-8126
-9436
-9513
-8247
-5715
-2196
1863
5901
9318
11571
12257
11190
8438
4329
-583
-5602
-9980
-13040
-14276
-13445
-10610
-6141
-668
5009
10046
13674
15327
14731
11951
7387
1714
-4220
-9525
-13402
-15274
-14868
-12265
-7876
-2386
3362
8499
12259
14107
13810
11470
7501
2558
-2574
-7112
-10386
-11953
-11652
-9621
-6263
-2169
1984
5549
8009
9055
8627
6906
4274
1232
-1685
-4010
-5413
-5750
-5077
-3626
-1747
159
1726
2683
2903
2421
1413
158
-1023
-1844
-2100
-1718
-769
546
1939
3089
3712
3616
2750
1212
-757
-2820
-4597
-5740
-5994
-5252
-3577
-1198
1524
4158
6267
7490
7600
6546
4460
1646
-1477
-4437
-6782
-8157
-8353
-7343
-5280
-2475
659
3668
6126
7700
8191
7563
5937
3566
796
-1991
-4432
-6229
-7183
-7217
-6370
-4787
-2692
-350
1960
3985
5514
6400
6567
6009
4792
3043
937
-1309
-3463
-5287
-6564
-7122
-6855
-5743
-3867
-1410
1356
4093
6439
8051
8663
8127
6445
3786
475
-3049
-6287
-8752
-10045
-9923
-8346
-5494
-1747
2356
6207
9211
10888
10948
9349
6306
2267
-2152
-6269
-9435
-11143
-11117
-9354
-6130
-1958
2490
6504
9437
10822
10447
8391
5010
874
-3321
-6882
-9225
-9978
-9043
-6610
-3119
812
4502
7319
8794
8697
7076
4246
730
-2834
-5813
-7682
-8122
-7076
-4752
-1589
1829
4876
6997
7810
7174
5210
2283
-1066
-4226
-6615
-7795
-7546
-5911
-3185
139
3460
6172
7781
7993
6762
4309
1071
-2369
-5395
-7459
-8191
-7459
-5395
-2369
1071
4309
6762
7993
7781
6172
3460
139
-3185
-5911
-7546
-7795
-6615
-4226
-1066
2283
5210
7174
7810
6997
4876
1829
-1589
-4752
-7076
-8122
-7682
-5813
-2834
730
4246
7076
8697
8794
7319
4502
812
-3119
-6610
-9043
-9978
-9225
-6882
-3321
874
5010
8391
10447
10822
9437
6504
2490
-1958
-6130
-9354
-11117
-11143
-9435
-6269
-2152
2267
6306
9349
10948
10888
9211
6207
2356
-1747
-5494
-8346
-9923
-10045
-8752
-6287
-3049
475
3786
6445
8127
8663
8051
6439
4093
1356
-1410
-3867
-5743
-6855
-7122
-6564
-5287
-3463
-1309
937
3043
4792
6009
6567
6400
5514
3985
1960
-350
-2692
-4787
-6370
-7217
-7183
-6229
-4432
-1991
796
3566
5937
7563
8191
7700
6126
3668
659
-2475
-5280
-7343
-8353
-8157
-6782
-4437
-1477
1646
4460
6546
7600
7490
6267
4158
1524
-1198
-3577
-5252
-5994
-5740
-4597
-2820
-757
1212
2750
3616
3712
3089
1939
546
-769
-1718
-2100
-1844
-1023
158
1413
2421
2903
2683
1726
159
-1747
-3626
-5077
-5750
-5413
-4010
-1685
1232
4274
6906
8627
9055
8009
5549
1984
-2169
-6263
-9621
-11652
-11953
-10386
-7112
-2574
2558
7501
11470
13810
14107
12259
8499
3362
-2386
-7876
-12265
-14868
-15274
-13402
-9525
-4220
1714
7387
11951
14731
15327
13674
10046
5009
-668
-6141
-10610
-13445
-14276
-13040
-9980
-5602
-583
4329
8438
11190
12257
11571
9318
5901
1863
-2196
-5715
-8247
-9513
-9436
-8126
-5857
-3008
0
2764
4956
6357
6874
6536
5475
3891
2021
97
-1671
-3127
-4163
-4727
-4811
-4444
-3682
-2601
-1292
140
1580
2898
3966
4658
4876
4556
3692
2342
633
-1246
-3067
-4584
-5574
-5868
-5387
-4153
-2302
-68
2247
4316
5828
6547
6345
5227
3336
935
-1627
-3974
-5752
-6690
-6639
-5603
-3733
-1312
1292
3683
5496
6457
6423
5407
3575
1220
-1285
-3549
-5219
-6042
-5898
-4825
-3006
-741
1600
3643
5061
5635
5281
4068
2203
-2
-2186
-3990
-5119
-5391
-4762
-3338
-1352
867
2956
4569
5436
5408
4480
2792
612
-1710
-3801
-5314
-5994
-5714
-4500
-2528
-97
2413
4607
6128
6719
6265
4813
2568
-138
-2894
-5273
-6897
-7497
-6958
-5338
-2864
102
3117
5721
7508
8191
7649
5942
3312
144
-3089
-5902
-7862
-8666
-8181
-6468
-3777
-507
2854
5801
7890
8805
8409
6763
4118
874
-2476
-5432
-7551
-8525
-8221
-6701
-4213
-1146
2027
4828
6845
7792
7557
6209
3984
1248
-1567
-4036
-5798
-6619
-6416
-5272
-3409
-1149
1137
3102
4466
5061
4854
3940
2520
862
-751
-2071
-2919
-3213
-2975
-2315
-1405
-440
397
978
1238
1192
917
536
182
-33
-46
148
491
874
1164
1239
1014
469
-338
-1283
-2189
-2860
-3122
-2863
-2057
-783
785
2397
3773
4648
4824
4210
2848
915
-1303
-3453
-5170
-6141
-6166
-5190
-3328
-845
1876
4400
6306
7262
7082
5761
3483
592
-2457
-5175
-7117
-7956
-7541
-5921
-3343
-212
2974
5706
7544
0
0
0
0
0
0
0
0
0
0
0
0
0
0
0
0
0
0
0
0
0
0
0
0
0
0
0
0
0
0
0
0
0
0
0
0
0
0
0
0
0
0
0
0
0
0
0
0
0
0
0
0
0
0
0
0
0
0
0
0
0
0
0
0
0
0
0
12287
11357
8710
4757
108
-4521
-8426
-11020
-11925
-11028
-8496
-4743
-363
3968
7601
10009
10865
10092
7862
4560
719
-3067
-6244
-8372
-9191
-8650
-6906
-4282
-1212
1832
4421
6219
7035
6835
5735
3967
1836
-336
-2261
-3715
-4571
-4796
-4448
-3644
-2538
-1293
-52
1072
2002
2696
3134
3311
3227
2886
2294
1469
451
-694
-1869
-2946
-3784
-4246
-4224
-3662
-2576
-1061
711
2510
4082
5181
5615
5280
4181
2442
291
-1971
-4015
-5531
-6283
-6143
-5119
-3353
-1100
1307
3515
5198
6117
6148
5305
3734
1686
-524
-2571
-4165
-5100
-5280
-4728
-3574
-2028
-341
1238
2504
3317
3626
3459
2911
2118
1226
363
-378
-955
-1367
-1645
-1831
-1961
-2046
-2067
-1978
-1718
-1233
-496
468
1583
2711
3675
4288
4385
3864
2708
1011
-1030
-3138
-4987
-6264
-6713
-6195
-4713
-2424
369
3270
5834
7649
8401
7927
6251
3589
316
-3084
-6097
-8256
-9217
-8821
-7114
-4347
-936
2601
5731
7986
9035
8739
7167
4584
1404
-1879
-4771
-6853
-7849
-7661
-6376
-4248
-1646
1012
3326
4979
5780
5689
4809
3357
1618
-109
-1567
-2575
-3058
-3040
-2633
-1999
-1311
-715
-298
-78
-6
12
92
325
757
1365
2056
2681
3065
3048
2523
1470
-24
-1774
-3515
-4943
-5775
-5797
-4915
-3179
-793
1912
4530
6632
7852
7940
6819
4602
1586
-1792
-5023
-7598
-9100
-9268
-8043
-5586
-2252
1459
4987
7793
9444
9690
8494
6041
2712
-984
-4486
-7271
-8933
-9245
-8191
-5963
-2926
443
3635
6180
7729
8092
7268
5433
2906
93
-2580
-4733
-6084
-6488
-5949
-4609
-2716
-581
1475
3171
4299
4749
4520
3704
2464
1006
-456
-1733
-2678
-3204
-3286
-2954
-2286
-1387
-380
614
1486
2144
2523
2585
2326
1773
987
55
-909
-1782
-2439
-2771
-2708
-2227
-1367
-229
1030
2220
3139
3610
3513
2811
1567
-58
-1822
-3437
-4609
-5098
-4756
-3567
-1660
702
3156
5290
6714
7128
6380
4503
1727
-1551
-4822
-7540
-9215
-9499
-8252
-5581
-1836
2436
6570
9887
11804
11938
10178
6715
2024
-3199
-8143
-12011
-14144
-14142
-11928
-7779
-2287
3723
9323
13624
15921
15811
13261
8622
2580
-3947
-9956
-14507
-16883
-16698
-13965
-9091
-2823
3876
9977
14543
16880
16642
13885
9056
2919
-3570
-9413
-13726
-15880
-15588
-12952
-8432
-2771
3133
8371
12160
13972
13603
11194
7201
2308
-2690
-7017
-10038
-11355
-10861
-8737
-5418
-1502
2354
5544
7608
8302
7622
5793
3214
380
-2209
-4137
-5134
-5119
-4197
-2631
-779
971
2287
2941
2856
2107
905
-454
-1654
-2416
-2560
-2040
-952
484
1970
3185
3849
3784
2946
1444
-479
-2490
-4219
-5331
-5588
-4893
-3319
-1092
1433
3842
5723
6743
6704
5582
3533
871
-1983
-4571
-6469
-7366
-7108
-5731
-3453
-636
2266
4793
6542
7242
6794
5286
2976
249
-2446
-4680
-6101
-6500
-5843
-4266
-2059
394
2679
4421
5347
5329
4406
2771
731
-1340
-3079
-4187
-4486
-3945
-2687
-960
905
2559
3693
4095
3693
2559
905
-960
-2687
-3945
-4486
-4187
-3079
-1340
731
2771
4406
5329
5347
4421
2679
394
-2059
-4266
-5843
-6500
-6101
-4680
-2446
249
2976
5286
6794
7242
6542
4793
2266
-636
-3453
-5731
-7108
-7366
-6469
-4571
-1983
871
3533
5582
6704
6743
5723
3842
1433
-1092
-3319
-4893
-5588
-5331
-4219
-2490
-479
1444
2946
3784
3849
3185
1970
484
-952
-2040
-2560
-2416
-1654
-454
905
2107
2856
2941
2287
971
-779
-2631
-4197
-5119
-5134
-4137
-2209
380
3214
5793
7622
8302
7608
5544
2354
-1502
-5418
-8737
-10861
-11355
-10038
-7017
-2690
2308
7201
11194
13603
13972
12160
8371
3133
-2771
-8432
-12952
-15588
-15880
-13726
-9413
-3570
2919
9056
13885
16642
16880
14543
9977
3876
-2823
-9091
-13965
-16698
-16883
-14507
-9956
-3947
2580
8622
13261
15811
15921
13624
9323
3723
-2287
-7779
-11928
-14142
-14144
-12011
-8143
-3199
2024
6715
10178
11938
11804
9887
6570
2436
-1836
-5581
-8252
-9499
-9215
-7540
-4822
-1551
1727
4503
6380
7128
6714
5290
3156
702
-1660
-3567
-4756
-5098
-4609
-3437
-1822
-58
1567
2811
3513
3610
3139
2220
1030
-229
-1367
-2227
-2708
-2771
-2439
-1782
-909
55
987
1773
2326
2585
2523
2144
1486
614
-380
-1387
-2286
-2954
-3286
-3204
-2678
-1733
-456
1006
2464
3704
4520
4749
4299
3171
1475
-581
-2716
-4609
-5949
-6488
-6084
-4733
-2580
93
2906
5433
7268
8092
7729
6180
3635
443
-2926
-5963
-8191
-9245
-8933
-7271
-4486
-984
2712
6041
8494
9690
9444
7793
4987
1459
-2252
-5586
-8043
-9268
-9100
-7598
-5023
-1792
1586
4602
6819
7940
7852
6632
4530
1912
-793
-3179
-4915
-5797
-5775
-4943
-3515
-1774
-24
1470
2523
3048
3065
2681
2056
1365
757
325
92
12
-6
-78
-298
-715
-1311
-1999
-2633
-3040
-3058
-2575
-1567
-109
1618
3357
4809
5689
5780
4979
3326
1012
-1646
-4248
-6376
-7661
-7849
-6853
-4771
-1879
1404
4584
7167
8739
9035
7986
5731
2601
-936
-4347
-7114
-8821
-9217
-8256
-6097
-3084
316
3589
6251
7927
8401
7649
5834
3270
369
-2424
-4713
-6195
-6713
-6264
-4987
-3138
-1030
1011
2708
3864
4385
4288
3675
2711
1583
468
-496
-1233
-1718
-1978
-2067
-2046
-1961
-1831
-1645
-1367
-955
-378
363
1226
2118
2911
3459
3626
3317
2504
1238
-341
-2028
-3574
-4728
-5280
-5100
-4165
-2571
-524
1686
3734
5305
6148
6117
5198
3515
1307
-1100
-3353
-5119
-6143
-6283
-5531
-4015
-1971
291
2442
4181
5280
5615
5181
4082
2510
711
-1061
-2576
-3662
-4224
-4246
-3784
-2946
-1869
-694
451
1469
2294
2886
3227
3311
3134
2696
2002
1072
-52
-1293
-2538
-3644
-4448
-4796
-4571
-3715
-2261
-336
1836
3967
5735
6835
7035
6219
4421
1832
-1212
-4282
-6906
-8650
-9191
-8372
-6244
-3067
719
4560
7862
10092
10865
10009
7601
3968
-363
-4743
-8496
-11028
-11925
-11020
-8426
-4521
108
4757
8710
11357
0
0
0
0
0
0
0
0
0
0
0
0
0
0
0
0
0
0
0
0
0
0
0
0
0
0
0
0
0
0
0
0
0
0
0
0
0
0
0
0
0
0
0
0
0
0
0
0
0
0
0
0
0
0
0
0
0
0
0
0
0
0
0
0
0
0
0
