0
4278
8485
12550
16402
19973
23203
26035
28419
30314
31684
32507
32766
32456
31581
30156
28203
25758
22860
19561
15917
11991
7852
3573
-771
-5106
-9352
-13436
-17284
-20829
-24006
-26759
-29038
-30801
-32015
-32660
-32720
-32196
-31094
-29434
-27244
-24563
-21439
-17925
-14087
-9991
-5712
-1327
3083
7441
11667
15683
19415
22796
25762
28259
30239
31667
32514
32764
32412
31462
29931
27847
25247
22178
18696
14865
10755
6443
2009
-2465
-6896
-11201
-15299
-19113
-22570
-25606
-28162
-30190
-31650
-32514
-32764
-32394
-31411
-29832
-27686
-25012
-21861
-18292
-14372
-10175
-5781
-1274
3259
7733
12062
16161
19951
23359
26318
28771
30668
31973
32659
32711
32127
30919
29107
26727
23823
20452
16679
12577
8226
3711
-879
-5455
-9926
-14204
-18204
-21846
-25058
-27775
-29942
-31516
-32464
-32766
-32415
-31417
-29790
-27567
-24790
-21514
-17805
-13736
-9388
-4849
-209
4437
8997
13377
17489
21248
24578
27411
29687
31359
32393
32765
32468
31507
29899
27676
24884
21579
17828
13707
9301
4700
0
-4703
-9311
-13729
-17864
-21629
-24947
-27746
-29968
-31566
-32503
-32761
-32332
-31225
-29460
-27076
-24119
-20653
-16748
-12488
-7961
-3263
1506
6246
10856
15238
19298
22949
26112
28719
30713
32051
32702
32651
31900
30461
28366
25658
22395
18646
14492
10022
5332
524
-4298
-9029
-13567
-17811
-21669
-25055
-27896
-30127
-31699
-32577
-32739
-32182
-30916
-28967
-26379
-23206
-19519
-15397
-10932
-6222
-1372
3511
8320
12945
17284
21240
24723
27655
29968
31611
32545
32748
32214
30954
28995
26381
23169
19431
15252
10724
5950
1038
-3899
-8751
-13405
-17757
-21705
-25159
-28038
-30277
-31822
-32637
-32702
-32014
-30588
-28456
-25665
-22280
-18377
-14047
-9388
-4509
477
5455
10308
14924
19194
23018
26305
28979
30974
32243
32756
32498
31476
29711
27244
24133
20449
16280
11722
6884
1880
-3170
-8148
-12935
-17416
-21484
-25041
-28000
-30291
-31856
-32659
-32677
-31909
-30373
-28105
-25157
-21600
-17520
-13013
-8189
-3163
1941
7001
11893
16499
20705
24407
27516
29953
31659
32589
32721
32049
30590
28377
25463
21921
17836
13307
8448
3377
-1780
-6896
-11843
-16499
-20746
-24479
-27603
-30040
-31727
-32621
-32699
-31957
-30413
-28105
-25088
-21439
-17247
-12618
-7668
-2522
2689
7836
12787
17416
21605
25247
28248
30530
32035
32723
32574
31592
29801
27244
23987
20112
15718
10917
5832
595
-4660
-9798
-14685
-19194
-23208
-26622
-29345
-31307
-32455
-32757
-32206
-30813
-28614
-25665
-22043
-17841
-13169
-8148
-2911
2405
7661
12717
17440
21705
25397
28419
30689
32146
32750
32483
31352
29385
26633
23169
19084
14487
9500
4255
-1105
-6439
-11603
-16457
-20870
-24723
-27911
-30346
-31961
-32712
-32578
-31559
-29684
-27001
-23582
-19519
-14922
-9916
-4636
771
6162
11386
16301
20770
24671
27896
30354
31977
32719
32558
31498
29565
26813
23317
19172
14492
9407
4058
-1405
-6833
-12073
-16978
-21411
-25247
-28377
-30713
-32188
-32760
-32410
-31148
-29007
-26047
-22351
-18021
-13179
-7961
-2516
3003
8440
13640
18454
22745
26389
29282
31340
32503
32737
32033
30409
27913
24613
20604
16000
10932
5547
0
-5550
-10942
-16021
-20637
-24657
-27963
-30458
-32068
-32745
-32468
-31244
-29107
-26118
-22364
-17952
-13013
-7689
-2137
3479
8997
14252
19090
23367
26955
29748
31662
32640
32650
31691
29790
27003
23411
19119
14256
8965
3403
-2262
-7862
-13230
-18204
-22633
-26385
-29345
-31423
-32556
-32707
-31871
-30072
-27362
-23823
-19561
-14703
-9397
-3803
1908
7565
12994
18030
22517
26318
29316
31419
32559
32702
31841
30001
27238
23635
19302
14372
8996
3339
-2422
-8112
-13553
-18577
-23026
-26761
-29667
-31650
-32648
-32629
-31591
-29565
-26615
-22829
-18327
-13249
-7752
-2009
3799
9491
14886
19815
24120
27666
30338
32052
32751
32412
31044
28690
25423
21345
16586
11295
5642
-193
-6025
-11667
-16938
-21669
-25706
-28920
-31206
-32489
-32726
-31909
-30063
-27244
-23544
-19081
-13998
-8460
-2644
3259
9060
14569
19606
24006
27626
30346
32075
32756
32366
30916
28451
25051
20827
15917
10480
4696
-1244
-7147
-12817
-18065
-22719
-26622
-29644
-31684
-32674
-32578
-31398
-29173
-25975
-21909
-17110
-11737
-5969
0
5972
11747
17130
21941
26016
29217
31436
32596
32657
31615
29504
26395
22390
17625
12260
6476
470
-5554
-11392
-16845
-21726
-25867
-29127
-31393
-32585
-32662
-31619
-29491
-26349
-22301
-17483
-12062
-6222
-166
5898
11762
17222
22088
26191
29387
31566
32648
32597
31411
29131
25835
21636
16679
11138
5205
-912
-7001
-12847
-18244
-23003
-26955
-29960
-31912
-32739
-32412
-30940
-28374
-24803
-20353
-15179
-9465
-3413
2763
8843
14612
19863
24407
28083
30758
32334
32755
32003
30103
27124
23169
18381
12929
7010
836
-5370
-11386
-16993
-21989
-26191
-29446
-31636
-32680
-32538
-31214
-28754
-25247
-20819
-15630
-9868
-3744
2518
8692
14551
19879
24480
28184
30855
32393
32739
31880
29845
26709
22585
17625
12011
5950
-333
-6607
-12639
-18204
-23094
-27128
-30152
-32055
-32763
-32248
-30528
-27666
-23767
-18976
-13473
-7461
-1167
5173
11322
17047
22132
26385
29644
31785
32724
32427
30901
28203
24435
19738
14288
8294
1981
-4409
-10635
-16457
-21654
-26025
-29402
-31656
-32697
-32485
-31027
-28377
-24634
-19943
-14481
-8460
-2109
4324
10594
16457
21686
26077
29459
31699
32710
32451
30929
28203
24378
19601
14056
7961
1552
-4919
-11201
-17047
-22227
-26537
-29806
-31906
-32751
-32307
-30590
-27666
-23648
-18696
-13002
-6791
-309
6187
12441
18204
23246
27366
30398
32222
32762
31995
29951
26709
22398
17189
11289
4935
-1619
-8112
-14281
-19879
-24678
-28486
-31147
-32552
-32643
-31416
-28917
-25247
-20553
-15023
-8882
-2378
4225
10659
16662
21989
26421
29777
31918
32756
32254
30432
27362
23169
18024
12137
5748
-879
-7473
-13762
-19485
-24407
-28323
-31070
-32533
-32650
-31414
-28875
-25136
-20353
-14721
-8475
-1874
4807
11292
17307
22602
26955
30182
32146
32765
32010
29911
26556
22083
16679
10571
4016
-2711
-9326
-15551
-21121
-25799
-29387
-31732
-32732
-32344
-30582
-27520
-23286
-18060
-12062
-5547
1206
7911
14280
20041
24947
28786
31393
32653
32513
30975
28105
24024
18906
12972
6476
-301
-7069
-13534
-19415
-24458
-28443
-31196
-32596
-32580
-31148
-28360
-24336
-19250
-13322
-6811
0
6813
13332
19269
24364
28393
31178
32594
32578
31129
28309
24241
19103
13120
6555
-301
-7147
-13680
-19609
-24671
-28641
-31340
-32648
-32505
-30916
-27948
-23735
-18460
-12360
-5706
1206
8067
14569
20421
25359
29162
31656
32728
32328
30473
27244
22786
17298
11027
4255
-2711
-9557
-15974
-21669
-26383
-29901
-32062
-32766
-31979
-29736
-26137
-21345
-15577
-9095
-2195
4807
11593
17850
23291
27666
30771
32464
32665
31362
28614
24546
19345
13249
6538
-477
-7473
-14125
-20126
-25196
-29098
-31650
-32732
-32292
-30349
-26991
-22374
-16712
-10266
-3339
3746
10659
17076
22694
27251
30530
32377
32702
31489
28793
24740
19519
13375
6597
-494
-7565
-14281
-20323
-25404
-29282
-31772
-32753
-32178
-30072
-26533
-21729
-15887
-9285
-2238
4919
11843
18204
23695
28052
31066
32589
32548
30942
27847
23411
17845
11416
4435
-2763
-9830
-16425
-22227
-26955
-30378
-32330
-32713
-31507
-28769
-24631
-19293
-13013
-6096
1120
8285
15047
21076
26077
29802
32068
32763
31850
29372
25451
20276
14101
7230
0
-7232
-14111
-20295
-25478
-29402
-31872
-32764
-32033
-29711
-25913
-20827
-14703
-7845
-595
6688
13640
19914
25196
29220
31785
32759
32093
29819
26047
20967
14832
7950
664
-6656
-13645
-19948
-25247
-29273
-31822
-32763
-32046
-29706
-25861
-20703
-14492
-7543
-209
7138
14125
20396
25629
29557
31977
32766
31880
29363
25342
20022
13674
6622
-771
-8129
-15071
-21240
-26318
-30042
-32219
-32734
-31559
-28754
-24461
-18901
-12360
-5177
2276
9615
16457
22447
27271
30678
32489
32608
31026
27825
23169
17302
10527
3199
-4298
-11573
-18244
-23960
-28419
-31387
-32705
-32302
-30198
-26501
-21406
-15179
-8148
-684
6817
13962
20369
25700
29668
32064
32757
31710
28975
24698
19103
12488
5205
-2358
-9798
-16717
-22745
-27557
-30894
-32577
-32513
-30703
-27244
-22319
-16192
-9191
-1693
5898
13175
19743
25247
29388
31941
32765
31816
29141
24884
19276
12618
5272
-2362
-9871
-16845
-22903
-27714
-31014
-32621
-32445
-30495
-26875
-21781
-15492
-8351
-749
6896
14165
20658
26016
29942
32220
32721
31417
28377
23767
17841
10926
3403
-4310
-11787
-18613
-24407
-28847
-31684
-32759
-32010
-29476
-25298
-19707
-13013
-5590
2148
9769
16845
22980
27828
31116
32659
32366
30254
26438
21133
14635
7310
-430
-8148
-15409
-21801
-26962
-30598
-32502
-32563
-30778
-27244
-22162
-15818
-8572
-836
6950
14343
20920
26305
30190
32350
32661
31103
27762
22829
16586
9388
1649
-6187
-13670
-20369
-25898
-29936
-32249
-32702
-31267
-28024
-23161
-16955
-9766
-2009
5867
13405
20168
25762
29860
32222
32709
31291
28049
23169
16936
9711
1916
-5992
-13553
-20323
-25904
-29968
-32275
-32687
-31179
-27837
-22855
-16527
-9222
-1372
6562
14111
20829
26318
30252
32397
32623
30916
27374
22206
15718
8294
373
-7571
-15067
-21669
-26980
-30683
-32556
-32483
-30469
-26631
-21197
-14492
-6916
1077
9009
16402
22811
27851
31216
32702
32218
29790
25564
19793
12824
5078
-2978
-10856
-18080
-24210
-28873
-31785
-32766
-31757
-28816
-24119
-17952
-10689
-2772
5316
13083
20053
25799
29968
32304
32662
31017
27469
22233
15630
8064
0
-8067
-15639
-22251
-27492
-31038
-32669
-32282
-29899
-25665
-19840
-12785
-4935
3223
11185
18454
24578
29176
31960
32754
31507
28295
23317
16881
9388
1306
-6859
-14599
-21426
-26913
-30713
-32587
-32415
-30206
-26096
-20343
-13307
-5431
2789
10837
18204
24423
29100
31937
32755
31498
28244
23199
16679
9099
938
-7285
-15047
-21854
-27271
-30951
-32659
-32282
-29844
-25497
-19519
-12290
-4271
4023
12062
19330
25359
29762
32252
32670
30984
27303
21861
15008
7184
-1105
-9326
-16947
-23474
-28484
-31650
-32766
-31757
-28687
-23753
-17274
-9670
-1435
6896
14781
21705
27215
30951
32666
32248
29720
25247
19119
11737
3583
-4807
-12886
-20121
-26035
-30239
-32455
-32534
-30469
-26395
-20578
-13400
-5336
3083
11302
18775
25007
29584
32200
32681
30992
27244
21684
14679
6695
-1736
-10055
-17706
-24178
-29038
-31959
-32744
-31340
-27837
-22468
-15592
-7668
771
9163
16942
23583
28641
31772
32764
31548
28203
22955
16155
8261
-193
-8637
-16499
-23246
-28419
-31667
-32766
-31641
-28366
-23161
-16378
-8479
0
8482
16388
23178
28387
31659
32766
31633
28334
23092
16267
8323
-193
-8699
-16610
-23382
-28547
-31748
-32764
-31521
-28105
-22748
-15818
-7793
771
9287
17161
23850
28887
31923
32744
31292
27666
22114
15023
6884
-1736
-10238
-18030
-24565
-29387
-32158
-32681
-30919
-26991
-21173
-13868
-5590
3083
11543
19194
25499
30012
32414
32534
30361
26047
19895
12336
3903
-4807
-13181
-20625
-26610
-30711
-32637
-32248
-29569
-24790
-18247
-10405
-1820
6896
15124
22277
27843
31423
32760
31757
28483
23169
16196
8060
-655
-9326
-17331
-24094
-29127
-32068
-32703
-30984
-27033
-21133
-13707
-5289
3511
12062
19743
25999
30374
32552
32371
29844
25150
18630
10754
2094
-6719
-15047
-22282
-27896
-31478
-32765
-31661
-28244
-22763
-15616
-7324
1506
10228
18204
24847
29668
32313
32585
30461
26096
19809
12062
3423
-5469
-13962
-21426
-27310
-31178
-32740
-31881
-28661
-23317
-16242
-7961
912
9721
17811
24578
29519
32265
32608
30520
26157
19840
12041
3339
-5613
-14150
-21629
-27492
-31296
-32755
-31758
-28377
-22863
-15630
-7219
1736
10564
18599
25234
29968
32443
32468
30041
25342
18725
10689
1842
-7147
-15598
-22868
-28404
-31785
-32751
-31227
-27327
-21345
-13736
-5078
3969
12717
20496
26712
30887
32702
32014
28875
23522
16364
7950
-1077
-10024
-18204
-24986
-29848
-32414
-32483
-30050
-25298
-18593
-10451
-1499
7571
16058
23305
28750
31969
32711
30916
26720
20449
12587
3744
-5391
-14111
-21734
-27666
-31442
-32766
-31533
-27837
-21964
-14372
-5653
3510
12401
20323
26654
30894
32710
31957
28692
23169
15822
7226
-1941
-10958
-19113
-25762
-30378
-32596
-32237
-29328
-24096
-16955
-8469
691
9799
18132
25028
29936
32465
32412
29778
24772
17791
9388
234
-8940
-17404
-24479
-29598
-32350
-32513
-30072
-25219
-18342
-9991
-836
8388
16942
24135
29387
32275
32563
30226
25451
18620
10283
1113
-8148
-16754
-24006
-29316
-32252
-32574
-30254
-25477
-18630
-10266
-1066
8222
16845
24098
29390
32286
32549
30156
25298
18372
9941
695
-8610
-17213
-24407
-29603
-32371
-32482
-29925
-24908
-17841
-9305
0
9307
17850
24924
29942
32491
32356
29546
24293
17028
8351
-1019
-10308
-18745
-25629
-30386
-32621
-32145
-28995
-23432
-15917
-7073
2362
11603
19879
26497
30903
32728
31816
28241
22301
14491
5464
-4023
-13175
-21224
-27492
-31451
-32766
-31324
-27244
-20868
-12732
-3519
5992
15001
22745
28568
31977
32682
30619
25962
19103
10622
1238
-8253
-17047
-24394
-29668
-32420
-32412
-29643
-24347
-16973
-8148
1373
10781
19269
26112
30723
32705
31886
28334
22351
14449
5304
-4298
-13534
-21608
-27826
-31650
-32749
-31026
-26627
-19930
-11510
-2094
7504
16457
23989
29446
32355
32460
29752
24461
17046
8148
-1459
-10942
-19477
-26318
-30870
-32732
-31742
-27983
-21780
-13674
-4371
5316
14541
22496
28484
31977
32669
30495
25645
18541
9807
209
-9410
-18204
-25397
-30356
-32640
-32046
-28625
-22675
-14721
-5464
4278
13645
21806
28038
31787
32719
30748
26047
19032
10324
695
-8997
-17892
-25196
-30256
-32621
-32077
-28669
-22701
-14703
-5389
4409
13816
21989
28193
31872
32694
30582
25725
18555
9715
0
-9718
-18563
-25739
-30598
-32699
-31850
-28126
-21861
-13619
-4144
5708
15047
23026
28920
32194
32549
29951
24631
17073
7961
-1876
-11547
-20168
-26955
-31287
-32766
-31257
-26894
-20073
-11416
-1713
8148
17267
24807
30076
32589
32113
28690
22632
14492
5018
-4919
-14407
-22570
-28657
-32104
-32591
-30072
-24775
-17189
-8012
1907
11653
20323
27113
31393
32763
31094
26539
19519
10683
852
-9060
-18132
-25519
-30530
-32697
-31816
-27965
-21503
-13031
-3339
6667
16052
23938
29584
32459
32292
29097
23169
15065
5543
-4501
-14125
-22423
-28612
-32108
-32578
-29977
-24546
-16798
-7461
2582
12385
21019
27666
31694
32721
30647
25665
18247
9095
-923
-10856
-19760
-26786
-31264
-32766
-31146
-26556
-19431
-10451
-470
9557
18675
26008
30855
32749
31507
27244
20368
11537
1595
-8501
-17784
-25359
-30497
-32702
-31758
-27754
-21074
-12360
-2451
7696
17103
24860
30215
32648
31922
28105
21563
12929
3039
-7147
-16643
-24525
-30025
-32607
-32016
-28309
-21844
-13249
-3359
6859
16412
24364
29939
32588
32050
28377
21924
13322
3413
-6833
-16412
-24382
-29960
-32596
-32028
-28309
-21804
-13150
-3199
7069
16643
24578
30089
32630
31946
28105
21482
12732
2719
-7565
-17103
-24947
-30318
-32680
-31797
-27754
-20951
-12062
-1970
8320
17784
25478
30633
32732
31565
27244
20200
11134
952
-9326
-18675
-26154
-31014
-32765
-31228
-26556
-19215
-9941
333
10578
19760
26955
31436
32749
30759
25665
17979
8475
-1887
-12062
-21019
-27851
-31864
-32650
-30126
-24546
-16475
-6728
3703
13762
22423
28806
32258
32427
29291
23169
14683
4696
-5772
-15653
-23938
-29777
-32571
-32033
-28214
-21503
-12587
-2378
8077
17706
25519
30711
32748
31416
26850
19519
10175
-219
-10594
-19879
-27113
-31549
-32726
-30520
-25157
-17189
-7439
3083
13289
22119
28657
32222
32441
29289
23092
14492
4381
-6187
-16114
-24364
-30076
-32652
-31820
-27666
-20619
-11416
-1017
9491
19008
26537
31287
32757
30792
25595
17709
7961
-2625
-12939
-21894
-28547
-32194
-32451
-29286
-23032
-14346
-4144
6498
16457
24678
30291
32699
31644
27238
19943
10531
0
-10533
-19951
-27251
-31656
-32694
-30254
-24592
-16309
-6286
4409
14637
23305
29487
32519
32077
28203
21312
12137
1660
-8997
-18692
-26385
-31248
-32757
-30748
-25434
-17383
-7461
3266
13645
22556
29038
32390
32248
28625
21909
12824
2351
-8378
-18204
-26061
-31098
-32765
-30880
-25645
-17625
-7689
3083
13524
22496
29023
32393
32235
28565
21780
12618
2077
-8692
-18516
-26318
-31245
-32755
-30681
-25247
-17046
-6975
3863
14280
23132
29446
32527
32033
28015
20915
11510
836
-9932
-19609
-27125
-31650
-32682
-30103
-24198
-15616
-5304
5596
15880
24407
30232
32705
31550
26894
19250
9465
-1373
-12062
-21411
-28379
-32188
-32412
-29022
-22395
-13267
-2656
8253
18244
26197
31222
32754
30619
25054
16679
6433
-4537
-15001
-23783
-29895
-32648
-31731
-27244
-19690
-9916
976
11762
21224
28293
32170
32415
28997
22301
13080
2378
-8595
-18599
-26497
-31393
-32729
-30352
-24528
-15917
-5494
5554
15974
24578
30386
32734
31352
26395
18425
8351
-2679
-13405
-22602
-29217
-32491
-32046
-27932
-20616
-10936
0
10939
20625
27944
32055
32482
29173
22507
13249
2462
-8610
-18692
-26622
-31481
-32707
-30156
-24119
-15293
-4696
6446
16845
25296
30817
32766
30916
25477
17079
6695
-4468
-15115
-24006
-30106
-32702
-31489
-26606
-18620
-8460
2689
13528
22788
29387
32552
31909
27532
19930
9991
-1120
-12103
-21669
-28693
-32350
-32208
-28280
-21025
-11295
-234
10856
20671
28052
32127
32412
28871
21921
12379
1372
-9799
-19815
-27487
-31906
-32545
-29328
-22632
-13249
-2291
8940
19113
27016
31708
32629
29666
23169
13911
2992
-8285
-18577
-26654
-31549
-32677
-29899
-23544
-14372
-3477
7836
18214
26411
31442
32702
30037
23764
14635
3744
-7598
-18030
-26293
-31393
-32711
-30086
-23833
-14703
-3796
7571
18026
26305
31405
32707
30050
23753
14577
3632
-7754
-18204
-26446
-31479
-32688
-29925
-23522
-14256
-3253
8148
18560
26712
31608
32650
29706
23135
13736
2656
-8751
-19090
-27095
-31785
-32581
-29385
-22585
-13013
-1842
9557
19786
27585
31994
32468
28947
21861
12081
809
-10564
-20637
-28166
-32219
-32293
-28377
-20951
-10932
440
11762
21629
28819
32437
32033
27653
19840
9561
-1907
-13142
-22745
-29519
-32621
-31661
-26755
-18514
-7961
3586
14689
23960
30239
32740
31148
25658
16955
6128
-5469
-16384
-25247
-30944
-32759
-30461
-24336
-15151
-4058
7546
18204
26572
31595
32638
29565
22763
13087
1756
-9798
-20118
-27896
-32148
-32332
-28424
-20915
-10754
771
12203
22088
29171
32552
31797
27001
18769
8148
-3511
-14727
-24069
-30346
-32754
-30984
-25260
-16309
-5272
6439
17331
26008
31359
32696
29845
23169
13521
2137
-9523
-19964
-27843
-32146
-32318
-28334
-20703
-10405
1234
12717
22564
29503
32637
31559
26407
17841
6968
-4807
-15965
-25058
-30909
-32757
-30361
-24028
-14577
-3233
8533
19194
27364
31977
32433
28669
21173
10917
-762
-12345
-22321
-29387
-32619
-31592
-26438
-17828
-6884
4961
16161
25247
31028
32744
30168
23635
13998
2522
-9287
-19879
-27860
-32179
-32265
-28105
-20242
-9711
2101
13640
23382
30040
32733
31103
25362
16267
5018
-6896
-17901
-26537
-31659
-32585
-29190
-21921
-11741
0
11743
21929
29201
32589
31641
26480
17791
6728
-5233
-16499
-25566
-31222
-32709
-29826
-22955
-13013
-1327
10537
20994
28641
32450
31909
27088
18630
7668
-4324
-15739
-25041
-30976
-32744
-30105
-23411
-13561
-1880
10055
20637
28436
32397
31982
27244
18822
7852
-4182
-15653
-25007
-30974
-32743
-30072
-23319
-13400
-1660
10308
20879
28612
32455
31881
26966
18377
7282
-4807
-16245
-25468
-31216
-32702
-29720
-22675
-12528
-664
11292
21705
29147
32596
31576
26225
17274
5950
-6193
-17489
-26383
-31650
-32564
-28995
-21433
-10917
1105
12978
23064
29968
32737
30984
24950
15465
3839
-8320
-19330
-27666
-32170
-32217
-27796
-19519
-8531
3643
15314
24860
30951
32739
29972
23032
12884
938
-11141
-21669
-29176
-32613
-31498
-25982
-16835
-5332
6918
18204
26944
31912
32410
28366
20343
9465
-2743
-14569
-24351
-30713
-32759
-30198
-23387
-13283
-1306
10856
21492
29100
32604
31507
25962
16748
5166
-7147
-18454
-27152
-32008
-32332
-28076
-19840
-8789
3510
15314
24947
31038
32720
29752
22551
12140
0
-12143
-22559
-29762
-32723
-31017
-24884
-15198
-3339
8998
20053
28242
32393
31908
26854
17952
6476
-5930
-17489
-26541
-31785
-32465
-28481
-20402
-9388
2978
14918
24714
30951
32730
29790
22554
12062
-172
-12385
-22811
-29942
-32746
-30813
-24421
-14492
-2462
9926
20879
28806
32556
31581
26021
16679
4912
-7571
-18956
-27585
-32200
-32127
-27374
-18630
-7167
5342
17076
26318
31719
32485
28504
20353
9222
-3259
-15267
-25041
-31147
-32687
-29434
-21861
-11077
1334
13553
23783
30517
32764
30189
23169
12736
423
-11953
-22570
-29860
-32743
-30792
-24293
-14202
-2009
10483
21426
29201
32652
31267
25247
15482
3419
-9153
-20369
-28563
-32514
-31633
-26047
-16586
-4654
7973
19415
27967
32350
31910
26709
17520
5712
-6950
-18577
-27428
-32179
-32116
-27244
-18292
-6597
6088
17864
26962
32015
32263
27666
18910
7310
-5391
-17284
-26579
-31872
-32366
-27983
-19380
-7852
4862
16845
26287
31760
32433
28203
19707
8226
-4501
-16550
-26094
-31684
-32472
-28334
-19895
-8434
4310
16402
26003
31651
32486
28377
19946
8475
-4288
-16402
-26016
-31662
-32478
-28334
-19861
-8351
4437
16550
26133
31717
32445
28203
19638
8060
-4756
-16845
-26351
-31812
-32386
-27983
-19276
-7602
5243
17284
26666
31941
32293
27666
18769
6975
-5898
-17864
-27071
-32095
-32157
-27244
-18113
-6176
6719
18577
27557
32265
31968
26709
17302
5205
-7702
-19415
-28111
-32434
-31710
-26047
-16326
-4058
8843
20369
28719
32588
31368
25247
15179
2736
-10137
-21426
-29364
-32705
-30922
-24293
-13853
-1238
11573
22570
30025
32764
30353
23169
12339
-434
-13142
-23783
-30678
-32739
-29638
-21861
-10632
2276
14829
25041
31296
32604
28754
20353
8727
-4282
-16616
-26318
-31849
-32328
-27676
-18630
-6622
6439
18480
27585
32302
31880
26381
16679
4318
-8734
-20396
-28806
-32620
-31227
-24845
-14492
-1820
11144
22329
29942
32763
30335
23047
12062
-859
-13645
-24243
-30951
-32688
-29173
-20967
-9388
3703
16202
26094
31785
32354
27709
18593
6476
-6688
-18775
-27832
-32393
-31718
-25913
-15915
-3339
9779
21317
29402
32723
30737
23764
12933
0
-12935
-23772
-30745
-32720
-29372
-21243
-9654
3510
16105
26077
31798
32332
27590
18342
6096
-7147
-19226
-28162
-32493
-31507
-25362
-15061
-2291
10856
22227
29953
32765
30198
22670
11416
-1716
-14569
-25028
-31370
-32548
-28366
-19509
-7435
5867
18204
27539
32330
31782
25982
15887
3163
-10086
-21669
-29667
-32753
-30413
-23032
-11831
1334
14281
24860
31312
32563
28403
19519
7387
-5976
-18347
-27666
-32377
-31693
-25725
-15465
-2622
10659
22164
29968
32766
30086
22374
10917
-2369
-15261
-25599
-31650
-32396
-27709
-18372
-5950
7473
19643
28516
32596
31195
24546
13765
664
-12550
-23653
-30771
-32702
-29116
-20616
-8634
4807
17440
27128
32230
31881
26137
15968
3092
-10308
-21966
-29901
-32766
-30072
-22272
-10689
2711
15653
25937
31812
32275
27244
17574
4908
-8595
-20637
-29162
-32712
-30681
-23411
-12140
1206
14349
25041
31451
32480
27948
18630
6117
-7445
-19735
-28641
-32634
-31026
-24089
-13013
301
13567
24501
31222
32570
28309
19172
6728
-6876
-19298
-28393
-32589
-31159
-24347
-13326
0
13328
24354
31166
32585
28360
19220
6748
-6896
-19347
-28443
-32604
-31103
-24198
-13087
301
13640
24608
31294
32533
28105
18778
6176
-7504
-19879
-28786
-32669
-30847
-23635
-12290
1206
14493
25247
31583
32389
27520
17828
5008
-8692
-20870
-29387
-32745
-30352
-22624
-10917
2711
15865
26229
31977
32094
26556
16335
3233
-10442
-22277
-30182
-32757
-29546
-21112
-8944
4807
17712
27483
32390
31559
25136
14256
845
-12717
-24026
-31070
-32598
-28334
-19032
-6345
7473
19964
28903
32697
30666
23169
11540
-2148
-15456
-26008
-31918
-32127
-26596
-16309
-3103
10659
22517
30346
32741
29270
20553
8148
-5719
-18563
-28078
-32552
-31179
-24202
-12874
771
14281
25223
31625
32332
27214
17189
4062
-9798
-21894
-30040
-32762
-29565
-21025
-8682
5233
18204
27882
32514
31257
24336
13002
-691
-14262
-25247
-31650
-32307
-27094
-16955
-3732
10171
22227
30239
32747
29289
20494
7961
-6025
-18915
-28356
-32621
-30929
-23586
-11931
1907
15400
26077
31982
32033
26215
15592
2109
-11762
-23479
-30889
-32629
-28377
-18910
-5966
8077
20637
29402
32756
30080
21861
9613
-4409
-17621
-27585
-32459
-31342
-24435
-13013
816
14497
25499
31785
32188
26631
16140
2656
-11322
-23203
-30782
-32650
-28456
-18976
-5969
8148
20755
29503
32763
29925
21514
9095
-5021
-18204
-27995
-32564
-31058
-23753
-12011
1977
15598
26305
32095
31880
25698
14703
952
-12978
-24480
-31393
-32418
-27360
-17165
-3744
10381
22559
30497
32702
28754
19394
6380
-7836
-20580
-29446
-32762
-29899
-21393
-8847
5370
18577
28275
32630
30814
23169
11138
-3003
-16579
-27016
-32334
-31523
-24733
-13249
751
14612
25700
31906
32048
26096
15179
1372
-12698
-24354
-31371
-32412
-27273
-16932
-3359
10856
23003
30758
32638
28280
18514
5205
-9101
-21669
-30089
-32747
-29131
-19930
-6905
7445
20371
29387
32762
29844
21189
8460
-5898
-19125
-28673
-32702
-30433
-22301
-9868
4468
17946
27963
32585
30916
23274
11134
-3159
-16845
-27275
-32428
-31305
-24119
-12260
1977
15833
26622
32247
31615
24845
13249
-923
-14918
-26016
-32055
-31858
-25461
-14105
0
14107
25468
31864
32046
25975
14832
792
-13405
-24986
-31684
-32188
-26395
-15435
-1452
12817
24578
31525
32292
26727
15917
1981
-12345
-24250
-31393
-32366
-26976
-16280
-2378
11993
24006
31293
32415
27148
16527
2644
-11762
-23850
-31230
-32442
-27244
-16660
-2779
11653
23783
31206
32451
27267
16679
2783
-11667
-23806
-31222
-32441
-27217
-16586
-2656
11803
23919
31277
32412
27094
16378
2398
-12062
-24120
-31370
-32361
-26894
-16056
-2009
12441
24407
31496
32285
26615
15616
1488
-12939
-24777
-31650
-32178
-26251
-15055
-836
13553
25223
31826
32033
25797
14372
52
-14280
-25739
-32015
-31841
-25247
-13561
863
15115
26318
32208
31592
24592
12618
-1908
-16052
-26950
-32393
-31276
-23823
-11540
3083
17085
27622
32556
30880
22932
10324
-4384
-18204
-28323
-32682
-30389
-21909
-8965
5807
19399
29038
32755
29790
20744
7461
-7347
-20658
-29748
-32757
-29067
-19428
-5811
8997
21966
30436
32669
28203
17952
4016
-10746
-23305
-31079
-32468
-27184
-16309
-2077
12583
24657
31656
32135
25992
14491
0
-14493
-25999
-32139
-31644
-24613
-12494
2208
16457
27304
32503
30975
23032
10317
-4537
-18454
-28547
-32719
-30103
-21238
-7961
6971
20458
29694
32757
29007
19220
5431
-9491
-22439
-30713
-32587
-27666
-16973
-2736
12073
24364
31568
32177
26060
14492
-108
-14689
-26197
-32222
-31498
-24174
-11781
3083
17304
27896
32634
30520
21996
8847
-6162
-19879
-29416
-32766
-29219
-19519
-5706
9311
22368
30711
32578
27570
16743
2378
-12491
-24723
-31732
-32033
-25558
-13674
1105
15653
26888
32428
31095
23169
10328
-4707
-18745
-28806
-32750
-29736
-20402
-6728
8378
21705
30414
32650
27932
17262
2911
-12062
-24465
-31651
-32083
-25665
-13765
1077
15692
26955
32455
31012
22932
9941
-5180
-19194
-29098
-32765
-29406
-19738
-5832
9326
22486
30817
32526
27244
16102
1495
-13436
-25478
-32035
-31693
-24521
-12062
2999
17416
28078
32680
30226
21243
7668
-7565
-21167
-30192
-32685
-28105
-17438
-2992
12103
24578
31727
31995
25321
13150
-1876
-16499
-27539
-32596
-30567
-21889
-8448
6833
20630
29936
32722
28377
17845
3419
-11753
-24364
-31659
-32040
-25423
-13249
1823
16499
27568
32607
30508
21729
8189
-7147
-20920
-30108
-32693
-28105
-17347
-2779
12401
24860
31856
31850
24838
12360
-2839
-17416
-28160
-32702
-30037
-20749
-6884
8501
22013
30668
32552
27244
15915
1066
-14020
-26008
-32243
-31342
-23500
-10451
4915
19194
29220
32766
29042
18871
4509
-10856
-23813
-31479
-32147
-25665
-13473
1720
16533
27666
32637
30335
21271
7461
-8015
-21705
-30552
-32578
-27327
-15968
-1038
14125
26133
32294
31228
23169
9920
-5554
-19786
-29584
-32748
-28565
-17970
-3339
12043
24723
31849
31816
24627
11897
-3511
-18132
-28673
-32755
-29458
-19519
-5177
10334
23516
31393
32182
25702
13414
-1907
-16800
-27896
-32682
-30072
-20653
-6555
9029
22570
30997
32395
26445
14492
-751
-15827
-27310
-32589
-30461
-21406
-7481
8148
21926
30713
32507
26894
15151
-48
-15238
-26955
-32522
-30664
-21804
-7961
7702
21608
30575
32549
27076
15403
202
-15047
-26852
-32503
-30703
-21861
-8002
7696
21629
30598
32538
27001
15255
0
-15257
-27007
-32541
-30582
-21579
-7602
8129
21989
30779
32468
26664
14703
-655
-15865
-27411
-32621
-30288
-20948
-6758
8997
22672
31098
32318
26047
13736
-1763
-16855
-28038
-32713
-29790
-19946
-5464
10289
23653
31516
32046
25116
12336
-3319
-18204
-28847
-32766
-29042
-18541
-3711
11987
24889
31977
31593
23823
10480
-5316
-19871
-29777
-32711
-27983
-16697
-1495
14059
26318
32404
30885
22114
8148
-7733
-21801
-30745
-32460
-26539
-14372
1180
16457
27860
32699
29832
19930
5325
-10537
-23916
-31650
-31910
-24631
-11530
4298
19113
29409
32747
28334
17210
2009
-13670
-26112
-32365
-30942
-22178
-8148
7817
21929
30833
32412
26285
13907
-1780
-17047
-28259
-32743
-29429
-19103
-4222
11667
24777
31977
31548
23586
9991
-5992
-20546
-30192
-32619
-27244
-15350
219
15739
27492
32660
30001
20149
5464
-10533
-24006
-31719
-31816
-24270
-10892
5106
19879
29873
32681
27625
15917
373
-15261
-27221
-32621
-30156
-20416
-5748
10308
23879
31684
31836
24293
10875
-5173
-19973
-29942
-32665
-27477
-15633
0
15636
27483
32666
29925
19920
5078
-10999
-24407
-31886
-31615
-23656
-9941
6193
20824
30386
32549
26782
14487
-1341
-16845
-28242
-32749
-29262
-18630
-3445
12583
25539
32252
31078
22301
8064
-8148
-22368
-31111
-32231
-25451
-12429
3643
18824
29387
32737
28047
16465
836
-15001
-27152
-32625
-30072
-20115
-5205
10989
24479
31937
31523
23335
9388
-6876
-21447
-30723
-32412
-26092
-13322
2743
18132
29038
32759
28371
16955
1338
-14612
-26944
-32596
-30164
-20247
-5304
10958
24501
31960
31477
23169
9099
-7236
-21774
-30894
-32323
-25702
-12676
3510
18824
29446
32724
27837
16000
166
-15711
-27666
-32707
-29572
-19041
-3744
12491
25602
32304
30916
21780
7184
-9215
-23305
-31551
-31880
-24205
-10451
5930
20824
30486
32483
26311
13518
-2679
-18204
-29147
-32749
-28098
-16364
-502
15488
27574
32702
29574
18976
3583
-12717
-25806
-32371
-30748
-21345
-6538
9926
23879
31785
31636
23467
9346
-7147
-21830
-30974
-32254
-25342
-11991
4409
19692
29968
32623
26976
14462
-1736
-17495
-28798
-32764
-28377
-16752
-852
15267
27492
32699
29554
18857
3339
-13034
-26077
-32450
-30520
-20777
-5712
10817
24578
32042
31291
22515
7961
-8637
-23021
-31496
-31881
-24075
-10079
6509
21426
30833
32307
25463
12062
-4448
-19815
-30076
-32585
-26689
-13907
2465
18204
29244
32732
27762
15616
-569
-16610
-28356
-32765
-28692
-17189
-1231
15047
27428
32699
29490
18630
2932
-13528
-26478
-32552
-30168
-19943
-4530
12062
25519
32337
30737
21133
6022
-10659
-24565
-32068
-31208
-22206
-7407
9326
23628
31760
31593
23169
8686
-8070
-22719
-31423
-31903
-24028
-9858
6896
21846
31070
32147
24790
10926
-5807
-21019
-30711
-32336
-25461
-11891
4807
20244
30356
32478
26047
12755
-3899
-19528
-30012
-32581
-26556
-13521
3083
18877
29687
32654
26991
14192
-2362
-18294
-29387
-32703
-27360
-14769
1736
17784
29119
32734
27666
15255
-1206
-17349
-28887
-32752
-27913
-15652
771
16993
28695
32761
28105
15962
-434
-16717
-28547
-32765
-28244
-16186
193
16523
28443
32766
28334
16326
-48
-16412
-28387
-32766
-28374
-16382
0
0
0
0
0
0
0
0
0
0
0
0
0
0
0
0
0
0
0
0
0
0
0
0
0
0
0
0
0
0
0
0
0
0
0
0
0
0
0
0
0
0
0
0
0
0
0
0
0
0
0
0
0
0
0
0
0
0
0
0
0
0
0
0
0
0
0
0
0
0
0
0
0
0
0
0
0
0
0
0
0
0
0
0
0
0
0
0
0
0
0
0
0
0
0
0
0
0
0
0
0
0
0
0
0
0
0
0
0
0
0
0
0
0
0
0
0
0
0
0
0
0
0
0
0
0
0
0
0
0
0
0
0
0
0
0
0
0
0
0
0
0
0
0
0
0
0
0
0
0
0
0
0
0
0
0
0
0
0
0
0
0
0
0
0
0
0
0
0
0
0
0
0
0
0
0
0
0
0
0
0
0
0
0
0
0
0
0
0
0
0
0
0
0
0
0
0
0
0
0
0
0
0
0
0
0
0
0
0
0
0
0
0
0
0
0
0
0
0
0
0
0
0
0
0
0
0
0
0
0
0
0
0
0
0
0
0
0
0
0
0
0
0
0
0
0
0
0
0
0
0
0
0
0
0
0
0
0
0
0
0
0
0
0
0
0
0
0
0
0
0
0
0
0
0
0
0
0
0
0
0
0
0
0
0
0
0
0
0
0
0
0
0
0
0
0
0
0
0
0
0
0
0
0
0
0
0
0
0
0
0
0
0
0
0
0
0
0
0
0
0
0
0
0
0
0
0
0
0
0
0
0
0
0
0
0
0
0
0
0
0
0
0
0
0
0
0
0
0
0
0
0
0
0
0
0
0
0
0
0
0
0
0
0
0
0
0
0
0
0
0
0
0
0
0
0
0
0
0
0
0
0
0
0
0
0
0
0
0
0
0
0
0
0
0
0
0
0
0
0
0
0
0
0
0
0
0
0
0
0
0
0
0
0
0
0
0
0
0
0
0
0
0
0
0
0
0
0
0
0
0
0
0
0
0
0
0
0
0
0
0
0
0
0
0
0
0
0
0
0
0
0
0
0
0
0
0
0
0
0
0
0
0
0
0
0
0
0
0
0
0
0
0
0
0
0
0
0
0
0
0
0
0
0
0
0
0
0
0
0
0
0
0
0
0
0
0
0
0
0
0
0
0
0
0
0
0
0
0
0
0
0
0
0
0
0
0
0
0
0
0
0
0
0
0
0
0
0
0
0
0
0
0
0
0
0
0
0
0
0
0
0
0
0
0
0
0
0
0
0
0
0
0
0
0
0
0
0
0
0
0
0
0
0
0
0
0
0
0
0
0
0
0
0
0
0
0
0
0
0
0
0
0
0
0
0
0
0
0
0
0
0
0
0
0
0
0
0
0
0
0
0
0
0
0
0
0
0
0
0
0
0
0
0
0
0
0
0
0
0
0
0
0
0
0
0
0
0
0
0
0
0
0
0
0
0
0
0
0
0
0
0
0
0
0
0
0
0
0
0
0
0
0
0
0
0
0
0
0
0
0
0
0
0
0
0
0
0
0
0
0
0
0
0
0
0
0
0
0
0
0
0
0
0
0
0
0
0
0
0
0
0
0
0
0
0
0
0
0
0
0
0
0
0
0
0
0
0
0
0
0
0
0
0
0
0
0
0
0
0
0
0
0
0
0
0
0
0
0
0
0
0
0
0
0
0
0
0
0
0
0
0
0
0
0
0
0
0
0
0
0
0
0
0
0
0
0
0
0
0
0
0
0
0
0
0
0
0
0
0
0
0
0
0
0
0
0
0
0
0
0
0
0
0
0
0
0
0
0
0
0
0
0
0
0
0
0
0
0
0
0
0
0
0
0
0
0
0
0
0
0
0
0
0
0
0
0
0
0
0
0
0
0
0
0
0
0
0
0
0
0
0
0
0
0
0
0
0
0
0
0
0
0
0
0
0
0
0
0
0
0
0
0
0
0
0
0
0
0
0
0
0
0
0
0
0
0
0
0
0
0
0
0
0
0
0
0
0
0
0
0
0
0
0
0
0
0
0
0
0
0
0
0
0
0
0
0
0
0
0
0
0
0
0
0
0
0
0
0
0
0
0
0
0
0
0
0
0
0
0
0
0
0
0
0
0
0
0
0
0
0
0
0
0
0
0
0
0
0
0
0
0
0
0
0
0
0
0
0
0
0
0
0
0
0
0
0
0
0
0
14563
14200
13130
11411
9135
6424
3422
285
-2820
-5739
-8324
-10449
-12016
-12960
-13250
-12890
-11918
-10406
-8448
-6160
-3671
-1113
1383
3698
5728
7389
8623
9396
9702
9559
9007
8103
6918
5531
4022
2471
950
-477
-1762
-2868
-3773
-4469
-4956
-5249
-5365
-5327
-5159
-4884
-4522
-4090
-3598
-3054
-2462
-1823
-1140
-413
349
1139
1941
2734
3491
4183
4776
5236
5532
5635
5525
5191
4631
3859
2896
1780
557
-719
-1988
-3189
-4261
-5149
-5806
-6199
-6306
-6122
-5658
-4941
-4011
-2919
-1726
-495
705
1817
2782
3558
4111
4425
4499
4344
3988
3468
2830
2125
1406
721
116
-376
-731
-939
-1001
-932
-758
-514
-239
22
231
348
345
203
-83
-509
-1053
-1682
-2353
-3016
-3615
-4094
-4402
-4493
-4335
-3908
-3208
-2250
-1065
297
1775
3295
4773
6126
7270
8129
8639
8752
8438
7689
6523
4977
3114
1015
-1224
-3496
-5686
-7680
-9373
-10667
-11487
-11777
-11507
-10677
-9312
-7471
-5232
-2702
0
2741
5386
7799
9857
11452
12499
12939
12745
11924
10514
8585
6233
3579
761
-2074
-4782
-7219
-9260
-10799
-11758
-12092
-11789
-10873
-9402
-7462
-5169
-2654
-62
2460
4772
6745
8273
9278
9712
9563
8854
7641
6010
4072
1953
-208
-2276
-4122
-5630
-6713
-7308
-7386
-6953
-6048
-4739
-3121
-1309
569
2386
4015
5347
6290
6781
6787
6308
5377
4058
2439
630
-1245
-3062
-4698
-6043
-7007
-7524
-7560
-7113
-6211
-4913
-3305
-1490
412
2283
4001
5461
6573
7272
7523
7319
6684
5670
4351
2822
1187
-442
-1963
-3280
-4317
-5017
-5351
-5317
-4938
-4262
-3357
-2304
-1191
-110
855
1633
2171
2434
2414
2126
1607
913
114
-708
-1473
-2104
-2533
-2709
-2601
-2203
-1529
-620
463
1647
2844
3961
4910
5611
5997
6023
5667
4933
3850
2472
873
-854
-2611
-4292
-5794
-7026
-7911
-8395
-8444
-8054
-7244
-6060
-4568
-2850
-1001
879
2691
4344
5757
6865
7625
8013
8025
7681
7016
6079
4932
3640
2272
892
-438
-1672
-2767
-3697
-4444
-5001
-5372
-5566
-5596
-5477
-5226
-4857
-4382
-3810
-3149
-2406
-1587
-702
237
1215
2206
3181
4106
4938
5637
6157
6460
6511
6286
5773
4976
3915
2628
1167
-399
-1994
-3532
-4927
-6097
-6968
-7484
-7604
-7313
-6620
-5559
-4186
-2581
-838
938
2639
4159
5403
6294
6774
6815
6417
5608
4445
3008
1396
-278
-1902
-3362
-4556
-5404
-5845
-5851
-5422
-4588
-3411
-1974
-379
1257
2819
4194
5283
6004
6306
6162
5580
4597
3279
1714
9
-1719
-3356
-4789
-5924
-6686
-7025
-6923
-6391
-5468
-4221
-2736
-1116
531
2098
3487
4613
5413
5850
5913
5618
5005
4137
3091
1954
815
-242
-1146
-1841
-2290
-2481
-2427
-2159
-1728
-1199
-642
-131
268
502
533
344
-58
-647
-1371
-2165
-2951
-3644
-4164
-4437
-4407
-4037
-3317
-2263
-920
642
2333
4046
5664
7073
8164
8847
9054
8745
7915
6592
4838
2743
425
-1983
-4341
-6505
-8344
-9746
-10623
-10922
-10623
-9746
-8344
-6505
-4341
-1983
425
2743
4838
6592
7915
8745
9054
8847
8164
7073
5664
4046
2333
642
-920
-2263
-3317
-4037
-4407
-4437
-4164
-3644
-2951
-2165
-1371
-647
-58
344
533
502
268
-131
-642
-1199
-1728
-2159
-2427
-2481
-2290
-1841
-1146
-242
815
1954
3091
4137
5005
5618
5913
5850
5413
4613
3487
2098
531
-1116
-2736
-4221
-5468
-6391
-6923
-7025
-6686
-5924
-4789
-3356
-1719
9
1714
3279
4597
5580
6162
6306
6004
5283
4194
2819
1257
-379
-1974
-3411
-4588
-5422
-5851
-5845
-5404
-4556
-3362
-1902
-278
1396
3008
4445
5608
6417
6815
6774
6294
5403
4159
2639
938
-838
-2581
-4186
-5559
-6620
-7313
-7604
-7484
-6968
-6097
-4927
-3532
-1994
-399
1167
2628
3915
4976
5773
6286
6511
6460
6157
5637
4938
4106
3181
2206
1215
237
-702
-1587
-2406
-3149
-3810
-4382
-4857
-5226
-5477
-5596
-5566
-5372
-5001
-4444
-3697
-2767
-1672
-438
892
2272
3640
4932
6079
7016
7681
8025
8013
7625
6865
5757
4344
2691
879
-1001
-2850
-4568
-6060
-7244
-8054
-8444
-8395
-7911
-7026
-5794
-4292
-2611
-854
873
2472
3850
4933
5667
6023
5997
5611
4910
3961
2844
1647
463
-620
-1529
-2203
-2601
-2709
-2533
-2104
-1473
-708
114
913
1607
2126
2414
2434
2171
1633
855
-110
-1191
-2304
-3357
-4262
-4938
-5317
-5351
-5017
-4317
-3280
-1963
-442
1187
2822
4351
5670
6684
7319
7523
7272
6573
5461
4001
2283
412
-1490
-3305
-4913
-6211
-7113
-7560
-7524
-7007
-6043
-4698
-3062
-1245
630
2439
4058
5377
6308
6787
6781
6290
5347
4015
2386
569
-1309
-3121
-4739
-6048
-6953
-7386
-7308
-6713
-5630
-4122
-2276
-208
1953
4072
6010
7641
8854
9563
9712
9278
8273
6745
4772
2460
-62
-2654
-5169
-7462
-9402
-10873
-11789
-12092
-11758
-10799
-9260
-7219
-4782
-2074
761
3579
6233
8585
10514
11924
12745
12939
12499
11452
9857
7799
5386
2741
0
-2702
-5232
-7471
-9312
-10677
-11507
-11777
-11487
-10667
-9373
-7680
-5686
-3496
-1224
1015
3114
4977
6523
7689
8438
8752
8639
8129
7270
6126
4773
3295
1775
297
-1065
-2250
-3208
-3908
-4335
-4493
-4402
-4094
-3615
-3016
-2353
-1682
-1053
-509
-83
203
345
348
231
22
-239
-514
-758
-932
-1001
-939
-731
-376
116
721
1406
2125
2830
3468
3988
4344
4499
4425
4111
3558
2782
1817
705
-495
-1726
-2919
-4011
-4941
-5658
-6122
-6306
-6199
-5806
-5149
-4261
-3189
-1988
-719
557
1780
2896
3859
4631
5191
5525
5635
5532
5236
4776
4183
3491
2734
1941
1139
349
-413
-1140
-1823
-2462
-3054
-3598
-4090
-4522
-4884
-5159
-5327
-5365
-5249
-4956
-4469
-3773
-2868
-1762
-477
950
2471
4022
5531
6918
8103
9007
9559
9702
9396
8623
7389
5728
3698
1383
-1113
-3671
-6160
-8448
-10406
-11918
-12890
-13250
-12960
-12016
-10449
-8324
-5739
-2820
285
3422
6424
9135
11411
13130
14200
0
0
0
0
0
0
0
0
0
0
0
0
0
0
0
0
0
0
0
0
0
0
0
0
0
0
0
0
0
0
0
0
0
0
0
0
0
0
0
0
0
0
0
0
0
0
0
0
0
0
0
0
0
0
0
0
0
0
0
0
0
0
0
0
0
0
0
-7281
-7141
-6727
-6052
-5140
-4022
-2738
-1334
139
1626
3069
4412
5598
6577
7303
7739
7860
7651
7112
6256
5111
3717
2129
413
-1358
-3107
-4751
-6212
-7416
-8300
-8813
-8922
-8610
-7882
-6765
-5303
-3561
-1620
426
2480
4437
6195
7663
8761
9427
9622
9329
8558
7346
5751
3854
1755
-437
-2606
-4636
-6418
-7856
-8873
-9414
-9453
-8988
-8048
-6690
-4990
-3046
-969
1123
3116
4899
6375
7469
8126
8319
8050
7346
6261
4870
3263
1543
-185
-1820
-3267
-4449
-5307
-5806
-5934
-5705
-5156
-4343
-3336
-2218
-1071
19
983
1759
2305
2597
2636
2440
2048
1515
903
282
-279
-718
-987
-1049
-891
-518
42
746
1531
2326
3051
3631
3995
4085
3864
3314
2444
1287
-100
-1639
-3235
-4784
-6177
-7309
-8090
-8444
-8323
-7706
-6604
-5058
-3141
-951
1393
3760
6011
8012
9640
10791
11390
11390
10782
9591
7876
5729
3267
623
-2056
-4626
-6945
-8892
-10364
-11291
-11632
-11381
-10567
-9248
-7510
-5461
-3218
-909
1342
3422
5233
6695
7757
8390
8594
8393
7831
6971
5884
4650
3346
2046
813
-304
-1269
-2065
-2685
-3141
-3451
-3641
-3741
-3779
-3779
-3759
-3727
-3682
-3614
-3507
-3339
-3084
-2720
-2229
-1603
-840
43
1024
2061
3107
4104
4992
5711
6206
6432
6358
5969
5273
4293
3074
1679
183
-1328
-2770
-4055
-5107
-5864
-6280
-6335
-6030
-5391
-4466
-3322
-2043
-718
559
1701
2629
3284
3626
3641
3339
2757
1953
1002
-5
-976
-1820
-2452
-2807
-2838
-2526
-1880
-935
243
1573
2952
4269
5412
6276
6771
6829
6411
5511
4155
2404
347
-1897
-4196
-6406
-8382
-9989
-11111
-11656
-11570
-10831
-9461
-7520
-5103
-2336
629
3630
6498
9071
11202
12770
13685
13896
13391
12200
10392
8070
5364
2425
-585
-3507
-6189
-8493
-10311
-11563
-12203
-12223
-11647
-10532
-8963
-7045
-4897
-2642
-403
1704
3583
5155
6364
7180
7597
7632
7323
6723
5896
4911
3839
2747
1692
721
-128
-839
-1401
-1820
-2109
-2289
-2384
-2421
-2423
-2409
-2394
-2385
-2381
-2378
-2363
-2322
-2240
-2102
-1896
-1614
-1254
-822
-328
208
767
1323
1847
2314
2699
2983
3151
3196
3118
2922
2623
2238
1790
1301
797
299
-170
-598
-973
-1287
-1539
-1732
-1871
-1963
-2017
-2040
-2037
-2011
-1963
-1892
-1791
-1655
-1477
-1251
-973
-643
-262
158
609
1072
1525
1946
2311
2597
2784
2857
2806
2631
2338
1941
1461
926
367
-182
-690
-1128
-1471
-1704
-1820
-1820
-1717
-1530
-1286
-1017
-756
-534
-377
-307
-334
-457
-664
-934
-1234
-1524
-1762
-1905
-1912
-1752
-1406
-867
-146
728
1715
2754
3777
4709
5472
5995
6214
6085
5581
4701
3467
1930
163
-1739
-3668
-5505
-7131
-8434
-9317
-9702
-9545
-8829
-7575
-5839
-3709
-1301
1245
3779
6147
8199
9801
10847
11262
11009
10093
8563
6505
4042
1323
-1481
-4198
-6655
-8695
-10187
-11034
-11180
-10613
-9370
-7529
-5208
-2557
251
3035
5613
7817
9503
10561
10922
10561
9503
7817
5613
3035
251
-2557
-5208
-7529
-9370
-10613
-11180
-11034
-10187
-8695
-6655
-4198
-1481
1323
4042
6505
8563
10093
11009
11262
10847
9801
8199
6147
3779
1245
-1301
-3709
-5839
-7575
-8829
-9545
-9702
-9317
-8434
-7131
-5505
-3668
-1739
163
1930
3467
4701
5581
6085
6214
5995
5472
4709
3777
2754
1715
728
-146
-867
-1406
-1752
-1912
-1905
-1762
-1524
-1234
-934
-664
-457
-334
-307
-377
-534
-756
-1017
-1286
-1530
-1717
-1820
-1820
-1704
-1471
-1128
-690
-182
367
926
1461
1941
2338
2631
2806
2857
2784
2597
2311
1946
1525
1072
609
158
-262
-643
-973
-1251
-1477
-1655
-1791
-1892
-1963
-2011
-2037
-2040
-2017
-1963
-1871
-1732
-1539
-1287
-973
-598
-170
299
797
1301
1790
2238
2623
2922
3118
3196
3151
2983
2699
2314
1847
1323
767
208
-328
-822
-1254
-1614
-1896
-2102
-2240
-2322
-2363
-2378
-2381
-2385
-2394
-2409
-2423
-2421
-2384
-2289
-2109
-1820
-1401
-839
-128
721
1692
2747
3839
4911
5896
6723
7323
7632
7597
7180
6364
5155
3583
1704
-403
-2642
-4897
-7045
-8963
-10532
-11647
-12223
-12203
-11563
-10311
-8493
-6189
-3507
-585
2425
5364
8070
10392
12200
13391
13896
13685
12770
11202
9071
6498
3630
629
-2336
-5103
-7520
-9461
-10831
-11570
-11656
-11111
-9989
-8382
-6406
-4196
-1897
347
2404
4155
5511
6411
6829
6771
6276
5412
4269
2952
1573
243
-935
-1880
-2526
-2838
-2807
-2452
-1820
-976
-5
1002
1953
2757
3339
3641
3626
3284
2629
1701
559
-718
-2043
-3322
-4466
-5391
-6030
-6335
-6280
-5864
-5107
-4055
-2770
-1328
183
1679
3074
4293
5273
5969
6358
6432
6206
5711
4992
4104
3107
2061
1024
43
-840
-1603
-2229
-2720
-3084
-3339
-3507
-3614
-3682
-3727
-3759
-3779
-3779
-3741
-3641
-3451
-3141
-2685
-2065
-1269
-304
813
2046
3346
4650
5884
6971
7831
8393
8594
8390
7757
6695
5233
3422
1342
-909
-3218
-5461
-7510
-9248
-10567
-11381
-11632
-11291
-10364
-8892
-6945
-4626
-2056
623
3267
5729
7876
9591
10782
11390
11390
10791
9640
8012
6011
3760
1393
-951
-3141
-5058
-6604
-7706
-8323
-8444
-8090
-7309
-6177
-4784
-3235
-1639
-100
1287
2444
3314
3864
4085
3995
3631
3051
2326
1531
746
42
-518
-891
-1049
-987
-718
-279
282
903
1515
2048
2440
2636
2597
2305
1759
983
19
-1071
-2218
-3336
-4343
-5156
-5705
-5934
-5806
-5307
-4449
-3267
-1820
-185
1543
3263
4870
6261
7346
8050
8319
8126
7469
6375
4899
3116
1123
-969
-3046
-4990
-6690
-8048
-8988
-9453
-9414
-8873
-7856
-6418
-4636
-2606
-437
1755
3854
5751
7346
8558
9329
9622
9427
8761
7663
6195
4437
2480
426
-1620
-3561
-5303
-6765
-7882
-8610
-8922
-8813
-8300
-7416
-6212
-4751
-3107
-1358
413
2129
3717
5111
6256
7112
7651
7860
7739
7303
6577
5598
4412
3069
1626
139
-1334
-2738
-4022
-5140
-6052
-6727
-7141
0
0
0
0
0
0
0
0
0
0
0
0
0
0
0
0
0
0
0
0
0
0
0
0
0
0
0
0
0
0
0
0
0
0
0
0
0
0
0
0
0
0
0
0
0
0
0
0
0
0
0
0
0
0
0
0
0
0
0
0
0
0
0
0
0
0
0
10922
10589
9611
8052
6012
3625
1043
-1568
-4045
-6232
-7997
-9234
-9878
-9900
-9314
-8175
-6571
-4620
-2458
-235
1903
3820
5399
6549
7213
7369
7033
6252
5106
3695
2135
547
-948
-2246
-3260
-3929
-4220
-4132
-3694
-2964
-2017
-949
141
1153
1997
2596
2897
2873
2524
1878
989
-67
-1203
-2321
-3321
-4113
-4622
-4791
-4590
-4018
-3099
-1888
-458
1094
2666
4147
5434
6432
7067
7286
7066
6409
5351
3950
2289
467
-1406
-3220
-4865
-6245
-7281
-7916
-8117
-7882
-7229
-6207
-4880
-3330
-1651
62
1716
3226
4518
5536
6242
6618
6668
6410
5879
5122
4194
3152
2053
952
-105
-1081
-1946
-2682
-3280
-3736
-4054
-4243
-4311
-4267
-4120
-3875
-3536
-3106
-2586
-1978
-1287
-522
301
1163
2036
2885
3671
4352
4883
5225
5342
5210
4815
4158
3257
2146
874
-494
-1887
-3222
-4418
-5398
-6093
-6451
-6436
-6036
-5264
-4156
-2771
-1189
493
2174
3745
5101
6152
6821
7058
6838
6168
5080
3640
1935
72
-1828
-3645
-5255
-6551
-7443
-7867
-7787
-7203
-6145
-4675
-2883
-880
1208
3250
5117
6690
7869
8580
8778
8451
7621
6340
4690
2775
713
-1369
-3347
-5104
-6540
-7578
-8167
-8287
-7947
-7185
-6064
-4667
-3091
-1439
186
1689
2990
4026
4756
5164
5258
5067
4637
4030
3313
2557
1828
1181
659
288
74
5
54
179
327
444
477
379
115
-333
-964
-1758
-2674
-3655
-4630
-5517
-6234
-6703
-6853
-6633
-6012
-4983
-3569
-1820
189
2362
4582
6725
8662
10270
11440
12083
12138
11574
10396
8645
6395
3750
841
-2185
-5173
-7963
-10408
-12374
-13754
-14473
-14489
-13799
-12438
-10475
-8013
-5180
-2123
1003
4040
6837
9258
11191
12550
13282
13367
12822
11692
10053
8004
5663
3156
613
-1838
-4084
-6023
-7578
-8693
-9340
-9515
-9240
-8559
-7533
-6238
-4760
-3185
-1603
-92
1275
2444
3371
4033
4421
4546
4429
4106
3621
3024
2367
1701
1071
517
71
-249
-433
-484
-413
-242
0
281
567
821
1011
1108
1093
952
681
286
-216
-804
-1446
-2106
-2743
-3318
-3790
-4125
-4292
-4269
-4045
-3616
-2991
-2190
-1242
-185
935
2070
3167
4174
5042
5727
6194
6416
6377
6075
5517
4724
3727
2565
1287
-55
-1406
-2711
-3917
-4976
-5846
-6494
-6898
-7044
-6929
-6561
-5957
-5142
-4147
-3012
-1776
-484
819
2092
3293
4383
5327
6097
6668
7021
7143
7027
6674
6090
5287
4287
3116
1807
402
-1054
-2513
-3920
-5219
-6357
-7281
-7945
-8311
-8349
-8043
-7392
-6410
-5126
-3587
-1852
5
1902
3751
5461
6946
8127
8937
9328
9270
8757
7807
6461
4785
2862
791
-1317
-3350
-5197
-6755
-7936
-8673
-8926
-8680
-7950
-6780
-5240
-3422
-1436
598
2558
4325
5793
6874
7504
7648
7302
6493
5277
3738
1977
112
-1732
-3435
-4884
-5983
-6661
-6874
-6609
-5887
-4756
-3296
-1605
200
1998
3664
5086
6165
6827
7026
6747
6008
4856
3370
1648
-193
-2031
-3741
-5208
-6333
-7040
-7281
-7040
-6333
-5208
-3741
-2031
-193
1648
3370
4856
6008
6747
7026
6827
6165
5086
3664
1998
200
-1605
-3296
-4756
-5887
-6609
-6874
-6661
-5983
-4884
-3435
-1732
112
1977
3738
5277
6493
7302
7648
7504
6874
5793
4325
2558
598
-1436
-3422
-5240
-6780
-7950
-8680
-8926
-8673
-7936
-6755
-5197
-3350
-1317
791
2862
4785
6461
7807
8757
9270
9328
8937
8127
6946
5461
3751
1902
5
-1852
-3587
-5126
-6410
-7392
-8043
-8349
-8311
-7945
-7281
-6357
-5219
-3920
-2513
-1054
402
1807
3116
4287
5287
6090
6674
7027
7143
7021
6668
6097
5327
4383
3293
2092
819
-484
-1776
-3012
-4147
-5142
-5957
-6561
-6929
-7044
-6898
-6494
-5846
-4976
-3917
-2711
-1406
-55
1287
2565
3727
4724
5517
6075
6377
6416
6194
5727
5042
4174
3167
2070
935
-185
-1242
-2190
-2991
-3616
-4045
-4269
-4292
-4125
-3790
-3318
-2743
-2106
-1446
-804
-216
286
681
952
1093
1108
1011
821
567
281
0
-242
-413
-484
-433
-249
71
517
1071
1701
2367
3024
3621
4106
4429
4546
4421
4033
3371
2444
1275
-92
-1603
-3185
-4760
-6238
-7533
-8559
-9240
-9515
-9340
-8693
-7578
-6023
-4084
-1838
613
3156
5663
8004
10053
11692
12822
13367
13282
12550
11191
9258
6837
4040
1003
-2123
-5180
-8013
-10475
-12438
-13799
-14489
-14473
-13754
-12374
-10408
-7963
-5173
-2185
841
3750
6395
8645
10396
11574
12138
12083
11440
10270
8662
6725
4582
2362
189
-1820
-3569
-4983
-6012
-6633
-6853
-6703
-6234
-5517
-4630
-3655
-2674
-1758
-964
-333
115
379
477
444
327
179
54
5
74
288
659
1181
1828
2557
3313
4030
4637
5067
5258
5164
4756
4026
2990
1689
186
-1439
-3091
-4667
-6064
-7185
-7947
-8287
-8167
-7578
-6540
-5104
-3347
-1369
713
2775
4690
6340
7621
8451
8778
8580
7869
6690
5117
3250
1208
-880
-2883
-4675
-6145
-7203
-7787
-7867
-7443
-6551
-5255
-3645
-1828
72
1935
3640
5080
6168
6838
7058
6821
6152
5101
3745
2174
493
-1189
-2771
-4156
-5264
-6036
-6436
-6451
-6093
-5398
-4418
-3222
-1887
-494
874
2146
3257
4158
4815
5210
5342
5225
4883
4352
3671
2885
2036
1163
301
-522
-1287
-1978
-2586
-3106
-3536
-3875
-4120
-4267
-4311
-4243
-4054
-3736
-3280
-2682
-1946
-1081
-105
952
2053
3152
4194
5122
5879
6410
6668
6618
6242
5536
4518
3226
1716
62
-1651
-3330
-4880
-6207
-7229
-7882
-8117
-7916
-7281
-6245
-4865
-3220
-1406
467
2289
3950
5351
6409
7066
7286
7067
6432
5434
4147
2666
1094
-458
-1888
-3099
-4018
-4590
-4791
-4622
-4113
-3321
-2321
-1203
-67
989
1878
2524
2873
2897
2596
1997
1153
141
-949
-2017
-2964
-3694
-4132
-4220
-3929
-3260
-2246
-948
547
2135
3695
5106
6252
7033
7369
7213
6549
5399
3820
1903
-235
-2458
-4620
-6571
-8175
-9314
-9900
-9878
-9234
-7997
-6232
-4045
-1568
1043
3625
6012
8052
9611
10589
0
0
0
0
0
0
0
0
0
0
0
0
0
0
0
0
0
0
0
0
0
0
0
0
0
0
0
0
0
0
0
0
0
0
0
0
0
0
0
0
0
0
0
0
0
0
0
0
0
0
0
0
0
0
0
0
0
0
0
0
0
0
0
0
0
0
0
14563
14154
12952
11031
8508
5535
2294
-1023
-4222
-7116
-9542
-11371
-12512
-12917
-12589
-11572
-9954
-7856
-5424
-2820
-209
2251
4422
6190
7473
8227
8445
8158
7427
6340
5003
3533
2046
649
-566
-1532
-2204
-2569
-2640
-2457
-2077
-1575
-1030
-522
-124
108
136
-53
-452
-1027
-1724
-2474
-3197
-3810
-4236
-4407
-4275
-3815
-3025
-1932
-590
925
2521
4093
5532
6733
7605
8075
8094
7645
6740
5422
3763
1859
-176
-2220
-4148
-5843
-7201
-8142
-8614
-8593
-8091
-7148
-5833
-4239
-2474
-653
1106
2697
4025
5021
5638
5861
5702
5200
4418
3435
2343
1236
205
-669
-1326
-1724
-1847
-1702
-1324
-766
-98
600
1247
1761
2076
2141
1925
1424
658
-327
-1466
-2676
-3861
-4924
-5772
-6321
-6506
-6287
-5650
-4609
-3208
-1519
365
2336
4272
6054
7567
8712
9410
9609
9289
8459
7161
5467
3472
1290
-955
-3137
-5133
-6833
-8148
-9012
-9389
-9271
-8681
-7670
-6311
-4694
-2924
-1105
655
2264
3640
4723
5475
5879
5945
5701
5196
4489
3649
2747
1851
1023
310
-252
-648
-875
-949
-897
-758
-575
-394
-259
-206
-262
-442
-746
-1162
-1662
-2210
-2761
-3266
-3673
-3937
-4020
-3892
-3539
-2961
-2175
-1209
-107
1075
2278
3437
4486
5366
6026
6426
6538
6353
5876
5125
4138
2959
1645
258
-1137
-2478
-3704
-4764
-5614
-6222
-6569
-6646
-6458
-6021
-5359
-4507
-3503
-2390
-1215
-21
1147
2249
3249
4115
4820
5346
5677
5807
5733
5461
4999
4364
3578
2666
1659
591
-499
-1574
-2592
-3515
-4304
-4928
-5358
-5572
-5560
-5317
-4850
-4178
-3326
-2331
-1236
-91
1051
2139
3119
3945
4576
4983
5145
5056
4722
4160
3401
2484
1459
379
-698
-1718
-2629
-3383
-3943
-4282
-4385
-4249
-3884
-3312
-2566
-1687
-722
275
1256
2166
2960
3596
4041
4273
4278
4054
3611
2969
2155
1208
170
-909
-1981
-2994
-3898
-4648
-5203
-5530
-5604
-5413
-4952
-4231
-3271
-2103
-771
671
2164
3640
5030
6262
7269
7992
8378
8389
8004
7217
6043
4517
2694
645
-1539
-3760
-5911
-7880
-9562
-10858
-11687
-11984
-11712
-10861
-9450
-7528
-5173
-2488
400
3354
6224
8862
11127
12895
14064
14561
14347
13422
11821
9619
6921
3861
596
-2707
-5878
-8752
-11178
-13031
-14216
-14677
-14393
-13388
-11723
-9495
-6832
-3883
-812
2215
5036
7506
9499
10922
11718
11863
11376
10309
8745
6796
4591
2269
-28
-2170
-4036
-5532
-6590
-7170
-7269
-6911
-6150
-5064
-3748
-2308
-853
512
1695
2618
3230
3500
3426
3032
2364
1487
483
-560
-1555
-2416
-3070
-3459
-3548
-3321
-2789
-1983
-957
219
1466
2695
3819
4756
5435
5804
5828
5495
4817
3827
2580
1146
-390
-1940
-3411
-4717
-5780
-6536
-6942
-6973
-6628
-5928
-4914
-3645
-2195
-647
911
2392
3715
4809
5618
6101
6241
6038
5511
4701
3661
2458
1165
-139
-1379
-2483
-3392
-4057
-4447
-4546
-4357
-3900
-3213
-2344
-1352
-305
728
1683
2497
3119
3508
3640
3508
3119
2497
1683
728
-305
-1352
-2344
-3213
-3900
-4357
-4546
-4447
-4057
-3392
-2483
-1379
-139
1165
2458
3661
4701
5511
6038
6241
6101
5618
4809
3715
2392
911
-647
-2195
-3645
-4914
-5928
-6628
-6973
-6942
-6536
-5780
-4717
-3411
-1940
-390
1146
2580
3827
4817
5495
5828
5804
5435
4756
3819
2695
1466
219
-957
-1983
-2789
-3321
-3548
-3459
-3070
-2416
-1555
-560
483
1487
2364
3032
3426
3500
3230
2618
1695
512
-853
-2308
-3748
-5064
-6150
-6911
-7269
-7170
-6590
-5532
-4036
-2170
-28
2269
4591
6796
8745
10309
11376
11863
11718
10922
9499
7506
5036
2215
-812
-3883
-6832
-9495
-11723
-13388
-14393
-14677
-14216
-13031
-11178
-8752
-5878
-2707
596
3861
6921
9619
11821
13422
14347
14561
14064
12895
11127
8862
6224
3354
400
-2488
-5173
-7528
-9450
-10861
-11712
-11984
-11687
-10858
-9562
-7880
-5911
-3760
-1539
645
2694
4517
6043
7217
8004
8389
8378
7992
7269
6262
5030
3640
2164
671
-771
-2103
-3271
-4231
-4952
-5413
-5604
-5530
-5203
-4648
-3898
-2994
-1981
-909
170
1208
2155
2969
3611
4054
4278
4273
4041
3596
2960
2166
1256
275
-722
-1687
-2566
-3312
-3884
-4249
-4385
-4282
-3943
-3383
-2629
-1718
-698
379
1459
2484
3401
4160
4722
5056
5145
4983
4576
3945
3119
2139
1051
-91
-1236
-2331
-3326
-4178
-4850
-5317
-5560
-5572
-5358
-4928
-4304
-3515
-2592
-1574
-499
591
1659
2666
3578
4364
4999
5461
5733
5807
5677
5346
4820
4115
3249
2249
1147
-21
-1215
-2390
-3503
-4507
-5359
-6021
-6458
-6646
-6569
-6222
-5614
-4764
-3704
-2478
-1137
258
1645
2959
4138
5125
5876
6353
6538
6426
6026
5366
4486
3437
2278
1075
-107
-1209
-2175
-2961
-3539
-3892
-4020
-3937
-3673
-3266
-2761
-2210
-1662
-1162
-746
-442
-262
-206
-259
-394
-575
-758
-897
-949
-875
-648
-252
310
1023
1851
2747
3649
4489
5196
5701
5945
5879
5475
4723
3640
2264
655
-1105
-2924
-4694
-6311
-7670
-8681
-9271
-9389
-9012
-8148
-6833
-5133
-3137
-955
1290
3472
5467
7161
8459
9289
9609
9410
8712
7567
6054
4272
2336
365
-1519
-3208
-4609
-5650
-6287
-6506
-6321
-5772
-4924
-3861
-2676
-1466
-327
658
1424
1925
2141
2076
1761
1247
600
-98
-766
-1324
-1702
-1847
-1724
-1326
-669
205
1236
2343
3435
4418
5200
5702
5861
5638
5021
4025
2697
1106
-653
-2474
-4239
-5833
-7148
-8091
-8593
-8614
-8142
-7201
-5843
-4148
-2220
-176
1859
3763
5422
6740
7645
8094
8075
7605
6733
5532
4093
2521
925
-590
-1932
-3025
-3815
-4275
-4407
-4236
-3810
-3197
-2474
-1724
-1027
-452
-53
136
108
-124
-522
-1030
-1575
-2077
-2457
-2640
-2569
-2204
-1532
-566
649
2046
3533
5003
6340
7427
8158
8445
8227
7473
6190
4422
2251
-209
-2820
-5424
-7856
-9954
-11572
-12589
-12917
-12512
-11371
-9542
-7116
-4222
-1023
2294
5535
8508
11031
12952
14154
0
0
0
0
0
0
0
0
0
0
0
0
0
0
0
0
0
0
0
0
0
0
0
0
0
0
0
0
0
0
0
0
0
0
0
0
0
0
0
0
0
0
0
0
0
0
0
0
0
0
0
0
0
0
0
0
0
0
0
0
0
0
0
0
0
0
0
