0
4278
8485
12550
16402
19973
23203
26035
28419
30314
31684
32507
32766
32456
31581
30156
28203
25758
22860
19561
15917
11991
7852
3573
-771
-5106
-9352
-13436
-17284
-20829
-24006
-26759
-29038
-30801
-32015
-32660
-32720
-32196
-31094
-29434
-27244
-24563
-21439
-17925
-14087
-9991
-5712
-1327
3083
7441
11667
15683
19415
22796
25762
28259
30239
31667
32514
32764
32412
31462
29931
27847
25247
22178
18696
14865
10755
6443
2009
-2465
-6896
-11201
-15299
-19113
-22570
-25606
-28162
-30190
-31650
-32514
-32764
-32394
-31411
-29832
-27686
-25012
-21861
-18292
-14372
-10175
-5781
-1274
3259
7733
12062
16161
19951
23359
26318
28771
30668
31973
32659
32711
32127
30919
29107
26727
23823
20452
16679
12577
8226
3711
-879
-5455
-9926
-14204
-18204
-21846
-25058
-27775
-29942
-31516
-32464
-32766
-32415
-31417
-29790
-27567
-24790
-21514
-17805
-13736
-9388
-4849
-209
4437
8997
13377
17489
21248
24578
27411
29687
31359
32393
32765
32468
31507
29899
27676
24884
21579
17828
13707
9301
4700
0
-4703
-9311
-13729
-17864
-21629
-24947
-27746
-29968
-31566
-32503
-32761
-32332
-31225
-29460
-27076
-24119
-20653
-16748
-12488
-7961
-3263
1506
6246
10856
15238
19298
22949
26112
28719
30713
32051
32702
32651
31900
30461
28366
25658
22395
18646
14492
10022
5332
524
-4298
-9029
-13567
-17811
-21669
-25055
-27896
-30127
-31699
-32577
-32739
-32182
-30916
-28967
-26379
-23206
-19519
-15397
-10932
-6222
-1372
3511
8320
12945
17284
21240
24723
27655
29968
31611
32545
32748
32214
30954
28995
26381
23169
19431
15252
10724
5950
1038
-3899
-8751
-13405
-17757
-21705
-25159
-28038
-30277
-31822
-32637
-32702
-32014
-30588
-28456
-25665
-22280
-18377
-14047
-9388
-4509
477
5455
10308
14924
19194
23018
26305
28979
30974
32243
32756
32498
31476
29711
27244
24133
20449
16280
11722
6884
1880
-3170
-8148
-12935
-17416
-21484
-25041
-28000
-30291
-31856
-32659
-32677
-31909
-30373
-28105
-25157
-21600
-17520
-13013
-8189
-3163
1941
7001
11893
16499
20705
24407
27516
29953
31659
32589
32721
32049
30590
28377
25463
21921
17836
13307
8448
3377
-1780
-6896
-11843
-16499
-20746
-24479
-27603
-30040
-31727
-32621
-32699
-31957
-30413
-28105
-25088
-21439
-17247
-12618
-7668
-2522
2689
7836
12787
17416
21605
25247
28248
30530
32035
32723
32574
31592
29801
27244
23987
20112
15718
10917
5832
595
-4660
-9798
-14685
-19194
-23208
-26622
-29345
-31307
-32455
-32757
-32206
-30813
-28614
-25665
-22043
-17841
-13169
-8148
-2911
2405
7661
12717
17440
21705
25397
28419
30689
32146
32750
32483
31352
29385
26633
23169
19084
14487
9500
4255
-1105
-6439
-11603
-16457
-20870
-24723
-27911
-30346
-31961
-32712
-32578
-31559
-29684
-27001
-23582
-19519
-14922
-9916
-4636
771
6162
11386
16301
20770
24671
27896
30354
31977
32719
32558
31498
29565
26813
23317
19172
14492
9407
4058
-1405
-6833
-12073
-16978
-21411
-25247
-28377
-30713
-32188
-32760
-32410
-31148
-29007
-26047
-22351
-18021
-13179
-7961
-2516
3003
8440
13640
18454
22745
26389
29282
31340
32503
32737
32033
30409
27913
24613
20604
16000
10932
5547
0
-5550
-10942
-16021
-20637
-24657
-27963
-30458
-32068
-32745
-32468
-31244
-29107
-26118
-22364
-17952
-13013
-7689
-2137
3479
8997
14252
19090
23367
26955
29748
31662
32640
32650
31691
29790
27003
23411
19119
14256
8965
3403
-2262
-7862
-13230
-18204
-22633
-26385
-29345
-31423
-32556
-32707
-31871
-30072
-27362
-23823
-19561
-14703
-9397
-3803
1908
7565
12994
18030
22517
26318
29316
31419
32559
32702
31841
30001
27238
23635
19302
14372
8996
3339
-2422
-8112
-13553
-18577
-23026
-26761
-29667
-31650
-32648
-32629
-31591
-29565
-26615
-22829
-18327
-13249
-7752
-2009
3799
9491
14886
19815
24120
27666
30338
32052
32751
32412
31044
28690
25423
21345
16586
11295
5642
-193
-6025
-11667
-16938
-21669
-25706
-28920
-31206
-32489
-32726
-31909
-30063
-27244
-23544
-19081
-13998
-8460
-2644
3259
9060
14569
19606
24006
27626
30346
32075
32756
32366
30916
28451
25051
20827
15917
10480
4696
-1244
-7147
-12817
-18065
-22719
-26622
-29644
-31684
-32674
-32578
-31398
-29173
-25975
-21909
-17110
-11737
-5969
0
5972
11747
17130
21941
26016
29217
31436
32596
32657
31615
29504
26395
22390
17625
12260
6476
470
-5554
-11392
-16845
-21726
-25867
-29127
-31393
-32585
-32662
-31619
-29491
-26349
-22301
-17483
-12062
-6222
-166
5898
11762
17222
22088
26191
29387
31566
32648
32597
31411
29131
25835
21636
16679
11138
5205
-912
-7001
-12847
-18244
-23003
-26955
-29960
-31912
-32739
-32412
-30940
-28374
-24803
-20353
-15179
-9465
-3413
2763
8843
14612
19863
24407
28083
30758
32334
32755
32003
30103
27124
23169
18381
12929
7010
836
-5370
-11386
-16993
-21989
-26191
-29446
-31636
-32680
-32538
-31214
-28754
-25247
-20819
-15630
-9868
-3744
2518
8692
14551
19879
24480
28184
30855
32393
32739
31880
29845
26709
22585
17625
12011
5950
-333
-6607
-12639
-18204
-23094
-27128
-30152
-32055
-32763
-32248
-30528
-27666
-23767
-18976
-13473
-7461
-1167
5173
11322
17047
22132
26385
29644
31785
32724
32427
30901
28203
24435
19738
14288
8294
1981
-4409
-10635
-16457
-21654
-26025
-29402
-31656
-32697
-32485
-31027
-28377
-24634
-19943
-14481
-8460
-2109
4324
10594
16457
21686
26077
29459
31699
32710
32451
30929
28203
24378
19601
14056
7961
1552
-4919
-11201
-17047
-22227
-26537
-29806
-31906
-32751
-32307
-30590
-27666
-23648
-18696
-13002
-6791
-309
6187
12441
18204
23246
27366
30398
32222
32762
31995
29951
26709
22398
17189
11289
4935
-1619
-8112
-14281
-19879
-24678
-28486
-31147
-32552
-32643
-31416
-28917
-25247
-20553
-15023
-8882
-2378
4225
10659
16662
21989
26421
29777
31918
32756
32254
30432
27362
23169
18024
12137
5748
-879
-7473
-13762
-19485
-24407
-28323
-31070
-32533
-32650
-31414
-28875
-25136
-20353
-14721
-8475
-1874
4807
11292
17307
22602
26955
30182
32146
32765
32010
29911
26556
22083
16679
10571
4016
-2711
-9326
-15551
-21121
-25799
-29387
-31732
-32732
-32344
-30582
-27520
-23286
-18060
-12062
-5547
1206
7911
14280
20041
24947
28786
31393
32653
32513
30975
28105
24024
18906
12972
6476
-301
-7069
-13534
-19415
-24458
-28443
-31196
-32596
-32580
-31148
-28360
-24336
-19250
-13322
-6811
0
6813
13332
19269
24364
28393
31178
32594
32578
31129
28309
24241
19103
13120
6555
-301
-7147
-13680
-19609
-24671
-28641
-31340
-32648
-32505
-30916
-27948
-23735
-18460
-12360
-5706
1206
8067
14569
20421
25359
29162
31656
32728
32328
30473
27244
22786
17298
11027
4255
-2711
-9557
-15974
-21669
-26383
-29901
-32062
-32766
-31979
-29736
-26137
-21345
-15577
-9095
-2195
4807
11593
17850
23291
27666
30771
32464
32665
31362
28614
24546
19345
13249
6538
-477
-7473
-14125
-20126
-25196
-29098
-31650
-32732
-32292
-30349
-26991
-22374
-16712
-10266
-3339
3746
10659
17076
22694
27251
30530
32377
32702
31489
28793
24740
19519
13375
6597
-494
-7565
-14281
-20323
-25404
-29282
-31772
-32753
-32178
-30072
-26533
-21729
-15887
-9285
-2238
4919
11843
18204
23695
28052
31066
32589
32548
30942
27847
23411
17845
11416
4435
-2763
-9830
-16425
-22227
-26955
-30378
-32330
-32713
-31507
-28769
-24631
-19293
-13013
-6096
1120
8285
15047
21076
26077
29802
32068
32763
31850
29372
25451
20276
14101
7230
0
-7232
-14111
-20295
-25478
-29402
-31872
-32764
-32033
-29711
-25913
-20827
-14703
-7845
-595
6688
13640
19914
25196
29220
31785
32759
32093
29819
26047
20967
14832
7950
664
-6656
-13645
-19948
-25247
-29273
-31822
-32763
-32046
-29706
-25861
-20703
-14492
-7543
-209
7138
14125
20396
25629
29557
31977
32766
31880
29363
25342
20022
13674
6622
-771
-8129
-15071
-21240
-26318
-30042
-32219
-32734
-31559
-28754
-24461
-18901
-12360
-5177
2276
9615
16457
22447
27271
30678
32489
32608
31026
27825
23169
17302
10527
3199
-4298
-11573
-18244
-23960
-28419
-31387
-32705
-32302
-30198
-26501
-21406
-15179
-8148
-684
6817
13962
20369
25700
29668
32064
32757
31710
28975
24698
19103
12488
5205
-2358
-9798
-16717
-22745
-27557
-30894
-32577
-32513
-30703
-27244
-22319
-16192
-9191
-1693
5898
13175
19743
25247
29388
31941
32765
31816
29141
24884
19276
12618
5272
-2362
-9871
-16845
-22903
-27714
-31014
-32621
-32445
-30495
-26875
-21781
-15492
-8351
-749
6896
14165
20658
26016
29942
32220
32721
31417
28377
23767
17841
10926
3403
-4310
-11787
-18613
-24407
-28847
-31684
-32759
-32010
-29476
-25298
-19707
-13013
-5590
2148
9769
16845
22980
27828
31116
32659
32366
30254
26438
21133
14635
7310
-430
-8148
-15409
-21801
-26962
-30598
-32502
-32563
-30778
-27244
-22162
-15818
-8572
-836
6950
14343
20920
26305
30190
32350
32661
31103
27762
22829
16586
9388
1649
-6187
-13670
-20369
-25898
-29936
-32249
-32702
-31267
-28024
-23161
-16955
-9766
-2009
5867
13405
20168
25762
29860
32222
32709
31291
28049
23169
16936
9711
1916
-5992
-13553
-20323
-25904
-29968
-32275
-32687
-31179
-27837
-22855
-16527
-9222
-1372
6562
14111
20829
26318
30252
32397
32623
30916
27374
22206
15718
8294
373
-7571
-15067
-21669
-26980
-30683
-32556
-32483
-30469
-26631
-21197
-14492
-6916
1077
9009
16402
22811
27851
31216
32702
32218
29790
25564
19793
12824
5078
-2978
-10856
-18080
-24210
-28873
-31785
-32766
-31757
-28816
-24119
-17952
-10689
-2772
5316
13083
20053
25799
29968
32304
32662
31017
27469
22233
15630
8064
0
-8067
-15639
-22251
-27492
-31038
-32669
-32282
-29899
-25665
-19840
-12785
-4935
3223
11185
18454
24578
29176
31960
32754
31507
28295
23317
16881
9388
1306
-6859
-14599
-21426
-26913
-30713
-32587
-32415
-30206
-26096
-20343
-13307
-5431
2789
10837
18204
24423
29100
31937
32755
31498
28244
23199
16679
9099
938
-7285
-15047
-21854
-27271
-30951
-32659
-32282
-29844
-25497
-19519
-12290
-4271
4023
12062
19330
25359
29762
32252
32670
30984
27303
21861
15008
7184
-1105
-9326
-16947
-23474
-28484
-31650
-32766
-31757
-28687
-23753
-17274
-9670
-1435
6896
14781
21705
27215
30951
32666
32248
29720
25247
19119
11737
3583
-4807
-12886
-20121
-26035
-30239
-32455
-32534
-30469
-26395
-20578
-13400
-5336
3083
11302
18775
25007
29584
32200
32681
30992
27244
21684
14679
6695
-1736
-10055
-17706
-24178
-29038
-31959
-32744
-31340
-27837
-22468
-15592
-7668
771
9163
16942
23583
28641
31772
32764
31548
28203
22955
16155
8261
-193
-8637
-16499
-23246
-28419
-31667
-32766
-31641
-28366
-23161
-16378
-8479
0
8482
16388
23178
28387
31659
32766
31633
28334
23092
16267
8323
-193
-8699
-16610
-23382
-28547
-31748
-32764
-31521
-28105
-22748
-15818
-7793
771
9287
17161
23850
28887
31923
32744
31292
27666
22114
15023
6884
-1736
-10238
-18030
-24565
-29387
-32158
-32681
-30919
-26991
-21173
-13868
-5590
3083
11543
19194
25499
30012
32414
32534
30361
26047
19895
12336
3903
-4807
-13181
-20625
-26610
-30711
-32637
-32248
-29569
-24790
-18247
-10405
-1820
6896
15124
22277
27843
31423
32760
31757
28483
23169
16196
8060
-655
-9326
-17331
-24094
-29127
-32068
-32703
-30984
-27033
-21133
-13707
-5289
3511
12062
19743
25999
30374
32552
32371
29844
25150
18630
10754
2094
-6719
-15047
-22282
-27896
-31478
-32765
-31661
-28244
-22763
-15616
-7324
1506
10228
18204
24847
29668
32313
32585
30461
26096
19809
12062
3423
-5469
-13962
-21426
-27310
-31178
-32740
-31881
-28661
-23317
-16242
-7961
912
9721
17811
24578
29519
32265
32608
30520
26157
19840
12041
3339
-5613
-14150
-21629
-27492
-31296
-32755
-31758
-28377
-22863
-15630
-7219
1736
10564
18599
25234
29968
32443
32468
30041
25342
18725
10689
1842
-7147
-15598
-22868
-28404
-31785
-32751
-31227
-27327
-21345
-13736
-5078
3969
12717
20496
26712
30887
32702
32014
28875
23522
16364
7950
-1077
-10024
-18204
-24986
-29848
-32414
-32483
-30050
-25298
-18593
-10451
-1499
7571
16058
23305
28750
31969
32711
30916
26720
20449
12587
3744
-5391
-14111
-21734
-27666
-31442
-32766
-31533
-27837
-21964
-14372
-5653
3510
12401
20323
26654
30894
32710
31957
28692
23169
15822
7226
-1941
-10958
-19113
-25762
-30378
-32596
-32237
-29328
-24096
-16955
-8469
691
9799
18132
25028
29936
32465
32412
29778
24772
17791
9388
234
-8940
-17404
-24479
-29598
-32350
-32513
-30072
-25219
-18342
-9991
-836
8388
16942
24135
29387
32275
32563
30226
25451
18620
10283
1113
-8148
-16754
-24006
-29316
-32252
-32574
-30254
-25477
-18630
-10266
-1066
8222
16845
24098
29390
32286
32549
30156
25298
18372
9941
695
-8610
-17213
-24407
-29603
-32371
-32482
-29925
-24908
-17841
-9305
0
9307
17850
24924
29942
32491
32356
29546
24293
17028
8351
-1019
-10308
-18745
-25629
-30386
-32621
-32145
-28995
-23432
-15917
-7073
2362
11603
19879
26497
30903
32728
31816
28241
22301
14491
5464
-4023
-13175
-21224
-27492
-31451
-32766
-31324
-27244
-20868
-12732
-3519
5992
15001
22745
28568
31977
32682
30619
25962
19103
10622
1238
-8253
-17047
-24394
-29668
-32420
-32412
-29643
-24347
-16973
-8148
1373
10781
19269
26112
30723
32705
31886
28334
22351
14449
5304
-4298
-13534
-21608
-27826
-31650
-32749
-31026
-26627
-19930
-11510
-2094
7504
16457
23989
29446
32355
32460
29752
24461
17046
8148
-1459
-10942
-19477
-26318
-30870
-32732
-31742
-27983
-21780
-13674
-4371
5316
14541
22496
28484
31977
32669
30495
25645
18541
9807
209
-9410
-18204
-25397
-30356
-32640
-32046
-28625
-22675
-14721
-5464
4278
13645
21806
28038
31787
32719
30748
26047
19032
10324
695
-8997
-17892
-25196
-30256
-32621
-32077
-28669
-22701
-14703
-5389
4409
13816
21989
28193
31872
32694
30582
25725
18555
9715
0
-9718
-18563
-25739
-30598
-32699
-31850
-28126
-21861
-13619
-4144
5708
15047
23026
28920
32194
32549
29951
24631
17073
7961
-1876
-11547
-20168
-26955
-31287
-32766
-31257
-26894
-20073
-11416
-1713
8148
17267
24807
30076
32589
32113
28690
22632
14492
5018
-4919
-14407
-22570
-28657
-32104
-32591
-30072
-24775
-17189
-8012
1907
11653
20323
27113
31393
32763
31094
26539
19519
10683
852
-9060
-18132
-25519
-30530
-32697
-31816
-27965
-21503
-13031
-3339
6667
16052
23938
29584
32459
32292
29097
23169
15065
5543
-4501
-14125
-22423
-28612
-32108
-32578
-29977
-24546
-16798
-7461
2582
12385
21019
27666
31694
32721
30647
25665
18247
9095
-923
-10856
-19760
-26786
-31264
-32766
-31146
-26556
-19431
-10451
-470
9557
18675
26008
30855
32749
31507
27244
20368
11537
1595
-8501
-17784
-25359
-30497
-32702
-31758
-27754
-21074
-12360
-2451
7696
17103
24860
30215
32648
31922
28105
21563
12929
3039
-7147
-16643
-24525
-30025
-32607
-32016
-28309
-21844
-13249
-3359
6859
16412
24364
29939
32588
32050
28377
21924
13322
3413
-6833
-16412
-24382
-29960
-32596
-32028
-28309
-21804
-13150
-3199
7069
16643
24578
30089
32630
31946
28105
21482
12732
2719
-7565
-17103
-24947
-30318
-32680
-31797
-27754
-20951
-12062
-1970
8320
17784
25478
30633
32732
31565
27244
20200
11134
952
-9326
-18675
-26154
-31014
-32765
-31228
-26556
-19215
-9941
333
10578
19760
26955
31436
32749
30759
25665
17979
8475
-1887
-12062
-21019
-27851
-31864
-32650
-30126
-24546
-16475
-6728
3703
13762
22423
28806
32258
32427
29291
23169
14683
4696
-5772
-15653
-23938
-29777
-32571
-32033
-28214
-21503
-12587
-2378
8077
17706
25519
30711
32748
31416
26850
19519
10175
-219
-10594
-19879
-27113
-31549
-32726
-30520
-25157
-17189
-7439
3083
13289
22119
28657
32222
32441
29289
23092
14492
4381
-6187
-16114
-24364
-30076
-32652
-31820
-27666
-20619
-11416
-1017
9491
19008
26537
31287
32757
30792
25595
17709
7961
-2625
-12939
-21894
-28547
-32194
-32451
-29286
-23032
-14346
-4144
6498
16457
24678
30291
32699
31644
27238
19943
10531
0
-10533
-19951
-27251
-31656
-32694
-30254
-24592
-16309
-6286
4409
14637
23305
29487
32519
32077
28203
21312
12137
1660
-8997
-18692
-26385
-31248
-32757
-30748
-25434
-17383
-7461
3266
13645
22556
29038
32390
32248
28625
21909
12824
2351
-8378
-18204
-26061
-31098
-32765
-30880
-25645
-17625
-7689
3083
13524
22496
29023
32393
32235
28565
21780
12618
2077
-8692
-18516
-26318
-31245
-32755
-30681
-25247
-17046
-6975
3863
14280
23132
29446
32527
32033
28015
20915
11510
836
-9932
-19609
-27125
-31650
-32682
-30103
-24198
-15616
-5304
5596
15880
24407
30232
32705
31550
26894
19250
9465
-1373
-12062
-21411
-28379
-32188
-32412
-29022
-22395
-13267
-2656
8253
18244
26197
31222
32754
30619
25054
16679
6433
-4537
-15001
-23783
-29895
-32648
-31731
-27244
-19690
-9916
976
11762
21224
28293
32170
32415
28997
22301
13080
2378
-8595
-18599
-26497
-31393
-32729
-30352
-24528
-15917
-5494
5554
15974
24578
30386
32734
31352
26395
18425
8351
-2679
-13405
-22602
-29217
-32491
-32046
-27932
-20616
-10936
0
10939
20625
27944
32055
32482
29173
22507
13249
2462
-8610
-18692
-26622
-31481
-32707
-30156
-24119
-15293
-4696
6446
16845
25296
30817
32766
30916
25477
17079
6695
-4468
-15115
-24006
-30106
-32702
-31489
-26606
-18620
-8460
2689
13528
22788
29387
32552
31909
27532
19930
9991
-1120
-12103
-21669
-28693
-32350
-32208
-28280
-21025
-11295
-234
10856
20671
28052
32127
32412
28871
21921
12379
1372
-9799
-19815
-27487
-31906
-32545
-29328
-22632
-13249
-2291
8940
19113
27016
31708
32629
29666
23169
13911
2992
-8285
-18577
-26654
-31549
-32677
-29899
-23544
-14372
-3477
7836
18214
26411
31442
32702
30037
23764
14635
3744
-7598
-18030
-26293
-31393
-32711
-30086
-23833
-14703
-3796
7571
18026
26305
31405
32707
30050
23753
14577
3632
-7754
-18204
-26446
-31479
-32688
-29925
-23522
-14256
-3253
8148
18560
26712
31608
32650
29706
23135
13736
2656
-8751
-19090
-27095
-31785
-32581
-29385
-22585
-13013
-1842
9557
19786
27585
31994
32468
28947
21861
12081
809
-10564
-20637
-28166
-32219
-32293
-28377
-20951
-10932
440
11762
21629
28819
32437
32033
27653
19840
9561
-1907
-13142
-22745
-29519
-32621
-31661
-26755
-18514
-7961
3586
14689
23960
30239
32740
31148
25658
16955
6128
-5469
-16384
-25247
-30944
-32759
-30461
-24336
-15151
-4058
7546
18204
26572
31595
32638
29565
22763
13087
1756
-9798
-20118
-27896
-32148
-32332
-28424
-20915
-10754
771
12203
22088
29171
32552
31797
27001
18769
8148
-3511
-14727
-24069
-30346
-32754
-30984
-25260
-16309
-5272
6439
17331
26008
31359
32696
29845
23169
13521
2137
-9523
-19964
-27843
-32146
-32318
-28334
-20703
-10405
1234
12717
22564
29503
32637
31559
26407
17841
6968
-4807
-15965
-25058
-30909
-32757
-30361
-24028
-14577
-3233
8533
19194
27364
31977
32433
28669
21173
10917
-762
-12345
-22321
-29387
-32619
-31592
-26438
-17828
-6884
4961
16161
25247
31028
32744
30168
23635
13998
2522
-9287
-19879
-27860
-32179
-32265
-28105
-20242
-9711
2101
13640
23382
30040
32733
31103
25362
16267
5018
-6896
-17901
-26537
-31659
-32585
-29190
-21921
-11741
0
11743
21929
29201
32589
31641
26480
17791
6728
-5233
-16499
-25566
-31222
-32709
-29826
-22955
-13013
-1327
10537
20994
28641
32450
31909
27088
18630
7668
-4324
-15739
-25041
-30976
-32744
-30105
-23411
-13561
-1880
10055
20637
28436
32397
31982
27244
18822
7852
-4182
-15653
-25007
-30974
-32743
-30072
-23319
-13400
-1660
10308
20879
28612
32455
31881
26966
18377
7282
-4807
-16245
-25468
-31216
-32702
-29720
-22675
-12528
-664
11292
21705
29147
32596
31576
26225
17274
5950
-6193
-17489
-26383
-31650
-32564
-28995
-21433
-10917
1105
12978
23064
29968
32737
30984
24950
15465
3839
-8320
-19330
-27666
-32170
-32217
-27796
-19519
-8531
3643
15314
24860
30951
32739
29972
23032
12884
938
-11141
-21669
-29176
-32613
-31498
-25982
-16835
-5332
6918
18204
26944
31912
32410
28366
20343
9465
-2743
-14569
-24351
-30713
-32759
-30198
-23387
-13283
-1306
10856
21492
29100
32604
31507
25962
16748
5166
-7147
-18454
-27152
-32008
-32332
-28076
-19840
-8789
3510
15314
24947
31038
32720
29752
22551
12140
0
-12143
-22559
-29762
-32723
-31017
-24884
-15198
-3339
8998
20053
28242
32393
31908
26854
17952
6476
-5930
-17489
-26541
-31785
-32465
-28481
-20402
-9388
2978
14918
24714
30951
32730
29790
22554
12062
-172
-12385
-22811
-29942
-32746
-30813
-24421
-14492
-2462
9926
20879
28806
32556
31581
26021
16679
4912
-7571
-18956
-27585
-32200
-32127
-27374
-18630
-7167
5342
17076
26318
31719
32485
28504
20353
9222
-3259
-15267
-25041
-31147
-32687
-29434
-21861
-11077
1334
13553
23783
30517
32764
30189
23169
12736
423
-11953
-22570
-29860
-32743
-30792
-24293
-14202
-2009
10483
21426
29201
32652
31267
25247
15482
3419
-9153
-20369
-28563
-32514
-31633
-26047
-16586
-4654
7973
19415
27967
32350
31910
26709
17520
5712
-6950
-18577
-27428
-32179
-32116
-27244
-18292
-6597
6088
17864
26962
32015
32263
27666
18910
7310
-5391
-17284
-26579
-31872
-32366
-27983
-19380
-7852
4862
16845
26287
31760
32433
28203
19707
8226
-4501
-16550
-26094
-31684
-32472
-28334
-19895
-8434
4310
16402
26003
31651
32486
28377
19946
8475
-4288
-16402
-26016
-31662
-32478
-28334
-19861
-8351
4437
16550
26133
31717
32445
28203
19638
8060
-4756
-16845
-26351
-31812
-32386
-27983
-19276
-7602
5243
17284
26666
31941
32293
27666
18769
6975
-5898
-17864
-27071
-32095
-32157
-27244
-18113
-6176
6719
18577
27557
32265
31968
26709
17302
5205
-7702
-19415
-28111
-32434
-31710
-26047
-16326
-4058
8843
20369
28719
32588
31368
25247
15179
2736
-10137
-21426
-29364
-32705
-30922
-24293
-13853
-1238
11573
22570
30025
32764
30353
23169
12339
-434
-13142
-23783
-30678
-32739
-29638
-21861
-10632
2276
14829
25041
31296
32604
28754
20353
8727
-4282
-16616
-26318
-31849
-32328
-27676
-18630
-6622
6439
18480
27585
32302
31880
26381
16679
4318
-8734
-20396
-28806
-32620
-31227
-24845
-14492
-1820
11144
22329
29942
32763
30335
23047
12062
-859
-13645
-24243
-30951
-32688
-29173
-20967
-9388
3703
16202
26094
31785
32354
27709
18593
6476
-6688
-18775
-27832
-32393
-31718
-25913
-15915
-3339
9779
21317
29402
32723
30737
23764
12933
0
-12935
-23772
-30745
-32720
-29372
-21243
-9654
3510
16105
26077
31798
32332
27590
18342
6096
-7147
-19226
-28162
-32493
-31507
-25362
-15061
-2291
10856
22227
29953
32765
30198
22670
11416
-1716
-14569
-25028
-31370
-32548
-28366
-19509
-7435
5867
18204
27539
32330
31782
25982
15887
3163
-10086
-21669
-29667
-32753
-30413
-23032
-11831
1334
14281
24860
31312
32563
28403
19519
7387
-5976
-18347
-27666
-32377
-31693
-25725
-15465
-2622
10659
22164
29968
32766
30086
22374
10917
-2369
-15261
-25599
-31650
-32396
-27709
-18372
-5950
7473
19643
28516
32596
31195
24546
13765
664
-12550
-23653
-30771
-32702
-29116
-20616
-8634
4807
17440
27128
32230
31881
26137
15968
3092
-10308
-21966
-29901
-32766
-30072
-22272
-10689
2711
15653
25937
31812
32275
27244
17574
4908
-8595
-20637
-29162
-32712
-30681
-23411
-12140
1206
14349
25041
31451
32480
27948
18630
6117
-7445
-19735
-28641
-32634
-31026
-24089
-13013
301
13567
24501
31222
32570
28309
19172
6728
-6876
-19298
-28393
-32589
-31159
-24347
-13326
0
13328
24354
31166
32585
28360
19220
6748
-6896
-19347
-28443
-32604
-31103
-24198
-13087
301
13640
24608
31294
32533
28105
18778
6176
-7504
-19879
-28786
-32669
-30847
-23635
-12290
1206
14493
25247
31583
32389
27520
17828
5008
-8692
-20870
-29387
-32745
-30352
-22624
-10917
2711
15865
26229
31977
32094
26556
16335
3233
-10442
-22277
-30182
-32757
-29546
-21112
-8944
4807
17712
27483
32390
31559
25136
14256
845
-12717
-24026
-31070
-32598
-28334
-19032
-6345
7473
19964
28903
32697
30666
23169
11540
-2148
-15456
-26008
-31918
-32127
-26596
-16309
-3103
10659
22517
30346
32741
29270
20553
8148
-5719
-18563
-28078
-32552
-31179
-24202
-12874
771
14281
25223
31625
32332
27214
17189
4062
-9798
-21894
-30040
-32762
-29565
-21025
-8682
5233
18204
27882
32514
31257
24336
13002
-691
-14262
-25247
-31650
-32307
-27094
-16955
-3732
10171
22227
30239
32747
29289
20494
7961
-6025
-18915
-28356
-32621
-30929
-23586
-11931
1907
15400
26077
31982
32033
26215
15592
2109
-11762
-23479
-30889
-32629
-28377
-18910
-5966
8077
20637
29402
32756
30080
21861
9613
-4409
-17621
-27585
-32459
-31342
-24435
-13013
816
14497
25499
31785
32188
26631
16140
2656
-11322
-23203
-30782
-32650
-28456
-18976
-5969
8148
20755
29503
32763
29925
21514
9095
-5021
-18204
-27995
-32564
-31058
-23753
-12011
1977
15598
26305
32095
31880
25698
14703
952
-12978
-24480
-31393
-32418
-27360
-17165
-3744
10381
22559
30497
32702
28754
19394
6380
-7836
-20580
-29446
-32762
-29899
-21393
-8847
5370
18577
28275
32630
30814
23169
11138
-3003
-16579
-27016
-32334
-31523
-24733
-13249
751
14612
25700
31906
32048
26096
15179
1372
-12698
-24354
-31371
-32412
-27273
-16932
-3359
10856
23003
30758
32638
28280
18514
5205
-9101
-21669
-30089
-32747
-29131
-19930
-6905
7445
20371
29387
32762
29844
21189
8460
-5898
-19125
-28673
-32702
-30433
-22301
-9868
4468
17946
27963
32585
30916
23274
11134
-3159
-16845
-27275
-32428
-31305
-24119
-12260
1977
15833
26622
32247
31615
24845
13249
-923
-14918
-26016
-32055
-31858
-25461
-14105
0
14107
25468
31864
32046
25975
14832
792
-13405
-24986
-31684
-32188
-26395
-15435
-1452
12817
24578
31525
32292
26727
15917
1981
-12345
-24250
-31393
-32366
-26976
-16280
-2378
11993
24006
31293
32415
27148
16527
2644
-11762
-23850
-31230
-32442
-27244
-16660
-2779
11653
23783
31206
32451
27267
16679
2783
-11667
-23806
-31222
-32441
-27217
-16586
-2656
11803
23919
31277
32412
27094
16378
2398
-12062
-24120
-31370
-32361
-26894
-16056
-2009
12441
24407
31496
32285
26615
15616
1488
-12939
-24777
-31650
-32178
-26251
-15055
-836
13553
25223
31826
32033
25797
14372
52
-14280
-25739
-32015
-31841
-25247
-13561
863
15115
26318
32208
31592
24592
12618
-1908
-16052
-26950
-32393
-31276
-23823
-11540
3083
17085
27622
32556
30880
22932
10324
-4384
-18204
-28323
-32682
-30389
-21909
-8965
5807
19399
29038
32755
29790
20744
7461
-7347
-20658
-29748
-32757
-29067
-19428
-5811
8997
21966
30436
32669
28203
17952
4016
-10746
-23305
-31079
-32468
-27184
-16309
-2077
12583
24657
31656
32135
25992
14491
0
-14493
-25999
-32139
-31644
-24613
-12494
2208
16457
27304
32503
30975
23032
10317
-4537
-18454
-28547
-32719
-30103
-21238
-7961
6971
20458
29694
32757
29007
19220
5431
-9491
-22439
-30713
-32587
-27666
-16973
-2736
12073
24364
31568
32177
26060
14492
-108
-14689
-26197
-32222
-31498
-24174
-11781
3083
17304
27896
32634
30520
21996
8847
-6162
-19879
-29416
-32766
-29219
-19519
-5706
9311
22368
30711
32578
27570
16743
2378
-12491
-24723
-31732
-32033
-25558
-13674
1105
15653
26888
32428
31095
23169
10328
-4707
-18745
-28806
-32750
-29736
-20402
-6728
8378
21705
30414
32650
27932
17262
2911
-12062
-24465
-31651
-32083
-25665
-13765
1077
15692
26955
32455
31012
22932
9941
-5180
-19194
-29098
-32765
-29406
-19738
-5832
9326
22486
30817
32526
27244
16102
1495
-13436
-25478
-32035
-31693
-24521
-12062
2999
17416
28078
32680
30226
21243
7668
-7565
-21167
-30192
-32685
-28105
-17438
-2992
12103
24578
31727
31995
25321
13150
-1876
-16499
-27539
-32596
-30567
-21889
-8448
6833
20630
29936
32722
28377
17845
3419
-11753
-24364
-31659
-32040
-25423
-13249
1823
16499
27568
32607
30508
21729
8189
-7147
-20920
-30108
-32693
-28105
-17347
-2779
12401
24860
31856
31850
24838
12360
-2839
-17416
-28160
-32702
-30037
-20749
-6884
8501
22013
30668
32552
27244
15915
1066
-14020
-26008
-32243
-31342
-23500
-10451
4915
19194
29220
32766
29042
18871
4509
-10856
-23813
-31479
-32147
-25665
-13473
1720
16533
27666
32637
30335
21271
7461
-8015
-21705
-30552
-32578
-27327
-15968
-1038
14125
26133
32294
31228
23169
9920
-5554
-19786
-29584
-32748
-28565
-17970
-3339
12043
24723
31849
31816
24627
11897
-3511
-18132
-28673
-32755
-29458
-19519
-5177
10334
23516
31393
32182
25702
13414
-1907
-16800
-27896
-32682
-30072
-20653
-6555
9029
22570
30997
32395
26445
14492
-751
-15827
-27310
-32589
-30461
-21406
-7481
8148
21926
30713
32507
26894
15151
-48
-15238
-26955
-32522
-30664
-21804
-7961
7702
21608
30575
32549
27076
15403
202
-15047
-26852
-32503
-30703
-21861
-8002
7696
21629
30598
32538
27001
15255
0
-15257
-27007
-32541
-30582
-21579
-7602
8129
21989
30779
32468
26664
14703
-655
-15865
-27411
-32621
-30288
-20948
-6758
8997
22672
31098
32318
26047
13736
-1763
-16855
-28038
-32713
-29790
-19946
-5464
10289
23653
31516
32046
25116
12336
-3319
-18204
-28847
-32766
-29042
-18541
-3711
11987
24889
31977
31593
23823
10480
-5316
-19871
-29777
-32711
-27983
-16697
-1495
14059
26318
32404
30885
22114
8148
-7733
-21801
-30745
-32460
-26539
-14372
1180
16457
27860
32699
29832
19930
5325
-10537
-23916
-31650
-31910
-24631
-11530
4298
19113
29409
32747
28334
17210
2009
-13670
-26112
-32365
-30942
-22178
-8148
7817
21929
30833
32412
26285
13907
-1780
-17047
-28259
-32743
-29429
-19103
-4222
11667
24777
31977
31548
23586
9991
-5992
-20546
-30192
-32619
-27244
-15350
219
15739
27492
32660
30001
20149
5464
-10533
-24006
-31719
-31816
-24270
-10892
5106
19879
29873
32681
27625
15917
373
-15261
-27221
-32621
-30156
-20416
-5748
10308
23879
31684
31836
24293
10875
-5173
-19973
-29942
-32665
-27477
-15633
0
15636
27483
32666
29925
19920
5078
-10999
-24407
-31886
-31615
-23656
-9941
6193
20824
30386
32549
26782
14487
-1341
-16845
-28242
-32749
-29262
-18630
-3445
12583
25539
32252
31078
22301
8064
-8148
-22368
-31111
-32231
-25451
-12429
3643
18824
29387
32737
28047
16465
836
-15001
-27152
-32625
-30072
-20115
-5205
10989
24479
31937
31523
23335
9388
-6876
-21447
-30723
-32412
-26092
-13322
2743
18132
29038
32759
28371
16955
1338
-14612
-26944
-32596
-30164
-20247
-5304
10958
24501
31960
31477
23169
9099
-7236
-21774
-30894
-32323
-25702
-12676
3510
18824
29446
32724
27837
16000
166
-15711
-27666
-32707
-29572
-19041
-3744
12491
25602
32304
30916
21780
7184
-9215
-23305
-31551
-31880
-24205
-10451
5930
20824
30486
32483
26311
13518
-2679
-18204
-29147
-32749
-28098
-16364
-502
15488
27574
32702
29574
18976
3583
-12717
-25806
-32371
-30748
-21345
-6538
9926
23879
31785
31636
23467
9346
-7147
-21830
-30974
-32254
-25342
-11991
4409
19692
29968
32623
26976
14462
-1736
-17495
-28798
-32764
-28377
-16752
-852
15267
27492
32699
29554
18857
3339
-13034
-26077
-32450
-30520
-20777
-5712
10817
24578
32042
31291
22515
7961
-8637
-23021
-31496
-31881
-24075
-10079
6509
21426
30833
32307
25463
12062
-4448
-19815
-30076
-32585
-26689
-13907
2465
18204
29244
32732
27762
15616
-569
-16610
-28356
-32765
-28692
-17189
-1231
15047
27428
32699
29490
18630
2932
-13528
-26478
-32552
-30168
-19943
-4530
12062
25519
32337
30737
21133
6022
-10659
-24565
-32068
-31208
-22206
-7407
9326
23628
31760
31593
23169
8686
-8070
-22719
-31423
-31903
-24028
-9858
6896
21846
31070
32147
24790
10926
-5807
-21019
-30711
-32336
-25461
-11891
4807
20244
30356
32478
26047
12755
-3899
-19528
-30012
-32581
-26556
-13521
3083
18877
29687
32654
26991
14192
-2362
-18294
-29387
-32703
-27360
-14769
1736
17784
29119
32734
27666
15255
-1206
-17349
-28887
-32752
-27913
-15652
771
16993
28695
32761
28105
15962
-434
-16717
-28547
-32765
-28244
-16186
193
16523
28443
32766
28334
16326
-48
-16412
-28387
-32766
-28374
-16382
0
0
0
0
0
0
0
0
0
0
0
0
0
0
0
0
0
0
0
0
0
0
0
0
0
0
0
0
0
0
0
0
0
0
0
0
0
0
0
0
0
0
0
0
0
0
0
0
0
0
0
0
0
0
0
0
0
0
0
0
0
0
0
0
0
0
0
0
0
0
0
0
0
0
0
0
0
0
0
0
0
0
0
0
0
0
0
0
0
0
0
0
0
0
0
0
0
0
0
0
0
0
0
0
0
0
0
0
0
0
0
0
0
0
0
0
0
0
0
0
0
0
0
0
0
0
0
0
0
0
0
0
0
0
0
0
0
0
0
0
0
0
0
0
0
0
0
0
0
0
0
0
0
0
0
0
0
0
0
0
0
0
0
0
0
0
0
0
0
0
0
0
0
0
0
0
0
0
0
0
0
0
0
0
0
0
0
0
0
0
0
0
0
0
0
0
0
0
0
0
0
0
0
0
0
0
0
0
0
0
0
0
0
0
0
0
0
0
0
0
0
0
0
0
0
0
0
0
0
0
0
0
0
0
0
0
0
0
0
0
0
0
0
0
0
0
0
0
0
0
0
0
0
0
0
0
0
0
0
0
0
0
0
0
0
0
0
0
0
0
0
0
0
0
0
0
0
0
0
0
0
0
0
0
0
0
0
0
0
0
0
0
0
0
0
0
0
0
0
0
0
0
0
0
0
0
0
0
0
0
0
0
0
0
0
0
0
0
0
0
0
0
0
0
0
0
0
0
0
0
0
0
0
0
0
0
0
0
0
0
0
0
0
0
0
0
0
0
0
0
0
0
0
0
0
0
0
0
0
0
0
0
0
0
0
0
0
0
0
0
0
0
0
0
0
0
0
0
0
0
0
0
0
0
0
0
0
0
0
0
0
0
0
0
0
0
0
0
0
0
0
0
0
0
0
0
0
0
0
0
0
0
0
0
0
0
0
0
0
0
0
0
0
0
0
0
0
0
0
0
0
0
0
0
0
0
0
0
0
0
0
0
0
0
0
0
0
0
0
0
0
0
0
0
0
0
0
0
0
0
0
0
0
0
0
0
0
0
0
0
0
0
0
0
0
0
0
0
0
0
0
0
0
0
0
0
0
0
0
0
0
0
0
0
0
0
0
0
0
0
0
0
0
0
0
0
0
0
0
0
0
0
0
0
0
0
0
0
0
0
0
0
0
0
0
0
0
0
0
0
0
0
0
0
0
0
0
0
0
0
0
0
0
0
0
0
0
0
0
0
0
0
0
0
0
0
0
0
0
0
0
0
0
0
0
0
0
0
0
0
0
0
0
0
0
0
0
0
0
0
0
0
0
0
0
0
0
0
0
0
0
0
0
0
0
0
0
0
0
0
0
0
0
0
0
0
0
0
0
0
0
0
0
0
0
0
0
0
0
0
0
0
0
0
0
0
0
0
0
0
0
0
0
0
0
0
0
0
0
0
0
0
0
0
0
0
0
0
0
0
0
0
0
0
0
0
0
0
0
0
0
0
0
0
0
0
0
0
0
0
0
0
0
0
0
0
0
0
0
0
0
0
0
0
0
0
0
0
0
0
0
0
0
0
0
0
0
0
0
0
0
0
0
0
0
0
0
0
0
0
0
0
0
0
0
0
0
0
0
0
0
0
0
0
0
0
0
0
0
0
0
0
0
0
0
0
0
0
0
0
0
0
0
0
0
0
0
0
0
0
0
0
0
0
0
0
0
0
0
0
0
0
0
0
0
0
0
0
0
0
0
0
0
0
0
0
0
0
0
0
0
0
0
0
0
0
0
0
0
0
0
0
0
0
0
0
0
0
0
0
0
0
0
0
0
0
0
0
0
0
0
0
0
0
0
0
0
0
0
0
0
0
0
0
0
0
0
0
0
0
0
0
0
0
0
0
0
0
0
0
0
0
0
0
0
0
0
0
0
0
0
0
0
0
0
0
0
0
0
0
0
0
0
0
0
0
0
0
0
0
0
0
0
0
0
0
0
0
0
0
0
0
0
0
0
0
0
0
0
0
0
0
0
0
0
0
0
0
0
0
0
0
0
0
0
0
0
0
0
0
0
0
0
0
0
0
0
0
0
0
0
0
0
0
0
0
0
0
0
0
0
0
0
0
0
0
0
0
0
0
0
0
0
0
0
0
0
0
0
0
0
0
0
0
0
0
0
0
0
0
13106
12880
12210
11123
9661
7881
5851
3650
1358
-936
-3153
-5213
-7047
-8595
-9810
-10662
-11134
-11224
-10946
-10326
-9404
-8226
-6848
-5328
-3728
-2105
-516
989
2368
3587
4620
5452
6076
6494
6714
6751
6624
6357
5972
5493
4943
4343
3710
3059
2402
1746
1098
462
-160
-766
-1355
-1923
-2467
-2980
-3456
-3886
-4259
-4565
-4792
-4930
-4969
-4901
-4721
-4428
-4024
-3514
-2909
-2222
-1471
-676
140
956
1747
2488
3159
3740
4214
4569
4796
4892
4856
4693
4413
4026
3550
3000
2397
1760
1109
463
-158
-740
-1268
-1730
-2118
-2426
-2650
-2792
-2854
-2841
-2760
-2622
-2436
-2215
-1970
-1716
-1463
-1223
-1007
-822
-674
-568
-504
-480
-490
-527
-580
-637
-682
-701
-678
-598
-449
-220
95
498
986
1549
2174
2838
3517
4181
4794
5323
5730
5983
6049
5903
5527
4912
4058
2976
1689
232
-1350
-3006
-4673
-6286
-7776
-9076
-10123
-10860
-11241
-11233
-10817
-9990
-8768
-7183
-5285
-3138
-819
1585
3983
6278
8378
10196
11655
12693
13263
13339
12916
12007
10650
8898
6825
4516
2066
-421
-2846
-5109
-7119
-8797
-10079
-10921
-11299
-11207
-10663
-9703
-8382
-6769
-4944
-2994
-1012
913
2698
4268
5561
6527
7138
7381
7260
6799
6033
5015
3804
2467
1077
-297
-1588
-2736
-3691
-4412
-4874
-5064
-4982
-4642
-4071
-3303
-2383
-1359
-283
791
1817
2746
3541
4170
4609
4846
4876
4706
4347
3822
3156
2381
1530
640
-256
-1124
-1934
-2659
-3276
-3769
-4126
-4340
-4410
-4339
-4137
-3814
-3387
-2874
-2294
-1670
-1022
-374
254
842
1373
1830
2203
2480
2658
2734
2712
2597
2401
2137
1821
1473
1113
761
438
162
-49
-187
-242
-211
-98
88
335
624
930
1229
1493
1695
1808
1811
1685
1420
1012
466
-205
-981
-1831
-2719
-3603
-4439
-5181
-5783
-6207
-6416
-6384
-6096
-5546
-4742
-3705
-2465
-1066
439
1993
3531
4990
6307
7424
8291
8870
9131
9064
8668
7959
6967
5734
4311
2759
1142
-474
-2027
-3455
-4709
-5745
-6535
-7059
-7315
-7309
-7062
-6603
-5969
-5202
-4347
-3449
-2548
-1683
-882
-168
445
956
1366
1686
1933
2125
2284
2429
2577
2740
2924
3129
3345
3560
3754
3901
3977
3955
3811
3527
3090
2498
1758
886
-90
-1133
-2199
-3237
-4194
-5017
-5656
-6069
-6222
-6094
-5681
-4990
-4046
-2890
-1574
-164
1269
2650
3904
4958
5751
6234
6373
6154
5581
4678
3490
2076
513
-1115
-2718
-4205
-5489
-6494
-7157
-7435
-7302
-6759
-5826
-4549
-2989
-1228
642
2523
4312
5914
7240
8219
8796
8939
8640
7915
6804
5366
3681
1840
-57
-1910
-3621
-5100
-6273
-7084
-7501
-7511
-7130
-6393
-5356
-4094
-2693
-1245
155
1421
2473
3247
3701
3811
3580
3030
2210
1183
29
-1161
-2297
-3287
-4048
-4511
-4624
-4360
-3712
-2702
-1375
202
1944
3752
5517
7131
8488
9495
10077
10178
9769
8850
7449
5619
3441
1015
-1540
-4102
-6542
-8735
-10571
-11955
-12815
-13106
-12815
-11955
-10571
-8735
-6542
-4102
-1540
1015
3441
5619
7449
8850
9769
10178
10077
9495
8488
7131
5517
3752
1944
202
-1375
-2702
-3712
-4360
-4624
-4511
-4048
-3287
-2297
-1161
29
1183
2210
3030
3580
3811
3701
3247
2473
1421
155
-1245
-2693
-4094
-5356
-6393
-7130
-7511
-7501
-7084
-6273
-5100
-3621
-1910
-57
1840
3681
5366
6804
7915
8640
8939
8796
8219
7240
5914
4312
2523
642
-1228
-2989
-4549
-5826
-6759
-7302
-7435
-7157
-6494
-5489
-4205
-2718
-1115
513
2076
3490
4678
5581
6154
6373
6234
5751
4958
3904
2650
1269
-164
-1574
-2890
-4046
-4990
-5681
-6094
-6222
-6069
-5656
-5017
-4194
-3237
-2199
-1133
-90
886
1758
2498
3090
3527
3811
3955
3977
3901
3754
3560
3345
3129
2924
2740
2577
2429
2284
2125
1933
1686
1366
956
445
-168
-882
-1683
-2548
-3449
-4347
-5202
-5969
-6603
-7062
-7309
-7315
-7059
-6535
-5745
-4709
-3455
-2027
-474
1142
2759
4311
5734
6967
7959
8668
9064
9131
8870
8291
7424
6307
4990
3531
1993
439
-1066
-2465
-3705
-4742
-5546
-6096
-6384
-6416
-6207
-5783
-5181
-4439
-3603
-2719
-1831
-981
-205
466
1012
1420
1685
1811
1808
1695
1493
1229
930
624
335
88
-98
-211
-242
-187
-49
162
438
761
1113
1473
1821
2137
2401
2597
2712
2734
2658
2480
2203
1830
1373
842
254
-374
-1022
-1670
-2294
-2874
-3387
-3814
-4137
-4339
-4410
-4340
-4126
-3769
-3276
-2659
-1934
-1124
-256
640
1530
2381
3156
3822
4347
4706
4876
4846
4609
4170
3541
2746
1817
791
-283
-1359
-2383
-3303
-4071
-4642
-4982
-5064
-4874
-4412
-3691
-2736
-1588
-297
1077
2467
3804
5015
6033
6799
7260
7381
7138
6527
5561
4268
2698
913
-1012
-2994
-4944
-6769
-8382
-9703
-10663
-11207
-11299
-10921
-10079
-8797
-7119
-5109
-2846
-421
2066
4516
6825
8898
10650
12007
12916
13339
13263
12693
11655
10196
8378
6278
3983
1585
-819
-3138
-5285
-7183
-8768
-9990
-10817
-11233
-11241
-10860
-10123
-9076
-7776
-6286
-4673
-3006
-1350
232
1689
2976
4058
4912
5527
5903
6049
5983
5730
5323
4794
4181
3517
2838
2174
1549
986
498
95
-220
-449
-598
-678
-701
-682
-637
-580
-527
-490
-480
-504
-568
-674
-822
-1007
-1223
-1463
-1716
-1970
-2215
-2436
-2622
-2760
-2841
-2854
-2792
-2650
-2426
-2118
-1730
-1268
-740
-158
463
1109
1760
2397
3000
3550
4026
4413
4693
4856
4892
4796
4569
4214
3740
3159
2488
1747
956
140
-676
-1471
-2222
-2909
-3514
-4024
-4428
-4721
-4901
-4969
-4930
-4792
-4565
-4259
-3886
-3456
-2980
-2467
-1923
-1355
-766
-160
462
1098
1746
2402
3059
3710
4343
4943
5493
5972
6357
6624
6751
6714
6494
6076
5452
4620
3587
2368
989
-516
-2105
-3728
-5328
-6848
-8226
-9404
-10326
-10946
-11224
-11134
-10662
-9810
-8595
-7047
-5213
-3153
-936
1358
3650
5851
7881
9661
11123
12210
12880
0
0
0
0
0
0
0
0
0
0
0
0
0
0
0
0
0
0
0
0
0
0
0
0
0
0
0
0
0
0
0
0
0
0
0
0
0
0
0
0
0
0
0
0
0
0
0
0
0
0
0
0
0
0
0
0
0
0
0
0
0
0
0
0
0
0
0
-3276
-3305
-3385
-3500
-3625
-3727
-3769
-3713
-3522
-3167
-2624
-1885
-952
157
1411
2764
4159
5530
6805
7910
8777
9342
9555
9381
8800
7817
6455
4757
2788
626
-1634
-3894
-6049
-7997
-9643
-10907
-11722
-12046
-11858
-11162
-9986
-8383
-6425
-4203
-1818
617
2994
5203
7146
8738
9915
10631
10866
10623
9927
8827
7389
5692
3828
1891
-22
-1825
-3436
-4790
-5837
-6547
-6909
-6930
-6635
-6066
-5276
-4326
-3282
-2210
-1174
-227
582
1224
1678
1940
2018
1933
1716
1405
1043
674
340
78
-82
-123
-34
181
512
934
1416
1922
2411
2844
3182
3392
3449
3336
3046
2585
1968
1218
369
-538
-1465
-2364
-3195
-3917
-4498
-4913
-5146
-5190
-5050
-4736
-4271
-3680
-2995
-2249
-1476
-708
27
708
1318
1846
2290
2652
2942
3170
3351
3499
3626
3741
3850
3952
4041
4105
4128
4090
3969
3741
3386
2888
2236
1428
471
-617
-1811
-3073
-4357
-5610
-6777
-7800
-8621
-9190
-9464
-9410
-9010
-8260
-7173
-5777
-4118
-2253
-252
1804
3835
5755
7483
8947
10083
10843
11197
11129
10648
9777
8558
7050
5321
3451
1523
-380
-2177
-3798
-5179
-6273
-7050
-7495
-7609
-7413
-6940
-6234
-5352
-4354
-3302
-2256
-1274
-402
322
874
1242
1427
1443
1314
1073
761
419
91
-184
-373
-449
-396
-208
109
541
1063
1641
2238
2813
3325
3737
4017
4140
4089
3861
3462
2906
2221
1441
605
-243
-1061
-1807
-2443
-2940
-3276
-3443
-3439
-3276
-2976
-2568
-2088
-1578
-1079
-632
-273
-31
71
25
-165
-490
-924
-1433
-1975
-2501
-2963
-3311
-3500
-3491
-3258
-2783
-2065
-1117
35
1349
2772
4241
5686
7032
8207
9141
9776
10060
9960
9458
8554
7268
5636
3714
1571
-711
-3043
-5331
-7480
-9400
-11011
-12241
-13039
-13368
-13212
-12575
-11481
-9974
-8114
-5977
-3649
-1221
1209
3548
5707
7604
9174
10363
11136
11476
11385
10882
10003
8798
7331
5674
3901
2093
326
-1329
-2808
-4060
-5043
-5734
-6120
-6205
-6007
-5556
-4894
-4068
-3135
-2151
-1173
-255
552
1212
1691
1972
2045
1915
1598
1119
515
-173
-899
-1615
-2271
-2822
-3230
-3461
-3494
-3316
-2926
-2336
-1567
-651
369
1449
2534
3573
4512
5302
5900
6272
6393
6250
5845
5189
4307
3236
2021
716
-620
-1929
-3150
-4227
-5112
-5764
-6156
-6272
-6108
-5678
-5005
-4127
-3092
-1954
-774
386
1467
2411
3171
3707
3995
4021
3788
3314
2628
1773
802
-226
-1248
-2199
-3020
-3656
-4063
-4209
-4076
-3661
-2977
-2054
-934
326
1665
3011
4291
5435
6376
7058
7434
7476
7167
6511
5529
4258
2750
1069
-710
-2510
-4247
-5843
-7223
-8326
-9099
-9507
-9532
-9171
-8441
-7376
-6024
-4445
-2709
-892
927
2673
4274
5666
6797
7628
8135
8308
8152
7687
6947
5974
4819
3539
2194
841
-464
-1672
-2740
-3635
-4333
-4822
-5097
-5164
-5037
-4738
-4291
-3725
-3071
-2359
-1619
-877
-157
521
1144
1698
2175
2569
2878
3099
3232
3276
3232
3099
2878
2569
2175
1698
1144
521
-157
-877
-1619
-2359
-3071
-3725
-4291
-4738
-5037
-5164
-5097
-4822
-4333
-3635
-2740
-1672
-464
841
2194
3539
4819
5974
6947
7687
8152
8308
8135
7628
6797
5666
4274
2673
927
-892
-2709
-4445
-6024
-7376
-8441
-9171
-9532
-9507
-9099
-8326
-7223
-5843
-4247
-2510
-710
1069
2750
4258
5529
6511
7167
7476
7434
7058
6376
5435
4291
3011
1665
326
-934
-2054
-2977
-3661
-4076
-4209
-4063
-3656
-3020
-2199
-1248
-226
802
1773
2628
3314
3788
4021
3995
3707
3171
2411
1467
386
-774
-1954
-3092
-4127
-5005
-5678
-6108
-6272
-6156
-5764
-5112
-4227
-3150
-1929
-620
716
2021
3236
4307
5189
5845
6250
6393
6272
5900
5302
4512
3573
2534
1449
369
-651
-1567
-2336
-2926
-3316
-3494
-3461
-3230
-2822
-2271
-1615
-899
-173
515
1119
1598
1915
2045
1972
1691
1212
552
-255
-1173
-2151
-3135
-4068
-4894
-5556
-6007
-6205
-6120
-5734
-5043
-4060
-2808
-1329
326
2093
3901
5674
7331
8798
10003
10882
11385
11476
11136
10363
9174
7604
5707
3548
1209
-1221
-3649
-5977
-8114
-9974
-11481
-12575
-13212
-13368
-13039
-12241
-11011
-9400
-7480
-5331
-3043
-711
1571
3714
5636
7268
8554
9458
9960
10060
9776
9141
8207
7032
5686
4241
2772
1349
35
-1117
-2065
-2783
-3258
-3491
-3500
-3311
-2963
-2501
-1975
-1433
-924
-490
-165
25
71
-31
-273
-632
-1079
-1578
-2088
-2568
-2976
-3276
-3439
-3443
-3276
-2940
-2443
-1807
-1061
-243
605
1441
2221
2906
3462
3861
4089
4140
4017
3737
3325
2813
2238
1641
1063
541
109
-208
-396
-449
-373
-184
91
419
761
1073
1314
1443
1427
1242
874
322
-402
-1274
-2256
-3302
-4354
-5352
-6234
-6940
-7413
-7609
-7495
-7050
-6273
-5179
-3798
-2177
-380
1523
3451
5321
7050
8558
9777
10648
11129
11197
10843
10083
8947
7483
5755
3835
1804
-252
-2253
-4118
-5777
-7173
-8260
-9010
-9410
-9464
-9190
-8621
-7800
-6777
-5610
-4357
-3073
-1811
-617
471
1428
2236
2888
3386
3741
3969
4090
4128
4105
4041
3952
3850
3741
3626
3499
3351
3170
2942
2652
2290
1846
1318
708
27
-708
-1476
-2249
-2995
-3680
-4271
-4736
-5050
-5190
-5146
-4913
-4498
-3917
-3195
-2364
-1465
-538
369
1218
1968
2585
3046
3336
3449
3392
3182
2844
2411
1922
1416
934
512
181
-34
-123
-82
78
340
674
1043
1405
1716
1933
2018
1940
1678
1224
582
-227
-1174
-2210
-3282
-4326
-5276
-6066
-6635
-6930
-6909
-6547
-5837
-4790
-3436
-1825
-22
1891
3828
5692
7389
8827
9927
10623
10866
10631
9915
8738
7146
5203
2994
617
-1818
-4203
-6425
-8383
-9986
-11162
-11858
-12046
-11722
-10907
-9643
-7997
-6049
-3894
-1634
626
2788
4757
6455
7817
8800
9381
9555
9342
8777
7910
6805
5530
4159
2764
1411
157
-952
-1885
-2624
-3167
-3522
-3713
-3769
-3727
-3625
-3500
-3385
-3305
0
0
0
0
0
0
0
0
0
0
0
0
0
0
0
0
0
0
0
0
0
0
0
0
0
0
0
0
0
0
0
0
0
0
0
0
0
0
0
0
0
0
0
0
0
0
0
0
0
0
0
0
0
0
0
0
0
0
0
0
0
0
0
0
0
0
0
3276
3262
3217
3135
3008
2824
2573
2243
1827
1320
723
44
-701
-1494
-2307
-3106
-3854
-4515
-5049
-5422
-5605
-5575
-5320
-4838
-4140
-3247
-2192
-1020
219
1469
2669
3763
4694
5416
5892
6098
6022
5669
5060
4227
3217
2086
897
-284
-1394
-2369
-3159
-3721
-4029
-4071
-3851
-3391
-2727
-1908
-992
-45
865
1674
2321
2757
2946
2868
2519
1916
1090
89
-1023
-2178
-3298
-4307
-5131
-5705
-5978
-5913
-5494
-4724
-3627
-2248
-647
1096
2896
4659
6290
7700
8806
9543
9861
9733
9153
8140
6735
4997
3007
857
-1353
-3520
-5540
-7321
-8779
-9849
-10485
-10664
-10385
-9668
-8558
-7115
-5416
-3546
-1598
335
2164
3810
5205
6297
7053
7457
7514
7245
6687
5890
4915
3824
2683
1557
501
-436
-1220
-1826
-2245
-2481
-2548
-2471
-2284
-2024
-1728
-1433
-1173
-972
-847
-805
-845
-954
-1111
-1290
-1460
-1590
-1649
-1611
-1458
-1177
-769
-245
375
1061
1774
2469
3098
3616
3977
4146
4095
3809
3286
2538
1594
493
-710
-1956
-3177
-4304
-5267
-6007
-6471
-6621
-6434
-5904
-5045
-3887
-2481
-888
815
2547
4222
5753
7062
8078
8747
9029
8906
8378
7466
6213
4676
2926
1048
-870
-2739
-4472
-5991
-7228
-8132
-8671
-8830
-8614
-8049
-7174
-6046
-4733
-3307
-1846
-423
890
2038
2972
3661
4090
4261
4190
3911
3467
2910
2298
1690
1142
703
412
297
371
630
1058
1624
2282
2980
3657
4253
4705
4960
4970
4703
4139
3276
2131
735
-860
-2594
-4392
-6171
-7845
-9331
-10548
-11427
-11910
-11957
-11545
-10672
-9359
-7643
-5583
-3252
-738
1862
4449
6919
9174
11125
12695
13821
14460
14589
14205
13325
11988
10247
8175
5853
3374
831
-1679
-4064
-6240
-8132
-9681
-10839
-11579
-11891
-11779
-11267
-10392
-9204
-7764
-6139
-4401
-2623
-875
775
2271
3564
4616
5401
5907
6135
6096
5814
5321
4658
3870
3007
2117
1248
445
-254
-819
-1227
-1465
-1530
-1427
-1172
-788
-304
243
819
1382
1895
2321
2631
2800
2810
2651
2325
1839
1210
462
-373
-1260
-2161
-3034
-3841
-4543
-5109
-5512
-5731
-5756
-5582
-5215
-4670
-3967
-3135
-2205
-1213
-197
804
1758
2632
3400
4040
4540
4892
5097
5160
5094
4915
4642
4296
3900
3472
3029
2587
2153
1734
1330
936
546
150
-262
-702
-1177
-1694
-2253
-2851
-3478
-4117
-4749
-5346
-5879
-6314
-6619
-6762
-6715
-6457
-5972
-5256
-4312
-3157
-1819
-335
1247
2874
4483
6012
7395
8571
9487
10095
10360
10262
9793
8963
7796
6333
4627
2742
753
-1262
-3225
-5054
-6677
-8030
-9059
-9725
-10007
-9897
-9406
-8563
-7408
-5998
-4398
-2679
-918
809
2431
3881
5104
6054
6703
7033
7045
6751
6178
5365
4360
3217
1995
754
-449
-1562
-2536
-3336
-3931
-4307
-4456
-4384
-4105
-3643
-3028
-2297
-1488
-642
199
1001
1728
2352
2850
3207
3414
3468
3373
3140
2782
2320
1774
1169
528
-122
-760
-1362
-1908
-2380
-2763
-3045
-3218
-3276
-3218
-3045
-2763
-2380
-1908
-1362
-760
-122
528
1169
1774
2320
2782
3140
3373
3468
3414
3207
2850
2352
1728
1001
199
-642
-1488
-2297
-3028
-3643
-4105
-4384
-4456
-4307
-3931
-3336
-2536
-1562
-449
754
1995
3217
4360
5365
6178
6751
7045
7033
6703
6054
5104
3881
2431
809
-918
-2679
-4398
-5998
-7408
-8563
-9406
-9897
-10007
-9725
-9059
-8030
-6677
-5054
-3225
-1262
753
2742
4627
6333
7796
8963
9793
10262
10360
10095
9487
8571
7395
6012
4483
2874
1247
-335
-1819
-3157
-4312
-5256
-5972
-6457
-6715
-6762
-6619
-6314
-5879
-5346
-4749
-4117
-3478
-2851
-2253
-1694
-1177
-702
-262
150
546
936
1330
1734
2153
2587
3029
3472
3900
4296
4642
4915
5094
5160
5097
4892
4540
4040
3400
2632
1758
804
-197
-1213
-2205
-3135
-3967
-4670
-5215
-5582
-5756
-5731
-5512
-5109
-4543
-3841
-3034
-2161
-1260
-373
462
1210
1839
2325
2651
2810
2800
2631
2321
1895
1382
819
243
-304
-788
-1172
-1427
-1530
-1465
-1227
-819
-254
445
1248
2117
3007
3870
4658
5321
5814
6096
6135
5907
5401
4616
3564
2271
775
-875
-2623
-4401
-6139
-7764
-9204
-10392
-11267
-11779
-11891
-11579
-10839
-9681
-8132
-6240
-4064
-1679
831
3374
5853
8175
10247
11988
13325
14205
14589
14460
13821
12695
11125
9174
6919
4449
1862
-738
-3252
-5583
-7643
-9359
-10672
-11545
-11957
-11910
-11427
-10548
-9331
-7845
-6171
-4392
-2594
-860
735
2131
3276
4139
4703
4970
4960
4705
4253
3657
2980
2282
1624
1058
630
371
297
412
703
1142
1690
2298
2910
3467
3911
4190
4261
4090
3661
2972
2038
890
-423
-1846
-3307
-4733
-6046
-7174
-8049
-8614
-8830
-8671
-8132
-7228
-5991
-4472
-2739
-870
1048
2926
4676
6213
7466
8378
8906
9029
8747
8078
7062
5753
4222
2547
815
-888
-2481
-3887
-5045
-5904
-6434
-6621
-6471
-6007
-5267
-4304
-3177
-1956
-710
493
1594
2538
3286
3809
4095
4146
3977
3616
3098
2469
1774
1061
375
-245
-769
-1177
-1458
-1611
-1649
-1590
-1460
-1290
-1111
-954
-845
-805
-847
-972
-1173
-1433
-1728
-2024
-2284
-2471
-2548
-2481
-2245
-1826
-1220
-436
501
1557
2683
3824
4915
5890
6687
7245
7514
7457
7053
6297
5205
3810
2164
335
-1598
-3546
-5416
-7115
-8558
-9668
-10385
-10664
-10485
-9849
-8779
-7321
-5540
-3520
-1353
857
3007
4997
6735
8140
9153
9733
9861
9543
8806
7700
6290
4659
2896
1096
-647
-2248
-3627
-4724
-5494
-5913
-5978
-5705
-5131
-4307
-3298
-2178
-1023
89
1090
1916
2519
2868
2946
2757
2321
1674
865
-45
-992
-1908
-2727
-3391
-3851
-4071
-4029
-3721
-3159
-2369
-1394
-284
897
2086
3217
4227
5060
5669
6022
6098
5892
5416
4694
3763
2669
1469
219
-1020
-2192
-3247
-4140
-4838
-5320
-5575
-5605
-5422
-5049
-4515
-3854
-3106
-2307
-1494
-701
44
723
1320
1827
2243
2573
2824
3008
3135
3217
3262
0
0
0
0
0
0
0
0
0
0
0
0
0
0
0
0
0
0
0
0
0
0
0
0
0
0
0
0
0
0
0
0
0
0
0
0
0
0
0
0
0
0
0
0
0
0
0
0
0
0
0
0
0
0
0
0
0
0
0
0
0
0
0
0
0
0
0
9830
9659
9155
8337
7237
5901
4379
2730
1019
-690
-2336
-3861
-5212
-6346
-7230
-7842
-8173
-8224
-8007
-7544
-6867
-6011
-5019
-3933
-2799
-1658
-549
493
1442
2276
2981
3549
3980
4276
4449
4509
4473
4354
4169
3932
3656
3351
3024
2681
2324
1953
1569
1169
753
319
-131
-595
-1069
-1545
-2014
-2466
-2887
-3265
-3586
-3838
-4009
-4089
-4073
-3957
-3740
-3428
-3027
-2548
-2004
-1411
-787
-150
480
1090
1660
2177
2630
3008
3308
3524
3656
3708
3681
3583
3421
3200
2930
2618
2272
1898
1504
1093
673
247
-178
-600
-1012
-1410
-1788
-2139
-2458
-2737
-2971
-3154
-3280
-3345
-3346
-3282
-3153
-2962
-2712
-2410
-2063
-1679
-1269
-841
-406
26
450
856
1240
1598
1926
2223
2490
2726
2932
3110
3258
3375
3460
3507
3511
3466
3365
3198
2958
2640
2236
1746
1170
514
-211
-995
-1816
-2651
-3475
-4256
-4966
-5573
-6047
-6362
-6497
-6435
-6169
-5696
-5026
-4174
-3166
-2035
-819
438
1689
2888
3989
4948
5729
6303
6649
6759
6631
6277
5719
4985
4113
3146
2130
1112
137
-753
-1525
-2151
-2611
-2899
-3015
-2973
-2792
-2500
-2131
-1722
-1311
-935
-625
-410
-309
-331
-479
-744
-1107
-1542
-2018
-2496
-2936
-3300
-3548
-3650
-3580
-3321
-2869
-2227
-1411
-447
628
1772
2936
4069
5116
6028
6760
7272
7535
7532
7254
6707
5909
4887
3680
2333
900
-566
-2009
-3373
-4611
-5676
-6534
-7158
-7531
-7648
-7514
-7141
-6553
-5779
-4855
-3819
-2712
-1575
-446
638
1647
2553
3336
3981
4479
4825
5022
5075
4992
4786
4470
4058
3567
3012
2408
1771
1116
456
-193
-820
-1410
-1951
-2429
-2834
-3154
-3379
-3503
-3519
-3426
-3223
-2915
-2509
-2018
-1456
-843
-198
452
1087
1681
2209
2650
2987
3204
3292
3246
3067
2762
2341
1823
1226
574
-106
-791
-1454
-2071
-2620
-3083
-3446
-3698
-3832
-3847
-3745
-3530
-3211
-2797
-2301
-1733
-1108
-436
267
992
1727
2457
3171
3854
4491
5066
5559
5952
6224
6353
6320
6106
5695
5077
4247
3209
1974
564
-989
-2644
-4352
-6052
-7679
-9165
-10441
-11439
-12097
-12364
-12201
-11583
-10506
-8982
-7046
-4753
-2176
595
3457
6297
8998
11444
13524
15142
16216
16686
16517
15703
14265
12252
9742
6835
3650
324
-3002
-6185
-9087
-11580
-13559
-14939
-15666
-15715
-15093
-13841
-12029
-9751
-7127
-4289
-1378
1462
4096
6400
8269
9624
10414
10618
10248
9345
7980
6246
4254
2128
-4
-2018
-3797
-5240
-6268
-6829
-6897
-6478
-5603
-4332
-2750
-956
937
2813
4554
6052
7216
7971
8268
8084
7426
6326
4842
3054
1061
-1030
-3104
-5049
-6761
-8146
-9133
-9672
-9738
-9331
-8480
-7235
-5668
-3867
-1930
36
1931
3656
5129
6280
7061
7447
7436
7048
6323
5320
4111
2778
1406
79
-1127
-2145
-2925
-3433
-3652
-3588
-3263
-2715
-1997
-1169
-298
548
1309
1929
2366
2590
2589
2366
1941
1347
630
-155
-953
-1704
-2353
-2853
-3168
-3276
-3168
-2853
-2353
-1704
-953
-155
630
1347
1941
2366
2589
2590
2366
1929
1309
548
-298
-1169
-1997
-2715
-3263
-3588
-3652
-3433
-2925
-2145
-1127
79
1406
2778
4111
5320
6323
7048
7436
7447
7061
6280
5129
3656
1931
36
-1930
-3867
-5668
-7235
-8480
-9331
-9738
-9672
-9133
-8146
-6761
-5049
-3104
-1030
1061
3054
4842
6326
7426
8084
8268
7971
7216
6052
4554
2813
937
-956
-2750
-4332
-5603
-6478
-6897
-6829
-6268
-5240
-3797
-2018
-4
2128
4254
6246
7980
9345
10248
10618
10414
9624
8269
6400
4096
1462
-1378
-4289
-7127
-9751
-12029
-13841
-15093
-15715
-15666
-14939
-13559
-11580
-9087
-6185
-3002
324
3650
6835
9742
12252
14265
15703
16517
16686
16216
15142
13524
11444
8998
6297
3457
595
-2176
-4753
-7046
-8982
-10506
-11583
-12201
-12364
-12097
-11439
-10441
-9165
-7679
-6052
-4352
-2644
-989
564
1974
3209
4247
5077
5695
6106
6320
6353
6224
5952
5559
5066
4491
3854
3171
2457
1727
992
267
-436
-1108
-1733
-2301
-2797
-3211
-3530
-3745
-3847
-3832
-3698
-3446
-3083
-2620
-2071
-1454
-791
-106
574
1226
1823
2341
2762
3067
3246
3292
3204
2987
2650
2209
1681
1087
452
-198
-843
-1456
-2018
-2509
-2915
-3223
-3426
-3519
-3503
-3379
-3154
-2834
-2429
-1951
-1410
-820
-193
456
1116
1771
2408
3012
3567
4058
4470
4786
4992
5075
5022
4825
4479
3981
3336
2553
1647
638
-446
-1575
-2712
-3819
-4855
-5779
-6553
-7141
-7514
-7648
-7531
-7158
-6534
-5676
-4611
-3373
-2009
-566
900
2333
3680
4887
5909
6707
7254
7532
7535
7272
6760
6028
5116
4069
2936
1772
628
-447
-1411
-2227
-2869
-3321
-3580
-3650
-3548
-3300
-2936
-2496
-2018
-1542
-1107
-744
-479
-331
-309
-410
-625
-935
-1311
-1722
-2131
-2500
-2792
-2973
-3015
-2899
-2611
-2151
-1525
-753
137
1112
2130
3146
4113
4985
5719
6277
6631
6759
6649
6303
5729
4948
3989
2888
1689
438
-819
-2035
-3166
-4174
-5026
-5696
-6169
-6435
-6497
-6362
-6047
-5573
-4966
-4256
-3475
-2651
-1816
-995
-211
514
1170
1746
2236
2640
2958
3198
3365
3466
3511
3507
3460
3375
3258
3110
2932
2726
2490
2223
1926
1598
1240
856
450
26
-406
-841
-1269
-1679
-2063
-2410
-2712
-2962
-3153
-3282
-3346
-3345
-3280
-3154
-2971
-2737
-2458
-2139
-1788
-1410
-1012
-600
-178
247
673
1093
1504
1898
2272
2618
2930
3200
3421
3583
3681
3708
3656
3524
3308
3008
2630
2177
1660
1090
480
-150
-787
-1411
-2004
-2548
-3027
-3428
-3740
-3957
-4073
-4089
-4009
-3838
-3586
-3265
-2887
-2466
-2014
-1545
-1069
-595
-131
319
753
1169
1569
1953
2324
2681
3024
3351
3656
3932
4169
4354
4473
4509
4449
4276
3980
3549
2981
2276
1442
493
-549
-1658
-2799
-3933
-5019
-6011
-6867
-7544
-8007
-8224
-8173
-7842
-7230
-6346
-5212
-3861
-2336
-690
1019
2730
4379
5901
7237
8337
9155
9659
0
0
0
0
0
0
0
0
0
0
0
0
0
0
0
0
0
0
0
0
0
0
0
0
0
0
0
0
0
0
0
0
0
0
0
0
0
0
0
0
0
0
0
0
0
0
0
0
0
0
0
0
0
0
0
0
0
0
0
0
0
0
0
0
0
0
0
