0
4278
8485
12550
16402
19973
23203
26035
28419
30314
31684
32507
32766
32456
31581
30156
28203
25758
22860
19561
15917
11991
7852
3573
-771
-5106
-9352
-13436
-17284
-20829
-24006
-26759
-29038
-30801
-32015
-32660
-32720
-32196
-31094
-29434
-27244
-24563
-21439
-17925
-14087
-9991
-5712
-1327
3083
7441
11667
15683
19415
22796
25762
28259
30239
31667
32514
32764
32412
31462
29931
27847
25247
22178
18696
14865
10755
6443
2009
-2465
-6896
-11201
-15299
-19113
-22570
-25606
-28162
-30190
-31650
-32514
-32764
-32394
-31411
-29832
-27686
-25012
-21861
-18292
-14372
-10175
-5781
-1274
3259
7733
12062
16161
19951
23359
26318
28771
30668
31973
32659
32711
32127
30919
29107
26727
23823
20452
16679
12577
8226
3711
-879
-5455
-9926
-14204
-18204
-21846
-25058
-27775
-29942
-31516
-32464
-32766
-32415
-31417
-29790
-27567
-24790
-21514
-17805
-13736
-9388
-4849
-209
4437
8997
13377
17489
21248
24578
27411
29687
31359
32393
32765
32468
31507
29899
27676
24884
21579
17828
13707
9301
4700
0
-4703
-9311
-13729
-17864
-21629
-24947
-27746
-29968
-31566
-32503
-32761
-32332
-31225
-29460
-27076
-24119
-20653
-16748
-12488
-7961
-3263
1506
6246
10856
15238
19298
22949
26112
28719
30713
32051
32702
32651
31900
30461
28366
25658
22395
18646
14492
10022
5332
524
-4298
-9029
-13567
-17811
-21669
-25055
-27896
-30127
-31699
-32577
-32739
-32182
-30916
-28967
-26379
-23206
-19519
-15397
-10932
-6222
-1372
3511
8320
12945
17284
21240
24723
27655
29968
31611
32545
32748
32214
30954
28995
26381
23169
19431
15252
10724
5950
1038
-3899
-8751
-13405
-17757
-21705
-25159
-28038
-30277
-31822
-32637
-32702
-32014
-30588
-28456
-25665
-22280
-18377
-14047
-9388
-4509
477
5455
10308
14924
19194
23018
26305
28979
30974
32243
32756
32498
31476
29711
27244
24133
20449
16280
11722
6884
1880
-3170
-8148
-12935
-17416
-21484
-25041
-28000
-30291
-31856
-32659
-32677
-31909
-30373
-28105
-25157
-21600
-17520
-13013
-8189
-3163
1941
7001
11893
16499
20705
24407
27516
29953
31659
32589
32721
32049
30590
28377
25463
21921
17836
13307
8448
3377
-1780
-6896
-11843
-16499
-20746
-24479
-27603
-30040
-31727
-32621
-32699
-31957
-30413
-28105
-25088
-21439
-17247
-12618
-7668
-2522
2689
7836
12787
17416
21605
25247
28248
30530
32035
32723
32574
31592
29801
27244
23987
20112
15718
10917
5832
595
-4660
-9798
-14685
-19194
-23208
-26622
-29345
-31307
-32455
-32757
-32206
-30813
-28614
-25665
-22043
-17841
-13169
-8148
-2911
2405
7661
12717
17440
21705
25397
28419
30689
32146
32750
32483
31352
29385
26633
23169
19084
14487
9500
4255
-1105
-6439
-11603
-16457
-20870
-24723
-27911
-30346
-31961
-32712
-32578
-31559
-29684
-27001
-23582
-19519
-14922
-9916
-4636
771
6162
11386
16301
20770
24671
27896
30354
31977
32719
32558
31498
29565
26813
23317
19172
14492
9407
4058
-1405
-6833
-12073
-16978
-21411
-25247
-28377
-30713
-32188
-32760
-32410
-31148
-29007
-26047
-22351
-18021
-13179
-7961
-2516
3003
8440
13640
18454
22745
26389
29282
31340
32503
32737
32033
30409
27913
24613
20604
16000
10932
5547
0
-5550
-10942
-16021
-20637
-24657
-27963
-30458
-32068
-32745
-32468
-31244
-29107
-26118
-22364
-17952
-13013
-7689
-2137
3479
8997
14252
19090
23367
26955
29748
31662
32640
32650
31691
29790
27003
23411
19119
14256
8965
3403
-2262
-7862
-13230
-18204
-22633
-26385
-29345
-31423
-32556
-32707
-31871
-30072
-27362
-23823
-19561
-14703
-9397
-3803
1908
7565
12994
18030
22517
26318
29316
31419
32559
32702
31841
30001
27238
23635
19302
14372
8996
3339
-2422
-8112
-13553
-18577
-23026
-26761
-29667
-31650
-32648
-32629
-31591
-29565
-26615
-22829
-18327
-13249
-7752
-2009
3799
9491
14886
19815
24120
27666
30338
32052
32751
32412
31044
28690
25423
21345
16586
11295
5642
-193
-6025
-11667
-16938
-21669
-25706
-28920
-31206
-32489
-32726
-31909
-30063
-27244
-23544
-19081
-13998
-8460
-2644
3259
9060
14569
19606
24006
27626
30346
32075
32756
32366
30916
28451
25051
20827
15917
10480
4696
-1244
-7147
-12817
-18065
-22719
-26622
-29644
-31684
-32674
-32578
-31398
-29173
-25975
-21909
-17110
-11737
-5969
0
5972
11747
17130
21941
26016
29217
31436
32596
32657
31615
29504
26395
22390
17625
12260
6476
470
-5554
-11392
-16845
-21726
-25867
-29127
-31393
-32585
-32662
-31619
-29491
-26349
-22301
-17483
-12062
-6222
-166
5898
11762
17222
22088
26191
29387
31566
32648
32597
31411
29131
25835
21636
16679
11138
5205
-912
-7001
-12847
-18244
-23003
-26955
-29960
-31912
-32739
-32412
-30940
-28374
-24803
-20353
-15179
-9465
-3413
2763
8843
14612
19863
24407
28083
30758
32334
32755
32003
30103
27124
23169
18381
12929
7010
836
-5370
-11386
-16993
-21989
-26191
-29446
-31636
-32680
-32538
-31214
-28754
-25247
-20819
-15630
-9868
-3744
2518
8692
14551
19879
24480
28184
30855
32393
32739
31880
29845
26709
22585
17625
12011
5950
-333
-6607
-12639
-18204
-23094
-27128
-30152
-32055
-32763
-32248
-30528
-27666
-23767
-18976
-13473
-7461
-1167
5173
11322
17047
22132
26385
29644
31785
32724
32427
30901
28203
24435
19738
14288
8294
1981
-4409
-10635
-16457
-21654
-26025
-29402
-31656
-32697
-32485
-31027
-28377
-24634
-19943
-14481
-8460
-2109
4324
10594
16457
21686
26077
29459
31699
32710
32451
30929
28203
24378
19601
14056
7961
1552
-4919
-11201
-17047
-22227
-26537
-29806
-31906
-32751
-32307
-30590
-27666
-23648
-18696
-13002
-6791
-309
6187
12441
18204
23246
27366
30398
32222
32762
31995
29951
26709
22398
17189
11289
4935
-1619
-8112
-14281
-19879
-24678
-28486
-31147
-32552
-32643
-31416
-28917
-25247
-20553
-15023
-8882
-2378
4225
10659
16662
21989
26421
29777
31918
32756
32254
30432
27362
23169
18024
12137
5748
-879
-7473
-13762
-19485
-24407
-28323
-31070
-32533
-32650
-31414
-28875
-25136
-20353
-14721
-8475
-1874
4807
11292
17307
22602
26955
30182
32146
32765
32010
29911
26556
22083
16679
10571
4016
-2711
-9326
-15551
-21121
-25799
-29387
-31732
-32732
-32344
-30582
-27520
-23286
-18060
-12062
-5547
1206
7911
14280
20041
24947
28786
31393
32653
32513
30975
28105
24024
18906
12972
6476
-301
-7069
-13534
-19415
-24458
-28443
-31196
-32596
-32580
-31148
-28360
-24336
-19250
-13322
-6811
0
6813
13332
19269
24364
28393
31178
32594
32578
31129
28309
24241
19103
13120
6555
-301
-7147
-13680
-19609
-24671
-28641
-31340
-32648
-32505
-30916
-27948
-23735
-18460
-12360
-5706
1206
8067
14569
20421
25359
29162
31656
32728
32328
30473
27244
22786
17298
11027
4255
-2711
-9557
-15974
-21669
-26383
-29901
-32062
-32766
-31979
-29736
-26137
-21345
-15577
-9095
-2195
4807
11593
17850
23291
27666
30771
32464
32665
31362
28614
24546
19345
13249
6538
-477
-7473
-14125
-20126
-25196
-29098
-31650
-32732
-32292
-30349
-26991
-22374
-16712
-10266
-3339
3746
10659
17076
22694
27251
30530
32377
32702
31489
28793
24740
19519
13375
6597
-494
-7565
-14281
-20323
-25404
-29282
-31772
-32753
-32178
-30072
-26533
-21729
-15887
-9285
-2238
4919
11843
18204
23695
28052
31066
32589
32548
30942
27847
23411
17845
11416
4435
-2763
-9830
-16425
-22227
-26955
-30378
-32330
-32713
-31507
-28769
-24631
-19293
-13013
-6096
1120
8285
15047
21076
26077
29802
32068
32763
31850
29372
25451
20276
14101
7230
0
-7232
-14111
-20295
-25478
-29402
-31872
-32764
-32033
-29711
-25913
-20827
-14703
-7845
-595
6688
13640
19914
25196
29220
31785
32759
32093
29819
26047
20967
14832
7950
664
-6656
-13645
-19948
-25247
-29273
-31822
-32763
-32046
-29706
-25861
-20703
-14492
-7543
-209
7138
14125
20396
25629
29557
31977
32766
31880
29363
25342
20022
13674
6622
-771
-8129
-15071
-21240
-26318
-30042
-32219
-32734
-31559
-28754
-24461
-18901
-12360
-5177
2276
9615
16457
22447
27271
30678
32489
32608
31026
27825
23169
17302
10527
3199
-4298
-11573
-18244
-23960
-28419
-31387
-32705
-32302
-30198
-26501
-21406
-15179
-8148
-684
6817
13962
20369
25700
29668
32064
32757
31710
28975
24698
19103
12488
5205
-2358
-9798
-16717
-22745
-27557
-30894
-32577
-32513
-30703
-27244
-22319
-16192
-9191
-1693
5898
13175
19743
25247
29388
31941
32765
31816
29141
24884
19276
12618
5272
-2362
-9871
-16845
-22903
-27714
-31014
-32621
-32445
-30495
-26875
-21781
-15492
-8351
-749
6896
14165
20658
26016
29942
32220
32721
31417
28377
23767
17841
10926
3403
-4310
-11787
-18613
-24407
-28847
-31684
-32759
-32010
-29476
-25298
-19707
-13013
-5590
2148
9769
16845
22980
27828
31116
32659
32366
30254
26438
21133
14635
7310
-430
-8148
-15409
-21801
-26962
-30598
-32502
-32563
-30778
-27244
-22162
-15818
-8572
-836
6950
14343
20920
26305
30190
32350
32661
31103
27762
22829
16586
9388
1649
-6187
-13670
-20369
-25898
-29936
-32249
-32702
-31267
-28024
-23161
-16955
-9766
-2009
5867
13405
20168
25762
29860
32222
32709
31291
28049
23169
16936
9711
1916
-5992
-13553
-20323
-25904
-29968
-32275
-32687
-31179
-27837
-22855
-16527
-9222
-1372
6562
14111
20829
26318
30252
32397
32623
30916
27374
22206
15718
8294
373
-7571
-15067
-21669
-26980
-30683
-32556
-32483
-30469
-26631
-21197
-14492
-6916
1077
9009
16402
22811
27851
31216
32702
32218
29790
25564
19793
12824
5078
-2978
-10856
-18080
-24210
-28873
-31785
-32766
-31757
-28816
-24119
-17952
-10689
-2772
5316
13083
20053
25799
29968
32304
32662
31017
27469
22233
15630
8064
0
-8067
-15639
-22251
-27492
-31038
-32669
-32282
-29899
-25665
-19840
-12785
-4935
3223
11185
18454
24578
29176
31960
32754
31507
28295
23317
16881
9388
1306
-6859
-14599
-21426
-26913
-30713
-32587
-32415
-30206
-26096
-20343
-13307
-5431
2789
10837
18204
24423
29100
31937
32755
31498
28244
23199
16679
9099
938
-7285
-15047
-21854
-27271
-30951
-32659
-32282
-29844
-25497
-19519
-12290
-4271
4023
12062
19330
25359
29762
32252
32670
30984
27303
21861
15008
7184
-1105
-9326
-16947
-23474
-28484
-31650
-32766
-31757
-28687
-23753
-17274
-9670
-1435
6896
14781
21705
27215
30951
32666
32248
29720
25247
19119
11737
3583
-4807
-12886
-20121
-26035
-30239
-32455
-32534
-30469
-26395
-20578
-13400
-5336
3083
11302
18775
25007
29584
32200
32681
30992
27244
21684
14679
6695
-1736
-10055
-17706
-24178
-29038
-31959
-32744
-31340
-27837
-22468
-15592
-7668
771
9163
16942
23583
28641
31772
32764
31548
28203
22955
16155
8261
-193
-8637
-16499
-23246
-28419
-31667
-32766
-31641
-28366
-23161
-16378
-8479
0
8482
16388
23178
28387
31659
32766
31633
28334
23092
16267
8323
-193
-8699
-16610
-23382
-28547
-31748
-32764
-31521
-28105
-22748
-15818
-7793
771
9287
17161
23850
28887
31923
32744
31292
27666
22114
15023
6884
-1736
-10238
-18030
-24565
-29387
-32158
-32681
-30919
-26991
-21173
-13868
-5590
3083
11543
19194
25499
30012
32414
32534
30361
26047
19895
12336
3903
-4807
-13181
-20625
-26610
-30711
-32637
-32248
-29569
-24790
-18247
-10405
-1820
6896
15124
22277
27843
31423
32760
31757
28483
23169
16196
8060
-655
-9326
-17331
-24094
-29127
-32068
-32703
-30984
-27033
-21133
-13707
-5289
3511
12062
19743
25999
30374
32552
32371
29844
25150
18630
10754
2094
-6719
-15047
-22282
-27896
-31478
-32765
-31661
-28244
-22763
-15616
-7324
1506
10228
18204
24847
29668
32313
32585
30461
26096
19809
12062
3423
-5469
-13962
-21426
-27310
-31178
-32740
-31881
-28661
-23317
-16242
-7961
912
9721
17811
24578
29519
32265
32608
30520
26157
19840
12041
3339
-5613
-14150
-21629
-27492
-31296
-32755
-31758
-28377
-22863
-15630
-7219
1736
10564
18599
25234
29968
32443
32468
30041
25342
18725
10689
1842
-7147
-15598
-22868
-28404
-31785
-32751
-31227
-27327
-21345
-13736
-5078
3969
12717
20496
26712
30887
32702
32014
28875
23522
16364
7950
-1077
-10024
-18204
-24986
-29848
-32414
-32483
-30050
-25298
-18593
-10451
-1499
7571
16058
23305
28750
31969
32711
30916
26720
20449
12587
3744
-5391
-14111
-21734
-27666
-31442
-32766
-31533
-27837
-21964
-14372
-5653
3510
12401
20323
26654
30894
32710
31957
28692
23169
15822
7226
-1941
-10958
-19113
-25762
-30378
-32596
-32237
-29328
-24096
-16955
-8469
691
9799
18132
25028
29936
32465
32412
29778
24772
17791
9388
234
-8940
-17404
-24479
-29598
-32350
-32513
-30072
-25219
-18342
-9991
-836
8388
16942
24135
29387
32275
32563
30226
25451
18620
10283
1113
-8148
-16754
-24006
-29316
-32252
-32574
-30254
-25477
-18630
-10266
-1066
8222
16845
24098
29390
32286
32549
30156
25298
18372
9941
695
-8610
-17213
-24407
-29603
-32371
-32482
-29925
-24908
-17841
-9305
0
9307
17850
24924
29942
32491
32356
29546
24293
17028
8351
-1019
-10308
-18745
-25629
-30386
-32621
-32145
-28995
-23432
-15917
-7073
2362
11603
19879
26497
30903
32728
31816
28241
22301
14491
5464
-4023
-13175
-21224
-27492
-31451
-32766
-31324
-27244
-20868
-12732
-3519
5992
15001
22745
28568
31977
32682
30619
25962
19103
10622
1238
-8253
-17047
-24394
-29668
-32420
-32412
-29643
-24347
-16973
-8148
1373
10781
19269
26112
30723
32705
31886
28334
22351
14449
5304
-4298
-13534
-21608
-27826
-31650
-32749
-31026
-26627
-19930
-11510
-2094
7504
16457
23989
29446
32355
32460
29752
24461
17046
8148
-1459
-10942
-19477
-26318
-30870
-32732
-31742
-27983
-21780
-13674
-4371
5316
14541
22496
28484
31977
32669
30495
25645
18541
9807
209
-9410
-18204
-25397
-30356
-32640
-32046
-28625
-22675
-14721
-5464
4278
13645
21806
28038
31787
32719
30748
26047
19032
10324
695
-8997
-17892
-25196
-30256
-32621
-32077
-28669
-22701
-14703
-5389
4409
13816
21989
28193
31872
32694
30582
25725
18555
9715
0
-9718
-18563
-25739
-30598
-32699
-31850
-28126
-21861
-13619
-4144
5708
15047
23026
28920
32194
32549
29951
24631
17073
7961
-1876
-11547
-20168
-26955
-31287
-32766
-31257
-26894
-20073
-11416
-1713
8148
17267
24807
30076
32589
32113
28690
22632
14492
5018
-4919
-14407
-22570
-28657
-32104
-32591
-30072
-24775
-17189
-8012
1907
11653
20323
27113
31393
32763
31094
26539
19519
10683
852
-9060
-18132
-25519
-30530
-32697
-31816
-27965
-21503
-13031
-3339
6667
16052
23938
29584
32459
32292
29097
23169
15065
5543
-4501
-14125
-22423
-28612
-32108
-32578
-29977
-24546
-16798
-7461
2582
12385
21019
27666
31694
32721
30647
25665
18247
9095
-923
-10856
-19760
-26786
-31264
-32766
-31146
-26556
-19431
-10451
-470
9557
18675
26008
30855
32749
31507
27244
20368
11537
1595
-8501
-17784
-25359
-30497
-32702
-31758
-27754
-21074
-12360
-2451
7696
17103
24860
30215
32648
31922
28105
21563
12929
3039
-7147
-16643
-24525
-30025
-32607
-32016
-28309
-21844
-13249
-3359
6859
16412
24364
29939
32588
32050
28377
21924
13322
3413
-6833
-16412
-24382
-29960
-32596
-32028
-28309
-21804
-13150
-3199
7069
16643
24578
30089
32630
31946
28105
21482
12732
2719
-7565
-17103
-24947
-30318
-32680
-31797
-27754
-20951
-12062
-1970
8320
17784
25478
30633
32732
31565
27244
20200
11134
952
-9326
-18675
-26154
-31014
-32765
-31228
-26556
-19215
-9941
333
10578
19760
26955
31436
32749
30759
25665
17979
8475
-1887
-12062
-21019
-27851
-31864
-32650
-30126
-24546
-16475
-6728
3703
13762
22423
28806
32258
32427
29291
23169
14683
4696
-5772
-15653
-23938
-29777
-32571
-32033
-28214
-21503
-12587
-2378
8077
17706
25519
30711
32748
31416
26850
19519
10175
-219
-10594
-19879
-27113
-31549
-32726
-30520
-25157
-17189
-7439
3083
13289
22119
28657
32222
32441
29289
23092
14492
4381
-6187
-16114
-24364
-30076
-32652
-31820
-27666
-20619
-11416
-1017
9491
19008
26537
31287
32757
30792
25595
17709
7961
-2625
-12939
-21894
-28547
-32194
-32451
-29286
-23032
-14346
-4144
6498
16457
24678
30291
32699
31644
27238
19943
10531
0
-10533
-19951
-27251
-31656
-32694
-30254
-24592
-16309
-6286
4409
14637
23305
29487
32519
32077
28203
21312
12137
1660
-8997
-18692
-26385
-31248
-32757
-30748
-25434
-17383
-7461
3266
13645
22556
29038
32390
32248
28625
21909
12824
2351
-8378
-18204
-26061
-31098
-32765
-30880
-25645
-17625
-7689
3083
13524
22496
29023
32393
32235
28565
21780
12618
2077
-8692
-18516
-26318
-31245
-32755
-30681
-25247
-17046
-6975
3863
14280
23132
29446
32527
32033
28015
20915
11510
836
-9932
-19609
-27125
-31650
-32682
-30103
-24198
-15616
-5304
5596
15880
24407
30232
32705
31550
26894
19250
9465
-1373
-12062
-21411
-28379
-32188
-32412
-29022
-22395
-13267
-2656
8253
18244
26197
31222
32754
30619
25054
16679
6433
-4537
-15001
-23783
-29895
-32648
-31731
-27244
-19690
-9916
976
11762
21224
28293
32170
32415
28997
22301
13080
2378
-8595
-18599
-26497
-31393
-32729
-30352
-24528
-15917
-5494
5554
15974
24578
30386
32734
31352
26395
18425
8351
-2679
-13405
-22602
-29217
-32491
-32046
-27932
-20616
-10936
0
10939
20625
27944
32055
32482
29173
22507
13249
2462
-8610
-18692
-26622
-31481
-32707
-30156
-24119
-15293
-4696
6446
16845
25296
30817
32766
30916
25477
17079
6695
-4468
-15115
-24006
-30106
-32702
-31489
-26606
-18620
-8460
2689
13528
22788
29387
32552
31909
27532
19930
9991
-1120
-12103
-21669
-28693
-32350
-32208
-28280
-21025
-11295
-234
10856
20671
28052
32127
32412
28871
21921
12379
1372
-9799
-19815
-27487
-31906
-32545
-29328
-22632
-13249
-2291
8940
19113
27016
31708
32629
29666
23169
13911
2992
-8285
-18577
-26654
-31549
-32677
-29899
-23544
-14372
-3477
7836
18214
26411
31442
32702
30037
23764
14635
3744
-7598
-18030
-26293
-31393
-32711
-30086
-23833
-14703
-3796
7571
18026
26305
31405
32707
30050
23753
14577
3632
-7754
-18204
-26446
-31479
-32688
-29925
-23522
-14256
-3253
8148
18560
26712
31608
32650
29706
23135
13736
2656
-8751
-19090
-27095
-31785
-32581
-29385
-22585
-13013
-1842
9557
19786
27585
31994
32468
28947
21861
12081
809
-10564
-20637
-28166
-32219
-32293
-28377
-20951
-10932
440
11762
21629
28819
32437
32033
27653
19840
9561
-1907
-13142
-22745
-29519
-32621
-31661
-26755
-18514
-7961
3586
14689
23960
30239
32740
31148
25658
16955
6128
-5469
-16384
-25247
-30944
-32759
-30461
-24336
-15151
-4058
7546
18204
26572
31595
32638
29565
22763
13087
1756
-9798
-20118
-27896
-32148
-32332
-28424
-20915
-10754
771
12203
22088
29171
32552
31797
27001
18769
8148
-3511
-14727
-24069
-30346
-32754
-30984
-25260
-16309
-5272
6439
17331
26008
31359
32696
29845
23169
13521
2137
-9523
-19964
-27843
-32146
-32318
-28334
-20703
-10405
1234
12717
22564
29503
32637
31559
26407
17841
6968
-4807
-15965
-25058
-30909
-32757
-30361
-24028
-14577
-3233
8533
19194
27364
31977
32433
28669
21173
10917
-762
-12345
-22321
-29387
-32619
-31592
-26438
-17828
-6884
4961
16161
25247
31028
32744
30168
23635
13998
2522
-9287
-19879
-27860
-32179
-32265
-28105
-20242
-9711
2101
13640
23382
30040
32733
31103
25362
16267
5018
-6896
-17901
-26537
-31659
-32585
-29190
-21921
-11741
0
11743
21929
29201
32589
31641
26480
17791
6728
-5233
-16499
-25566
-31222
-32709
-29826
-22955
-13013
-1327
10537
20994
28641
32450
31909
27088
18630
7668
-4324
-15739
-25041
-30976
-32744
-30105
-23411
-13561
-1880
10055
20637
28436
32397
31982
27244
18822
7852
-4182
-15653
-25007
-30974
-32743
-30072
-23319
-13400
-1660
10308
20879
28612
32455
31881
26966
18377
7282
-4807
-16245
-25468
-31216
-32702
-29720
-22675
-12528
-664
11292
21705
29147
32596
31576
26225
17274
5950
-6193
-17489
-26383
-31650
-32564
-28995
-21433
-10917
1105
12978
23064
29968
32737
30984
24950
15465
3839
-8320
-19330
-27666
-32170
-32217
-27796
-19519
-8531
3643
15314
24860
30951
32739
29972
23032
12884
938
-11141
-21669
-29176
-32613
-31498
-25982
-16835
-5332
6918
18204
26944
31912
32410
28366
20343
9465
-2743
-14569
-24351
-30713
-32759
-30198
-23387
-13283
-1306
10856
21492
29100
32604
31507
25962
16748
5166
-7147
-18454
-27152
-32008
-32332
-28076
-19840
-8789
3510
15314
24947
31038
32720
29752
22551
12140
0
-12143
-22559
-29762
-32723
-31017
-24884
-15198
-3339
8998
20053
28242
32393
31908
26854
17952
6476
-5930
-17489
-26541
-31785
-32465
-28481
-20402
-9388
2978
14918
24714
30951
32730
29790
22554
12062
-172
-12385
-22811
-29942
-32746
-30813
-24421
-14492
-2462
9926
20879
28806
32556
31581
26021
16679
4912
-7571
-18956
-27585
-32200
-32127
-27374
-18630
-7167
5342
17076
26318
31719
32485
28504
20353
9222
-3259
-15267
-25041
-31147
-32687
-29434
-21861
-11077
1334
13553
23783
30517
32764
30189
23169
12736
423
-11953
-22570
-29860
-32743
-30792
-24293
-14202
-2009
10483
21426
29201
32652
31267
25247
15482
3419
-9153
-20369
-28563
-32514
-31633
-26047
-16586
-4654
7973
19415
27967
32350
31910
26709
17520
5712
-6950
-18577
-27428
-32179
-32116
-27244
-18292
-6597
6088
17864
26962
32015
32263
27666
18910
7310
-5391
-17284
-26579
-31872
-32366
-27983
-19380
-7852
4862
16845
26287
31760
32433
28203
19707
8226
-4501
-16550
-26094
-31684
-32472
-28334
-19895
-8434
4310
16402
26003
31651
32486
28377
19946
8475
-4288
-16402
-26016
-31662
-32478
-28334
-19861
-8351
4437
16550
26133
31717
32445
28203
19638
8060
-4756
-16845
-26351
-31812
-32386
-27983
-19276
-7602
5243
17284
26666
31941
32293
27666
18769
6975
-5898
-17864
-27071
-32095
-32157
-27244
-18113
-6176
6719
18577
27557
32265
31968
26709
17302
5205
-7702
-19415
-28111
-32434
-31710
-26047
-16326
-4058
8843
20369
28719
32588
31368
25247
15179
2736
-10137
-21426
-29364
-32705
-30922
-24293
-13853
-1238
11573
22570
30025
32764
30353
23169
12339
-434
-13142
-23783
-30678
-32739
-29638
-21861
-10632
2276
14829
25041
31296
32604
28754
20353
8727
-4282
-16616
-26318
-31849
-32328
-27676
-18630
-6622
6439
18480
27585
32302
31880
26381
16679
4318
-8734
-20396
-28806
-32620
-31227
-24845
-14492
-1820
11144
22329
29942
32763
30335
23047
12062
-859
-13645
-24243
-30951
-32688
-29173
-20967
-9388
3703
16202
26094
31785
32354
27709
18593
6476
-6688
-18775
-27832
-32393
-31718
-25913
-15915
-3339
9779
21317
29402
32723
30737
23764
12933
0
-12935
-23772
-30745
-32720
-29372
-21243
-9654
3510
16105
26077
31798
32332
27590
18342
6096
-7147
-19226
-28162
-32493
-31507
-25362
-15061
-2291
10856
22227
29953
32765
30198
22670
11416
-1716
-14569
-25028
-31370
-32548
-28366
-19509
-7435
5867
18204
27539
32330
31782
25982
15887
3163
-10086
-21669
-29667
-32753
-30413
-23032
-11831
1334
14281
24860
31312
32563
28403
19519
7387
-5976
-18347
-27666
-32377
-31693
-25725
-15465
-2622
10659
22164
29968
32766
30086
22374
10917
-2369
-15261
-25599
-31650
-32396
-27709
-18372
-5950
7473
19643
28516
32596
31195
24546
13765
664
-12550
-23653
-30771
-32702
-29116
-20616
-8634
4807
17440
27128
32230
31881
26137
15968
3092
-10308
-21966
-29901
-32766
-30072
-22272
-10689
2711
15653
25937
31812
32275
27244
17574
4908
-8595
-20637
-29162
-32712
-30681
-23411
-12140
1206
14349
25041
31451
32480
27948
18630
6117
-7445
-19735
-28641
-32634
-31026
-24089
-13013
301
13567
24501
31222
32570
28309
19172
6728
-6876
-19298
-28393
-32589
-31159
-24347
-13326
0
13328
24354
31166
32585
28360
19220
6748
-6896
-19347
-28443
-32604
-31103
-24198
-13087
301
13640
24608
31294
32533
28105
18778
6176
-7504
-19879
-28786
-32669
-30847
-23635
-12290
1206
14493
25247
31583
32389
27520
17828
5008
-8692
-20870
-29387
-32745
-30352
-22624
-10917
2711
15865
26229
31977
32094
26556
16335
3233
-10442
-22277
-30182
-32757
-29546
-21112
-8944
4807
17712
27483
32390
31559
25136
14256
845
-12717
-24026
-31070
-32598
-28334
-19032
-6345
7473
19964
28903
32697
30666
23169
11540
-2148
-15456
-26008
-31918
-32127
-26596
-16309
-3103
10659
22517
30346
32741
29270
20553
8148
-5719
-18563
-28078
-32552
-31179
-24202
-12874
771
14281
25223
31625
32332
27214
17189
4062
-9798
-21894
-30040
-32762
-29565
-21025
-8682
5233
18204
27882
32514
31257
24336
13002
-691
-14262
-25247
-31650
-32307
-27094
-16955
-3732
10171
22227
30239
32747
29289
20494
7961
-6025
-18915
-28356
-32621
-30929
-23586
-11931
1907
15400
26077
31982
32033
26215
15592
2109
-11762
-23479
-30889
-32629
-28377
-18910
-5966
8077
20637
29402
32756
30080
21861
9613
-4409
-17621
-27585
-32459
-31342
-24435
-13013
816
14497
25499
31785
32188
26631
16140
2656
-11322
-23203
-30782
-32650
-28456
-18976
-5969
8148
20755
29503
32763
29925
21514
9095
-5021
-18204
-27995
-32564
-31058
-23753
-12011
1977
15598
26305
32095
31880
25698
14703
952
-12978
-24480
-31393
-32418
-27360
-17165
-3744
10381
22559
30497
32702
28754
19394
6380
-7836
-20580
-29446
-32762
-29899
-21393
-8847
5370
18577
28275
32630
30814
23169
11138
-3003
-16579
-27016
-32334
-31523
-24733
-13249
751
14612
25700
31906
32048
26096
15179
1372
-12698
-24354
-31371
-32412
-27273
-16932
-3359
10856
23003
30758
32638
28280
18514
5205
-9101
-21669
-30089
-32747
-29131
-19930
-6905
7445
20371
29387
32762
29844
21189
8460
-5898
-19125
-28673
-32702
-30433
-22301
-9868
4468
17946
27963
32585
30916
23274
11134
-3159
-16845
-27275
-32428
-31305
-24119
-12260
1977
15833
26622
32247
31615
24845
13249
-923
-14918
-26016
-32055
-31858
-25461
-14105
0
14107
25468
31864
32046
25975
14832
792
-13405
-24986
-31684
-32188
-26395
-15435
-1452
12817
24578
31525
32292
26727
15917
1981
-12345
-24250
-31393
-32366
-26976
-16280
-2378
11993
24006
31293
32415
27148
16527
2644
-11762
-23850
-31230
-32442
-27244
-16660
-2779
11653
23783
31206
32451
27267
16679
2783
-11667
-23806
-31222
-32441
-27217
-16586
-2656
11803
23919
31277
32412
27094
16378
2398
-12062
-24120
-31370
-32361
-26894
-16056
-2009
12441
24407
31496
32285
26615
15616
1488
-12939
-24777
-31650
-32178
-26251
-15055
-836
13553
25223
31826
32033
25797
14372
52
-14280
-25739
-32015
-31841
-25247
-13561
863
15115
26318
32208
31592
24592
12618
-1908
-16052
-26950
-32393
-31276
-23823
-11540
3083
17085
27622
32556
30880
22932
10324
-4384
-18204
-28323
-32682
-30389
-21909
-8965
5807
19399
29038
32755
29790
20744
7461
-7347
-20658
-29748
-32757
-29067
-19428
-5811
8997
21966
30436
32669
28203
17952
4016
-10746
-23305
-31079
-32468
-27184
-16309
-2077
12583
24657
31656
32135
25992
14491
0
-14493
-25999
-32139
-31644
-24613
-12494
2208
16457
27304
32503
30975
23032
10317
-4537
-18454
-28547
-32719
-30103
-21238
-7961
6971
20458
29694
32757
29007
19220
5431
-9491
-22439
-30713
-32587
-27666
-16973
-2736
12073
24364
31568
32177
26060
14492
-108
-14689
-26197
-32222
-31498
-24174
-11781
3083
17304
27896
32634
30520
21996
8847
-6162
-19879
-29416
-32766
-29219
-19519
-5706
9311
22368
30711
32578
27570
16743
2378
-12491
-24723
-31732
-32033
-25558
-13674
1105
15653
26888
32428
31095
23169
10328
-4707
-18745
-28806
-32750
-29736
-20402
-6728
8378
21705
30414
32650
27932
17262
2911
-12062
-24465
-31651
-32083
-25665
-13765
1077
15692
26955
32455
31012
22932
9941
-5180
-19194
-29098
-32765
-29406
-19738
-5832
9326
22486
30817
32526
27244
16102
1495
-13436
-25478
-32035
-31693
-24521
-12062
2999
17416
28078
32680
30226
21243
7668
-7565
-21167
-30192
-32685
-28105
-17438
-2992
12103
24578
31727
31995
25321
13150
-1876
-16499
-27539
-32596
-30567
-21889
-8448
6833
20630
29936
32722
28377
17845
3419
-11753
-24364
-31659
-32040
-25423
-13249
1823
16499
27568
32607
30508
21729
8189
-7147
-20920
-30108
-32693
-28105
-17347
-2779
12401
24860
31856
31850
24838
12360
-2839
-17416
-28160
-32702
-30037
-20749
-6884
8501
22013
30668
32552
27244
15915
1066
-14020
-26008
-32243
-31342
-23500
-10451
4915
19194
29220
32766
29042
18871
4509
-10856
-23813
-31479
-32147
-25665
-13473
1720
16533
27666
32637
30335
21271
7461
-8015
-21705
-30552
-32578
-27327
-15968
-1038
14125
26133
32294
31228
23169
9920
-5554
-19786
-29584
-32748
-28565
-17970
-3339
12043
24723
31849
31816
24627
11897
-3511
-18132
-28673
-32755
-29458
-19519
-5177
10334
23516
31393
32182
25702
13414
-1907
-16800
-27896
-32682
-30072
-20653
-6555
9029
22570
30997
32395
26445
14492
-751
-15827
-27310
-32589
-30461
-21406
-7481
8148
21926
30713
32507
26894
15151
-48
-15238
-26955
-32522
-30664
-21804
-7961
7702
21608
30575
32549
27076
15403
202
-15047
-26852
-32503
-30703
-21861
-8002
7696
21629
30598
32538
27001
15255
0
-15257
-27007
-32541
-30582
-21579
-7602
8129
21989
30779
32468
26664
14703
-655
-15865
-27411
-32621
-30288
-20948
-6758
8997
22672
31098
32318
26047
13736
-1763
-16855
-28038
-32713
-29790
-19946
-5464
10289
23653
31516
32046
25116
12336
-3319
-18204
-28847
-32766
-29042
-18541
-3711
11987
24889
31977
31593
23823
10480
-5316
-19871
-29777
-32711
-27983
-16697
-1495
14059
26318
32404
30885
22114
8148
-7733
-21801
-30745
-32460
-26539
-14372
1180
16457
27860
32699
29832
19930
5325
-10537
-23916
-31650
-31910
-24631
-11530
4298
19113
29409
32747
28334
17210
2009
-13670
-26112
-32365
-30942
-22178
-8148
7817
21929
30833
32412
26285
13907
-1780
-17047
-28259
-32743
-29429
-19103
-4222
11667
24777
31977
31548
23586
9991
-5992
-20546
-30192
-32619
-27244
-15350
219
15739
27492
32660
30001
20149
5464
-10533
-24006
-31719
-31816
-24270
-10892
5106
19879
29873
32681
27625
15917
373
-15261
-27221
-32621
-30156
-20416
-5748
10308
23879
31684
31836
24293
10875
-5173
-19973
-29942
-32665
-27477
-15633
0
15636
27483
32666
29925
19920
5078
-10999
-24407
-31886
-31615
-23656
-9941
6193
20824
30386
32549
26782
14487
-1341
-16845
-28242
-32749
-29262
-18630
-3445
12583
25539
32252
31078
22301
8064
-8148
-22368
-31111
-32231
-25451
-12429
3643
18824
29387
32737
28047
16465
836
-15001
-27152
-32625
-30072
-20115
-5205
10989
24479
31937
31523
23335
9388
-6876
-21447
-30723
-32412
-26092
-13322
2743
18132
29038
32759
28371
16955
1338
-14612
-26944
-32596
-30164
-20247
-5304
10958
24501
31960
31477
23169
9099
-7236
-21774
-30894
-32323
-25702
-12676
3510
18824
29446
32724
27837
16000
166
-15711
-27666
-32707
-29572
-19041
-3744
12491
25602
32304
30916
21780
7184
-9215
-23305
-31551
-31880
-24205
-10451
5930
20824
30486
32483
26311
13518
-2679
-18204
-29147
-32749
-28098
-16364
-502
15488
27574
32702
29574
18976
3583
-12717
-25806
-32371
-30748
-21345
-6538
9926
23879
31785
31636
23467
9346
-7147
-21830
-30974
-32254
-25342
-11991
4409
19692
29968
32623
26976
14462
-1736
-17495
-28798
-32764
-28377
-16752
-852
15267
27492
32699
29554
18857
3339
-13034
-26077
-32450
-30520
-20777
-5712
10817
24578
32042
31291
22515
7961
-8637
-23021
-31496
-31881
-24075
-10079
6509
21426
30833
32307
25463
12062
-4448
-19815
-30076
-32585
-26689
-13907
2465
18204
29244
32732
27762
15616
-569
-16610
-28356
-32765
-28692
-17189
-1231
15047
27428
32699
29490
18630
2932
-13528
-26478
-32552
-30168
-19943
-4530
12062
25519
32337
30737
21133
6022
-10659
-24565
-32068
-31208
-22206
-7407
9326
23628
31760
31593
23169
8686
-8070
-22719
-31423
-31903
-24028
-9858
6896
21846
31070
32147
24790
10926
-5807
-21019
-30711
-32336
-25461
-11891
4807
20244
30356
32478
26047
12755
-3899
-19528
-30012
-32581
-26556
-13521
3083
18877
29687
32654
26991
14192
-2362
-18294
-29387
-32703
-27360
-14769
1736
17784
29119
32734
27666
15255
-1206
-17349
-28887
-32752
-27913
-15652
771
16993
28695
32761
28105
15962
-434
-16717
-28547
-32765
-28244
-16186
193
16523
28443
32766
28334
16326
-48
-16412
-28387
-32766
-28374
-16382
0
0
0
0
0
0
0
0
0
0
0
0
0
0
0
0
0
0
0
0
0
0
0
0
0
0
0
0
0
0
0
0
0
0
0
0
0
0
0
0
0
0
0
0
0
0
0
0
0
0
0
0
0
0
0
0
0
0
0
0
0
0
0
0
0
0
0
0
0
0
0
0
0
0
0
0
0
0
0
0
0
0
0
0
0
0
0
0
0
0
0
0
0
0
0
0
0
0
0
0
0
0
0
0
0
0
0
0
0
0
0
0
0
0
0
0
0
0
0
0
0
0
0
0
0
0
0
0
0
0
0
0
0
0
0
0
0
0
0
0
0
0
0
0
0
0
0
0
0
0
0
0
0
0
0
0
0
0
0
0
0
0
0
0
0
0
0
0
0
0
0
0
0
0
0
0
0
0
0
0
0
0
0
0
0
0
0
0
0
0
0
0
0
0
0
0
0
0
0
0
0
0
0
0
0
0
0
0
0
0
0
0
0
0
0
0
0
0
0
0
0
0
0
0
0
0
0
0
0
0
0
0
0
0
0
0
0
0
0
0
0
0
0
0
0
0
0
0
0
0
0
0
0
0
0
0
0
0
0
0
0
0
0
0
0
0
0
0
0
0
0
0
0
0
0
0
0
0
0
0
0
0
0
0
0
0
0
0
0
0
0
0
0
0
0
0
0
0
0
0
0
0
0
0
0
0
0
0
0
0
0
0
0
0
0
0
0
0
0
0
0
0
0
0
0
0
0
0
0
0
0
0
0
0
0
0
0
0
0
0
0
0
0
0
0
0
0
0
0
0
0
0
0
0
0
0
0
0
0
0
0
0
0
0
0
0
0
0
0
0
0
0
0
0
0
0
0
0
0
0
0
0
0
0
0
0
0
0
0
0
0
0
0
0
0
0
0
0
0
0
0
0
0
0
0
0
0
0
0
0
0
0
0
0
0
0
0
0
0
0
0
0
0
0
0
0
0
0
0
0
0
0
0
0
0
0
0
0
0
0
0
0
0
0
0
0
0
0
0
0
0
0
0
0
0
0
0
0
0
0
0
0
0
0
0
0
0
0
0
0
0
0
0
0
0
0
0
0
0
0
0
0
0
0
0
0
0
0
0
0
0
0
0
0
0
0
0
0
0
0
0
0
0
0
0
0
0
0
0
0
0
0
0
0
0
0
0
0
0
0
0
0
0
0
0
0
0
0
0
0
0
0
0
0
0
0
0
0
0
0
0
0
0
0
0
0
0
0
0
0
0
0
0
0
0
0
0
0
0
0
0
0
0
0
0
0
0
0
0
0
0
0
0
0
0
0
0
0
0
0
0
0
0
0
0
0
0
0
0
0
0
0
0
0
0
0
0
0
0
0
0
0
0
0
0
0
0
0
0
0
0
0
0
0
0
0
0
0
0
0
0
0
0
0
0
0
0
0
0
0
0
0
0
0
0
0
0
0
0
0
0
0
0
0
0
0
0
0
0
0
0
0
0
0
0
0
0
0
0
0
0
0
0
0
0
0
0
0
0
0
0
0
0
0
0
0
0
0
0
0
0
0
0
0
0
0
0
0
0
0
0
0
0
0
0
0
0
0
0
0
0
0
0
0
0
0
0
0
0
0
0
0
0
0
0
0
0
0
0
0
0
0
0
0
0
0
0
0
0
0
0
0
0
0
0
0
0
0
0
0
0
0
0
0
0
0
0
0
0
0
0
0
0
0
0
0
0
0
0
0
0
0
0
0
0
0
0
0
0
0
0
0
0
0
0
0
0
0
0
0
0
0
0
0
0
0
0
0
0
0
0
0
0
0
0
0
0
0
0
0
0
0
0
0
0
0
0
0
0
0
0
0
0
0
0
0
0
0
0
0
0
0
0
0
0
0
0
0
0
0
0
0
0
0
0
0
0
0
0
0
0
0
0
0
0
0
0
0
0
0
0
0
0
0
0
0
0
0
0
0
0
0
0
0
0
0
0
0
0
0
0
0
0
0
0
0
0
0
0
0
0
0
0
0
0
0
0
0
0
0
0
0
0
0
0
0
0
0
0
0
0
0
0
0
0
0
0
0
0
0
0
0
0
0
0
0
0
0
0
0
0
0
0
0
0
0
0
0
0
0
0
0
0
0
0
0
0
0
0
0
0
0
0
0
0
0
0
0
0
0
0
0
0
0
0
0
0
0
0
0
14563
14134
12875
10864
8228
5131
1764
-1666
-4952
-7898
-10333
-12122
-13172
-13438
-12926
-11689
-9822
-7459
-4755
-1884
979
3669
6037
7961
9355
10168
10387
10038
9176
7886
6269
4440
2515
606
-1187
-2782
-4116
-5148
-5860
-6254
-6348
-6175
-5778
-5201
-4492
-3693
-2842
-1969
-1098
-245
578
1363
2104
2792
3417
3963
4414
4746
4938
4965
4808
4453
3894
3137
2200
1114
-77
-1320
-2551
-3704
-4712
-5510
-6047
-6282
-6193
-5775
-5046
-4042
-2818
-1444
0
1430
2761
3916
4830
5451
5751
5720
5372
4740
3876
2845
1720
579
-504
-1465
-2250
-2820
-3156
-3259
-3147
-2853
-2423
-1912
-1376
-871
-443
-129
48
82
-14
-219
-493
-790
-1056
-1242
-1300
-1196
-908
-431
220
1016
1906
2828
3709
4475
5051
5371
5381
5049
4361
3331
1997
421
-1314
-3109
-4854
-6434
-7741
-8676
-9159
-9136
-8580
-7500
-5934
-3955
-1663
817
3346
5776
7959
9756
11052
11752
11801
11178
9902
8034
5671
2941
0
-2984
-5836
-8385
-10476
-11980
-12802
-12887
-12225
-10850
-8841
-6317
-3429
-351
2729
5626
8163
10184
11570
12239
12155
11332
9828
7747
5230
2442
-430
-3202
-5695
-7750
-9241
-10080
-10227
-9686
-8511
-6799
-4682
-2317
120
2457
4527
6188
7328
7877
7808
7142
5944
4315
2392
329
-1710
-3567
-5096
-6181
-6741
-6735
-6168
-5088
-3584
-1776
189
2158
3972
5488
6586
7176
7212
6687
5640
4148
2325
308
-1749
-3694
-5381
-6683
-7506
-7792
-7523
-6724
-5461
-3831
-1960
10
1936
3678
5112
6144
6711
6787
6387
5558
4384
2968
1433
-98
-1505
-2684
-3554
-4063
-4194
-3960
-3409
-2612
-1661
-658
292
1099
1681
1986
1987
1689
1127
362
-523
-1434
-2270
-2935
-3347
-3445
-3195
-2594
-1672
-488
872
2305
3696
4927
5890
6495
6674
6392
5649
4479
2948
1153
-788
-2748
-4593
-6197
-7448
-8261
-8579
-8380
-7675
-6513
-4968
-3141
-1149
881
2829
4579
6033
7117
7781
8006
7801
7198
6254
5041
3640
2139
621
-836
-2168
-3324
-4267
-4978
-5451
-5690
-5711
-5534
-5182
-4678
-4046
-3304
-2472
-1565
-600
402
1423
2434
3402
4291
5056
5654
6041
6176
6030
5584
4835
3800
2515
1036
-562
-2194
-3761
-5164
-6307
-7108
-7502
-7449
-6938
-5990
-4657
-3019
-1181
734
2598
4281
5665
6649
7164
7172
6674
5707
4344
2690
871
-974
-2704
-4186
-5306
-5979
-6156
-5826
-5020
-3806
-2285
-584
1157
2794
4192
5233
5830
5932
5527
4646
3359
1767
0
-1801
-3490
-4930
-6003
-6622
-6734
-6328
-5433
-4119
-2487
-662
1215
3003
4565
5789
6586
6905
6732
6092
5047
3687
2125
486
-1103
-2527
-3685
-4505
-4946
-5000
-4693
-4079
-3238
-2261
-1251
-302
501
1094
1439
1526
1374
1028
555
33
-450
-814
-991
-932
-615
-47
734
1666
2660
3617
4428
4993
5224
5059
4466
3448
2049
345
-1553
-3514
-5391
-7035
-8309
-9096
-9311
-8911
-7895
-6312
-4252
-1844
754
3366
5814
7924
9549
10572
10922
10572
9549
7924
5814
3366
754
-1844
-4252
-6312
-7895
-8911
-9311
-9096
-8309
-7035
-5391
-3514
-1553
345
2049
3448
4466
5059
5224
4993
4428
3617
2660
1666
734
-47
-615
-932
-991
-814
-450
33
555
1028
1374
1526
1439
1094
501
-302
-1251
-2261
-3238
-4079
-4693
-5000
-4946
-4505
-3685
-2527
-1103
486
2125
3687
5047
6092
6732
6905
6586
5789
4565
3003
1215
-662
-2487
-4119
-5433
-6328
-6734
-6622
-6003
-4930
-3490
-1801
0
1767
3359
4646
5527
5932
5830
5233
4192
2794
1157
-584
-2285
-3806
-5020
-5826
-6156
-5979
-5306
-4186
-2704
-974
871
2690
4344
5707
6674
7172
7164
6649
5665
4281
2598
734
-1181
-3019
-4657
-5990
-6938
-7449
-7502
-7108
-6307
-5164
-3761
-2194
-562
1036
2515
3800
4835
5584
6030
6176
6041
5654
5056
4291
3402
2434
1423
402
-600
-1565
-2472
-3304
-4046
-4678
-5182
-5534
-5711
-5690
-5451
-4978
-4267
-3324
-2168
-836
621
2139
3640
5041
6254
7198
7801
8006
7781
7117
6033
4579
2829
881
-1149
-3141
-4968
-6513
-7675
-8380
-8579
-8261
-7448
-6197
-4593
-2748
-788
1153
2948
4479
5649
6392
6674
6495
5890
4927
3696
2305
872
-488
-1672
-2594
-3195
-3445
-3347
-2935
-2270
-1434
-523
362
1127
1689
1987
1986
1681
1099
292
-658
-1661
-2612
-3409
-3960
-4194
-4063
-3554
-2684
-1505
-98
1433
2968
4384
5558
6387
6787
6711
6144
5112
3678
1936
10
-1960
-3831
-5461
-6724
-7523
-7792
-7506
-6683
-5381
-3694
-1749
308
2325
4148
5640
6687
7212
7176
6586
5488
3972
2158
189
-1776
-3584
-5088
-6168
-6735
-6741
-6181
-5096
-3567
-1710
329
2392
4315
5944
7142
7808
7877
7328
6188
4527
2457
120
-2317
-4682
-6799
-8511
-9686
-10227
-10080
-9241
-7750
-5695
-3202
-430
2442
5230
7747
9828
11332
12155
12239
11570
10184
8163
5626
2729
-351
-3429
-6317
-8841
-10850
-12225
-12887
-12802
-11980
-10476
-8385
-5836
-2984
0
2941
5671
8034
9902
11178
11801
11752
11052
9756
7959
5776
3346
817
-1663
-3955
-5934
-7500
-8580
-9136
-9159
-8676
-7741
-6434
-4854
-3109
-1314
421
1997
3331
4361
5049
5381
5371
5051
4475
3709
2828
1906
1016
220
-431
-908
-1196
-1300
-1242
-1056
-790
-493
-219
-14
82
48
-129
-443
-871
-1376
-1912
-2423
-2853
-3147
-3259
-3156
-2820
-2250
-1465
-504
579
1720
2845
3876
4740
5372
5720
5751
5451
4830
3916
2761
1430
0
-1444
-2818
-4042
-5046
-5775
-6193
-6282
-6047
-5510
-4712
-3704
-2551
-1320
-77
1114
2200
3137
3894
4453
4808
4965
4938
4746
4414
3963
3417
2792
2104
1363
578
-245
-1098
-1969
-2842
-3693
-4492
-5201
-5778
-6175
-6348
-6254
-5860
-5148
-4116
-2782
-1187
606
2515
4440
6269
7886
9176
10038
10387
10168
9355
7961
6037
3669
979
-1884
-4755
-7459
-9822
-11689
-12926
-13438
-13172
-12122
-10333
-7898
-4952
-1666
1764
5131
8228
10864
12875
14134
0
0
0
0
0
0
0
0
0
0
0
0
0
0
0
0
0
0
0
0
0
0
0
0
0
0
0
0
0
0
0
0
0
0
0
0
0
0
0
0
0
0
0
0
0
0
0
0
0
0
0
0
0
0
0
0
0
0
0
0
0
0
0
0
0
0
0
-10922
-10596
-9639
-8111
-6108
-3757
-1204
1392
3876
6096
7923
9254
10019
10185
9756
8774
7312
5471
3372
1145
-1074
-3160
-4997
-6491
-7572
-8200
-8359
-8064
-7353
-6285
-4936
-3391
-1740
-73
1527
2985
4239
5241
5956
6368
6472
6277
5803
5080
4145
3042
1820
528
-778
-2047
-3225
-4261
-5108
-5725
-6078
-6142
-5905
-5369
-4549
-3475
-2195
-769
733
2230
3640
4879
5870
6547
6861
6783
6307
5453
4263
2806
1167
-554
-2252
-3817
-5150
-6164
-6793
-6997
-6765
-6113
-5089
-3765
-2232
-597
1028
2536
3828
4824
5466
5724
5599
5119
4336
3324
2174
977
-169
-1185
-2000
-2569
-2868
-2902
-2697
-2304
-1785
-1215
-668
-212
96
223
154
-100
-506
-1008
-1536
-2010
-2353
-2492
-2373
-1962
-1253
-272
927
2266
3640
4935
6031
6813
7187
7079
6454
5313
3698
1691
-587
-2993
-5361
-7521
-9307
-10577
-11217
-11154
-10364
-8872
-6756
-4140
-1184
1921
4974
7770
10122
11868
12888
13111
12520
11154
9101
6501
3524
368
-2761
-5665
-8160
-10098
-11369
-11913
-11721
-10833
-9335
-7349
-5027
-2535
-41
2294
4333
5967
7121
7763
7895
7558
6822
5781
4539
3205
1883
662
-387
-1221
-1820
-2188
-2354
-2359
-2257
-2106
-1958
-1856
-1829
-1889
-2027
-2221
-2432
-2613
-2711
-2680
-2481
-2087
-1494
-714
216
1246
2307
3322
4210
4897
5320
5432
5212
4662
3811
2712
1439
83
-1261
-2496
-3534
-4302
-4751
-4857
-4625
-4088
-3303
-2349
-1315
-297
613
1339
1820
2023
1943
1604
1057
374
-353
-1032
-1567
-1878
-1901
-1605
-985
-73
1066
2342
3640
4836
5803
6425
6605
6281
5425
4054
2229
51
-2342
-4787
-7105
-9118
-10658
-11587
-11802
-11249
-9928
-7893
-5252
-2162
1185
4573
7778
10580
12784
14233
14817
14486
13249
11180
8406
5106
1491
-2203
-5740
-8893
-11462
-13292
-14275
-14365
-13575
-11977
-9696
-6898
-3780
-554
2566
5384
7731
9476
10536
10880
10525
9539
8028
6131
4002
1807
-297
-2171
-3703
-4813
-5461
-5644
-5399
-4791
-3911
-2866
-1765
-716
187
875
1299
1442
1316
959
430
-193
-829
-1395
-1815
-2029
-1997
-1706
-1165
-410
501
1497
2493
3402
4140
4636
4838
4713
4256
3487
2449
1210
-148
-1533
-2851
-4009
-4927
-5543
-5815
-5726
-5286
-4526
-3503
-2289
-969
366
1630
2741
3630
4249
4568
4580
4302
3769
3033
2161
1223
292
-561
-1281
-1820
-2150
-2262
-2163
-1879
-1450
-927
-367
170
631
968
1146
1144
959
604
107
-487
-1128
-1755
-2308
-2729
-2969
-2991
-2774
-2314
-1625
-742
285
1394
2512
3560
4462
5146
5553
5638
5378
4770
3833
2612
1168
-416
-2049
-3632
-5063
-6250
-7109
-7577
-7612
-7198
-6348
-5101
-3523
-1702
256
2236
4117
5782
7125
8060
8522
8477
7923
6887
5431
3640
1625
-489
-2571
-4490
-6123
-7366
-8141
-8398
-8120
-7327
-6072
-4438
-2533
-484
1572
3500
5171
6476
7327
7672
7488
6792
5634
4097
2287
333
-1629
-3464
-5043
-6257
-7020
-7281
-7020
-6257
-5043
-3464
-1629
333
2287
4097
5634
6792
7488
7672
7327
6476
5171
3500
1572
-484
-2533
-4438
-6072
-7327
-8120
-8398
-8141
-7366
-6123
-4490
-2571
-489
1625
3640
5431
6887
7923
8477
8522
8060
7125
5782
4117
2236
256
-1702
-3523
-5101
-6348
-7198
-7612
-7577
-7109
-6250
-5063
-3632
-2049
-416
1168
2612
3833
4770
5378
5638
5553
5146
4462
3560
2512
1394
285
-742
-1625
-2314
-2774
-2991
-2969
-2729
-2308
-1755
-1128
-487
107
604
959
1144
1146
968
631
170
-367
-927
-1450
-1879
-2163
-2262
-2150
-1820
-1281
-561
292
1223
2161
3033
3769
4302
4580
4568
4249
3630
2741
1630
366
-969
-2289
-3503
-4526
-5286
-5726
-5815
-5543
-4927
-4009
-2851
-1533
-148
1210
2449
3487
4256
4713
4838
4636
4140
3402
2493
1497
501
-410
-1165
-1706
-1997
-2029
-1815
-1395
-829
-193
430
959
1316
1442
1299
875
187
-716
-1765
-2866
-3911
-4791
-5399
-5644
-5461
-4813
-3703
-2171
-297
1807
4002
6131
8028
9539
10525
10880
10536
9476
7731
5384
2566
-554
-3780
-6898
-9696
-11977
-13575
-14365
-14275
-13292
-11462
-8893
-5740
-2203
1491
5106
8406
11180
13249
14486
14817
14233
12784
10580
7778
4573
1185
-2162
-5252
-7893
-9928
-11249
-11802
-11587
-10658
-9118
-7105
-4787
-2342
51
2229
4054
5425
6281
6605
6425
5803
4836
3640
2342
1066
-73
-985
-1605
-1901
-1878
-1567
-1032
-353
374
1057
1604
1943
2023
1820
1339
613
-297
-1315
-2349
-3303
-4088
-4625
-4857
-4751
-4302
-3534
-2496
-1261
83
1439
2712
3811
4662
5212
5432
5320
4897
4210
3322
2307
1246
216
-714
-1494
-2087
-2481
-2680
-2711
-2613
-2432
-2221
-2027
-1889
-1829
-1856
-1958
-2106
-2257
-2359
-2354
-2188
-1820
-1221
-387
662
1883
3205
4539
5781
6822
7558
7895
7763
7121
5967
4333
2294
-41
-2535
-5027
-7349
-9335
-10833
-11721
-11913
-11369
-10098
-8160
-5665
-2761
368
3524
6501
9101
11154
12520
13111
12888
11868
10122
7770
4974
1921
-1184
-4140
-6756
-8872
-10364
-11154
-11217
-10577
-9307
-7521
-5361
-2993
-587
1691
3698
5313
6454
7079
7187
6813
6031
4935
3640
2266
927
-272
-1253
-1962
-2373
-2492
-2353
-2010
-1536
-1008
-506
-100
154
223
96
-212
-668
-1215
-1785
-2304
-2697
-2902
-2868
-2569
-2000
-1185
-169
977
2174
3324
4336
5119
5599
5724
5466
4824
3828
2536
1028
-597
-2232
-3765
-5089
-6113
-6765
-6997
-6793
-6164
-5150
-3817
-2252
-554
1167
2806
4263
5453
6307
6783
6861
6547
5870
4879
3640
2230
733
-769
-2195
-3475
-4549
-5369
-5905
-6142
-6078
-5725
-5108
-4261
-3225
-2047
-778
528
1820
3042
4145
5080
5803
6277
6472
6368
5956
5241
4239
2985
1527
-73
-1740
-3391
-4936
-6285
-7353
-8064
-8359
-8200
-7572
-6491
-4997
-3160
-1074
1145
3372
5471
7312
8774
9756
10185
10019
9254
7923
6096
3876
1392
-1204
-3757
-6108
-8111
-9639
-10596
0
0
0
0
0
0
0
0
0
0
0
0
0
0
0
0
0
0
0
0
0
0
0
0
0
0
0
0
0
0
0
0
0
0
0
0
0
0
0
0
0
0
0
0
0
0
0
0
0
0
0
0
0
0
0
0
0
0
0
0
0
0
0
0
0
0
0
7281
7057
6401
5354
3983
2375
633
-1132
-2812
-4300
-5507
-6359
-6808
-6832
-6438
-5658
-4548
-3186
-1665
-85
1451
2849
4023
4904
5446
5628
5452
4944
4154
3145
1997
794
-380
-1447
-2341
-3010
-3422
-3568
-3456
-3117
-2596
-1949
-1242
-538
101
625
995
1191
1208
1060
779
407
-3
-397
-719
-923
-971
-844
-539
-71
525
1202
1897
2544
3074
3423
3539
3387
2950
2236
1274
117
-1161
-2477
-3735
-4838
-5696
-6232
-6389
-6133
-5461
-4396
-2994
-1333
484
2344
4124
5704
6975
7845
8248
8149
7543
6461
4967
3151
1125
-983
-3043
-4922
-6503
-7689
-8407
-8615
-8306
-7505
-6268
-4678
-2839
-870
1106
2969
4609
5933
6870
7377
7439
7068
6304
5209
3861
2353
779
-762
-2187
-3416
-4391
-5069
-5430
-5472
-5212
-4682
-3929
-3008
-1978
-902
160
1156
2037
2766
3314
3665
3811
3754
3506
3085
2518
1834
1068
259
-554
-1334
-2039
-2633
-3084
-3364
-3452
-3338
-3020
-2507
-1820
-992
-67
903
1862
2745
3493
4049
4364
4404
4150
3602
2780
1723
490
-845
-2198
-3477
-4592
-5458
-6005
-6181
-5956
-5329
-4326
-2998
-1424
300
2065
3753
5252
6456
7281
7664
7573
7008
6000
4612
2931
1067
-860
-2726
-4413
-5813
-6842
-7444
-7590
-7285
-6564
-5490
-4147
-2634
-1056
481
1885
3075
3996
4614
4923
4940
4704
4271
3704
3071
2436
1850
1353
961
676
479
333
195
15
-253
-649
-1195
-1892
-2721
-3639
-4579
-5461
-6191
-6677
-6830
-6578
-5876
-4707
-3093
-1094
1194
3643
6099
8394
10356
11826
12667
12778
12103
10639
8438
5605
2297
-1291
-4937
-8406
-11464
-13901
-15542
-16260
-15990
-14732
-12552
-9580
-6000
-2040
2044
5990
9542
12472
14594
15780
15965
15154
13418
10891
7759
4246
595
-2945
-6143
-8798
-10753
-11906
-12217
-11708
-10458
-8597
-6295
-3745
-1149
1298
3424
5090
6202
6715
6635
6017
4958
3586
2048
500
-910
-2058
-2843
-3206
-3129
-2636
-1788
-682
563
1820
2956
3852
4411
4567
4288
3582
2497
1111
-468
-2116
-3702
-5097
-6186
-6881
-7120
-6881
-6175
-5050
-3586
-1884
-65
1745
3428
4873
5994
6728
7046
6947
6462
5645
4570
3326
2002
688
-537
-1614
-2496
-3163
-3613
-3861
-3939
-3885
-3742
-3551
-3343
-3140
-2948
-2762
-2562
-2319
-1999
-1568
-999
-274
605
1624
2742
3903
5033
6049
6861
7383
7542
7281
6570
5411
3836
1912
-260
-2561
-4846
-6967
-8777
-10142
-10952
-11130
-10640
-9489
-7731
-5461
-2811
54
2957
5712
8138
10078
11404
12027
11908
11054
9524
7421
4885
2085
-792
-3561
-6043
-8082
-9556
-10381
-10522
-9988
-8835
-7160
-5091
-2781
-393
1910
3977
5680
6917
7628
7787
7410
6550
5291
3741
2023
266
-1401
-2868
-4040
-4849
-5256
-5254
-4865
-4136
-3139
-1961
-696
558
1712
2685
3414
3857
3993
3826
3378
2691
1825
845
-175
-1164
-2054
-2786
-3314
-3608
-3653
-3451
-3019
-2391
-1610
-729
195
1103
1938
2647
3188
3525
3640
3525
3188
2647
1938
1103
195
-729
-1610
-2391
-3019
-3451
-3653
-3608
-3314
-2786
-2054
-1164
-175
845
1825
2691
3378
3826
3993
3857
3414
2685
1712
558
-696
-1961
-3139
-4136
-4865
-5254
-5256
-4849
-4040
-2868
-1401
266
2023
3741
5291
6550
7410
7787
7628
6917
5680
3977
1910
-393
-2781
-5091
-7160
-8835
-9988
-10522
-10381
-9556
-8082
-6043
-3561
-792
2085
4885
7421
9524
11054
11908
12027
11404
10078
8138
5712
2957
54
-2811
-5461
-7731
-9489
-10640
-11130
-10952
-10142
-8777
-6967
-4846
-2561
-260
1912
3836
5411
6570
7281
7542
7383
6861
6049
5033
3903
2742
1624
605
-274
-999
-1568
-1999
-2319
-2562
-2762
-2948
-3140
-3343
-3551
-3742
-3885
-3939
-3861
-3613
-3163
-2496
-1614
-537
688
2002
3326
4570
5645
6462
6947
7046
6728
5994
4873
3428
1745
-65
-1884
-3586
-5050
-6175
-6881
-7120
-6881
-6186
-5097
-3702
-2116
-468
1111
2497
3582
4288
4567
4411
3852
2956
1820
563
-682
-1788
-2636
-3129
-3206
-2843
-2058
-910
500
2048
3586
4958
6017
6635
6715
6202
5090
3424
1298
-1149
-3745
-6295
-8597
-10458
-11708
-12217
-11906
-10753
-8798
-6143
-2945
595
4246
7759
10891
13418
15154
15965
15780
14594
12472
9542
5990
2044
-2040
-6000
-9580
-12552
-14732
-15990
-16260
-15542
-13901
-11464
-8406
-4937
-1291
2297
5605
8438
10639
12103
12778
12667
11826
10356
8394
6099
3643
1194
-1094
-3093
-4707
-5876
-6578
-6830
-6677
-6191
-5461
-4579
-3639
-2721
-1892
-1195
-649
-253
15
195
333
479
676
961
1353
1850
2436
3071
3704
4271
4704
4940
4923
4614
3996
3075
1885
481
-1056
-2634
-4147
-5490
-6564
-7285
-7590
-7444
-6842
-5813
-4413
-2726
-860
1067
2931
4612
6000
7008
7573
7664
7281
6456
5252
3753
2065
300
-1424
-2998
-4326
-5329
-5956
-6181
-6005
-5458
-4592
-3477
-2198
-845
490
1723
2780
3602
4150
4404
4364
4049
3493
2745
1862
903
-67
-992
-1820
-2507
-3020
-3338
-3452
-3364
-3084
-2633
-2039
-1334
-554
259
1068
1834
2518
3085
3506
3754
3811
3665
3314
2766
2037
1156
160
-902
-1978
-3008
-3929
-4682
-5212
-5472
-5430
-5069
-4391
-3416
-2187
-762
779
2353
3861
5209
6304
7068
7439
7377
6870
5933
4609
2969
1106
-870
-2839
-4678
-6268
-7505
-8306
-8615
-8407
-7689
-6503
-4922
-3043
-983
1125
3151
4967
6461
7543
8149
8248
7845
6975
5704
4124
2344
484
-1333
-2994
-4396
-5461
-6133
-6389
-6232
-5696
-4838
-3735
-2477
-1161
117
1274
2236
2950
3387
3539
3423
3074
2544
1897
1202
525
-71
-539
-844
-971
-923
-719
-397
-3
407
779
1060
1208
1191
995
625
101
-538
-1242
-1949
-2596
-3117
-3456
-3568
-3422
-3010
-2341
-1447
-380
794
1997
3145
4154
4944
5452
5628
5446
4904
4023
2849
1451
-85
-1665
-3186
-4548
-5658
-6438
-6832
-6808
-6359
-5507
-4300
-2812
-1132
633
2375
3983
5354
6401
7057
0
0
0
0
0
0
0
0
0
0
0
0
0
0
0
0
0
0
0
0
0
0
0
0
0
0
0
0
0
0
0
0
0
0
0
0
0
0
0
0
0
0
0
0
0
0
0
0
0
0
0
0
0
0
0
0
0
0
0
0
0
0
0
0
0
0
0
10922
10607
9683
8206
6264
3976
1478
-1078
-3544
-5775
-7643
-9044
-9905
-10185
-9881
-9025
-7680
-5940
-3917
-1739
460
2554
4423
5968
7113
7812
8044
7823
7186
6195
4929
3482
1949
424
-1002
-2260
-3291
-4059
-4547
-4759
-4716
-4454
-4019
-3462
-2835
-2187
-1558
-979
-470
-38
320
619
875
1110
1345
1594
1866
2163
2473
2778
3050
3255
3359
3327
3131
2752
2182
1431
521
-508
-1604
-2703
-3736
-4632
-5323
-5752
-5876
-5670
-5131
-4278
-3153
-1817
-348
1164
2628
3950
5047
5848
6306
6392
6106
5471
4536
3366
2044
659
-695
-1934
-2983
-3783
-4299
-4516
-4443
-4112
-3572
-2884
-2119
-1346
-631
-27
426
710
826
792
644
430
207
29
-51
4
220
602
1131
1772
2470
3155
3753
4186
4385
4293
3876
3123
2051
707
-835
-2481
-4120
-5631
-6898
-7812
-8285
-8258
-7705
-6635
-5097
-3176
-985
1337
3640
5771
7585
8955
9785
10014
9625
8639
7123
5178
2937
551
-1820
-4020
-5906
-7361
-8301
-8680
-8494
-7780
-6612
-5095
-3353
-1524
254
1858
3179
4142
4702
4851
4615
4052
3246
2296
1309
389
-371
-902
-1158
-1126
-823
-298
378
1117
1820
2389
2737
2797
2527
1917
990
-198
-1563
-2998
-4383
-5595
-6515
-7046
-7115
-6681
-5746
-4346
-2560
-496
1708
3905
5939
7662
8945
9690
9833
9354
8275
6664
4622
2284
-194
-2652
-4926
-6872
-8365
-9318
-9681
-9444
-8639
-7339
-5644
-3679
-1583
503
2446
4129
5461
6378
6851
6884
6511
5791
4804
3641
2396
1161
14
-979
-1777
-2357
-2718
-2876
-2865
-2726
-2504
-2244
-1982
-1748
-1555
-1406
-1290
-1186
-1069
-908
-679
-361
50
553
1125
1733
2332
2869
3288
3536
3570
3361
2895
2185
1262
179
-989
-2159
-3238
-4135
-4765
-5064
-4985
-4515
-3667
-2487
-1052
538
2167
3708
5035
6034
6609
6697
6266
5326
3925
2150
118
-2027
-4130
-6032
-7583
-8654
-9148
-9008
-8218
-6813
-4871
-2510
116
2835
5461
7811
9719
11046
11688
11590
10743
9190
7020
4365
1389
-1721
-4772
-7570
-9940
-11734
-12840
-13191
-12766
-11594
-9748
-7341
-4520
-1454
1677
4693
7422
9715
11449
12538
12933
12628
11653
10075
7994
5531
2826
27
-2718
-5270
-7502
-9309
-10610
-11353
-11514
-11099
-10142
-8702
-6862
-4720
-2388
15
2371
4565
6489
8054
9185
9833
9971
9600
8745
7458
5810
3896
1820
-301
-2353
-4221
-5805
-7018
-7799
-8111
-7947
-7326
-6300
-4942
-3348
-1627
104
1733
3153
4274
5030
5383
5324
4875
4088
3040
1825
552
-670
-1738
-2561
-3072
-3230
-3027
-2485
-1657
-622
518
1656
2678
3479
3970
4088
3802
3115
2066
727
-800
-2396
-3925
-5255
-6264
-6849
-6940
-6504
-5549
-4124
-2319
-257
1914
4036
5944
7491
8549
9026
8875
8091
6723
4860
2635
206
-2248
-4547
-6519
-8018
-8931
-9190
-8778
-7729
-6125
-4091
-1787
607
2907
4935
6536
7589
8016
7793
6943
5544
3715
1610
-595
-2719
-4586
-6041
-6964
-7281
-6964
-6041
-4586
-2719
-595
1610
3715
5544
6943
7793
8016
7589
6536
4935
2907
607
-1787
-4091
-6125
-7729
-8778
-9190
-8931
-8018
-6519
-4547
-2248
206
2635
4860
6723
8091
8875
9026
8549
7491
5944
4036
1914
-257
-2319
-4124
-5549
-6504
-6940
-6849
-6264
-5255
-3925
-2396
-800
727
2066
3115
3802
4088
3970
3479
2678
1656
518
-622
-1657
-2485
-3027
-3230
-3072
-2561
-1738
-670
552
1825
3040
4088
4875
5324
5383
5030
4274
3153
1733
104
-1627
-3348
-4942
-6300
-7326
-7947
-8111
-7799
-7018
-5805
-4221
-2353
-301
1820
3896
5810
7458
8745
9600
9971
9833
9185
8054
6489
4565
2371
15
-2388
-4720
-6862
-8702
-10142
-11099
-11514
-11353
-10610
-9309
-7502
-5270
-2718
27
2826
5531
7994
10075
11653
12628
12933
12538
11449
9715
7422
4693
1677
-1454
-4520
-7341
-9748
-11594
-12766
-13191
-12840
-11734
-9940
-7570
-4772
-1721
1389
4365
7020
9190
10743
11590
11688
11046
9719
7811
5461
2835
116
-2510
-4871
-6813
-8218
-9008
-9148
-8654
-7583
-6032
-4130
-2027
118
2150
3925
5326
6266
6697
6609
6034
5035
3708
2167
538
-1052
-2487
-3667
-4515
-4985
-5064
-4765
-4135
-3238
-2159
-989
179
1262
2185
2895
3361
3570
3536
3288
2869
2332
1733
1125
553
50
-361
-679
-908
-1069
-1186
-1290
-1406
-1555
-1748
-1982
-2244
-2504
-2726
-2865
-2876
-2718
-2357
-1777
-979
14
1161
2396
3641
4804
5791
6511
6884
6851
6378
5461
4129
2446
503
-1583
-3679
-5644
-7339
-8639
-9444
-9681
-9318
-8365
-6872
-4926
-2652
-194
2284
4622
6664
8275
9354
9833
9690
8945
7662
5939
3905
1708
-496
-2560
-4346
-5746
-6681
-7115
-7046
-6515
-5595
-4383
-2998
-1563
-198
990
1917
2527
2797
2737
2389
1820
1117
378
-298
-823
-1126
-1158
-902
-371
389
1309
2296
3246
4052
4615
4851
4702
4142
3179
1858
254
-1524
-3353
-5095
-6612
-7780
-8494
-8680
-8301
-7361
-5906
-4020
-1820
551
2937
5178
7123
8639
9625
10014
9785
8955
7585
5771
3640
1337
-985
-3176
-5097
-6635
-7705
-8258
-8285
-7812
-6898
-5631
-4120
-2481
-835
707
2051
3123
3876
4293
4385
4186
3753
3155
2470
1772
1131
602
220
4
-51
29
207
430
644
792
826
710
426
-27
-631
-1346
-2119
-2884
-3572
-4112
-4443
-4516
-4299
-3783
-2983
-1934
-695
659
2044
3366
4536
5471
6106
6392
6306
5848
5047
3950
2628
1164
-348
-1817
-3153
-4278
-5131
-5670
-5876
-5752
-5323
-4632
-3736
-2703
-1604
-508
521
1431
2182
2752
3131
3327
3359
3255
3050
2778
2473
2163
1866
1594
1345
1110
875
619
320
-38
-470
-979
-1558
-2187
-2835
-3462
-4019
-4454
-4716
-4759
-4547
-4059
-3291
-2260
-1002
424
1949
3482
4929
6195
7186
7823
8044
7812
7113
5968
4423
2554
460
-1739
-3917
-5940
-7680
-9025
-9881
-10185
-9905
-9044
-7643
-5775
-3544
-1078
1478
3976
6264
8206
9683
10607
0
0
0
0
0
0
0
0
0
0
0
0
0
0
0
0
0
0
0
0
0
0
0
0
0
0
0
0
0
0
0
0
0
0
0
0
0
0
0
0
0
0
0
0
0
0
0
0
0
0
0
0
0
0
0
0
0
0
0
0
0
0
0
0
0
0
0
