0
4278
8485
12550
16402
19973
23203
26035
28419
30314
31684
32507
32766
32456
31581
30156
28203
25758
22860
19561
15917
11991
7852
3573
-771
-5106
-9352
-13436
-17284
-20829
-24006
-26759
-29038
-30801
-32015
-32660
-32720
-32196
-31094
-29434
-27244
-24563
-21439
-17925
-14087
-9991
-5712
-1327
3083
7441
11667
15683
19415
22796
25762
28259
30239
31667
32514
32764
32412
31462
29931
27847
25247
22178
18696
14865
10755
6443
2009
-2465
-6896
-11201
-15299
-19113
-22570
-25606
-28162
-30190
-31650
-32514
-32764
-32394
-31411
-29832
-27686
-25012
-21861
-18292
-14372
-10175
-5781
-1274
3259
7733
12062
16161
19951
23359
26318
28771
30668
31973
32659
32711
32127
30919
29107
26727
23823
20452
16679
12577
8226
3711
-879
-5455
-9926
-14204
-18204
-21846
-25058
-27775
-29942
-31516
-32464
-32766
-32415
-31417
-29790
-27567
-24790
-21514
-17805
-13736
-9388
-4849
-209
4437
8997
13377
17489
21248
24578
27411
29687
31359
32393
32765
32468
31507
29899
27676
24884
21579
17828
13707
9301
4700
0
-4703
-9311
-13729
-17864
-21629
-24947
-27746
-29968
-31566
-32503
-32761
-32332
-31225
-29460
-27076
-24119
-20653
-16748
-12488
-7961
-3263
1506
6246
10856
15238
19298
22949
26112
28719
30713
32051
32702
32651
31900
30461
28366
25658
22395
18646
14492
10022
5332
524
-4298
-9029
-13567
-17811
-21669
-25055
-27896
-30127
-31699
-32577
-32739
-32182
-30916
-28967
-26379
-23206
-19519
-15397
-10932
-6222
-1372
3511
8320
12945
17284
21240
24723
27655
29968
31611
32545
32748
32214
30954
28995
26381
23169
19431
15252
10724
5950
1038
-3899
-8751
-13405
-17757
-21705
-25159
-28038
-30277
-31822
-32637
-32702
-32014
-30588
-28456
-25665
-22280
-18377
-14047
-9388
-4509
477
5455
10308
14924
19194
23018
26305
28979
30974
32243
32756
32498
31476
29711
27244
24133
20449
16280
11722
6884
1880
-3170
-8148
-12935
-17416
-21484
-25041
-28000
-30291
-31856
-32659
-32677
-31909
-30373
-28105
-25157
-21600
-17520
-13013
-8189
-3163
1941
7001
11893
16499
20705
24407
27516
29953
31659
32589
32721
32049
30590
28377
25463
21921
17836
13307
8448
3377
-1780
-6896
-11843
-16499
-20746
-24479
-27603
-30040
-31727
-32621
-32699
-31957
-30413
-28105
-25088
-21439
-17247
-12618
-7668
-2522
2689
7836
12787
17416
21605
25247
28248
30530
32035
32723
32574
31592
29801
27244
23987
20112
15718
10917
5832
595
-4660
-9798
-14685
-19194
-23208
-26622
-29345
-31307
-32455
-32757
-32206
-30813
-28614
-25665
-22043
-17841
-13169
-8148
-2911
2405
7661
12717
17440
21705
25397
28419
30689
32146
32750
32483
31352
29385
26633
23169
19084
14487
9500
4255
-1105
-6439
-11603
-16457
-20870
-24723
-27911
-30346
-31961
-32712
-32578
-31559
-29684
-27001
-23582
-19519
-14922
-9916
-4636
771
6162
11386
16301
20770
24671
27896
30354
31977
32719
32558
31498
29565
26813
23317
19172
14492
9407
4058
-1405
-6833
-12073
-16978
-21411
-25247
-28377
-30713
-32188
-32760
-32410
-31148
-29007
-26047
-22351
-18021
-13179
-7961
-2516
3003
8440
13640
18454
22745
26389
29282
31340
32503
32737
32033
30409
27913
24613
20604
16000
10932
5547
0
-5550
-10942
-16021
-20637
-24657
-27963
-30458
-32068
-32745
-32468
-31244
-29107
-26118
-22364
-17952
-13013
-7689
-2137
3479
8997
14252
19090
23367
26955
29748
31662
32640
32650
31691
29790
27003
23411
19119
14256
8965
3403
-2262
-7862
-13230
-18204
-22633
-26385
-29345
-31423
-32556
-32707
-31871
-30072
-27362
-23823
-19561
-14703
-9397
-3803
1908
7565
12994
18030
22517
26318
29316
31419
32559
32702
31841
30001
27238
23635
19302
14372
8996
3339
-2422
-8112
-13553
-18577
-23026
-26761
-29667
-31650
-32648
-32629
-31591
-29565
-26615
-22829
-18327
-13249
-7752
-2009
3799
9491
14886
19815
24120
27666
30338
32052
32751
32412
31044
28690
25423
21345
16586
11295
5642
-193
-6025
-11667
-16938
-21669
-25706
-28920
-31206
-32489
-32726
-31909
-30063
-27244
-23544
-19081
-13998
-8460
-2644
3259
9060
14569
19606
24006
27626
30346
32075
32756
32366
30916
28451
25051
20827
15917
10480
4696
-1244
-7147
-12817
-18065
-22719
-26622
-29644
-31684
-32674
-32578
-31398
-29173
-25975
-21909
-17110
-11737
-5969
0
5972
11747
17130
21941
26016
29217
31436
32596
32657
31615
29504
26395
22390
17625
12260
6476
470
-5554
-11392
-16845
-21726
-25867
-29127
-31393
-32585
-32662
-31619
-29491
-26349
-22301
-17483
-12062
-6222
-166
5898
11762
17222
22088
26191
29387
31566
32648
32597
31411
29131
25835
21636
16679
11138
5205
-912
-7001
-12847
-18244
-23003
-26955
-29960
-31912
-32739
-32412
-30940
-28374
-24803
-20353
-15179
-9465
-3413
2763
8843
14612
19863
24407
28083
30758
32334
32755
32003
30103
27124
23169
18381
12929
7010
836
-5370
-11386
-16993
-21989
-26191
-29446
-31636
-32680
-32538
-31214
-28754
-25247
-20819
-15630
-9868
-3744
2518
8692
14551
19879
24480
28184
30855
32393
32739
31880
29845
26709
22585
17625
12011
5950
-333
-6607
-12639
-18204
-23094
-27128
-30152
-32055
-32763
-32248
-30528
-27666
-23767
-18976
-13473
-7461
-1167
5173
11322
17047
22132
26385
29644
31785
32724
32427
30901
28203
24435
19738
14288
8294
1981
-4409
-10635
-16457
-21654
-26025
-29402
-31656
-32697
-32485
-31027
-28377
-24634
-19943
-14481
-8460
-2109
4324
10594
16457
21686
26077
29459
31699
32710
32451
30929
28203
24378
19601
14056
7961
1552
-4919
-11201
-17047
-22227
-26537
-29806
-31906
-32751
-32307
-30590
-27666
-23648
-18696
-13002
-6791
-309
6187
12441
18204
23246
27366
30398
32222
32762
31995
29951
26709
22398
17189
11289
4935
-1619
-8112
-14281
-19879
-24678
-28486
-31147
-32552
-32643
-31416
-28917
-25247
-20553
-15023
-8882
-2378
4225
10659
16662
21989
26421
29777
31918
32756
32254
30432
27362
23169
18024
12137
5748
-879
-7473
-13762
-19485
-24407
-28323
-31070
-32533
-32650
-31414
-28875
-25136
-20353
-14721
-8475
-1874
4807
11292
17307
22602
26955
30182
32146
32765
32010
29911
26556
22083
16679
10571
4016
-2711
-9326
-15551
-21121
-25799
-29387
-31732
-32732
-32344
-30582
-27520
-23286
-18060
-12062
-5547
1206
7911
14280
20041
24947
28786
31393
32653
32513
30975
28105
24024
18906
12972
6476
-301
-7069
-13534
-19415
-24458
-28443
-31196
-32596
-32580
-31148
-28360
-24336
-19250
-13322
-6811
0
6813
13332
19269
24364
28393
31178
32594
32578
31129
28309
24241
19103
13120
6555
-301
-7147
-13680
-19609
-24671
-28641
-31340
-32648
-32505
-30916
-27948
-23735
-18460
-12360
-5706
1206
8067
14569
20421
25359
29162
31656
32728
32328
30473
27244
22786
17298
11027
4255
-2711
-9557
-15974
-21669
-26383
-29901
-32062
-32766
-31979
-29736
-26137
-21345
-15577
-9095
-2195
4807
11593
17850
23291
27666
30771
32464
32665
31362
28614
24546
19345
13249
6538
-477
-7473
-14125
-20126
-25196
-29098
-31650
-32732
-32292
-30349
-26991
-22374
-16712
-10266
-3339
3746
10659
17076
22694
27251
30530
32377
32702
31489
28793
24740
19519
13375
6597
-494
-7565
-14281
-20323
-25404
-29282
-31772
-32753
-32178
-30072
-26533
-21729
-15887
-9285
-2238
4919
11843
18204
23695
28052
31066
32589
32548
30942
27847
23411
17845
11416
4435
-2763
-9830
-16425
-22227
-26955
-30378
-32330
-32713
-31507
-28769
-24631
-19293
-13013
-6096
1120
8285
15047
21076
26077
29802
32068
32763
31850
29372
25451
20276
14101
7230
0
-7232
-14111
-20295
-25478
-29402
-31872
-32764
-32033
-29711
-25913
-20827
-14703
-7845
-595
6688
13640
19914
25196
29220
31785
32759
32093
29819
26047
20967
14832
7950
664
-6656
-13645
-19948
-25247
-29273
-31822
-32763
-32046
-29706
-25861
-20703
-14492
-7543
-209
7138
14125
20396
25629
29557
31977
32766
31880
29363
25342
20022
13674
6622
-771
-8129
-15071
-21240
-26318
-30042
-32219
-32734
-31559
-28754
-24461
-18901
-12360
-5177
2276
9615
16457
22447
27271
30678
32489
32608
31026
27825
23169
17302
10527
3199
-4298
-11573
-18244
-23960
-28419
-31387
-32705
-32302
-30198
-26501
-21406
-15179
-8148
-684
6817
13962
20369
25700
29668
32064
32757
31710
28975
24698
19103
12488
5205
-2358
-9798
-16717
-22745
-27557
-30894
-32577
-32513
-30703
-27244
-22319
-16192
-9191
-1693
5898
13175
19743
25247
29388
31941
32765
31816
29141
24884
19276
12618
5272
-2362
-9871
-16845
-22903
-27714
-31014
-32621
-32445
-30495
-26875
-21781
-15492
-8351
-749
6896
14165
20658
26016
29942
32220
32721
31417
28377
23767
17841
10926
3403
-4310
-11787
-18613
-24407
-28847
-31684
-32759
-32010
-29476
-25298
-19707
-13013
-5590
2148
9769
16845
22980
27828
31116
32659
32366
30254
26438
21133
14635
7310
-430
-8148
-15409
-21801
-26962
-30598
-32502
-32563
-30778
-27244
-22162
-15818
-8572
-836
6950
14343
20920
26305
30190
32350
32661
31103
27762
22829
16586
9388
1649
-6187
-13670
-20369
-25898
-29936
-32249
-32702
-31267
-28024
-23161
-16955
-9766
-2009
5867
13405
20168
25762
29860
32222
32709
31291
28049
23169
16936
9711
1916
-5992
-13553
-20323
-25904
-29968
-32275
-32687
-31179
-27837
-22855
-16527
-9222
-1372
6562
14111
20829
26318
30252
32397
32623
30916
27374
22206
15718
8294
373
-7571
-15067
-21669
-26980
-30683
-32556
-32483
-30469
-26631
-21197
-14492
-6916
1077
9009
16402
22811
27851
31216
32702
32218
29790
25564
19793
12824
5078
-2978
-10856
-18080
-24210
-28873
-31785
-32766
-31757
-28816
-24119
-17952
-10689
-2772
5316
13083
20053
25799
29968
32304
32662
31017
27469
22233
15630
8064
0
-8067
-15639
-22251
-27492
-31038
-32669
-32282
-29899
-25665
-19840
-12785
-4935
3223
11185
18454
24578
29176
31960
32754
31507
28295
23317
16881
9388
1306
-6859
-14599
-21426
-26913
-30713
-32587
-32415
-30206
-26096
-20343
-13307
-5431
2789
10837
18204
24423
29100
31937
32755
31498
28244
23199
16679
9099
938
-7285
-15047
-21854
-27271
-30951
-32659
-32282
-29844
-25497
-19519
-12290
-4271
4023
12062
19330
25359
29762
32252
32670
30984
27303
21861
15008
7184
-1105
-9326
-16947
-23474
-28484
-31650
-32766
-31757
-28687
-23753
-17274
-9670
-1435
6896
14781
21705
27215
30951
32666
32248
29720
25247
19119
11737
3583
-4807
-12886
-20121
-26035
-30239
-32455
-32534
-30469
-26395
-20578
-13400
-5336
3083
11302
18775
25007
29584
32200
32681
30992
27244
21684
14679
6695
-1736
-10055
-17706
-24178
-29038
-31959
-32744
-31340
-27837
-22468
-15592
-7668
771
9163
16942
23583
28641
31772
32764
31548
28203
22955
16155
8261
-193
-8637
-16499
-23246
-28419
-31667
-32766
-31641
-28366
-23161
-16378
-8479
0
8482
16388
23178
28387
31659
32766
31633
28334
23092
16267
8323
-193
-8699
-16610
-23382
-28547
-31748
-32764
-31521
-28105
-22748
-15818
-7793
771
9287
17161
23850
28887
31923
32744
31292
27666
22114
15023
6884
-1736
-10238
-18030
-24565
-29387
-32158
-32681
-30919
-26991
-21173
-13868
-5590
3083
11543
19194
25499
30012
32414
32534
30361
26047
19895
12336
3903
-4807
-13181
-20625
-26610
-30711
-32637
-32248
-29569
-24790
-18247
-10405
-1820
6896
15124
22277
27843
31423
32760
31757
28483
23169
16196
8060
-655
-9326
-17331
-24094
-29127
-32068
-32703
-30984
-27033
-21133
-13707
-5289
3511
12062
19743
25999
30374
32552
32371
29844
25150
18630
10754
2094
-6719
-15047
-22282
-27896
-31478
-32765
-31661
-28244
-22763
-15616
-7324
1506
10228
18204
24847
29668
32313
32585
30461
26096
19809
12062
3423
-5469
-13962
-21426
-27310
-31178
-32740
-31881
-28661
-23317
-16242
-7961
912
9721
17811
24578
29519
32265
32608
30520
26157
19840
12041
3339
-5613
-14150
-21629
-27492
-31296
-32755
-31758
-28377
-22863
-15630
-7219
1736
10564
18599
25234
29968
32443
32468
30041
25342
18725
10689
1842
-7147
-15598
-22868
-28404
-31785
-32751
-31227
-27327
-21345
-13736
-5078
3969
12717
20496
26712
30887
32702
32014
28875
23522
16364
7950
-1077
-10024
-18204
-24986
-29848
-32414
-32483
-30050
-25298
-18593
-10451
-1499
7571
16058
23305
28750
31969
32711
30916
26720
20449
12587
3744
-5391
-14111
-21734
-27666
-31442
-32766
-31533
-27837
-21964
-14372
-5653
3510
12401
20323
26654
30894
32710
31957
28692
23169
15822
7226
-1941
-10958
-19113
-25762
-30378
-32596
-32237
-29328
-24096
-16955
-8469
691
9799
18132
25028
29936
32465
32412
29778
24772
17791
9388
234
-8940
-17404
-24479
-29598
-32350
-32513
-30072
-25219
-18342
-9991
-836
8388
16942
24135
29387
32275
32563
30226
25451
18620
10283
1113
-8148
-16754
-24006
-29316
-32252
-32574
-30254
-25477
-18630
-10266
-1066
8222
16845
24098
29390
32286
32549
30156
25298
18372
9941
695
-8610
-17213
-24407
-29603
-32371
-32482
-29925
-24908
-17841
-9305
0
9307
17850
24924
29942
32491
32356
29546
24293
17028
8351
-1019
-10308
-18745
-25629
-30386
-32621
-32145
-28995
-23432
-15917
-7073
2362
11603
19879
26497
30903
32728
31816
28241
22301
14491
5464
-4023
-13175
-21224
-27492
-31451
-32766
-31324
-27244
-20868
-12732
-3519
5992
15001
22745
28568
31977
32682
30619
25962
19103
10622
1238
-8253
-17047
-24394
-29668
-32420
-32412
-29643
-24347
-16973
-8148
1373
10781
19269
26112
30723
32705
31886
28334
22351
14449
5304
-4298
-13534
-21608
-27826
-31650
-32749
-31026
-26627
-19930
-11510
-2094
7504
16457
23989
29446
32355
32460
29752
24461
17046
8148
-1459
-10942
-19477
-26318
-30870
-32732
-31742
-27983
-21780
-13674
-4371
5316
14541
22496
28484
31977
32669
30495
25645
18541
9807
209
-9410
-18204
-25397
-30356
-32640
-32046
-28625
-22675
-14721
-5464
4278
13645
21806
28038
31787
32719
30748
26047
19032
10324
695
-8997
-17892
-25196
-30256
-32621
-32077
-28669
-22701
-14703
-5389
4409
13816
21989
28193
31872
32694
30582
25725
18555
9715
0
-9718
-18563
-25739
-30598
-32699
-31850
-28126
-21861
-13619
-4144
5708
15047
23026
28920
32194
32549
29951
24631
17073
7961
-1876
-11547
-20168
-26955
-31287
-32766
-31257
-26894
-20073
-11416
-1713
8148
17267
24807
30076
32589
32113
28690
22632
14492
5018
-4919
-14407
-22570
-28657
-32104
-32591
-30072
-24775
-17189
-8012
1907
11653
20323
27113
31393
32763
31094
26539
19519
10683
852
-9060
-18132
-25519
-30530
-32697
-31816
-27965
-21503
-13031
-3339
6667
16052
23938
29584
32459
32292
29097
23169
15065
5543
-4501
-14125
-22423
-28612
-32108
-32578
-29977
-24546
-16798
-7461
2582
12385
21019
27666
31694
32721
30647
25665
18247
9095
-923
-10856
-19760
-26786
-31264
-32766
-31146
-26556
-19431
-10451
-470
9557
18675
26008
30855
32749
31507
27244
20368
11537
1595
-8501
-17784
-25359
-30497
-32702
-31758
-27754
-21074
-12360
-2451
7696
17103
24860
30215
32648
31922
28105
21563
12929
3039
-7147
-16643
-24525
-30025
-32607
-32016
-28309
-21844
-13249
-3359
6859
16412
24364
29939
32588
32050
28377
21924
13322
3413
-6833
-16412
-24382
-29960
-32596
-32028
-28309
-21804
-13150
-3199
7069
16643
24578
30089
32630
31946
28105
21482
12732
2719
-7565
-17103
-24947
-30318
-32680
-31797
-27754
-20951
-12062
-1970
8320
17784
25478
30633
32732
31565
27244
20200
11134
952
-9326
-18675
-26154
-31014
-32765
-31228
-26556
-19215
-9941
333
10578
19760
26955
31436
32749
30759
25665
17979
8475
-1887
-12062
-21019
-27851
-31864
-32650
-30126
-24546
-16475
-6728
3703
13762
22423
28806
32258
32427
29291
23169
14683
4696
-5772
-15653
-23938
-29777
-32571
-32033
-28214
-21503
-12587
-2378
8077
17706
25519
30711
32748
31416
26850
19519
10175
-219
-10594
-19879
-27113
-31549
-32726
-30520
-25157
-17189
-7439
3083
13289
22119
28657
32222
32441
29289
23092
14492
4381
-6187
-16114
-24364
-30076
-32652
-31820
-27666
-20619
-11416
-1017
9491
19008
26537
31287
32757
30792
25595
17709
7961
-2625
-12939
-21894
-28547
-32194
-32451
-29286
-23032
-14346
-4144
6498
16457
24678
30291
32699
31644
27238
19943
10531
0
-10533
-19951
-27251
-31656
-32694
-30254
-24592
-16309
-6286
4409
14637
23305
29487
32519
32077
28203
21312
12137
1660
-8997
-18692
-26385
-31248
-32757
-30748
-25434
-17383
-7461
3266
13645
22556
29038
32390
32248
28625
21909
12824
2351
-8378
-18204
-26061
-31098
-32765
-30880
-25645
-17625
-7689
3083
13524
22496
29023
32393
32235
28565
21780
12618
2077
-8692
-18516
-26318
-31245
-32755
-30681
-25247
-17046
-6975
3863
14280
23132
29446
32527
32033
28015
20915
11510
836
-9932
-19609
-27125
-31650
-32682
-30103
-24198
-15616
-5304
5596
15880
24407
30232
32705
31550
26894
19250
9465
-1373
-12062
-21411
-28379
-32188
-32412
-29022
-22395
-13267
-2656
8253
18244
26197
31222
32754
30619
25054
16679
6433
-4537
-15001
-23783
-29895
-32648
-31731
-27244
-19690
-9916
976
11762
21224
28293
32170
32415
28997
22301
13080
2378
-8595
-18599
-26497
-31393
-32729
-30352
-24528
-15917
-5494
5554
15974
24578
30386
32734
31352
26395
18425
8351
-2679
-13405
-22602
-29217
-32491
-32046
-27932
-20616
-10936
0
10939
20625
27944
32055
32482
29173
22507
13249
2462
-8610
-18692
-26622
-31481
-32707
-30156
-24119
-15293
-4696
6446
16845
25296
30817
32766
30916
25477
17079
6695
-4468
-15115
-24006
-30106
-32702
-31489
-26606
-18620
-8460
2689
13528
22788
29387
32552
31909
27532
19930
9991
-1120
-12103
-21669
-28693
-32350
-32208
-28280
-21025
-11295
-234
10856
20671
28052
32127
32412
28871
21921
12379
1372
-9799
-19815
-27487
-31906
-32545
-29328
-22632
-13249
-2291
8940
19113
27016
31708
32629
29666
23169
13911
2992
-8285
-18577
-26654
-31549
-32677
-29899
-23544
-14372
-3477
7836
18214
26411
31442
32702
30037
23764
14635
3744
-7598
-18030
-26293
-31393
-32711
-30086
-23833
-14703
-3796
7571
18026
26305
31405
32707
30050
23753
14577
3632
-7754
-18204
-26446
-31479
-32688
-29925
-23522
-14256
-3253
8148
18560
26712
31608
32650
29706
23135
13736
2656
-8751
-19090
-27095
-31785
-32581
-29385
-22585
-13013
-1842
9557
19786
27585
31994
32468
28947
21861
12081
809
-10564
-20637
-28166
-32219
-32293
-28377
-20951
-10932
440
11762
21629
28819
32437
32033
27653
19840
9561
-1907
-13142
-22745
-29519
-32621
-31661
-26755
-18514
-7961
3586
14689
23960
30239
32740
31148
25658
16955
6128
-5469
-16384
-25247
-30944
-32759
-30461
-24336
-15151
-4058
7546
18204
26572
31595
32638
29565
22763
13087
1756
-9798
-20118
-27896
-32148
-32332
-28424
-20915
-10754
771
12203
22088
29171
32552
31797
27001
18769
8148
-3511
-14727
-24069
-30346
-32754
-30984
-25260
-16309
-5272
6439
17331
26008
31359
32696
29845
23169
13521
2137
-9523
-19964
-27843
-32146
-32318
-28334
-20703
-10405
1234
12717
22564
29503
32637
31559
26407
17841
6968
-4807
-15965
-25058
-30909
-32757
-30361
-24028
-14577
-3233
8533
19194
27364
31977
32433
28669
21173
10917
-762
-12345
-22321
-29387
-32619
-31592
-26438
-17828
-6884
4961
16161
25247
31028
32744
30168
23635
13998
2522
-9287
-19879
-27860
-32179
-32265
-28105
-20242
-9711
2101
13640
23382
30040
32733
31103
25362
16267
5018
-6896
-17901
-26537
-31659
-32585
-29190
-21921
-11741
0
11743
21929
29201
32589
31641
26480
17791
6728
-5233
-16499
-25566
-31222
-32709
-29826
-22955
-13013
-1327
10537
20994
28641
32450
31909
27088
18630
7668
-4324
-15739
-25041
-30976
-32744
-30105
-23411
-13561
-1880
10055
20637
28436
32397
31982
27244
18822
7852
-4182
-15653
-25007
-30974
-32743
-30072
-23319
-13400
-1660
10308
20879
28612
32455
31881
26966
18377
7282
-4807
-16245
-25468
-31216
-32702
-29720
-22675
-12528
-664
11292
21705
29147
32596
31576
26225
17274
5950
-6193
-17489
-26383
-31650
-32564
-28995
-21433
-10917
1105
12978
23064
29968
32737
30984
24950
15465
3839
-8320
-19330
-27666
-32170
-32217
-27796
-19519
-8531
3643
15314
24860
30951
32739
29972
23032
12884
938
-11141
-21669
-29176
-32613
-31498
-25982
-16835
-5332
6918
18204
26944
31912
32410
28366
20343
9465
-2743
-14569
-24351
-30713
-32759
-30198
-23387
-13283
-1306
10856
21492
29100
32604
31507
25962
16748
5166
-7147
-18454
-27152
-32008
-32332
-28076
-19840
-8789
3510
15314
24947
31038
32720
29752
22551
12140
0
-12143
-22559
-29762
-32723
-31017
-24884
-15198
-3339
8998
20053
28242
32393
31908
26854
17952
6476
-5930
-17489
-26541
-31785
-32465
-28481
-20402
-9388
2978
14918
24714
30951
32730
29790
22554
12062
-172
-12385
-22811
-29942
-32746
-30813
-24421
-14492
-2462
9926
20879
28806
32556
31581
26021
16679
4912
-7571
-18956
-27585
-32200
-32127
-27374
-18630
-7167
5342
17076
26318
31719
32485
28504
20353
9222
-3259
-15267
-25041
-31147
-32687
-29434
-21861
-11077
1334
13553
23783
30517
32764
30189
23169
12736
423
-11953
-22570
-29860
-32743
-30792
-24293
-14202
-2009
10483
21426
29201
32652
31267
25247
15482
3419
-9153
-20369
-28563
-32514
-31633
-26047
-16586
-4654
7973
19415
27967
32350
31910
26709
17520
5712
-6950
-18577
-27428
-32179
-32116
-27244
-18292
-6597
6088
17864
26962
32015
32263
27666
18910
7310
-5391
-17284
-26579
-31872
-32366
-27983
-19380
-7852
4862
16845
26287
31760
32433
28203
19707
8226
-4501
-16550
-26094
-31684
-32472
-28334
-19895
-8434
4310
16402
26003
31651
32486
28377
19946
8475
-4288
-16402
-26016
-31662
-32478
-28334
-19861
-8351
4437
16550
26133
31717
32445
28203
19638
8060
-4756
-16845
-26351
-31812
-32386
-27983
-19276
-7602
5243
17284
26666
31941
32293
27666
18769
6975
-5898
-17864
-27071
-32095
-32157
-27244
-18113
-6176
6719
18577
27557
32265
31968
26709
17302
5205
-7702
-19415
-28111
-32434
-31710
-26047
-16326
-4058
8843
20369
28719
32588
31368
25247
15179
2736
-10137
-21426
-29364
-32705
-30922
-24293
-13853
-1238
11573
22570
30025
32764
30353
23169
12339
-434
-13142
-23783
-30678
-32739
-29638
-21861
-10632
2276
14829
25041
31296
32604
28754
20353
8727
-4282
-16616
-26318
-31849
-32328
-27676
-18630
-6622
6439
18480
27585
32302
31880
26381
16679
4318
-8734
-20396
-28806
-32620
-31227
-24845
-14492
-1820
11144
22329
29942
32763
30335
23047
12062
-859
-13645
-24243
-30951
-32688
-29173
-20967
-9388
3703
16202
26094
31785
32354
27709
18593
6476
-6688
-18775
-27832
-32393
-31718
-25913
-15915
-3339
9779
21317
29402
32723
30737
23764
12933
0
-12935
-23772
-30745
-32720
-29372
-21243
-9654
3510
16105
26077
31798
32332
27590
18342
6096
-7147
-19226
-28162
-32493
-31507
-25362
-15061
-2291
10856
22227
29953
32765
30198
22670
11416
-1716
-14569
-25028
-31370
-32548
-28366
-19509
-7435
5867
18204
27539
32330
31782
25982
15887
3163
-10086
-21669
-29667
-32753
-30413
-23032
-11831
1334
14281
24860
31312
32563
28403
19519
7387
-5976
-18347
-27666
-32377
-31693
-25725
-15465
-2622
10659
22164
29968
32766
30086
22374
10917
-2369
-15261
-25599
-31650
-32396
-27709
-18372
-5950
7473
19643
28516
32596
31195
24546
13765
664
-12550
-23653
-30771
-32702
-29116
-20616
-8634
4807
17440
27128
32230
31881
26137
15968
3092
-10308
-21966
-29901
-32766
-30072
-22272
-10689
2711
15653
25937
31812
32275
27244
17574
4908
-8595
-20637
-29162
-32712
-30681
-23411
-12140
1206
14349
25041
31451
32480
27948
18630
6117
-7445
-19735
-28641
-32634
-31026
-24089
-13013
301
13567
24501
31222
32570
28309
19172
6728
-6876
-19298
-28393
-32589
-31159
-24347
-13326
0
13328
24354
31166
32585
28360
19220
6748
-6896
-19347
-28443
-32604
-31103
-24198
-13087
301
13640
24608
31294
32533
28105
18778
6176
-7504
-19879
-28786
-32669
-30847
-23635
-12290
1206
14493
25247
31583
32389
27520
17828
5008
-8692
-20870
-29387
-32745
-30352
-22624
-10917
2711
15865
26229
31977
32094
26556
16335
3233
-10442
-22277
-30182
-32757
-29546
-21112
-8944
4807
17712
27483
32390
31559
25136
14256
845
-12717
-24026
-31070
-32598
-28334
-19032
-6345
7473
19964
28903
32697
30666
23169
11540
-2148
-15456
-26008
-31918
-32127
-26596
-16309
-3103
10659
22517
30346
32741
29270
20553
8148
-5719
-18563
-28078
-32552
-31179
-24202
-12874
771
14281
25223
31625
32332
27214
17189
4062
-9798
-21894
-30040
-32762
-29565
-21025
-8682
5233
18204
27882
32514
31257
24336
13002
-691
-14262
-25247
-31650
-32307
-27094
-16955
-3732
10171
22227
30239
32747
29289
20494
7961
-6025
-18915
-28356
-32621
-30929
-23586
-11931
1907
15400
26077
31982
32033
26215
15592
2109
-11762
-23479
-30889
-32629
-28377
-18910
-5966
8077
20637
29402
32756
30080
21861
9613
-4409
-17621
-27585
-32459
-31342
-24435
-13013
816
14497
25499
31785
32188
26631
16140
2656
-11322
-23203
-30782
-32650
-28456
-18976
-5969
8148
20755
29503
32763
29925
21514
9095
-5021
-18204
-27995
-32564
-31058
-23753
-12011
1977
15598
26305
32095
31880
25698
14703
952
-12978
-24480
-31393
-32418
-27360
-17165
-3744
10381
22559
30497
32702
28754
19394
6380
-7836
-20580
-29446
-32762
-29899
-21393
-8847
5370
18577
28275
32630
30814
23169
11138
-3003
-16579
-27016
-32334
-31523
-24733
-13249
751
14612
25700
31906
32048
26096
15179
1372
-12698
-24354
-31371
-32412
-27273
-16932
-3359
10856
23003
30758
32638
28280
18514
5205
-9101
-21669
-30089
-32747
-29131
-19930
-6905
7445
20371
29387
32762
29844
21189
8460
-5898
-19125
-28673
-32702
-30433
-22301
-9868
4468
17946
27963
32585
30916
23274
11134
-3159
-16845
-27275
-32428
-31305
-24119
-12260
1977
15833
26622
32247
31615
24845
13249
-923
-14918
-26016
-32055
-31858
-25461
-14105
0
14107
25468
31864
32046
25975
14832
792
-13405
-24986
-31684
-32188
-26395
-15435
-1452
12817
24578
31525
32292
26727
15917
1981
-12345
-24250
-31393
-32366
-26976
-16280
-2378
11993
24006
31293
32415
27148
16527
2644
-11762
-23850
-31230
-32442
-27244
-16660
-2779
11653
23783
31206
32451
27267
16679
2783
-11667
-23806
-31222
-32441
-27217
-16586
-2656
11803
23919
31277
32412
27094
16378
2398
-12062
-24120
-31370
-32361
-26894
-16056
-2009
12441
24407
31496
32285
26615
15616
1488
-12939
-24777
-31650
-32178
-26251
-15055
-836
13553
25223
31826
32033
25797
14372
52
-14280
-25739
-32015
-31841
-25247
-13561
863
15115
26318
32208
31592
24592
12618
-1908
-16052
-26950
-32393
-31276
-23823
-11540
3083
17085
27622
32556
30880
22932
10324
-4384
-18204
-28323
-32682
-30389
-21909
-8965
5807
19399
29038
32755
29790
20744
7461
-7347
-20658
-29748
-32757
-29067
-19428
-5811
8997
21966
30436
32669
28203
17952
4016
-10746
-23305
-31079
-32468
-27184
-16309
-2077
12583
24657
31656
32135
25992
14491
0
-14493
-25999
-32139
-31644
-24613
-12494
2208
16457
27304
32503
30975
23032
10317
-4537
-18454
-28547
-32719
-30103
-21238
-7961
6971
20458
29694
32757
29007
19220
5431
-9491
-22439
-30713
-32587
-27666
-16973
-2736
12073
24364
31568
32177
26060
14492
-108
-14689
-26197
-32222
-31498
-24174
-11781
3083
17304
27896
32634
30520
21996
8847
-6162
-19879
-29416
-32766
-29219
-19519
-5706
9311
22368
30711
32578
27570
16743
2378
-12491
-24723
-31732
-32033
-25558
-13674
1105
15653
26888
32428
31095
23169
10328
-4707
-18745
-28806
-32750
-29736
-20402
-6728
8378
21705
30414
32650
27932
17262
2911
-12062
-24465
-31651
-32083
-25665
-13765
1077
15692
26955
32455
31012
22932
9941
-5180
-19194
-29098
-32765
-29406
-19738
-5832
9326
22486
30817
32526
27244
16102
1495
-13436
-25478
-32035
-31693
-24521
-12062
2999
17416
28078
32680
30226
21243
7668
-7565
-21167
-30192
-32685
-28105
-17438
-2992
12103
24578
31727
31995
25321
13150
-1876
-16499
-27539
-32596
-30567
-21889
-8448
6833
20630
29936
32722
28377
17845
3419
-11753
-24364
-31659
-32040
-25423
-13249
1823
16499
27568
32607
30508
21729
8189
-7147
-20920
-30108
-32693
-28105
-17347
-2779
12401
24860
31856
31850
24838
12360
-2839
-17416
-28160
-32702
-30037
-20749
-6884
8501
22013
30668
32552
27244
15915
1066
-14020
-26008
-32243
-31342
-23500
-10451
4915
19194
29220
32766
29042
18871
4509
-10856
-23813
-31479
-32147
-25665
-13473
1720
16533
27666
32637
30335
21271
7461
-8015
-21705
-30552
-32578
-27327
-15968
-1038
14125
26133
32294
31228
23169
9920
-5554
-19786
-29584
-32748
-28565
-17970
-3339
12043
24723
31849
31816
24627
11897
-3511
-18132
-28673
-32755
-29458
-19519
-5177
10334
23516
31393
32182
25702
13414
-1907
-16800
-27896
-32682
-30072
-20653
-6555
9029
22570
30997
32395
26445
14492
-751
-15827
-27310
-32589
-30461
-21406
-7481
8148
21926
30713
32507
26894
15151
-48
-15238
-26955
-32522
-30664
-21804
-7961
7702
21608
30575
32549
27076
15403
202
-15047
-26852
-32503
-30703
-21861
-8002
7696
21629
30598
32538
27001
15255
0
-15257
-27007
-32541
-30582
-21579
-7602
8129
21989
30779
32468
26664
14703
-655
-15865
-27411
-32621
-30288
-20948
-6758
8997
22672
31098
32318
26047
13736
-1763
-16855
-28038
-32713
-29790
-19946
-5464
10289
23653
31516
32046
25116
12336
-3319
-18204
-28847
-32766
-29042
-18541
-3711
11987
24889
31977
31593
23823
10480
-5316
-19871
-29777
-32711
-27983
-16697
-1495
14059
26318
32404
30885
22114
8148
-7733
-21801
-30745
-32460
-26539
-14372
1180
16457
27860
32699
29832
19930
5325
-10537
-23916
-31650
-31910
-24631
-11530
4298
19113
29409
32747
28334
17210
2009
-13670
-26112
-32365
-30942
-22178
-8148
7817
21929
30833
32412
26285
13907
-1780
-17047
-28259
-32743
-29429
-19103
-4222
11667
24777
31977
31548
23586
9991
-5992
-20546
-30192
-32619
-27244
-15350
219
15739
27492
32660
30001
20149
5464
-10533
-24006
-31719
-31816
-24270
-10892
5106
19879
29873
32681
27625
15917
373
-15261
-27221
-32621
-30156
-20416
-5748
10308
23879
31684
31836
24293
10875
-5173
-19973
-29942
-32665
-27477
-15633
0
15636
27483
32666
29925
19920
5078
-10999
-24407
-31886
-31615
-23656
-9941
6193
20824
30386
32549
26782
14487
-1341
-16845
-28242
-32749
-29262
-18630
-3445
12583
25539
32252
31078
22301
8064
-8148
-22368
-31111
-32231
-25451
-12429
3643
18824
29387
32737
28047
16465
836
-15001
-27152
-32625
-30072
-20115
-5205
10989
24479
31937
31523
23335
9388
-6876
-21447
-30723
-32412
-26092
-13322
2743
18132
29038
32759
28371
16955
1338
-14612
-26944
-32596
-30164
-20247
-5304
10958
24501
31960
31477
23169
9099
-7236
-21774
-30894
-32323
-25702
-12676
3510
18824
29446
32724
27837
16000
166
-15711
-27666
-32707
-29572
-19041
-3744
12491
25602
32304
30916
21780
7184
-9215
-23305
-31551
-31880
-24205
-10451
5930
20824
30486
32483
26311
13518
-2679
-18204
-29147
-32749
-28098
-16364
-502
15488
27574
32702
29574
18976
3583
-12717
-25806
-32371
-30748
-21345
-6538
9926
23879
31785
31636
23467
9346
-7147
-21830
-30974
-32254
-25342
-11991
4409
19692
29968
32623
26976
14462
-1736
-17495
-28798
-32764
-28377
-16752
-852
15267
27492
32699
29554
18857
3339
-13034
-26077
-32450
-30520
-20777
-5712
10817
24578
32042
31291
22515
7961
-8637
-23021
-31496
-31881
-24075
-10079
6509
21426
30833
32307
25463
12062
-4448
-19815
-30076
-32585
-26689
-13907
2465
18204
29244
32732
27762
15616
-569
-16610
-28356
-32765
-28692
-17189
-1231
15047
27428
32699
29490
18630
2932
-13528
-26478
-32552
-30168
-19943
-4530
12062
25519
32337
30737
21133
6022
-10659
-24565
-32068
-31208
-22206
-7407
9326
23628
31760
31593
23169
8686
-8070
-22719
-31423
-31903
-24028
-9858
6896
21846
31070
32147
24790
10926
-5807
-21019
-30711
-32336
-25461
-11891
4807
20244
30356
32478
26047
12755
-3899
-19528
-30012
-32581
-26556
-13521
3083
18877
29687
32654
26991
14192
-2362
-18294
-29387
-32703
-27360
-14769
1736
17784
29119
32734
27666
15255
-1206
-17349
-28887
-32752
-27913
-15652
771
16993
28695
32761
28105
15962
-434
-16717
-28547
-32765
-28244
-16186
193
16523
28443
32766
28334
16326
-48
-16412
-28387
-32766
-28374
-16382
0
0
0
0
0
0
0
0
0
0
0
0
0
0
0
0
0
0
0
0
0
0
0
0
0
0
0
0
0
0
0
0
0
0
0
0
0
0
0
0
0
0
0
0
0
0
0
0
0
0
0
0
0
0
0
0
0
0
0
0
0
0
0
0
0
0
0
0
0
0
0
0
0
0
0
0
0
0
0
0
0
0
0
0
0
0
0
0
0
0
0
0
0
0
0
0
0
0
0
0
0
0
0
0
0
0
0
0
0
0
0
0
0
0
0
0
0
0
0
0
0
0
0
0
0
0
0
0
0
0
0
0
0
0
0
0
0
0
0
0
0
0
0
0
0
0
0
0
0
0
0
0
0
0
0
0
0
0
0
0
0
0
0
0
0
0
0
0
0
0
0
0
0
0
0
0
0
0
0
0
0
0
0
0
0
0
0
0
0
0
0
0
0
0
0
0
0
0
0
0
0
0
0
0
0
0
0
0
0
0
0
0
0
0
0
0
0
0
0
0
0
0
0
0
0
0
0
0
0
0
0
0
0
0
0
0
0
0
0
0
0
0
0
0
0
0
0
0
0
0
0
0
0
0
0
0
0
0
0
0
0
0
0
0
0
0
0
0
0
0
0
0
0
0
0
0
0
0
0
0
0
0
0
0
0
0
0
0
0
0
0
0
0
0
0
0
0
0
0
0
0
0
0
0
0
0
0
0
0
0
0
0
0
0
0
0
0
0
0
0
0
0
0
0
0
0
0
0
0
0
0
0
0
0
0
0
0
0
0
0
0
0
0
0
0
0
0
0
0
0
0
0
0
0
0
0
0
0
0
0
0
0
0
0
0
0
0
0
0
0
0
0
0
0
0
0
0
0
0
0
0
0
0
0
0
0
0
0
0
0
0
0
0
0
0
0
0
0
0
0
0
0
0
0
0
0
0
0
0
0
0
0
0
0
0
0
0
0
0
0
0
0
0
0
0
0
0
0
0
0
0
0
0
0
0
0
0
0
0
0
0
0
0
0
0
0
0
0
0
0
0
0
0
0
0
0
0
0
0
0
0
0
0
0
0
0
0
0
0
0
0
0
0
0
0
0
0
0
0
0
0
0
0
0
0
0
0
0
0
0
0
0
0
0
0
0
0
0
0
0
0
0
0
0
0
0
0
0
0
0
0
0
0
0
0
0
0
0
0
0
0
0
0
0
0
0
0
0
0
0
0
0
0
0
0
0
0
0
0
0
0
0
0
0
0
0
0
0
0
0
0
0
0
0
0
0
0
0
0
0
0
0
0
0
0
0
0
0
0
0
0
0
0
0
0
0
0
0
0
0
0
0
0
0
0
0
0
0
0
0
0
0
0
0
0
0
0
0
0
0
0
0
0
0
0
0
0
0
0
0
0
0
0
0
0
0
0
0
0
0
0
0
0
0
0
0
0
0
0
0
0
0
0
0
0
0
0
0
0
0
0
0
0
0
0
0
0
0
0
0
0
0
0
0
0
0
0
0
0
0
0
0
0
0
0
0
0
0
0
0
0
0
0
0
0
0
0
0
0
0
0
0
0
0
0
0
0
0
0
0
0
0
0
0
0
0
0
0
0
0
0
0
0
0
0
0
0
0
0
0
0
0
0
0
0
0
0
0
0
0
0
0
0
0
0
0
0
0
0
0
0
0
0
0
0
0
0
0
0
0
0
0
0
0
0
0
0
0
0
0
0
0
0
0
0
0
0
0
0
0
0
0
0
0
0
0
0
0
0
0
0
0
0
0
0
0
0
0
0
0
0
0
0
0
0
0
0
0
0
0
0
0
0
0
0
0
0
0
0
0
0
0
0
0
0
0
0
0
0
0
0
0
0
0
0
0
0
0
0
0
0
0
0
0
0
0
0
0
0
0
0
0
0
0
0
0
0
0
0
0
0
0
0
0
0
0
0
0
0
0
0
0
0
0
0
0
0
0
0
0
0
0
0
0
0
0
0
0
0
0
0
0
0
0
0
0
0
0
0
0
0
0
0
0
0
0
0
0
0
0
0
0
0
0
0
0
0
0
0
0
0
0
0
0
0
0
0
0
0
0
0
0
0
0
0
0
0
0
0
0
0
0
0
0
0
0
0
0
0
0
0
0
0
0
0
0
0
0
0
0
0
0
0
0
0
0
0
0
0
0
0
0
0
0
0
0
0
0
0
0
14043
13755
12905
11526
9675
7426
4870
2111
-737
-3562
-6246
-8680
-10765
-12414
-13559
-14152
-14167
-13601
-12475
-10832
-8739
-6278
-3549
-662
2266
5116
7771
10121
12068
13530
14445
14771
14493
13617
12176
10225
7841
5118
2167
-892
-3937
-6841
-9483
-11755
-13559
-14818
-15476
-15501
-14889
-13659
-11858
-9554
-6840
-3824
-628
2617
5779
8727
11337
13499
15121
16132
16485
16161
15169
13544
11350
8673
5620
2314
-1108
-4508
-7745
-10683
-13199
-15187
-16561
-17260
-17252
-16533
-15129
-13093
-10507
-7475
-4119
-578
3002
6475
9697
12532
14861
16587
17636
17962
17549
16411
14595
12173
9245
5929
2364
-1303
-4923
-8344
-11424
-14035
-16070
-17444
-18100
-18010
-17180
-15643
-13465
-10737
-7571
-4102
-472
3167
6665
9877
12671
14934
16573
17523
17748
17242
16031
14169
11737
8838
5598
2151
-1355
-4778
-7975
-10816
-13186
-14991
-16162
-16658
-16464
-15597
-14100
-12043
-9518
-6637
-3524
-311
2866
5878
8601
10926
12763
14045
14727
14793
14250
13134
11502
9432
7021
4376
1612
-1151
-3800
-6227
-8334
-10043
-11293
-12044
-12278
-12000
-11239
-10039
-8467
-6599
-4526
-2340
-140
1982
3939
5653
7063
8120
8794
9073
8963
8487
7683
6602
5305
3861
2340
814
-649
-1988
-3152
-4099
-4801
-5244
-5424
-5355
-5060
-4570
-3926
-3174
-2362
-1537
-743
-21
596
1088
1437
1641
1704
1641
1473
1228
937
634
351
118
-39
-103
-63
84
334
669
1068
1503
1939
2340
2671
2897
2987
2918
2675
2252
1653
893
0
-992
-2039
-3092
-4096
-4997
-5741
-6281
-6575
-6592
-6313
-5733
-4861
-3720
-2349
-797
872
2590
4281
5867
7272
8425
9264
9739
9815
9473
8714
7556
6036
4209
2145
-73
-2353
-4599
-6712
-8598
-10168
-11349
-12079
-12318
-12044
-11259
-9987
-8271
-6178
-3790
-1204
1472
4128
6649
8927
10862
12367
13374
13835
13726
13044
11815
10086
7926
5422
2680
-186
-3058
-5814
-8337
-10522
-12274
-13521
-14209
-14310
-13819
-12758
-11172
-9129
-6717
-4038
-1205
1661
4442
7021
9291
11159
12551
13412
13713
13445
12626
11299
9523
7380
4965
2383
-254
-2837
-5258
-7417
-9229
-10624
-11553
-11987
-11917
-11359
-10347
-8936
-7194
-5205
-3059
-850
1323
3374
5217
6782
8011
8864
9318
9369
9030
8332
7320
6052
4592
3014
1392
-201
-1698
-3037
-4168
-5053
-5668
-6000
-6054
-5846
-5404
-4765
-3975
-3082
-2139
-1195
-298
509
1197
1739
2121
2340
2402
2321
2122
1833
1487
1119
763
450
206
51
-1
50
201
439
743
1086
1436
1759
2022
2192
2243
2151
1905
1501
943
249
-556
-1438
-2354
-3258
-4099
-4828
-5397
-5763
-5892
-5759
-5352
-4672
-3732
-2561
-1200
298
1872
3454
4970
6348
7519
8420
8998
9212
9038
8468
7511
6195
4565
2682
620
-1536
-3697
-5767
-7654
-9270
-10538
-11395
-11793
-11703
-11118
-10052
-8542
-6642
-4426
-1983
585
3173
5671
7969
9968
11578
12726
13357
13440
12963
11942
10415
8443
6104
3496
726
-2088
-4830
-7383
-9640
-11503
-12893
-13752
-14043
-13752
-12893
-11503
-9640
-7383
-4830
-2088
726
3496
6104
8443
10415
11942
12963
13440
13357
12726
11578
9968
7969
5671
3173
585
-1983
-4426
-6642
-8542
-10052
-11118
-11703
-11793
-11395
-10538
-9270
-7654
-5767
-3697
-1536
620
2682
4565
6195
7511
8468
9038
9212
8998
8420
7519
6348
4970
3454
1872
298
-1200
-2561
-3732
-4672
-5352
-5759
-5892
-5763
-5397
-4828
-4099
-3258
-2354
-1438
-556
249
943
1501
1905
2151
2243
2192
2022
1759
1436
1086
743
439
201
50
-1
51
206
450
763
1119
1487
1833
2122
2321
2402
2340
2121
1739
1197
509
-298
-1195
-2139
-3082
-3975
-4765
-5404
-5846
-6054
-6000
-5668
-5053
-4168
-3037
-1698
-201
1392
3014
4592
6052
7320
8332
9030
9369
9318
8864
8011
6782
5217
3374
1323
-850
-3059
-5205
-7194
-8936
-10347
-11359
-11917
-11987
-11553
-10624
-9229
-7417
-5258
-2837
-254
2383
4965
7380
9523
11299
12626
13445
13713
13412
12551
11159
9291
7021
4442
1661
-1205
-4038
-6717
-9129
-11172
-12758
-13819
-14310
-14209
-13521
-12274
-10522
-8337
-5814
-3058
-186
2680
5422
7926
10086
11815
13044
13726
13835
13374
12367
10862
8927
6649
4128
1472
-1204
-3790
-6178
-8271
-9987
-11259
-12044
-12318
-12079
-11349
-10168
-8598
-6712
-4599
-2353
-73
2145
4209
6036
7556
8714
9473
9815
9739
9264
8425
7272
5867
4281
2590
872
-797
-2349
-3720
-4861
-5733
-6313
-6592
-6575
-6281
-5741
-4997
-4096
-3092
-2039
-992
0
893
1653
2252
2675
2918
2987
2897
2671
2340
1939
1503
1068
669
334
84
-63
-103
-39
118
351
634
937
1228
1473
1641
1704
1641
1437
1088
596
-21
-743
-1537
-2362
-3174
-3926
-4570
-5060
-5355
-5424
-5244
-4801
-4099
-3152
-1988
-649
814
2340
3861
5305
6602
7683
8487
8963
9073
8794
8120
7063
5653
3939
1982
-140
-2340
-4526
-6599
-8467
-10039
-11239
-12000
-12278
-12044
-11293
-10043
-8334
-6227
-3800
-1151
1612
4376
7021
9432
11502
13134
14250
14793
14727
14045
12763
10926
8601
5878
2866
-311
-3524
-6637
-9518
-12043
-14100
-15597
-16464
-16658
-16162
-14991
-13186
-10816
-7975
-4778
-1355
2151
5598
8838
11737
14169
16031
17242
17748
17523
16573
14934
12671
9877
6665
3167
-472
-4102
-7571
-10737
-13465
-15643
-17180
-18010
-18100
-17444
-16070
-14035
-11424
-8344
-4923
-1303
2364
5929
9245
12173
14595
16411
17549
17962
17636
16587
14861
12532
9697
6475
3002
-578
-4119
-7475
-10507
-13093
-15129
-16533
-17252
-17260
-16561
-15187
-13199
-10683
-7745
-4508
-1108
2314
5620
8673
11350
13544
15169
16161
16485
16132
15121
13499
11337
8727
5779
2617
-628
-3824
-6840
-9554
-11858
-13659
-14889
-15501
-15476
-14818
-13559
-11755
-9483
-6841
-3937
-892
2167
5118
7841
10225
12176
13617
14493
14771
14445
13530
12068
10121
7771
5116
2266
-662
-3549
-6278
-8739
-10832
-12475
-13601
-14167
-14152
-13559
-12414
-10765
-8680
-6246
-3562
-737
2111
4870
7426
9675
11526
12905
13755
0
0
0
0
0
0
0
0
0
0
0
0
0
0
0
0
0
0
0
0
0
0
0
0
0
0
0
0
0
0
0
0
0
0
0
0
0
0
0
0
0
0
0
0
0
0
0
0
0
0
0
0
0
0
0
0
0
0
0
0
0
0
0
0
0
0
0
-14043
-13716
-12750
-11192
-9113
-6611
-3804
-821
2195
5106
7776
10080
11909
13181
13835
13843
13204
11950
10142
7863
5223
2345
-634
-3575
-6341
-8800
-10840
-12364
-13302
-13612
-13280
-12324
-10790
-8752
-6308
-3573
-678
2240
5043
7599
9786
11503
12669
13229
13158
12461
11172
9352
7090
4494
1687
-1195
-4017
-6643
-8949
-10825
-12181
-12952
-13102
-12623
-11539
-9899
-7783
-5290
-2540
336
3203
5922
8365
10413
11968
12955
13325
13058
12165
10687
8691
6270
3537
621
-2340
-5208
-7846
-10129
-11946
-13210
-13857
-13856
-13200
-11919
-10068
-7730
-5012
-2039
1053
4120
7021
9619
11791
13436
14472
14850
14546
13571
11966
9799
7167
4187
992
-2272
-5460
-8425
-11032
-13161
-14713
-15616
-15824
-15326
-14139
-12314
-9929
-7088
-3915
-549
2859
6162
9211
11871
14025
15575
16451
16615
16056
14797
12892
10423
7496
4238
789
-2701
-6084
-9211
-11950
-14182
-15812
-16772
-17019
-16546
-15374
-13553
-11163
-8306
-5105
-1695
1777
5168
8334
11144
13481
15251
16383
16833
16588
15661
14095
11961
9350
6373
3157
-165
-3456
-6582
-9417
-11849
-13782
-15144
-15886
-15985
-15445
-14294
-12588
-10401
-7827
-4974
-1959
1094
4068
6843
9315
11391
12996
14075
14595
14546
13939
12808
11206
9203
6883
4342
1679
-1001
-3599
-6018
-8170
-9981
-11391
-12357
-12852
-12869
-12418
-11524
-10231
-8595
-6681
-4564
-2324
-43
2197
4320
6254
7936
9314
10347
11008
11282
11167
10675
9831
8668
7232
5574
3752
1828
-132
-2068
-3916
-5619
-7123
-8383
-9362
-10030
-10368
-10369
-10033
-9372
-8407
-7170
-5699
-4039
-2244
-370
1523
3378
5132
6729
8115
9244
10075
10578
10731
10525
9961
9054
7827
6317
4571
2645
600
-1492
-3563
-5539
-7349
-8927
-10212
-11153
-11711
-11858
-11582
-10886
-9786
-8317
-6524
-4469
-2222
136
2521
4846
7021
8964
10599
11859
12692
13061
12945
12342
11270
9762
7872
5666
3226
642
-1986
-4561
-6982
-9155
-10992
-12422
-13385
-13841
-13770
-13169
-12061
-10484
-8500
-6182
-3619
-912
1834
4513
7021
9258
11137
12584
13543
13975
13866
13219
12062
10441
8421
6082
3519
832
-1871
-4485
-6909
-9046
-10817
-12152
-13005
-13345
-13163
-12472
-11304
-9711
-7759
-5530
-3114
-610
1882
4267
6451
8351
9898
11036
11728
11955
11716
11029
9929
8470
6714
4737
2622
453
-1681
-3701
-5529
-7100
-8358
-9264
-9791
-9931
-9689
-9087
-8158
-6950
-5517
-3924
-2236
-522
1149
2718
4128
5331
6288
6976
7377
7491
7326
6900
6243
5390
4383
3267
2090
898
-263
-1355
-2340
-3190
-3882
-4403
-4745
-4908
-4899
-4731
-4421
-3992
-3466
-2869
-2226
-1561
-896
-253
352
906
1400
1824
2177
2455
2662
2799
2870
2880
2833
2734
2587
2396
2164
1894
1588
1248
879
483
65
-368
-809
-1250
-1679
-2085
-2455
-2775
-3034
-3217
-3315
-3316
-3216
-3011
-2700
-2289
-1786
-1204
-558
129
838
1542
2215
2832
3368
3800
4109
4279
4300
4168
3882
3451
2888
2211
1443
613
-249
-1111
-1942
-2707
-3379
-3932
-4342
-4595
-4681
-4595
-4342
-3932
-3379
-2707
-1942
-1111
-249
613
1443
2211
2888
3451
3882
4168
4300
4279
4109
3800
3368
2832
2215
1542
838
129
-558
-1204
-1786
-2289
-2700
-3011
-3216
-3316
-3315
-3217
-3034
-2775
-2455
-2085
-1679
-1250
-809
-368
65
483
879
1248
1588
1894
2164
2396
2587
2734
2833
2880
2870
2799
2662
2455
2177
1824
1400
906
352
-253
-896
-1561
-2226
-2869
-3466
-3992
-4421
-4731
-4899
-4908
-4745
-4403
-3882
-3190
-2340
-1355
-263
898
2090
3267
4383
5390
6243
6900
7326
7491
7377
6976
6288
5331
4128
2718
1149
-522
-2236
-3924
-5517
-6950
-8158
-9087
-9689
-9931
-9791
-9264
-8358
-7100
-5529
-3701
-1681
453
2622
4737
6714
8470
9929
11029
11716
11955
11728
11036
9898
8351
6451
4267
1882
-610
-3114
-5530
-7759
-9711
-11304
-12472
-13163
-13345
-13005
-12152
-10817
-9046
-6909
-4485
-1871
832
3519
6082
8421
10441
12062
13219
13866
13975
13543
12584
11137
9258
7021
4513
1834
-912
-3619
-6182
-8500
-10484
-12061
-13169
-13770
-13841
-13385
-12422
-10992
-9155
-6982
-4561
-1986
642
3226
5666
7872
9762
11270
12342
12945
13061
12692
11859
10599
8964
7021
4846
2521
136
-2222
-4469
-6524
-8317
-9786
-10886
-11582
-11858
-11711
-11153
-10212
-8927
-7349
-5539
-3563
-1492
600
2645
4571
6317
7827
9054
9961
10525
10731
10578
10075
9244
8115
6729
5132
3378
1523
-370
-2244
-4039
-5699
-7170
-8407
-9372
-10033
-10369
-10368
-10030
-9362
-8383
-7123
-5619
-3916
-2068
-132
1828
3752
5574
7232
8668
9831
10675
11167
11282
11008
10347
9314
7936
6254
4320
2197
-43
-2324
-4564
-6681
-8595
-10231
-11524
-12418
-12869
-12852
-12357
-11391
-9981
-8170
-6018
-3599
-1001
1679
4342
6883
9203
11206
12808
13939
14546
14595
14075
12996
11391
9315
6843
4068
1094
-1959
-4974
-7827
-10401
-12588
-14294
-15445
-15985
-15886
-15144
-13782
-11849
-9417
-6582
-3456
-165
3157
6373
9350
11961
14095
15661
16588
16833
16383
15251
13481
11144
8334
5168
1777
-1695
-5105
-8306
-11163
-13553
-15374
-16546
-17019
-16772
-15812
-14182
-11950
-9211
-6084
-2701
789
4238
7496
10423
12892
14797
16056
16615
16451
15575
14025
11871
9211
6162
2859
-549
-3915
-7088
-9929
-12314
-14139
-15326
-15824
-15616
-14713
-13161
-11032
-8425
-5460
-2272
992
4187
7167
9799
11966
13571
14546
14850
14472
13436
11791
9619
7021
4120
1053
-2039
-5012
-7730
-10068
-11919
-13200
-13856
-13857
-13210
-11946
-10129
-7846
-5208
-2340
621
3537
6270
8691
10687
12165
13058
13325
12955
11968
10413
8365
5922
3203
336
-2540
-5290
-7783
-9899
-11539
-12623
-13102
-12952
-12181
-10825
-8949
-6643
-4017
-1195
1687
4494
7090
9352
11172
12461
13158
13229
12669
11503
9786
7599
5043
2240
-678
-3573
-6308
-8752
-10790
-12324
-13280
-13612
-13302
-12364
-10840
-8800
-6341
-3575
-634
2345
5223
7863
10142
11950
13204
13843
13835
13181
11909
10080
7776
5106
2195
-821
-3804
-6611
-9113
-11192
-12750
-13716
0
0
0
0
0
0
0
0
0
0
0
0
0
0
0
0
0
0
0
0
0
0
0
0
0
0
0
0
0
0
0
0
0
0
0
0
0
0
0
0
0
0
0
0
0
0
0
0
0
0
0
0
0
0
0
0
0
0
0
0
0
0
0
0
0
0
0
14043
13752
12893
11503
9640
7383
4830
2088
-726
-3496
-6104
-8443
-10415
-11942
-12963
-13440
-13357
-12726
-11578
-9968
-7969
-5671
-3173
-585
1983
4426
6642
8542
10052
11118
11703
11793
11395
10538
9270
7654
5767
3697
1536
-620
-2682
-4565
-6195
-7511
-8468
-9038
-9212
-8998
-8420
-7519
-6348
-4970
-3454
-1872
-298
1200
2561
3732
4672
5352
5759
5892
5763
5397
4828
4099
3258
2354
1438
556
-249
-943
-1501
-1905
-2151
-2243
-2192
-2022
-1759
-1436
-1086
-743
-439
-201
-50
1
-51
-206
-450
-763
-1119
-1487
-1833
-2122
-2321
-2402
-2340
-2121
-1739
-1197
-509
298
1195
2139
3082
3975
4765
5404
5846
6054
6000
5668
5053
4168
3037
1698
201
-1392
-3014
-4592
-6052
-7320
-8332
-9030
-9369
-9318
-8864
-8011
-6782
-5217
-3374
-1323
850
3059
5205
7194
8936
10347
11359
11917
11987
11553
10624
9229
7417
5258
2837
254
-2383
-4965
-7380
-9523
-11299
-12626
-13445
-13713
-13412
-12551
-11159
-9291
-7021
-4442
-1661
1205
4038
6717
9129
11172
12758
13819
14310
14209
13521
12274
10522
8337
5814
3058
186
-2680
-5422
-7926
-10086
-11815
-13044
-13726
-13835
-13374
-12367
-10862
-8927
-6649
-4128
-1472
1204
3790
6178
8271
9987
11259
12044
12318
12079
11349
10168
8598
6712
4599
2353
73
-2145
-4209
-6036
-7556
-8714
-9473
-9815
-9739
-9264
-8425
-7272
-5867
-4281
-2590
-872
797
2349
3720
4861
5733
6313
6592
6575
6281
5741
4997
4096
3092
2039
992
0
-893
-1653
-2252
-2675
-2918
-2987
-2897
-2671
-2340
-1939
-1503
-1068
-669
-334
-84
63
103
39
-118
-351
-634
-937
-1228
-1473
-1641
-1704
-1641
-1437
-1088
-596
21
743
1537
2362
3174
3926
4570
5060
5355
5424
5244
4801
4099
3152
1988
649
-814
-2340
-3861
-5305
-6602
-7683
-8487
-8963
-9073
-8794
-8120
-7063
-5653
-3939
-1982
140
2340
4526
6599
8467
10039
11239
12000
12278
12044
11293
10043
8334
6227
3800
1151
-1612
-4376
-7021
-9432
-11502
-13134
-14250
-14793
-14727
-14045
-12763
-10926
-8601
-5878
-2866
311
3524
6637
9518
12043
14100
15597
16464
16658
16162
14991
13186
10816
7975
4778
1355
-2151
-5598
-8838
-11737
-14169
-16031
-17242
-17748
-17523
-16573
-14934
-12671
-9877
-6665
-3167
472
4102
7571
10737
13465
15643
17180
18010
18100
17444
16070
14035
11424
8344
4923
1303
-2364
-5929
-9245
-12173
-14595
-16411
-17549
-17962
-17636
-16587
-14861
-12532
-9697
-6475
-3002
578
4119
7475
10507
13093
15129
16533
17252
17260
16561
15187
13199
10683
7745
4508
1108
-2314
-5620
-8673
-11350
-13544
-15169
-16161
-16485
-16132
-15121
-13499
-11337
-8727
-5779
-2617
628
3824
6840
9554
11858
13659
14889
15501
15476
14818
13559
11755
9483
6841
3937
892
-2167
-5118
-7841
-10225
-12176
-13617
-14493
-14771
-14445
-13530
-12068
-10121
-7771
-5116
-2266
662
3549
6278
8739
10832
12475
13601
14167
14152
13559
12414
10765
8680
6246
3562
737
-2111
-4870
-7426
-9675
-11526
-12905
-13755
-14043
-13755
-12905
-11526
-9675
-7426
-4870
-2111
737
3562
6246
8680
10765
12414
13559
14152
14167
13601
12475
10832
8739
6278
3549
662
-2266
-5116
-7771
-10121
-12068
-13530
-14445
-14771
-14493
-13617
-12176
-10225
-7841
-5118
-2167
892
3937
6841
9483
11755
13559
14818
15476
15501
14889
13659
11858
9554
6840
3824
628
-2617
-5779
-8727
-11337
-13499
-15121
-16132
-16485
-16161
-15169
-13544
-11350
-8673
-5620
-2314
1108
4508
7745
10683
13199
15187
16561
17260
17252
16533
15129
13093
10507
7475
4119
578
-3002
-6475
-9697
-12532
-14861
-16587
-17636
-17962
-17549
-16411
-14595
-12173
-9245
-5929
-2364
1303
4923
8344
11424
14035
16070
17444
18100
18010
17180
15643
13465
10737
7571
4102
472
-3167
-6665
-9877
-12671
-14934
-16573
-17523
-17748
-17242
-16031
-14169
-11737
-8838
-5598
-2151
1355
4778
7975
10816
13186
14991
16162
16658
16464
15597
14100
12043
9518
6637
3524
311
-2866
-5878
-8601
-10926
-12763
-14045
-14727
-14793
-14250
-13134
-11502
-9432
-7021
-4376
-1612
1151
3800
6227
8334
10043
11293
12044
12278
12000
11239
10039
8467
6599
4526
2340
140
-1982
-3939
-5653
-7063
-8120
-8794
-9073
-8963
-8487
-7683
-6602
-5305
-3861
-2340
-814
649
1988
3152
4099
4801
5244
5424
5355
5060
4570
3926
3174
2362
1537
743
21
-596
-1088
-1437
-1641
-1704
-1641
-1473
-1228
-937
-634
-351
-118
39
103
63
-84
-334
-669
-1068
-1503
-1939
-2340
-2671
-2897
-2987
-2918
-2675
-2252
-1653
-893
0
992
2039
3092
4096
4997
5741
6281
6575
6592
6313
5733
4861
3720
2349
797
-872
-2590
-4281
-5867
-7272
-8425
-9264
-9739
-9815
-9473
-8714
-7556
-6036
-4209
-2145
73
2353
4599
6712
8598
10168
11349
12079
12318
12044
11259
9987
8271
6178
3790
1204
-1472
-4128
-6649
-8927
-10862
-12367
-13374
-13835
-13726
-13044
-11815
-10086
-7926
-5422
-2680
186
3058
5814
8337
10522
12274
13521
14209
14310
13819
12758
11172
9129
6717
4038
1205
-1661
-4442
-7021
-9291
-11159
-12551
-13412
-13713
-13445
-12626
-11299
-9523
-7380
-4965
-2383
254
2837
5258
7417
9229
10624
11553
11987
11917
11359
10347
8936
7194
5205
3059
850
-1323
-3374
-5217
-6782
-8011
-8864
-9318
-9369
-9030
-8332
-7320
-6052
-4592
-3014
-1392
201
1698
3037
4168
5053
5668
6000
6054
5846
5404
4765
3975
3082
2139
1195
298
-509
-1197
-1739
-2121
-2340
-2402
-2321
-2122
-1833
-1487
-1119
-763
-450
-206
-51
1
-50
-201
-439
-743
-1086
-1436
-1759
-2022
-2192
-2243
-2151
-1905
-1501
-943
-249
556
1438
2354
3258
4099
4828
5397
5763
5892
5759
5352
4672
3732
2561
1200
-298
-1872
-3454
-4970
-6348
-7519
-8420
-8998
-9212
-9038
-8468
-7511
-6195
-4565
-2682
-620
1536
3697
5767
7654
9270
10538
11395
11793
11703
11118
10052
8542
6642
4426
1983
-585
-3173
-5671
-7969
-9968
-11578
-12726
-13357
-13440
-12963
-11942
-10415
-8443
-6104
-3496
-726
2088
4830
7383
9640
11503
12893
13752
0
0
0
0
0
0
0
0
0
0
0
0
0
0
0
0
0
0
0
0
0
0
0
0
0
0
0
0
0
0
0
0
0
0
0
0
0
0
0
0
0
0
0
0
0
0
0
0
0
0
0
0
0
0
0
0
0
0
0
0
0
0
0
0
0
0
0
4681
4621
4443
4150
3748
3243
2645
1965
1219
422
-405
-1245
-2074
-2868
-3604
-4257
-4805
-5225
-5498
-5609
-5546
-5303
-4880
-4281
-3519
-2612
-1585
-468
703
1891
3053
4147
5131
5964
6611
7041
7231
7166
6839
6254
5424
4374
3137
1753
271
-1254
-2768
-4211
-5527
-6663
-7570
-8210
-8553
-8578
-8280
-7664
-6748
-5564
-4152
-2564
-860
896
2638
4297
5807
7109
8150
8887
9289
9339
9032
8379
7402
6139
4639
2958
1162
-679
-2494
-4212
-5767
-7098
-8155
-8897
-9296
-9340
-9028
-8374
-7407
-6167
-4702
-3073
-1343
418
2145
3770
5233
6480
7465
8157
8533
8584
8314
7740
6890
5801
4520
3100
1596
68
-1426
-2833
-4103
-5192
-6065
-6698
-7074
-7188
-7044
-6658
-6052
-5254
-4302
-3234
-2093
-921
239
1349
2375
3284
4052
4662
5101
5363
5450
5368
5128
4746
4240
3632
2944
2199
1419
627
-156
-914
-1629
-2286
-2873
-3380
-3798
-4120
-4341
-4458
-4468
-4371
-4166
-3855
-3444
-2936
-2340
-1666
-927
-138
683
1516
2338
3126
3854
4496
5028
5426
5670
5742
5630
5328
4835
4158
3311
2314
1196
-8
-1261
-2518
-3734
-4861
-5853
-6668
-7268
-7621
-7705
-7506
-7021
-6259
-5239
-3993
-2561
-993
654
2319
3937
5443
6776
7880
8704
9210
9371
9174
8618
7718
6504
5017
3313
1454
-486
-2434
-4312
-6043
-7558
-8792
-9695
-10226
-10361
-10092
-9425
-8384
-7009
-5353
-3479
-1464
614
2672
4628
6403
7927
9138
9988
10444
10489
10123
9362
8237
6796
5099
3216
1221
-801
-2774
-4618
-6260
-7638
-8701
-9410
-9743
-9692
-9266
-8489
-7397
-6040
-4477
-2774
-1001
768
2467
4029
5397
6522
7368
7911
8138
8052
7667
7008
6111
5021
3786
2461
1100
-242
-1518
-2682
-3696
-4531
-5165
-5587
-5795
-5795
-5601
-5233
-4718
-4083
-3362
-2584
-1781
-981
-208
516
1176
1761
2263
2680
3013
3265
3441
3547
3590
3575
3507
3387
3217
2996
2721
2389
1998
1543
1025
445
-191
-877
-1599
-2340
-3077
-3786
-4438
-5003
-5451
-5751
-5876
-5806
-5522
-5018
-4293
-3356
-2229
-942
465
1944
3441
4894
6242
7421
8373
9044
9390
9378
8990
8220
7083
5605
3834
1829
-336
-2579
-4808
-6928
-8846
-10472
-11727
-12542
-12868
-12671
-11943
-10695
-8963
-6803
-4294
-1531
1375
4308
7141
9752
12024
13849
15140
15825
15862
15232
13945
12042
9589
6678
3425
-39
-3571
-7021
-10238
-13081
-15421
-17146
-18173
-18444
-17935
-16654
-14644
-11978
-8763
-5126
-1220
2791
6738
10448
13757
16518
18604
19916
20388
19990
18729
16649
13831
10390
6468
2231
-2140
-6459
-10535
-14190
-17261
-19610
-21127
-21741
-21417
-20162
-18024
-15090
-11482
-7353
-2881
1741
6314
10636
14516
17782
20288
21920
22602
22299
21020
18817
15781
12044
7767
3134
-1649
-6376
-10837
-14835
-18191
-20757
-22417
-23094
-22757
-21417
-19132
-15999
-12155
-7769
-3033
1843
6646
11162
15191
18555
21102
22719
23334
22918
21488
19107
15878
11945
7481
2684
-2234
-7056
-11566
-15567
-18878
-21355
-22886
-23405
-22886
-21355
-18878
-15567
-11566
-7056
-2234
2684
7481
11945
15878
19107
21488
22918
23334
22719
21102
18555
15191
11162
6646
1843
-3033
-7769
-12155
-15999
-19132
-21417
-22757
-23094
-22417
-20757
-18191
-14835
-10837
-6376
-1649
3134
7767
12044
15781
18817
21020
22299
22602
21920
20288
17782
14516
10636
6314
1741
-2881
-7353
-11482
-15090
-18024
-20162
-21417
-21741
-21127
-19610
-17261
-14190
-10535
-6459
-2140
2231
6468
10390
13831
16649
18729
19990
20388
19916
18604
16518
13757
10448
6738
2791
-1220
-5126
-8763
-11978
-14644
-16654
-17935
-18444
-18173
-17146
-15421
-13081
-10238
-7021
-3571
-39
3425
6678
9589
12042
13945
15232
15862
15825
15140
13849
12024
9752
7141
4308
1375
-1531
-4294
-6803
-8963
-10695
-11943
-12671
-12868
-12542
-11727
-10472
-8846
-6928
-4808
-2579
-336
1829
3834
5605
7083
8220
8990
9378
9390
9044
8373
7421
6242
4894
3441
1944
465
-942
-2229
-3356
-4293
-5018
-5522
-5806
-5876
-5751
-5451
-5003
-4438
-3786
-3077
-2340
-1599
-877
-191
445
1025
1543
1998
2389
2721
2996
3217
3387
3507
3575
3590
3547
3441
3265
3013
2680
2263
1761
1176
516
-208
-981
-1781
-2584
-3362
-4083
-4718
-5233
-5601
-5795
-5795
-5587
-5165
-4531
-3696
-2682
-1518
-242
1100
2461
3786
5021
6111
7008
7667
8052
8138
7911
7368
6522
5397
4029
2467
768
-1001
-2774
-4477
-6040
-7397
-8489
-9266
-9692
-9743
-9410
-8701
-7638
-6260
-4618
-2774
-801
1221
3216
5099
6796
8237
9362
10123
10489
10444
9988
9138
7927
6403
4628
2672
614
-1464
-3479
-5353
-7009
-8384
-9425
-10092
-10361
-10226
-9695
-8792
-7558
-6043
-4312
-2434
-486
1454
3313
5017
6504
7718
8618
9174
9371
9210
8704
7880
6776
5443
3937
2319
654
-993
-2561
-3993
-5239
-6259
-7021
-7506
-7705
-7621
-7268
-6668
-5853
-4861
-3734
-2518
-1261
-8
1196
2314
3311
4158
4835
5328
5630
5742
5670
5426
5028
4496
3854
3126
2338
1516
683
-138
-927
-1666
-2340
-2936
-3444
-3855
-4166
-4371
-4468
-4458
-4341
-4120
-3798
-3380
-2873
-2286
-1629
-914
-156
627
1419
2199
2944
3632
4240
4746
5128
5368
5450
5363
5101
4662
4052
3284
2375
1349
239
-921
-2093
-3234
-4302
-5254
-6052
-6658
-7044
-7188
-7074
-6698
-6065
-5192
-4103
-2833
-1426
68
1596
3100
4520
5801
6890
7740
8314
8584
8533
8157
7465
6480
5233
3770
2145
418
-1343
-3073
-4702
-6167
-7407
-8374
-9028
-9340
-9296
-8897
-8155
-7098
-5767
-4212
-2494
-679
1162
2958
4639
6139
7402
8379
9032
9339
9289
8887
8150
7109
5807
4297
2638
896
-860
-2564
-4152
-5564
-6748
-7664
-8280
-8578
-8553
-8210
-7570
-6663
-5527
-4211
-2768
-1254
271
1753
3137
4374
5424
6254
6839
7166
7231
7041
6611
5964
5131
4147
3053
1891
703
-468
-1585
-2612
-3519
-4281
-4880
-5303
-5546
-5609
-5498
-5225
-4805
-4257
-3604
-2868
-2074
-1245
-405
422
1219
1965
2645
3243
3748
4150
4443
4621
0
0
0
0
0
0
0
0
0
0
0
0
0
0
0
0
0
0
0
0
0
0
0
0
0
0
0
0
0
0
0
0
0
0
0
0
0
0
0
0
0
0
0
0
0
0
0
0
0
0
0
0
0
0
0
0
0
0
0
0
0
0
0
0
0
0
0
-4681
-4659
-4591
-4470
-4288
-4031
-3686
-3241
-2684
-2008
-1212
-301
711
1807
2956
4123
5263
6330
7273
8040
8583
8859
8830
8471
7769
6725
5354
3690
1779
-315
-2521
-4752
-6919
-8927
-10686
-12108
-13117
-13650
-13662
-13128
-12044
-10433
-8338
-5825
-2984
79
3249
6395
9386
12093
14393
16178
17358
17865
17659
16727
15090
12796
9924
6579
2889
-1000
-4932
-8745
-12276
-15373
-17899
-19738
-20801
-21029
-20399
-18923
-16649
-13659
-10066
-6013
-1661
2812
7223
11388
15129
18286
20723
22331
23035
22798
21621
19547
16654
13058
8904
4360
-384
-5135
-9694
-13870
-17488
-20396
-22470
-23622
-23802
-23001
-21252
-18625
-15232
-11212
-6734
-1984
2837
7531
11902
15767
18968
21372
22883
23441
23027
21663
19410
16369
12671
8475
3960
-683
-5261
-9580
-13463
-16750
-19311
-21043
-21884
-21806
-20824
-18988
-16385
-13133
-9378
-5283
-1025
3214
7258
10938
14104
16631
18422
19413
19575
18916
17475
15330
12582
9358
5806
2081
-1655
-5243
-8533
-11392
-13707
-15390
-16383
-16659
-16223
-15110
-13383
-11130
-8462
-5504
-2389
741
3755
6523
8932
10887
12315
13170
13430
13100
12212
10822
9005
6855
4476
1981
-516
-2904
-5081
-6956
-8454
-9522
-10125
-10253
-9914
-9141
-7983
-6508
-4792
-2925
-996
901
2682
4267
5589
6594
7248
7532
7445
7006
6246
5215
3971
2582
1121
-338
-1726
-2975
-4029
-4841
-5379
-5624
-5573
-5238
-4642
-3823
-2829
-1715
-539
636
1751
2751
3587
4218
4618
4768
4665
4319
3750
2989
2078
1064
0
-1061
-2067
-2966
-3715
-4277
-4625
-4744
-4628
-4284
-3728
-2988
-2101
-1108
-56
1002
2020
2949
3745
4373
4803
5016
5003
4765
4312
3666
2856
1918
894
-170
-1229
-2236
-3149
-3927
-4540
-4961
-5175
-5173
-4957
-4539
-3937
-3176
-2291
-1318
-297
728
1720
2637
3445
4113
4616
4938
5068
5003
4750
4321
3734
3013
2188
1291
356
-582
-1490
-2336
-3089
-3725
-4223
-4568
-4750
-4764
-4614
-4307
-3854
-3273
-2585
-1813
-985
-128
730
1562
2340
3040
3639
4119
4464
4663
4709
4601
4341
3937
3399
2745
1994
1168
294
-599
-1486
-2336
-3120
-3811
-4384
-4817
-5093
-5199
-5128
-4877
-4451
-3860
-3122
-2258
-1296
-267
791
1845
2853
3779
4587
5243
5719
5994
6052
5885
5495
4890
4090
3119
2012
808
-449
-1711
-2929
-4056
-5044
-5853
-6447
-6799
-6890
-6713
-6270
-5574
-4649
-3528
-2254
-876
552
1974
3332
4569
5635
6483
7077
7391
7407
7124
6551
5707
4627
3354
1937
437
-1086
-2569
-3949
-5169
-6177
-6931
-7397
-7557
-7402
-6940
-6188
-5181
-3959
-2576
-1089
435
1935
3345
4606
5663
6472
7000
7225
7139
6748
6072
5140
3996
2692
1285
-160
-1582
-2917
-4108
-5102
-5859
-6346
-6545
-6451
-6070
-5424
-4546
-3477
-2268
-977
335
1611
2790
3821
4657
5263
5612
5694
5507
5064
4390
3519
2496
1371
200
-960
-2054
-3031
-3843
-4454
-4835
-4972
-4859
-4504
-3928
-3161
-2242
-1219
-143
932
1952
2867
3630
4204
4560
4681
4560
4204
3630
2867
1952
932
-143
-1219
-2242
-3161
-3928
-4504
-4859
-4972
-4835
-4454
-3843
-3031
-2054
-960
200
1371
2496
3519
4390
5064
5507
5694
5612
5263
4657
3821
2790
1611
335
-977
-2268
-3477
-4546
-5424
-6070
-6451
-6545
-6346
-5859
-5102
-4108
-2917
-1582
-160
1285
2692
3996
5140
6072
6748
7139
7225
7000
6472
5663
4606
3345
1935
435
-1089
-2576
-3959
-5181
-6188
-6940
-7402
-7557
-7397
-6931
-6177
-5169
-3949
-2569
-1086
437
1937
3354
4627
5707
6551
7124
7407
7391
7077
6483
5635
4569
3332
1974
552
-876
-2254
-3528
-4649
-5574
-6270
-6713
-6890
-6799
-6447
-5853
-5044
-4056
-2929
-1711
-449
808
2012
3119
4090
4890
5495
5885
6052
5994
5719
5243
4587
3779
2853
1845
791
-267
-1296
-2258
-3122
-3860
-4451
-4877
-5128
-5199
-5093
-4817
-4384
-3811
-3120
-2336
-1486
-599
294
1168
1994
2745
3399
3937
4341
4601
4709
4663
4464
4119
3639
3040
2340
1562
730
-128
-985
-1813
-2585
-3273
-3854
-4307
-4614
-4764
-4750
-4568
-4223
-3725
-3089
-2336
-1490
-582
356
1291
2188
3013
3734
4321
4750
5003
5068
4938
4616
4113
3445
2637
1720
728
-297
-1318
-2291
-3176
-3937
-4539
-4957
-5173
-5175
-4961
-4540
-3927
-3149
-2236
-1229
-170
894
1918
2856
3666
4312
4765
5003
5016
4803
4373
3745
2949
2020
1002
-56
-1108
-2101
-2988
-3728
-4284
-4628
-4744
-4625
-4277
-3715
-2966
-2067
-1061
0
1064
2078
2989
3750
4319
4665
4768
4618
4218
3587
2751
1751
636
-539
-1715
-2829
-3823
-4642
-5238
-5573
-5624
-5379
-4841
-4029
-2975
-1726
-338
1121
2582
3971
5215
6246
7006
7445
7532
7248
6594
5589
4267
2682
901
-996
-2925
-4792
-6508
-7983
-9141
-9914
-10253
-10125
-9522
-8454
-6956
-5081
-2904
-516
1981
4476
6855
9005
10822
12212
13100
13430
13170
12315
10887
8932
6523
3755
741
-2389
-5504
-8462
-11130
-13383
-15110
-16223
-16659
-16383
-15390
-13707
-11392
-8533
-5243
-1655
2081
5806
9358
12582
15330
17475
18916
19575
19413
18422
16631
14104
10938
7258
3214
-1025
-5283
-9378
-13133
-16385
-18988
-20824
-21806
-21884
-21043
-19311
-16750
-13463
-9580
-5261
-683
3960
8475
12671
16369
19410
21663
23027
23441
22883
21372
18968
15767
11902
7531
2837
-1984
-6734
-11212
-15232
-18625
-21252
-23001
-23802
-23622
-22470
-20396
-17488
-13870
-9694
-5135
-384
4360
8904
13058
16654
19547
21621
22798
23035
22331
20723
18286
15129
11388
7223
2812
-1661
-6013
-10066
-13659
-16649
-18923
-20399
-21029
-20801
-19738
-17899
-15373
-12276
-8745
-4932
-1000
2889
6579
9924
12796
15090
16727
17659
17865
17358
16178
14393
12093
9386
6395
3249
79
-2984
-5825
-8338
-10433
-12044
-13128
-13662
-13650
-13117
-12108
-10686
-8927
-6919
-4752
-2521
-315
1779
3690
5354
6725
7769
8471
8830
8859
8583
8040
7273
6330
5263
4123
2956
1807
711
-301
-1212
-2008
-2684
-3241
-3686
-4031
-4288
-4470
-4591
-4659
0
0
0
0
0
0
0
0
0
0
0
0
0
0
0
0
0
0
0
0
0
0
0
0
0
0
0
0
0
0
0
0
0
0
0
0
0
0
0
0
0
0
0
0
0
0
0
0
0
0
0
0
0
0
0
0
0
0
0
0
0
0
0
0
0
0
0
14043
13716
12753
11198
9122
6623
3815
830
-2194
-5117
-7804
-10130
-11988
-13290
-13977
-14017
-13409
-12179
-10386
-8113
-5463
-2560
460
3462
6305
8857
11003
12643
13702
14131
13912
13055
11600
9614
7189
4437
1484
-1533
-4478
-7216
-9621
-11586
-13021
-13861
-14071
-13643
-12597
-10984
-8878
-6378
-3597
-664
2288
5126
7721
9957
11735
12977
13629
13667
13092
11934
10249
8117
5638
2925
104
-2698
-5356
-7751
-9778
-11349
-12399
-12885
-12792
-12132
-10940
-9276
-7221
-4872
-2340
259
2809
5195
7312
9069
10393
11232
11555
11359
10660
9500
7941
6060
3950
1711
-552
-2737
-4746
-6492
-7900
-8915
-9501
-9640
-9340
-8625
-7540
-6146
-4516
-2734
-887
935
2649
4176
5450
6420
7048
7317
7226
6793
6052
5050
3847
2510
1113
-271
-1573
-2729
-3684
-4397
-4838
-4995
-4871
-4482
-3861
-3050
-2102
-1076
-33
964
1860
2602
3150
3474
3557
3398
3008
2413
1650
767
-182
-1140
-2045
-2841
-3475
-3905
-4099
-4037
-3714
-3140
-2340
-1351
-222
987
2213
3387
4442
5315
5951
6305
6345
6056
5437
4507
3298
1862
260
-1434
-3142
-4779
-6263
-7515
-8467
-9061
-9256
-9028
-8373
-7307
-5865
-4102
-2088
90
2340
4561
6651
8513
10054
11198
11883
12066
11725
10864
9507
7703
5520
3046
381
-2359
-5061
-7605
-9878
-11777
-13214
-14117
-14440
-14159
-13275
-11819
-9842
-7421
-4653
-1649
1465
4562
7510
10184
12469
14264
15490
16090
16034
15318
13967
12030
9585
6728
3574
253
-3101
-6350
-9362
-12010
-14185
-15797
-16779
-17088
-16710
-15660
-13977
-11731
-9010
-5925
-2600
832
4233
7466
10403
12926
14936
16353
17122
17216
16632
15395
13559
11196
8404
5294
1989
-1378
-4677
-7779
-10564
-12926
-14775
-16043
-16686
-16684
-16042
-14789
-12980
-10688
-8006
-5039
-1905
1276
4383
7298
9914
12134
13878
15086
15718
15757
15208
14098
12474
10403
7967
5260
2385
-548
-3434
-6165
-8643
-10781
-12505
-13756
-14495
-14700
-14370
-13523
-12195
-10440
-8325
-5929
-3342
-657
2027
4617
7021
9155
10945
12332
13269
13728
13695
13176
12193
10783
8999
6906
4579
2102
-436
-2948
-5345
-7543
-9465
-11044
-12226
-12970
-13250
-13059
-12403
-11307
-9809
-7963
-5835
-3501
-1043
1449
3889
6187
8262
10038
11452
12450
12997
13072
12671
11808
10514
8833
6829
4572
2146
-359
-2853
-5242
-7438
-9358
-10929
-12093
-12806
-13038
-12782
-12045
-10855
-9257
-7311
-5090
-2679
-170
2340
4756
6985
8941
10548
11746
12486
12743
12506
11787
10613
9034
7111
4922
2553
100
-2340
-4672
-6802
-8649
-10138
-11214
-11836
-11983
-11652
-10861
-9645
-8056
-6164
-4047
-1795
500
2745
4847
6722
8297
9509
10314
10685
10611
10103
9189
7912
6333
4522
2560
532
-1474
-3376
-5092
-6554
-7704
-8499
-8912
-8933
-8570
-7847
-6805
-5496
-3983
-2340
-642
1033
2612
4026
5214
6128
6734
7011
6956
6580
5910
4983
3852
2575
1217
-152
-1469
-2669
-3697
-4505
-5058
-5336
-5329
-5044
-4502
-3734
-2786
-1709
-561
595
1700
2695
3529
4157
4548
4681
4548
4157
3529
2695
1700
595
-561
-1709
-2786
-3734
-4502
-5044
-5329
-5336
-5058
-4505
-3697
-2669
-1469
-152
1217
2575
3852
4983
5910
6580
6956
7011
6734
6128
5214
4026
2612
1033
-642
-2340
-3983
-5496
-6805
-7847
-8570
-8933
-8912
-8499
-7704
-6554
-5092
-3376
-1474
532
2560
4522
6333
7912
9189
10103
10611
10685
10314
9509
8297
6722
4847
2745
500
-1795
-4047
-6164
-8056
-9645
-10861
-11652
-11983
-11836
-11214
-10138
-8649
-6802
-4672
-2340
100
2553
4922
7111
9034
10613
11787
12506
12743
12486
11746
10548
8941
6985
4756
2340
-170
-2679
-5090
-7311
-9257
-10855
-12045
-12782
-13038
-12806
-12093
-10929
-9358
-7438
-5242
-2853
-359
2146
4572
6829
8833
10514
11808
12671
13072
12997
12450
11452
10038
8262
6187
3889
1449
-1043
-3501
-5835
-7963
-9809
-11307
-12403
-13059
-13250
-12970
-12226
-11044
-9465
-7543
-5345
-2948
-436
2102
4579
6906
8999
10783
12193
13176
13695
13728
13269
12332
10945
9155
7021
4617
2027
-657
-3342
-5929
-8325
-10440
-12195
-13523
-14370
-14700
-14495
-13756
-12505
-10781
-8643
-6165
-3434
-548
2385
5260
7967
10403
12474
14098
15208
15757
15718
15086
13878
12134
9914
7298
4383
1276
-1905
-5039
-8006
-10688
-12980
-14789
-16042
-16684
-16686
-16043
-14775
-12926
-10564
-7779
-4677
-1378
1989
5294
8404
11196
13559
15395
16632
17216
17122
16353
14936
12926
10403
7466
4233
832
-2600
-5925
-9010
-11731
-13977
-15660
-16710
-17088
-16779
-15797
-14185
-12010
-9362
-6350
-3101
253
3574
6728
9585
12030
13967
15318
16034
16090
15490
14264
12469
10184
7510
4562
1465
-1649
-4653
-7421
-9842
-11819
-13275
-14159
-14440
-14117
-13214
-11777
-9878
-7605
-5061
-2359
381
3046
5520
7703
9507
10864
11725
12066
11883
11198
10054
8513
6651
4561
2340
90
-2088
-4102
-5865
-7307
-8373
-9028
-9256
-9061
-8467
-7515
-6263
-4779
-3142
-1434
260
1862
3298
4507
5437
6056
6345
6305
5951
5315
4442
3387
2213
987
-222
-1351
-2340
-3140
-3714
-4037
-4099
-3905
-3475
-2841
-2045
-1140
-182
767
1650
2413
3008
3398
3557
3474
3150
2602
1860
964
-33
-1076
-2102
-3050
-3861
-4482
-4871
-4995
-4838
-4397
-3684
-2729
-1573
-271
1113
2510
3847
5050
6052
6793
7226
7317
7048
6420
5450
4176
2649
935
-887
-2734
-4516
-6146
-7540
-8625
-9340
-9640
-9501
-8915
-7900
-6492
-4746
-2737
-552
1711
3950
6060
7941
9500
10660
11359
11555
11232
10393
9069
7312
5195
2809
259
-2340
-4872
-7221
-9276
-10940
-12132
-12792
-12885
-12399
-11349
-9778
-7751
-5356
-2698
104
2925
5638
8117
10249
11934
13092
13667
13629
12977
11735
9957
7721
5126
2288
-664
-3597
-6378
-8878
-10984
-12597
-13643
-14071
-13861
-13021
-11586
-9621
-7216
-4478
-1533
1484
4437
7189
9614
11600
13055
13912
14131
13702
12643
11003
8857
6305
3462
460
-2560
-5463
-8113
-10386
-12179
-13409
-14017
-13977
-13290
-11988
-10130
-7804
-5117
-2194
830
3815
6623
9122
11198
12753
13716
0
0
0
0
0
0
0
0
0
0
0
0
0
0
0
0
0
0
0
0
0
0
0
0
0
0
0
0
0
0
0
0
0
0
0
0
0
0
0
0
0
0
0
0
0
0
0
0
0
0
0
0
0
0
0
0
0
0
0
0
0
0
0
0
0
0
0
4681
4582
4292
3822
3195
2440
1590
684
-236
-1132
-1964
-2695
-3297
-3744
-4022
-4123
-4047
-3803
-3410
-2889
-2270
-1585
-869
-156
518
1128
1646
2053
2337
2492
2521
2431
2238
1961
1625
1254
875
514
193
-69
-259
-370
-399
-353
-241
-79
110
305
483
618
689
680
576
372
69
-324
-793
-1314
-1860
-2397
-2889
-3301
-3597
-3747
-3723
-3509
-3096
-2484
-1686
-726
363
1538
2749
3937
5046
6013
6783
7305
7537
7448
7021
6254
5161
3773
2135
307
-1637
-3618
-5549
-7340
-8904
-10160
-11038
-11482
-11452
-10929
-9914
-8431
-6526
-4264
-1731
972
3736
6444
8974
11212
13051
14398
15180
15344
14865
13744
12011
9720
6956
3824
446
-3037
-6483
-9742
-12671
-15139
-17028
-18246
-18727
-18435
-17366
-15549
-13046
-9951
-6383
-2485
1585
5659
9564
13133
16211
18661
20369
21255
21269
20399
18670
16145
12919
9121
4903
438
-4089
-8491
-12582
-16186
-19150
-21344
-22671
-23070
-22516
-21027
-18660
-15510
-11702
-7394
-2762
2000
6697
11130
15116
18486
21099
22846
23652
23483
22346
20289
17396
13790
9622
5064
308
-4447
-9005
-13178
-16792
-19700
-21785
-22963
-23190
-22463
-20817
-18326
-15100
-11277
-7021
-2512
2061
6508
10645
14305
17339
19629
21087
21664
21344
20153
18151
15431
12116
8351
4300
134
-3971
-7848
-11338
-14304
-16632
-18235
-19061
-19091
-18338
-16848
-14699
-11994
-8856
-5425
-1851
1715
5125
8241
10941
13123
14710
15650
15924
15537
14525
12947
10887
8445
5735
2878
0
-2780
-5348
-7605
-9466
-10868
-11770
-12153
-12020
-11399
-10335
-8893
-7148
-5190
-3110
-1002
1041
2938
4614
6008
7076
7789
8136
8123
7773
7120
6212
5106
3864
2551
1229
-39
-1202
-2214
-3040
-3658
-4055
-4234
-4205
-3989
-3618
-3125
-2550
-1933
-1314
-728
-207
225
552
766
866
861
766
601
390
163
-54
-235
-357
-401
-356
-215
17
334
718
1146
1592
2025
2414
2727
2936
3017
2952
2729
2348
1813
1141
356
-512
-1424
-2340
-3214
-4000
-4658
-5147
-5436
-5500
-5327
-4911
-4263
-3399
-2352
-1160
127
1458
2774
4016
5127
6054
6751
7182
7320
7152
6678
5910
4877
3616
2178
621
-990
-2588
-4104
-5472
-6631
-7529
-8125
-8389
-8306
-7877
-7116
-6052
-4727
-3196
-1521
227
1976
3652
5184
6508
7566
8314
8720
8766
8450
7785
6799
5532
4039
2382
630
-1142
-2862
-4458
-5863
-7021
-7884
-8417
-8602
-8431
-7915
-7077
-5955
-4598
-3063
-1417
272
1934
3500
4905
6095
7021
7649
7955
7932
7585
6931
6002
4839
3495
2026
496
-1031
-2495
-3834
-4995
-5935
-6616
-7017
-7124
-6938
-6472
-5749
-4804
-3680
-2424
-1092
260
1579
2810
3904
4819
5521
5985
6197
6153
5859
5331
4596
3687
2645
1514
341
-824
-1936
-2949
-3825
-4530
-5039
-5335
-5409
-5263
-4904
-4353
-3632
-2776
-1819
-802
233
1245
2193
3040
3753
4306
4678
4856
4835
4618
4216
3646
2933
2105
1198
247
-707
-1630
-2482
-3231
-3846
-4303
-4585
-4681
-4585
-4303
-3846
-3231
-2482
-1630
-707
247
1198
2105
2933
3646
4216
4618
4835
4856
4678
4306
3753
3040
2193
1245
233
-802
-1819
-2776
-3632
-4353
-4904
-5263
-5409
-5335
-5039
-4530
-3825
-2949
-1936
-824
341
1514
2645
3687
4596
5331
5859
6153
6197
5985
5521
4819
3904
2810
1579
260
-1092
-2424
-3680
-4804
-5749
-6472
-6938
-7124
-7017
-6616
-5935
-4995
-3834
-2495
-1031
496
2026
3495
4839
6002
6931
7585
7932
7955
7649
7021
6095
4905
3500
1934
272
-1417
-3063
-4598
-5955
-7077
-7915
-8431
-8602
-8417
-7884
-7021
-5863
-4458
-2862
-1142
630
2382
4039
5532
6799
7785
8450
8766
8720
8314
7566
6508
5184
3652
1976
227
-1521
-3196
-4727
-6052
-7116
-7877
-8306
-8389
-8125
-7529
-6631
-5472
-4104
-2588
-990
621
2178
3616
4877
5910
6678
7152
7320
7182
6751
6054
5127
4016
2774
1458
127
-1160
-2352
-3399
-4263
-4911
-5327
-5500
-5436
-5147
-4658
-4000
-3214
-2340
-1424
-512
356
1141
1813
2348
2729
2952
3017
2936
2727
2414
2025
1592
1146
718
334
17
-215
-356
-401
-357
-235
-54
163
390
601
766
861
866
766
552
225
-207
-728
-1314
-1933
-2550
-3125
-3618
-3989
-4205
-4234
-4055
-3658
-3040
-2214
-1202
-39
1229
2551
3864
5106
6212
7120
7773
8123
8136
7789
7076
6008
4614
2938
1041
-1002
-3110
-5190
-7148
-8893
-10335
-11399
-12020
-12153
-11770
-10868
-9466
-7605
-5348
-2780
0
2878
5735
8445
10887
12947
14525
15537
15924
15650
14710
13123
10941
8241
5125
1715
-1851
-5425
-8856
-11994
-14699
-16848
-18338
-19091
-19061
-18235
-16632
-14304
-11338
-7848
-3971
134
4300
8351
12116
15431
18151
20153
21344
21664
21087
19629
17339
14305
10645
6508
2061
-2512
-7021
-11277
-15100
-18326
-20817
-22463
-23190
-22963
-21785
-19700
-16792
-13178
-9005
-4447
308
5064
9622
13790
17396
20289
22346
23483
23652
22846
21099
18486
15116
11130
6697
2000
-2762
-7394
-11702
-15510
-18660
-21027
-22516
-23070
-22671
-21344
-19150
-16186
-12582
-8491
-4089
438
4903
9121
12919
16145
18670
20399
21269
21255
20369
18661
16211
13133
9564
5659
1585
-2485
-6383
-9951
-13046
-15549
-17366
-18435
-18727
-18246
-17028
-15139
-12671
-9742
-6483
-3037
446
3824
6956
9720
12011
13744
14865
15344
15180
14398
13051
11212
8974
6444
3736
972
-1731
-4264
-6526
-8431
-9914
-10929
-11452
-11482
-11038
-10160
-8904
-7340
-5549
-3618
-1637
307
2135
3773
5161
6254
7021
7448
7537
7305
6783
6013
5046
3937
2749
1538
363
-726
-1686
-2484
-3096
-3509
-3723
-3747
-3597
-3301
-2889
-2397
-1860
-1314
-793
-324
69
372
576
680
689
618
483
305
110
-79
-241
-353
-399
-370
-259
-69
193
514
875
1254
1625
1961
2238
2431
2521
2492
2337
2053
1646
1128
518
-156
-869
-1585
-2270
-2889
-3410
-3803
-4047
-4123
-4022
-3744
-3297
-2695
-1964
-1132
-236
684
1590
2440
3195
3822
4292
4582
0
0
0
0
0
0
0
0
0
0
0
0
0
0
0
0
0
0
0
0
0
0
0
0
0
0
0
0
0
0
0
0
0
0
0
0
0
0
0
0
0
0
0
0
0
0
0
0
0
0
0
0
0
0
0
0
0
0
0
0
0
0
0
0
0
0
0
4681
4510
4010
3209
2156
912
-446
-1837
-3174
-4372
-5353
-6049
-6407
-6390
-5983
-5193
-4047
-2592
-895
961
2884
4773
6525
8042
9234
10022
10350
10179
9495
8310
6661
4609
2238
-350
-3041
-5708
-8225
-10467
-12319
-13679
-14467
-14628
-14133
-12984
-11212
-8878
-6073
-2908
483
3955
7355
10528
13328
15620
17291
18252
18445
17844
16457
14329
11539
8193
4428
399
-3723
-7763
-11544
-14899
-17676
-19746
-21011
-21405
-20899
-19503
-17264
-14270
-10637
-6515
-2073
2503
7021
11288
15122
18356
20850
22491
23207
22959
21753
19635
16688
13033
8820
4224
-563
-5342
-9914
-14086
-17683
-20555
-22580
-23675
-23793
-22930
-21123
-18449
-15019
-10978
-6495
-1757
3037
7690
12011
15820
18964
21315
22782
23308
22880
21520
19291
16293
12655
8532
4097
-462
-4961
-9212
-13046
-16309
-18875
-20645
-21559
-21588
-20744
-19073
-16654
-13597
-10035
-6123
-2023
2093
6058
9715
12919
15550
17509
18732
19182
18856
17783
16022
13657
10799
7571
4113
569
-2916
-6205
-9171
-11702
-13708
-15123
-15906
-16042
-15544
-14449
-12818
-10731
-8284
-5586
-2750
107
2873
5441
7717
9622
11093
12090
12588
12588
12107
11182
9866
8224
6332
4273
2132
-4
-2058
-3953
-5625
-7021
-8101
-8840
-9225
-9259
-8958
-8348
-7467
-6360
-5078
-3675
-2209
-733
699
2042
3254
4300
5154
5798
6222
6424
6409
6191
5786
5217
4510
3694
2798
1853
888
-67
-989
-1851
-2632
-3315
-3884
-4328
-4638
-4809
-4839
-4731
-4487
-4117
-3630
-3040
-2363
-1616
-821
0
824
1628
2386
3075
3672
4157
4511
4720
4774
4668
4401
3978
3412
2719
1920
1041
114
-828
-1753
-2623
-3406
-4070
-4587
-4934
-5095
-5061
-4830
-4408
-3809
-3056
-2175
-1202
-175
863
1871
2807
3630
4307
4806
5105
5192
5060
4714
4169
3446
2577
1598
552
-514
-1556
-2526
-3381
-4084
-4603
-4915
-5006
-4871
-4517
-3960
-3226
-2348
-1368
-329
718
1727
2651
3446
4074
4508
4727
4719
4487
4040
3401
2599
1673
667
-369
-1388
-2340
-3178
-3861
-4357
-4639
-4693
-4517
-4116
-3509
-2725
-1801
-780
288
1352
2361
3263
4016
4579
4925
5034
4897
4520
3916
3113
2147
1061
-92
-1260
-2388
-3419
-4305
-5001
-5472
-5692
-5648
-5337
-4771
-3973
-2975
-1823
-567
735
2025
3244
4335
5245
5931
6360
6508
6365
5935
5233
4288
3140
1838
437
-998
-2408
-3729
-4900
-5871
-6595
-7041
-7186
-7021
-6552
-5798
-4790
-3570
-2189
-706
814
2308
3712
4965
6014
6813
7329
7539
7435
7021
6315
5347
4158
2798
1325
-199
-1713
-3152
-4457
-5576
-6463
-7084
-7415
-7444
-7173
-6616
-5798
-4755
-3530
-2177
-749
692
2092
3393
4547
5508
6241
6722
6936
6878
6555
5985
5195
4219
3099
1881
613
-655
-1875
-3001
-3995
-4820
-5451
-5869
-6064
-6034
-5786
-5335
-4704
-3918
-3012
-2021
-981
68
1092
2054
2924
3676
4286
4739
5024
5137
5079
4856
4481
3968
3338
2614
1818
979
120
-729
-1547
-2308
-2991
-3577
-4050
-4397
-4609
-4681
-4609
-4397
-4050
-3577
-2991
-2308
-1547
-729
120
979
1818
2614
3338
3968
4481
4856
5079
5137
5024
4739
4286
3676
2924
2054
1092
68
-981
-2021
-3012
-3918
-4704
-5335
-5786
-6034
-6064
-5869
-5451
-4820
-3995
-3001
-1875
-655
613
1881
3099
4219
5195
5985
6555
6878
6936
6722
6241
5508
4547
3393
2092
692
-749
-2177
-3530
-4755
-5798
-6616
-7173
-7444
-7415
-7084
-6463
-5576
-4457
-3152
-1713
-199
1325
2798
4158
5347
6315
7021
7435
7539
7329
6813
6014
4965
3712
2308
814
-706
-2189
-3570
-4790
-5798
-6552
-7021
-7186
-7041
-6595
-5871
-4900
-3729
-2408
-998
437
1838
3140
4288
5233
5935
6365
6508
6360
5931
5245
4335
3244
2025
735
-567
-1823
-2975
-3973
-4771
-5337
-5648
-5692
-5472
-5001
-4305
-3419
-2388
-1260
-92
1061
2147
3113
3916
4520
4897
5034
4925
4579
4016
3263
2361
1352
288
-780
-1801
-2725
-3509
-4116
-4517
-4693
-4639
-4357
-3861
-3178
-2340
-1388
-369
667
1673
2599
3401
4040
4487
4719
4727
4508
4074
3446
2651
1727
718
-329
-1368
-2348
-3226
-3960
-4517
-4871
-5006
-4915
-4603
-4084
-3381
-2526
-1556
-514
552
1598
2577
3446
4169
4714
5060
5192
5105
4806
4307
3630
2807
1871
863
-175
-1202
-2175
-3056
-3809
-4408
-4830
-5061
-5095
-4934
-4587
-4070
-3406
-2623
-1753
-828
114
1041
1920
2719
3412
3978
4401
4668
4774
4720
4511
4157
3672
3075
2386
1628
824
0
-821
-1616
-2363
-3040
-3630
-4117
-4487
-4731
-4839
-4809
-4638
-4328
-3884
-3315
-2632
-1851
-989
-67
888
1853
2798
3694
4510
5217
5786
6191
6409
6424
6222
5798
5154
4300
3254
2042
699
-733
-2209
-3675
-5078
-6360
-7467
-8348
-8958
-9259
-9225
-8840
-8101
-7021
-5625
-3953
-2058
-4
2132
4273
6332
8224
9866
11182
12107
12588
12588
12090
11093
9622
7717
5441
2873
107
-2750
-5586
-8284
-10731
-12818
-14449
-15544
-16042
-15906
-15123
-13708
-11702
-9171
-6205
-2916
569
4113
7571
10799
13657
16022
17783
18856
19182
18732
17509
15550
12919
9715
6058
2093
-2023
-6123
-10035
-13597
-16654
-19073
-20744
-21588
-21559
-20645
-18875
-16309
-13046
-9212
-4961
-462
4097
8532
12655
16293
19291
21520
22880
23308
22782
21315
18964
15820
12011
7690
3037
-1757
-6495
-10978
-15019
-18449
-21123
-22930
-23793
-23675
-22580
-20555
-17683
-14086
-9914
-5342
-563
4224
8820
13033
16688
19635
21753
22959
23207
22491
20850
18356
15122
11288
7021
2503
-2073
-6515
-10637
-14270
-17264
-19503
-20899
-21405
-21011
-19746
-17676
-14899
-11544
-7763
-3723
399
4428
8193
11539
14329
16457
17844
18445
18252
17291
15620
13328
10528
7355
3955
483
-2908
-6073
-8878
-11212
-12984
-14133
-14628
-14467
-13679
-12319
-10467
-8225
-5708
-3041
-350
2238
4609
6661
8310
9495
10179
10350
10022
9234
8042
6525
4773
2884
961
-895
-2592
-4047
-5193
-5983
-6390
-6407
-6049
-5353
-4372
-3174
-1837
-446
912
2156
3209
4010
4510
0
0
0
0
0
0
0
0
0
0
0
0
0
0
0
0
0
0
0
0
0
0
0
0
0
0
0
0
0
0
0
0
0
0
0
0
0
0
0
0
0
0
0
0
0
0
0
0
0
0
0
0
0
0
0
0
0
0
0
0
0
0
0
0
0
0
0
