0
4278
8485
12550
16402
19973
23203
26035
28419
30314
31684
32507
32766
32456
31581
30156
28203
25758
22860
19561
15917
11991
7852
3573
-771
-5106
-9352
-13436
-17284
-20829
-24006
-26759
-29038
-30801
-32015
-32660
-32720
-32196
-31094
-29434
-27244
-24563
-21439
-17925
-14087
-9991
-5712
-1327
3083
7441
11667
15683
19415
22796
25762
28259
30239
31667
32514
32764
32412
31462
29931
27847
25247
22178
18696
14865
10755
6443
2009
-2465
-6896
-11201
-15299
-19113
-22570
-25606
-28162
-30190
-31650
-32514
-32764
-32394
-31411
-29832
-27686
-25012
-21861
-18292
-14372
-10175
-5781
-1274
3259
7733
12062
16161
19951
23359
26318
28771
30668
31973
32659
32711
32127
30919
29107
26727
23823
20452
16679
12577
8226
3711
-879
-5455
-9926
-14204
-18204
-21846
-25058
-27775
-29942
-31516
-32464
-32766
-32415
-31417
-29790
-27567
-24790
-21514
-17805
-13736
-9388
-4849
-209
4437
8997
13377
17489
21248
24578
27411
29687
31359
32393
32765
32468
31507
29899
27676
24884
21579
17828
13707
9301
4700
0
-4703
-9311
-13729
-17864
-21629
-24947
-27746
-29968
-31566
-32503
-32761
-32332
-31225
-29460
-27076
-24119
-20653
-16748
-12488
-7961
-3263
1506
6246
10856
15238
19298
22949
26112
28719
30713
32051
32702
32651
31900
30461
28366
25658
22395
18646
14492
10022
5332
524
-4298
-9029
-13567
-17811
-21669
-25055
-27896
-30127
-31699
-32577
-32739
-32182
-30916
-28967
-26379
-23206
-19519
-15397
-10932
-6222
-1372
3511
8320
12945
17284
21240
24723
27655
29968
31611
32545
32748
32214
30954
28995
26381
23169
19431
15252
10724
5950
1038
-3899
-8751
-13405
-17757
-21705
-25159
-28038
-30277
-31822
-32637
-32702
-32014
-30588
-28456
-25665
-22280
-18377
-14047
-9388
-4509
477
5455
10308
14924
19194
23018
26305
28979
30974
32243
32756
32498
31476
29711
27244
24133
20449
16280
11722
6884
1880
-3170
-8148
-12935
-17416
-21484
-25041
-28000
-30291
-31856
-32659
-32677
-31909
-30373
-28105
-25157
-21600
-17520
-13013
-8189
-3163
1941
7001
11893
16499
20705
24407
27516
29953
31659
32589
32721
32049
30590
28377
25463
21921
17836
13307
8448
3377
-1780
-6896
-11843
-16499
-20746
-24479
-27603
-30040
-31727
-32621
-32699
-31957
-30413
-28105
-25088
-21439
-17247
-12618
-7668
-2522
2689
7836
12787
17416
21605
25247
28248
30530
32035
32723
32574
31592
29801
27244
23987
20112
15718
10917
5832
595
-4660
-9798
-14685
-19194
-23208
-26622
-29345
-31307
-32455
-32757
-32206
-30813
-28614
-25665
-22043
-17841
-13169
-8148
-2911
2405
7661
12717
17440
21705
25397
28419
30689
32146
32750
32483
31352
29385
26633
23169
19084
14487
9500
4255
-1105
-6439
-11603
-16457
-20870
-24723
-27911
-30346
-31961
-32712
-32578
-31559
-29684
-27001
-23582
-19519
-14922
-9916
-4636
771
6162
11386
16301
20770
24671
27896
30354
31977
32719
32558
31498
29565
26813
23317
19172
14492
9407
4058
-1405
-6833
-12073
-16978
-21411
-25247
-28377
-30713
-32188
-32760
-32410
-31148
-29007
-26047
-22351
-18021
-13179
-7961
-2516
3003
8440
13640
18454
22745
26389
29282
31340
32503
32737
32033
30409
27913
24613
20604
16000
10932
5547
0
-5550
-10942
-16021
-20637
-24657
-27963
-30458
-32068
-32745
-32468
-31244
-29107
-26118
-22364
-17952
-13013
-7689
-2137
3479
8997
14252
19090
23367
26955
29748
31662
32640
32650
31691
29790
27003
23411
19119
14256
8965
3403
-2262
-7862
-13230
-18204
-22633
-26385
-29345
-31423
-32556
-32707
-31871
-30072
-27362
-23823
-19561
-14703
-9397
-3803
1908
7565
12994
18030
22517
26318
29316
31419
32559
32702
31841
30001
27238
23635
19302
14372
8996
3339
-2422
-8112
-13553
-18577
-23026
-26761
-29667
-31650
-32648
-32629
-31591
-29565
-26615
-22829
-18327
-13249
-7752
-2009
3799
9491
14886
19815
24120
27666
30338
32052
32751
32412
31044
28690
25423
21345
16586
11295
5642
-193
-6025
-11667
-16938
-21669
-25706
-28920
-31206
-32489
-32726
-31909
-30063
-27244
-23544
-19081
-13998
-8460
-2644
3259
9060
14569
19606
24006
27626
30346
32075
32756
32366
30916
28451
25051
20827
15917
10480
4696
-1244
-7147
-12817
-18065
-22719
-26622
-29644
-31684
-32674
-32578
-31398
-29173
-25975
-21909
-17110
-11737
-5969
0
5972
11747
17130
21941
26016
29217
31436
32596
32657
31615
29504
26395
22390
17625
12260
6476
470
-5554
-11392
-16845
-21726
-25867
-29127
-31393
-32585
-32662
-31619
-29491
-26349
-22301
-17483
-12062
-6222
-166
5898
11762
17222
22088
26191
29387
31566
32648
32597
31411
29131
25835
21636
16679
11138
5205
-912
-7001
-12847
-18244
-23003
-26955
-29960
-31912
-32739
-32412
-30940
-28374
-24803
-20353
-15179
-9465
-3413
2763
8843
14612
19863
24407
28083
30758
32334
32755
32003
30103
27124
23169
18381
12929
7010
836
-5370
-11386
-16993
-21989
-26191
-29446
-31636
-32680
-32538
-31214
-28754
-25247
-20819
-15630
-9868
-3744
2518
8692
14551
19879
24480
28184
30855
32393
32739
31880
29845
26709
22585
17625
12011
5950
-333
-6607
-12639
-18204
-23094
-27128
-30152
-32055
-32763
-32248
-30528
-27666
-23767
-18976
-13473
-7461
-1167
5173
11322
17047
22132
26385
29644
31785
32724
32427
30901
28203
24435
19738
14288
8294
1981
-4409
-10635
-16457
-21654
-26025
-29402
-31656
-32697
-32485
-31027
-28377
-24634
-19943
-14481
-8460
-2109
4324
10594
16457
21686
26077
29459
31699
32710
32451
30929
28203
24378
19601
14056
7961
1552
-4919
-11201
-17047
-22227
-26537
-29806
-31906
-32751
-32307
-30590
-27666
-23648
-18696
-13002
-6791
-309
6187
12441
18204
23246
27366
30398
32222
32762
31995
29951
26709
22398
17189
11289
4935
-1619
-8112
-14281
-19879
-24678
-28486
-31147
-32552
-32643
-31416
-28917
-25247
-20553
-15023
-8882
-2378
4225
10659
16662
21989
26421
29777
31918
32756
32254
30432
27362
23169
18024
12137
5748
-879
-7473
-13762
-19485
-24407
-28323
-31070
-32533
-32650
-31414
-28875
-25136
-20353
-14721
-8475
-1874
4807
11292
17307
22602
26955
30182
32146
32765
32010
29911
26556
22083
16679
10571
4016
-2711
-9326
-15551
-21121
-25799
-29387
-31732
-32732
-32344
-30582
-27520
-23286
-18060
-12062
-5547
1206
7911
14280
20041
24947
28786
31393
32653
32513
30975
28105
24024
18906
12972
6476
-301
-7069
-13534
-19415
-24458
-28443
-31196
-32596
-32580
-31148
-28360
-24336
-19250
-13322
-6811
0
6813
13332
19269
24364
28393
31178
32594
32578
31129
28309
24241
19103
13120
6555
-301
-7147
-13680
-19609
-24671
-28641
-31340
-32648
-32505
-30916
-27948
-23735
-18460
-12360
-5706
1206
8067
14569
20421
25359
29162
31656
32728
32328
30473
27244
22786
17298
11027
4255
-2711
-9557
-15974
-21669
-26383
-29901
-32062
-32766
-31979
-29736
-26137
-21345
-15577
-9095
-2195
4807
11593
17850
23291
27666
30771
32464
32665
31362
28614
24546
19345
13249
6538
-477
-7473
-14125
-20126
-25196
-29098
-31650
-32732
-32292
-30349
-26991
-22374
-16712
-10266
-3339
3746
10659
17076
22694
27251
30530
32377
32702
31489
28793
24740
19519
13375
6597
-494
-7565
-14281
-20323
-25404
-29282
-31772
-32753
-32178
-30072
-26533
-21729
-15887
-9285
-2238
4919
11843
18204
23695
28052
31066
32589
32548
30942
27847
23411
17845
11416
4435
-2763
-9830
-16425
-22227
-26955
-30378
-32330
-32713
-31507
-28769
-24631
-19293
-13013
-6096
1120
8285
15047
21076
26077
29802
32068
32763
31850
29372
25451
20276
14101
7230
0
-7232
-14111
-20295
-25478
-29402
-31872
-32764
-32033
-29711
-25913
-20827
-14703
-7845
-595
6688
13640
19914
25196
29220
31785
32759
32093
29819
26047
20967
14832
7950
664
-6656
-13645
-19948
-25247
-29273
-31822
-32763
-32046
-29706
-25861
-20703
-14492
-7543
-209
7138
14125
20396
25629
29557
31977
32766
31880
29363
25342
20022
13674
6622
-771
-8129
-15071
-21240
-26318
-30042
-32219
-32734
-31559
-28754
-24461
-18901
-12360
-5177
2276
9615
16457
22447
27271
30678
32489
32608
31026
27825
23169
17302
10527
3199
-4298
-11573
-18244
-23960
-28419
-31387
-32705
-32302
-30198
-26501
-21406
-15179
-8148
-684
6817
13962
20369
25700
29668
32064
32757
31710
28975
24698
19103
12488
5205
-2358
-9798
-16717
-22745
-27557
-30894
-32577
-32513
-30703
-27244
-22319
-16192
-9191
-1693
5898
13175
19743
25247
29388
31941
32765
31816
29141
24884
19276
12618
5272
-2362
-9871
-16845
-22903
-27714
-31014
-32621
-32445
-30495
-26875
-21781
-15492
-8351
-749
6896
14165
20658
26016
29942
32220
32721
31417
28377
23767
17841
10926
3403
-4310
-11787
-18613
-24407
-28847
-31684
-32759
-32010
-29476
-25298
-19707
-13013
-5590
2148
9769
16845
22980
27828
31116
32659
32366
30254
26438
21133
14635
7310
-430
-8148
-15409
-21801
-26962
-30598
-32502
-32563
-30778
-27244
-22162
-15818
-8572
-836
6950
14343
20920
26305
30190
32350
32661
31103
27762
22829
16586
9388
1649
-6187
-13670
-20369
-25898
-29936
-32249
-32702
-31267
-28024
-23161
-16955
-9766
-2009
5867
13405
20168
25762
29860
32222
32709
31291
28049
23169
16936
9711
1916
-5992
-13553
-20323
-25904
-29968
-32275
-32687
-31179
-27837
-22855
-16527
-9222
-1372
6562
14111
20829
26318
30252
32397
32623
30916
27374
22206
15718
8294
373
-7571
-15067
-21669
-26980
-30683
-32556
-32483
-30469
-26631
-21197
-14492
-6916
1077
9009
16402
22811
27851
31216
32702
32218
29790
25564
19793
12824
5078
-2978
-10856
-18080
-24210
-28873
-31785
-32766
-31757
-28816
-24119
-17952
-10689
-2772
5316
13083
20053
25799
29968
32304
32662
31017
27469
22233
15630
8064
0
-8067
-15639
-22251
-27492
-31038
-32669
-32282
-29899
-25665
-19840
-12785
-4935
3223
11185
18454
24578
29176
31960
32754
31507
28295
23317
16881
9388
1306
-6859
-14599
-21426
-26913
-30713
-32587
-32415
-30206
-26096
-20343
-13307
-5431
2789
10837
18204
24423
29100
31937
32755
31498
28244
23199
16679
9099
938
-7285
-15047
-21854
-27271
-30951
-32659
-32282
-29844
-25497
-19519
-12290
-4271
4023
12062
19330
25359
29762
32252
32670
30984
27303
21861
15008
7184
-1105
-9326
-16947
-23474
-28484
-31650
-32766
-31757
-28687
-23753
-17274
-9670
-1435
6896
14781
21705
27215
30951
32666
32248
29720
25247
19119
11737
3583
-4807
-12886
-20121
-26035
-30239
-32455
-32534
-30469
-26395
-20578
-13400
-5336
3083
11302
18775
25007
29584
32200
32681
30992
27244
21684
14679
6695
-1736
-10055
-17706
-24178
-29038
-31959
-32744
-31340
-27837
-22468
-15592
-7668
771
9163
16942
23583
28641
31772
32764
31548
28203
22955
16155
8261
-193
-8637
-16499
-23246
-28419
-31667
-32766
-31641
-28366
-23161
-16378
-8479
0
8482
16388
23178
28387
31659
32766
31633
28334
23092
16267
8323
-193
-8699
-16610
-23382
-28547
-31748
-32764
-31521
-28105
-22748
-15818
-7793
771
9287
17161
23850
28887
31923
32744
31292
27666
22114
15023
6884
-1736
-10238
-18030
-24565
-29387
-32158
-32681
-30919
-26991
-21173
-13868
-5590
3083
11543
19194
25499
30012
32414
32534
30361
26047
19895
12336
3903
-4807
-13181
-20625
-26610
-30711
-32637
-32248
-29569
-24790
-18247
-10405
-1820
6896
15124
22277
27843
31423
32760
31757
28483
23169
16196
8060
-655
-9326
-17331
-24094
-29127
-32068
-32703
-30984
-27033
-21133
-13707
-5289
3511
12062
19743
25999
30374
32552
32371
29844
25150
18630
10754
2094
-6719
-15047
-22282
-27896
-31478
-32765
-31661
-28244
-22763
-15616
-7324
1506
10228
18204
24847
29668
32313
32585
30461
26096
19809
12062
3423
-5469
-13962
-21426
-27310
-31178
-32740
-31881
-28661
-23317
-16242
-7961
912
9721
17811
24578
29519
32265
32608
30520
26157
19840
12041
3339
-5613
-14150
-21629
-27492
-31296
-32755
-31758
-28377
-22863
-15630
-7219
1736
10564
18599
25234
29968
32443
32468
30041
25342
18725
10689
1842
-7147
-15598
-22868
-28404
-31785
-32751
-31227
-27327
-21345
-13736
-5078
3969
12717
20496
26712
30887
32702
32014
28875
23522
16364
7950
-1077
-10024
-18204
-24986
-29848
-32414
-32483
-30050
-25298
-18593
-10451
-1499
7571
16058
23305
28750
31969
32711
30916
26720
20449
12587
3744
-5391
-14111
-21734
-27666
-31442
-32766
-31533
-27837
-21964
-14372
-5653
3510
12401
20323
26654
30894
32710
31957
28692
23169
15822
7226
-1941
-10958
-19113
-25762
-30378
-32596
-32237
-29328
-24096
-16955
-8469
691
9799
18132
25028
29936
32465
32412
29778
24772
17791
9388
234
-8940
-17404
-24479
-29598
-32350
-32513
-30072
-25219
-18342
-9991
-836
8388
16942
24135
29387
32275
32563
30226
25451
18620
10283
1113
-8148
-16754
-24006
-29316
-32252
-32574
-30254
-25477
-18630
-10266
-1066
8222
16845
24098
29390
32286
32549
30156
25298
18372
9941
695
-8610
-17213
-24407
-29603
-32371
-32482
-29925
-24908
-17841
-9305
0
9307
17850
24924
29942
32491
32356
29546
24293
17028
8351
-1019
-10308
-18745
-25629
-30386
-32621
-32145
-28995
-23432
-15917
-7073
2362
11603
19879
26497
30903
32728
31816
28241
22301
14491
5464
-4023
-13175
-21224
-27492
-31451
-32766
-31324
-27244
-20868
-12732
-3519
5992
15001
22745
28568
31977
32682
30619
25962
19103
10622
1238
-8253
-17047
-24394
-29668
-32420
-32412
-29643
-24347
-16973
-8148
1373
10781
19269
26112
30723
32705
31886
28334
22351
14449
5304
-4298
-13534
-21608
-27826
-31650
-32749
-31026
-26627
-19930
-11510
-2094
7504
16457
23989
29446
32355
32460
29752
24461
17046
8148
-1459
-10942
-19477
-26318
-30870
-32732
-31742
-27983
-21780
-13674
-4371
5316
14541
22496
28484
31977
32669
30495
25645
18541
9807
209
-9410
-18204
-25397
-30356
-32640
-32046
-28625
-22675
-14721
-5464
4278
13645
21806
28038
31787
32719
30748
26047
19032
10324
695
-8997
-17892
-25196
-30256
-32621
-32077
-28669
-22701
-14703
-5389
4409
13816
21989
28193
31872
32694
30582
25725
18555
9715
0
-9718
-18563
-25739
-30598
-32699
-31850
-28126
-21861
-13619
-4144
5708
15047
23026
28920
32194
32549
29951
24631
17073
7961
-1876
-11547
-20168
-26955
-31287
-32766
-31257
-26894
-20073
-11416
-1713
8148
17267
24807
30076
32589
32113
28690
22632
14492
5018
-4919
-14407
-22570
-28657
-32104
-32591
-30072
-24775
-17189
-8012
1907
11653
20323
27113
31393
32763
31094
26539
19519
10683
852
-9060
-18132
-25519
-30530
-32697
-31816
-27965
-21503
-13031
-3339
6667
16052
23938
29584
32459
32292
29097
23169
15065
5543
-4501
-14125
-22423
-28612
-32108
-32578
-29977
-24546
-16798
-7461
2582
12385
21019
27666
31694
32721
30647
25665
18247
9095
-923
-10856
-19760
-26786
-31264
-32766
-31146
-26556
-19431
-10451
-470
9557
18675
26008
30855
32749
31507
27244
20368
11537
1595
-8501
-17784
-25359
-30497
-32702
-31758
-27754
-21074
-12360
-2451
7696
17103
24860
30215
32648
31922
28105
21563
12929
3039
-7147
-16643
-24525
-30025
-32607
-32016
-28309
-21844
-13249
-3359
6859
16412
24364
29939
32588
32050
28377
21924
13322
3413
-6833
-16412
-24382
-29960
-32596
-32028
-28309
-21804
-13150
-3199
7069
16643
24578
30089
32630
31946
28105
21482
12732
2719
-7565
-17103
-24947
-30318
-32680
-31797
-27754
-20951
-12062
-1970
8320
17784
25478
30633
32732
31565
27244
20200
11134
952
-9326
-18675
-26154
-31014
-32765
-31228
-26556
-19215
-9941
333
10578
19760
26955
31436
32749
30759
25665
17979
8475
-1887
-12062
-21019
-27851
-31864
-32650
-30126
-24546
-16475
-6728
3703
13762
22423
28806
32258
32427
29291
23169
14683
4696
-5772
-15653
-23938
-29777
-32571
-32033
-28214
-21503
-12587
-2378
8077
17706
25519
30711
32748
31416
26850
19519
10175
-219
-10594
-19879
-27113
-31549
-32726
-30520
-25157
-17189
-7439
3083
13289
22119
28657
32222
32441
29289
23092
14492
4381
-6187
-16114
-24364
-30076
-32652
-31820
-27666
-20619
-11416
-1017
9491
19008
26537
31287
32757
30792
25595
17709
7961
-2625
-12939
-21894
-28547
-32194
-32451
-29286
-23032
-14346
-4144
6498
16457
24678
30291
32699
31644
27238
19943
10531
0
-10533
-19951
-27251
-31656
-32694
-30254
-24592
-16309
-6286
4409
14637
23305
29487
32519
32077
28203
21312
12137
1660
-8997
-18692
-26385
-31248
-32757
-30748
-25434
-17383
-7461
3266
13645
22556
29038
32390
32248
28625
21909
12824
2351
-8378
-18204
-26061
-31098
-32765
-30880
-25645
-17625
-7689
3083
13524
22496
29023
32393
32235
28565
21780
12618
2077
-8692
-18516
-26318
-31245
-32755
-30681
-25247
-17046
-6975
3863
14280
23132
29446
32527
32033
28015
20915
11510
836
-9932
-19609
-27125
-31650
-32682
-30103
-24198
-15616
-5304
5596
15880
24407
30232
32705
31550
26894
19250
9465
-1373
-12062
-21411
-28379
-32188
-32412
-29022
-22395
-13267
-2656
8253
18244
26197
31222
32754
30619
25054
16679
6433
-4537
-15001
-23783
-29895
-32648
-31731
-27244
-19690
-9916
976
11762
21224
28293
32170
32415
28997
22301
13080
2378
-8595
-18599
-26497
-31393
-32729
-30352
-24528
-15917
-5494
5554
15974
24578
30386
32734
31352
26395
18425
8351
-2679
-13405
-22602
-29217
-32491
-32046
-27932
-20616
-10936
0
10939
20625
27944
32055
32482
29173
22507
13249
2462
-8610
-18692
-26622
-31481
-32707
-30156
-24119
-15293
-4696
6446
16845
25296
30817
32766
30916
25477
17079
6695
-4468
-15115
-24006
-30106
-32702
-31489
-26606
-18620
-8460
2689
13528
22788
29387
32552
31909
27532
19930
9991
-1120
-12103
-21669
-28693
-32350
-32208
-28280
-21025
-11295
-234
10856
20671
28052
32127
32412
28871
21921
12379
1372
-9799
-19815
-27487
-31906
-32545
-29328
-22632
-13249
-2291
8940
19113
27016
31708
32629
29666
23169
13911
2992
-8285
-18577
-26654
-31549
-32677
-29899
-23544
-14372
-3477
7836
18214
26411
31442
32702
30037
23764
14635
3744
-7598
-18030
-26293
-31393
-32711
-30086
-23833
-14703
-3796
7571
18026
26305
31405
32707
30050
23753
14577
3632
-7754
-18204
-26446
-31479
-32688
-29925
-23522
-14256
-3253
8148
18560
26712
31608
32650
29706
23135
13736
2656
-8751
-19090
-27095
-31785
-32581
-29385
-22585
-13013
-1842
9557
19786
27585
31994
32468
28947
21861
12081
809
-10564
-20637
-28166
-32219
-32293
-28377
-20951
-10932
440
11762
21629
28819
32437
32033
27653
19840
9561
-1907
-13142
-22745
-29519
-32621
-31661
-26755
-18514
-7961
3586
14689
23960
30239
32740
31148
25658
16955
6128
-5469
-16384
-25247
-30944
-32759
-30461
-24336
-15151
-4058
7546
18204
26572
31595
32638
29565
22763
13087
1756
-9798
-20118
-27896
-32148
-32332
-28424
-20915
-10754
771
12203
22088
29171
32552
31797
27001
18769
8148
-3511
-14727
-24069
-30346
-32754
-30984
-25260
-16309
-5272
6439
17331
26008
31359
32696
29845
23169
13521
2137
-9523
-19964
-27843
-32146
-32318
-28334
-20703
-10405
1234
12717
22564
29503
32637
31559
26407
17841
6968
-4807
-15965
-25058
-30909
-32757
-30361
-24028
-14577
-3233
8533
19194
27364
31977
32433
28669
21173
10917
-762
-12345
-22321
-29387
-32619
-31592
-26438
-17828
-6884
4961
16161
25247
31028
32744
30168
23635
13998
2522
-9287
-19879
-27860
-32179
-32265
-28105
-20242
-9711
2101
13640
23382
30040
32733
31103
25362
16267
5018
-6896
-17901
-26537
-31659
-32585
-29190
-21921
-11741
0
11743
21929
29201
32589
31641
26480
17791
6728
-5233
-16499
-25566
-31222
-32709
-29826
-22955
-13013
-1327
10537
20994
28641
32450
31909
27088
18630
7668
-4324
-15739
-25041
-30976
-32744
-30105
-23411
-13561
-1880
10055
20637
28436
32397
31982
27244
18822
7852
-4182
-15653
-25007
-30974
-32743
-30072
-23319
-13400
-1660
10308
20879
28612
32455
31881
26966
18377
7282
-4807
-16245
-25468
-31216
-32702
-29720
-22675
-12528
-664
11292
21705
29147
32596
31576
26225
17274
5950
-6193
-17489
-26383
-31650
-32564
-28995
-21433
-10917
1105
12978
23064
29968
32737
30984
24950
15465
3839
-8320
-19330
-27666
-32170
-32217
-27796
-19519
-8531
3643
15314
24860
30951
32739
29972
23032
12884
938
-11141
-21669
-29176
-32613
-31498
-25982
-16835
-5332
6918
18204
26944
31912
32410
28366
20343
9465
-2743
-14569
-24351
-30713
-32759
-30198
-23387
-13283
-1306
10856
21492
29100
32604
31507
25962
16748
5166
-7147
-18454
-27152
-32008
-32332
-28076
-19840
-8789
3510
15314
24947
31038
32720
29752
22551
12140
0
-12143
-22559
-29762
-32723
-31017
-24884
-15198
-3339
8998
20053
28242
32393
31908
26854
17952
6476
-5930
-17489
-26541
-31785
-32465
-28481
-20402
-9388
2978
14918
24714
30951
32730
29790
22554
12062
-172
-12385
-22811
-29942
-32746
-30813
-24421
-14492
-2462
9926
20879
28806
32556
31581
26021
16679
4912
-7571
-18956
-27585
-32200
-32127
-27374
-18630
-7167
5342
17076
26318
31719
32485
28504
20353
9222
-3259
-15267
-25041
-31147
-32687
-29434
-21861
-11077
1334
13553
23783
30517
32764
30189
23169
12736
423
-11953
-22570
-29860
-32743
-30792
-24293
-14202
-2009
10483
21426
29201
32652
31267
25247
15482
3419
-9153
-20369
-28563
-32514
-31633
-26047
-16586
-4654
7973
19415
27967
32350
31910
26709
17520
5712
-6950
-18577
-27428
-32179
-32116
-27244
-18292
-6597
6088
17864
26962
32015
32263
27666
18910
7310
-5391
-17284
-26579
-31872
-32366
-27983
-19380
-7852
4862
16845
26287
31760
32433
28203
19707
8226
-4501
-16550
-26094
-31684
-32472
-28334
-19895
-8434
4310
16402
26003
31651
32486
28377
19946
8475
-4288
-16402
-26016
-31662
-32478
-28334
-19861
-8351
4437
16550
26133
31717
32445
28203
19638
8060
-4756
-16845
-26351
-31812
-32386
-27983
-19276
-7602
5243
17284
26666
31941
32293
27666
18769
6975
-5898
-17864
-27071
-32095
-32157
-27244
-18113
-6176
6719
18577
27557
32265
31968
26709
17302
5205
-7702
-19415
-28111
-32434
-31710
-26047
-16326
-4058
8843
20369
28719
32588
31368
25247
15179
2736
-10137
-21426
-29364
-32705
-30922
-24293
-13853
-1238
11573
22570
30025
32764
30353
23169
12339
-434
-13142
-23783
-30678
-32739
-29638
-21861
-10632
2276
14829
25041
31296
32604
28754
20353
8727
-4282
-16616
-26318
-31849
-32328
-27676
-18630
-6622
6439
18480
27585
32302
31880
26381
16679
4318
-8734
-20396
-28806
-32620
-31227
-24845
-14492
-1820
11144
22329
29942
32763
30335
23047
12062
-859
-13645
-24243
-30951
-32688
-29173
-20967
-9388
3703
16202
26094
31785
32354
27709
18593
6476
-6688
-18775
-27832
-32393
-31718
-25913
-15915
-3339
9779
21317
29402
32723
30737
23764
12933
0
-12935
-23772
-30745
-32720
-29372
-21243
-9654
3510
16105
26077
31798
32332
27590
18342
6096
-7147
-19226
-28162
-32493
-31507
-25362
-15061
-2291
10856
22227
29953
32765
30198
22670
11416
-1716
-14569
-25028
-31370
-32548
-28366
-19509
-7435
5867
18204
27539
32330
31782
25982
15887
3163
-10086
-21669
-29667
-32753
-30413
-23032
-11831
1334
14281
24860
31312
32563
28403
19519
7387
-5976
-18347
-27666
-32377
-31693
-25725
-15465
-2622
10659
22164
29968
32766
30086
22374
10917
-2369
-15261
-25599
-31650
-32396
-27709
-18372
-5950
7473
19643
28516
32596
31195
24546
13765
664
-12550
-23653
-30771
-32702
-29116
-20616
-8634
4807
17440
27128
32230
31881
26137
15968
3092
-10308
-21966
-29901
-32766
-30072
-22272
-10689
2711
15653
25937
31812
32275
27244
17574
4908
-8595
-20637
-29162
-32712
-30681
-23411
-12140
1206
14349
25041
31451
32480
27948
18630
6117
-7445
-19735
-28641
-32634
-31026
-24089
-13013
301
13567
24501
31222
32570
28309
19172
6728
-6876
-19298
-28393
-32589
-31159
-24347
-13326
0
13328
24354
31166
32585
28360
19220
6748
-6896
-19347
-28443
-32604
-31103
-24198
-13087
301
13640
24608
31294
32533
28105
18778
6176
-7504
-19879
-28786
-32669
-30847
-23635
-12290
1206
14493
25247
31583
32389
27520
17828
5008
-8692
-20870
-29387
-32745
-30352
-22624
-10917
2711
15865
26229
31977
32094
26556
16335
3233
-10442
-22277
-30182
-32757
-29546
-21112
-8944
4807
17712
27483
32390
31559
25136
14256
845
-12717
-24026
-31070
-32598
-28334
-19032
-6345
7473
19964
28903
32697
30666
23169
11540
-2148
-15456
-26008
-31918
-32127
-26596
-16309
-3103
10659
22517
30346
32741
29270
20553
8148
-5719
-18563
-28078
-32552
-31179
-24202
-12874
771
14281
25223
31625
32332
27214
17189
4062
-9798
-21894
-30040
-32762
-29565
-21025
-8682
5233
18204
27882
32514
31257
24336
13002
-691
-14262
-25247
-31650
-32307
-27094
-16955
-3732
10171
22227
30239
32747
29289
20494
7961
-6025
-18915
-28356
-32621
-30929
-23586
-11931
1907
15400
26077
31982
32033
26215
15592
2109
-11762
-23479
-30889
-32629
-28377
-18910
-5966
8077
20637
29402
32756
30080
21861
9613
-4409
-17621
-27585
-32459
-31342
-24435
-13013
816
14497
25499
31785
32188
26631
16140
2656
-11322
-23203
-30782
-32650
-28456
-18976
-5969
8148
20755
29503
32763
29925
21514
9095
-5021
-18204
-27995
-32564
-31058
-23753
-12011
1977
15598
26305
32095
31880
25698
14703
952
-12978
-24480
-31393
-32418
-27360
-17165
-3744
10381
22559
30497
32702
28754
19394
6380
-7836
-20580
-29446
-32762
-29899
-21393
-8847
5370
18577
28275
32630
30814
23169
11138
-3003
-16579
-27016
-32334
-31523
-24733
-13249
751
14612
25700
31906
32048
26096
15179
1372
-12698
-24354
-31371
-32412
-27273
-16932
-3359
10856
23003
30758
32638
28280
18514
5205
-9101
-21669
-30089
-32747
-29131
-19930
-6905
7445
20371
29387
32762
29844
21189
8460
-5898
-19125
-28673
-32702
-30433
-22301
-9868
4468
17946
27963
32585
30916
23274
11134
-3159
-16845
-27275
-32428
-31305
-24119
-12260
1977
15833
26622
32247
31615
24845
13249
-923
-14918
-26016
-32055
-31858
-25461
-14105
0
14107
25468
31864
32046
25975
14832
792
-13405
-24986
-31684
-32188
-26395
-15435
-1452
12817
24578
31525
32292
26727
15917
1981
-12345
-24250
-31393
-32366
-26976
-16280
-2378
11993
24006
31293
32415
27148
16527
2644
-11762
-23850
-31230
-32442
-27244
-16660
-2779
11653
23783
31206
32451
27267
16679
2783
-11667
-23806
-31222
-32441
-27217
-16586
-2656
11803
23919
31277
32412
27094
16378
2398
-12062
-24120
-31370
-32361
-26894
-16056
-2009
12441
24407
31496
32285
26615
15616
1488
-12939
-24777
-31650
-32178
-26251
-15055
-836
13553
25223
31826
32033
25797
14372
52
-14280
-25739
-32015
-31841
-25247
-13561
863
15115
26318
32208
31592
24592
12618
-1908
-16052
-26950
-32393
-31276
-23823
-11540
3083
17085
27622
32556
30880
22932
10324
-4384
-18204
-28323
-32682
-30389
-21909
-8965
5807
19399
29038
32755
29790
20744
7461
-7347
-20658
-29748
-32757
-29067
-19428
-5811
8997
21966
30436
32669
28203
17952
4016
-10746
-23305
-31079
-32468
-27184
-16309
-2077
12583
24657
31656
32135
25992
14491
0
-14493
-25999
-32139
-31644
-24613
-12494
2208
16457
27304
32503
30975
23032
10317
-4537
-18454
-28547
-32719
-30103
-21238
-7961
6971
20458
29694
32757
29007
19220
5431
-9491
-22439
-30713
-32587
-27666
-16973
-2736
12073
24364
31568
32177
26060
14492
-108
-14689
-26197
-32222
-31498
-24174
-11781
3083
17304
27896
32634
30520
21996
8847
-6162
-19879
-29416
-32766
-29219
-19519
-5706
9311
22368
30711
32578
27570
16743
2378
-12491
-24723
-31732
-32033
-25558
-13674
1105
15653
26888
32428
31095
23169
10328
-4707
-18745
-28806
-32750
-29736
-20402
-6728
8378
21705
30414
32650
27932
17262
2911
-12062
-24465
-31651
-32083
-25665
-13765
1077
15692
26955
32455
31012
22932
9941
-5180
-19194
-29098
-32765
-29406
-19738
-5832
9326
22486
30817
32526
27244
16102
1495
-13436
-25478
-32035
-31693
-24521
-12062
2999
17416
28078
32680
30226
21243
7668
-7565
-21167
-30192
-32685
-28105
-17438
-2992
12103
24578
31727
31995
25321
13150
-1876
-16499
-27539
-32596
-30567
-21889
-8448
6833
20630
29936
32722
28377
17845
3419
-11753
-24364
-31659
-32040
-25423
-13249
1823
16499
27568
32607
30508
21729
8189
-7147
-20920
-30108
-32693
-28105
-17347
-2779
12401
24860
31856
31850
24838
12360
-2839
-17416
-28160
-32702
-30037
-20749
-6884
8501
22013
30668
32552
27244
15915
1066
-14020
-26008
-32243
-31342
-23500
-10451
4915
19194
29220
32766
29042
18871
4509
-10856
-23813
-31479
-32147
-25665
-13473
1720
16533
27666
32637
30335
21271
7461
-8015
-21705
-30552
-32578
-27327
-15968
-1038
14125
26133
32294
31228
23169
9920
-5554
-19786
-29584
-32748
-28565
-17970
-3339
12043
24723
31849
31816
24627
11897
-3511
-18132
-28673
-32755
-29458
-19519
-5177
10334
23516
31393
32182
25702
13414
-1907
-16800
-27896
-32682
-30072
-20653
-6555
9029
22570
30997
32395
26445
14492
-751
-15827
-27310
-32589
-30461
-21406
-7481
8148
21926
30713
32507
26894
15151
-48
-15238
-26955
-32522
-30664
-21804
-7961
7702
21608
30575
32549
27076
15403
202
-15047
-26852
-32503
-30703
-21861
-8002
7696
21629
30598
32538
27001
15255
0
-15257
-27007
-32541
-30582
-21579
-7602
8129
21989
30779
32468
26664
14703
-655
-15865
-27411
-32621
-30288
-20948
-6758
8997
22672
31098
32318
26047
13736
-1763
-16855
-28038
-32713
-29790
-19946
-5464
10289
23653
31516
32046
25116
12336
-3319
-18204
-28847
-32766
-29042
-18541
-3711
11987
24889
31977
31593
23823
10480
-5316
-19871
-29777
-32711
-27983
-16697
-1495
14059
26318
32404
30885
22114
8148
-7733
-21801
-30745
-32460
-26539
-14372
1180
16457
27860
32699
29832
19930
5325
-10537
-23916
-31650
-31910
-24631
-11530
4298
19113
29409
32747
28334
17210
2009
-13670
-26112
-32365
-30942
-22178
-8148
7817
21929
30833
32412
26285
13907
-1780
-17047
-28259
-32743
-29429
-19103
-4222
11667
24777
31977
31548
23586
9991
-5992
-20546
-30192
-32619
-27244
-15350
219
15739
27492
32660
30001
20149
5464
-10533
-24006
-31719
-31816
-24270
-10892
5106
19879
29873
32681
27625
15917
373
-15261
-27221
-32621
-30156
-20416
-5748
10308
23879
31684
31836
24293
10875
-5173
-19973
-29942
-32665
-27477
-15633
0
15636
27483
32666
29925
19920
5078
-10999
-24407
-31886
-31615
-23656
-9941
6193
20824
30386
32549
26782
14487
-1341
-16845
-28242
-32749
-29262
-18630
-3445
12583
25539
32252
31078
22301
8064
-8148
-22368
-31111
-32231
-25451
-12429
3643
18824
29387
32737
28047
16465
836
-15001
-27152
-32625
-30072
-20115
-5205
10989
24479
31937
31523
23335
9388
-6876
-21447
-30723
-32412
-26092
-13322
2743
18132
29038
32759
28371
16955
1338
-14612
-26944
-32596
-30164
-20247
-5304
10958
24501
31960
31477
23169
9099
-7236
-21774
-30894
-32323
-25702
-12676
3510
18824
29446
32724
27837
16000
166
-15711
-27666
-32707
-29572
-19041
-3744
12491
25602
32304
30916
21780
7184
-9215
-23305
-31551
-31880
-24205
-10451
5930
20824
30486
32483
26311
13518
-2679
-18204
-29147
-32749
-28098
-16364
-502
15488
27574
32702
29574
18976
3583
-12717
-25806
-32371
-30748
-21345
-6538
9926
23879
31785
31636
23467
9346
-7147
-21830
-30974
-32254
-25342
-11991
4409
19692
29968
32623
26976
14462
-1736
-17495
-28798
-32764
-28377
-16752
-852
15267
27492
32699
29554
18857
3339
-13034
-26077
-32450
-30520
-20777
-5712
10817
24578
32042
31291
22515
7961
-8637
-23021
-31496
-31881
-24075
-10079
6509
21426
30833
32307
25463
12062
-4448
-19815
-30076
-32585
-26689
-13907
2465
18204
29244
32732
27762
15616
-569
-16610
-28356
-32765
-28692
-17189
-1231
15047
27428
32699
29490
18630
2932
-13528
-26478
-32552
-30168
-19943
-4530
12062
25519
32337
30737
21133
6022
-10659
-24565
-32068
-31208
-22206
-7407
9326
23628
31760
31593
23169
8686
-8070
-22719
-31423
-31903
-24028
-9858
6896
21846
31070
32147
24790
10926
-5807
-21019
-30711
-32336
-25461
-11891
4807
20244
30356
32478
26047
12755
-3899
-19528
-30012
-32581
-26556
-13521
3083
18877
29687
32654
26991
14192
-2362
-18294
-29387
-32703
-27360
-14769
1736
17784
29119
32734
27666
15255
-1206
-17349
-28887
-32752
-27913
-15652
771
16993
28695
32761
28105
15962
-434
-16717
-28547
-32765
-28244
-16186
193
16523
28443
32766
28334
16326
-48
-16412
-28387
-32766
-28374
-16382
0
0
0
0
0
0
0
0
0
0
0
0
0
0
0
0
0
0
0
0
0
0
0
0
0
0
0
0
0
0
0
0
0
0
0
0
0
0
0
0
0
0
0
0
0
0
0
0
0
0
0
0
0
0
0
0
0
0
0
0
0
0
0
0
0
0
0
0
0
0
0
0
0
0
0
0
0
0
0
0
0
0
0
0
0
0
0
0
0
0
0
0
0
0
0
0
0
0
0
0
0
0
0
0
0
0
0
0
0
0
0
0
0
0
0
0
0
0
0
0
0
0
0
0
0
0
0
0
0
0
0
0
0
0
0
0
0
0
0
0
0
0
0
0
0
0
0
0
0
0
0
0
0
0
0
0
0
0
0
0
0
0
0
0
0
0
0
0
0
0
0
0
0
0
0
0
0
0
0
0
0
0
0
0
0
0
0
0
0
0
0
0
0
0
0
0
0
0
0
0
0
0
0
0
0
0
0
0
0
0
0
0
0
0
0
0
0
0
0
0
0
0
0
0
0
0
0
0
0
0
0
0
0
0
0
0
0
0
0
0
0
0
0
0
0
0
0
0
0
0
0
0
0
0
0
0
0
0
0
0
0
0
0
0
0
0
0
0
0
0
0
0
0
0
0
0
0
0
0
0
0
0
0
0
0
0
0
0
0
0
0
0
0
0
0
0
0
0
0
0
0
0
0
0
0
0
0
0
0
0
0
0
0
0
0
0
0
0
0
0
0
0
0
0
0
0
0
0
0
0
0
0
0
0
0
0
0
0
0
0
0
0
0
0
0
0
0
0
0
0
0
0
0
0
0
0
0
0
0
0
0
0
0
0
0
0
0
0
0
0
0
0
0
0
0
0
0
0
0
0
0
0
0
0
0
0
0
0
0
0
0
0
0
0
0
0
0
0
0
0
0
0
0
0
0
0
0
0
0
0
0
0
0
0
0
0
0
0
0
0
0
0
0
0
0
0
0
0
0
0
0
0
0
0
0
0
0
0
0
0
0
0
0
0
0
0
0
0
0
0
0
0
0
0
0
0
0
0
0
0
0
0
0
0
0
0
0
0
0
0
0
0
0
0
0
0
0
0
0
0
0
0
0
0
0
0
0
0
0
0
0
0
0
0
0
0
0
0
0
0
0
0
0
0
0
0
0
0
0
0
0
0
0
0
0
0
0
0
0
0
0
0
0
0
0
0
0
0
0
0
0
0
0
0
0
0
0
0
0
0
0
0
0
0
0
0
0
0
0
0
0
0
0
0
0
0
0
0
0
0
0
0
0
0
0
0
0
0
0
0
0
0
0
0
0
0
0
0
0
0
0
0
0
0
0
0
0
0
0
0
0
0
0
0
0
0
0
0
0
0
0
0
0
0
0
0
0
0
0
0
0
0
0
0
0
0
0
0
0
0
0
0
0
0
0
0
0
0
0
0
0
0
0
0
0
0
0
0
0
0
0
0
0
0
0
0
0
0
0
0
0
0
0
0
0
0
0
0
0
0
0
0
0
0
0
0
0
0
0
0
0
0
0
0
0
0
0
0
0
0
0
0
0
0
0
0
0
0
0
0
0
0
0
0
0
0
0
0
0
0
0
0
0
0
0
0
0
0
0
0
0
0
0
0
0
0
0
0
0
0
0
0
0
0
0
0
0
0
0
0
0
0
0
0
0
0
0
0
0
0
0
0
0
0
0
0
0
0
0
0
0
0
0
0
0
0
0
0
0
0
0
0
0
0
0
0
0
0
0
0
0
0
0
0
0
0
0
0
0
0
0
0
0
0
0
0
0
0
0
0
0
0
0
0
0
0
0
0
0
0
0
0
0
0
0
0
0
0
0
0
0
0
0
0
0
0
0
0
0
0
0
0
0
0
0
0
0
0
0
0
0
0
0
0
0
0
0
0
0
0
0
0
0
0
0
0
0
0
0
0
0
0
0
0
0
0
0
0
0
0
0
0
0
0
0
0
0
0
0
0
0
0
0
0
0
0
0
0
0
0
0
0
0
0
0
0
0
0
0
0
0
0
0
0
0
0
0
0
0
0
0
0
0
0
0
0
0
0
0
0
0
0
0
0
0
0
0
0
0
0
0
0
0
0
0
0
0
0
0
0
0
0
0
0
0
0
0
0
0
0
0
0
0
0
0
0
0
0
0
0
0
0
0
0
0
0
0
0
0
0
14043
13655
12515
10683
8261
5381
2201
-1104
-4355
-7371
-9986
-12055
-13464
-14133
-14023
-13138
-11524
-9268
-6491
-3344
0
3358
6546
9387
11722
13420
14385
14558
13927
12521
10414
7718
4578
1166
-2332
-5724
-8820
-11449
-13461
-14740
-15211
-14843
-13649
-11690
-9068
-5925
-2431
1223
4837
8210
11152
13498
15112
15900
15811
14845
13048
10513
7376
3806
0
-3834
-7484
-10745
-13433
-15395
-16516
-16728
-16013
-14404
-11985
-8885
-5272
-1342
2685
6590
10152
13172
15479
16940
17469
17032
15647
13387
10373
6769
2773
-1394
-5502
-9321
-12639
-15267
-17059
-17910
-17771
-16646
-14595
-11730
-8208
-4225
0
4231
8234
11785
14686
16775
17935
18102
17267
15476
12829
9474
5599
1420
-2829
-6913
-10604
-13699
-16026
-17459
-17920
-17389
-15898
-13535
-10435
-6775
-2761
1380
5420
9133
12314
14792
16433
17152
16918
15752
13727
10964
7624
3898
0
-3853
-7448
-10587
-13101
-14859
-15773
-15803
-14962
-13308
-10947
-8021
-4702
-1183
2337
5664
8614
11031
12790
13808
14043
13498
12223
10305
7865
5055
2039
-1008
-3916
-6526
-8700
-10329
-11339
-11692
-11388
-10468
-9002
-7094
-4864
-2452
0
2352
4476
6261
7621
8496
8860
8715
8096
7060
5690
4081
2340
575
-1109
-2621
-3883
-4837
-5448
-5703
-5616
-5216
-4555
-3695
-2706
-1664
-640
300
1105
1734
2163
2386
2414
2270
1991
1620
1207
798
439
164
0
-42
37
223
489
799
1112
1382
1565
1623
1528
1264
826
229
-498
-1315
-2168
-2995
-3731
-4312
-4681
-4789
-4604
-4112
-3319
-2252
-957
498
2034
3559
4977
6193
7119
7681
7824
7517
6753
5557
3978
2093
0
-2185
-4339
-6331
-8039
-9351
-10177
-10449
-10135
-9232
-7775
-5831
-3498
-900
1819
4508
7010
9176
10875
11998
12469
12247
11331
9759
7610
4996
2059
-1040
-4128
-7028
-9574
-11615
-13031
-13734
-13676
-12853
-11304
-9111
-6392
-3298
0
3317
6465
9268
11564
13224
14152
14294
13642
12231
10140
7488
4424
1122
-2233
-5453
-8357
-10783
-12598
-13704
-14042
-13601
-12409
-10541
-8107
-5250
-2134
1063
4163
6991
9393
11241
12439
12931
12699
11770
10208
8113
5612
2854
0
-2789
-5358
-7567
-9302
-10477
-11042
-10980
-10315
-9100
-7423
-5391
-3132
-780
1526
3661
5508
6975
7993
8524
8558
8117
7248
6021
4526
2862
1134
-551
-2101
-3432
-4480
-5202
-5577
-5608
-5318
-4751
-3962
-3021
-1999
-970
0
853
1544
2044
2340
2436
2351
2116
1773
1369
952
568
255
44
-47
-17
125
360
654
967
1254
1471
1578
1543
1344
973
437
-239
-1021
-1859
-2694
-3461
-4097
-4541
-4741
-4659
-4276
-3588
-2616
-1400
0
1509
3039
4496
5783
6809
7497
7784
7630
7021
5971
4520
2736
710
-1447
-3614
-5664
-7470
-8917
-9906
-10365
-10248
-9542
-8269
-6488
-4284
-1775
902
3600
6162
8437
10289
11601
12287
12294
11609
10258
8305
5853
3033
0
-3077
-6024
-8672
-10866
-12477
-13406
-13596
-13027
-11726
-9760
-7235
-4292
-1092
2183
5351
8231
10661
12503
13652
14043
13652
12503
10661
8231
5351
2183
-1092
-4292
-7235
-9760
-11726
-13027
-13596
-13406
-12477
-10866
-8672
-6024
-3077
0
3033
5853
8305
10258
11609
12294
12287
11601
10289
8437
6162
3600
902
-1775
-4284
-6488
-8269
-9542
-10248
-10365
-9906
-8917
-7470
-5664
-3614
-1447
710
2736
4520
5971
7021
7630
7784
7497
6809
5783
4496
3039
1509
0
-1400
-2616
-3588
-4276
-4659
-4741
-4541
-4097
-3461
-2694
-1859
-1021
-239
437
973
1344
1543
1578
1471
1254
967
654
360
125
-17
-47
44
255
568
952
1369
1773
2116
2351
2436
2340
2044
1544
853
0
-970
-1999
-3021
-3962
-4751
-5318
-5608
-5577
-5202
-4480
-3432
-2101
-551
1134
2862
4526
6021
7248
8117
8558
8524
7993
6975
5508
3661
1526
-780
-3132
-5391
-7423
-9100
-10315
-10980
-11042
-10477
-9302
-7567
-5358
-2789
0
2854
5612
8113
10208
11770
12699
12931
12439
11241
9393
6991
4163
1063
-2134
-5250
-8107
-10541
-12409
-13601
-14042
-13704
-12598
-10783
-8357
-5453
-2233
1122
4424
7488
10140
12231
13642
14294
14152
13224
11564
9268
6465
3317
0
-3298
-6392
-9111
-11304
-12853
-13676
-13734
-13031
-11615
-9574
-7028
-4128
-1040
2059
4996
7610
9759
11331
12247
12469
11998
10875
9176
7010
4508
1819
-900
-3498
-5831
-7775
-9232
-10135
-10449
-10177
-9351
-8039
-6331
-4339
-2185
0
2093
3978
5557
6753
7517
7824
7681
7119
6193
4977
3559
2034
498
-957
-2252
-3319
-4112
-4604
-4789
-4681
-4312
-3731
-2995
-2168
-1315
-498
229
826
1264
1528
1623
1565
1382
1112
799
489
223
37
-42
0
164
439
798
1207
1620
1991
2270
2414
2386
2163
1734
1105
300
-640
-1664
-2706
-3695
-4555
-5216
-5616
-5703
-5448
-4837
-3883
-2621
-1109
575
2340
4081
5690
7060
8096
8715
8860
8496
7621
6261
4476
2352
0
-2452
-4864
-7094
-9002
-10468
-11388
-11692
-11339
-10329
-8700
-6526
-3916
-1008
2039
5055
7865
10305
12223
13498
14043
13808
12790
11031
8614
5664
2337
-1183
-4702
-8021
-10947
-13308
-14962
-15803
-15773
-14859
-13101
-10587
-7448
-3853
0
3898
7624
10964
13727
15752
16918
17152
16433
14792
12314
9133
5420
1380
-2761
-6775
-10435
-13535
-15898
-17389
-17920
-17459
-16026
-13699
-10604
-6913
-2829
1420
5599
9474
12829
15476
17267
18102
17935
16775
14686
11785
8234
4231
0
-4225
-8208
-11730
-14595
-16646
-17771
-17910
-17059
-15267
-12639
-9321
-5502
-1394
2773
6769
10373
13387
15647
17032
17469
16940
15479
13172
10152
6590
2685
-1342
-5272
-8885
-11985
-14404
-16013
-16728
-16516
-15395
-13433
-10745
-7484
-3834
0
3806
7376
10513
13048
14845
15811
15900
15112
13498
11152
8210
4837
1223
-2431
-5925
-9068
-11690
-13649
-14843
-15211
-14740
-13461
-11449
-8820
-5724
-2332
1166
4578
7718
10414
12521
13927
14558
14385
13420
11722
9387
6546
3358
0
-3344
-6491
-9268
-11524
-13138
-14023
-14133
-13464
-12055
-9986
-7371
-4355
-1104
2201
5381
8261
10683
12515
13655
0
0
0
0
0
0
0
0
0
0
0
0
0
0
0
0
0
0
0
0
0
0
0
0
0
0
0
0
0
0
0
0
0
0
0
0
0
0
0
0
0
0
0
0
0
0
0
0
0
0
0
0
0
0
0
0
0
0
0
0
0
0
0
0
0
0
0
-14043
-13610
-12339
-10307
-7642
-4508
-1098
2376
5700
8669
11099
12841
13789
13884
13122
11551
9271
6423
3184
-241
-3645
-6813
-9551
-11689
-13096
-13687
-13428
-12335
-10479
-7978
-4989
-1699
1685
4954
7903
10350
12142
13169
13370
12733
11300
9164
6458
3355
48
-3251
-6340
-9023
-11131
-12535
-13145
-12925
-11890
-10105
-7683
-4777
-1571
1733
4928
7812
10202
11948
12939
13112
12455
11007
8860
6146
3036
-274
-3578
-6667
-9346
-11445
-12830
-13411
-13149
-12056
-10198
-7688
-4681
-1360
2065
5383
8386
10884
12720
13774
13977
13311
11812
9568
6712
3419
-112
-3665
-7021
-9972
-12335
-13959
-14742
-14629
-13621
-11773
-9194
-6034
-2481
1250
4936
8354
11295
13580
15066
15660
15320
14061
11954
9120
5723
1962
-1938
-5751
-9247
-12220
-14490
-15921
-16426
-15970
-14577
-12326
-9346
-5808
-1917
2099
6010
9586
12620
14935
16396
16918
16470
15077
12819
9826
6269
2352
-1699
-5655
-9290
-12398
-14803
-16369
-17012
-16696
-15444
-13328
-10471
-7038
-3223
757
4681
8327
11496
14013
15742
16593
16525
15549
13725
11162
8006
4436
653
-3134
-6719
-9909
-12532
-14454
-15577
-15850
-15269
-13875
-11755
-9031
-5857
-2411
1119
4545
7687
10381
12492
13918
14595
14499
13650
12104
9954
7323
4356
1214
-1938
-4940
-7639
-9903
-11625
-12730
-13173
-12947
-12076
-10618
-8658
-6303
-3681
-924
1827
4439
6787
8762
10278
11271
11704
11570
10885
9694
8063
6078
3838
1453
-963
-3300
-5451
-7320
-8828
-9910
-10525
-10650
-10287
-9458
-8204
-6587
-4681
-2573
-359
1861
3991
5936
7609
8937
9859
10336
10343
9878
8961
7630
5941
3968
1798
-471
-2740
-4902
-6858
-8515
-9790
-10620
-10960
-10785
-10096
-8917
-7296
-5303
-3028
-575
1940
4398
6676
8662
10251
11359
11924
11907
11300
10123
8426
6284
3798
1089
-1711
-4461
-7021
-9258
-11052
-12307
-12950
-12939
-12268
-10961
-9080
-6713
-3979
-1014
2029
4994
7726
10079
11928
13171
13739
13597
12746
11228
9117
6521
3573
428
-2749
-5793
-8541
-10848
-12590
-13674
-14042
-13674
-12588
-10842
-8527
-5769
-2712
479
3637
6593
9190
11294
12793
13610
13707
13081
11771
9851
7427
4631
1615
-1457
-4424
-7128
-9429
-11208
-12377
-12880
-12701
-11856
-10400
-8419
-6025
-3352
-545
2242
4866
7188
9091
10483
11300
11511
11116
10149
8675
6782
4580
2193
-249
-2618
-4789
-6654
-8125
-9135
-9645
-9642
-9145
-8193
-6851
-5202
-3343
-1377
589
2455
4128
5529
6598
7292
7592
7501
7039
6248
5183
3911
2507
1047
-392
-1740
-2936
-3928
-4680
-5170
-5390
-5346
-5057
-4554
-3875
-3063
-2167
-1232
-305
573
1370
2057
2613
3028
3297
3422
3412
3278
3037
2706
2305
1851
1361
852
339
-167
-654
-1113
-1534
-1908
-2228
-2484
-2669
-2776
-2796
-2725
-2558
-2295
-1938
-1494
-972
-389
237
883
1522
2125
2664
3109
3436
3621
3649
3510
3203
2735
2121
1387
562
-314
-1201
-2054
-2829
-3485
-3985
-4300
-4409
-4302
-3980
-3455
-2751
-1901
-946
66
1084
2056
2932
3666
4219
4564
4681
4564
4219
3666
2932
2056
1084
66
-946
-1901
-2751
-3455
-3980
-4302
-4409
-4300
-3985
-3485
-2829
-2054
-1201
-314
562
1387
2121
2735
3203
3510
3649
3621
3436
3109
2664
2125
1522
883
237
-389
-972
-1494
-1938
-2295
-2558
-2725
-2796
-2776
-2669
-2484
-2228
-1908
-1534
-1113
-654
-167
339
852
1361
1851
2305
2706
3037
3278
3412
3422
3297
3028
2613
2057
1370
573
-305
-1232
-2167
-3063
-3875
-4554
-5057
-5346
-5390
-5170
-4681
-3928
-2936
-1740
-392
1047
2507
3911
5183
6248
7039
7501
7592
7292
6598
5529
4128
2455
589
-1377
-3343
-5202
-6851
-8193
-9145
-9642
-9645
-9135
-8125
-6654
-4789
-2618
-249
2193
4580
6782
8675
10149
11116
11511
11300
10483
9091
7188
4866
2242
-545
-3352
-6025
-8419
-10400
-11856
-12701
-12880
-12377
-11208
-9429
-7128
-4424
-1457
1615
4631
7427
9851
11771
13081
13707
13610
12793
11294
9190
6593
3637
479
-2712
-5769
-8527
-10842
-12588
-13674
-14043
-13674
-12590
-10848
-8541
-5793
-2749
428
3573
6521
9117
11228
12746
13597
13739
13171
11928
10079
7726
4994
2029
-1014
-3979
-6713
-9080
-10961
-12268
-12939
-12950
-12307
-11052
-9258
-7021
-4461
-1711
1089
3798
6284
8426
10123
11300
11907
11924
11359
10251
8662
6676
4398
1940
-575
-3028
-5303
-7296
-8917
-10096
-10785
-10960
-10620
-9790
-8515
-6858
-4902
-2740
-471
1798
3968
5941
7630
8961
9878
10343
10336
9859
8937
7609
5936
3991
1861
-359
-2573
-4681
-6587
-8204
-9458
-10287
-10650
-10525
-9910
-8828
-7320
-5451
-3300
-963
1453
3838
6078
8063
9694
10885
11570
11704
11271
10278
8762
6787
4439
1827
-924
-3681
-6303
-8658
-10618
-12076
-12947
-13173
-12730
-11625
-9903
-7639
-4940
-1938
1214
4356
7323
9954
12104
13650
14499
14595
13918
12492
10381
7687
4545
1119
-2411
-5857
-9031
-11755
-13875
-15269
-15850
-15577
-14454
-12532
-9909
-6719
-3134
653
4436
8006
11162
13725
15549
16525
16593
15742
14013
11496
8327
4681
757
-3223
-7038
-10471
-13328
-15444
-16696
-17012
-16369
-14803
-12398
-9290
-5655
-1699
2352
6269
9826
12819
15077
16470
16918
16396
14935
12620
9586
6010
2099
-1917
-5808
-9346
-12326
-14577
-15970
-16426
-15921
-14490
-12220
-9247
-5751
-1938
1962
5723
9120
11954
14061
15320
15660
15066
13580
11295
8354
4936
1250
-2481
-6034
-9194
-11773
-13621
-14629
-14742
-13959
-12335
-9972
-7021
-3665
-112
3419
6712
9568
11812
13311
13977
13774
12720
10884
8386
5383
2065
-1360
-4680
-7688
-10198
-12056
-13149
-13411
-12830
-11445
-9346
-6667
-3578
-274
3036
6146
8860
11007
12455
13112
12939
11948
10202
7812
4928
1733
-1571
-4777
-7683
-10105
-11890
-12925
-13145
-12535
-11131
-9023
-6340
-3251
48
3355
6458
9164
11300
12733
13370
13169
12142
10350
7903
4954
1685
-1699
-4989
-7978
-10479
-12335
-13428
-13687
-13096
-11689
-9551
-6813
-3645
-241
3184
6423
9271
11551
13122
13884
13789
12841
11099
8669
5700
2376
-1098
-4508
-7642
-10307
-12339
-13610
0
0
0
0
0
0
0
0
0
0
0
0
0
0
0
0
0
0
0
0
0
0
0
0
0
0
0
0
0
0
0
0
0
0
0
0
0
0
0
0
0
0
0
0
0
0
0
0
0
0
0
0
0
0
0
0
0
0
0
0
0
0
0
0
0
0
0
14043
13652
12503
10661
8231
5351
2183
-1092
-4292
-7235
-9760
-11726
-13027
-13596
-13406
-12477
-10866
-8672
-6024
-3077
0
3033
5853
8305
10258
11609
12294
12287
11601
10289
8437
6162
3600
902
-1775
-4284
-6488
-8269
-9542
-10248
-10365
-9906
-8917
-7470
-5664
-3614
-1447
710
2736
4520
5971
7021
7630
7784
7497
6809
5783
4496
3039
1509
0
-1400
-2616
-3588
-4276
-4659
-4741
-4541
-4097
-3461
-2694
-1859
-1021
-239
437
973
1344
1543
1578
1471
1254
967
654
360
125
-17
-47
44
255
568
952
1369
1773
2116
2351
2436
2340
2044
1544
853
0
-970
-1999
-3021
-3962
-4751
-5318
-5608
-5577
-5202
-4480
-3432
-2101
-551
1134
2862
4526
6021
7248
8117
8558
8524
7993
6975
5508
3661
1526
-780
-3132
-5391
-7423
-9100
-10315
-10980
-11042
-10477
-9302
-7567
-5358
-2789
0
2854
5612
8113
10208
11770
12699
12931
12439
11241
9393
6991
4163
1063
-2134
-5250
-8107
-10541
-12409
-13601
-14042
-13704
-12598
-10783
-8357
-5453
-2233
1122
4424
7488
10140
12231
13642
14294
14152
13224
11564
9268
6465
3317
0
-3298
-6392
-9111
-11304
-12853
-13676
-13734
-13031
-11615
-9574
-7028
-4128
-1040
2059
4996
7610
9759
11331
12247
12469
11998
10875
9176
7010
4508
1819
-900
-3498
-5831
-7775
-9232
-10135
-10449
-10177
-9351
-8039
-6331
-4339
-2185
0
2093
3978
5557
6753
7517
7824
7681
7119
6193
4977
3559
2034
498
-957
-2252
-3319
-4112
-4604
-4789
-4681
-4312
-3731
-2995
-2168
-1315
-498
229
826
1264
1528
1623
1565
1382
1112
799
489
223
37
-42
0
164
439
798
1207
1620
1991
2270
2414
2386
2163
1734
1105
300
-640
-1664
-2706
-3695
-4555
-5216
-5616
-5703
-5448
-4837
-3883
-2621
-1109
575
2340
4081
5690
7060
8096
8715
8860
8496
7621
6261
4476
2352
0
-2452
-4864
-7094
-9002
-10468
-11388
-11692
-11339
-10329
-8700
-6526
-3916
-1008
2039
5055
7865
10305
12223
13498
14043
13808
12790
11031
8614
5664
2337
-1183
-4702
-8021
-10947
-13308
-14962
-15803
-15773
-14859
-13101
-10587
-7448
-3853
0
3898
7624
10964
13727
15752
16918
17152
16433
14792
12314
9133
5420
1380
-2761
-6775
-10435
-13535
-15898
-17389
-17920
-17459
-16026
-13699
-10604
-6913
-2829
1420
5599
9474
12829
15476
17267
18102
17935
16775
14686
11785
8234
4231
0
-4225
-8208
-11730
-14595
-16646
-17771
-17910
-17059
-15267
-12639
-9321
-5502
-1394
2773
6769
10373
13387
15647
17032
17469
16940
15479
13172
10152
6590
2685
-1342
-5272
-8885
-11985
-14404
-16013
-16728
-16516
-15395
-13433
-10745
-7484
-3834
0
3806
7376
10513
13048
14845
15811
15900
15112
13498
11152
8210
4837
1223
-2431
-5925
-9068
-11690
-13649
-14843
-15211
-14740
-13461
-11449
-8820
-5724
-2332
1166
4578
7718
10414
12521
13927
14558
14385
13420
11722
9387
6546
3358
0
-3344
-6491
-9268
-11524
-13138
-14023
-14133
-13464
-12055
-9986
-7371
-4355
-1104
2201
5381
8261
10683
12515
13655
14043
13655
12515
10683
8261
5381
2201
-1104
-4355
-7371
-9986
-12055
-13464
-14133
-14023
-13138
-11524
-9268
-6491
-3344
0
3358
6546
9387
11722
13420
14385
14558
13927
12521
10414
7718
4578
1166
-2332
-5724
-8820
-11449
-13461
-14740
-15211
-14843
-13649
-11690
-9068
-5925
-2431
1223
4837
8210
11152
13498
15112
15900
15811
14845
13048
10513
7376
3806
0
-3834
-7484
-10745
-13433
-15395
-16516
-16728
-16013
-14404
-11985
-8885
-5272
-1342
2685
6590
10152
13172
15479
16940
17469
17032
15647
13387
10373
6769
2773
-1394
-5502
-9321
-12639
-15267
-17059
-17910
-17771
-16646
-14595
-11730
-8208
-4225
0
4231
8234
11785
14686
16775
17935
18102
17267
15476
12829
9474
5599
1420
-2829
-6913
-10604
-13699
-16026
-17459
-17920
-17389
-15898
-13535
-10435
-6775
-2761
1380
5420
9133
12314
14792
16433
17152
16918
15752
13727
10964
7624
3898
0
-3853
-7448
-10587
-13101
-14859
-15773
-15803
-14962
-13308
-10947
-8021
-4702
-1183
2337
5664
8614
11031
12790
13808
14043
13498
12223
10305
7865
5055
2039
-1008
-3916
-6526
-8700
-10329
-11339
-11692
-11388
-10468
-9002
-7094
-4864
-2452
0
2352
4476
6261
7621
8496
8860
8715
8096
7060
5690
4081
2340
575
-1109
-2621
-3883
-4837
-5448
-5703
-5616
-5216
-4555
-3695
-2706
-1664
-640
300
1105
1734
2163
2386
2414
2270
1991
1620
1207
798
439
164
0
-42
37
223
489
799
1112
1382
1565
1623
1528
1264
826
229
-498
-1315
-2168
-2995
-3731
-4312
-4681
-4789
-4604
-4112
-3319
-2252
-957
498
2034
3559
4977
6193
7119
7681
7824
7517
6753
5557
3978
2093
0
-2185
-4339
-6331
-8039
-9351
-10177
-10449
-10135
-9232
-7775
-5831
-3498
-900
1819
4508
7010
9176
10875
11998
12469
12247
11331
9759
7610
4996
2059
-1040
-4128
-7028
-9574
-11615
-13031
-13734
-13676
-12853
-11304
-9111
-6392
-3298
0
3317
6465
9268
11564
13224
14152
14294
13642
12231
10140
7488
4424
1122
-2233
-5453
-8357
-10783
-12598
-13704
-14042
-13601
-12409
-10541
-8107
-5250
-2134
1063
4163
6991
9393
11241
12439
12931
12699
11770
10208
8113
5612
2854
0
-2789
-5358
-7567
-9302
-10477
-11042
-10980
-10315
-9100
-7423
-5391
-3132
-780
1526
3661
5508
6975
7993
8524
8558
8117
7248
6021
4526
2862
1134
-551
-2101
-3432
-4480
-5202
-5577
-5608
-5318
-4751
-3962
-3021
-1999
-970
0
853
1544
2044
2340
2436
2351
2116
1773
1369
952
568
255
44
-47
-17
125
360
654
967
1254
1471
1578
1543
1344
973
437
-239
-1021
-1859
-2694
-3461
-4097
-4541
-4741
-4659
-4276
-3588
-2616
-1400
0
1509
3039
4496
5783
6809
7497
7784
7630
7021
5971
4520
2736
710
-1447
-3614
-5664
-7470
-8917
-9906
-10365
-10248
-9542
-8269
-6488
-4284
-1775
902
3600
6162
8437
10289
11601
12287
12294
11609
10258
8305
5853
3033
0
-3077
-6024
-8672
-10866
-12477
-13406
-13596
-13027
-11726
-9760
-7235
-4292
-1092
2183
5351
8231
10661
12503
13652
0
0
0
0
0
0
0
0
0
0
0
0
0
0
0
0
0
0
0
0
0
0
0
0
0
0
0
0
0
0
0
0
0
0
0
0
0
0
0
0
0
0
0
0
0
0
0
0
0
0
0
0
0
0
0
0
0
0
0
0
0
0
0
0
0
0
0
4681
4593
4335
3913
3340
2633
1815
913
-41
-1017
-1976
-2880
-3694
-4380
-4904
-5240
-5363
-5260
-4924
-4360
-3582
-2616
-1498
-271
1011
2292
3510
4606
5521
6203
6611
6713
6493
5949
5098
3971
2615
1090
-531
-2171
-3745
-5173
-6375
-7286
-7849
-8027
-7802
-7174
-6167
-4825
-3210
-1401
511
2431
4257
5892
7247
8248
8835
8974
8649
7873
6680
5129
3297
1279
-821
-2895
-4831
-6528
-7895
-8857
-9363
-9384
-8916
-7985
-6638
-4945
-2995
-892
1254
3331
5229
6849
8108
8941
9306
9188
8597
7566
6153
4436
2508
470
-1568
-3502
-5233
-6673
-7752
-8420
-8649
-8434
-7795
-6773
-5427
-3833
-2078
-255
1540
3220
4701
5913
6802
7333
7489
7275
6711
5837
4707
3383
1938
447
-1016
-2384
-3594
-4595
-5347
-5828
-6025
-5942
-5596
-5015
-4235
-3300
-2258
-1160
-55
1009
1993
2861
3582
4137
4512
4701
4705
4533
4197
3714
3106
2396
1609
772
-87
-942
-1766
-2532
-3216
-3792
-4241
-4542
-4680
-4645
-4430
-4034
-3465
-2735
-1866
-884
174
1269
2356
3385
4309
5078
5650
5987
6062
5856
5365
4599
3582
2352
959
-533
-2057
-3536
-4892
-6053
-6951
-7530
-7747
-7579
-7021
-6088
-4815
-3259
-1492
399
2320
4170
5849
7264
8334
8992
9195
8921
8174
6984
5405
3514
1406
-809
-3016
-5096
-6936
-8434
-9504
-10083
-10135
-9650
-8649
-7180
-5318
-3160
-820
1577
3905
6035
7853
9260
10179
10557
10376
9642
8397
6706
4662
2375
-30
-2425
-4681
-6676
-8305
-9483
-10150
-10274
-9852
-8914
-7514
-5734
-3672
-1443
830
3027
5031
6739
8063
8941
9334
9231
8649
7629
6235
4550
2671
702
-1249
-3082
-4704
-6036
-7018
-7611
-7798
-7583
-6995
-6077
-4892
-3511
-2014
-482
1003
2372
3562
4522
5219
5634
5764
5622
5233
4632
3863
2975
2016
1035
76
-820
-1625
-2315
-2875
-3297
-3582
-3735
-3764
-3681
-3500
-3231
-2886
-2475
-2006
-1484
-916
-307
333
997
1671
2337
2974
3556
4055
4440
4681
4749
4622
4282
3722
2946
1970
822
-452
-1802
-3162
-4463
-5628
-6587
-7270
-7622
-7598
-7175
-6348
-5136
-3582
-1751
271
2386
4480
6435
8135
9472
10353
10706
10488
9684
8313
6428
4113
1480
-1332
-4175
-6888
-9312
-11300
-12725
-13485
-13515
-12790
-11326
-9184
-6464
-3304
128
3646
7052
10148
12749
14695
15857
16150
15537
14030
11696
8649
5048
1088
-3012
-7021
-10707
-13851
-16264
-17793
-18335
-17840
-16319
-13843
-10538
-6581
-2189
2390
6898
11072
14668
17469
19304
20054
19661
18135
15549
12040
7801
3069
-1887
-6784
-11337
-15278
-18373
-20435
-21334
-21007
-19463
-16781
-13108
-8649
-3657
1580
6761
11583
15762
19052
21253
22231
21921
20334
17556
13741
9108
3923
-1512
-6883
-11874
-16190
-19577
-21831
-22817
-22471
-20809
-17924
-13980
-9207
-3881
1685
7167
12240
16607
20007
22239
23168
22737
20969
17964
13898
9009
3582
-2061
-7591
-12680
-17027
-20375
-22525
-23349
-22797
-20901
-17770
-13589
-8605
-3111
2568
8099
13153
17432
20683
22714
23405
22714
20683
17432
13153
8099
2568
-3111
-8605
-13589
-17770
-20901
-22797
-23349
-22525
-20375
-17027
-12680
-7591
-2061
3582
9009
13898
17964
20969
22737
23168
22239
20007
16607
12240
7167
1685
-3881
-9207
-13980
-17924
-20809
-22471
-22817
-21831
-19577
-16190
-11874
-6883
-1512
3923
9108
13741
17556
20334
21921
22231
21253
19052
15762
11583
6761
1580
-3657
-8649
-13108
-16781
-19463
-21007
-21334
-20435
-18373
-15278
-11337
-6784
-1887
3069
7801
12040
15549
18135
19661
20054
19304
17469
14668
11072
6898
2390
-2189
-6581
-10538
-13843
-16319
-17840
-18335
-17793
-16264
-13851
-10707
-7021
-3012
1088
5048
8649
11696
14030
15537
16150
15857
14695
12749
10148
7052
3646
128
-3304
-6464
-9184
-11326
-12790
-13515
-13485
-12725
-11300
-9312
-6888
-4175
-1332
1480
4113
6428
8313
9684
10488
10706
10353
9472
8135
6435
4480
2386
271
-1751
-3582
-5136
-6348
-7175
-7598
-7622
-7270
-6587
-5628
-4463
-3162
-1802
-452
822
1970
2946
3722
4282
4622
4749
4681
4440
4055
3556
2974
2337
1671
997
333
-307
-916
-1484
-2006
-2475
-2886
-3231
-3500
-3681
-3764
-3735
-3582
-3297
-2875
-2315
-1625
-820
76
1035
2016
2975
3863
4632
5233
5622
5764
5634
5219
4522
3562
2372
1003
-482
-2014
-3511
-4892
-6077
-6995
-7583
-7798
-7611
-7018
-6036
-4704
-3082
-1249
702
2671
4550
6235
7629
8649
9231
9334
8941
8063
6739
5031
3027
830
-1443
-3672
-5734
-7514
-8914
-9852
-10274
-10150
-9483
-8305
-6676
-4681
-2425
-30
2375
4662
6706
8397
9642
10376
10557
10179
9260
7853
6035
3905
1577
-820
-3160
-5318
-7180
-8649
-9650
-10135
-10083
-9504
-8434
-6936
-5096
-3016
-809
1406
3514
5405
6984
8174
8921
9195
8992
8334
7264
5849
4170
2320
399
-1492
-3259
-4815
-6088
-7021
-7579
-7747
-7530
-6951
-6053
-4892
-3536
-2057
-533
959
2352
3582
4599
5365
5856
6062
5987
5650
5078
4309
3385
2356
1269
174
-884
-1866
-2735
-3465
-4034
-4430
-4645
-4680
-4542
-4241
-3792
-3216
-2532
-1766
-942
-87
772
1609
2396
3106
3714
4197
4533
4705
4701
4512
4137
3582
2861
1993
1009
-55
-1160
-2258
-3300
-4235
-5015
-5596
-5942
-6025
-5828
-5347
-4595
-3594
-2384
-1016
447
1938
3383
4707
5837
6711
7275
7489
7333
6802
5913
4701
3220
1540
-255
-2078
-3833
-5427
-6773
-7795
-8434
-8649
-8420
-7752
-6673
-5233
-3502
-1568
470
2508
4436
6153
7566
8597
9188
9306
8941
8108
6849
5229
3331
1254
-892
-2995
-4945
-6638
-7985
-8916
-9384
-9363
-8857
-7895
-6528
-4831
-2895
-821
1279
3297
5129
6680
7873
8649
8974
8835
8248
7247
5892
4257
2431
511
-1401
-3210
-4825
-6167
-7174
-7802
-8027
-7849
-7286
-6375
-5173
-3745
-2171
-531
1090
2615
3971
5098
5949
6493
6713
6611
6203
5521
4606
3510
2292
1011
-271
-1498
-2616
-3582
-4360
-4924
-5260
-5363
-5240
-4904
-4380
-3694
-2880
-1976
-1017
-41
913
1815
2633
3340
3913
4335
4593
0
0
0
0
0
0
0
0
0
0
0
0
0
0
0
0
0
0
0
0
0
0
0
0
0
0
0
0
0
0
0
0
0
0
0
0
0
0
0
0
0
0
0
0
0
0
0
0
0
0
0
0
0
0
0
0
0
0
0
0
0
0
0
0
0
0
0
-4681
-4637
-4504
-4275
-3940
-3487
-2907
-2192
-1343
-365
721
1889
3096
4294
5421
6414
7206
7734
7940
7780
7227
6273
4933
3245
1272
-900
-3170
-5421
-7527
-9363
-10812
-11769
-12152
-11907
-11013
-9485
-7374
-4768
-1788
1417
4681
7823
10666
13037
14786
15793
15973
15286
13741
11395
8352
4759
801
-3313
-7359
-11108
-14344
-16872
-18533
-19213
-18851
-17443
-15044
-11766
-7774
-3275
1487
6253
10758
14745
17982
20277
21486
21525
20376
18085
14765
10588
5776
592
-4681
-9748
-14326
-18152
-21008
-22723
-23195
-22385
-20331
-17137
-12976
-8074
-2700
2846
8258
13232
17488
20786
22940
23825
23391
21659
18725
14752
9961
4621
-969
-6497
-11654
-16153
-19742
-22224
-23462
-23393
-22024
-19438
-15785
-11274
-6164
-744
4681
9807
14349
18056
20727
22222
22465
21454
19258
16012
11908
7185
2116
-3009
-7904
-12296
-15944
-18651
-20279
-20749
-20053
-18244
-15443
-11822
-7598
-3020
1649
6143
10212
13632
16221
17849
18440
17982
16520
14158
11049
7384
3383
-716
-4681
-8286
-11336
-13667
-15165
-15763
-15449
-14263
-12297
-9682
-6587
-3203
267
3622
6669
9241
11203
12457
12952
12682
11686
10044
7872
5314
2534
-298
-3013
-5455
-7488
-9003
-9930
-10233
-9914
-9015
-7611
-5803
-3716
-1487
744
2841
4681
6158
7197
7748
7795
7354
6470
5214
3680
1975
211
-1494
-3037
-4322
-5277
-5851
-6019
-5784
-5174
-4240
-3055
-1703
-279
1120
2403
3488
4307
4812
4975
4794
4287
3494
2474
1299
50
-1188
-2334
-3311
-4056
-4522
-4681
-4523
-4062
-3330
-2375
-1262
-63
1143
2279
3273
4061
4592
4833
4769
4405
3762
2882
1817
635
-592
-1790
-2886
-3814
-4517
-4955
-5101
-4946
-4501
-3793
-2862
-1765
-564
669
1865
2955
3879
4584
5032
5200
5080
4681
4026
3155
2117
969
-224
-1398
-2491
-3445
-4210
-4749
-5035
-5057
-4816
-4330
-3626
-2743
-1730
-638
474
1553
2543
3398
4077
4549
4794
4804
4581
4139
3502
2703
1782
783
-245
-1256
-2202
-3041
-3735
-4253
-4572
-4680
-4573
-4255
-3741
-3055
-2226
-1293
-296
720
1710
2630
3436
4093
4567
4836
4884
4705
4305
3697
2907
1967
917
-193
-1315
-2394
-3380
-4221
-4875
-5305
-5486
-5401
-5049
-4441
-3601
-2564
-1377
-97
1213
2490
3666
4681
5477
6008
6243
6160
5759
5052
4070
2859
1478
-4
-1511
-2963
-4283
-5397
-6243
-6770
-6945
-6753
-6198
-5305
-4117
-2693
-1109
552
2201
3749
5108
6202
6969
7364
7361
6956
6168
5038
3626
2008
272
-1485
-3168
-4681
-5938
-6870
-7423
-7563
-7284
-6599
-5547
-4186
-2593
-858
919
2641
4208
5532
6538
7169
7391
7193
6587
5612
4323
2799
1127
-594
-2265
-3789
-5080
-6063
-6685
-6912
-6734
-6167
-5248
-4033
-2600
-1033
570
2116
3514
4680
5550
6074
6225
5999
5416
4516
3358
2016
575
-873
-2243
-3449
-4420
-5098
-5445
-5445
-5103
-4445
-3517
-2381
-1113
204
1488
2655
3632
4358
4790
4901
4689
4170
3380
2374
1219
-7
-1226
-2355
-3320
-4059
-4523
-4681
-4523
-4059
-3320
-2355
-1226
-7
1219
2374
3380
4170
4689
4901
4790
4358
3632
2655
1488
204
-1113
-2381
-3517
-4445
-5103
-5445
-5445
-5098
-4420
-3449
-2243
-873
575
2016
3358
4516
5416
5999
6225
6074
5550
4681
3514
2116
570
-1033
-2600
-4033
-5248
-6167
-6734
-6912
-6685
-6063
-5080
-3789
-2265
-594
1127
2799
4323
5612
6587
7193
7391
7169
6538
5532
4208
2641
919
-858
-2593
-4186
-5547
-6599
-7284
-7563
-7423
-6870
-5938
-4681
-3168
-1485
272
2008
3626
5038
6168
6956
7361
7364
6969
6202
5108
3749
2201
552
-1109
-2693
-4117
-5305
-6198
-6753
-6945
-6770
-6243
-5397
-4283
-2963
-1511
-4
1478
2859
4070
5052
5759
6160
6243
6008
5477
4681
3666
2490
1213
-97
-1377
-2564
-3601
-4441
-5049
-5401
-5486
-5305
-4875
-4221
-3380
-2394
-1315
-193
917
1967
2907
3697
4305
4705
4884
4836
4567
4093
3436
2630
1710
720
-296
-1293
-2226
-3055
-3741
-4255
-4573
-4680
-4572
-4253
-3735
-3041
-2202
-1256
-245
783
1782
2703
3502
4139
4581
4804
4794
4549
4077
3398
2543
1553
474
-638
-1730
-2743
-3626
-4330
-4816
-5057
-5035
-4749
-4210
-3445
-2491
-1398
-224
969
2117
3155
4026
4680
5080
5200
5032
4584
3879
2955
1865
669
-564
-1765
-2862
-3793
-4501
-4946
-5101
-4955
-4517
-3814
-2886
-1790
-592
635
1817
2882
3762
4405
4769
4833
4592
4061
3273
2279
1143
-63
-1262
-2375
-3330
-4062
-4523
-4681
-4522
-4056
-3311
-2334
-1188
50
1299
2474
3494
4287
4794
4975
4812
4307
3488
2403
1120
-279
-1703
-3055
-4240
-5174
-5784
-6019
-5851
-5277
-4322
-3037
-1494
211
1975
3680
5214
6470
7354
7795
7748
7197
6158
4680
2841
744
-1487
-3716
-5803
-7611
-9015
-9914
-10233
-9930
-9003
-7488
-5455
-3013
-298
2534
5314
7872
10044
11686
12682
12952
12457
11203
9241
6669
3622
267
-3203
-6587
-9682
-12297
-14263
-15449
-15763
-15165
-13667
-11336
-8286
-4681
-716
3383
7384
11049
14158
16520
17982
18440
17849
16221
13632
10212
6143
1649
-3020
-7598
-11822
-15443
-18244
-20053
-20749
-20279
-18651
-15944
-12296
-7904
-3009
2116
7185
11908
16012
19258
21454
22465
22222
20727
18056
14349
9807
4680
-744
-6164
-11274
-15785
-19438
-22024
-23393
-23462
-22224
-19742
-16153
-11654
-6497
-969
4621
9961
14752
18725
21659
23391
23825
22940
20786
17488
13232
8258
2846
-2700
-8074
-12976
-17137
-20331
-22385
-23195
-22723
-21008
-18152
-14326
-9748
-4681
592
5776
10588
14765
18085
20376
21525
21486
20277
17982
14745
10758
6253
1487
-3275
-7774
-11766
-15044
-17443
-18851
-19213
-18533
-16872
-14344
-11108
-7359
-3313
801
4759
8352
11395
13741
15286
15973
15793
14786
13037
10666
7823
4681
1417
-1788
-4768
-7374
-9485
-11013
-11907
-12152
-11769
-10812
-9363
-7527
-5421
-3170
-900
1272
3245
4933
6273
7227
7780
7940
7734
7206
6414
5421
4294
3096
1889
721
-365
-1343
-2192
-2907
-3487
-3940
-4275
-4504
-4637
0
0
0
0
0
0
0
0
0
0
0
0
0
0
0
0
0
0
0
0
0
0
0
0
0
0
0
0
0
0
0
0
0
0
0
0
0
0
0
0
0
0
0
0
0
0
0
0
0
0
0
0
0
0
0
0
0
0
0
0
0
0
0
0
0
0
0
14043
13611
12341
10313
7650
4516
1104
-2376
-5712
-8698
-11150
-12918
-13893
-14016
-13278
-11726
-9453
-6600
-3341
123
3582
6823
9648
11884
13395
14088
13921
12906
11103
8624
5620
2275
-1207
-4615
-7742
-10398
-12421
-13690
-14129
-13714
-12469
-10473
-7848
-4755
-1380
2070
5388
8374
10848
12664
13714
13939
13327
11920
9805
7113
4009
681
-2669
-5843
-8649
-10923
-12531
-13383
-13433
-12685
-11188
-9040
-6374
-3354
-164
3004
5962
8536
10575
11966
12632
12542
11712
10201
8107
5565
2731
-220
-3111
-5772
-8045
-9804
-10950
-11428
-11220
-10352
-8889
-6931
-4604
-2057
552
3067
5338
7234
8649
9510
9780
9457
8576
7208
5448
3416
1244
-929
-2973
-4763
-6197
-7198
-7719
-7743
-7287
-6396
-5143
-3621
-1938
-209
1453
2943
4170
5063
5577
5693
5420
4792
3868
2724
1449
139
-1111
-2213
-3093
-3693
-3978
-3937
-3582
-2950
-2097
-1095
-24
1026
1975
2745
3274
3519
3456
3089
2440
1557
505
-636
-1780
-2836
-3719
-4353
-4681
-4663
-4286
-3562
-2528
-1245
206
1732
3226
4583
5703
6497
6897
6857
6359
5417
4073
2398
485
-1549
-3582
-5483
-7125
-8395
-9199
-9469
-9169
-8297
-6887
-5007
-2756
-258
2340
4888
7229
9217
10722
11641
11904
11476
10365
8620
6327
3607
610
-2495
-5530
-8318
-10691
-12503
-13638
-14019
-13608
-12415
-10495
-7946
-4902
-1529
1984
5443
8649
11417
13584
15021
15637
15388
14278
12361
9734
6538
2947
-842
-4621
-8180
-11317
-13856
-15653
-16602
-16647
-15779
-14043
-11528
-8371
-4743
-840
3124
6932
10377
13269
15449
16798
17243
16757
15368
13151
10227
6753
2919
-1068
-4995
-8649
-11836
-14385
-16163
-17078
-17083
-16183
-14429
-11920
-8791
-5213
-1377
2512
6249
9638
12504
14698
16111
16675
16368
15211
13273
10662
7518
4010
323
-3351
-6822
-9914
-12471
-14367
-15512
-15855
-15386
-14139
-12185
-9631
-6614
-3290
166
3582
6785
9615
11936
13636
14637
14897
14411
13213
11368
8976
6161
3067
-149
-3330
-6318
-8968
-11153
-12772
-13749
-14042
-13645
-12582
-10911
-8719
-6115
-3231
-207
2805
5664
8229
10378
12010
13048
13444
13182
12279
10781
8762
6322
3582
675
-2256
-5070
-7629
-9810
-11505
-12633
-13138
-12997
-12216
-10834
-8918
-6562
-3883
-1012
1908
4734
7324
9550
11300
12486
13048
12956
12214
10857
8954
6598
3909
1021
-1918
-4761
-7362
-9588
-11325
-12482
-13001
-12853
-12046
-10620
-8649
-6235
-3502
-593
2340
5146
7678
9803
11411
12419
12773
12457
11490
9923
7842
5358
2605
-269
-3112
-5772
-8107
-9995
-11337
-12064
-12141
-11568
-10381
-8649
-6470
-3966
-1275
1453
4071
6437
8425
9928
10871
11209
10930
10058
8649
6788
4585
2168
-326
-2757
-4989
-6901
-8392
-9384
-9830
-9717
-9060
-7908
-6337
-4445
-2346
-167
1965
3930
5616
6932
7810
8209
8118
7554
6563
5215
3600
1821
-8
-1778
-3382
-4726
-5735
-6357
-6562
-6351
-5748
-4802
-3582
-2174
-674
820
2210
3409
4341
4953
5209
5101
4643
3874
2851
1648
351
-949
-2162
-3205
-4006
-4509
-4681
-4509
-4006
-3205
-2162
-949
351
1648
2851
3874
4643
5101
5209
4953
4341
3409
2210
820
-674
-2174
-3582
-4802
-5748
-6351
-6562
-6357
-5735
-4726
-3382
-1778
-8
1821
3600
5215
6563
7554
8118
8209
7810
6932
5616
3930
1965
-167
-2346
-4445
-6337
-7908
-9060
-9717
-9830
-9384
-8392
-6901
-4989
-2757
-326
2168
4585
6788
8649
10058
10930
11209
10871
9928
8425
6437
4071
1453
-1275
-3966
-6470
-8649
-10381
-11568
-12141
-12064
-11337
-9995
-8107
-5772
-3112
-269
2605
5358
7842
9923
11490
12457
12773
12419
11411
9803
7678
5146
2340
-593
-3502
-6235
-8649
-10620
-12046
-12853
-13001
-12482
-11325
-9588
-7362
-4761
-1918
1021
3909
6598
8954
10857
12214
12956
13048
12486
11300
9550
7324
4734
1908
-1012
-3883
-6562
-8918
-10834
-12216
-12997
-13138
-12633
-11505
-9810
-7629
-5070
-2256
675
3582
6322
8762
10781
12279
13182
13444
13048
12010
10378
8229
5664
2805
-207
-3231
-6115
-8719
-10911
-12582
-13645
-14042
-13749
-12772
-11153
-8968
-6318
-3330
-149
3067
6161
8976
11368
13213
14411
14897
14637
13636
11936
9615
6785
3582
166
-3290
-6614
-9631
-12185
-14139
-15386
-15855
-15512
-14367
-12471
-9914
-6822
-3351
323
4010
7518
10662
13273
15211
16368
16675
16111
14698
12504
9638
6249
2512
-1377
-5213
-8791
-11920
-14429
-16183
-17083
-17078
-16163
-14385
-11836
-8649
-4995
-1068
2919
6753
10227
13151
15368
16757
17243
16798
15449
13269
10377
6932
3124
-840
-4743
-8371
-11528
-14043
-15779
-16647
-16602
-15653
-13856
-11317
-8180
-4621
-842
2947
6538
9734
12361
14278
15388
15637
15021
13584
11417
8649
5443
1984
-1529
-4902
-7946
-10495
-12415
-13608
-14019
-13638
-12503
-10691
-8318
-5530
-2495
610
3607
6327
8620
10365
11476
11904
11641
10722
9217
7229
4888
2340
-258
-2756
-5007
-6887
-8297
-9169
-9469
-9199
-8395
-7125
-5483
-3582
-1549
485
2398
4073
5417
6359
6857
6897
6497
5703
4583
3226
1732
206
-1245
-2528
-3562
-4286
-4663
-4680
-4353
-3719
-2836
-1780
-636
505
1557
2440
3089
3456
3519
3274
2745
1975
1026
-24
-1095
-2097
-2950
-3582
-3937
-3978
-3693
-3093
-2213
-1111
139
1449
2724
3868
4792
5420
5693
5577
5063
4170
2943
1453
-209
-1938
-3621
-5143
-6396
-7287
-7743
-7719
-7198
-6197
-4763
-2973
-929
1244
3416
5448
7208
8576
9457
9780
9510
8649
7234
5338
3067
552
-2057
-4604
-6931
-8889
-10352
-11220
-11428
-10950
-9804
-8045
-5772
-3111
-220
2731
5565
8107
10201
11712
12542
12632
11966
10575
8536
5962
3004
-164
-3354
-6374
-9040
-11188
-12685
-13433
-13383
-12531
-10923
-8649
-5843
-2669
681
4009
7113
9805
11920
13327
13939
13714
12664
10848
8374
5388
2070
-1380
-4755
-7848
-10473
-12469
-13714
-14129
-13690
-12421
-10398
-7742
-4615
-1207
2275
5620
8624
11103
12906
13921
14088
13395
11884
9648
6823
3582
123
-3341
-6600
-9453
-11726
-13278
-14016
-13893
-12918
-11150
-8698
-5712
-2376
1104
4516
7650
10313
12341
13611
0
0
0
0
0
0
0
0
0
0
0
0
0
0
0
0
0
0
0
0
0
0
0
0
0
0
0
0
0
0
0
0
0
0
0
0
0
0
0
0
0
0
0
0
0
0
0
0
0
0
0
0
0
0
0
0
0
0
0
0
0
0
0
0
0
0
0
4681
4549
4162
3542
2728
1768
718
-358
-1399
-2344
-3140
-3743
-4123
-4263
-4160
-3827
-3292
-2592
-1774
-892
0
848
1603
2225
2684
2959
3047
2953
2697
2306
1817
1270
707
167
-311
-702
-985
-1150
-1200
-1144
-1003
-803
-575
-351
-161
-31
17
-24
-156
-371
-648
-960
-1273
-1548
-1749
-1839
-1790
-1583
-1210
-676
0
784
1633
2491
3297
3989
4505
4792
4806
4520
3925
3032
1871
494
-1026
-2609
-4158
-5575
-6762
-7631
-8107
-8136
-7686
-6757
-5376
-3600
-1512
779
3148
5459
7572
9351
10677
11449
11597
11085
9914
8124
5794
3038
0
-3155
-6250
-9101
-11536
-13400
-14565
-14941
-14481
-13185
-11100
-8324
-4994
-1286
2599
6444
10028
13140
15589
17220
17920
17627
16335
14094
11011
7244
2991
-1515
-6025
-10283
-14043
-17083
-19219
-20313
-20288
-19127
-16876
-13647
-9608
-4974
0
5040
9862
14193
17782
20419
21946
22264
21343
19224
16013
11883
7056
1798
-3598
-8833
-13610
-17660
-20751
-22704
-23405
-22807
-20940
-17902
-13860
-9036
-3698
1856
7317
12380
16760
20213
22546
23628
23399
21874
19138
15348
10716
5502
0
-5483
-10642
-15191
-18878
-21502
-22922
-23067
-21935
-19598
-16194
-11920
-7021
-1775
3523
8579
13113
16878
19672
21350
21831
21102
19217
16295
12512
8090
3284
-1635
-6391
-10722
-14395
-17214
-19039
-19782
-19423
-18001
-15613
-12411
-8589
-4371
0
4278
8228
11637
14327
16166
17071
17014
16023
14175
11597
8451
4927
1233
-2421
-5834
-8822
-11231
-12946
-13892
-14043
-13415
-12072
-10114
-7670
-4897
-1962
964
3719
6155
8148
9606
10468
10715
10359
9449
8063
6303
4287
2143
0
-2020
-3811
-5281
-6366
-7028
-7255
-7062
-6489
-5595
-4456
-3157
-1787
-433
824
1918
2796
3423
3785
3886
3745
3399
2893
2281
1619
960
354
-159
-552
-810
-929
-921
-807
-617
-386
-152
47
181
226
167
0
-266
-614
-1013
-1428
-1818
-2142
-2358
-2435
-2347
-2080
-1635
-1023
-274
574
1472
2363
3186
3881
4395
4680
4704
4449
3912
3111
2081
873
-448
-1809
-3129
-4327
-5325
-6058
-6470
-6526
-6210
-5527
-4507
-3198
-1668
0
1713
3373
4883
6153
7103
7672
7819
7529
6810
5695
4241
2527
646
-1297
-3192
-4932
-6416
-7556
-8286
-8558
-8355
-7684
-6580
-5102
-3330
-1364
685
2706
4582
6209
7493
8363
8769
8689
8126
7112
5705
3984
2046
0
-2039
-3958
-5650
-7021
-7996
-8524
-8577
-8155
-7285
-6019
-4429
-2609
-659
1308
3186
4870
6268
7305
7928
8107
7837
7138
6054
4649
3007
1221
-608
-2379
-3993
-5365
-6422
-7109
-7394
-7269
-6745
-5859
-4665
-3234
-1649
0
1621
3126
4433
5474
6195
6564
6566
6208
5515
4532
3318
1944
489
-966
-2343
-3566
-4571
-5307
-5739
-5849
-5637
-5119
-4330
-3318
-2141
-867
431
1685
2826
3794
4539
5023
5225
5138
4771
4148
3307
2296
1173
0
-1158
-2240
-3188
-3950
-4489
-4776
-4800
-4560
-4073
-3366
-2479
-1462
-370
736
1799
2758
3564
4173
4552
4681
4552
4173
3564
2758
1799
736
-370
-1462
-2479
-3366
-4073
-4560
-4800
-4776
-4489
-3950
-3188
-2240
-1158
0
1173
2296
3307
4148
4771
5138
5225
5023
4539
3794
2826
1685
431
-867
-2141
-3318
-4330
-5119
-5637
-5849
-5739
-5307
-4571
-3566
-2343
-966
489
1944
3318
4532
5515
6208
6566
6564
6195
5474
4433
3126
1621
0
-1649
-3234
-4665
-5859
-6745
-7269
-7394
-7109
-6422
-5365
-3993
-2379
-608
1221
3007
4649
6054
7138
7837
8107
7928
7305
6268
4870
3186
1308
-659
-2609
-4429
-6019
-7285
-8155
-8577
-8524
-7996
-7021
-5650
-3958
-2039
0
2046
3984
5705
7112
8126
8689
8769
8363
7493
6209
4582
2706
685
-1364
-3330
-5102
-6580
-7684
-8355
-8558
-8286
-7556
-6416
-4932
-3192
-1297
646
2527
4241
5695
6810
7529
7819
7672
7103
6153
4883
3373
1713
0
-1668
-3198
-4507
-5527
-6210
-6526
-6470
-6058
-5325
-4327
-3129
-1809
-448
873
2081
3111
3912
4449
4704
4681
4395
3881
3186
2363
1472
574
-274
-1023
-1635
-2080
-2347
-2435
-2358
-2142
-1818
-1428
-1013
-614
-266
0
167
226
181
47
-152
-386
-617
-807
-921
-929
-810
-552
-159
354
960
1619
2281
2893
3399
3745
3886
3785
3423
2796
1918
824
-433
-1787
-3157
-4456
-5595
-6489
-7062
-7255
-7028
-6366
-5281
-3811
-2020
0
2143
4287
6303
8063
9449
10359
10715
10468
9606
8148
6155
3719
964
-1962
-4897
-7670
-10114
-12072
-13415
-14043
-13892
-12946
-11231
-8822
-5834
-2421
1233
4927
8451
11597
14175
16023
17014
17071
16166
14327
11637
8228
4278
0
-4371
-8589
-12411
-15613
-18001
-19423
-19782
-19039
-17214
-14395
-10722
-6391
-1635
3284
8090
12512
16295
19217
21102
21831
21350
19672
16878
13113
8579
3523
-1775
-7021
-11920
-16194
-19598
-21935
-23067
-22922
-21502
-18878
-15191
-10642
-5483
0
5502
10716
15348
19138
21874
23399
23628
22546
20213
16760
12380
7317
1856
-3698
-9036
-13860
-17902
-20940
-22807
-23404
-22704
-20751
-17660
-13610
-8833
-3598
1798
7056
11883
16013
19224
21343
22264
21946
20419
17782
14193
9862
5040
0
-4974
-9608
-13647
-16876
-19127
-20288
-20313
-19219
-17083
-14043
-10283
-6025
-1515
2991
7244
11011
14094
16335
17627
17920
17220
15589
13140
10028
6444
2599
-1286
-4994
-8324
-11100
-13185
-14481
-14941
-14565
-13400
-11536
-9101
-6250
-3155
0
3038
5794
8124
9914
11085
11597
11449
10677
9351
7572
5459
3148
779
-1512
-3600
-5376
-6757
-7686
-8136
-8107
-7631
-6762
-5575
-4158
-2609
-1026
494
1871
3032
3925
4520
4806
4792
4505
3989
3297
2491
1633
784
0
-676
-1210
-1583
-1790
-1839
-1749
-1548
-1273
-960
-648
-371
-156
-24
17
-31
-161
-351
-575
-803
-1003
-1144
-1200
-1150
-985
-702
-311
167
707
1270
1817
2306
2697
2953
3047
2959
2684
2225
1603
848
0
-892
-1774
-2592
-3292
-3827
-4160
-4263
-4123
-3743
-3140
-2344
-1399
-358
718
1768
2728
3542
4162
4549
0
0
0
0
0
0
0
0
0
0
0
0
0
0
0
0
0
0
0
0
0
0
0
0
0
0
0
0
0
0
0
0
0
0
0
0
0
0
0
0
0
0
0
0
0
0
0
0
0
0
0
0
0
0
0
0
0
0
0
0
0
0
0
0
0
0
0
-4681
-4592
-4331
-3905
-3329
-2622
-1810
-921
14
961
1885
2751
3526
4177
4677
5002
5135
5066
4790
4312
3645
2808
1831
748
-400
-1568
-2707
-3768
-4703
-5467
-6019
-6326
-6366
-6125
-5603
-4811
-3773
-2527
-1119
390
1938
3454
4865
6102
7098
7797
8153
8136
7730
6941
5789
4318
2586
666
-1352
-3376
-5305
-7040
-8487
-9563
-10202
-10355
-9997
-9128
-7774
-5986
-3840
-1433
1120
3695
6161
8387
10251
11646
12486
12709
12285
11218
9544
7331
4681
1718
-1410
-4545
-7522
-10182
-12375
-13975
-14882
-15031
-14395
-12989
-10869
-8132
-4907
-1356
2340
5988
9392
12366
14742
16380
17179
17080
16071
14188
11518
8188
4367
252
-3940
-7986
-11665
-14773
-17133
-18607
-19102
-18577
-17047
-14581
-11300
-7373
-3002
1577
6121
10382
14125
17141
19258
20352
20354
19253
17100
14004
10125
5669
876
-3994
-8676
-12913
-16470
-19147
-20794
-21315
-20675
-18906
-16099
-12405
-8024
-3195
1817
6738
11297
15241
18352
20459
21443
21251
19893
17445
14043
9875
5173
199
-4770
-9462
-13617
-17004
-19440
-20793
-20991
-20030
-17969
-14927
-11079
-6644
-1873
2965
7602
11780
15269
17880
19474
19972
19354
17668
15016
11558
7495
3064
-1484
-5892
-9914
-13328
-15950
-17643
-18323
-17966
-16607
-14338
-11300
-7678
-3685
445
4478
8184
11360
13834
15477
16212
16013
14911
12985
10363
7209
3715
89
-3455
-6719
-9519
-11704
-13163
-13827
-13678
-12744
-11099
-8858
-6166
-3193
-121
2868
5601
7923
9709
10869
11352
11150
10296
8859
6944
4681
2216
-295
-2699
-4855
-6638
-7953
-8735
-8954
-8616
-7760
-6457
-4804
-2917
-921
1052
2882
4455
5682
6496
6858
6763
6231
5313
4083
2630
1059
-521
-2008
-3303
-4327
-5018
-5341
-5284
-4863
-4116
-3103
-1902
-599
710
1938
3000
3824
4358
4569
4449
4011
3290
2340
1232
44
-1138
-2233
-3164
-3867
-4294
-4416
-4227
-3740
-2990
-2029
-924
249
1409
2478
3382
4059
4464
4568
4365
3868
3109
2140
1026
-159
-1337
-2430
-3365
-4079
-4528
-4680
-4528
-4081
-3371
-2443
-1361
-196
975
2077
3037
3794
4299
4522
4450
4091
3471
2634
1637
548
-560
-1615
-2547
-3295
-3812
-4067
-4047
-3758
-3223
-2482
-1589
-608
392
1344
2180
2846
3296
3502
3454
3158
2640
1938
1107
208
-692
-1527
-2236
-2767
-3079
-3151
-2975
-2566
-1952
-1178
-303
608
1488
2268
2886
3292
3451
3343
2970
2353
1528
552
-508
-1578
-2579
-3435
-4079
-4456
-4528
-4278
-3710
-2851
-1749
-471
902
2281
3571
4680
5528
6045
6184
5921
5256
4219
2862
1262
-487
-2277
-3995
-5527
-6770
-7633
-8050
-7978
-7406
-6354
-4871
-3037
-955
1253
3455
5515
7301
8697
9605
9959
9720
8889
7502
5629
3371
856
-1769
-4351
-6732
-8766
-10323
-11300
-11629
-11278
-10253
-8606
-6422
-3822
-954
2016
4916
7572
9824
11534
12593
12931
12520
11375
9554
7157
4318
1201
-2016
-5145
-8003
-10421
-12253
-13390
-13759
-13335
-12138
-10233
-7729
-4768
-1521
1824
5074
8039
10546
12450
13638
14043
13638
12450
10546
8039
5074
1824
-1521
-4768
-7729
-10233
-12138
-13335
-13759
-13390
-12253
-10421
-8003
-5145
-2016
1201
4318
7157
9554
11375
12520
12931
12593
11534
9824
7572
4916
2016
-954
-3822
-6422
-8606
-10253
-11278
-11629
-11300
-10323
-8766
-6732
-4351
-1769
856
3371
5629
7502
8889
9720
9959
9605
8697
7301
5515
3455
1253
-955
-3037
-4871
-6354
-7406
-7978
-8050
-7633
-6770
-5527
-3995
-2277
-487
1262
2862
4219
5256
5921
6184
6045
5528
4681
3571
2281
902
-471
-1749
-2851
-3710
-4278
-4528
-4456
-4079
-3435
-2579
-1578
-508
552
1528
2353
2970
3343
3451
3292
2886
2268
1488
608
-303
-1178
-1952
-2566
-2975
-3151
-3079
-2767
-2236
-1527
-692
208
1107
1938
2640
3158
3454
3502
3296
2846
2180
1344
392
-608
-1589
-2482
-3223
-3758
-4047
-4067
-3812
-3295
-2547
-1615
-560
548
1637
2634
3471
4091
4450
4522
4299
3794
3037
2077
975
-196
-1361
-2443
-3371
-4081
-4528
-4680
-4528
-4079
-3365
-2430
-1337
-159
1026
2140
3109
3868
4365
4568
4464
4059
3382
2478
1409
249
-924
-2029
-2990
-3740
-4227
-4416
-4294
-3867
-3164
-2233
-1138
44
1232
2340
3290
4011
4449
4569
4358
3824
3000
1938
710
-599
-1902
-3103
-4116
-4863
-5284
-5341
-5018
-4327
-3303
-2008
-521
1059
2630
4083
5313
6231
6763
6858
6496
5682
4455
2882
1052
-921
-2917
-4804
-6457
-7760
-8616
-8954
-8735
-7953
-6638
-4855
-2699
-295
2216
4681
6944
8859
10296
11150
11352
10869
9709
7923
5601
2868
-121
-3193
-6166
-8858
-11099
-12744
-13678
-13827
-13163
-11704
-9519
-6719
-3455
89
3715
7209
10363
12985
14911
16013
16212
15477
13834
11360
8184
4478
445
-3685
-7678
-11300
-14338
-16607
-17966
-18323
-17643
-15950
-13328
-9914
-5892
-1484
3064
7495
11558
15016
17668
19354
19972
19474
17880
15269
11780
7602
2965
-1873
-6644
-11079
-14927
-17969
-20030
-20991
-20793
-19440
-17004
-13617
-9462
-4770
199
5173
9875
14042
17445
19893
21251
21443
20459
18352
15241
11297
6738
1817
-3195
-8024
-12405
-16099
-18906
-20675
-21315
-20794
-19147
-16470
-12913
-8676
-3994
876
5669
10125
14004
17100
19253
20354
20352
19258
17141
14125
10382
6121
1577
-3002
-7373
-11300
-14581
-17047
-18577
-19102
-18607
-17133
-14773
-11665
-7986
-3940
252
4367
8188
11518
14188
16071
17080
17179
16380
14742
12366
9392
5988
2340
-1356
-4907
-8132
-10869
-12989
-14395
-15031
-14882
-13975
-12375
-10182
-7522
-4545
-1410
1718
4681
7331
9544
11218
12285
12709
12486
11646
10251
8387
6161
3695
1120
-1433
-3840
-5986
-7774
-9128
-9997
-10355
-10202
-9563
-8487
-7040
-5305
-3376
-1352
666
2586
4318
5789
6941
7730
8136
8153
7797
7098
6102
4865
3454
1938
390
-1119
-2527
-3773
-4811
-5603
-6125
-6366
-6326
-6019
-5467
-4703
-3768
-2707
-1568
-400
748
1831
2808
3645
4312
4790
5066
5135
5002
4677
4177
3526
2751
1885
961
14
-921
-1810
-2622
-3329
-3905
-4331
-4592
0
0
0
0
0
0
0
0
0
0
0
0
0
0
0
0
0
0
0
0
0
0
0
0
0
0
0
0
0
0
0
0
0
0
0
0
0
0
0
0
0
0
0
0
0
0
0
0
0
0
0
0
0
0
0
0
0
0
0
0
0
0
0
0
0
0
0
