0
4278
8485
12550
16402
19973
23203
26035
28419
30314
31684
32507
32766
32456
31581
30156
28203
25758
22860
19561
15917
11991
7852
3573
-771
-5106
-9352
-13436
-17284
-20829
-24006
-26759
-29038
-30801
-32015
-32660
-32720
-32196
-31094
-29434
-27244
-24563
-21439
-17925
-14087
-9991
-5712
-1327
3083
7441
11667
15683
19415
22796
25762
28259
30239
31667
32514
32764
32412
31462
29931
27847
25247
22178
18696
14865
10755
6443
2009
-2465
-6896
-11201
-15299
-19113
-22570
-25606
-28162
-30190
-31650
-32514
-32764
-32394
-31411
-29832
-27686
-25012
-21861
-18292
-14372
-10175
-5781
-1274
3259
7733
12062
16161
19951
23359
26318
28771
30668
31973
32659
32711
32127
30919
29107
26727
23823
20452
16679
12577
8226
3711
-879
-5455
-9926
-14204
-18204
-21846
-25058
-27775
-29942
-31516
-32464
-32766
-32415
-31417
-29790
-27567
-24790
-21514
-17805
-13736
-9388
-4849
-209
4437
8997
13377
17489
21248
24578
27411
29687
31359
32393
32765
32468
31507
29899
27676
24884
21579
17828
13707
9301
4700
0
-4703
-9311
-13729
-17864
-21629
-24947
-27746
-29968
-31566
-32503
-32761
-32332
-31225
-29460
-27076
-24119
-20653
-16748
-12488
-7961
-3263
1506
6246
10856
15238
19298
22949
26112
28719
30713
32051
32702
32651
31900
30461
28366
25658
22395
18646
14492
10022
5332
524
-4298
-9029
-13567
-17811
-21669
-25055
-27896
-30127
-31699
-32577
-32739
-32182
-30916
-28967
-26379
-23206
-19519
-15397
-10932
-6222
-1372
3511
8320
12945
17284
21240
24723
27655
29968
31611
32545
32748
32214
30954
28995
26381
23169
19431
15252
10724
5950
1038
-3899
-8751
-13405
-17757
-21705
-25159
-28038
-30277
-31822
-32637
-32702
-32014
-30588
-28456
-25665
-22280
-18377
-14047
-9388
-4509
477
5455
10308
14924
19194
23018
26305
28979
30974
32243
32756
32498
31476
29711
27244
24133
20449
16280
11722
6884
1880
-3170
-8148
-12935
-17416
-21484
-25041
-28000
-30291
-31856
-32659
-32677
-31909
-30373
-28105
-25157
-21600
-17520
-13013
-8189
-3163
1941
7001
11893
16499
20705
24407
27516
29953
31659
32589
32721
32049
30590
28377
25463
21921
17836
13307
8448
3377
-1780
-6896
-11843
-16499
-20746
-24479
-27603
-30040
-31727
-32621
-32699
-31957
-30413
-28105
-25088
-21439
-17247
-12618
-7668
-2522
2689
7836
12787
17416
21605
25247
28248
30530
32035
32723
32574
31592
29801
27244
23987
20112
15718
10917
5832
595
-4660
-9798
-14685
-19194
-23208
-26622
-29345
-31307
-32455
-32757
-32206
-30813
-28614
-25665
-22043
-17841
-13169
-8148
-2911
2405
7661
12717
17440
21705
25397
28419
30689
32146
32750
32483
31352
29385
26633
23169
19084
14487
9500
4255
-1105
-6439
-11603
-16457
-20870
-24723
-27911
-30346
-31961
-32712
-32578
-31559
-29684
-27001
-23582
-19519
-14922
-9916
-4636
771
6162
11386
16301
20770
24671
27896
30354
31977
32719
32558
31498
29565
26813
23317
19172
14492
9407
4058
-1405
-6833
-12073
-16978
-21411
-25247
-28377
-30713
-32188
-32760
-32410
-31148
-29007
-26047
-22351
-18021
-13179
-7961
-2516
3003
8440
13640
18454
22745
26389
29282
31340
32503
32737
32033
30409
27913
24613
20604
16000
10932
5547
0
-5550
-10942
-16021
-20637
-24657
-27963
-30458
-32068
-32745
-32468
-31244
-29107
-26118
-22364
-17952
-13013
-7689
-2137
3479
8997
14252
19090
23367
26955
29748
31662
32640
32650
31691
29790
27003
23411
19119
14256
8965
3403
-2262
-7862
-13230
-18204
-22633
-26385
-29345
-31423
-32556
-32707
-31871
-30072
-27362
-23823
-19561
-14703
-9397
-3803
1908
7565
12994
18030
22517
26318
29316
31419
32559
32702
31841
30001
27238
23635
19302
14372
8996
3339
-2422
-8112
-13553
-18577
-23026
-26761
-29667
-31650
-32648
-32629
-31591
-29565
-26615
-22829
-18327
-13249
-7752
-2009
3799
9491
14886
19815
24120
27666
30338
32052
32751
32412
31044
28690
25423
21345
16586
11295
5642
-193
-6025
-11667
-16938
-21669
-25706
-28920
-31206
-32489
-32726
-31909
-30063
-27244
-23544
-19081
-13998
-8460
-2644
3259
9060
14569
19606
24006
27626
30346
32075
32756
32366
30916
28451
25051
20827
15917
10480
4696
-1244
-7147
-12817
-18065
-22719
-26622
-29644
-31684
-32674
-32578
-31398
-29173
-25975
-21909
-17110
-11737
-5969
0
5972
11747
17130
21941
26016
29217
31436
32596
32657
31615
29504
26395
22390
17625
12260
6476
470
-5554
-11392
-16845
-21726
-25867
-29127
-31393
-32585
-32662
-31619
-29491
-26349
-22301
-17483
-12062
-6222
-166
5898
11762
17222
22088
26191
29387
31566
32648
32597
31411
29131
25835
21636
16679
11138
5205
-912
-7001
-12847
-18244
-23003
-26955
-29960
-31912
-32739
-32412
-30940
-28374
-24803
-20353
-15179
-9465
-3413
2763
8843
14612
19863
24407
28083
30758
32334
32755
32003
30103
27124
23169
18381
12929
7010
836
-5370
-11386
-16993
-21989
-26191
-29446
-31636
-32680
-32538
-31214
-28754
-25247
-20819
-15630
-9868
-3744
2518
8692
14551
19879
24480
28184
30855
32393
32739
31880
29845
26709
22585
17625
12011
5950
-333
-6607
-12639
-18204
-23094
-27128
-30152
-32055
-32763
-32248
-30528
-27666
-23767
-18976
-13473
-7461
-1167
5173
11322
17047
22132
26385
29644
31785
32724
32427
30901
28203
24435
19738
14288
8294
1981
-4409
-10635
-16457
-21654
-26025
-29402
-31656
-32697
-32485
-31027
-28377
-24634
-19943
-14481
-8460
-2109
4324
10594
16457
21686
26077
29459
31699
32710
32451
30929
28203
24378
19601
14056
7961
1552
-4919
-11201
-17047
-22227
-26537
-29806
-31906
-32751
-32307
-30590
-27666
-23648
-18696
-13002
-6791
-309
6187
12441
18204
23246
27366
30398
32222
32762
31995
29951
26709
22398
17189
11289
4935
-1619
-8112
-14281
-19879
-24678
-28486
-31147
-32552
-32643
-31416
-28917
-25247
-20553
-15023
-8882
-2378
4225
10659
16662
21989
26421
29777
31918
32756
32254
30432
27362
23169
18024
12137
5748
-879
-7473
-13762
-19485
-24407
-28323
-31070
-32533
-32650
-31414
-28875
-25136
-20353
-14721
-8475
-1874
4807
11292
17307
22602
26955
30182
32146
32765
32010
29911
26556
22083
16679
10571
4016
-2711
-9326
-15551
-21121
-25799
-29387
-31732
-32732
-32344
-30582
-27520
-23286
-18060
-12062
-5547
1206
7911
14280
20041
24947
28786
31393
32653
32513
30975
28105
24024
18906
12972
6476
-301
-7069
-13534
-19415
-24458
-28443
-31196
-32596
-32580
-31148
-28360
-24336
-19250
-13322
-6811
0
6813
13332
19269
24364
28393
31178
32594
32578
31129
28309
24241
19103
13120
6555
-301
-7147
-13680
-19609
-24671
-28641
-31340
-32648
-32505
-30916
-27948
-23735
-18460
-12360
-5706
1206
8067
14569
20421
25359
29162
31656
32728
32328
30473
27244
22786
17298
11027
4255
-2711
-9557
-15974
-21669
-26383
-29901
-32062
-32766
-31979
-29736
-26137
-21345
-15577
-9095
-2195
4807
11593
17850
23291
27666
30771
32464
32665
31362
28614
24546
19345
13249
6538
-477
-7473
-14125
-20126
-25196
-29098
-31650
-32732
-32292
-30349
-26991
-22374
-16712
-10266
-3339
3746
10659
17076
22694
27251
30530
32377
32702
31489
28793
24740
19519
13375
6597
-494
-7565
-14281
-20323
-25404
-29282
-31772
-32753
-32178
-30072
-26533
-21729
-15887
-9285
-2238
4919
11843
18204
23695
28052
31066
32589
32548
30942
27847
23411
17845
11416
4435
-2763
-9830
-16425
-22227
-26955
-30378
-32330
-32713
-31507
-28769
-24631
-19293
-13013
-6096
1120
8285
15047
21076
26077
29802
32068
32763
31850
29372
25451
20276
14101
7230
0
-7232
-14111
-20295
-25478
-29402
-31872
-32764
-32033
-29711
-25913
-20827
-14703
-7845
-595
6688
13640
19914
25196
29220
31785
32759
32093
29819
26047
20967
14832
7950
664
-6656
-13645
-19948
-25247
-29273
-31822
-32763
-32046
-29706
-25861
-20703
-14492
-7543
-209
7138
14125
20396
25629
29557
31977
32766
31880
29363
25342
20022
13674
6622
-771
-8129
-15071
-21240
-26318
-30042
-32219
-32734
-31559
-28754
-24461
-18901
-12360
-5177
2276
9615
16457
22447
27271
30678
32489
32608
31026
27825
23169
17302
10527
3199
-4298
-11573
-18244
-23960
-28419
-31387
-32705
-32302
-30198
-26501
-21406
-15179
-8148
-684
6817
13962
20369
25700
29668
32064
32757
31710
28975
24698
19103
12488
5205
-2358
-9798
-16717
-22745
-27557
-30894
-32577
-32513
-30703
-27244
-22319
-16192
-9191
-1693
5898
13175
19743
25247
29388
31941
32765
31816
29141
24884
19276
12618
5272
-2362
-9871
-16845
-22903
-27714
-31014
-32621
-32445
-30495
-26875
-21781
-15492
-8351
-749
6896
14165
20658
26016
29942
32220
32721
31417
28377
23767
17841
10926
3403
-4310
-11787
-18613
-24407
-28847
-31684
-32759
-32010
-29476
-25298
-19707
-13013
-5590
2148
9769
16845
22980
27828
31116
32659
32366
30254
26438
21133
14635
7310
-430
-8148
-15409
-21801
-26962
-30598
-32502
-32563
-30778
-27244
-22162
-15818
-8572
-836
6950
14343
20920
26305
30190
32350
32661
31103
27762
22829
16586
9388
1649
-6187
-13670
-20369
-25898
-29936
-32249
-32702
-31267
-28024
-23161
-16955
-9766
-2009
5867
13405
20168
25762
29860
32222
32709
31291
28049
23169
16936
9711
1916
-5992
-13553
-20323
-25904
-29968
-32275
-32687
-31179
-27837
-22855
-16527
-9222
-1372
6562
14111
20829
26318
30252
32397
32623
30916
27374
22206
15718
8294
373
-7571
-15067
-21669
-26980
-30683
-32556
-32483
-30469
-26631
-21197
-14492
-6916
1077
9009
16402
22811
27851
31216
32702
32218
29790
25564
19793
12824
5078
-2978
-10856
-18080
-24210
-28873
-31785
-32766
-31757
-28816
-24119
-17952
-10689
-2772
5316
13083
20053
25799
29968
32304
32662
31017
27469
22233
15630
8064
0
-8067
-15639
-22251
-27492
-31038
-32669
-32282
-29899
-25665
-19840
-12785
-4935
3223
11185
18454
24578
29176
31960
32754
31507
28295
23317
16881
9388
1306
-6859
-14599
-21426
-26913
-30713
-32587
-32415
-30206
-26096
-20343
-13307
-5431
2789
10837
18204
24423
29100
31937
32755
31498
28244
23199
16679
9099
938
-7285
-15047
-21854
-27271
-30951
-32659
-32282
-29844
-25497
-19519
-12290
-4271
4023
12062
19330
25359
29762
32252
32670
30984
27303
21861
15008
7184
-1105
-9326
-16947
-23474
-28484
-31650
-32766
-31757
-28687
-23753
-17274
-9670
-1435
6896
14781
21705
27215
30951
32666
32248
29720
25247
19119
11737
3583
-4807
-12886
-20121
-26035
-30239
-32455
-32534
-30469
-26395
-20578
-13400
-5336
3083
11302
18775
25007
29584
32200
32681
30992
27244
21684
14679
6695
-1736
-10055
-17706
-24178
-29038
-31959
-32744
-31340
-27837
-22468
-15592
-7668
771
9163
16942
23583
28641
31772
32764
31548
28203
22955
16155
8261
-193
-8637
-16499
-23246
-28419
-31667
-32766
-31641
-28366
-23161
-16378
-8479
0
8482
16388
23178
28387
31659
32766
31633
28334
23092
16267
8323
-193
-8699
-16610
-23382
-28547
-31748
-32764
-31521
-28105
-22748
-15818
-7793
771
9287
17161
23850
28887
31923
32744
31292
27666
22114
15023
6884
-1736
-10238
-18030
-24565
-29387
-32158
-32681
-30919
-26991
-21173
-13868
-5590
3083
11543
19194
25499
30012
32414
32534
30361
26047
19895
12336
3903
-4807
-13181
-20625
-26610
-30711
-32637
-32248
-29569
-24790
-18247
-10405
-1820
6896
15124
22277
27843
31423
32760
31757
28483
23169
16196
8060
-655
-9326
-17331
-24094
-29127
-32068
-32703
-30984
-27033
-21133
-13707
-5289
3511
12062
19743
25999
30374
32552
32371
29844
25150
18630
10754
2094
-6719
-15047
-22282
-27896
-31478
-32765
-31661
-28244
-22763
-15616
-7324
1506
10228
18204
24847
29668
32313
32585
30461
26096
19809
12062
3423
-5469
-13962
-21426
-27310
-31178
-32740
-31881
-28661
-23317
-16242
-7961
912
9721
17811
24578
29519
32265
32608
30520
26157
19840
12041
3339
-5613
-14150
-21629
-27492
-31296
-32755
-31758
-28377
-22863
-15630
-7219
1736
10564
18599
25234
29968
32443
32468
30041
25342
18725
10689
1842
-7147
-15598
-22868
-28404
-31785
-32751
-31227
-27327
-21345
-13736
-5078
3969
12717
20496
26712
30887
32702
32014
28875
23522
16364
7950
-1077
-10024
-18204
-24986
-29848
-32414
-32483
-30050
-25298
-18593
-10451
-1499
7571
16058
23305
28750
31969
32711
30916
26720
20449
12587
3744
-5391
-14111
-21734
-27666
-31442
-32766
-31533
-27837
-21964
-14372
-5653
3510
12401
20323
26654
30894
32710
31957
28692
23169
15822
7226
-1941
-10958
-19113
-25762
-30378
-32596
-32237
-29328
-24096
-16955
-8469
691
9799
18132
25028
29936
32465
32412
29778
24772
17791
9388
234
-8940
-17404
-24479
-29598
-32350
-32513
-30072
-25219
-18342
-9991
-836
8388
16942
24135
29387
32275
32563
30226
25451
18620
10283
1113
-8148
-16754
-24006
-29316
-32252
-32574
-30254
-25477
-18630
-10266
-1066
8222
16845
24098
29390
32286
32549
30156
25298
18372
9941
695
-8610
-17213
-24407
-29603
-32371
-32482
-29925
-24908
-17841
-9305
0
9307
17850
24924
29942
32491
32356
29546
24293
17028
8351
-1019
-10308
-18745
-25629
-30386
-32621
-32145
-28995
-23432
-15917
-7073
2362
11603
19879
26497
30903
32728
31816
28241
22301
14491
5464
-4023
-13175
-21224
-27492
-31451
-32766
-31324
-27244
-20868
-12732
-3519
5992
15001
22745
28568
31977
32682
30619
25962
19103
10622
1238
-8253
-17047
-24394
-29668
-32420
-32412
-29643
-24347
-16973
-8148
1373
10781
19269
26112
30723
32705
31886
28334
22351
14449
5304
-4298
-13534
-21608
-27826
-31650
-32749
-31026
-26627
-19930
-11510
-2094
7504
16457
23989
29446
32355
32460
29752
24461
17046
8148
-1459
-10942
-19477
-26318
-30870
-32732
-31742
-27983
-21780
-13674
-4371
5316
14541
22496
28484
31977
32669
30495
25645
18541
9807
209
-9410
-18204
-25397
-30356
-32640
-32046
-28625
-22675
-14721
-5464
4278
13645
21806
28038
31787
32719
30748
26047
19032
10324
695
-8997
-17892
-25196
-30256
-32621
-32077
-28669
-22701
-14703
-5389
4409
13816
21989
28193
31872
32694
30582
25725
18555
9715
0
-9718
-18563
-25739
-30598
-32699
-31850
-28126
-21861
-13619
-4144
5708
15047
23026
28920
32194
32549
29951
24631
17073
7961
-1876
-11547
-20168
-26955
-31287
-32766
-31257
-26894
-20073
-11416
-1713
8148
17267
24807
30076
32589
32113
28690
22632
14492
5018
-4919
-14407
-22570
-28657
-32104
-32591
-30072
-24775
-17189
-8012
1907
11653
20323
27113
31393
32763
31094
26539
19519
10683
852
-9060
-18132
-25519
-30530
-32697
-31816
-27965
-21503
-13031
-3339
6667
16052
23938
29584
32459
32292
29097
23169
15065
5543
-4501
-14125
-22423
-28612
-32108
-32578
-29977
-24546
-16798
-7461
2582
12385
21019
27666
31694
32721
30647
25665
18247
9095
-923
-10856
-19760
-26786
-31264
-32766
-31146
-26556
-19431
-10451
-470
9557
18675
26008
30855
32749
31507
27244
20368
11537
1595
-8501
-17784
-25359
-30497
-32702
-31758
-27754
-21074
-12360
-2451
7696
17103
24860
30215
32648
31922
28105
21563
12929
3039
-7147
-16643
-24525
-30025
-32607
-32016
-28309
-21844
-13249
-3359
6859
16412
24364
29939
32588
32050
28377
21924
13322
3413
-6833
-16412
-24382
-29960
-32596
-32028
-28309
-21804
-13150
-3199
7069
16643
24578
30089
32630
31946
28105
21482
12732
2719
-7565
-17103
-24947
-30318
-32680
-31797
-27754
-20951
-12062
-1970
8320
17784
25478
30633
32732
31565
27244
20200
11134
952
-9326
-18675
-26154
-31014
-32765
-31228
-26556
-19215
-9941
333
10578
19760
26955
31436
32749
30759
25665
17979
8475
-1887
-12062
-21019
-27851
-31864
-32650
-30126
-24546
-16475
-6728
3703
13762
22423
28806
32258
32427
29291
23169
14683
4696
-5772
-15653
-23938
-29777
-32571
-32033
-28214
-21503
-12587
-2378
8077
17706
25519
30711
32748
31416
26850
19519
10175
-219
-10594
-19879
-27113
-31549
-32726
-30520
-25157
-17189
-7439
3083
13289
22119
28657
32222
32441
29289
23092
14492
4381
-6187
-16114
-24364
-30076
-32652
-31820
-27666
-20619
-11416
-1017
9491
19008
26537
31287
32757
30792
25595
17709
7961
-2625
-12939
-21894
-28547
-32194
-32451
-29286
-23032
-14346
-4144
6498
16457
24678
30291
32699
31644
27238
19943
10531
0
-10533
-19951
-27251
-31656
-32694
-30254
-24592
-16309
-6286
4409
14637
23305
29487
32519
32077
28203
21312
12137
1660
-8997
-18692
-26385
-31248
-32757
-30748
-25434
-17383
-7461
3266
13645
22556
29038
32390
32248
28625
21909
12824
2351
-8378
-18204
-26061
-31098
-32765
-30880
-25645
-17625
-7689
3083
13524
22496
29023
32393
32235
28565
21780
12618
2077
-8692
-18516
-26318
-31245
-32755
-30681
-25247
-17046
-6975
3863
14280
23132
29446
32527
32033
28015
20915
11510
836
-9932
-19609
-27125
-31650
-32682
-30103
-24198
-15616
-5304
5596
15880
24407
30232
32705
31550
26894
19250
9465
-1373
-12062
-21411
-28379
-32188
-32412
-29022
-22395
-13267
-2656
8253
18244
26197
31222
32754
30619
25054
16679
6433
-4537
-15001
-23783
-29895
-32648
-31731
-27244
-19690
-9916
976
11762
21224
28293
32170
32415
28997
22301
13080
2378
-8595
-18599
-26497
-31393
-32729
-30352
-24528
-15917
-5494
5554
15974
24578
30386
32734
31352
26395
18425
8351
-2679
-13405
-22602
-29217
-32491
-32046
-27932
-20616
-10936
0
10939
20625
27944
32055
32482
29173
22507
13249
2462
-8610
-18692
-26622
-31481
-32707
-30156
-24119
-15293
-4696
6446
16845
25296
30817
32766
30916
25477
17079
6695
-4468
-15115
-24006
-30106
-32702
-31489
-26606
-18620
-8460
2689
13528
22788
29387
32552
31909
27532
19930
9991
-1120
-12103
-21669
-28693
-32350
-32208
-28280
-21025
-11295
-234
10856
20671
28052
32127
32412
28871
21921
12379
1372
-9799
-19815
-27487
-31906
-32545
-29328
-22632
-13249
-2291
8940
19113
27016
31708
32629
29666
23169
13911
2992
-8285
-18577
-26654
-31549
-32677
-29899
-23544
-14372
-3477
7836
18214
26411
31442
32702
30037
23764
14635
3744
-7598
-18030
-26293
-31393
-32711
-30086
-23833
-14703
-3796
7571
18026
26305
31405
32707
30050
23753
14577
3632
-7754
-18204
-26446
-31479
-32688
-29925
-23522
-14256
-3253
8148
18560
26712
31608
32650
29706
23135
13736
2656
-8751
-19090
-27095
-31785
-32581
-29385
-22585
-13013
-1842
9557
19786
27585
31994
32468
28947
21861
12081
809
-10564
-20637
-28166
-32219
-32293
-28377
-20951
-10932
440
11762
21629
28819
32437
32033
27653
19840
9561
-1907
-13142
-22745
-29519
-32621
-31661
-26755
-18514
-7961
3586
14689
23960
30239
32740
31148
25658
16955
6128
-5469
-16384
-25247
-30944
-32759
-30461
-24336
-15151
-4058
7546
18204
26572
31595
32638
29565
22763
13087
1756
-9798
-20118
-27896
-32148
-32332
-28424
-20915
-10754
771
12203
22088
29171
32552
31797
27001
18769
8148
-3511
-14727
-24069
-30346
-32754
-30984
-25260
-16309
-5272
6439
17331
26008
31359
32696
29845
23169
13521
2137
-9523
-19964
-27843
-32146
-32318
-28334
-20703
-10405
1234
12717
22564
29503
32637
31559
26407
17841
6968
-4807
-15965
-25058
-30909
-32757
-30361
-24028
-14577
-3233
8533
19194
27364
31977
32433
28669
21173
10917
-762
-12345
-22321
-29387
-32619
-31592
-26438
-17828
-6884
4961
16161
25247
31028
32744
30168
23635
13998
2522
-9287
-19879
-27860
-32179
-32265
-28105
-20242
-9711
2101
13640
23382
30040
32733
31103
25362
16267
5018
-6896
-17901
-26537
-31659
-32585
-29190
-21921
-11741
0
11743
21929
29201
32589
31641
26480
17791
6728
-5233
-16499
-25566
-31222
-32709
-29826
-22955
-13013
-1327
10537
20994
28641
32450
31909
27088
18630
7668
-4324
-15739
-25041
-30976
-32744
-30105
-23411
-13561
-1880
10055
20637
28436
32397
31982
27244
18822
7852
-4182
-15653
-25007
-30974
-32743
-30072
-23319
-13400
-1660
10308
20879
28612
32455
31881
26966
18377
7282
-4807
-16245
-25468
-31216
-32702
-29720
-22675
-12528
-664
11292
21705
29147
32596
31576
26225
17274
5950
-6193
-17489
-26383
-31650
-32564
-28995
-21433
-10917
1105
12978
23064
29968
32737
30984
24950
15465
3839
-8320
-19330
-27666
-32170
-32217
-27796
-19519
-8531
3643
15314
24860
30951
32739
29972
23032
12884
938
-11141
-21669
-29176
-32613
-31498
-25982
-16835
-5332
6918
18204
26944
31912
32410
28366
20343
9465
-2743
-14569
-24351
-30713
-32759
-30198
-23387
-13283
-1306
10856
21492
29100
32604
31507
25962
16748
5166
-7147
-18454
-27152
-32008
-32332
-28076
-19840
-8789
3510
15314
24947
31038
32720
29752
22551
12140
0
-12143
-22559
-29762
-32723
-31017
-24884
-15198
-3339
8998
20053
28242
32393
31908
26854
17952
6476
-5930
-17489
-26541
-31785
-32465
-28481
-20402
-9388
2978
14918
24714
30951
32730
29790
22554
12062
-172
-12385
-22811
-29942
-32746
-30813
-24421
-14492
-2462
9926
20879
28806
32556
31581
26021
16679
4912
-7571
-18956
-27585
-32200
-32127
-27374
-18630
-7167
5342
17076
26318
31719
32485
28504
20353
9222
-3259
-15267
-25041
-31147
-32687
-29434
-21861
-11077
1334
13553
23783
30517
32764
30189
23169
12736
423
-11953
-22570
-29860
-32743
-30792
-24293
-14202
-2009
10483
21426
29201
32652
31267
25247
15482
3419
-9153
-20369
-28563
-32514
-31633
-26047
-16586
-4654
7973
19415
27967
32350
31910
26709
17520
5712
-6950
-18577
-27428
-32179
-32116
-27244
-18292
-6597
6088
17864
26962
32015
32263
27666
18910
7310
-5391
-17284
-26579
-31872
-32366
-27983
-19380
-7852
4862
16845
26287
31760
32433
28203
19707
8226
-4501
-16550
-26094
-31684
-32472
-28334
-19895
-8434
4310
16402
26003
31651
32486
28377
19946
8475
-4288
-16402
-26016
-31662
-32478
-28334
-19861
-8351
4437
16550
26133
31717
32445
28203
19638
8060
-4756
-16845
-26351
-31812
-32386
-27983
-19276
-7602
5243
17284
26666
31941
32293
27666
18769
6975
-5898
-17864
-27071
-32095
-32157
-27244
-18113
-6176
6719
18577
27557
32265
31968
26709
17302
5205
-7702
-19415
-28111
-32434
-31710
-26047
-16326
-4058
8843
20369
28719
32588
31368
25247
15179
2736
-10137
-21426
-29364
-32705
-30922
-24293
-13853
-1238
11573
22570
30025
32764
30353
23169
12339
-434
-13142
-23783
-30678
-32739
-29638
-21861
-10632
2276
14829
25041
31296
32604
28754
20353
8727
-4282
-16616
-26318
-31849
-32328
-27676
-18630
-6622
6439
18480
27585
32302
31880
26381
16679
4318
-8734
-20396
-28806
-32620
-31227
-24845
-14492
-1820
11144
22329
29942
32763
30335
23047
12062
-859
-13645
-24243
-30951
-32688
-29173
-20967
-9388
3703
16202
26094
31785
32354
27709
18593
6476
-6688
-18775
-27832
-32393
-31718
-25913
-15915
-3339
9779
21317
29402
32723
30737
23764
12933
0
-12935
-23772
-30745
-32720
-29372
-21243
-9654
3510
16105
26077
31798
32332
27590
18342
6096
-7147
-19226
-28162
-32493
-31507
-25362
-15061
-2291
10856
22227
29953
32765
30198
22670
11416
-1716
-14569
-25028
-31370
-32548
-28366
-19509
-7435
5867
18204
27539
32330
31782
25982
15887
3163
-10086
-21669
-29667
-32753
-30413
-23032
-11831
1334
14281
24860
31312
32563
28403
19519
7387
-5976
-18347
-27666
-32377
-31693
-25725
-15465
-2622
10659
22164
29968
32766
30086
22374
10917
-2369
-15261
-25599
-31650
-32396
-27709
-18372
-5950
7473
19643
28516
32596
31195
24546
13765
664
-12550
-23653
-30771
-32702
-29116
-20616
-8634
4807
17440
27128
32230
31881
26137
15968
3092
-10308
-21966
-29901
-32766
-30072
-22272
-10689
2711
15653
25937
31812
32275
27244
17574
4908
-8595
-20637
-29162
-32712
-30681
-23411
-12140
1206
14349
25041
31451
32480
27948
18630
6117
-7445
-19735
-28641
-32634
-31026
-24089
-13013
301
13567
24501
31222
32570
28309
19172
6728
-6876
-19298
-28393
-32589
-31159
-24347
-13326
0
13328
24354
31166
32585
28360
19220
6748
-6896
-19347
-28443
-32604
-31103
-24198
-13087
301
13640
24608
31294
32533
28105
18778
6176
-7504
-19879
-28786
-32669
-30847
-23635
-12290
1206
14493
25247
31583
32389
27520
17828
5008
-8692
-20870
-29387
-32745
-30352
-22624
-10917
2711
15865
26229
31977
32094
26556
16335
3233
-10442
-22277
-30182
-32757
-29546
-21112
-8944
4807
17712
27483
32390
31559
25136
14256
845
-12717
-24026
-31070
-32598
-28334
-19032
-6345
7473
19964
28903
32697
30666
23169
11540
-2148
-15456
-26008
-31918
-32127
-26596
-16309
-3103
10659
22517
30346
32741
29270
20553
8148
-5719
-18563
-28078
-32552
-31179
-24202
-12874
771
14281
25223
31625
32332
27214
17189
4062
-9798
-21894
-30040
-32762
-29565
-21025
-8682
5233
18204
27882
32514
31257
24336
13002
-691
-14262
-25247
-31650
-32307
-27094
-16955
-3732
10171
22227
30239
32747
29289
20494
7961
-6025
-18915
-28356
-32621
-30929
-23586
-11931
1907
15400
26077
31982
32033
26215
15592
2109
-11762
-23479
-30889
-32629
-28377
-18910
-5966
8077
20637
29402
32756
30080
21861
9613
-4409
-17621
-27585
-32459
-31342
-24435
-13013
816
14497
25499
31785
32188
26631
16140
2656
-11322
-23203
-30782
-32650
-28456
-18976
-5969
8148
20755
29503
32763
29925
21514
9095
-5021
-18204
-27995
-32564
-31058
-23753
-12011
1977
15598
26305
32095
31880
25698
14703
952
-12978
-24480
-31393
-32418
-27360
-17165
-3744
10381
22559
30497
32702
28754
19394
6380
-7836
-20580
-29446
-32762
-29899
-21393
-8847
5370
18577
28275
32630
30814
23169
11138
-3003
-16579
-27016
-32334
-31523
-24733
-13249
751
14612
25700
31906
32048
26096
15179
1372
-12698
-24354
-31371
-32412
-27273
-16932
-3359
10856
23003
30758
32638
28280
18514
5205
-9101
-21669
-30089
-32747
-29131
-19930
-6905
7445
20371
29387
32762
29844
21189
8460
-5898
-19125
-28673
-32702
-30433
-22301
-9868
4468
17946
27963
32585
30916
23274
11134
-3159
-16845
-27275
-32428
-31305
-24119
-12260
1977
15833
26622
32247
31615
24845
13249
-923
-14918
-26016
-32055
-31858
-25461
-14105
0
14107
25468
31864
32046
25975
14832
792
-13405
-24986
-31684
-32188
-26395
-15435
-1452
12817
24578
31525
32292
26727
15917
1981
-12345
-24250
-31393
-32366
-26976
-16280
-2378
11993
24006
31293
32415
27148
16527
2644
-11762
-23850
-31230
-32442
-27244
-16660
-2779
11653
23783
31206
32451
27267
16679
2783
-11667
-23806
-31222
-32441
-27217
-16586
-2656
11803
23919
31277
32412
27094
16378
2398
-12062
-24120
-31370
-32361
-26894
-16056
-2009
12441
24407
31496
32285
26615
15616
1488
-12939
-24777
-31650
-32178
-26251
-15055
-836
13553
25223
31826
32033
25797
14372
52
-14280
-25739
-32015
-31841
-25247
-13561
863
15115
26318
32208
31592
24592
12618
-1908
-16052
-26950
-32393
-31276
-23823
-11540
3083
17085
27622
32556
30880
22932
10324
-4384
-18204
-28323
-32682
-30389
-21909
-8965
5807
19399
29038
32755
29790
20744
7461
-7347
-20658
-29748
-32757
-29067
-19428
-5811
8997
21966
30436
32669
28203
17952
4016
-10746
-23305
-31079
-32468
-27184
-16309
-2077
12583
24657
31656
32135
25992
14491
0
-14493
-25999
-32139
-31644
-24613
-12494
2208
16457
27304
32503
30975
23032
10317
-4537
-18454
-28547
-32719
-30103
-21238
-7961
6971
20458
29694
32757
29007
19220
5431
-9491
-22439
-30713
-32587
-27666
-16973
-2736
12073
24364
31568
32177
26060
14492
-108
-14689
-26197
-32222
-31498
-24174
-11781
3083
17304
27896
32634
30520
21996
8847
-6162
-19879
-29416
-32766
-29219
-19519
-5706
9311
22368
30711
32578
27570
16743
2378
-12491
-24723
-31732
-32033
-25558
-13674
1105
15653
26888
32428
31095
23169
10328
-4707
-18745
-28806
-32750
-29736
-20402
-6728
8378
21705
30414
32650
27932
17262
2911
-12062
-24465
-31651
-32083
-25665
-13765
1077
15692
26955
32455
31012
22932
9941
-5180
-19194
-29098
-32765
-29406
-19738
-5832
9326
22486
30817
32526
27244
16102
1495
-13436
-25478
-32035
-31693
-24521
-12062
2999
17416
28078
32680
30226
21243
7668
-7565
-21167
-30192
-32685
-28105
-17438
-2992
12103
24578
31727
31995
25321
13150
-1876
-16499
-27539
-32596
-30567
-21889
-8448
6833
20630
29936
32722
28377
17845
3419
-11753
-24364
-31659
-32040
-25423
-13249
1823
16499
27568
32607
30508
21729
8189
-7147
-20920
-30108
-32693
-28105
-17347
-2779
12401
24860
31856
31850
24838
12360
-2839
-17416
-28160
-32702
-30037
-20749
-6884
8501
22013
30668
32552
27244
15915
1066
-14020
-26008
-32243
-31342
-23500
-10451
4915
19194
29220
32766
29042
18871
4509
-10856
-23813
-31479
-32147
-25665
-13473
1720
16533
27666
32637
30335
21271
7461
-8015
-21705
-30552
-32578
-27327
-15968
-1038
14125
26133
32294
31228
23169
9920
-5554
-19786
-29584
-32748
-28565
-17970
-3339
12043
24723
31849
31816
24627
11897
-3511
-18132
-28673
-32755
-29458
-19519
-5177
10334
23516
31393
32182
25702
13414
-1907
-16800
-27896
-32682
-30072
-20653
-6555
9029
22570
30997
32395
26445
14492
-751
-15827
-27310
-32589
-30461
-21406
-7481
8148
21926
30713
32507
26894
15151
-48
-15238
-26955
-32522
-30664
-21804
-7961
7702
21608
30575
32549
27076
15403
202
-15047
-26852
-32503
-30703
-21861
-8002
7696
21629
30598
32538
27001
15255
0
-15257
-27007
-32541
-30582
-21579
-7602
8129
21989
30779
32468
26664
14703
-655
-15865
-27411
-32621
-30288
-20948
-6758
8997
22672
31098
32318
26047
13736
-1763
-16855
-28038
-32713
-29790
-19946
-5464
10289
23653
31516
32046
25116
12336
-3319
-18204
-28847
-32766
-29042
-18541
-3711
11987
24889
31977
31593
23823
10480
-5316
-19871
-29777
-32711
-27983
-16697
-1495
14059
26318
32404
30885
22114
8148
-7733
-21801
-30745
-32460
-26539
-14372
1180
16457
27860
32699
29832
19930
5325
-10537
-23916
-31650
-31910
-24631
-11530
4298
19113
29409
32747
28334
17210
2009
-13670
-26112
-32365
-30942
-22178
-8148
7817
21929
30833
32412
26285
13907
-1780
-17047
-28259
-32743
-29429
-19103
-4222
11667
24777
31977
31548
23586
9991
-5992
-20546
-30192
-32619
-27244
-15350
219
15739
27492
32660
30001
20149
5464
-10533
-24006
-31719
-31816
-24270
-10892
5106
19879
29873
32681
27625
15917
373
-15261
-27221
-32621
-30156
-20416
-5748
10308
23879
31684
31836
24293
10875
-5173
-19973
-29942
-32665
-27477
-15633
0
15636
27483
32666
29925
19920
5078
-10999
-24407
-31886
-31615
-23656
-9941
6193
20824
30386
32549
26782
14487
-1341
-16845
-28242
-32749
-29262
-18630
-3445
12583
25539
32252
31078
22301
8064
-8148
-22368
-31111
-32231
-25451
-12429
3643
18824
29387
32737
28047
16465
836
-15001
-27152
-32625
-30072
-20115
-5205
10989
24479
31937
31523
23335
9388
-6876
-21447
-30723
-32412
-26092
-13322
2743
18132
29038
32759
28371
16955
1338
-14612
-26944
-32596
-30164
-20247
-5304
10958
24501
31960
31477
23169
9099
-7236
-21774
-30894
-32323
-25702
-12676
3510
18824
29446
32724
27837
16000
166
-15711
-27666
-32707
-29572
-19041
-3744
12491
25602
32304
30916
21780
7184
-9215
-23305
-31551
-31880
-24205
-10451
5930
20824
30486
32483
26311
13518
-2679
-18204
-29147
-32749
-28098
-16364
-502
15488
27574
32702
29574
18976
3583
-12717
-25806
-32371
-30748
-21345
-6538
9926
23879
31785
31636
23467
9346
-7147
-21830
-30974
-32254
-25342
-11991
4409
19692
29968
32623
26976
14462
-1736
-17495
-28798
-32764
-28377
-16752
-852
15267
27492
32699
29554
18857
3339
-13034
-26077
-32450
-30520
-20777
-5712
10817
24578
32042
31291
22515
7961
-8637
-23021
-31496
-31881
-24075
-10079
6509
21426
30833
32307
25463
12062
-4448
-19815
-30076
-32585
-26689
-13907
2465
18204
29244
32732
27762
15616
-569
-16610
-28356
-32765
-28692
-17189
-1231
15047
27428
32699
29490
18630
2932
-13528
-26478
-32552
-30168
-19943
-4530
12062
25519
32337
30737
21133
6022
-10659
-24565
-32068
-31208
-22206
-7407
9326
23628
31760
31593
23169
8686
-8070
-22719
-31423
-31903
-24028
-9858
6896
21846
31070
32147
24790
10926
-5807
-21019
-30711
-32336
-25461
-11891
4807
20244
30356
32478
26047
12755
-3899
-19528
-30012
-32581
-26556
-13521
3083
18877
29687
32654
26991
14192
-2362
-18294
-29387
-32703
-27360
-14769
1736
17784
29119
32734
27666
15255
-1206
-17349
-28887
-32752
-27913
-15652
771
16993
28695
32761
28105
15962
-434
-16717
-28547
-32765
-28244
-16186
193
16523
28443
32766
28334
16326
-48
-16412
-28387
-32766
-28374
-16382
0
0
0
0
0
0
0
0
0
0
0
0
0
0
0
0
0
0
0
0
0
0
0
0
0
0
0
0
0
0
0
0
0
0
0
0
0
0
0
0
0
0
0
0
0
0
0
0
0
0
0
0
0
0
0
0
0
0
0
0
0
0
0
0
0
0
0
0
0
0
0
0
0
0
0
0
0
0
0
0
0
0
0
0
0
0
0
0
0
0
0
0
0
0
0
0
0
0
0
0
0
0
0
0
0
0
0
0
0
0
0
0
0
0
0
0
0
0
0
0
0
0
0
0
0
0
0
0
0
0
0
0
0
0
0
0
0
0
0
0
0
0
0
0
0
0
0
0
0
0
0
0
0
0
0
0
0
0
0
0
0
0
0
0
0
0
0
0
0
0
0
0
0
0
0
0
0
0
0
0
0
0
0
0
0
0
0
0
0
0
0
0
0
0
0
0
0
0
0
0
0
0
0
0
0
0
0
0
0
0
0
0
0
0
0
0
0
0
0
0
0
0
0
0
0
0
0
0
0
0
0
0
0
0
0
0
0
0
0
0
0
0
0
0
0
0
0
0
0
0
0
0
0
0
0
0
0
0
0
0
0
0
0
0
0
0
0
0
0
0
0
0
0
0
0
0
0
0
0
0
0
0
0
0
0
0
0
0
0
0
0
0
0
0
0
0
0
0
0
0
0
0
0
0
0
0
0
0
0
0
0
0
0
0
0
0
0
0
0
0
0
0
0
0
0
0
0
0
0
0
0
0
0
0
0
0
0
0
0
0
0
0
0
0
0
0
0
0
0
0
0
0
0
0
0
0
0
0
0
0
0
0
0
0
0
0
0
0
0
0
0
0
0
0
0
0
0
0
0
0
0
0
0
0
0
0
0
0
0
0
0
0
0
0
0
0
0
0
0
0
0
0
0
0
0
0
0
0
0
0
0
0
0
0
0
0
0
0
0
0
0
0
0
0
0
0
0
0
0
0
0
0
0
0
0
0
0
0
0
0
0
0
0
0
0
0
0
0
0
0
0
0
0
0
0
0
0
0
0
0
0
0
0
0
0
0
0
0
0
0
0
0
0
0
0
0
0
0
0
0
0
0
0
0
0
0
0
0
0
0
0
0
0
0
0
0
0
0
0
0
0
0
0
0
0
0
0
0
0
0
0
0
0
0
0
0
0
0
0
0
0
0
0
0
0
0
0
0
0
0
0
0
0
0
0
0
0
0
0
0
0
0
0
0
0
0
0
0
0
0
0
0
0
0
0
0
0
0
0
0
0
0
0
0
0
0
0
0
0
0
0
0
0
0
0
0
0
0
0
0
0
0
0
0
0
0
0
0
0
0
0
0
0
0
0
0
0
0
0
0
0
0
0
0
0
0
0
0
0
0
0
0
0
0
0
0
0
0
0
0
0
0
0
0
0
0
0
0
0
0
0
0
0
0
0
0
0
0
0
0
0
0
0
0
0
0
0
0
0
0
0
0
0
0
0
0
0
0
0
0
0
0
0
0
0
0
0
0
0
0
0
0
0
0
0
0
0
0
0
0
0
0
0
0
0
0
0
0
0
0
0
0
0
0
0
0
0
0
0
0
0
0
0
0
0
0
0
0
0
0
0
0
0
0
0
0
0
0
0
0
0
0
0
0
0
0
0
0
0
0
0
0
0
0
0
0
0
0
0
0
0
0
0
0
0
0
0
0
0
0
0
0
0
0
0
0
0
0
0
0
0
0
0
0
0
0
0
0
0
0
0
0
0
0
0
0
0
0
0
0
0
0
0
0
0
0
0
0
0
0
0
0
0
0
0
0
0
0
0
0
0
0
0
0
0
0
0
0
0
0
0
0
0
0
0
0
0
0
0
0
0
0
0
0
0
0
0
0
0
0
0
0
0
0
0
0
0
0
0
0
0
0
0
0
0
0
0
0
0
0
0
0
0
0
0
0
0
0
0
0
0
0
0
0
0
0
0
0
0
0
0
0
0
0
0
0
0
0
0
0
0
0
0
0
0
0
0
0
0
0
0
0
0
0
0
0
0
0
0
0
0
0
0
0
0
0
0
0
0
0
0
0
0
0
0
0
0
0
0
0
0
0
0
0
0
0
0
0
0
0
0
0
0
0
0
0
0
0
0
0
0
0
0
0
0
0
0
0
0
0
0
0
0
0
0
0
0
0
0
0
19660
19187
17792
15542
12549
8958
4946
707
-3551
-7623
-11313
-14443
-16865
-18466
-19173
-18959
-17840
-15878
-13174
-9866
-6117
-2114
1947
5872
9474
12582
15055
16783
17692
17752
16973
15406
13138
10291
7010
3461
-182
-3746
-7061
-9976
-12362
-14119
-15178
-15507
-15110
-14026
-12325
-10104
-7484
-4600
-1595
1384
4202
6733
8869
10526
11646
12200
12187
11632
10585
9118
7318
5285
3124
939
-1168
-3110
-4807
-6201
-7249
-7929
-8238
-8192
-7820
-7165
-6281
-5227
-4062
-2848
-1638
-481
582
1524
2326
2978
3481
3843
4077
4201
4233
4192
4092
3947
3762
3539
3276
2966
2600
2166
1655
1059
377
-387
-1225
-2117
-3036
-3949
-4814
-5588
-6225
-6678
-6908
-6879
-6565
-5955
-5050
-3866
-2436
-807
959
2791
4607
6320
7846
9101
10013
10522
10583
10173
9291
7956
6215
4131
1792
-703
-3243
-5709
-7984
-9956
-11525
-12606
-13137
-13082
-12430
-11200
-9439
-7220
-4639
-1813
1129
4052
6818
9297
11368
12933
13914
14261
13956
13011
11468
9399
6901
4091
1103
-1922
-4844
-7524
-9837
-11677
-12961
-13633
-13666
-13068
-11873
-10146
-7975
-5472
-2760
27
2757
5298
7534
9363
10707
11511
11751
11429
10575
9246
7520
5494
3276
982
-1270
-3374
-5226
-6745
-7865
-8546
-8770
-8544
-7898
-6885
-5573
-4045
-2392
-708
912
2386
3638
4609
5258
5564
5525
5162
4511
3626
2570
1418
245
-872
-1865
-2673
-3249
-3561
-3594
-3353
-2857
-2143
-1262
-275
751
1747
2644
3379
3899
4165
4153
3853
3276
2449
1415
228
-1042
-2326
-3546
-4630
-5509
-6125
-6433
-6405
-6030
-5315
-4288
-2992
-1485
158
1859
3532
5090
6453
7545
8307
8692
8672
8240
7407
6205
4686
2914
970
-1056
-3072
-4985
-6703
-8144
-9241
-9937
-10200
-10011
-9378
-8325
-6897
-5156
-3179
-1051
1132
3276
5287
7076
8566
9692
10407
10681
10502
9882
8847
7445
5736
3796
1706
-443
-2563
-4564
-6365
-7892
-9085
-9898
-10302
-10284
-9851
-9023
-7841
-6355
-4630
-2738
-758
1229
3146
4915
6467
7745
8701
9302
9528
9377
8858
7999
6838
5424
3816
2082
290
-1487
-3181
-4726
-6064
-7144
-7929
-8391
-8516
-8305
-7772
-6940
-5850
-4546
-3085
-1527
63
1623
3089
4405
5518
6388
6983
7283
7283
6987
6414
5593
4563
3373
2075
727
-612
-1885
-3040
-4030
-4815
-5367
-5669
-5715
-5512
-5076
-4435
-3627
-2694
-1685
-651
356
1292
2113
2783
3276
3575
3674
3579
3303
2873
2319
1682
1001
320
-318
-876
-1323
-1633
-1790
-1790
-1638
-1347
-943
-456
75
612
1111
1533
1842
2009
2013
1844
1502
1000
360
-382
-1187
-2006
-2788
-3480
-4031
-4399
-4546
-4448
-4091
-3479
-2627
-1566
-340
993
2373
3726
4981
6065
6915
7473
7695
7553
7037
6154
4931
3414
1664
-241
-2217
-4169
-6002
-7622
-8945
-9897
-10420
-10476
-10049
-9144
-7792
-6044
-3974
-1669
764
3219
5578
7730
9571
11010
11972
12406
12283
11602
10388
8689
6580
4153
1518
-1205
-3893
-6421
-8672
-10542
-11944
-12812
-13106
-12812
-11944
-10542
-8672
-6421
-3893
-1205
1518
4153
6580
8689
10388
11602
12283
12406
11972
11010
9571
7730
5578
3219
764
-1669
-3974
-6044
-7792
-9144
-10049
-10476
-10420
-9897
-8945
-7622
-6002
-4169
-2217
-241
1664
3414
4931
6154
7037
7553
7695
7473
6915
6065
4981
3726
2373
993
-340
-1566
-2627
-3479
-4091
-4448
-4546
-4399
-4031
-3480
-2788
-2006
-1187
-382
360
1000
1502
1844
2013
2009
1842
1533
1111
612
75
-456
-943
-1347
-1638
-1790
-1790
-1633
-1323
-876
-318
320
1001
1682
2319
2873
3303
3579
3674
3575
3276
2783
2113
1292
356
-651
-1685
-2694
-3627
-4435
-5076
-5512
-5715
-5669
-5367
-4815
-4030
-3040
-1885
-612
727
2075
3373
4563
5593
6414
6987
7283
7283
6983
6388
5518
4405
3089
1623
63
-1527
-3085
-4546
-5850
-6940
-7772
-8305
-8516
-8391
-7929
-7144
-6064
-4726
-3181
-1487
290
2082
3816
5424
6838
7999
8858
9377
9528
9302
8701
7745
6467
4915
3146
1229
-758
-2738
-4630
-6355
-7841
-9023
-9851
-10284
-10302
-9898
-9085
-7892
-6365
-4564
-2563
-443
1706
3796
5736
7445
8847
9882
10502
10681
10407
9692
8566
7076
5287
3276
1132
-1051
-3179
-5156
-6897
-8325
-9378
-10011
-10200
-9937
-9241
-8144
-6703
-4985
-3072
-1056
970
2914
4686
6205
7407
8240
8672
8692
8307
7545
6453
5090
3532
1859
158
-1485
-2992
-4288
-5315
-6030
-6405
-6433
-6125
-5509
-4630
-3546
-2326
-1042
228
1415
2449
3276
3853
4153
4165
3899
3379
2644
1747
751
-275
-1262
-2143
-2857
-3353
-3594
-3561
-3249
-2673
-1865
-872
245
1418
2570
3626
4511
5162
5525
5564
5258
4609
3638
2386
912
-708
-2392
-4045
-5573
-6885
-7898
-8544
-8770
-8546
-7865
-6745
-5226
-3374
-1270
982
3276
5494
7520
9246
10575
11429
11751
11511
10707
9363
7534
5298
2757
27
-2760
-5472
-7975
-10146
-11873
-13068
-13666
-13633
-12961
-11677
-9837
-7524
-4844
-1922
1103
4091
6901
9399
11468
13011
13956
14261
13914
12933
11368
9297
6818
4052
1129
-1813
-4639
-7220
-9439
-11200
-12430
-13082
-13137
-12606
-11525
-9956
-7984
-5709
-3243
-703
1792
4131
6215
7956
9291
10173
10583
10522
10013
9101
7846
6320
4607
2791
959
-807
-2436
-3866
-5050
-5955
-6565
-6879
-6908
-6678
-6225
-5588
-4814
-3949
-3036
-2117
-1225
-387
377
1059
1655
2166
2600
2966
3276
3539
3762
3947
4092
4192
4233
4201
4077
3843
3481
2978
2326
1524
582
-481
-1638
-2848
-4062
-5227
-6281
-7165
-7820
-8192
-8238
-7929
-7249
-6201
-4807
-3110
-1168
939
3124
5285
7318
9118
10585
11632
12187
12200
11646
10526
8869
6733
4202
1384
-1595
-4600
-7484
-10104
-12325
-14026
-15110
-15507
-15178
-14119
-12362
-9976
-7061
-3746
-182
3461
7010
10291
13138
15406
16973
17752
17692
16783
15055
12582
9474
5872
1947
-2114
-6117
-9866
-13174
-15878
-17840
-18959
-19173
-18466
-16865
-14443
-11313
-7623
-3551
707
4946
8958
12549
15542
17792
19187
0
0
0
0
0
0
0
0
0
0
0
0
0
0
0
0
0
0
0
0
0
0
0
0
0
0
0
0
0
0
0
0
0
0
0
0
0
0
0
0
0
0
0
0
0
0
0
0
0
0
0
0
0
0
0
0
0
0
0
0
0
0
0
0
0
0
0
-13106
-12787
-11844
-10325
-8304
-5880
-3174
-318
2546
5280
7750
9835
11434
12469
12894
12688
11865
10467
8566
6257
3656
891
-1900
-4582
-7024
-9107
-10731
-11820
-12323
-12222
-11524
-10269
-8521
-6372
-3928
-1312
1344
3914
6270
8299
9904
11010
11568
11556
10978
9869
8287
6314
4050
1608
-889
-3322
-5570
-7528
-9101
-10217
-10825
-10902
-10447
-9488
-8077
-6285
-4202
-1932
414
2723
4884
6794
8365
9523
10217
10417
10119
9340
8121
6523
4624
2517
301
-1918
-4037
-5957
-7591
-8864
-9720
-10122
-10054
-9523
-8554
-7196
-5511
-3579
-1488
665
2786
4778
6553
8032
9150
9860
10130
9952
9333
8303
6907
5206
3277
1202
-928
-3022
-4989
-6745
-8215
-9335
-10059
-10354
-10209
-9627
-8634
-7271
-5593
-3671
-1585
577
2727
4773
6631
8220
9475
10340
10777
10767
10307
9414
8122
6482
4562
2438
198
-2065
-4258
-6289
-8072
-9531
-10603
-11241
-11414
-11113
-10348
-9146
-7556
-5642
-3483
-1166
1209
3547
5747
7716
9371
10640
11468
11819
11678
11047
9954
8444
6580
4441
2117
-293
-2687
-4963
-7025
-8787
-10174
-11129
-11615
-11612
-11124
-10176
-8811
-7092
-5094
-2905
-620
1661
3843
5836
7556
8937
9924
10485
10603
10283
9549
8439
7012
5334
3484
1542
-405
-2278
-4002
-5509
-6745
-7671
-8260
-8503
-8405
-7986
-7279
-6327
-5181
-3898
-2536
-1154
194
1459
2598
3579
4377
4980
5382
5588
5609
5463
5172
4761
4254
3676
3048
2391
1720
1046
379
-276
-916
-1539
-2143
-2724
-3276
-3793
-4262
-4669
-4996
-5224
-5332
-5299
-5107
-4741
-4191
-3455
-2538
-1457
-235
1089
2475
3870
5215
6449
7511
8342
8887
9104
8959
8435
7532
6266
4672
2803
726
-1475
-3711
-5881
-7887
-9630
-11022
-11987
-12464
-12415
-11823
-10697
-9071
-7004
-4575
-1886
948
3805
6553
9066
11225
12926
14081
14630
14538
13800
12440
10513
8100
5307
2258
-909
-4052
-7026
-9695
-11934
-13641
-14736
-15169
-14921
-14005
-12465
-10374
-7832
-4960
-1891
1230
4259
7056
9495
11468
12889
13701
13876
13418
12361
10766
8719
6328
3713
1003
-1670
-4182
-6419
-8281
-9694
-10603
-10985
-10839
-10195
-9103
-7637
-5884
-3945
-1925
70
1943
3605
4983
6023
6690
6973
6883
6449
5720
4757
3632
2423
1207
57
-959
-1792
-2402
-2767
-2884
-2766
-2442
-1954
-1353
-698
-49
534
1001
1310
1430
1346
1060
588
-38
-774
-1565
-2350
-3066
-3651
-4050
-4216
-4119
-3743
-3088
-2175
-1041
259
1659
3083
4448
5671
6673
7386
7753
7735
7313
6492
5296
3772
1989
30
-2009
-4025
-5912
-7567
-8899
-9829
-10300
-10274
-9742
-8719
-7247
-5392
-3241
-897
1523
3901
6114
8050
9609
10709
11292
11324
10802
9750
8220
6287
4050
1621
-876
-3315
-5573
-7536
-9106
-10205
-10782
-10811
-10297
-9272
-7795
-5948
-3833
-1562
741
2958
4971
6678
7993
8855
9224
9091
8474
7415
5982
4263
2358
377
-1565
-3362
-4913
-6134
-6963
-7359
-7307
-6819
-5930
-4700
-3209
-1548
177
1864
3410
4721
5718
6341
6553
6341
5718
4721
3410
1864
177
-1548
-3209
-4700
-5930
-6819
-7307
-7359
-6963
-6134
-4913
-3362
-1565
377
2358
4263
5982
7415
8474
9091
9224
8855
7993
6678
4971
2958
741
-1562
-3833
-5948
-7795
-9272
-10297
-10811
-10782
-10205
-9106
-7536
-5573
-3315
-876
1621
4050
6287
8220
9750
10802
11324
11292
10709
9609
8050
6114
3901
1523
-897
-3241
-5392
-7247
-8719
-9742
-10274
-10300
-9829
-8899
-7567
-5912
-4025
-2009
30
1989
3772
5296
6492
7313
7735
7753
7386
6673
5671
4448
3083
1659
259
-1041
-2175
-3088
-3743
-4119
-4216
-4050
-3651
-3066
-2350
-1565
-774
-38
588
1060
1346
1430
1310
1001
534
-49
-698
-1353
-1954
-2442
-2766
-2884
-2767
-2402
-1792
-959
57
1207
2423
3632
4757
5720
6449
6883
6973
6690
6023
4983
3605
1943
70
-1925
-3945
-5884
-7637
-9103
-10195
-10839
-10985
-10603
-9694
-8281
-6419
-4182
-1670
1003
3713
6328
8719
10766
12361
13418
13876
13701
12889
11468
9495
7056
4259
1230
-1891
-4960
-7832
-10374
-12465
-14005
-14921
-15169
-14736
-13641
-11934
-9695
-7026
-4052
-909
2258
5307
8100
10513
12440
13800
14538
14630
14081
12926
11225
9066
6553
3805
948
-1886
-4575
-7004
-9071
-10697
-11823
-12415
-12464
-11987
-11022
-9630
-7887
-5881
-3711
-1475
726
2803
4672
6266
7532
8435
8959
9104
8887
8342
7511
6449
5215
3870
2475
1089
-235
-1457
-2538
-3455
-4191
-4741
-5107
-5299
-5332
-5224
-4996
-4669
-4262
-3793
-3276
-2724
-2143
-1539
-916
-276
379
1046
1720
2391
3048
3676
4254
4761
5172
5463
5609
5588
5382
4980
4377
3579
2598
1459
194
-1154
-2536
-3898
-5181
-6327
-7279
-7986
-8405
-8503
-8260
-7671
-6745
-5509
-4002
-2278
-405
1542
3484
5334
7012
8439
9549
10283
10603
10485
9924
8937
7556
5836
3843
1661
-620
-2905
-5094
-7092
-8811
-10176
-11124
-11612
-11615
-11129
-10174
-8787
-7025
-4963
-2687
-293
2117
4441
6580
8444
9954
11047
11678
11819
11468
10640
9371
7716
5747
3547
1209
-1166
-3483
-5642
-7556
-9146
-10348
-11113
-11414
-11241
-10603
-9531
-8072
-6289
-4258
-2065
198
2438
4562
6482
8122
9414
10307
10767
10777
10340
9475
8220
6631
4773
2727
577
-1585
-3671
-5593
-7271
-8634
-9627
-10209
-10354
-10059
-9335
-8215
-6745
-4989
-3022
-928
1202
3277
5206
6907
8303
9333
9952
10130
9860
9150
8032
6553
4778
2786
665
-1488
-3579
-5511
-7196
-8554
-9523
-10054
-10122
-9720
-8864
-7591
-5957
-4037
-1918
301
2517
4624
6523
8121
9340
10119
10417
10217
9523
8365
6794
4884
2723
414
-1932
-4202
-6285
-8077
-9488
-10447
-10902
-10825
-10217
-9101
-7528
-5570
-3322
-889
1608
4050
6314
8287
9869
10978
11556
11568
11010
9904
8299
6270
3914
1344
-1312
-3928
-6372
-8521
-10269
-11524
-12222
-12323
-11820
-10731
-9107
-7024
-4582
-1900
891
3656
6257
8566
10467
11865
12688
12894
12469
11434
9835
7750
5280
2546
-318
-3174
-5880
-8304
-10325
-11844
-12787
0
0
0
0
0
0
0
0
0
0
0
0
0
0
0
0
0
0
0
0
0
0
0
0
0
0
0
0
0
0
0
0
0
0
0
0
0
0
0
0
0
0
0
0
0
0
0
0
0
0
0
0
0
0
0
0
0
0
0
0
0
0
0
0
0
0
0
-6553
-6352
-5759
-4810
-3556
-2071
-439
1246
2888
4390
5663
6631
7232
7426
7193
6539
5490
4097
2430
573
-1374
-3310
-5130
-6731
-8024
-8932
-9399
-9388
-8891
-7921
-6517
-4742
-2678
-423
1913
4215
6367
8260
9795
10890
11484
11539
11044
10014
8490
6538
4246
1717
-930
-3575
-6092
-8361
-10275
-11742
-12689
-13070
-12862
-12071
-10730
-8899
-6656
-4104
-1355
1465
4232
6821
9117
11016
12436
13313
13610
13316
12446
11039
9160
6892
4337
1607
-1177
-3897
-6435
-8684
-10550
-11957
-12849
-13193
-12981
-12228
-10972
-9272
-7204
-4861
-2344
239
2780
5175
7326
9148
10570
11541
12027
12017
11519
10562
9193
7474
5481
3301
1024
-1254
-3444
-5457
-7216
-8656
-9723
-10383
-10616
-10422
-9816
-8831
-7513
-5921
-4124
-2199
-225
1717
3552
5208
6621
7740
8526
8953
9011
8707
8059
7101
5879
4448
2871
1216
-446
-2049
-3526
-4818
-5877
-6662
-7149
-7323
-7185
-6749
-6042
-5101
-3973
-2715
-1383
-40
1253
2441
3474
4309
4915
5270
5368
5213
4822
4222
3451
2553
1579
581
-388
-1280
-2051
-2664
-3093
-3320
-3342
-3165
-2807
-2296
-1670
-969
-240
468
1112
1649
2045
2273
2320
2180
1861
1382
773
72
-674
-1419
-2110
-2700
-3145
-3406
-3458
-3286
-2886
-2272
-1466
-508
556
1670
2772
3798
4687
5380
5829
5996
5856
5402
4641
3600
2318
851
-732
-2357
-3942
-5406
-6669
-7660
-8321
-8605
-8487
-7958
-7032
-5742
-4139
-2292
-285
1789
3833
5749
7442
8826
9830
10398
10497
10114
9261
7970
6298
4319
2121
-193
-2517
-4744
-6768
-8495
-9843
-10749
-11172
-11092
-10513
-9465
-7996
-6178
-4095
-1847
461
2725
4841
6713
8260
9416
10136
10395
10191
9544
8493
7098
5431
3575
1621
-338
-2216
-3930
-5408
-6593
-7445
-7941
-8075
-7861
-7326
-6515
-5479
-4281
-2984
-1655
-356
856
1936
2848
3565
4077
4384
4497
4436
4229
3908
3509
3064
2606
2159
1743
1371
1046
766
519
291
64
-180
-461
-793
-1184
-1638
-2147
-2697
-3264
-3820
-4326
-4744
-5033
-5154
-5073
-4763
-4209
-3408
-2371
-1123
293
1826
3410
4971
6428
7702
8717
9403
9703
9577
9003
7983
6538
4715
2582
225
-2253
-4739
-7115
-9260
-11063
-12422
-13256
-13505
-13137
-12147
-10562
-8440
-5866
-2949
180
3380
6498
9385
11897
13906
15307
16020
16000
15233
13745
11594
8874
5705
2233
-1379
-4963
-8347
-11368
-13880
-15758
-16909
-17274
-16831
-15598
-13632
-11023
-7896
-4399
-698
3028
6604
9858
12635
14805
16265
16951
16833
15923
14269
11958
9106
5854
2364
-1193
-4648
-7835
-10604
-12827
-14406
-15274
-15402
-14797
-13500
-11587
-9164
-6358
-3314
-184
2876
5721
8218
10253
11740
12621
12871
12496
11534
10050
8134
5896
3457
943
-1515
-3802
-5809
-7448
-8652
-9382
-9621
-9380
-8694
-7621
-6235
-4621
-2876
-1096
624
2201
3562
4649
5423
5867
5979
5780
5306
4604
3734
2760
1747
759
-146
-925
-1542
-1976
-2219
-2281
-2181
-1949
-1623
-1247
-864
-516
-239
-61
0
-61
-239
-516
-864
-1247
-1623
-1949
-2181
-2281
-2219
-1976
-1542
-925
-146
759
1747
2760
3734
4604
5306
5780
5979
5867
5423
4649
3562
2201
624
-1096
-2876
-4621
-6235
-7621
-8694
-9380
-9621
-9382
-8652
-7448
-5809
-3802
-1515
943
3457
5896
8134
10050
11534
12496
12871
12621
11740
10253
8218
5721
2876
-184
-3314
-6358
-9164
-11587
-13500
-14797
-15402
-15274
-14406
-12827
-10604
-7835
-4648
-1193
2364
5854
9106
11958
14269
15923
16833
16951
16265
14805
12635
9858
6604
3028
-698
-4399
-7896
-11023
-13632
-15598
-16831
-17274
-16909
-15758
-13880
-11368
-8347
-4963
-1379
2233
5705
8874
11594
13745
15233
16000
16020
15307
13906
11897
9385
6498
3380
180
-2949
-5866
-8440
-10562
-12147
-13137
-13505
-13256
-12422
-11063
-9260
-7115
-4739
-2253
225
2582
4715
6538
7983
9003
9577
9703
9403
8717
7702
6428
4971
3410
1826
293
-1123
-2371
-3408
-4209
-4763
-5073
-5154
-5033
-4744
-4326
-3820
-3264
-2697
-2147
-1638
-1184
-793
-461
-180
64
291
519
766
1046
1371
1743
2159
2606
3064
3509
3908
4229
4436
4497
4384
4077
3565
2848
1936
856
-356
-1655
-2984
-4281
-5479
-6515
-7326
-7861
-8075
-7941
-7445
-6593
-5408
-3930
-2216
-338
1621
3575
5431
7098
8493
9544
10191
10395
10136
9416
8260
6713
4841
2725
461
-1847
-4095
-6178
-7996
-9465
-10513
-11092
-11172
-10749
-9843
-8495
-6768
-4744
-2517
-193
2121
4319
6298
7970
9261
10114
10497
10398
9830
8826
7442
5749
3833
1789
-285
-2292
-4139
-5742
-7032
-7958
-8487
-8605
-8321
-7660
-6669
-5406
-3942
-2357
-732
851
2318
3600
4641
5402
5856
5996
5829
5380
4687
3798
2772
1670
556
-508
-1466
-2272
-2886
-3286
-3458
-3406
-3145
-2700
-2110
-1419
-674
72
773
1382
1861
2180
2320
2273
2045
1649
1112
468
-240
-969
-1670
-2296
-2807
-3165
-3342
-3320
-3093
-2664
-2051
-1280
-388
581
1579
2553
3451
4222
4822
5213
5368
5270
4915
4309
3474
2441
1253
-40
-1383
-2715
-3973
-5101
-6042
-6749
-7185
-7323
-7149
-6662
-5877
-4818
-3526
-2049
-446
1216
2871
4448
5879
7101
8059
8707
9011
8953
8526
7740
6621
5208
3552
1717
-225
-2199
-4124
-5921
-7513
-8831
-9816
-10422
-10616
-10383
-9723
-8656
-7216
-5457
-3444
-1254
1024
3301
5481
7474
9193
10562
11519
12017
12027
11541
10570
9148
7326
5175
2780
239
-2344
-4861
-7204
-9272
-10972
-12228
-12981
-13193
-12849
-11957
-10550
-8684
-6435
-3897
-1177
1607
4337
6892
9160
11039
12446
13316
13610
13313
12436
11016
9117
6821
4232
1465
-1355
-4104
-6656
-8899
-10730
-12071
-12862
-13070
-12689
-11742
-10275
-8361
-6092
-3575
-930
1717
4246
6538
8490
10014
11044
11539
11484
10890
9795
8260
6367
4215
1913
-423
-2678
-4742
-6517
-7921
-8891
-9388
-9399
-8932
-8024
-6731
-5130
-3310
-1374
573
2430
4097
5490
6539
7193
7426
7232
6631
5663
4390
2888
1246
-439
-2071
-3556
-4810
-5759
-6352
0
0
0
0
0
0
0
0
0
0
0
0
0
0
0
0
0
0
0
0
0
0
0
0
0
0
0
0
0
0
0
0
0
0
0
0
0
0
0
0
0
0
0
0
0
0
0
0
0
0
0
0
0
0
0
0
0
0
0
0
0
0
0
0
0
0
0
13106
12751
11705
10023
7795
5141
2202
-863
-3894
-6725
-9206
-11204
-12609
-13346
-13374
-12688
-11323
-9348
-6867
-4007
-918
2238
5297
8100
10499
12368
13609
14156
13980
13088
11524
9368
6728
3739
552
-2672
-5770
-8587
-10982
-12836
-14058
-14590
-14407
-13523
-11983
-9869
-7286
-4365
-1251
1902
4943
7725
10117
12009
13317
13986
13994
13352
12101
10311
8077
5512
2745
-90
-2862
-5442
-7717
-9589
-10985
-11854
-12176
-11952
-11213
-10012
-8419
-6523
-4420
-2214
-5
2107
4037
5710
7068
8071
8698
8947
8833
8385
7646
6669
5511
4235
2898
1558
265
-940
-2025
-2966
-3751
-4375
-4842
-5159
-5340
-5398
-5350
-5206
-4980
-4676
-4300
-3850
-3326
-2723
-2038
-1269
-417
509
1500
2534
3584
4617
5593
6468
7194
7725
8017
8034
7745
7134
6198
4948
3413
1637
-318
-2380
-4466
-6482
-8336
-9932
-11186
-12022
-12380
-12220
-11524
-10300
-8578
-6417
-3896
-1117
1803
4739
7556
10123
12315
14021
15151
15638
15443
14561
13016
10864
8191
5110
1754
-1727
-5180
-8444
-11370
-13819
-15676
-16850
-17282
-16946
-15854
-14051
-11616
-8657
-5310
-1725
1934
5500
8811
11717
14087
15815
16825
17076
16563
15315
13396
10901
7949
4681
1251
-2181
-5461
-8439
-10986
-12991
-14373
-15082
-15100
-14440
-13149
-11302
-8997
-6354
-3502
-580
2275
4934
7279
9213
10659
11568
11917
11712
10984
9789
8202
6317
4235
2064
-86
-2116
-3934
-5463
-6646
-7443
-7840
-7840
-7468
-6766
-5792
-4614
-3307
-1947
-611
632
1724
2617
3276
3686
3843
3762
3468
3000
2404
1731
1035
366
-227
-708
-1047
-1225
-1237
-1089
-800
-398
80
595
1101
1554
1913
2144
2219
2122
1848
1403
804
82
-726
-1576
-2418
-3201
-3875
-4394
-4720
-4824
-4687
-4303
-3681
-2842
-1817
-651
602
1886
3138
4296
5301
6100
6648
6911
6871
6521
5868
4937
3764
2396
892
-682
-2258
-3766
-5137
-6310
-7230
-7853
-8149
-8102
-7710
-6988
-5963
-4678
-3184
-1545
170
1891
3544
5061
6376
7434
8191
8614
8686
8401
7772
6824
5594
4134
2503
767
-1003
-2736
-4361
-5811
-7029
-7964
-8578
-8846
-8757
-8315
-7535
-6450
-5103
-3548
-1848
-70
1712
3427
5006
6382
7501
8315
8790
8905
8656
8050
7112
5879
4400
2738
959
-861
-2648
-4326
-5824
-7078
-8034
-8650
-8900
-8770
-8265
-7407
-6230
-4784
-3132
-1346
496
2316
4031
5567
6854
7835
8465
8717
8578
8055
7171
5967
4498
2830
1041
-786
-2567
-4221
-5669
-6846
-7695
-8179
-8276
-7982
-7313
-6303
-5000
-3469
-1785
-30
1711
3353
4817
6032
6940
7498
7680
7479
6909
5999
4799
3369
1784
125
-1523
-3078
-4460
-5600
-6440
-6940
-7076
-6843
-6255
-5347
-4166
-2776
-1251
327
1876
3315
4568
5569
6267
6625
6627
6273
5585
4599
3370
1963
456
-1070
-2535
-3858
-4971
-5812
-6337
-6518
-6346
-5830
-4999
-3897
-2585
-1133
379
1872
3264
4480
5454
6134
6483
6483
6132
5450
4473
3255
1861
366
-1149
-2604
-3919
-5023
-5857
-6377
-6553
-6377
-5857
-5023
-3919
-2604
-1149
366
1861
3255
4473
5450
6132
6483
6483
6134
5454
4480
3264
1872
379
-1133
-2585
-3897
-4999
-5830
-6346
-6518
-6337
-5812
-4971
-3858
-2535
-1070
456
1963
3370
4599
5585
6273
6627
6625
6267
5569
4568
3315
1876
327
-1251
-2776
-4166
-5347
-6255
-6843
-7076
-6940
-6440
-5600
-4460
-3078
-1523
125
1784
3369
4799
5999
6909
7479
7680
7498
6940
6032
4817
3353
1711
-30
-1785
-3469
-5000
-6303
-7313
-7982
-8276
-8179
-7695
-6846
-5669
-4221
-2567
-786
1041
2830
4498
5967
7171
8055
8578
8717
8465
7835
6854
5567
4031
2316
496
-1346
-3132
-4784
-6230
-7407
-8265
-8770
-8900
-8650
-8034
-7078
-5824
-4326
-2648
-861
959
2738
4400
5879
7112
8050
8656
8905
8790
8315
7501
6382
5006
3427
1712
-70
-1848
-3548
-5103
-6450
-7535
-8315
-8757
-8846
-8578
-7964
-7029
-5811
-4361
-2736
-1003
767
2503
4134
5594
6824
7772
8401
8686
8614
8191
7434
6376
5061
3544
1891
170
-1545
-3184
-4678
-5963
-6988
-7710
-8102
-8149
-7853
-7230
-6310
-5137
-3766
-2258
-682
892
2396
3764
4937
5868
6521
6871
6911
6648
6100
5301
4296
3138
1886
602
-651
-1817
-2842
-3681
-4303
-4687
-4824
-4720
-4394
-3875
-3201
-2418
-1576
-726
82
804
1403
1848
2122
2219
2144
1913
1554
1101
595
80
-398
-800
-1089
-1237
-1225
-1047
-708
-227
366
1035
1731
2404
3000
3468
3762
3843
3686
3276
2617
1724
632
-611
-1947
-3307
-4614
-5792
-6766
-7468
-7840
-7840
-7443
-6646
-5463
-3934
-2116
-86
2064
4235
6317
8202
9789
10984
11712
11917
11568
10659
9213
7279
4934
2275
-580
-3502
-6354
-8997
-11302
-13149
-14440
-15100
-15082
-14373
-12991
-10986
-8439
-5461
-2181
1251
4681
7949
10901
13396
15315
16563
17076
16825
15815
14087
11717
8811
5500
1934
-1725
-5310
-8657
-11616
-14051
-15854
-16946
-17282
-16850
-15676
-13819
-11370
-8444
-5180
-1727
1754
5110
8191
10864
13016
14561
15443
15638
15151
14021
12315
10123
7556
4739
1803
-1117
-3896
-6417
-8578
-10300
-11524
-12220
-12380
-12022
-11186
-9932
-8336
-6482
-4466
-2380
-318
1637
3413
4948
6198
7134
7745
8034
8017
7725
7194
6468
5593
4617
3584
2534
1500
509
-417
-1269
-2038
-2723
-3326
-3850
-4300
-4676
-4980
-5206
-5350
-5398
-5340
-5159
-4842
-4375
-3751
-2966
-2025
-940
265
1558
2898
4235
5511
6669
7646
8385
8833
8947
8698
8071
7068
5710
4037
2107
-5
-2214
-4420
-6523
-8419
-10012
-11213
-11952
-12176
-11854
-10985
-9589
-7717
-5442
-2862
-90
2745
5512
8077
10311
12101
13352
13994
13986
13317
12009
10117
7725
4943
1902
-1251
-4365
-7286
-9869
-11983
-13523
-14407
-14590
-14058
-12836
-10982
-8587
-5770
-2672
552
3739
6728
9368
11524
13088
13980
14156
13609
12368
10499
8100
5297
2238
-918
-4007
-6867
-9348
-11323
-12688
-13374
-13346
-12609
-11204
-9206
-6725
-3894
-863
2202
5141
7795
10023
11705
12751
0
0
0
0
0
0
0
0
0
0
0
0
0
0
0
0
0
0
0
0
0
0
0
0
0
0
0
0
0
0
0
0
0
0
0
0
0
0
0
0
0
0
0
0
0
0
0
0
0
0
0
0
0
0
0
0
0
0
0
0
0
0
0
0
0
0
0
6553
6411
5994
5319
4420
3337
2120
825
-487
-1762
-2941
-3974
-4819
-5442
-5822
-5949
-5825
-5463
-4886
-4129
-3230
-2235
-1190
-141
865
1790
2600
3268
3776
4114
4282
4285
4136
3856
3465
2990
2455
1886
1305
732
181
-333
-806
-1233
-1613
-1948
-2239
-2489
-2701
-2874
-3006
-3093
-3128
-3102
-3006
-2828
-2559
-2192
-1722
-1151
-485
263
1074
1921
2774
3593
4341
4974
5453
5742
5808
5630
5194
4501
3563
2406
1069
-395
-1928
-3459
-4915
-6221
-7307
-8109
-8571
-8656
-8339
-7618
-6509
-5048
-3292
-1314
798
2947
5029
6939
8578
9856
10698
11049
10877
10173
8959
7279
5203
2824
252
-2389
-4972
-7366
-9448
-11106
-12250
-12812
-12751
-12059
-10758
-8902
-6575
-3884
-959
2056
5013
7761
10159
12080
13421
14106
14092
13369
11965
9943
7398
4451
1249
-2050
-5280
-8276
-10884
-12966
-14412
-15141
-15111
-14314
-12786
-10595
-7849
-4681
-1250
2273
5709
8883
11633
13814
15312
16047
15975
15095
13446
11106
8191
4844
1232
-2464
-6058
-9369
-12227
-14488
-16033
-16784
-16699
-15779
-14069
-11651
-8644
-5197
-1482
2316
6009
9413
12358
14698
16317
17134
17111
16249
14592
12223
9262
5854
2169
-1611
-5301
-8721
-11706
-14111
-15823
-16765
-16895
-16214
-14761
-12614
-9884
-6707
-3243
337
3863
7164
10085
12491
14276
15362
15710
15315
14211
12462
10164
7438
4421
1263
-1882
-4869
-7559
-9833
-11596
-12778
-13341
-13277
-12608
-11386
-9686
-7603
-5250
-2745
-212
2231
4474
6422
7997
9144
9830
10046
9806
9147
8122
6800
5259
3585
1862
175
-1402
-2805
-3982
-4899
-5534
-5884
-5959
-5783
-5391
-4825
-4131
-3358
-2553
-1758
-1010
-337
240
715
1085
1357
1545
1667
1744
1798
1847
1907
1990
2099
2233
2382
2532
2664
2754
2779
2715
2542
2245
1814
1251
563
-231
-1107
-2028
-2954
-3838
-4633
-5292
-5771
-6034
-6051
-5805
-5290
-4516
-3503
-2287
-915
556
2064
3539
4911
6113
7086
7776
8144
8166
7831
7148
6140
4848
3325
1638
-139
-1929
-3650
-5224
-6579
-7655
-8402
-8788
-8794
-8423
-7693
-6638
-5307
-3762
-2075
-320
1422
3077
4572
5846
6848
7539
7897
7917
7606
6988
6102
4993
3719
2341
922
-473
-1788
-2969
-3974
-4769
-5332
-5654
-5737
-5593
-5246
-4724
-4064
-3305
-2487
-1650
-830
-57
641
1248
1751
2146
2436
2627
2731
2764
2740
2677
2588
2485
2375
2263
2148
2025
1886
1721
1519
1267
955
577
130
-385
-962
-1585
-2236
-2890
-3517
-4086
-4563
-4915
-5112
-5128
-4945
-4550
-3944
-3133
-2137
-986
280
1616
2967
4276
5482
6529
7361
7932
8205
8152
7763
7038
5995
4666
3096
1343
-523
-2430
-4297
-6044
-7594
-8876
-9829
-10405
-10570
-10308
-9620
-8526
-7062
-5283
-3256
-1059
1217
3482
5643
7608
9296
10631
11557
12030
12025
11539
10585
9198
7429
5349
3036
584
-1909
-4346
-6626
-8659
-10360
-11661
-12507
-12863
-12712
-12059
-10928
-9362
-7421
-5183
-2736
-174
2398
4882
7179
9196
10855
12089
12849
13106
12849
12089
10855
9196
7179
4882
2398
-174
-2736
-5183
-7421
-9362
-10928
-12059
-12712
-12863
-12507
-11661
-10360
-8659
-6626
-4346
-1909
584
3036
5349
7429
9198
10585
11539
12025
12030
11557
10631
9296
7608
5643
3482
1217
-1059
-3256
-5283
-7062
-8526
-9620
-10308
-10570
-10405
-9829
-8876
-7594
-6044
-4297
-2430
-523
1343
3096
4666
5995
7038
7763
8152
8205
7932
7361
6529
5482
4276
2967
1616
280
-986
-2137
-3133
-3944
-4550
-4945
-5128
-5112
-4915
-4563
-4086
-3517
-2890
-2236
-1585
-962
-385
130
577
955
1267
1519
1721
1886
2025
2148
2263
2375
2485
2588
2677
2740
2764
2731
2627
2436
2146
1751
1248
641
-57
-830
-1650
-2487
-3305
-4064
-4724
-5246
-5593
-5737
-5654
-5332
-4769
-3974
-2969
-1788
-473
922
2341
3719
4993
6102
6988
7606
7917
7897
7539
6848
5846
4572
3077
1422
-320
-2075
-3762
-5307
-6638
-7693
-8423
-8794
-8788
-8402
-7655
-6579
-5224
-3650
-1929
-139
1638
3325
4848
6140
7148
7831
8166
8144
7776
7086
6113
4911
3539
2064
556
-915
-2287
-3503
-4516
-5290
-5805
-6051
-6034
-5771
-5292
-4633
-3838
-2954
-2028
-1107
-231
563
1251
1814
2245
2542
2715
2779
2754
2664
2532
2382
2233
2099
1990
1907
1847
1798
1744
1667
1545
1357
1085
715
240
-337
-1010
-1758
-2553
-3358
-4131
-4825
-5391
-5783
-5959
-5884
-5534
-4899
-3982
-2805
-1402
175
1862
3585
5259
6800
8122
9147
9806
10046
9830
9144
7997
6422
4474
2231
-212
-2745
-5250
-7603
-9686
-11386
-12608
-13277
-13341
-12778
-11596
-9833
-7559
-4869
-1882
1263
4421
7438
10164
12462
14211
15315
15710
15362
14276
12491
10085
7164
3863
337
-3243
-6707
-9884
-12614
-14761
-16214
-16895
-16765
-15823
-14111
-11706
-8721
-5301
-1611
2169
5854
9262
12223
14592
16249
17111
17134
16317
14698
12358
9413
6009
2316
-1482
-5197
-8644
-11651
-14069
-15779
-16699
-16784
-16033
-14488
-12227
-9369
-6058
-2464
1232
4844
8191
11106
13446
15095
15975
16047
15312
13814
11633
8883
5709
2273
-1250
-4681
-7849
-10595
-12786
-14314
-15111
-15141
-14412
-12966
-10884
-8276
-5280
-2050
1249
4451
7398
9943
11965
13369
14092
14106
13421
12080
10159
7761
5013
2056
-959
-3884
-6575
-8902
-10758
-12059
-12751
-12812
-12250
-11106
-9448
-7366
-4972
-2389
252
2824
5203
7279
8959
10173
10877
11049
10698
9856
8578
6939
5029
2947
798
-1314
-3292
-5048
-6509
-7618
-8339
-8656
-8571
-8109
-7307
-6221
-4915
-3459
-1928
-395
1069
2406
3563
4501
5194
5630
5808
5742
5453
4974
4341
3593
2774
1921
1074
263
-485
-1151
-1722
-2192
-2559
-2828
-3006
-3102
-3128
-3093
-3006
-2874
-2701
-2489
-2239
-1948
-1613
-1233
-806
-333
181
732
1305
1886
2455
2990
3465
3856
4136
4285
4282
4114
3776
3268
2600
1790
865
-141
-1190
-2235
-3230
-4129
-4886
-5463
-5825
-5949
-5822
-5442
-4819
-3974
-2941
-1762
-487
825
2120
3337
4420
5319
5994
6411
0
0
0
0
0
0
0
0
0
0
0
0
0
0
0
0
0
0
0
0
0
0
0
0
0
0
0
0
0
0
0
0
0
0
0
0
0
0
0
0
0
0
0
0
0
0
0
0
0
0
0
0
0
0
0
0
0
0
0
0
0
0
0
0
0
0
0
-6553
-6449
-6138
-5632
-4944
-4094
-3109
-2018
-855
345
1546
2709
3796
4772
5603
6260
6720
6963
6976
6756
6303
5629
4750
3692
2486
1170
-212
-1617
-2994
-4294
-5470
-6475
-7270
-7819
-8097
-8085
-7775
-7172
-6289
-5152
-3797
-2269
-621
1085
2788
4420
5916
7213
8257
9000
9403
9444
9112
8411
7362
5999
4370
2537
571
-1449
-3443
-5325
-7016
-8440
-9534
-10245
-10537
-10391
-9805
-8800
-7412
-5696
-3722
-1572
661
2882
4992
6898
8513
9763
10590
10953
10834
10234
9178
7712
5901
3825
1580
-731
-3004
-5131
-7015
-8567
-9714
-10404
-10603
-10304
-9522
-8296
-6685
-4771
-2645
-414
1813
3928
5826
7414
8615
9371
9647
9432
8740
7610
6102
4296
2290
188
-1898
-3860
-5593
-7006
-8025
-8597
-8691
-8304
-7458
-6199
-4596
-2738
-727
1326
3307
5105
6619
7761
8464
8685
8406
7637
6414
4801
2882
760
-1449
-3625
-5643
-7389
-8760
-9672
-10064
-9904
-9187
-7940
-6218
-4104
-1703
862
3458
5946
8191
10067
11466
12302
12517
12085
11013
9342
7144
4520
1595
-1486
-4572
-7505
-10133
-12318
-13939
-14906
-15157
-14666
-13445
-11542
-9039
-6051
-2716
806
4346
7733
10798
13389
15375
16654
17157
16852
15747
13888
11360
8279
4787
1050
-2755
-6451
-9862
-12824
-15199
-16874
-17771
-17848
-17103
-15574
-13334
-10491
-7180
-3559
202
3929
7449
10600
13242
15257
16560
17101
16866
15875
14187
11891
9101
5955
2602
-799
-4094
-7135
-9791
-11951
-13529
-14470
-14750
-14376
-13385
-11840
-9830
-7460
-4850
-2124
589
3173
5516
7526
9129
10273
10930
11097
10791
10052
8937
7517
5870
4084
2243
431
-1278
-2820
-4144
-5210
-5999
-6501
-6724
-6687
-6417
-5950
-5328
-4592
-3783
-2941
-2099
-1285
-519
184
818
1382
1877
2311
2690
3022
3311
3562
3772
3938
4050
4096
4064
3937
3701
3345
2860
2243
1500
643
-308
-1326
-2375
-3413
-4395
-5273
-6000
-6533
-6833
-6872
-6630
-6101
-5293
-4227
-2936
-1470
113
1749
3364
4885
6240
7361
8191
8685
8812
8557
7924
6934
5627
4057
2292
410
-1504
-3364
-5084
-6585
-7798
-8668
-9153
-9234
-8907
-8190
-7117
-5741
-4126
-2351
-497
1348
3103
4688
6033
7083
7797
8149
8135
7764
7065
6080
4865
3483
2004
500
-959
-2310
-3495
-4469
-5198
-5663
-5859
-5794
-5488
-4973
-4288
-3478
-2591
-1675
-775
67
822
1463
1974
2349
2591
2708
2718
2642
2503
2324
2127
1932
1752
1596
1466
1358
1264
1169
1058
914
719
460
128
-279
-760
-1302
-1887
-2489
-3075
-3610
-4057
-4376
-4535
-4504
-4264
-3802
-3121
-2234
-1169
35
1330
2656
3947
5137
6157
6947
7450
7627
7448
6905
6004
4773
3257
1520
-362
-2302
-4207
-5980
-7527
-8764
-9619
-10037
-9982
-9442
-8431
-6984
-5161
-3042
-725
1680
4058
6289
8260
9867
11025
11667
11752
11266
10224
8668
6667
4313
1719
-989
-3681
-6223
-8488
-10359
-11742
-12562
-12775
-12365
-11348
-9770
-7705
-5253
-2532
322
3172
5875
8299
10321
11842
12786
13106
12786
11842
10321
8299
5875
3172
322
-2532
-5253
-7705
-9770
-11348
-12365
-12775
-12562
-11742
-10359
-8488
-6223
-3681
-989
1719
4313
6667
8668
10224
11266
11752
11667
11025
9867
8260
6289
4058
1680
-725
-3042
-5161
-6984
-8431
-9442
-9982
-10037
-9619
-8764
-7527
-5980
-4207
-2302
-362
1520
3257
4773
6004
6905
7448
7627
7450
6947
6157
5137
3947
2656
1330
35
-1169
-2234
-3121
-3802
-4264
-4504
-4535
-4376
-4057
-3610
-3075
-2489
-1887
-1302
-760
-279
128
460
719
914
1058
1169
1264
1358
1466
1596
1752
1932
2127
2324
2503
2642
2718
2708
2591
2349
1974
1463
822
67
-775
-1675
-2591
-3478
-4288
-4973
-5488
-5794
-5859
-5663
-5198
-4469
-3495
-2310
-959
500
2004
3483
4865
6080
7065
7764
8135
8149
7797
7083
6033
4688
3103
1348
-497
-2351
-4126
-5741
-7117
-8190
-8907
-9234
-9153
-8668
-7798
-6585
-5084
-3364
-1504
410
2292
4057
5627
6934
7924
8557
8812
8685
8191
7361
6240
4885
3364
1749
113
-1470
-2936
-4227
-5293
-6101
-6630
-6872
-6833
-6533
-6000
-5273
-4395
-3413
-2375
-1326
-308
643
1500
2243
2860
3345
3701
3937
4064
4096
4050
3938
3772
3562
3311
3022
2690
2311
1877
1382
818
184
-519
-1285
-2099
-2941
-3783
-4592
-5328
-5950
-6417
-6687
-6724
-6501
-5999
-5210
-4144
-2820
-1278
431
2243
4084
5870
7517
8937
10052
10791
11097
10930
10273
9129
7526
5516
3173
589
-2124
-4850
-7460
-9830
-11840
-13385
-14376
-14750
-14470
-13529
-11951
-9791
-7135
-4094
-799
2602
5955
9101
11891
14187
15875
16866
17101
16560
15257
13242
10600
7449
3929
202
-3559
-7180
-10491
-13334
-15574
-17103
-17848
-17771
-16874
-15199
-12824
-9862
-6451
-2755
1050
4787
8279
11360
13888
15747
16852
17157
16654
15375
13389
10798
7733
4346
806
-2716
-6051
-9039
-11542
-13445
-14666
-15157
-14906
-13939
-12318
-10133
-7505
-4572
-1486
1595
4520
7144
9342
11013
12085
12517
12302
11466
10067
8191
5946
3458
862
-1703
-4104
-6218
-7940
-9187
-9904
-10064
-9672
-8760
-7389
-5643
-3625
-1449
760
2882
4801
6414
7637
8406
8685
8464
7761
6619
5105
3307
1326
-727
-2738
-4596
-6199
-7458
-8304
-8691
-8597
-8025
-7006
-5593
-3860
-1898
188
2290
4296
6102
7610
8740
9432
9647
9371
8615
7414
5826
3928
1813
-414
-2645
-4771
-6685
-8296
-9522
-10304
-10603
-10404
-9714
-8567
-7015
-5131
-3004
-731
1580
3825
5901
7712
9178
10234
10834
10953
10590
9763
8513
6898
4992
2882
661
-1572
-3722
-5696
-7412
-8800
-9805
-10391
-10537
-10245
-9534
-8440
-7016
-5325
-3443
-1449
571
2537
4370
5999
7362
8411
9112
9444
9403
9000
8257
7213
5916
4420
2788
1085
-621
-2269
-3797
-5152
-6289
-7172
-7775
-8085
-8097
-7819
-7270
-6475
-5470
-4294
-2994
-1617
-212
1170
2486
3692
4750
5629
6303
6756
6976
6963
6720
6260
5603
4772
3796
2709
1546
345
-855
-2018
-3109
-4094
-4944
-5632
-6138
-6449
0
0
0
0
0
0
0
0
0
0
0
0
0
0
0
0
0
0
0
0
0
0
0
0
0
0
0
0
0
0
0
0
0
0
0
0
0
0
0
0
0
0
0
0
0
0
0
0
0
0
0
0
0
0
0
0
0
0
0
0
0
0
0
0
0
0
0
