0
4278
8485
12550
16402
19973
23203
26035
28419
30314
31684
32507
32766
32456
31581
30156
28203
25758
22860
19561
15917
11991
7852
3573
-771
-5106
-9352
-13436
-17284
-20829
-24006
-26759
-29038
-30801
-32015
-32660
-32720
-32196
-31094
-29434
-27244
-24563
-21439
-17925
-14087
-9991
-5712
-1327
3083
7441
11667
15683
19415
22796
25762
28259
30239
31667
32514
32764
32412
31462
29931
27847
25247
22178
18696
14865
10755
6443
2009
-2465
-6896
-11201
-15299
-19113
-22570
-25606
-28162
-30190
-31650
-32514
-32764
-32394
-31411
-29832
-27686
-25012
-21861
-18292
-14372
-10175
-5781
-1274
3259
7733
12062
16161
19951
23359
26318
28771
30668
31973
32659
32711
32127
30919
29107
26727
23823
20452
16679
12577
8226
3711
-879
-5455
-9926
-14204
-18204
-21846
-25058
-27775
-29942
-31516
-32464
-32766
-32415
-31417
-29790
-27567
-24790
-21514
-17805
-13736
-9388
-4849
-209
4437
8997
13377
17489
21248
24578
27411
29687
31359
32393
32765
32468
31507
29899
27676
24884
21579
17828
13707
9301
4700
0
-4703
-9311
-13729
-17864
-21629
-24947
-27746
-29968
-31566
-32503
-32761
-32332
-31225
-29460
-27076
-24119
-20653
-16748
-12488
-7961
-3263
1506
6246
10856
15238
19298
22949
26112
28719
30713
32051
32702
32651
31900
30461
28366
25658
22395
18646
14492
10022
5332
524
-4298
-9029
-13567
-17811
-21669
-25055
-27896
-30127
-31699
-32577
-32739
-32182
-30916
-28967
-26379
-23206
-19519
-15397
-10932
-6222
-1372
3511
8320
12945
17284
21240
24723
27655
29968
31611
32545
32748
32214
30954
28995
26381
23169
19431
15252
10724
5950
1038
-3899
-8751
-13405
-17757
-21705
-25159
-28038
-30277
-31822
-32637
-32702
-32014
-30588
-28456
-25665
-22280
-18377
-14047
-9388
-4509
477
5455
10308
14924
19194
23018
26305
28979
30974
32243
32756
32498
31476
29711
27244
24133
20449
16280
11722
6884
1880
-3170
-8148
-12935
-17416
-21484
-25041
-28000
-30291
-31856
-32659
-32677
-31909
-30373
-28105
-25157
-21600
-17520
-13013
-8189
-3163
1941
7001
11893
16499
20705
24407
27516
29953
31659
32589
32721
32049
30590
28377
25463
21921
17836
13307
8448
3377
-1780
-6896
-11843
-16499
-20746
-24479
-27603
-30040
-31727
-32621
-32699
-31957
-30413
-28105
-25088
-21439
-17247
-12618
-7668
-2522
2689
7836
12787
17416
21605
25247
28248
30530
32035
32723
32574
31592
29801
27244
23987
20112
15718
10917
5832
595
-4660
-9798
-14685
-19194
-23208
-26622
-29345
-31307
-32455
-32757
-32206
-30813
-28614
-25665
-22043
-17841
-13169
-8148
-2911
2405
7661
12717
17440
21705
25397
28419
30689
32146
32750
32483
31352
29385
26633
23169
19084
14487
9500
4255
-1105
-6439
-11603
-16457
-20870
-24723
-27911
-30346
-31961
-32712
-32578
-31559
-29684
-27001
-23582
-19519
-14922
-9916
-4636
771
6162
11386
16301
20770
24671
27896
30354
31977
32719
32558
31498
29565
26813
23317
19172
14492
9407
4058
-1405
-6833
-12073
-16978
-21411
-25247
-28377
-30713
-32188
-32760
-32410
-31148
-29007
-26047
-22351
-18021
-13179
-7961
-2516
3003
8440
13640
18454
22745
26389
29282
31340
32503
32737
32033
30409
27913
24613
20604
16000
10932
5547
0
-5550
-10942
-16021
-20637
-24657
-27963
-30458
-32068
-32745
-32468
-31244
-29107
-26118
-22364
-17952
-13013
-7689
-2137
3479
8997
14252
19090
23367
26955
29748
31662
32640
32650
31691
29790
27003
23411
19119
14256
8965
3403
-2262
-7862
-13230
-18204
-22633
-26385
-29345
-31423
-32556
-32707
-31871
-30072
-27362
-23823
-19561
-14703
-9397
-3803
1908
7565
12994
18030
22517
26318
29316
31419
32559
32702
31841
30001
27238
23635
19302
14372
8996
3339
-2422
-8112
-13553
-18577
-23026
-26761
-29667
-31650
-32648
-32629
-31591
-29565
-26615
-22829
-18327
-13249
-7752
-2009
3799
9491
14886
19815
24120
27666
30338
32052
32751
32412
31044
28690
25423
21345
16586
11295
5642
-193
-6025
-11667
-16938
-21669
-25706
-28920
-31206
-32489
-32726
-31909
-30063
-27244
-23544
-19081
-13998
-8460
-2644
3259
9060
14569
19606
24006
27626
30346
32075
32756
32366
30916
28451
25051
20827
15917
10480
4696
-1244
-7147
-12817
-18065
-22719
-26622
-29644
-31684
-32674
-32578
-31398
-29173
-25975
-21909
-17110
-11737
-5969
0
5972
11747
17130
21941
26016
29217
31436
32596
32657
31615
29504
26395
22390
17625
12260
6476
470
-5554
-11392
-16845
-21726
-25867
-29127
-31393
-32585
-32662
-31619
-29491
-26349
-22301
-17483
-12062
-6222
-166
5898
11762
17222
22088
26191
29387
31566
32648
32597
31411
29131
25835
21636
16679
11138
5205
-912
-7001
-12847
-18244
-23003
-26955
-29960
-31912
-32739
-32412
-30940
-28374
-24803
-20353
-15179
-9465
-3413
2763
8843
14612
19863
24407
28083
30758
32334
32755
32003
30103
27124
23169
18381
12929
7010
836
-5370
-11386
-16993
-21989
-26191
-29446
-31636
-32680
-32538
-31214
-28754
-25247
-20819
-15630
-9868
-3744
2518
8692
14551
19879
24480
28184
30855
32393
32739
31880
29845
26709
22585
17625
12011
5950
-333
-6607
-12639
-18204
-23094
-27128
-30152
-32055
-32763
-32248
-30528
-27666
-23767
-18976
-13473
-7461
-1167
5173
11322
17047
22132
26385
29644
31785
32724
32427
30901
28203
24435
19738
14288
8294
1981
-4409
-10635
-16457
-21654
-26025
-29402
-31656
-32697
-32485
-31027
-28377
-24634
-19943
-14481
-8460
-2109
4324
10594
16457
21686
26077
29459
31699
32710
32451
30929
28203
24378
19601
14056
7961
1552
-4919
-11201
-17047
-22227
-26537
-29806
-31906
-32751
-32307
-30590
-27666
-23648
-18696
-13002
-6791
-309
6187
12441
18204
23246
27366
30398
32222
32762
31995
29951
26709
22398
17189
11289
4935
-1619
-8112
-14281
-19879
-24678
-28486
-31147
-32552
-32643
-31416
-28917
-25247
-20553
-15023
-8882
-2378
4225
10659
16662
21989
26421
29777
31918
32756
32254
30432
27362
23169
18024
12137
5748
-879
-7473
-13762
-19485
-24407
-28323
-31070
-32533
-32650
-31414
-28875
-25136
-20353
-14721
-8475
-1874
4807
11292
17307
22602
26955
30182
32146
32765
32010
29911
26556
22083
16679
10571
4016
-2711
-9326
-15551
-21121
-25799
-29387
-31732
-32732
-32344
-30582
-27520
-23286
-18060
-12062
-5547
1206
7911
14280
20041
24947
28786
31393
32653
32513
30975
28105
24024
18906
12972
6476
-301
-7069
-13534
-19415
-24458
-28443
-31196
-32596
-32580
-31148
-28360
-24336
-19250
-13322
-6811
0
6813
13332
19269
24364
28393
31178
32594
32578
31129
28309
24241
19103
13120
6555
-301
-7147
-13680
-19609
-24671
-28641
-31340
-32648
-32505
-30916
-27948
-23735
-18460
-12360
-5706
1206
8067
14569
20421
25359
29162
31656
32728
32328
30473
27244
22786
17298
11027
4255
-2711
-9557
-15974
-21669
-26383
-29901
-32062
-32766
-31979
-29736
-26137
-21345
-15577
-9095
-2195
4807
11593
17850
23291
27666
30771
32464
32665
31362
28614
24546
19345
13249
6538
-477
-7473
-14125
-20126
-25196
-29098
-31650
-32732
-32292
-30349
-26991
-22374
-16712
-10266
-3339
3746
10659
17076
22694
27251
30530
32377
32702
31489
28793
24740
19519
13375
6597
-494
-7565
-14281
-20323
-25404
-29282
-31772
-32753
-32178
-30072
-26533
-21729
-15887
-9285
-2238
4919
11843
18204
23695
28052
31066
32589
32548
30942
27847
23411
17845
11416
4435
-2763
-9830
-16425
-22227
-26955
-30378
-32330
-32713
-31507
-28769
-24631
-19293
-13013
-6096
1120
8285
15047
21076
26077
29802
32068
32763
31850
29372
25451
20276
14101
7230
0
-7232
-14111
-20295
-25478
-29402
-31872
-32764
-32033
-29711
-25913
-20827
-14703
-7845
-595
6688
13640
19914
25196
29220
31785
32759
32093
29819
26047
20967
14832
7950
664
-6656
-13645
-19948
-25247
-29273
-31822
-32763
-32046
-29706
-25861
-20703
-14492
-7543
-209
7138
14125
20396
25629
29557
31977
32766
31880
29363
25342
20022
13674
6622
-771
-8129
-15071
-21240
-26318
-30042
-32219
-32734
-31559
-28754
-24461
-18901
-12360
-5177
2276
9615
16457
22447
27271
30678
32489
32608
31026
27825
23169
17302
10527
3199
-4298
-11573
-18244
-23960
-28419
-31387
-32705
-32302
-30198
-26501
-21406
-15179
-8148
-684
6817
13962
20369
25700
29668
32064
32757
31710
28975
24698
19103
12488
5205
-2358
-9798
-16717
-22745
-27557
-30894
-32577
-32513
-30703
-27244
-22319
-16192
-9191
-1693
5898
13175
19743
25247
29388
31941
32765
31816
29141
24884
19276
12618
5272
-2362
-9871
-16845
-22903
-27714
-31014
-32621
-32445
-30495
-26875
-21781
-15492
-8351
-749
6896
14165
20658
26016
29942
32220
32721
31417
28377
23767
17841
10926
3403
-4310
-11787
-18613
-24407
-28847
-31684
-32759
-32010
-29476
-25298
-19707
-13013
-5590
2148
9769
16845
22980
27828
31116
32659
32366
30254
26438
21133
14635
7310
-430
-8148
-15409
-21801
-26962
-30598
-32502
-32563
-30778
-27244
-22162
-15818
-8572
-836
6950
14343
20920
26305
30190
32350
32661
31103
27762
22829
16586
9388
1649
-6187
-13670
-20369
-25898
-29936
-32249
-32702
-31267
-28024
-23161
-16955
-9766
-2009
5867
13405
20168
25762
29860
32222
32709
31291
28049
23169
16936
9711
1916
-5992
-13553
-20323
-25904
-29968
-32275
-32687
-31179
-27837
-22855
-16527
-9222
-1372
6562
14111
20829
26318
30252
32397
32623
30916
27374
22206
15718
8294
373
-7571
-15067
-21669
-26980
-30683
-32556
-32483
-30469
-26631
-21197
-14492
-6916
1077
9009
16402
22811
27851
31216
32702
32218
29790
25564
19793
12824
5078
-2978
-10856
-18080
-24210
-28873
-31785
-32766
-31757
-28816
-24119
-17952
-10689
-2772
5316
13083
20053
25799
29968
32304
32662
31017
27469
22233
15630
8064
0
-8067
-15639
-22251
-27492
-31038
-32669
-32282
-29899
-25665
-19840
-12785
-4935
3223
11185
18454
24578
29176
31960
32754
31507
28295
23317
16881
9388
1306
-6859
-14599
-21426
-26913
-30713
-32587
-32415
-30206
-26096
-20343
-13307
-5431
2789
10837
18204
24423
29100
31937
32755
31498
28244
23199
16679
9099
938
-7285
-15047
-21854
-27271
-30951
-32659
-32282
-29844
-25497
-19519
-12290
-4271
4023
12062
19330
25359
29762
32252
32670
30984
27303
21861
15008
7184
-1105
-9326
-16947
-23474
-28484
-31650
-32766
-31757
-28687
-23753
-17274
-9670
-1435
6896
14781
21705
27215
30951
32666
32248
29720
25247
19119
11737
3583
-4807
-12886
-20121
-26035
-30239
-32455
-32534
-30469
-26395
-20578
-13400
-5336
3083
11302
18775
25007
29584
32200
32681
30992
27244
21684
14679
6695
-1736
-10055
-17706
-24178
-29038
-31959
-32744
-31340
-27837
-22468
-15592
-7668
771
9163
16942
23583
28641
31772
32764
31548
28203
22955
16155
8261
-193
-8637
-16499
-23246
-28419
-31667
-32766
-31641
-28366
-23161
-16378
-8479
0
8482
16388
23178
28387
31659
32766
31633
28334
23092
16267
8323
-193
-8699
-16610
-23382
-28547
-31748
-32764
-31521
-28105
-22748
-15818
-7793
771
9287
17161
23850
28887
31923
32744
31292
27666
22114
15023
6884
-1736
-10238
-18030
-24565
-29387
-32158
-32681
-30919
-26991
-21173
-13868
-5590
3083
11543
19194
25499
30012
32414
32534
30361
26047
19895
12336
3903
-4807
-13181
-20625
-26610
-30711
-32637
-32248
-29569
-24790
-18247
-10405
-1820
6896
15124
22277
27843
31423
32760
31757
28483
23169
16196
8060
-655
-9326
-17331
-24094
-29127
-32068
-32703
-30984
-27033
-21133
-13707
-5289
3511
12062
19743
25999
30374
32552
32371
29844
25150
18630
10754
2094
-6719
-15047
-22282
-27896
-31478
-32765
-31661
-28244
-22763
-15616
-7324
1506
10228
18204
24847
29668
32313
32585
30461
26096
19809
12062
3423
-5469
-13962
-21426
-27310
-31178
-32740
-31881
-28661
-23317
-16242
-7961
912
9721
17811
24578
29519
32265
32608
30520
26157
19840
12041
3339
-5613
-14150
-21629
-27492
-31296
-32755
-31758
-28377
-22863
-15630
-7219
1736
10564
18599
25234
29968
32443
32468
30041
25342
18725
10689
1842
-7147
-15598
-22868
-28404
-31785
-32751
-31227
-27327
-21345
-13736
-5078
3969
12717
20496
26712
30887
32702
32014
28875
23522
16364
7950
-1077
-10024
-18204
-24986
-29848
-32414
-32483
-30050
-25298
-18593
-10451
-1499
7571
16058
23305
28750
31969
32711
30916
26720
20449
12587
3744
-5391
-14111
-21734
-27666
-31442
-32766
-31533
-27837
-21964
-14372
-5653
3510
12401
20323
26654
30894
32710
31957
28692
23169
15822
7226
-1941
-10958
-19113
-25762
-30378
-32596
-32237
-29328
-24096
-16955
-8469
691
9799
18132
25028
29936
32465
32412
29778
24772
17791
9388
234
-8940
-17404
-24479
-29598
-32350
-32513
-30072
-25219
-18342
-9991
-836
8388
16942
24135
29387
32275
32563
30226
25451
18620
10283
1113
-8148
-16754
-24006
-29316
-32252
-32574
-30254
-25477
-18630
-10266
-1066
8222
16845
24098
29390
32286
32549
30156
25298
18372
9941
695
-8610
-17213
-24407
-29603
-32371
-32482
-29925
-24908
-17841
-9305
0
9307
17850
24924
29942
32491
32356
29546
24293
17028
8351
-1019
-10308
-18745
-25629
-30386
-32621
-32145
-28995
-23432
-15917
-7073
2362
11603
19879
26497
30903
32728
31816
28241
22301
14491
5464
-4023
-13175
-21224
-27492
-31451
-32766
-31324
-27244
-20868
-12732
-3519
5992
15001
22745
28568
31977
32682
30619
25962
19103
10622
1238
-8253
-17047
-24394
-29668
-32420
-32412
-29643
-24347
-16973
-8148
1373
10781
19269
26112
30723
32705
31886
28334
22351
14449
5304
-4298
-13534
-21608
-27826
-31650
-32749
-31026
-26627
-19930
-11510
-2094
7504
16457
23989
29446
32355
32460
29752
24461
17046
8148
-1459
-10942
-19477
-26318
-30870
-32732
-31742
-27983
-21780
-13674
-4371
5316
14541
22496
28484
31977
32669
30495
25645
18541
9807
209
-9410
-18204
-25397
-30356
-32640
-32046
-28625
-22675
-14721
-5464
4278
13645
21806
28038
31787
32719
30748
26047
19032
10324
695
-8997
-17892
-25196
-30256
-32621
-32077
-28669
-22701
-14703
-5389
4409
13816
21989
28193
31872
32694
30582
25725
18555
9715
0
-9718
-18563
-25739
-30598
-32699
-31850
-28126
-21861
-13619
-4144
5708
15047
23026
28920
32194
32549
29951
24631
17073
7961
-1876
-11547
-20168
-26955
-31287
-32766
-31257
-26894
-20073
-11416
-1713
8148
17267
24807
30076
32589
32113
28690
22632
14492
5018
-4919
-14407
-22570
-28657
-32104
-32591
-30072
-24775
-17189
-8012
1907
11653
20323
27113
31393
32763
31094
26539
19519
10683
852
-9060
-18132
-25519
-30530
-32697
-31816
-27965
-21503
-13031
-3339
6667
16052
23938
29584
32459
32292
29097
23169
15065
5543
-4501
-14125
-22423
-28612
-32108
-32578
-29977
-24546
-16798
-7461
2582
12385
21019
27666
31694
32721
30647
25665
18247
9095
-923
-10856
-19760
-26786
-31264
-32766
-31146
-26556
-19431
-10451
-470
9557
18675
26008
30855
32749
31507
27244
20368
11537
1595
-8501
-17784
-25359
-30497
-32702
-31758
-27754
-21074
-12360
-2451
7696
17103
24860
30215
32648
31922
28105
21563
12929
3039
-7147
-16643
-24525
-30025
-32607
-32016
-28309
-21844
-13249
-3359
6859
16412
24364
29939
32588
32050
28377
21924
13322
3413
-6833
-16412
-24382
-29960
-32596
-32028
-28309
-21804
-13150
-3199
7069
16643
24578
30089
32630
31946
28105
21482
12732
2719
-7565
-17103
-24947
-30318
-32680
-31797
-27754
-20951
-12062
-1970
8320
17784
25478
30633
32732
31565
27244
20200
11134
952
-9326
-18675
-26154
-31014
-32765
-31228
-26556
-19215
-9941
333
10578
19760
26955
31436
32749
30759
25665
17979
8475
-1887
-12062
-21019
-27851
-31864
-32650
-30126
-24546
-16475
-6728
3703
13762
22423
28806
32258
32427
29291
23169
14683
4696
-5772
-15653
-23938
-29777
-32571
-32033
-28214
-21503
-12587
-2378
8077
17706
25519
30711
32748
31416
26850
19519
10175
-219
-10594
-19879
-27113
-31549
-32726
-30520
-25157
-17189
-7439
3083
13289
22119
28657
32222
32441
29289
23092
14492
4381
-6187
-16114
-24364
-30076
-32652
-31820
-27666
-20619
-11416
-1017
9491
19008
26537
31287
32757
30792
25595
17709
7961
-2625
-12939
-21894
-28547
-32194
-32451
-29286
-23032
-14346
-4144
6498
16457
24678
30291
32699
31644
27238
19943
10531
0
-10533
-19951
-27251
-31656
-32694
-30254
-24592
-16309
-6286
4409
14637
23305
29487
32519
32077
28203
21312
12137
1660
-8997
-18692
-26385
-31248
-32757
-30748
-25434
-17383
-7461
3266
13645
22556
29038
32390
32248
28625
21909
12824
2351
-8378
-18204
-26061
-31098
-32765
-30880
-25645
-17625
-7689
3083
13524
22496
29023
32393
32235
28565
21780
12618
2077
-8692
-18516
-26318
-31245
-32755
-30681
-25247
-17046
-6975
3863
14280
23132
29446
32527
32033
28015
20915
11510
836
-9932
-19609
-27125
-31650
-32682
-30103
-24198
-15616
-5304
5596
15880
24407
30232
32705
31550
26894
19250
9465
-1373
-12062
-21411
-28379
-32188
-32412
-29022
-22395
-13267
-2656
8253
18244
26197
31222
32754
30619
25054
16679
6433
-4537
-15001
-23783
-29895
-32648
-31731
-27244
-19690
-9916
976
11762
21224
28293
32170
32415
28997
22301
13080
2378
-8595
-18599
-26497
-31393
-32729
-30352
-24528
-15917
-5494
5554
15974
24578
30386
32734
31352
26395
18425
8351
-2679
-13405
-22602
-29217
-32491
-32046
-27932
-20616
-10936
0
10939
20625
27944
32055
32482
29173
22507
13249
2462
-8610
-18692
-26622
-31481
-32707
-30156
-24119
-15293
-4696
6446
16845
25296
30817
32766
30916
25477
17079
6695
-4468
-15115
-24006
-30106
-32702
-31489
-26606
-18620
-8460
2689
13528
22788
29387
32552
31909
27532
19930
9991
-1120
-12103
-21669
-28693
-32350
-32208
-28280
-21025
-11295
-234
10856
20671
28052
32127
32412
28871
21921
12379
1372
-9799
-19815
-27487
-31906
-32545
-29328
-22632
-13249
-2291
8940
19113
27016
31708
32629
29666
23169
13911
2992
-8285
-18577
-26654
-31549
-32677
-29899
-23544
-14372
-3477
7836
18214
26411
31442
32702
30037
23764
14635
3744
-7598
-18030
-26293
-31393
-32711
-30086
-23833
-14703
-3796
7571
18026
26305
31405
32707
30050
23753
14577
3632
-7754
-18204
-26446
-31479
-32688
-29925
-23522
-14256
-3253
8148
18560
26712
31608
32650
29706
23135
13736
2656
-8751
-19090
-27095
-31785
-32581
-29385
-22585
-13013
-1842
9557
19786
27585
31994
32468
28947
21861
12081
809
-10564
-20637
-28166
-32219
-32293
-28377
-20951
-10932
440
11762
21629
28819
32437
32033
27653
19840
9561
-1907
-13142
-22745
-29519
-32621
-31661
-26755
-18514
-7961
3586
14689
23960
30239
32740
31148
25658
16955
6128
-5469
-16384
-25247
-30944
-32759
-30461
-24336
-15151
-4058
7546
18204
26572
31595
32638
29565
22763
13087
1756
-9798
-20118
-27896
-32148
-32332
-28424
-20915
-10754
771
12203
22088
29171
32552
31797
27001
18769
8148
-3511
-14727
-24069
-30346
-32754
-30984
-25260
-16309
-5272
6439
17331
26008
31359
32696
29845
23169
13521
2137
-9523
-19964
-27843
-32146
-32318
-28334
-20703
-10405
1234
12717
22564
29503
32637
31559
26407
17841
6968
-4807
-15965
-25058
-30909
-32757
-30361
-24028
-14577
-3233
8533
19194
27364
31977
32433
28669
21173
10917
-762
-12345
-22321
-29387
-32619
-31592
-26438
-17828
-6884
4961
16161
25247
31028
32744
30168
23635
13998
2522
-9287
-19879
-27860
-32179
-32265
-28105
-20242
-9711
2101
13640
23382
30040
32733
31103
25362
16267
5018
-6896
-17901
-26537
-31659
-32585
-29190
-21921
-11741
0
11743
21929
29201
32589
31641
26480
17791
6728
-5233
-16499
-25566
-31222
-32709
-29826
-22955
-13013
-1327
10537
20994
28641
32450
31909
27088
18630
7668
-4324
-15739
-25041
-30976
-32744
-30105
-23411
-13561
-1880
10055
20637
28436
32397
31982
27244
18822
7852
-4182
-15653
-25007
-30974
-32743
-30072
-23319
-13400
-1660
10308
20879
28612
32455
31881
26966
18377
7282
-4807
-16245
-25468
-31216
-32702
-29720
-22675
-12528
-664
11292
21705
29147
32596
31576
26225
17274
5950
-6193
-17489
-26383
-31650
-32564
-28995
-21433
-10917
1105
12978
23064
29968
32737
30984
24950
15465
3839
-8320
-19330
-27666
-32170
-32217
-27796
-19519
-8531
3643
15314
24860
30951
32739
29972
23032
12884
938
-11141
-21669
-29176
-32613
-31498
-25982
-16835
-5332
6918
18204
26944
31912
32410
28366
20343
9465
-2743
-14569
-24351
-30713
-32759
-30198
-23387
-13283
-1306
10856
21492
29100
32604
31507
25962
16748
5166
-7147
-18454
-27152
-32008
-32332
-28076
-19840
-8789
3510
15314
24947
31038
32720
29752
22551
12140
0
-12143
-22559
-29762
-32723
-31017
-24884
-15198
-3339
8998
20053
28242
32393
31908
26854
17952
6476
-5930
-17489
-26541
-31785
-32465
-28481
-20402
-9388
2978
14918
24714
30951
32730
29790
22554
12062
-172
-12385
-22811
-29942
-32746
-30813
-24421
-14492
-2462
9926
20879
28806
32556
31581
26021
16679
4912
-7571
-18956
-27585
-32200
-32127
-27374
-18630
-7167
5342
17076
26318
31719
32485
28504
20353
9222
-3259
-15267
-25041
-31147
-32687
-29434
-21861
-11077
1334
13553
23783
30517
32764
30189
23169
12736
423
-11953
-22570
-29860
-32743
-30792
-24293
-14202
-2009
10483
21426
29201
32652
31267
25247
15482
3419
-9153
-20369
-28563
-32514
-31633
-26047
-16586
-4654
7973
19415
27967
32350
31910
26709
17520
5712
-6950
-18577
-27428
-32179
-32116
-27244
-18292
-6597
6088
17864
26962
32015
32263
27666
18910
7310
-5391
-17284
-26579
-31872
-32366
-27983
-19380
-7852
4862
16845
26287
31760
32433
28203
19707
8226
-4501
-16550
-26094
-31684
-32472
-28334
-19895
-8434
4310
16402
26003
31651
32486
28377
19946
8475
-4288
-16402
-26016
-31662
-32478
-28334
-19861
-8351
4437
16550
26133
31717
32445
28203
19638
8060
-4756
-16845
-26351
-31812
-32386
-27983
-19276
-7602
5243
17284
26666
31941
32293
27666
18769
6975
-5898
-17864
-27071
-32095
-32157
-27244
-18113
-6176
6719
18577
27557
32265
31968
26709
17302
5205
-7702
-19415
-28111
-32434
-31710
-26047
-16326
-4058
8843
20369
28719
32588
31368
25247
15179
2736
-10137
-21426
-29364
-32705
-30922
-24293
-13853
-1238
11573
22570
30025
32764
30353
23169
12339
-434
-13142
-23783
-30678
-32739
-29638
-21861
-10632
2276
14829
25041
31296
32604
28754
20353
8727
-4282
-16616
-26318
-31849
-32328
-27676
-18630
-6622
6439
18480
27585
32302
31880
26381
16679
4318
-8734
-20396
-28806
-32620
-31227
-24845
-14492
-1820
11144
22329
29942
32763
30335
23047
12062
-859
-13645
-24243
-30951
-32688
-29173
-20967
-9388
3703
16202
26094
31785
32354
27709
18593
6476
-6688
-18775
-27832
-32393
-31718
-25913
-15915
-3339
9779
21317
29402
32723
30737
23764
12933
0
-12935
-23772
-30745
-32720
-29372
-21243
-9654
3510
16105
26077
31798
32332
27590
18342
6096
-7147
-19226
-28162
-32493
-31507
-25362
-15061
-2291
10856
22227
29953
32765
30198
22670
11416
-1716
-14569
-25028
-31370
-32548
-28366
-19509
-7435
5867
18204
27539
32330
31782
25982
15887
3163
-10086
-21669
-29667
-32753
-30413
-23032
-11831
1334
14281
24860
31312
32563
28403
19519
7387
-5976
-18347
-27666
-32377
-31693
-25725
-15465
-2622
10659
22164
29968
32766
30086
22374
10917
-2369
-15261
-25599
-31650
-32396
-27709
-18372
-5950
7473
19643
28516
32596
31195
24546
13765
664
-12550
-23653
-30771
-32702
-29116
-20616
-8634
4807
17440
27128
32230
31881
26137
15968
3092
-10308
-21966
-29901
-32766
-30072
-22272
-10689
2711
15653
25937
31812
32275
27244
17574
4908
-8595
-20637
-29162
-32712
-30681
-23411
-12140
1206
14349
25041
31451
32480
27948
18630
6117
-7445
-19735
-28641
-32634
-31026
-24089
-13013
301
13567
24501
31222
32570
28309
19172
6728
-6876
-19298
-28393
-32589
-31159
-24347
-13326
0
13328
24354
31166
32585
28360
19220
6748
-6896
-19347
-28443
-32604
-31103
-24198
-13087
301
13640
24608
31294
32533
28105
18778
6176
-7504
-19879
-28786
-32669
-30847
-23635
-12290
1206
14493
25247
31583
32389
27520
17828
5008
-8692
-20870
-29387
-32745
-30352
-22624
-10917
2711
15865
26229
31977
32094
26556
16335
3233
-10442
-22277
-30182
-32757
-29546
-21112
-8944
4807
17712
27483
32390
31559
25136
14256
845
-12717
-24026
-31070
-32598
-28334
-19032
-6345
7473
19964
28903
32697
30666
23169
11540
-2148
-15456
-26008
-31918
-32127
-26596
-16309
-3103
10659
22517
30346
32741
29270
20553
8148
-5719
-18563
-28078
-32552
-31179
-24202
-12874
771
14281
25223
31625
32332
27214
17189
4062
-9798
-21894
-30040
-32762
-29565
-21025
-8682
5233
18204
27882
32514
31257
24336
13002
-691
-14262
-25247
-31650
-32307
-27094
-16955
-3732
10171
22227
30239
32747
29289
20494
7961
-6025
-18915
-28356
-32621
-30929
-23586
-11931
1907
15400
26077
31982
32033
26215
15592
2109
-11762
-23479
-30889
-32629
-28377
-18910
-5966
8077
20637
29402
32756
30080
21861
9613
-4409
-17621
-27585
-32459
-31342
-24435
-13013
816
14497
25499
31785
32188
26631
16140
2656
-11322
-23203
-30782
-32650
-28456
-18976
-5969
8148
20755
29503
32763
29925
21514
9095
-5021
-18204
-27995
-32564
-31058
-23753
-12011
1977
15598
26305
32095
31880
25698
14703
952
-12978
-24480
-31393
-32418
-27360
-17165
-3744
10381
22559
30497
32702
28754
19394
6380
-7836
-20580
-29446
-32762
-29899
-21393
-8847
5370
18577
28275
32630
30814
23169
11138
-3003
-16579
-27016
-32334
-31523
-24733
-13249
751
14612
25700
31906
32048
26096
15179
1372
-12698
-24354
-31371
-32412
-27273
-16932
-3359
10856
23003
30758
32638
28280
18514
5205
-9101
-21669
-30089
-32747
-29131
-19930
-6905
7445
20371
29387
32762
29844
21189
8460
-5898
-19125
-28673
-32702
-30433
-22301
-9868
4468
17946
27963
32585
30916
23274
11134
-3159
-16845
-27275
-32428
-31305
-24119
-12260
1977
15833
26622
32247
31615
24845
13249
-923
-14918
-26016
-32055
-31858
-25461
-14105
0
14107
25468
31864
32046
25975
14832
792
-13405
-24986
-31684
-32188
-26395
-15435
-1452
12817
24578
31525
32292
26727
15917
1981
-12345
-24250
-31393
-32366
-26976
-16280
-2378
11993
24006
31293
32415
27148
16527
2644
-11762
-23850
-31230
-32442
-27244
-16660
-2779
11653
23783
31206
32451
27267
16679
2783
-11667
-23806
-31222
-32441
-27217
-16586
-2656
11803
23919
31277
32412
27094
16378
2398
-12062
-24120
-31370
-32361
-26894
-16056
-2009
12441
24407
31496
32285
26615
15616
1488
-12939
-24777
-31650
-32178
-26251
-15055
-836
13553
25223
31826
32033
25797
14372
52
-14280
-25739
-32015
-31841
-25247
-13561
863
15115
26318
32208
31592
24592
12618
-1908
-16052
-26950
-32393
-31276
-23823
-11540
3083
17085
27622
32556
30880
22932
10324
-4384
-18204
-28323
-32682
-30389
-21909
-8965
5807
19399
29038
32755
29790
20744
7461
-7347
-20658
-29748
-32757
-29067
-19428
-5811
8997
21966
30436
32669
28203
17952
4016
-10746
-23305
-31079
-32468
-27184
-16309
-2077
12583
24657
31656
32135
25992
14491
0
-14493
-25999
-32139
-31644
-24613
-12494
2208
16457
27304
32503
30975
23032
10317
-4537
-18454
-28547
-32719
-30103
-21238
-7961
6971
20458
29694
32757
29007
19220
5431
-9491
-22439
-30713
-32587
-27666
-16973
-2736
12073
24364
31568
32177
26060
14492
-108
-14689
-26197
-32222
-31498
-24174
-11781
3083
17304
27896
32634
30520
21996
8847
-6162
-19879
-29416
-32766
-29219
-19519
-5706
9311
22368
30711
32578
27570
16743
2378
-12491
-24723
-31732
-32033
-25558
-13674
1105
15653
26888
32428
31095
23169
10328
-4707
-18745
-28806
-32750
-29736
-20402
-6728
8378
21705
30414
32650
27932
17262
2911
-12062
-24465
-31651
-32083
-25665
-13765
1077
15692
26955
32455
31012
22932
9941
-5180
-19194
-29098
-32765
-29406
-19738
-5832
9326
22486
30817
32526
27244
16102
1495
-13436
-25478
-32035
-31693
-24521
-12062
2999
17416
28078
32680
30226
21243
7668
-7565
-21167
-30192
-32685
-28105
-17438
-2992
12103
24578
31727
31995
25321
13150
-1876
-16499
-27539
-32596
-30567
-21889
-8448
6833
20630
29936
32722
28377
17845
3419
-11753
-24364
-31659
-32040
-25423
-13249
1823
16499
27568
32607
30508
21729
8189
-7147
-20920
-30108
-32693
-28105
-17347
-2779
12401
24860
31856
31850
24838
12360
-2839
-17416
-28160
-32702
-30037
-20749
-6884
8501
22013
30668
32552
27244
15915
1066
-14020
-26008
-32243
-31342
-23500
-10451
4915
19194
29220
32766
29042
18871
4509
-10856
-23813
-31479
-32147
-25665
-13473
1720
16533
27666
32637
30335
21271
7461
-8015
-21705
-30552
-32578
-27327
-15968
-1038
14125
26133
32294
31228
23169
9920
-5554
-19786
-29584
-32748
-28565
-17970
-3339
12043
24723
31849
31816
24627
11897
-3511
-18132
-28673
-32755
-29458
-19519
-5177
10334
23516
31393
32182
25702
13414
-1907
-16800
-27896
-32682
-30072
-20653
-6555
9029
22570
30997
32395
26445
14492
-751
-15827
-27310
-32589
-30461
-21406
-7481
8148
21926
30713
32507
26894
15151
-48
-15238
-26955
-32522
-30664
-21804
-7961
7702
21608
30575
32549
27076
15403
202
-15047
-26852
-32503
-30703
-21861
-8002
7696
21629
30598
32538
27001
15255
0
-15257
-27007
-32541
-30582
-21579
-7602
8129
21989
30779
32468
26664
14703
-655
-15865
-27411
-32621
-30288
-20948
-6758
8997
22672
31098
32318
26047
13736
-1763
-16855
-28038
-32713
-29790
-19946
-5464
10289
23653
31516
32046
25116
12336
-3319
-18204
-28847
-32766
-29042
-18541
-3711
11987
24889
31977
31593
23823
10480
-5316
-19871
-29777
-32711
-27983
-16697
-1495
14059
26318
32404
30885
22114
8148
-7733
-21801
-30745
-32460
-26539
-14372
1180
16457
27860
32699
29832
19930
5325
-10537
-23916
-31650
-31910
-24631
-11530
4298
19113
29409
32747
28334
17210
2009
-13670
-26112
-32365
-30942
-22178
-8148
7817
21929
30833
32412
26285
13907
-1780
-17047
-28259
-32743
-29429
-19103
-4222
11667
24777
31977
31548
23586
9991
-5992
-20546
-30192
-32619
-27244
-15350
219
15739
27492
32660
30001
20149
5464
-10533
-24006
-31719
-31816
-24270
-10892
5106
19879
29873
32681
27625
15917
373
-15261
-27221
-32621
-30156
-20416
-5748
10308
23879
31684
31836
24293
10875
-5173
-19973
-29942
-32665
-27477
-15633
0
15636
27483
32666
29925
19920
5078
-10999
-24407
-31886
-31615
-23656
-9941
6193
20824
30386
32549
26782
14487
-1341
-16845
-28242
-32749
-29262
-18630
-3445
12583
25539
32252
31078
22301
8064
-8148
-22368
-31111
-32231
-25451
-12429
3643
18824
29387
32737
28047
16465
836
-15001
-27152
-32625
-30072
-20115
-5205
10989
24479
31937
31523
23335
9388
-6876
-21447
-30723
-32412
-26092
-13322
2743
18132
29038
32759
28371
16955
1338
-14612
-26944
-32596
-30164
-20247
-5304
10958
24501
31960
31477
23169
9099
-7236
-21774
-30894
-32323
-25702
-12676
3510
18824
29446
32724
27837
16000
166
-15711
-27666
-32707
-29572
-19041
-3744
12491
25602
32304
30916
21780
7184
-9215
-23305
-31551
-31880
-24205
-10451
5930
20824
30486
32483
26311
13518
-2679
-18204
-29147
-32749
-28098
-16364
-502
15488
27574
32702
29574
18976
3583
-12717
-25806
-32371
-30748
-21345
-6538
9926
23879
31785
31636
23467
9346
-7147
-21830
-30974
-32254
-25342
-11991
4409
19692
29968
32623
26976
14462
-1736
-17495
-28798
-32764
-28377
-16752
-852
15267
27492
32699
29554
18857
3339
-13034
-26077
-32450
-30520
-20777
-5712
10817
24578
32042
31291
22515
7961
-8637
-23021
-31496
-31881
-24075
-10079
6509
21426
30833
32307
25463
12062
-4448
-19815
-30076
-32585
-26689
-13907
2465
18204
29244
32732
27762
15616
-569
-16610
-28356
-32765
-28692
-17189
-1231
15047
27428
32699
29490
18630
2932
-13528
-26478
-32552
-30168
-19943
-4530
12062
25519
32337
30737
21133
6022
-10659
-24565
-32068
-31208
-22206
-7407
9326
23628
31760
31593
23169
8686
-8070
-22719
-31423
-31903
-24028
-9858
6896
21846
31070
32147
24790
10926
-5807
-21019
-30711
-32336
-25461
-11891
4807
20244
30356
32478
26047
12755
-3899
-19528
-30012
-32581
-26556
-13521
3083
18877
29687
32654
26991
14192
-2362
-18294
-29387
-32703
-27360
-14769
1736
17784
29119
32734
27666
15255
-1206
-17349
-28887
-32752
-27913
-15652
771
16993
28695
32761
28105
15962
-434
-16717
-28547
-32765
-28244
-16186
193
16523
28443
32766
28334
16326
-48
-16412
-28387
-32766
-28374
-16382
0
0
0
0
0
0
0
0
0
0
0
0
0
0
0
0
0
0
0
0
0
0
0
0
0
0
0
0
0
0
0
0
0
0
0
0
0
0
0
0
0
0
0
0
0
0
0
0
0
0
0
0
0
0
0
0
0
0
0
0
0
0
0
0
0
0
0
0
0
0
0
0
0
0
0
0
0
0
0
0
0
0
0
0
0
0
0
0
0
0
0
0
0
0
0
0
0
0
0
0
0
0
0
0
0
0
0
0
0
0
0
0
0
0
0
0
0
0
0
0
0
0
0
0
0
0
0
0
0
0
0
0
0
0
0
0
0
0
0
0
0
0
0
0
0
0
0
0
0
0
0
0
0
0
0
0
0
0
0
0
0
0
0
0
0
0
0
0
0
0
0
0
0
0
0
0
0
0
0
0
0
0
0
0
0
0
0
0
0
0
0
0
0
0
0
0
0
0
0
0
0
0
0
0
0
0
0
0
0
0
0
0
0
0
0
0
0
0
0
0
0
0
0
0
0
0
0
0
0
0
0
0
0
0
0
0
0
0
0
0
0
0
0
0
0
0
0
0
0
0
0
0
0
0
0
0
0
0
0
0
0
0
0
0
0
0
0
0
0
0
0
0
0
0
0
0
0
0
0
0
0
0
0
0
0
0
0
0
0
0
0
0
0
0
0
0
0
0
0
0
0
0
0
0
0
0
0
0
0
0
0
0
0
0
0
0
0
0
0
0
0
0
0
0
0
0
0
0
0
0
0
0
0
0
0
0
0
0
0
0
0
0
0
0
0
0
0
0
0
0
0
0
0
0
0
0
0
0
0
0
0
0
0
0
0
0
0
0
0
0
0
0
0
0
0
0
0
0
0
0
0
0
0
0
0
0
0
0
0
0
0
0
0
0
0
0
0
0
0
0
0
0
0
0
0
0
0
0
0
0
0
0
0
0
0
0
0
0
0
0
0
0
0
0
0
0
0
0
0
0
0
0
0
0
0
0
0
0
0
0
0
0
0
0
0
0
0
0
0
0
0
0
0
0
0
0
0
0
0
0
0
0
0
0
0
0
0
0
0
0
0
0
0
0
0
0
0
0
0
0
0
0
0
0
0
0
0
0
0
0
0
0
0
0
0
0
0
0
0
0
0
0
0
0
0
0
0
0
0
0
0
0
0
0
0
0
0
0
0
0
0
0
0
0
0
0
0
0
0
0
0
0
0
0
0
0
0
0
0
0
0
0
0
0
0
0
0
0
0
0
0
0
0
0
0
0
0
0
0
0
0
0
0
0
0
0
0
0
0
0
0
0
0
0
0
0
0
0
0
0
0
0
0
0
0
0
0
0
0
0
0
0
0
0
0
0
0
0
0
0
0
0
0
0
0
0
0
0
0
0
0
0
0
0
0
0
0
0
0
0
0
0
0
0
0
0
0
0
0
0
0
0
0
0
0
0
0
0
0
0
0
0
0
0
0
0
0
0
0
0
0
0
0
0
0
0
0
0
0
0
0
0
0
0
0
0
0
0
0
0
0
0
0
0
0
0
0
0
0
0
0
0
0
0
0
0
0
0
0
0
0
0
0
0
0
0
0
0
0
0
0
0
0
0
0
0
0
0
0
0
0
0
0
0
0
0
0
0
0
0
0
0
0
0
0
0
0
0
0
0
0
0
0
0
0
0
0
0
0
0
0
0
0
0
0
0
0
0
0
0
0
0
0
0
0
0
0
0
0
0
0
0
0
0
0
0
0
0
0
0
0
0
0
0
0
0
0
0
0
0
0
0
0
0
0
0
0
0
0
0
0
0
0
0
0
0
0
0
0
0
0
0
0
0
0
0
0
0
0
0
0
0
0
0
0
0
0
0
0
0
0
0
0
0
0
0
0
0
0
0
0
0
0
0
0
0
0
0
0
0
0
0
0
0
0
0
0
0
0
0
0
0
0
0
0
0
0
0
0
0
0
0
0
0
0
0
0
0
0
0
0
0
0
0
0
0
0
0
0
0
0
0
0
0
0
0
0
0
0
0
0
0
0
0
0
0
0
0
0
0
0
0
0
0
0
0
0
0
0
0
0
0
0
0
0
0
0
0
0
0
0
0
0
0
0
0
0
0
0
0
0
0
0
0
0
0
0
0
0
0
0
0
0
0
0
0
0
0
0
0
0
0
0
0
0
0
0
0
0
0
20851
20444
19238
17281
14654
11461
7830
3908
-149
-4181
-8028
-11538
-14576
-17024
-18790
-19810
-20052
-19512
-18222
-16240
-13654
-10572
-7123
-3448
303
3984
7450
10568
13222
15317
16781
17569
17666
17083
15859
14058
11765
9083
6128
3025
-101
-3127
-5937
-8427
-10511
-12122
-13214
-13763
-13770
-13257
-12266
-10858
-9108
-7101
-4929
-2687
-467
1642
3565
5236
6603
7632
8304
8618
8588
8243
7623
6778
5763
4639
3464
2296
1185
175
-699
-1416
-1963
-2340
-2554
-2626
-2579
-2446
-2259
-2053
-1861
-1710
-1623
-1614
-1691
-1851
-2083
-2369
-2681
-2990
-3261
-3458
-3547
-3498
-3287
-2896
-2318
-1556
-625
451
1638
2892
4159
5386
6512
7479
8234
8726
8917
8777
8293
7461
6299
4833
3110
1185
-872
-2986
-5075
-7054
-8841
-10358
-11538
-12323
-12672
-12558
-11974
-10931
-9459
-7606
-5436
-3027
-467
2147
4718
7146
9337
11206
12677
13693
14213
14215
13696
12675
11190
9298
7070
4592
1956
-735
-3382
-5885
-8151
-10097
-11655
-12769
-13404
-13543
-13189
-12362
-11102
-9465
-7519
-5344
-3026
-657
1674
3880
5883
7611
9010
10035
10661
10876
10689
10119
9203
7990
6538
4911
3180
1416
-311
-1938
-3406
-4666
-5680
-6422
-6878
-7045
-6936
-6570
-5979
-5202
-4282
-3267
-2207
-1150
-139
783
1586
2242
2734
3052
3197
3177
3007
2709
2309
1836
1324
803
303
-147
-525
-813
-999
-1076
-1043
-908
-682
-381
-25
362
759
1138
1478
1757
1956
2062
2065
1960
1747
1432
1026
542
0
-580
-1176
-1764
-2319
-2820
-3245
-3575
-3797
-3899
-3874
-3720
-3439
-3036
-2523
-1914
-1224
-476
310
1111
1902
2661
3364
3988
4516
4928
5211
5354
5349
5191
4882
4426
3831
3109
2276
1352
361
-673
-1722
-2758
-3749
-4667
-5481
-6164
-6692
-7042
-7197
-7144
-6878
-6397
-5707
-4822
-3761
-2550
-1220
189
1638
3083
4476
5771
6924
7890
8634
9124
9334
9251
8867
8186
7224
6004
4561
2938
1185
-640
-2479
-4268
-5945
-7451
-8730
-9735
-10425
-10774
-10763
-10388
-9658
-8595
-7232
-5614
-3797
-1844
178
2198
4143
5945
7539
8868
9885
10553
10851
10768
10309
9494
8354
6933
5287
3476
1570
-359
-2243
-4011
-5600
-6953
-8026
-8783
-9203
-9277
-9011
-8423
-7543
-6414
-5085
-3614
-2062
-492
1032
2453
3718
4781
5608
6174
6466
6483
6236
5747
5047
4177
3180
2109
1012
-56
-1052
-1930
-2656
-3201
-3547
-3687
-3621
-3362
-2931
-2357
-1675
-925
-149
608
1307
1909
2381
2697
2840
2801
2579
2186
1638
964
194
-630
-1471
-2283
-3026
-3660
-4149
-4464
-4585
-4497
-4199
-3694
-2999
-2137
-1140
-47
1099
2253
3366
4392
5287
6010
6530
6819
6862
6651
6188
5485
4565
3457
2199
834
-588
-2019
-3406
-4701
-5856
-6828
-7583
-8093
-8338
-8307
-8001
-7428
-6607
-5563
-4330
-2950
-1467
70
1613
3111
4516
5783
6873
7751
8389
8769
8880
8718
8289
7607
6695
5579
4295
2882
1383
-156
-1691
-3175
-4563
-5815
-6893
-7767
-8410
-8804
-8936
-8804
-8410
-7767
-6893
-5815
-4563
-3175
-1691
-156
1383
2882
4295
5579
6695
7607
8289
8718
8880
8769
8389
7751
6873
5783
4516
3111
1613
70
-1467
-2950
-4330
-5563
-6607
-7428
-8001
-8307
-8338
-8093
-7583
-6828
-5856
-4701
-3406
-2019
-588
834
2199
3457
4565
5485
6188
6651
6862
6819
6530
6010
5287
4392
3366
2253
1099
-47
-1140
-2137
-2999
-3694
-4199
-4497
-4585
-4464
-4149
-3660
-3026
-2283
-1471
-630
194
964
1638
2186
2579
2801
2840
2697
2381
1909
1307
608
-149
-925
-1675
-2357
-2931
-3362
-3621
-3687
-3547
-3201
-2656
-1930
-1052
-56
1012
2109
3180
4177
5047
5747
6236
6483
6466
6174
5608
4781
3718
2453
1032
-492
-2062
-3614
-5085
-6414
-7543
-8423
-9011
-9277
-9203
-8783
-8026
-6953
-5600
-4011
-2243
-359
1570
3476
5287
6933
8354
9494
10309
10768
10851
10553
9885
8868
7539
5945
4143
2198
178
-1844
-3797
-5614
-7232
-8595
-9658
-10388
-10763
-10774
-10425
-9735
-8730
-7451
-5945
-4268
-2479
-640
1185
2938
4561
6004
7224
8186
8867
9251
9334
9124
8634
7890
6924
5771
4476
3083
1638
189
-1220
-2550
-3761
-4822
-5707
-6397
-6878
-7144
-7197
-7042
-6692
-6164
-5481
-4667
-3749
-2758
-1722
-673
361
1352
2276
3109
3831
4426
4882
5191
5349
5354
5211
4928
4516
3988
3364
2661
1902
1111
310
-476
-1224
-1914
-2523
-3036
-3439
-3720
-3874
-3899
-3797
-3575
-3245
-2820
-2319
-1764
-1176
-580
0
542
1026
1432
1747
1960
2065
2062
1956
1757
1478
1138
759
362
-25
-381
-682
-908
-1043
-1076
-999
-813
-525
-147
303
803
1324
1836
2309
2709
3007
3177
3197
3052
2734
2242
1586
783
-139
-1150
-2207
-3267
-4282
-5202
-5979
-6570
-6936
-7045
-6878
-6422
-5680
-4666
-3406
-1938
-311
1416
3180
4911
6538
7990
9203
10119
10689
10876
10661
10035
9010
7611
5883
3880
1674
-657
-3026
-5344
-7519
-9465
-11102
-12362
-13189
-13543
-13404
-12769
-11655
-10097
-8151
-5885
-3382
-735
1956
4592
7070
9298
11190
12675
13696
14215
14213
13693
12677
11206
9337
7146
4718
2147
-467
-3027
-5436
-7606
-9459
-10931
-11974
-12558
-12672
-12323
-11538
-10358
-8841
-7054
-5075
-2986
-872
1185
3110
4833
6299
7461
8293
8777
8917
8726
8234
7479
6512
5386
4159
2892
1638
451
-625
-1556
-2318
-2896
-3287
-3498
-3547
-3458
-3261
-2990
-2681
-2369
-2083
-1851
-1691
-1614
-1623
-1710
-1861
-2053
-2259
-2446
-2579
-2626
-2554
-2340
-1963
-1416
-699
175
1185
2296
3464
4639
5763
6778
7623
8243
8588
8618
8304
7632
6603
5236
3565
1642
-467
-2687
-4929
-7101
-9108
-10858
-12266
-13257
-13770
-13763
-13214
-12122
-10511
-8427
-5937
-3127
-101
3025
6128
9083
11765
14058
15859
17083
17666
17569
16781
15317
13222
10568
7450
3984
303
-3448
-7123
-10572
-13654
-16240
-18222
-19512
-20052
-19810
-18790
-17024
-14576
-11538
-8028
-4181
-149
3908
7830
11461
14654
17281
19238
20444
0
0
0
0
0
0
0
0
0
0
0
0
0
0
0
0
0
0
0
0
0
0
0
0
0
0
0
0
0
0
0
0
0
0
0
0
0
0
0
0
0
0
0
0
0
0
0
0
0
0
0
0
0
0
0
0
0
0
0
0
0
0
0
0
0
0
0
-14894
-14594
-13708
-12271
-10344
-8004
-5348
-2486
466
3388
6162
8674
10825
12529
13719
14349
14400
13871
12790
11205
9184
6814
4193
1431
-1357
-4060
-6569
-8783
-10617
-12001
-12885
-13239
-13057
-12353
-11164
-9544
-7568
-5319
-2894
-394
2079
4426
6553
8380
9839
10876
11459
11574
11226
10437
9250
7720
5916
3916
1805
-330
-2405
-4339
-6059
-7501
-8617
-9371
-9743
-9730
-9341
-8604
-7556
-6247
-4736
-3085
-1362
365
2032
3577
4948
6100
6997
7617
7946
7983
7739
7231
6488
5545
4443
3224
1934
619
-676
-1912
-3052
-4064
-4923
-5609
-6108
-6414
-6526
-6448
-6189
-5762
-5183
-4472
-3651
-2740
-1765
-748
285
1312
2309
3255
4126
4902
5563
6092
6473
6691
6736
6599
6278
5771
5085
4228
3218
2074
823
-502
-1868
-3233
-4555
-5790
-6894
-7825
-8544
-9016
-9214
-9118
-8718
-8012
-7013
-5742
-4231
-2523
-670
1266
3224
5133
6923
8527
9881
10929
11624
11930
11826
11305
10374
9058
7396
5440
3255
918
-1489
-3881
-6168
-8267
-10097
-11587
-12680
-13331
-13512
-13213
-12442
-11225
-9603
-7637
-5397
-2966
-433
2106
4560
6838
8856
10543
11837
12696
13092
13016
12477
11502
10134
8432
6466
4313
2058
-211
-2411
-4461
-6288
-7832
-9042
-9886
-10346
-10418
-10116
-9469
-8516
-7310
-5909
-4378
-2784
-1194
330
1734
2968
3996
4792
5342
5646
5713
5563
5228
4742
4147
3487
2804
2138
1526
996
569
258
65
-14
2
95
236
394
536
628
642
553
342
0
-474
-1073
-1776
-2557
-3379
-4202
-4977
-5659
-6198
-6551
-6678
-6551
-6149
-5463
-4499
-3276
-1825
-191
1570
3395
5211
6944
8517
9859
10902
11591
11881
11742
11160
10142
8708
6901
4775
2404
-128
-2731
-5306
-7754
-9978
-11888
-13404
-14463
-15014
-15029
-14498
-13433
-11869
-9856
-7468
-4789
-1919
1036
3968
6766
9326
11550
13356
14678
15467
15696
15358
14470
13069
11211
8969
6432
3696
868
-1946
-4644
-7124
-9300
-11095
-12450
-13325
-13698
-13568
-12952
-11886
-10425
-8635
-6594
-4388
-2105
164
2334
4326
6072
7513
8609
9333
9675
9640
9250
8538
7552
6347
4985
3531
2050
606
-742
-1945
-2963
-3764
-4332
-4659
-4752
-4627
-4310
-3835
-3243
-2576
-1878
-1193
-561
-15
416
715
872
885
763
524
189
-208
-638
-1063
-1446
-1756
-1962
-2040
-1974
-1754
-1382
-865
-223
519
1330
2172
3002
3780
4462
5010
5388
5570
5534
5271
4779
4069
3159
2078
865
-435
-1775
-3101
-4359
-5497
-6467
-7226
-7739
-7979
-7933
-7595
-6974
-6087
-4965
-3647
-2180
-618
981
2560
4057
5418
6590
7531
8204
8584
8659
8426
7894
7085
6029
4768
3348
1824
252
-1308
-2801
-4173
-5374
-6364
-7109
-7586
-7783
-7697
-7338
-6723
-5883
-4853
-3675
-2398
-1071
253
1526
2702
3738
4599
5258
5695
5902
5876
5627
5173
4538
3753
2855
1884
883
-107
-1046
-1896
-2626
-3207
-3622
-3857
-3909
-3782
-3486
-3040
-2470
-1803
-1075
-320
425
1127
1751
2269
2657
2897
2978
2897
2657
2269
1751
1127
425
-320
-1075
-1803
-2470
-3040
-3486
-3782
-3909
-3857
-3622
-3207
-2626
-1896
-1046
-107
883
1884
2855
3753
4538
5173
5627
5876
5902
5695
5258
4599
3738
2702
1526
253
-1071
-2398
-3675
-4853
-5883
-6723
-7338
-7697
-7783
-7586
-7109
-6364
-5374
-4173
-2801
-1308
252
1824
3348
4768
6029
7085
7894
8426
8659
8584
8204
7531
6590
5418
4057
2560
981
-618
-2180
-3647
-4965
-6087
-6974
-7595
-7933
-7979
-7739
-7226
-6467
-5497
-4359
-3101
-1775
-435
865
2078
3159
4069
4779
5271
5534
5570
5388
5010
4462
3780
3002
2172
1330
519
-223
-865
-1382
-1754
-1974
-2040
-1962
-1756
-1446
-1063
-638
-208
189
524
763
885
872
715
416
-15
-561
-1193
-1878
-2576
-3243
-3835
-4310
-4627
-4752
-4659
-4332
-3764
-2963
-1945
-742
606
2050
3531
4985
6347
7552
8538
9250
9640
9675
9333
8609
7513
6072
4326
2334
164
-2105
-4388
-6594
-8635
-10425
-11886
-12952
-13568
-13698
-13325
-12450
-11095
-9300
-7124
-4644
-1946
868
3696
6432
8969
11211
13069
14470
15358
15696
15467
14678
13356
11550
9326
6766
3968
1036
-1919
-4789
-7468
-9856
-11869
-13433
-14498
-15029
-15014
-14463
-13404
-11888
-9978
-7754
-5306
-2731
-128
2404
4775
6901
8708
10142
11160
11742
11881
11591
10902
9859
8517
6944
5211
3395
1570
-191
-1825
-3276
-4499
-5463
-6149
-6551
-6678
-6551
-6198
-5659
-4977
-4202
-3379
-2557
-1776
-1073
-474
0
342
553
642
628
536
394
236
95
2
-14
65
258
569
996
1526
2138
2804
3487
4147
4742
5228
5563
5713
5646
5342
4792
3996
2968
1734
330
-1194
-2784
-4378
-5909
-7310
-8516
-9469
-10116
-10418
-10346
-9886
-9042
-7832
-6288
-4461
-2411
-211
2058
4313
6466
8432
10134
11502
12477
13016
13092
12696
11837
10543
8856
6838
4560
2106
-433
-2966
-5397
-7637
-9603
-11225
-12442
-13213
-13512
-13331
-12680
-11587
-10097
-8267
-6168
-3881
-1489
918
3255
5440
7396
9058
10374
11305
11826
11930
11624
10929
9881
8527
6923
5133
3224
1266
-670
-2523
-4231
-5742
-7013
-8012
-8718
-9118
-9214
-9016
-8544
-7825
-6894
-5790
-4555
-3233
-1868
-502
823
2074
3218
4228
5085
5771
6278
6599
6736
6691
6473
6092
5563
4902
4126
3255
2309
1312
285
-748
-1765
-2740
-3651
-4472
-5183
-5762
-6189
-6448
-6526
-6414
-6108
-5609
-4923
-4064
-3052
-1912
-676
619
1934
3224
4443
5545
6488
7231
7739
7983
7946
7617
6997
6100
4948
3577
2032
365
-1362
-3085
-4736
-6247
-7556
-8604
-9341
-9730
-9743
-9371
-8617
-7501
-6059
-4339
-2405
-330
1805
3916
5916
7720
9250
10437
11226
11574
11459
10876
9839
8380
6553
4426
2079
-394
-2894
-5319
-7568
-9544
-11164
-12353
-13057
-13239
-12885
-12001
-10617
-8783
-6569
-4060
-1357
1431
4193
6814
9184
11205
12790
13871
14400
14349
13719
12529
10825
8674
6162
3388
466
-2486
-5348
-8004
-10344
-12271
-13708
-14594
0
0
0
0
0
0
0
0
0
0
0
0
0
0
0
0
0
0
0
0
0
0
0
0
0
0
0
0
0
0
0
0
0
0
0
0
0
0
0
0
0
0
0
0
0
0
0
0
0
0
0
0
0
0
0
0
0
0
0
0
0
0
0
0
0
0
0
-8936
-8716
-8068
-7021
-5623
-3940
-2048
-37
2000
3969
5777
7338
8576
9431
9860
9836
9356
8436
7110
5434
3477
1322
-937
-3204
-5379
-7367
-9079
-10437
-11379
-11861
-11855
-11357
-10382
-8966
-7163
-5044
-2693
-203
2323
4788
7090
9136
10845
12147
12991
13342
13188
12534
11406
9849
7923
5704
3278
738
-1819
-4299
-6609
-8664
-10392
-11732
-12642
-13094
-13078
-12605
-11697
-10398
-8760
-6850
-4742
-2513
-245
1981
4091
6015
7692
9075
10124
10818
11144
11106
10718
10006
9007
7763
6325
4746
3081
1383
-292
-1898
-3391
-4733
-5894
-6850
-7586
-8092
-8367
-8415
-8246
-7875
-7319
-6600
-5740
-4765
-3700
-2570
-1401
-218
953
2091
3173
4175
5078
5863
6512
7008
7339
7492
7461
7240
6830
6234
5462
4528
3453
2260
979
-355
-1706
-3034
-4297
-5455
-6468
-7298
-7915
-8291
-8409
-8258
-7837
-7154
-6226
-5082
-3758
-2297
-749
831
2388
3863
5204
6358
7282
7941
8308
8369
8122
7576
6753
5686
4418
2999
1489
-52
-1561
-2978
-4245
-5311
-6134
-6682
-6937
-6892
-6553
-5941
-5087
-4032
-2829
-1535
-210
1082
2282
3334
4190
4811
5169
5250
5052
4587
3882
2972
1906
738
-470
-1658
-2761
-3722
-4487
-5015
-5273
-5242
-4917
-4309
-3441
-2351
-1087
291
1720
3128
4445
5605
6544
7211
7564
7575
7232
6538
5514
4196
2633
887
-967
-2854
-4689
-6392
-7883
-9094
-9964
-10448
-10515
-10153
-9367
-8180
-6635
-4788
-2709
-479
1811
4071
6209
8136
9773
11051
11915
12328
12270
11742
10761
9366
7610
5563
3304
924
-1485
-3829
-6017
-7965
-9598
-10857
-11697
-12091
-12030
-11522
-10596
-9294
-7675
-5808
-3770
-1646
481
2529
4419
6085
7468
8525
9226
9559
9525
9141
8439
7462
6263
4902
3441
1947
482
-895
-2135
-3194
-4042
-4658
-5037
-5181
-5106
-4838
-4409
-3858
-3228
-2560
-1899
-1281
-739
-299
22
216
286
242
102
-107
-357
-613
-840
-1006
-1079
-1037
-861
-542
-82
509
1213
2000
2833
3671
4468
5175
5746
6138
6312
6241
5904
5295
4417
3290
1943
419
-1227
-2937
-4642
-6271
-7752
-9019
-10007
-10666
-10953
-10840
-10315
-9383
-8064
-6397
-4433
-2240
105
2518
4906
7178
9244
11022
12436
13427
13947
13968
13481
12496
11042
9167
6935
4425
1727
-1059
-3833
-6491
-8935
-11072
-12822
-14120
-14916
-15180
-14901
-14089
-12774
-11005
-8846
-6378
-3692
-886
1937
4675
7229
9509
11433
12936
13967
14495
14506
14005
13018
11586
9767
7631
5261
2745
174
-2356
-4760
-6952
-8859
-10420
-11585
-12323
-12617
-12467
-11889
-10915
-9587
-7963
-6107
-4091
-1990
120
2165
4077
5792
7257
8429
9278
9785
9944
9762
9257
8460
7408
6147
4727
3205
1636
74
-1427
-2820
-4063
-5120
-5965
-6580
-6955
-7090
-6991
-6673
-6160
-5476
-4655
-3729
-2734
-1706
-680
312
1242
2084
2818
3428
3904
4242
4439
4501
4436
4254
3970
3600
3159
2666
2137
1588
1035
490
-34
-530
-988
-1405
-1775
-2096
-2367
-2589
-2760
-2881
-2954
-2978
-2954
-2881
-2760
-2589
-2367
-2096
-1775
-1405
-988
-530
-34
490
1035
1588
2137
2666
3159
3600
3970
4254
4436
4501
4439
4242
3904
3428
2818
2084
1242
312
-680
-1706
-2734
-3729
-4655
-5476
-6160
-6673
-6991
-7090
-6955
-6580
-5965
-5120
-4063
-2820
-1427
74
1636
3205
4727
6147
7408
8460
9257
9762
9944
9785
9278
8429
7257
5792
4077
2165
120
-1990
-4091
-6107
-7963
-9587
-10915
-11889
-12467
-12617
-12323
-11585
-10420
-8859
-6952
-4760
-2356
174
2745
5261
7631
9767
11586
13018
14005
14506
14495
13967
12936
11433
9509
7229
4675
1937
-886
-3692
-6378
-8846
-11005
-12774
-14089
-14901
-15180
-14916
-14120
-12822
-11072
-8935
-6491
-3833
-1059
1727
4425
6935
9167
11042
12496
13481
13968
13947
13427
12436
11022
9244
7178
4906
2518
105
-2240
-4433
-6397
-8064
-9383
-10315
-10840
-10953
-10666
-10007
-9019
-7752
-6271
-4642
-2937
-1227
419
1943
3290
4417
5295
5904
6241
6312
6138
5746
5175
4468
3671
2833
2000
1213
509
-82
-542
-861
-1037
-1079
-1006
-840
-613
-357
-107
102
242
286
216
22
-299
-739
-1281
-1899
-2560
-3228
-3858
-4409
-4838
-5106
-5181
-5037
-4658
-4042
-3194
-2135
-895
482
1947
3441
4902
6263
7462
8439
9141
9525
9559
9226
8525
7468
6085
4419
2529
481
-1646
-3770
-5808
-7675
-9294
-10596
-11522
-12030
-12091
-11697
-10857
-9598
-7965
-6017
-3829
-1485
924
3304
5563
7610
9366
10761
11742
12270
12328
11915
11051
9773
8136
6209
4071
1811
-479
-2709
-4788
-6635
-8180
-9367
-10153
-10515
-10448
-9964
-9094
-7883
-6392
-4689
-2854
-967
887
2633
4196
5514
6538
7232
7575
7564
7211
6544
5605
4445
3128
1720
291
-1087
-2351
-3441
-4309
-4917
-5242
-5273
-5015
-4487
-3722
-2761
-1658
-470
738
1906
2972
3882
4587
5052
5250
5169
4811
4190
3334
2282
1082
-210
-1535
-2829
-4032
-5087
-5941
-6553
-6892
-6937
-6682
-6134
-5311
-4245
-2978
-1561
-52
1489
2999
4418
5686
6753
7576
8122
8369
8308
7941
7282
6358
5204
3863
2388
831
-749
-2297
-3758
-5082
-6226
-7154
-7837
-8258
-8409
-8291
-7915
-7298
-6468
-5455
-4297
-3034
-1706
-355
979
2260
3453
4528
5462
6234
6830
7240
7461
7492
7339
7008
6512
5863
5078
4175
3173
2091
953
-218
-1401
-2570
-3700
-4765
-5740
-6600
-7319
-7875
-8246
-8415
-8367
-8092
-7586
-6850
-5894
-4733
-3391
-1898
-292
1383
3081
4746
6325
7763
9007
10006
10718
11106
11144
10818
10124
9075
7692
6015
4091
1981
-245
-2513
-4742
-6850
-8760
-10398
-11697
-12605
-13078
-13094
-12642
-11732
-10392
-8664
-6609
-4299
-1819
738
3278
5704
7923
9849
11406
12534
13188
13342
12991
12147
10845
9136
7090
4788
2323
-203
-2693
-5044
-7163
-8966
-10382
-11357
-11855
-11861
-11379
-10437
-9079
-7367
-5379
-3204
-937
1322
3477
5434
7110
8436
9356
9836
9860
9431
8576
7338
5777
3969
2000
-37
-2048
-3940
-5623
-7021
-8068
-8716
0
0
0
0
0
0
0
0
0
0
0
0
0
0
0
0
0
0
0
0
0
0
0
0
0
0
0
0
0
0
0
0
0
0
0
0
0
0
0
0
0
0
0
0
0
0
0
0
0
0
0
0
0
0
0
0
0
0
0
0
0
0
0
0
0
0
0
8936
8755
8219
7349
6178
4753
3130
1371
-452
-2271
-4012
-5605
-6988
-8103
-8906
-9362
-9450
-9163
-8510
-7512
-6205
-4637
-2865
-957
1014
2975
4849
6564
8051
9250
10114
10605
10701
10392
9688
8609
7192
5488
3558
1470
-696
-2864
-4951
-6879
-8576
-9977
-11028
-11687
-11929
-11741
-11129
-10112
-8726
-7020
-5055
-2901
-637
1655
3894
5999
7894
9512
10794
11697
12190
12257
11899
11130
9982
8499
6736
4759
2639
453
-1721
-3807
-5735
-7439
-8865
-9968
-10718
-11095
-11097
-10733
-10025
-9008
-7725
-6228
-4576
-2831
-1053
694
2356
3880
5222
6347
7229
7852
8211
8310
8162
7788
7215
6475
5604
4638
3614
2566
1527
524
-420
-1289
-2069
-2755
-3343
-3835
-4237
-4555
-4797
-4972
-5085
-5142
-5145
-5095
-4988
-4820
-4583
-4268
-3866
-3368
-2768
-2062
-1250
-338
664
1739
2864
4009
5142
6222
7210
8061
8734
9190
9393
9316
8938
8249
7252
5959
4397
2603
629
-1466
-3614
-5742
-7771
-9623
-11224
-12504
-13404
-13875
-13883
-13412
-12459
-11045
-9205
-6994
-4480
-1747
1110
3992
6793
9409
11740
13696
15197
16182
16605
16444
15696
14382
12543
10244
7563
4599
1458
-1743
-4888
-7858
-10544
-12845
-14676
-15969
-16678
-16778
-16267
-15170
-13531
-11416
-8909
-6108
-3124
-71
2934
5777
8354
10568
12343
13618
14355
14535
14165
13272
11903
10125
8018
5674
3194
681
-1763
-4044
-6075
-7781
-9104
-10004
-10460
-10470
-10053
-9243
-8093
-6665
-5036
-3285
-1497
246
1869
3302
4488
5382
5957
6200
6115
5722
5056
4162
3099
1928
718
-465
-1556
-2499
-3243
-3751
-4000
-3977
-3688
-3151
-2396
-1468
-416
698
1814
2870
3805
4565
5104
5387
5391
5108
4543
3715
2658
1414
40
-1403
-2850
-4233
-5486
-6549
-7367
-7898
-8110
-7988
-7527
-6741
-5656
-4312
-2761
-1064
711
2493
4209
5789
7168
8289
9105
9583
9702
9457
8856
7923
6695
5219
3552
1760
-88
-1924
-3678
-5285
-6688
-7836
-8692
-9230
-9435
-9307
-8858
-8111
-7100
-5869
-4468
-2950
-1374
204
1730
3151
4425
5512
6384
7020
7411
7555
7458
7136
6611
5910
5065
4109
3078
2006
928
-126
-1129
-2057
-2890
-3614
-4218
-4695
-5042
-5260
-5352
-5323
-5178
-4925
-4573
-4129
-3604
-3005
-2343
-1629
-872
-86
716
1520
2308
3064
3768
4400
4940
5369
5668
5819
5811
5633
5281
4755
4062
3214
2233
1143
-24
-1231
-2439
-3605
-4685
-5637
-6420
-6999
-7346
-7439
-7265
-6822
-6118
-5173
-4014
-2682
-1222
310
1858
3362
4760
5995
7014
7773
8236
8380
8193
7678
6851
5742
4392
2854
1188
-535
-2248
-3878
-5355
-6617
-7608
-8285
-8617
-8587
-8194
-7452
-6392
-5057
-3502
-1795
-8
1780
3495
5060
6406
7473
8215
8596
8600
8224
7485
6414
5057
3474
1735
-83
-1902
-3638
-5214
-6560
-7614
-8329
-8672
-8627
-8194
-7392
-6257
-4838
-3198
-1410
444
2283
4025
5589
6906
7916
8572
8845
8722
8207
7323
6110
4620
2921
1089
-794
-2644
-4377
-5916
-7192
-8146
-8736
-8936
-8736
-8146
-7192
-5916
-4377
-2644
-794
1089
2921
4620
6110
7323
8207
8722
8845
8572
7916
6906
5589
4025
2283
444
-1410
-3198
-4838
-6257
-7392
-8194
-8627
-8672
-8329
-7614
-6560
-5214
-3638
-1902
-83
1735
3474
5057
6414
7485
8224
8600
8596
8215
7473
6406
5060
3495
1780
-8
-1795
-3502
-5057
-6392
-7452
-8194
-8587
-8617
-8285
-7608
-6617
-5355
-3878
-2248
-535
1188
2854
4392
5742
6851
7678
8193
8380
8236
7773
7014
5995
4760
3362
1858
310
-1222
-2682
-4014
-5173
-6118
-6822
-7265
-7439
-7346
-6999
-6420
-5637
-4685
-3605
-2439
-1231
-24
1143
2233
3214
4062
4755
5281
5633
5811
5819
5668
5369
4940
4400
3768
3064
2308
1520
716
-86
-872
-1629
-2343
-3005
-3604
-4129
-4573
-4925
-5178
-5323
-5352
-5260
-5042
-4695
-4218
-3614
-2890
-2057
-1129
-126
928
2006
3078
4109
5065
5910
6611
7136
7458
7555
7411
7020
6384
5512
4425
3151
1730
204
-1374
-2950
-4468
-5869
-7100
-8111
-8858
-9307
-9435
-9230
-8692
-7836
-6688
-5285
-3678
-1924
-88
1760
3552
5219
6695
7923
8856
9457
9702
9583
9105
8289
7168
5789
4209
2493
711
-1064
-2761
-4312
-5656
-6741
-7527
-7988
-8110
-7898
-7367
-6549
-5486
-4233
-2850
-1403
40
1414
2658
3715
4543
5108
5391
5387
5104
4565
3805
2870
1814
698
-416
-1468
-2396
-3151
-3688
-3977
-4000
-3751
-3243
-2499
-1556
-465
718
1928
3099
4162
5056
5722
6115
6200
5957
5382
4488
3302
1869
246
-1497
-3285
-5036
-6665
-8093
-9243
-10053
-10470
-10460
-10004
-9104
-7781
-6075
-4044
-1763
681
3194
5674
8018
10125
11903
13272
14165
14535
14355
13618
12343
10568
8354
5777
2934
-71
-3124
-6108
-8909
-11416
-13531
-15170
-16267
-16778
-16678
-15969
-14676
-12845
-10544
-7858
-4888
-1743
1458
4599
7563
10244
12543
14382
15696
16444
16605
16182
15197
13696
11740
9409
6793
3992
1110
-1747
-4480
-6994
-9205
-11045
-12459
-13412
-13883
-13875
-13404
-12504
-11224
-9623
-7771
-5742
-3614
-1466
629
2603
4397
5959
7252
8249
8938
9316
9393
9190
8734
8061
7210
6222
5142
4009
2864
1739
664
-338
-1250
-2062
-2768
-3368
-3866
-4268
-4583
-4820
-4988
-5095
-5145
-5142
-5085
-4972
-4797
-4555
-4237
-3835
-3343
-2755
-2069
-1289
-420
524
1527
2566
3614
4638
5604
6475
7215
7788
8162
8310
8211
7852
7229
6347
5222
3880
2356
694
-1053
-2831
-4576
-6228
-7725
-9008
-10025
-10733
-11097
-11095
-10718
-9968
-8865
-7439
-5735
-3807
-1721
453
2639
4759
6736
8499
9982
11130
11899
12257
12190
11697
10794
9512
7894
5999
3894
1655
-637
-2901
-5055
-7020
-8726
-10112
-11129
-11741
-11929
-11687
-11028
-9977
-8576
-6879
-4951
-2864
-696
1470
3558
5488
7192
8609
9688
10392
10701
10605
10114
9250
8051
6564
4849
2975
1014
-957
-2865
-4637
-6205
-7512
-8510
-9163
-9450
-9362
-8906
-8103
-6988
-5605
-4012
-2271
-452
1371
3130
4753
6178
7349
8219
8755
0
0
0
0
0
0
0
0
0
0
0
0
0
0
0
0
0
0
0
0
0
0
0
0
0
0
0
0
0
0
0
0
0
0
0
0
0
0
0
0
0
0
0
0
0
0
0
0
0
0
0
0
0
0
0
0
0
0
0
0
0
0
0
0
0
0
0
8936
8764
8255
7430
6325
4985
3466
1832
149
-1513
-3088
-4515
-5738
-6711
-7401
-7787
-7862
-7631
-7113
-6340
-5351
-4198
-2933
-1616
-303
948
2089
3076
3875
4461
4822
4956
4873
4593
4145
3563
2888
2163
1430
731
101
-428
-836
-1108
-1240
-1237
-1114
-891
-597
-264
72
377
619
767
800
702
467
98
-390
-978
-1634
-2321
-2996
-3617
-4137
-4514
-4712
-4701
-4459
-3977
-3259
-2319
-1185
102
1494
2933
4353
5689
6872
7840
8537
8914
8938
8589
7862
6771
5345
3631
1691
-401
-2565
-4708
-6739
-8568
-10111
-11292
-12049
-12338
-12132
-11425
-10234
-8593
-6562
-4213
-1638
1060
3774
6390
8797
10892
12582
13788
14453
14540
14035
12951
11323
9212
6699
3881
872
-2205
-5225
-8063
-10598
-12723
-14346
-15396
-15825
-15609
-14753
-13287
-11268
-8775
-5909
-2785
467
3717
6829
9675
12136
14109
15513
16286
16397
15838
14632
12826
10495
7732
4650
1376
-1956
-5212
-8258
-10970
-13237
-14970
-16096
-16573
-16383
-15534
-14064
-12033
-9525
-6643
-3505
-238
3026
6159
9034
11538
13576
15068
15960
16221
15847
14857
13296
11232
8750
5952
2951
-133
-3180
-6073
-8701
-10966
-12786
-14098
-14860
-15052
-14676
-13757
-12340
-10487
-8279
-5804
-3163
-458
2207
4737
7038
9032
10652
11850
12593
12867
12675
12040
10998
9601
7910
5997
3938
1811
-303
-2333
-4211
-5875
-7279
-8384
-9166
-9613
-9726
-9519
-9013
-8243
-7247
-6071
-4764
-3376
-1956
-552
792
2041
3160
4127
4921
5532
5957
6197
6260
6157
5906
5523
5031
4448
3797
3098
2368
1625
884
159
-539
-1201
-1820
-2388
-2899
-3349
-3732
-4045
-4282
-4440
-4516
-4505
-4405
-4215
-3934
-3563
-3108
-2572
-1964
-1296
-579
169
934
1694
2431
3123
3749
4292
4732
5054
5247
5300
5210
4976
4602
4096
3472
2745
1936
1068
165
-745
-1638
-2488
-3268
-3958
-4537
-4990
-5304
-5472
-5490
-5360
-5086
-4678
-4150
-3517
-2798
-2013
-1185
-336
510
1335
2116
2836
3476
4024
4468
4798
5010
5100
5067
4915
4647
4272
3797
3235
2598
1900
1157
384
-400
-1180
-1938
-2655
-3316
-3903
-4403
-4802
-5088
-5252
-5287
-5190
-4960
-4600
-4116
-3519
-2821
-2038
-1191
-301
608
1512
2385
3202
3939
4573
5085
5458
5680
5744
5647
5389
4979
4429
3754
2976
2118
1206
268
-666
-1570
-2416
-3180
-3841
-4382
-4788
-5052
-5170
-5143
-4978
-4685
-4278
-3774
-3193
-2555
-1882
-1194
-510
149
771
1342
1853
2297
2671
2974
3208
3377
3487
3543
3551
3516
3444
3338
3199
3026
2819
2575
2288
1956
1572
1134
638
87
-518
-1171
-1863
-2578
-3300
-4009
-4679
-5287
-5803
-6203
-6458
-6547
-6449
-6150
-5643
-4925
-4005
-2897
-1624
-220
1277
2824
4368
5856
7233
8446
9443
10178
10612
10716
10470
9867
8914
7628
6041
4198
2152
-29
-2278
-4516
-6665
-8648
-10391
-11827
-12899
-13560
-13779
-13539
-12840
-11696
-10142
-8224
-6005
-3556
-961
1691
4310
6804
9086
11074
12700
13904
14644
14894
14644
13904
12700
11074
9086
6804
4310
1691
-961
-3556
-6005
-8224
-10142
-11696
-12840
-13539
-13779
-13560
-12899
-11827
-10391
-8648
-6665
-4516
-2278
-29
2152
4198
6041
7628
8914
9867
10470
10716
10612
10178
9443
8446
7233
5856
4368
2824
1277
-220
-1624
-2897
-4005
-4925
-5643
-6150
-6449
-6547
-6458
-6203
-5803
-5287
-4679
-4009
-3300
-2578
-1863
-1171
-518
87
638
1134
1572
1956
2288
2575
2819
3026
3199
3338
3444
3516
3551
3543
3487
3377
3208
2974
2671
2297
1853
1342
771
149
-510
-1194
-1882
-2555
-3193
-3774
-4278
-4685
-4978
-5143
-5170
-5052
-4788
-4382
-3841
-3180
-2416
-1570
-666
268
1206
2118
2976
3754
4429
4979
5389
5647
5744
5680
5458
5085
4573
3939
3202
2385
1512
608
-301
-1191
-2038
-2821
-3519
-4116
-4600
-4960
-5190
-5287
-5252
-5088
-4802
-4403
-3903
-3316
-2655
-1938
-1180
-400
384
1157
1900
2598
3235
3797
4272
4647
4915
5067
5100
5010
4798
4468
4024
3476
2836
2116
1335
510
-336
-1185
-2013
-2798
-3517
-4150
-4678
-5086
-5360
-5490
-5472
-5304
-4990
-4537
-3958
-3268
-2488
-1638
-745
165
1068
1936
2745
3472
4096
4602
4976
5210
5300
5247
5054
4732
4292
3749
3123
2431
1694
934
169
-579
-1296
-1964
-2572
-3108
-3563
-3934
-4215
-4405
-4505
-4516
-4440
-4282
-4045
-3732
-3349
-2899
-2388
-1820
-1201
-539
159
884
1625
2368
3098
3797
4448
5031
5523
5906
6157
6260
6197
5957
5532
4921
4127
3160
2041
792
-552
-1956
-3376
-4764
-6071
-7247
-8243
-9013
-9519
-9726
-9613
-9166
-8384
-7279
-5875
-4211
-2333
-303
1811
3938
5997
7910
9601
10998
12040
12675
12867
12593
11850
10652
9032
7038
4737
2207
-458
-3163
-5804
-8279
-10487
-12340
-13757
-14676
-15052
-14860
-14098
-12786
-10966
-8701
-6073
-3180
-133
2951
5952
8750
11232
13296
14857
15847
16221
15960
15068
13576
11538
9034
6159
3026
-238
-3505
-6643
-9525
-12033
-14064
-15534
-16383
-16573
-16096
-14970
-13237
-10970
-8258
-5212
-1956
1376
4650
7732
10495
12826
14632
15838
16397
16286
15513
14109
12136
9675
6829
3717
467
-2785
-5909
-8775
-11268
-13287
-14753
-15609
-15825
-15396
-14346
-12723
-10598
-8063
-5225
-2205
872
3881
6699
9212
11323
12951
14035
14540
14453
13788
12582
10892
8797
6390
3774
1060
-1638
-4213
-6562
-8593
-10234
-11425
-12132
-12338
-12049
-11292
-10111
-8568
-6739
-4708
-2565
-401
1691
3631
5345
6771
7862
8589
8938
8914
8537
7840
6872
5689
4353
2933
1494
102
-1185
-2319
-3259
-3977
-4459
-4701
-4712
-4514
-4137
-3617
-2996
-2321
-1634
-978
-390
98
467
702
800
767
619
377
72
-264
-597
-891
-1114
-1237
-1240
-1108
-836
-428
101
731
1430
2163
2888
3563
4145
4593
4873
4956
4822
4461
3875
3076
2089
948
-303
-1616
-2933
-4198
-5351
-6340
-7113
-7631
-7862
-7787
-7401
-6711
-5738
-4515
-3088
-1513
149
1832
3466
4985
6325
7430
8255
8764
0
0
0
0
0
0
0
0
0
0
0
0
0
0
0
0
0
0
0
0
0
0
0
0
0
0
0
0
0
0
0
0
0
0
0
0
0
0
0
0
0
0
0
0
0
0
0
0
0
0
0
0
0
0
0
0
0
0
0
0
0
0
0
0
0
0
0
-8936
-8794
-8371
-7684
-6756
-5621
-4316
-2889
-1387
138
1637
3060
4362
5504
6453
7183
7676
7926
7931
7701
7251
6605
5790
4839
3787
2670
1524
384
-717
-1754
-2700
-3537
-4250
-4831
-5273
-5577
-5746
-5786
-5704
-5511
-5217
-4832
-4367
-3832
-3236
-2586
-1891
-1159
-397
386
1181
1979
2765
3526
4245
4904
5483
5963
6322
6541
6603
6491
6196
5711
5037
4179
3153
1980
687
-688
-2106
-3522
-4885
-6146
-7254
-8164
-8833
-9226
-9317
-9088
-8537
-7670
-6508
-5083
-3440
-1633
273
2212
4110
5893
7490
8836
9873
10555
10847
10733
10208
9288
8002
6397
4533
2481
321
-1859
-3972
-5932
-7656
-9073
-10121
-10756
-10947
-10686
-9980
-8859
-7368
-5569
-3539
-1363
862
3044
5085
6896
8396
9519
10213
10447
10208
9505
8367
6844
5003
2925
704
-1559
-3763
-5806
-7593
-9039
-10073
-10646
-10723
-10297
-9379
-8006
-6234
-4139
-1810
648
3127
5515
7700
9582
11068
12086
12581
12520
11897
10728
9054
6939
4468
1741
-1126
-4014
-6798
-9356
-11575
-13353
-14608
-15277
-15324
-14735
-13525
-11736
-9432
-6703
-3655
-408
2906
6154
9203
11928
14215
15968
17112
17597
17400
16523
14998
12882
10256
7223
3899
414
-3094
-6491
-9645
-12434
-14751
-16509
-17642
-18111
-17903
-17029
-15529
-13465
-10923
-8003
-4821
-1500
1832
5051
8037
10682
12894
14599
15743
16297
16253
15627
14459
12805
10740
8352
5740
3006
254
-2413
-4902
-7129
-9023
-10528
-11608
-12242
-12428
-12181
-11532
-10525
-9217
-7671
-5957
-4147
-2310
-515
1178
2717
4060
5176
6044
6657
7016
7135
7034
6740
6286
5706
5037
4312
3564
2820
2104
1431
814
258
-237
-678
-1070
-1424
-1751
-2062
-2367
-2670
-2977
-3285
-3589
-3880
-4144
-4366
-4527
-4609
-4591
-4458
-4194
-3792
-3247
-2561
-1743
-809
217
1307
2427
3538
4598
5567
6403
7069
7530
7760
7741
7462
6924
6135
5116
3897
2517
1020
-540
-2111
-3635
-5056
-6322
-7385
-8204
-8748
-8996
-8936
-8571
-7913
-6985
-5823
-4468
-2970
-1384
230
1818
3321
4687
5870
6830
7537
7973
8128
8003
7612
6975
6124
5097
3935
2686
1398
117
-1109
-2241
-3244
-4088
-4752
-5223
-5497
-5576
-5471
-5200
-4784
-4250
-3628
-2947
-2237
-1526
-841
-202
373
872
1288
1619
1867
2039
2144
2194
2202
2182
2145
2102
2063
2032
2011
1999
1993
1983
1962
1917
1838
1711
1527
1279
959
568
108
-413
-985
-1591
-2212
-2824
-3402
-3921
-4353
-4674
-4863
-4901
-4775
-4479
-4010
-3377
-2593
-1678
-658
432
1557
2678
3751
4736
5593
6286
6783
7059
7097
6888
6432
5740
4829
3727
2470
1099
-338
-1792
-3210
-4540
-5734
-6746
-7537
-8076
-8339
-8314
-7999
-7401
-6538
-5439
-4141
-2688
-1130
478
2081
3621
5043
6298
7339
8130
8642
8856
8764
8367
7680
6725
5535
4153
2624
1003
-653
-2289
-3847
-5273
-6518
-7538
-8299
-8775
-8948
-8814
-8377
-7652
-6664
-5448
-4045
-2504
-878
778
2407
3953
5363
6589
7589
8329
8783
8936
8783
8329
7589
6589
5363
3953
2407
778
-878
-2504
-4045
-5448
-6664
-7652
-8377
-8814
-8948
-8775
-8299
-7538
-6518
-5273
-3847
-2289
-653
1003
2624
4153
5535
6725
7680
8367
8764
8856
8642
8130
7339
6298
5043
3621
2081
478
-1130
-2688
-4141
-5439
-6538
-7401
-7999
-8314
-8339
-8076
-7537
-6746
-5734
-4540
-3210
-1792
-338
1099
2470
3727
4829
5740
6432
6888
7097
7059
6783
6286
5593
4736
3751
2678
1557
432
-658
-1678
-2593
-3377
-4010
-4479
-4775
-4901
-4863
-4674
-4353
-3921
-3402
-2824
-2212
-1591
-985
-413
108
568
959
1279
1527
1711
1838
1917
1962
1983
1993
1999
2011
2032
2063
2102
2145
2182
2202
2194
2144
2039
1867
1619
1288
872
373
-202
-841
-1526
-2237
-2947
-3628
-4250
-4784
-5200
-5471
-5576
-5497
-5223
-4752
-4088
-3244
-2241
-1109
117
1398
2686
3935
5097
6124
6975
7612
8003
8128
7973
7537
6830
5870
4687
3321
1818
230
-1384
-2970
-4468
-5823
-6985
-7913
-8571
-8936
-8996
-8748
-8204
-7385
-6322
-5056
-3635
-2111
-540
1020
2517
3897
5116
6135
6924
7462
7741
7760
7530
7069
6403
5567
4598
3538
2427
1307
217
-809
-1743
-2561
-3247
-3792
-4194
-4458
-4591
-4609
-4527
-4366
-4144
-3880
-3589
-3285
-2977
-2670
-2367
-2062
-1751
-1424
-1070
-678
-237
258
814
1431
2104
2820
3564
4312
5037
5706
6286
6740
7034
7135
7016
6657
6044
5176
4060
2717
1178
-515
-2310
-4147
-5957
-7671
-9217
-10525
-11532
-12181
-12428
-12242
-11608
-10528
-9023
-7129
-4902
-2413
254
3006
5740
8352
10740
12805
14459
15627
16253
16297
15743
14599
12894
10682
8037
5051
1832
-1500
-4821
-8003
-10923
-13465
-15529
-17029
-17903
-18111
-17642
-16509
-14751
-12434
-9645
-6491
-3094
414
3899
7223
10256
12882
14998
16523
17400
17597
17112
15968
14215
11928
9203
6154
2906
-408
-3655
-6703
-9432
-11736
-13525
-14735
-15324
-15277
-14608
-13353
-11575
-9356
-6798
-4014
-1126
1741
4468
6939
9054
10728
11897
12520
12581
12086
11068
9582
7700
5515
3127
648
-1810
-4139
-6234
-8006
-9379
-10297
-10723
-10646
-10073
-9039
-7593
-5806
-3763
-1559
704
2925
5003
6844
8367
9505
10208
10447
10213
9519
8396
6896
5085
3044
862
-1363
-3539
-5569
-7368
-8859
-9980
-10686
-10947
-10756
-10121
-9073
-7656
-5932
-3972
-1859
321
2481
4533
6397
8002
9288
10208
10733
10847
10555
9873
8836
7490
5893
4110
2212
273
-1633
-3440
-5083
-6508
-7670
-8537
-9088
-9317
-9226
-8833
-8164
-7254
-6146
-4885
-3522
-2106
-688
687
1980
3153
4179
5037
5711
6196
6491
6603
6541
6322
5963
5483
4904
4245
3526
2765
1979
1181
386
-397
-1159
-1891
-2586
-3236
-3832
-4367
-4832
-5217
-5511
-5704
-5786
-5746
-5577
-5273
-4831
-4250
-3537
-2700
-1754
-717
384
1524
2670
3787
4839
5790
6605
7251
7701
7931
7926
7676
7183
6453
5504
4362
3060
1637
138
-1387
-2889
-4316
-5621
-6756
-7684
-8371
-8794
0
0
0
0
0
0
0
0
0
0
0
0
0
0
0
0
0
0
0
0
0
0
0
0
0
0
0
0
0
0
0
0
0
0
0
0
0
0
0
0
0
0
0
0
0
0
0
0
0
0
0
0
0
0
0
0
0
0
0
0
0
0
0
0
0
0
0
