0
4278
8485
12550
16402
19973
23203
26035
28419
30314
31684
32507
32766
32456
31581
30156
28203
25758
22860
19561
15917
11991
7852
3573
-771
-5106
-9352
-13436
-17284
-20829
-24006
-26759
-29038
-30801
-32015
-32660
-32720
-32196
-31094
-29434
-27244
-24563
-21439
-17925
-14087
-9991
-5712
-1327
3083
7441
11667
15683
19415
22796
25762
28259
30239
31667
32514
32764
32412
31462
29931
27847
25247
22178
18696
14865
10755
6443
2009
-2465
-6896
-11201
-15299
-19113
-22570
-25606
-28162
-30190
-31650
-32514
-32764
-32394
-31411
-29832
-27686
-25012
-21861
-18292
-14372
-10175
-5781
-1274
3259
7733
12062
16161
19951
23359
26318
28771
30668
31973
32659
32711
32127
30919
29107
26727
23823
20452
16679
12577
8226
3711
-879
-5455
-9926
-14204
-18204
-21846
-25058
-27775
-29942
-31516
-32464
-32766
-32415
-31417
-29790
-27567
-24790
-21514
-17805
-13736
-9388
-4849
-209
4437
8997
13377
17489
21248
24578
27411
29687
31359
32393
32765
32468
31507
29899
27676
24884
21579
17828
13707
9301
4700
0
-4703
-9311
-13729
-17864
-21629
-24947
-27746
-29968
-31566
-32503
-32761
-32332
-31225
-29460
-27076
-24119
-20653
-16748
-12488
-7961
-3263
1506
6246
10856
15238
19298
22949
26112
28719
30713
32051
32702
32651
31900
30461
28366
25658
22395
18646
14492
10022
5332
524
-4298
-9029
-13567
-17811
-21669
-25055
-27896
-30127
-31699
-32577
-32739
-32182
-30916
-28967
-26379
-23206
-19519
-15397
-10932
-6222
-1372
3511
8320
12945
17284
21240
24723
27655
29968
31611
32545
32748
32214
30954
28995
26381
23169
19431
15252
10724
5950
1038
-3899
-8751
-13405
-17757
-21705
-25159
-28038
-30277
-31822
-32637
-32702
-32014
-30588
-28456
-25665
-22280
-18377
-14047
-9388
-4509
477
5455
10308
14924
19194
23018
26305
28979
30974
32243
32756
32498
31476
29711
27244
24133
20449
16280
11722
6884
1880
-3170
-8148
-12935
-17416
-21484
-25041
-28000
-30291
-31856
-32659
-32677
-31909
-30373
-28105
-25157
-21600
-17520
-13013
-8189
-3163
1941
7001
11893
16499
20705
24407
27516
29953
31659
32589
32721
32049
30590
28377
25463
21921
17836
13307
8448
3377
-1780
-6896
-11843
-16499
-20746
-24479
-27603
-30040
-31727
-32621
-32699
-31957
-30413
-28105
-25088
-21439
-17247
-12618
-7668
-2522
2689
7836
12787
17416
21605
25247
28248
30530
32035
32723
32574
31592
29801
27244
23987
20112
15718
10917
5832
595
-4660
-9798
-14685
-19194
-23208
-26622
-29345
-31307
-32455
-32757
-32206
-30813
-28614
-25665
-22043
-17841
-13169
-8148
-2911
2405
7661
12717
17440
21705
25397
28419
30689
32146
32750
32483
31352
29385
26633
23169
19084
14487
9500
4255
-1105
-6439
-11603
-16457
-20870
-24723
-27911
-30346
-31961
-32712
-32578
-31559
-29684
-27001
-23582
-19519
-14922
-9916
-4636
771
6162
11386
16301
20770
24671
27896
30354
31977
32719
32558
31498
29565
26813
23317
19172
14492
9407
4058
-1405
-6833
-12073
-16978
-21411
-25247
-28377
-30713
-32188
-32760
-32410
-31148
-29007
-26047
-22351
-18021
-13179
-7961
-2516
3003
8440
13640
18454
22745
26389
29282
31340
32503
32737
32033
30409
27913
24613
20604
16000
10932
5547
0
-5550
-10942
-16021
-20637
-24657
-27963
-30458
-32068
-32745
-32468
-31244
-29107
-26118
-22364
-17952
-13013
-7689
-2137
3479
8997
14252
19090
23367
26955
29748
31662
32640
32650
31691
29790
27003
23411
19119
14256
8965
3403
-2262
-7862
-13230
-18204
-22633
-26385
-29345
-31423
-32556
-32707
-31871
-30072
-27362
-23823
-19561
-14703
-9397
-3803
1908
7565
12994
18030
22517
26318
29316
31419
32559
32702
31841
30001
27238
23635
19302
14372
8996
3339
-2422
-8112
-13553
-18577
-23026
-26761
-29667
-31650
-32648
-32629
-31591
-29565
-26615
-22829
-18327
-13249
-7752
-2009
3799
9491
14886
19815
24120
27666
30338
32052
32751
32412
31044
28690
25423
21345
16586
11295
5642
-193
-6025
-11667
-16938
-21669
-25706
-28920
-31206
-32489
-32726
-31909
-30063
-27244
-23544
-19081
-13998
-8460
-2644
3259
9060
14569
19606
24006
27626
30346
32075
32756
32366
30916
28451
25051
20827
15917
10480
4696
-1244
-7147
-12817
-18065
-22719
-26622
-29644
-31684
-32674
-32578
-31398
-29173
-25975
-21909
-17110
-11737
-5969
0
5972
11747
17130
21941
26016
29217
31436
32596
32657
31615
29504
26395
22390
17625
12260
6476
470
-5554
-11392
-16845
-21726
-25867
-29127
-31393
-32585
-32662
-31619
-29491
-26349
-22301
-17483
-12062
-6222
-166
5898
11762
17222
22088
26191
29387
31566
32648
32597
31411
29131
25835
21636
16679
11138
5205
-912
-7001
-12847
-18244
-23003
-26955
-29960
-31912
-32739
-32412
-30940
-28374
-24803
-20353
-15179
-9465
-3413
2763
8843
14612
19863
24407
28083
30758
32334
32755
32003
30103
27124
23169
18381
12929
7010
836
-5370
-11386
-16993
-21989
-26191
-29446
-31636
-32680
-32538
-31214
-28754
-25247
-20819
-15630
-9868
-3744
2518
8692
14551
19879
24480
28184
30855
32393
32739
31880
29845
26709
22585
17625
12011
5950
-333
-6607
-12639
-18204
-23094
-27128
-30152
-32055
-32763
-32248
-30528
-27666
-23767
-18976
-13473
-7461
-1167
5173
11322
17047
22132
26385
29644
31785
32724
32427
30901
28203
24435
19738
14288
8294
1981
-4409
-10635
-16457
-21654
-26025
-29402
-31656
-32697
-32485
-31027
-28377
-24634
-19943
-14481
-8460
-2109
4324
10594
16457
21686
26077
29459
31699
32710
32451
30929
28203
24378
19601
14056
7961
1552
-4919
-11201
-17047
-22227
-26537
-29806
-31906
-32751
-32307
-30590
-27666
-23648
-18696
-13002
-6791
-309
6187
12441
18204
23246
27366
30398
32222
32762
31995
29951
26709
22398
17189
11289
4935
-1619
-8112
-14281
-19879
-24678
-28486
-31147
-32552
-32643
-31416
-28917
-25247
-20553
-15023
-8882
-2378
4225
10659
16662
21989
26421
29777
31918
32756
32254
30432
27362
23169
18024
12137
5748
-879
-7473
-13762
-19485
-24407
-28323
-31070
-32533
-32650
-31414
-28875
-25136
-20353
-14721
-8475
-1874
4807
11292
17307
22602
26955
30182
32146
32765
32010
29911
26556
22083
16679
10571
4016
-2711
-9326
-15551
-21121
-25799
-29387
-31732
-32732
-32344
-30582
-27520
-23286
-18060
-12062
-5547
1206
7911
14280
20041
24947
28786
31393
32653
32513
30975
28105
24024
18906
12972
6476
-301
-7069
-13534
-19415
-24458
-28443
-31196
-32596
-32580
-31148
-28360
-24336
-19250
-13322
-6811
0
6813
13332
19269
24364
28393
31178
32594
32578
31129
28309
24241
19103
13120
6555
-301
-7147
-13680
-19609
-24671
-28641
-31340
-32648
-32505
-30916
-27948
-23735
-18460
-12360
-5706
1206
8067
14569
20421
25359
29162
31656
32728
32328
30473
27244
22786
17298
11027
4255
-2711
-9557
-15974
-21669
-26383
-29901
-32062
-32766
-31979
-29736
-26137
-21345
-15577
-9095
-2195
4807
11593
17850
23291
27666
30771
32464
32665
31362
28614
24546
19345
13249
6538
-477
-7473
-14125
-20126
-25196
-29098
-31650
-32732
-32292
-30349
-26991
-22374
-16712
-10266
-3339
3746
10659
17076
22694
27251
30530
32377
32702
31489
28793
24740
19519
13375
6597
-494
-7565
-14281
-20323
-25404
-29282
-31772
-32753
-32178
-30072
-26533
-21729
-15887
-9285
-2238
4919
11843
18204
23695
28052
31066
32589
32548
30942
27847
23411
17845
11416
4435
-2763
-9830
-16425
-22227
-26955
-30378
-32330
-32713
-31507
-28769
-24631
-19293
-13013
-6096
1120
8285
15047
21076
26077
29802
32068
32763
31850
29372
25451
20276
14101
7230
0
-7232
-14111
-20295
-25478
-29402
-31872
-32764
-32033
-29711
-25913
-20827
-14703
-7845
-595
6688
13640
19914
25196
29220
31785
32759
32093
29819
26047
20967
14832
7950
664
-6656
-13645
-19948
-25247
-29273
-31822
-32763
-32046
-29706
-25861
-20703
-14492
-7543
-209
7138
14125
20396
25629
29557
31977
32766
31880
29363
25342
20022
13674
6622
-771
-8129
-15071
-21240
-26318
-30042
-32219
-32734
-31559
-28754
-24461
-18901
-12360
-5177
2276
9615
16457
22447
27271
30678
32489
32608
31026
27825
23169
17302
10527
3199
-4298
-11573
-18244
-23960
-28419
-31387
-32705
-32302
-30198
-26501
-21406
-15179
-8148
-684
6817
13962
20369
25700
29668
32064
32757
31710
28975
24698
19103
12488
5205
-2358
-9798
-16717
-22745
-27557
-30894
-32577
-32513
-30703
-27244
-22319
-16192
-9191
-1693
5898
13175
19743
25247
29388
31941
32765
31816
29141
24884
19276
12618
5272
-2362
-9871
-16845
-22903
-27714
-31014
-32621
-32445
-30495
-26875
-21781
-15492
-8351
-749
6896
14165
20658
26016
29942
32220
32721
31417
28377
23767
17841
10926
3403
-4310
-11787
-18613
-24407
-28847
-31684
-32759
-32010
-29476
-25298
-19707
-13013
-5590
2148
9769
16845
22980
27828
31116
32659
32366
30254
26438
21133
14635
7310
-430
-8148
-15409
-21801
-26962
-30598
-32502
-32563
-30778
-27244
-22162
-15818
-8572
-836
6950
14343
20920
26305
30190
32350
32661
31103
27762
22829
16586
9388
1649
-6187
-13670
-20369
-25898
-29936
-32249
-32702
-31267
-28024
-23161
-16955
-9766
-2009
5867
13405
20168
25762
29860
32222
32709
31291
28049
23169
16936
9711
1916
-5992
-13553
-20323
-25904
-29968
-32275
-32687
-31179
-27837
-22855
-16527
-9222
-1372
6562
14111
20829
26318
30252
32397
32623
30916
27374
22206
15718
8294
373
-7571
-15067
-21669
-26980
-30683
-32556
-32483
-30469
-26631
-21197
-14492
-6916
1077
9009
16402
22811
27851
31216
32702
32218
29790
25564
19793
12824
5078
-2978
-10856
-18080
-24210
-28873
-31785
-32766
-31757
-28816
-24119
-17952
-10689
-2772
5316
13083
20053
25799
29968
32304
32662
31017
27469
22233
15630
8064
0
-8067
-15639
-22251
-27492
-31038
-32669
-32282
-29899
-25665
-19840
-12785
-4935
3223
11185
18454
24578
29176
31960
32754
31507
28295
23317
16881
9388
1306
-6859
-14599
-21426
-26913
-30713
-32587
-32415
-30206
-26096
-20343
-13307
-5431
2789
10837
18204
24423
29100
31937
32755
31498
28244
23199
16679
9099
938
-7285
-15047
-21854
-27271
-30951
-32659
-32282
-29844
-25497
-19519
-12290
-4271
4023
12062
19330
25359
29762
32252
32670
30984
27303
21861
15008
7184
-1105
-9326
-16947
-23474
-28484
-31650
-32766
-31757
-28687
-23753
-17274
-9670
-1435
6896
14781
21705
27215
30951
32666
32248
29720
25247
19119
11737
3583
-4807
-12886
-20121
-26035
-30239
-32455
-32534
-30469
-26395
-20578
-13400
-5336
3083
11302
18775
25007
29584
32200
32681
30992
27244
21684
14679
6695
-1736
-10055
-17706
-24178
-29038
-31959
-32744
-31340
-27837
-22468
-15592
-7668
771
9163
16942
23583
28641
31772
32764
31548
28203
22955
16155
8261
-193
-8637
-16499
-23246
-28419
-31667
-32766
-31641
-28366
-23161
-16378
-8479
0
8482
16388
23178
28387
31659
32766
31633
28334
23092
16267
8323
-193
-8699
-16610
-23382
-28547
-31748
-32764
-31521
-28105
-22748
-15818
-7793
771
9287
17161
23850
28887
31923
32744
31292
27666
22114
15023
6884
-1736
-10238
-18030
-24565
-29387
-32158
-32681
-30919
-26991
-21173
-13868
-5590
3083
11543
19194
25499
30012
32414
32534
30361
26047
19895
12336
3903
-4807
-13181
-20625
-26610
-30711
-32637
-32248
-29569
-24790
-18247
-10405
-1820
6896
15124
22277
27843
31423
32760
31757
28483
23169
16196
8060
-655
-9326
-17331
-24094
-29127
-32068
-32703
-30984
-27033
-21133
-13707
-5289
3511
12062
19743
25999
30374
32552
32371
29844
25150
18630
10754
2094
-6719
-15047
-22282
-27896
-31478
-32765
-31661
-28244
-22763
-15616
-7324
1506
10228
18204
24847
29668
32313
32585
30461
26096
19809
12062
3423
-5469
-13962
-21426
-27310
-31178
-32740
-31881
-28661
-23317
-16242
-7961
912
9721
17811
24578
29519
32265
32608
30520
26157
19840
12041
3339
-5613
-14150
-21629
-27492
-31296
-32755
-31758
-28377
-22863
-15630
-7219
1736
10564
18599
25234
29968
32443
32468
30041
25342
18725
10689
1842
-7147
-15598
-22868
-28404
-31785
-32751
-31227
-27327
-21345
-13736
-5078
3969
12717
20496
26712
30887
32702
32014
28875
23522
16364
7950
-1077
-10024
-18204
-24986
-29848
-32414
-32483
-30050
-25298
-18593
-10451
-1499
7571
16058
23305
28750
31969
32711
30916
26720
20449
12587
3744
-5391
-14111
-21734
-27666
-31442
-32766
-31533
-27837
-21964
-14372
-5653
3510
12401
20323
26654
30894
32710
31957
28692
23169
15822
7226
-1941
-10958
-19113
-25762
-30378
-32596
-32237
-29328
-24096
-16955
-8469
691
9799
18132
25028
29936
32465
32412
29778
24772
17791
9388
234
-8940
-17404
-24479
-29598
-32350
-32513
-30072
-25219
-18342
-9991
-836
8388
16942
24135
29387
32275
32563
30226
25451
18620
10283
1113
-8148
-16754
-24006
-29316
-32252
-32574
-30254
-25477
-18630
-10266
-1066
8222
16845
24098
29390
32286
32549
30156
25298
18372
9941
695
-8610
-17213
-24407
-29603
-32371
-32482
-29925
-24908
-17841
-9305
0
9307
17850
24924
29942
32491
32356
29546
24293
17028
8351
-1019
-10308
-18745
-25629
-30386
-32621
-32145
-28995
-23432
-15917
-7073
2362
11603
19879
26497
30903
32728
31816
28241
22301
14491
5464
-4023
-13175
-21224
-27492
-31451
-32766
-31324
-27244
-20868
-12732
-3519
5992
15001
22745
28568
31977
32682
30619
25962
19103
10622
1238
-8253
-17047
-24394
-29668
-32420
-32412
-29643
-24347
-16973
-8148
1373
10781
19269
26112
30723
32705
31886
28334
22351
14449
5304
-4298
-13534
-21608
-27826
-31650
-32749
-31026
-26627
-19930
-11510
-2094
7504
16457
23989
29446
32355
32460
29752
24461
17046
8148
-1459
-10942
-19477
-26318
-30870
-32732
-31742
-27983
-21780
-13674
-4371
5316
14541
22496
28484
31977
32669
30495
25645
18541
9807
209
-9410
-18204
-25397
-30356
-32640
-32046
-28625
-22675
-14721
-5464
4278
13645
21806
28038
31787
32719
30748
26047
19032
10324
695
-8997
-17892
-25196
-30256
-32621
-32077
-28669
-22701
-14703
-5389
4409
13816
21989
28193
31872
32694
30582
25725
18555
9715
0
-9718
-18563
-25739
-30598
-32699
-31850
-28126
-21861
-13619
-4144
5708
15047
23026
28920
32194
32549
29951
24631
17073
7961
-1876
-11547
-20168
-26955
-31287
-32766
-31257
-26894
-20073
-11416
-1713
8148
17267
24807
30076
32589
32113
28690
22632
14492
5018
-4919
-14407
-22570
-28657
-32104
-32591
-30072
-24775
-17189
-8012
1907
11653
20323
27113
31393
32763
31094
26539
19519
10683
852
-9060
-18132
-25519
-30530
-32697
-31816
-27965
-21503
-13031
-3339
6667
16052
23938
29584
32459
32292
29097
23169
15065
5543
-4501
-14125
-22423
-28612
-32108
-32578
-29977
-24546
-16798
-7461
2582
12385
21019
27666
31694
32721
30647
25665
18247
9095
-923
-10856
-19760
-26786
-31264
-32766
-31146
-26556
-19431
-10451
-470
9557
18675
26008
30855
32749
31507
27244
20368
11537
1595
-8501
-17784
-25359
-30497
-32702
-31758
-27754
-21074
-12360
-2451
7696
17103
24860
30215
32648
31922
28105
21563
12929
3039
-7147
-16643
-24525
-30025
-32607
-32016
-28309
-21844
-13249
-3359
6859
16412
24364
29939
32588
32050
28377
21924
13322
3413
-6833
-16412
-24382
-29960
-32596
-32028
-28309
-21804
-13150
-3199
7069
16643
24578
30089
32630
31946
28105
21482
12732
2719
-7565
-17103
-24947
-30318
-32680
-31797
-27754
-20951
-12062
-1970
8320
17784
25478
30633
32732
31565
27244
20200
11134
952
-9326
-18675
-26154
-31014
-32765
-31228
-26556
-19215
-9941
333
10578
19760
26955
31436
32749
30759
25665
17979
8475
-1887
-12062
-21019
-27851
-31864
-32650
-30126
-24546
-16475
-6728
3703
13762
22423
28806
32258
32427
29291
23169
14683
4696
-5772
-15653
-23938
-29777
-32571
-32033
-28214
-21503
-12587
-2378
8077
17706
25519
30711
32748
31416
26850
19519
10175
-219
-10594
-19879
-27113
-31549
-32726
-30520
-25157
-17189
-7439
3083
13289
22119
28657
32222
32441
29289
23092
14492
4381
-6187
-16114
-24364
-30076
-32652
-31820
-27666
-20619
-11416
-1017
9491
19008
26537
31287
32757
30792
25595
17709
7961
-2625
-12939
-21894
-28547
-32194
-32451
-29286
-23032
-14346
-4144
6498
16457
24678
30291
32699
31644
27238
19943
10531
0
-10533
-19951
-27251
-31656
-32694
-30254
-24592
-16309
-6286
4409
14637
23305
29487
32519
32077
28203
21312
12137
1660
-8997
-18692
-26385
-31248
-32757
-30748
-25434
-17383
-7461
3266
13645
22556
29038
32390
32248
28625
21909
12824
2351
-8378
-18204
-26061
-31098
-32765
-30880
-25645
-17625
-7689
3083
13524
22496
29023
32393
32235
28565
21780
12618
2077
-8692
-18516
-26318
-31245
-32755
-30681
-25247
-17046
-6975
3863
14280
23132
29446
32527
32033
28015
20915
11510
836
-9932
-19609
-27125
-31650
-32682
-30103
-24198
-15616
-5304
5596
15880
24407
30232
32705
31550
26894
19250
9465
-1373
-12062
-21411
-28379
-32188
-32412
-29022
-22395
-13267
-2656
8253
18244
26197
31222
32754
30619
25054
16679
6433
-4537
-15001
-23783
-29895
-32648
-31731
-27244
-19690
-9916
976
11762
21224
28293
32170
32415
28997
22301
13080
2378
-8595
-18599
-26497
-31393
-32729
-30352
-24528
-15917
-5494
5554
15974
24578
30386
32734
31352
26395
18425
8351
-2679
-13405
-22602
-29217
-32491
-32046
-27932
-20616
-10936
0
10939
20625
27944
32055
32482
29173
22507
13249
2462
-8610
-18692
-26622
-31481
-32707
-30156
-24119
-15293
-4696
6446
16845
25296
30817
32766
30916
25477
17079
6695
-4468
-15115
-24006
-30106
-32702
-31489
-26606
-18620
-8460
2689
13528
22788
29387
32552
31909
27532
19930
9991
-1120
-12103
-21669
-28693
-32350
-32208
-28280
-21025
-11295
-234
10856
20671
28052
32127
32412
28871
21921
12379
1372
-9799
-19815
-27487
-31906
-32545
-29328
-22632
-13249
-2291
8940
19113
27016
31708
32629
29666
23169
13911
2992
-8285
-18577
-26654
-31549
-32677
-29899
-23544
-14372
-3477
7836
18214
26411
31442
32702
30037
23764
14635
3744
-7598
-18030
-26293
-31393
-32711
-30086
-23833
-14703
-3796
7571
18026
26305
31405
32707
30050
23753
14577
3632
-7754
-18204
-26446
-31479
-32688
-29925
-23522
-14256
-3253
8148
18560
26712
31608
32650
29706
23135
13736
2656
-8751
-19090
-27095
-31785
-32581
-29385
-22585
-13013
-1842
9557
19786
27585
31994
32468
28947
21861
12081
809
-10564
-20637
-28166
-32219
-32293
-28377
-20951
-10932
440
11762
21629
28819
32437
32033
27653
19840
9561
-1907
-13142
-22745
-29519
-32621
-31661
-26755
-18514
-7961
3586
14689
23960
30239
32740
31148
25658
16955
6128
-5469
-16384
-25247
-30944
-32759
-30461
-24336
-15151
-4058
7546
18204
26572
31595
32638
29565
22763
13087
1756
-9798
-20118
-27896
-32148
-32332
-28424
-20915
-10754
771
12203
22088
29171
32552
31797
27001
18769
8148
-3511
-14727
-24069
-30346
-32754
-30984
-25260
-16309
-5272
6439
17331
26008
31359
32696
29845
23169
13521
2137
-9523
-19964
-27843
-32146
-32318
-28334
-20703
-10405
1234
12717
22564
29503
32637
31559
26407
17841
6968
-4807
-15965
-25058
-30909
-32757
-30361
-24028
-14577
-3233
8533
19194
27364
31977
32433
28669
21173
10917
-762
-12345
-22321
-29387
-32619
-31592
-26438
-17828
-6884
4961
16161
25247
31028
32744
30168
23635
13998
2522
-9287
-19879
-27860
-32179
-32265
-28105
-20242
-9711
2101
13640
23382
30040
32733
31103
25362
16267
5018
-6896
-17901
-26537
-31659
-32585
-29190
-21921
-11741
0
11743
21929
29201
32589
31641
26480
17791
6728
-5233
-16499
-25566
-31222
-32709
-29826
-22955
-13013
-1327
10537
20994
28641
32450
31909
27088
18630
7668
-4324
-15739
-25041
-30976
-32744
-30105
-23411
-13561
-1880
10055
20637
28436
32397
31982
27244
18822
7852
-4182
-15653
-25007
-30974
-32743
-30072
-23319
-13400
-1660
10308
20879
28612
32455
31881
26966
18377
7282
-4807
-16245
-25468
-31216
-32702
-29720
-22675
-12528
-664
11292
21705
29147
32596
31576
26225
17274
5950
-6193
-17489
-26383
-31650
-32564
-28995
-21433
-10917
1105
12978
23064
29968
32737
30984
24950
15465
3839
-8320
-19330
-27666
-32170
-32217
-27796
-19519
-8531
3643
15314
24860
30951
32739
29972
23032
12884
938
-11141
-21669
-29176
-32613
-31498
-25982
-16835
-5332
6918
18204
26944
31912
32410
28366
20343
9465
-2743
-14569
-24351
-30713
-32759
-30198
-23387
-13283
-1306
10856
21492
29100
32604
31507
25962
16748
5166
-7147
-18454
-27152
-32008
-32332
-28076
-19840
-8789
3510
15314
24947
31038
32720
29752
22551
12140
0
-12143
-22559
-29762
-32723
-31017
-24884
-15198
-3339
8998
20053
28242
32393
31908
26854
17952
6476
-5930
-17489
-26541
-31785
-32465
-28481
-20402
-9388
2978
14918
24714
30951
32730
29790
22554
12062
-172
-12385
-22811
-29942
-32746
-30813
-24421
-14492
-2462
9926
20879
28806
32556
31581
26021
16679
4912
-7571
-18956
-27585
-32200
-32127
-27374
-18630
-7167
5342
17076
26318
31719
32485
28504
20353
9222
-3259
-15267
-25041
-31147
-32687
-29434
-21861
-11077
1334
13553
23783
30517
32764
30189
23169
12736
423
-11953
-22570
-29860
-32743
-30792
-24293
-14202
-2009
10483
21426
29201
32652
31267
25247
15482
3419
-9153
-20369
-28563
-32514
-31633
-26047
-16586
-4654
7973
19415
27967
32350
31910
26709
17520
5712
-6950
-18577
-27428
-32179
-32116
-27244
-18292
-6597
6088
17864
26962
32015
32263
27666
18910
7310
-5391
-17284
-26579
-31872
-32366
-27983
-19380
-7852
4862
16845
26287
31760
32433
28203
19707
8226
-4501
-16550
-26094
-31684
-32472
-28334
-19895
-8434
4310
16402
26003
31651
32486
28377
19946
8475
-4288
-16402
-26016
-31662
-32478
-28334
-19861
-8351
4437
16550
26133
31717
32445
28203
19638
8060
-4756
-16845
-26351
-31812
-32386
-27983
-19276
-7602
5243
17284
26666
31941
32293
27666
18769
6975
-5898
-17864
-27071
-32095
-32157
-27244
-18113
-6176
6719
18577
27557
32265
31968
26709
17302
5205
-7702
-19415
-28111
-32434
-31710
-26047
-16326
-4058
8843
20369
28719
32588
31368
25247
15179
2736
-10137
-21426
-29364
-32705
-30922
-24293
-13853
-1238
11573
22570
30025
32764
30353
23169
12339
-434
-13142
-23783
-30678
-32739
-29638
-21861
-10632
2276
14829
25041
31296
32604
28754
20353
8727
-4282
-16616
-26318
-31849
-32328
-27676
-18630
-6622
6439
18480
27585
32302
31880
26381
16679
4318
-8734
-20396
-28806
-32620
-31227
-24845
-14492
-1820
11144
22329
29942
32763
30335
23047
12062
-859
-13645
-24243
-30951
-32688
-29173
-20967
-9388
3703
16202
26094
31785
32354
27709
18593
6476
-6688
-18775
-27832
-32393
-31718
-25913
-15915
-3339
9779
21317
29402
32723
30737
23764
12933
0
-12935
-23772
-30745
-32720
-29372
-21243
-9654
3510
16105
26077
31798
32332
27590
18342
6096
-7147
-19226
-28162
-32493
-31507
-25362
-15061
-2291
10856
22227
29953
32765
30198
22670
11416
-1716
-14569
-25028
-31370
-32548
-28366
-19509
-7435
5867
18204
27539
32330
31782
25982
15887
3163
-10086
-21669
-29667
-32753
-30413
-23032
-11831
1334
14281
24860
31312
32563
28403
19519
7387
-5976
-18347
-27666
-32377
-31693
-25725
-15465
-2622
10659
22164
29968
32766
30086
22374
10917
-2369
-15261
-25599
-31650
-32396
-27709
-18372
-5950
7473
19643
28516
32596
31195
24546
13765
664
-12550
-23653
-30771
-32702
-29116
-20616
-8634
4807
17440
27128
32230
31881
26137
15968
3092
-10308
-21966
-29901
-32766
-30072
-22272
-10689
2711
15653
25937
31812
32275
27244
17574
4908
-8595
-20637
-29162
-32712
-30681
-23411
-12140
1206
14349
25041
31451
32480
27948
18630
6117
-7445
-19735
-28641
-32634
-31026
-24089
-13013
301
13567
24501
31222
32570
28309
19172
6728
-6876
-19298
-28393
-32589
-31159
-24347
-13326
0
13328
24354
31166
32585
28360
19220
6748
-6896
-19347
-28443
-32604
-31103
-24198
-13087
301
13640
24608
31294
32533
28105
18778
6176
-7504
-19879
-28786
-32669
-30847
-23635
-12290
1206
14493
25247
31583
32389
27520
17828
5008
-8692
-20870
-29387
-32745
-30352
-22624
-10917
2711
15865
26229
31977
32094
26556
16335
3233
-10442
-22277
-30182
-32757
-29546
-21112
-8944
4807
17712
27483
32390
31559
25136
14256
845
-12717
-24026
-31070
-32598
-28334
-19032
-6345
7473
19964
28903
32697
30666
23169
11540
-2148
-15456
-26008
-31918
-32127
-26596
-16309
-3103
10659
22517
30346
32741
29270
20553
8148
-5719
-18563
-28078
-32552
-31179
-24202
-12874
771
14281
25223
31625
32332
27214
17189
4062
-9798
-21894
-30040
-32762
-29565
-21025
-8682
5233
18204
27882
32514
31257
24336
13002
-691
-14262
-25247
-31650
-32307
-27094
-16955
-3732
10171
22227
30239
32747
29289
20494
7961
-6025
-18915
-28356
-32621
-30929
-23586
-11931
1907
15400
26077
31982
32033
26215
15592
2109
-11762
-23479
-30889
-32629
-28377
-18910
-5966
8077
20637
29402
32756
30080
21861
9613
-4409
-17621
-27585
-32459
-31342
-24435
-13013
816
14497
25499
31785
32188
26631
16140
2656
-11322
-23203
-30782
-32650
-28456
-18976
-5969
8148
20755
29503
32763
29925
21514
9095
-5021
-18204
-27995
-32564
-31058
-23753
-12011
1977
15598
26305
32095
31880
25698
14703
952
-12978
-24480
-31393
-32418
-27360
-17165
-3744
10381
22559
30497
32702
28754
19394
6380
-7836
-20580
-29446
-32762
-29899
-21393
-8847
5370
18577
28275
32630
30814
23169
11138
-3003
-16579
-27016
-32334
-31523
-24733
-13249
751
14612
25700
31906
32048
26096
15179
1372
-12698
-24354
-31371
-32412
-27273
-16932
-3359
10856
23003
30758
32638
28280
18514
5205
-9101
-21669
-30089
-32747
-29131
-19930
-6905
7445
20371
29387
32762
29844
21189
8460
-5898
-19125
-28673
-32702
-30433
-22301
-9868
4468
17946
27963
32585
30916
23274
11134
-3159
-16845
-27275
-32428
-31305
-24119
-12260
1977
15833
26622
32247
31615
24845
13249
-923
-14918
-26016
-32055
-31858
-25461
-14105
0
14107
25468
31864
32046
25975
14832
792
-13405
-24986
-31684
-32188
-26395
-15435
-1452
12817
24578
31525
32292
26727
15917
1981
-12345
-24250
-31393
-32366
-26976
-16280
-2378
11993
24006
31293
32415
27148
16527
2644
-11762
-23850
-31230
-32442
-27244
-16660
-2779
11653
23783
31206
32451
27267
16679
2783
-11667
-23806
-31222
-32441
-27217
-16586
-2656
11803
23919
31277
32412
27094
16378
2398
-12062
-24120
-31370
-32361
-26894
-16056
-2009
12441
24407
31496
32285
26615
15616
1488
-12939
-24777
-31650
-32178
-26251
-15055
-836
13553
25223
31826
32033
25797
14372
52
-14280
-25739
-32015
-31841
-25247
-13561
863
15115
26318
32208
31592
24592
12618
-1908
-16052
-26950
-32393
-31276
-23823
-11540
3083
17085
27622
32556
30880
22932
10324
-4384
-18204
-28323
-32682
-30389
-21909
-8965
5807
19399
29038
32755
29790
20744
7461
-7347
-20658
-29748
-32757
-29067
-19428
-5811
8997
21966
30436
32669
28203
17952
4016
-10746
-23305
-31079
-32468
-27184
-16309
-2077
12583
24657
31656
32135
25992
14491
0
-14493
-25999
-32139
-31644
-24613
-12494
2208
16457
27304
32503
30975
23032
10317
-4537
-18454
-28547
-32719
-30103
-21238
-7961
6971
20458
29694
32757
29007
19220
5431
-9491
-22439
-30713
-32587
-27666
-16973
-2736
12073
24364
31568
32177
26060
14492
-108
-14689
-26197
-32222
-31498
-24174
-11781
3083
17304
27896
32634
30520
21996
8847
-6162
-19879
-29416
-32766
-29219
-19519
-5706
9311
22368
30711
32578
27570
16743
2378
-12491
-24723
-31732
-32033
-25558
-13674
1105
15653
26888
32428
31095
23169
10328
-4707
-18745
-28806
-32750
-29736
-20402
-6728
8378
21705
30414
32650
27932
17262
2911
-12062
-24465
-31651
-32083
-25665
-13765
1077
15692
26955
32455
31012
22932
9941
-5180
-19194
-29098
-32765
-29406
-19738
-5832
9326
22486
30817
32526
27244
16102
1495
-13436
-25478
-32035
-31693
-24521
-12062
2999
17416
28078
32680
30226
21243
7668
-7565
-21167
-30192
-32685
-28105
-17438
-2992
12103
24578
31727
31995
25321
13150
-1876
-16499
-27539
-32596
-30567
-21889
-8448
6833
20630
29936
32722
28377
17845
3419
-11753
-24364
-31659
-32040
-25423
-13249
1823
16499
27568
32607
30508
21729
8189
-7147
-20920
-30108
-32693
-28105
-17347
-2779
12401
24860
31856
31850
24838
12360
-2839
-17416
-28160
-32702
-30037
-20749
-6884
8501
22013
30668
32552
27244
15915
1066
-14020
-26008
-32243
-31342
-23500
-10451
4915
19194
29220
32766
29042
18871
4509
-10856
-23813
-31479
-32147
-25665
-13473
1720
16533
27666
32637
30335
21271
7461
-8015
-21705
-30552
-32578
-27327
-15968
-1038
14125
26133
32294
31228
23169
9920
-5554
-19786
-29584
-32748
-28565
-17970
-3339
12043
24723
31849
31816
24627
11897
-3511
-18132
-28673
-32755
-29458
-19519
-5177
10334
23516
31393
32182
25702
13414
-1907
-16800
-27896
-32682
-30072
-20653
-6555
9029
22570
30997
32395
26445
14492
-751
-15827
-27310
-32589
-30461
-21406
-7481
8148
21926
30713
32507
26894
15151
-48
-15238
-26955
-32522
-30664
-21804
-7961
7702
21608
30575
32549
27076
15403
202
-15047
-26852
-32503
-30703
-21861
-8002
7696
21629
30598
32538
27001
15255
0
-15257
-27007
-32541
-30582
-21579
-7602
8129
21989
30779
32468
26664
14703
-655
-15865
-27411
-32621
-30288
-20948
-6758
8997
22672
31098
32318
26047
13736
-1763
-16855
-28038
-32713
-29790
-19946
-5464
10289
23653
31516
32046
25116
12336
-3319
-18204
-28847
-32766
-29042
-18541
-3711
11987
24889
31977
31593
23823
10480
-5316
-19871
-29777
-32711
-27983
-16697
-1495
14059
26318
32404
30885
22114
8148
-7733
-21801
-30745
-32460
-26539
-14372
1180
16457
27860
32699
29832
19930
5325
-10537
-23916
-31650
-31910
-24631
-11530
4298
19113
29409
32747
28334
17210
2009
-13670
-26112
-32365
-30942
-22178
-8148
7817
21929
30833
32412
26285
13907
-1780
-17047
-28259
-32743
-29429
-19103
-4222
11667
24777
31977
31548
23586
9991
-5992
-20546
-30192
-32619
-27244
-15350
219
15739
27492
32660
30001
20149
5464
-10533
-24006
-31719
-31816
-24270
-10892
5106
19879
29873
32681
27625
15917
373
-15261
-27221
-32621
-30156
-20416
-5748
10308
23879
31684
31836
24293
10875
-5173
-19973
-29942
-32665
-27477
-15633
0
15636
27483
32666
29925
19920
5078
-10999
-24407
-31886
-31615
-23656
-9941
6193
20824
30386
32549
26782
14487
-1341
-16845
-28242
-32749
-29262
-18630
-3445
12583
25539
32252
31078
22301
8064
-8148
-22368
-31111
-32231
-25451
-12429
3643
18824
29387
32737
28047
16465
836
-15001
-27152
-32625
-30072
-20115
-5205
10989
24479
31937
31523
23335
9388
-6876
-21447
-30723
-32412
-26092
-13322
2743
18132
29038
32759
28371
16955
1338
-14612
-26944
-32596
-30164
-20247
-5304
10958
24501
31960
31477
23169
9099
-7236
-21774
-30894
-32323
-25702
-12676
3510
18824
29446
32724
27837
16000
166
-15711
-27666
-32707
-29572
-19041
-3744
12491
25602
32304
30916
21780
7184
-9215
-23305
-31551
-31880
-24205
-10451
5930
20824
30486
32483
26311
13518
-2679
-18204
-29147
-32749
-28098
-16364
-502
15488
27574
32702
29574
18976
3583
-12717
-25806
-32371
-30748
-21345
-6538
9926
23879
31785
31636
23467
9346
-7147
-21830
-30974
-32254
-25342
-11991
4409
19692
29968
32623
26976
14462
-1736
-17495
-28798
-32764
-28377
-16752
-852
15267
27492
32699
29554
18857
3339
-13034
-26077
-32450
-30520
-20777
-5712
10817
24578
32042
31291
22515
7961
-8637
-23021
-31496
-31881
-24075
-10079
6509
21426
30833
32307
25463
12062
-4448
-19815
-30076
-32585
-26689
-13907
2465
18204
29244
32732
27762
15616
-569
-16610
-28356
-32765
-28692
-17189
-1231
15047
27428
32699
29490
18630
2932
-13528
-26478
-32552
-30168
-19943
-4530
12062
25519
32337
30737
21133
6022
-10659
-24565
-32068
-31208
-22206
-7407
9326
23628
31760
31593
23169
8686
-8070
-22719
-31423
-31903
-24028
-9858
6896
21846
31070
32147
24790
10926
-5807
-21019
-30711
-32336
-25461
-11891
4807
20244
30356
32478
26047
12755
-3899
-19528
-30012
-32581
-26556
-13521
3083
18877
29687
32654
26991
14192
-2362
-18294
-29387
-32703
-27360
-14769
1736
17784
29119
32734
27666
15255
-1206
-17349
-28887
-32752
-27913
-15652
771
16993
28695
32761
28105
15962
-434
-16717
-28547
-32765
-28244
-16186
193
16523
28443
32766
28334
16326
-48
-16412
-28387
-32766
-28374
-16382
0
0
0
0
0
0
0
0
0
0
0
0
0
0
0
0
0
0
0
0
0
0
0
0
0
0
0
0
0
0
0
0
0
0
0
0
0
0
0
0
0
0
0
0
0
0
0
0
0
0
0
0
0
0
0
0
0
0
0
0
0
0
0
0
0
0
0
0
0
0
0
0
0
0
0
0
0
0
0
0
0
0
0
0
0
0
0
0
0
0
0
0
0
0
0
0
0
0
0
0
0
0
0
0
0
0
0
0
0
0
0
0
0
0
0
0
0
0
0
0
0
0
0
0
0
0
0
0
0
0
0
0
0
0
0
0
0
0
0
0
0
0
0
0
0
0
0
0
0
0
0
0
0
0
0
0
0
0
0
0
0
0
0
0
0
0
0
0
0
0
0
0
0
0
0
0
0
0
0
0
0
0
0
0
0
0
0
0
0
0
0
0
0
0
0
0
0
0
0
0
0
0
0
0
0
0
0
0
0
0
0
0
0
0
0
0
0
0
0
0
0
0
0
0
0
0
0
0
0
0
0
0
0
0
0
0
0
0
0
0
0
0
0
0
0
0
0
0
0
0
0
0
0
0
0
0
0
0
0
0
0
0
0
0
0
0
0
0
0
0
0
0
0
0
0
0
0
0
0
0
0
0
0
0
0
0
0
0
0
0
0
0
0
0
0
0
0
0
0
0
0
0
0
0
0
0
0
0
0
0
0
0
0
0
0
0
0
0
0
0
0
0
0
0
0
0
0
0
0
0
0
0
0
0
0
0
0
0
0
0
0
0
0
0
0
0
0
0
0
0
0
0
0
0
0
0
0
0
0
0
0
0
0
0
0
0
0
0
0
0
0
0
0
0
0
0
0
0
0
0
0
0
0
0
0
0
0
0
0
0
0
0
0
0
0
0
0
0
0
0
0
0
0
0
0
0
0
0
0
0
0
0
0
0
0
0
0
0
0
0
0
0
0
0
0
0
0
0
0
0
0
0
0
0
0
0
0
0
0
0
0
0
0
0
0
0
0
0
0
0
0
0
0
0
0
0
0
0
0
0
0
0
0
0
0
0
0
0
0
0
0
0
0
0
0
0
0
0
0
0
0
0
0
0
0
0
0
0
0
0
0
0
0
0
0
0
0
0
0
0
0
0
0
0
0
0
0
0
0
0
0
0
0
0
0
0
0
0
0
0
0
0
0
0
0
0
0
0
0
0
0
0
0
0
0
0
0
0
0
0
0
0
0
0
0
0
0
0
0
0
0
0
0
0
0
0
0
0
0
0
0
0
0
0
0
0
0
0
0
0
0
0
0
0
0
0
0
0
0
0
0
0
0
0
0
0
0
0
0
0
0
0
0
0
0
0
0
0
0
0
0
0
0
0
0
0
0
0
0
0
0
0
0
0
0
0
0
0
0
0
0
0
0
0
0
0
0
0
0
0
0
0
0
0
0
0
0
0
0
0
0
0
0
0
0
0
0
0
0
0
0
0
0
0
0
0
0
0
0
0
0
0
0
0
0
0
0
0
0
0
0
0
0
0
0
0
0
0
0
0
0
0
0
0
0
0
0
0
0
0
0
0
0
0
0
0
0
0
0
0
0
0
0
0
0
0
0
0
0
0
0
0
0
0
0
0
0
0
0
0
0
0
0
0
0
0
0
0
0
0
0
0
0
0
0
0
0
0
0
0
0
0
0
0
0
0
0
0
0
0
0
0
0
0
0
0
0
0
0
0
0
0
0
0
0
0
0
0
0
0
0
0
0
0
0
0
0
0
0
0
0
0
0
0
0
0
0
0
0
0
0
0
0
0
0
0
0
0
0
0
0
0
0
0
0
0
0
0
0
0
0
0
0
0
0
0
0
0
0
0
0
0
0
0
0
0
0
0
0
0
0
0
0
0
0
0
0
0
0
0
0
0
0
0
0
0
0
0
0
0
0
0
0
0
0
0
0
0
0
0
0
0
0
0
0
0
0
0
0
0
0
0
0
0
0
0
0
0
0
0
0
0
0
0
0
0
0
0
0
0
0
0
0
0
0
0
0
0
0
0
0
0
0
0
0
0
0
0
0
0
0
0
0
0
0
0
0
0
0
0
0
0
0
0
0
0
0
0
0
0
0
0
0
0
0
0
0
0
0
0
0
0
0
0
0
0
0
0
0
0
0
0
0
0
0
0
0
0
0
0
20851
20330
18792
16317
13030
9101
4730
138
-4439
-8774
-12648
-15867
-18274
-19753
-20238
-19712
-18212
-15822
-12672
-8930
-4790
-467
3820
7858
11445
14411
16616
17962
18399
17921
16570
14433
11632
8324
4686
907
-2820
-6311
-9397
-11936
-13818
-14969
-15354
-14981
-13893
-12170
-9922
-7280
-4393
-1415
1502
4216
6601
8553
9997
10886
11207
10974
10233
9051
7516
5729
3797
1828
-73
-1817
-3327
-4546
-5438
-5987
-6201
-6104
-5738
-5157
-4420
-3592
-2736
-1907
-1153
-510
0
370
607
728
762
743
709
698
744
871
1096
1424
1846
2341
2877
3412
3899
4286
4524
4568
4381
3941
3239
2283
1099
-270
-1766
-3317
-4842
-6256
-7472
-8411
-9001
-9189
-8938
-8235
-7089
-5537
-3636
-1467
872
3271
5609
7768
9631
11095
12073
12501
12342
11588
10259
8409
6116
3483
634
-2294
-5161
-7826
-10155
-12030
-13354
-14059
-14104
-13482
-12220
-10377
-8038
-5316
-2343
738
3778
6632
9161
11246
12790
13721
14001
13622
12609
11019
8936
6466
3734
875
-1971
-4669
-7092
-9130
-10694
-11719
-12171
-12043
-11357
-10161
-8528
-6552
-4336
-1998
346
2585
4612
6340
7695
8629
9114
9147
8748
7957
6832
5447
3883
2228
568
-1011
-2437
-3648
-4595
-5248
-5594
-5635
-5393
-4900
-4203
-3354
-2412
-1438
-487
386
1141
1742
2168
2408
2465
2353
2094
1720
1268
777
286
-165
-547
-831
-1000
-1043
-960
-760
-460
-82
344
788
1215
1594
1894
2092
2169
2114
1922
1599
1157
615
0
-660
-1331
-1979
-2570
-3072
-3458
-3705
-3796
-3724
-3485
-3086
-2540
-1866
-1090
-243
642
1530
2385
3172
3856
4410
4809
5032
5068
4911
4562
4028
3326
2477
1509
455
-648
-1762
-2844
-3854
-4750
-5495
-6056
-6405
-6522
-6392
-6012
-5387
-4532
-3471
-2238
-875
568
2040
3480
4829
6030
7028
7775
8230
8364
8160
7614
6738
5557
4111
2452
646
-1235
-3114
-4909
-6539
-7930
-9015
-9738
-10059
-9954
-9418
-8466
-7131
-5464
-3534
-1421
781
2978
5071
6963
8568
9809
10626
10979
10848
10234
9164
7683
5856
3767
1511
-809
-3086
-5217
-7102
-8655
-9807
-10505
-10720
-10447
-9701
-8523
-6973
-5127
-3077
-922
1234
3289
5148
6725
7952
8777
9168
9119
8643
7774
6564
5085
3415
1645
-135
-1837
-3377
-4684
-5700
-6384
-6716
-6692
-6330
-5662
-4738
-3620
-2377
-1083
186
1363
2385
3201
3774
4082
4120
3899
3445
2797
2006
1128
225
-642
-1418
-2052
-2503
-2744
-2761
-2555
-2142
-1550
-819
0
853
1682
2429
3043
3478
3699
3684
3426
2930
2219
1326
298
-809
-1937
-3019
-3993
-4800
-5391
-5723
-5771
-5522
-4979
-4160
-3100
-1845
-454
1008
2471
3861
5110
6154
6938
7419
7569
7374
6839
5983
4841
3461
1903
236
-1464
-3125
-4670
-6030
-7143
-7960
-8443
-8569
-8332
-7741
-6820
-5607
-4155
-2522
-779
1001
2745
4382
5842
7067
8006
8622
8890
8801
8358
7581
6501
5162
3619
1931
168
-1600
-3305
-4880
-6261
-7397
-8240
-8760
-8936
-8760
-8240
-7397
-6261
-4880
-3305
-1600
168
1931
3619
5162
6501
7581
8358
8801
8890
8622
8006
7067
5842
4382
2745
1001
-779
-2522
-4155
-5607
-6820
-7741
-8332
-8569
-8443
-7960
-7143
-6030
-4670
-3125
-1464
236
1903
3461
4841
5983
6839
7374
7569
7419
6938
6154
5110
3861
2471
1008
-454
-1845
-3100
-4160
-4979
-5522
-5771
-5723
-5391
-4800
-3993
-3019
-1937
-809
298
1326
2219
2930
3426
3684
3699
3478
3043
2429
1682
853
0
-819
-1550
-2142
-2555
-2761
-2744
-2503
-2052
-1418
-642
225
1128
2006
2797
3445
3899
4120
4082
3774
3201
2385
1363
186
-1083
-2377
-3620
-4738
-5662
-6330
-6692
-6716
-6384
-5700
-4684
-3377
-1837
-135
1645
3415
5085
6564
7774
8643
9119
9168
8777
7952
6725
5148
3289
1234
-922
-3077
-5127
-6973
-8523
-9701
-10447
-10720
-10505
-9807
-8655
-7102
-5217
-3086
-809
1511
3767
5856
7683
9164
10234
10848
10979
10626
9809
8568
6963
5071
2978
781
-1421
-3534
-5464
-7131
-8466
-9418
-9954
-10059
-9738
-9015
-7930
-6539
-4909
-3114
-1235
646
2452
4111
5557
6738
7614
8160
8364
8230
7775
7028
6030
4829
3480
2040
568
-875
-2238
-3471
-4532
-5387
-6012
-6392
-6522
-6405
-6056
-5495
-4750
-3854
-2844
-1762
-648
455
1509
2477
3326
4028
4562
4911
5068
5032
4809
4410
3856
3172
2385
1530
642
-243
-1090
-1866
-2540
-3086
-3485
-3724
-3796
-3705
-3458
-3072
-2570
-1979
-1331
-660
0
615
1157
1599
1922
2114
2169
2092
1894
1594
1215
788
344
-82
-460
-760
-960
-1043
-1000
-831
-547
-165
286
777
1268
1720
2094
2353
2465
2408
2168
1742
1141
386
-487
-1438
-2412
-3354
-4203
-4900
-5393
-5635
-5594
-5248
-4595
-3648
-2437
-1011
568
2228
3883
5447
6832
7957
8748
9147
9114
8629
7695
6340
4612
2585
346
-1998
-4336
-6552
-8528
-10161
-11357
-12043
-12171
-11719
-10694
-9130
-7092
-4669
-1971
875
3734
6466
8936
11019
12609
13622
14001
13721
12790
11246
9161
6632
3778
738
-2343
-5316
-8038
-10377
-12220
-13482
-14104
-14059
-13354
-12030
-10155
-7826
-5161
-2294
634
3483
6116
8409
10259
11588
12342
12501
12073
11095
9631
7768
5609
3271
872
-1467
-3636
-5537
-7089
-8235
-8938
-9189
-9001
-8411
-7472
-6256
-4842
-3317
-1766
-270
1099
2283
3239
3941
4381
4568
4524
4286
3899
3412
2877
2341
1846
1424
1096
871
744
698
709
743
762
728
607
370
0
-510
-1153
-1907
-2736
-3592
-4420
-5157
-5738
-6104
-6201
-5987
-5438
-4546
-3327
-1817
-73
1828
3797
5729
7516
9051
10233
10974
11207
10886
9997
8553
6601
4216
1502
-1415
-4393
-7280
-9922
-12170
-13893
-14981
-15354
-14969
-13818
-11936
-9397
-6311
-2820
907
4686
8324
11632
14433
16570
17921
18399
17962
16616
14411
11445
7858
3820
-467
-4790
-8930
-12672
-15822
-18212
-19712
-20238
-19753
-18274
-15867
-12648
-8774
-4439
138
4730
9101
13030
16317
18792
20330
0
0
0
0
0
0
0
0
0
0
0
0
0
0
0
0
0
0
0
0
0
0
0
0
0
0
0
0
0
0
0
0
0
0
0
0
0
0
0
0
0
0
0
0
0
0
0
0
0
0
0
0
0
0
0
0
0
0
0
0
0
0
0
0
0
0
0
-8936
-8737
-8150
-7199
-5926
-4388
-2652
-794
1103
2956
4682
6204
7452
8369
8913
9058
8793
8128
7092
5727
4094
2265
322
-1646
-3552
-5306
-6826
-8040
-8888
-9328
-9336
-8908
-8058
-6823
-5258
-3433
-1431
653
2722
4677
6424
7876
8960
9622
9824
9553
8816
7644
6091
4229
2144
-61
-2283
-4411
-6339
-7970
-9222
-10027
-10343
-10149
-9449
-8273
-6676
-4733
-2537
-196
2174
4457
6537
8307
9677
10574
10950
10781
10071
8851
7178
5133
2813
334
-2180
-4607
-6823
-8716
-10189
-11166
-11595
-11452
-10739
-9490
-7762
-5641
-3228
-641
1990
4539
6878
8891
10479
11562
12087
12026
11381
10184
8492
6388
3973
1365
-1309
-3923
-6349
-8471
-10189
-11422
-12114
-12234
-11779
-10774
-9271
-7343
-5085
-2604
-20
2546
4977
7160
8998
10409
11335
11739
11611
10964
9836
8286
6389
4238
1933
-419
-2716
-4856
-6749
-8317
-9499
-10254
-10560
-10413
-9833
-8856
-7532
-5928
-4117
-2181
-204
1733
3554
5188
6577
7672
8441
8864
8936
8666
8076
7198
6075
4755
3293
1747
173
-1370
-2831
-4161
-5319
-6269
-6984
-7446
-7645
-7580
-7257
-6691
-5904
-4924
-3784
-2524
-1183
192
1559
2872
4088
5166
6069
6765
7229
7444
7398
7091
6530
5733
4723
3536
2211
795
-660
-2103
-3478
-4734
-5822
-6699
-7329
-7688
-7757
-7534
-7025
-6249
-5234
-4021
-2656
-1192
311
1798
3208
4488
5588
6467
7092
7443
7510
7295
6809
6078
5134
4018
2775
1455
111
-1208
-2455
-3587
-4566
-5363
-5957
-6335
-6492
-6431
-6164
-5707
-5081
-4313
-3431
-2466
-1447
-404
634
1641
2593
3467
4243
4905
5436
5824
6058
6128
6029
5757
5311
4696
3918
2991
1932
765
-479
-1769
-3062
-4316
-5483
-6515
-7366
-7992
-8353
-8419
-8169
-7591
-6690
-5484
-4004
-2296
-419
1554
3547
5475
7252
8792
10020
10867
11282
11228
10689
9674
8210
6348
4159
1733
-828
-3411
-5900
-8178
-10135
-11677
-12722
-13215
-13121
-12436
-11182
-9411
-7197
-4640
-1856
1027
3875
6554
8936
10909
12377
13272
13551
13201
12242
10721
8715
6323
3664
868
-1927
-4588
-6986
-9007
-10560
-11575
-12015
-11867
-11153
-9921
-8246
-6223
-3964
-1590
772
3005
4996
6651
7895
8679
8979
8799
8170
7145
5800
4225
2518
785
-872
-2362
-3605
-4537
-5120
-5335
-5190
-4712
-3951
-2974
-1858
-690
444
1463
2294
2878
3177
3170
2861
2274
1454
461
-627
-1730
-2761
-3638
-4288
-4649
-4682
-4364
-3698
-2712
-1453
8
1588
3191
4714
6057
7126
7840
8138
7980
7354
6274
4783
2948
861
-1369
-3623
-5775
-7701
-9286
-10431
-11059
-11121
-10598
-9502
-7878
-5802
-3375
-720
2023
4712
7202
9355
11053
12200
12727
12601
11822
10426
8482
6091
3378
485
-2433
-5222
-7734
-9834
-11411
-12381
-12695
-12339
-11334
-9741
-7647
-5171
-2451
362
3116
5659
7853
9582
10755
11314
11237
10536
9260
7489
5331
2914
382
-2118
-4443
-6459
-8054
-9138
-9657
-9585
-8936
-7754
-6117
-4129
-1912
395
2652
4723
6479
7816
8652
8936
8652
7816
6479
4723
2652
395
-1912
-4129
-6117
-7754
-8936
-9585
-9657
-9138
-8054
-6459
-4443
-2118
382
2914
5331
7489
9260
10536
11237
11314
10755
9582
7853
5659
3116
362
-2451
-5171
-7647
-9741
-11334
-12339
-12695
-12381
-11411
-9834
-7734
-5222
-2433
485
3378
6091
8482
10426
11822
12601
12727
12200
11053
9355
7202
4712
2023
-720
-3375
-5802
-7878
-9502
-10598
-11121
-11059
-10431
-9286
-7701
-5775
-3623
-1369
861
2948
4783
6274
7354
7980
8138
7840
7126
6057
4714
3191
1588
8
-1453
-2712
-3698
-4364
-4682
-4649
-4288
-3638
-2761
-1730
-627
461
1454
2274
2861
3170
3177
2878
2294
1463
444
-690
-1858
-2974
-3951
-4712
-5190
-5335
-5120
-4537
-3605
-2362
-872
785
2518
4225
5800
7145
8170
8799
8979
8679
7895
6651
4996
3005
772
-1590
-3964
-6223
-8246
-9921
-11153
-11867
-12015
-11575
-10560
-9007
-6986
-4588
-1927
868
3664
6323
8715
10721
12242
13201
13551
13272
12377
10909
8936
6554
3875
1027
-1856
-4640
-7197
-9411
-11182
-12436
-13121
-13215
-12722
-11677
-10135
-8178
-5900
-3411
-828
1733
4159
6348
8210
9674
10689
11228
11282
10867
10020
8792
7252
5475
3547
1554
-419
-2296
-4004
-5484
-6690
-7591
-8169
-8419
-8353
-7992
-7366
-6515
-5483
-4316
-3062
-1769
-479
765
1932
2991
3918
4696
5311
5757
6029
6128
6058
5824
5436
4905
4243
3467
2593
1641
634
-404
-1447
-2466
-3431
-4313
-5081
-5707
-6164
-6431
-6492
-6335
-5957
-5363
-4566
-3587
-2455
-1208
111
1455
2775
4018
5134
6078
6809
7295
7510
7443
7092
6467
5588
4488
3208
1798
311
-1192
-2656
-4021
-5234
-6249
-7025
-7534
-7757
-7688
-7329
-6699
-5822
-4734
-3478
-2103
-660
795
2211
3536
4723
5733
6530
7091
7398
7444
7229
6765
6069
5166
4088
2872
1559
192
-1183
-2524
-3784
-4924
-5904
-6691
-7257
-7580
-7645
-7446
-6984
-6269
-5319
-4161
-2831
-1370
173
1747
3293
4755
6075
7198
8076
8666
8936
8864
8441
7672
6577
5188
3554
1733
-204
-2181
-4117
-5928
-7532
-8856
-9833
-10413
-10560
-10254
-9499
-8317
-6749
-4856
-2716
-419
1933
4238
6389
8286
9836
10964
11611
11739
11335
10409
8998
7160
4977
2546
-20
-2604
-5085
-7343
-9271
-10774
-11779
-12234
-12114
-11422
-10189
-8471
-6349
-3923
-1309
1365
3973
6388
8492
10184
11381
12026
12087
11562
10479
8891
6878
4539
1990
-641
-3228
-5641
-7762
-9490
-10739
-11452
-11595
-11166
-10189
-8716
-6823
-4607
-2180
334
2813
5133
7178
8851
10071
10781
10950
10574
9677
8307
6537
4457
2174
-196
-2537
-4733
-6676
-8273
-9449
-10149
-10343
-10027
-9222
-7970
-6339
-4411
-2283
-61
2144
4229
6091
7644
8816
9553
9824
9622
8960
7876
6424
4677
2722
653
-1431
-3433
-5258
-6823
-8058
-8908
-9336
-9328
-8888
-8040
-6826
-5306
-3552
-1646
322
2265
4094
5727
7092
8128
8793
9058
8913
8369
7452
6204
4682
2956
1103
-794
-2652
-4388
-5926
-7199
-8150
-8737
0
0
0
0
0
0
0
0
0
0
0
0
0
0
0
0
0
0
0
0
0
0
0
0
0
0
0
0
0
0
0
0
0
0
0
0
0
0
0
0
0
0
0
0
0
0
0
0
0
0
0
0
0
0
0
0
0
0
0
0
0
0
0
0
0
0
0
-8936
-8661
-7854
-6560
-4855
-2840
-632
1637
3837
5835
7512
8765
9517
9717
9347
8421
6984
5112
2904
482
-2020
-4465
-6714
-8638
-10127
-11092
-11473
-11240
-10398
-8983
-7065
-4738
-2123
646
3426
6071
8443
10415
11882
12767
13020
12624
11597
9987
7874
5363
2577
-343
-3256
-6017
-8491
-10559
-12122
-13107
-13470
-13199
-12312
-10857
-8909
-6566
-3945
-1170
1623
4308
6761
8873
10553
11734
12373
12453
11984
11002
9563
7745
5638
3344
968
-1383
-3610
-5621
-7340
-8703
-9669
-10213
-10328
-10030
-9346
-8322
-7012
-5481
-3797
-2032
-256
1464
3071
4510
5740
6727
7449
7893
8057
7946
7575
6966
6143
5139
3988
2728
1397
35
-1317
-2622
-3839
-4933
-5870
-6618
-7153
-7453
-7502
-7295
-6830
-6116
-5171
-4021
-2703
-1259
260
1799
3298
4697
5937
6963
7726
8188
8321
8110
7558
6680
5506
4084
2471
735
-1044
-2791
-4422
-5862
-7042
-7904
-8406
-8522
-8244
-7585
-6575
-5262
-3712
-2001
-213
1562
3236
4726
5957
6870
7420
7584
7358
6760
5826
4611
3187
1632
35
-1514
-2932
-4141
-5076
-5690
-5952
-5853
-5408
-4648
-3624
-2404
-1064
308
1630
2816
3793
4499
4890
4940
4645
4023
3113
1971
669
-709
-2074
-3338
-4415
-5230
-5723
-5854
-5602
-4970
-3987
-2701
-1181
487
2208
3880
5401
6673
7614
8156
8253
7883
7052
5792
4158
2229
105
-2104
-4279
-6301
-8056
-9441
-10372
-10789
-10657
-9972
-8756
-7064
-4974
-2588
-26
2583
5107
7414
9383
10911
11915
12340
12161
11382
10041
8203
5959
3422
717
-2019
-4652
-7050
-9095
-10689
-11756
-12249
-12150
-11471
-10253
-8565
-6498
-4160
-1673
839
3252
5450
7329
8808
9824
10342
10354
9877
8953
7645
6034
4213
2283
345
-1503
-3175
-4595
-5706
-6472
-6877
-6924
-6637
-6058
-5241
-4250
-3156
-2028
-933
67
927
1610
2096
2380
2472
2395
2184
1879
1528
1176
868
639
518
521
650
895
1235
1635
2055
2447
2762
2953
2980
2811
2425
1818
1001
0
-1143
-2373
-3625
-4825
-5897
-6768
-7370
-7648
-7560
-7082
-6213
-4973
-3403
-1564
461
2581
4690
6679
8443
9879
10903
11444
11457
10920
9840
8251
6216
3821
1171
-1608
-4387
-7030
-9404
-11388
-12878
-13791
-14073
-13699
-12675
-11042
-8869
-6252
-3311
-182
2985
6042
8843
11253
13154
14455
15091
15030
14273
12854
10840
8326
5431
2290
-947
-4131
-7111
-9749
-11924
-13538
-14520
-14829
-14456
-13426
-11793
-9640
-7073
-4216
-1204
1820
4717
7356
9619
11409
12650
13297
13331
12763
11630
9997
7949
5589
3032
398
-2188
-4614
-6772
-8572
-9942
-10831
-11214
-11088
-10475
-9416
-7974
-6225
-4257
-2167
-51
1995
3884
5536
6888
7892
8516
8748
8594
8075
7232
6112
4779
3298
1741
178
-1323
-2701
-3904
-4888
-5623
-6092
-6287
-6217
-5897
-5356
-4629
-3755
-2779
-1747
-703
309
1254
2097
2814
3385
3799
4052
4146
4090
3896
3581
3167
2674
2124
1539
940
345
-230
-771
-1267
-1709
-2091
-2408
-2656
-2835
-2942
-2978
-2942
-2835
-2656
-2408
-2091
-1709
-1267
-771
-230
345
940
1539
2124
2674
3167
3581
3896
4090
4146
4052
3799
3385
2814
2097
1254
309
-703
-1747
-2779
-3755
-4629
-5356
-5897
-6217
-6287
-6092
-5623
-4888
-3904
-2701
-1323
178
1741
3298
4779
6112
7232
8075
8594
8748
8516
7892
6888
5536
3884
1995
-51
-2167
-4257
-6225
-7974
-9416
-10475
-11088
-11214
-10831
-9942
-8572
-6772
-4614
-2188
398
3032
5589
7949
9997
11630
12763
13331
13297
12650
11409
9619
7356
4717
1820
-1204
-4216
-7073
-9640
-11793
-13426
-14456
-14829
-14520
-13538
-11924
-9749
-7111
-4131
-947
2290
5431
8326
10840
12854
14273
15030
15091
14455
13154
11253
8843
6042
2985
-182
-3311
-6252
-8869
-11042
-12675
-13699
-14073
-13791
-12878
-11388
-9404
-7030
-4387
-1608
1171
3821
6216
8251
9840
10920
11457
11444
10903
9879
8443
6679
4690
2581
461
-1564
-3403
-4973
-6213
-7082
-7560
-7648
-7370
-6768
-5897
-4825
-3625
-2373
-1143
0
1001
1818
2425
2811
2980
2953
2762
2447
2055
1635
1235
895
650
521
518
639
868
1176
1528
1879
2184
2395
2472
2380
2096
1610
927
67
-933
-2028
-3156
-4250
-5241
-6058
-6637
-6924
-6877
-6472
-5706
-4595
-3175
-1503
345
2283
4213
6034
7645
8953
9877
10354
10342
9824
8808
7329
5450
3252
839
-1673
-4160
-6498
-8565
-10253
-11471
-12150
-12249
-11756
-10689
-9095
-7050
-4652
-2019
717
3422
5959
8203
10041
11382
12161
12340
11915
10911
9383
7414
5107
2583
-26
-2588
-4974
-7064
-8756
-9972
-10657
-10789
-10372
-9441
-8056
-6301
-4279
-2104
105
2229
4158
5792
7052
7883
8253
8156
7614
6673
5401
3880
2208
487
-1181
-2701
-3987
-4970
-5602
-5854
-5723
-5230
-4415
-3338
-2074
-709
669
1971
3113
4023
4645
4940
4890
4499
3793
2816
1630
308
-1064
-2404
-3624
-4648
-5408
-5853
-5952
-5690
-5076
-4141
-2932
-1514
35
1632
3187
4611
5826
6760
7358
7584
7420
6870
5957
4726
3236
1562
-213
-2001
-3712
-5262
-6575
-7585
-8244
-8522
-8406
-7904
-7042
-5862
-4422
-2791
-1044
735
2471
4084
5506
6680
7558
8110
8321
8188
7726
6963
5937
4697
3298
1799
260
-1259
-2703
-4021
-5171
-6116
-6830
-7295
-7502
-7453
-7153
-6618
-5870
-4933
-3839
-2622
-1317
35
1397
2728
3988
5139
6143
6966
7575
7946
8057
7893
7449
6727
5740
4510
3071
1464
-256
-2032
-3797
-5481
-7012
-8322
-9346
-10030
-10328
-10213
-9669
-8703
-7340
-5621
-3610
-1383
968
3344
5638
7745
9563
11002
11984
12453
12373
11734
10553
8873
6761
4308
1623
-1170
-3945
-6566
-8909
-10857
-12312
-13199
-13470
-13107
-12122
-10559
-8491
-6017
-3256
-343
2577
5363
7874
9987
11597
12624
13020
12767
11882
10415
8443
6071
3426
646
-2123
-4738
-7065
-8983
-10398
-11240
-11473
-11092
-10127
-8638
-6714
-4465
-2020
482
2904
5112
6984
8421
9347
9717
9517
8765
7512
5835
3837
1637
-632
-2840
-4855
-6560
-7854
-8661
0
0
0
0
0
0
0
0
0
0
0
0
0
0
0
0
0
0
0
0
0
0
0
0
0
0
0
0
0
0
0
0
0
0
0
0
0
0
0
0
0
0
0
0
0
0
0
0
0
0
0
0
0
0
0
0
0
0
0
0
0
0
0
0
0
0
0
14894
14479
13258
11299
8709
5631
2236
-1289
-4751
-7958
-10733
-12922
-14405
-15099
-14966
-14011
-12287
-9885
-6938
-3604
-64
3490
6866
9883
12377
14216
15301
15575
15024
13680
11616
8943
5805
2368
-1185
-4668
-7900
-10712
-12961
-14536
-15360
-15397
-14654
-13177
-11050
-8390
-5341
-2063
1272
4496
7447
9981
11979
13350
14041
14032
13342
12021
10155
7851
5236
2451
-360
-3059
-5516
-7619
-9280
-10436
-11053
-11127
-10680
-9762
-8443
-6811
-4965
-3008
-1044
832
2534
3994
5159
5999
6503
6680
6555
6170
5575
4828
3988
3114
2258
1463
760
169
-301
-659
-920
-1107
-1249
-1379
-1524
-1711
-1958
-2271
-2649
-3078
-3533
-3978
-4375
-4676
-4837
-4815
-4574
-4089
-3349
-2357
-1134
281
1837
3464
5085
6613
7961
9044
9787
10124
10011
9422
8356
6838
4916
2664
176
-2437
-5054
-7548
-9791
-11666
-13066
-13908
-14132
-13708
-12637
-10953
-8719
-6028
-2999
231
3514
6695
9621
12151
14158
15541
16228
16180
15392
13895
11755
9068
5957
2567
-944
-4415
-7683
-10598
-13025
-14853
-16002
-16422
-16099
-15056
-13345
-11054
-8294
-5199
-1913
1408
4614
7560
10117
12175
13652
14494
14676
14206
13123
11490
9397
6951
4273
1489
-1272
-3888
-6247
-8253
-9831
-10926
-11510
-11578
-11147
-10260
-8976
-7369
-5525
-3536
-1496
503
2379
4058
5477
6593
7375
7811
7905
7675
7152
6380
5406
4287
3079
1838
616
-537
-1583
-2490
-3234
-3800
-4185
-4390
-4426
-4307
-4054
-3690
-3240
-2728
-2178
-1612
-1049
-508
0
463
876
1232
1530
1770
1952
2078
2152
2177
2156
2092
1990
1852
1683
1486
1265
1024
768
502
230
-42
-310
-569
-815
-1042
-1248
-1429
-1583
-1707
-1800
-1860
-1887
-1879
-1835
-1755
-1637
-1480
-1283
-1045
-767
-450
-95
290
703
1133
1571
2001
2409
2778
3090
3325
3466
3495
3400
3171
2802
2295
1657
903
53
-863
-1814
-2760
-3659
-4467
-5143
-5646
-5942
-6002
-5810
-5356
-4646
-3695
-2533
-1202
247
1756
3256
4680
5957
7023
7818
8295
8418
8167
7541
6553
5238
3645
1839
-100
-2090
-4036
-5847
-7435
-8719
-9632
-10122
-10158
-9727
-8842
-7536
-5862
-3893
-1718
562
2843
5016
6978
8632
9898
10712
11032
10839
10139
8964
7366
5422
3222
872
-1516
-3828
-5954
-7792
-9255
-10273
-10800
-10812
-10312
-9327
-7909
-6129
-4077
-1853
430
2665
4742
6561
8039
9108
9721
9856
9514
8719
7517
5976
4178
2214
186
-1805
-3662
-5297
-6632
-7609
-8187
-8348
-8093
-7446
-6448
-5159
-3651
-2006
-309
1351
2894
4244
5339
6130
6588
6698
6466
5914
5080
4015
2782
1449
86
-1233
-2446
-3491
-4321
-4901
-5208
-5235
-4991
-4498
-3788
-2906
-1902
-834
242
1272
2202
2988
3595
3997
4179
4140
3889
3445
2836
2099
1275
409
-454
-1272
-2004
-2615
-3080
-3379
-3501
-3446
-3220
-2840
-2327
-1711
-1024
-300
424
1116
1741
2272
2686
2965
3100
3086
2927
2632
2217
1704
1115
480
-171
-811
-1409
-1940
-2379
-2707
-2910
-2978
-2910
-2707
-2379
-1940
-1409
-811
-171
480
1115
1704
2217
2632
2927
3086
3100
2965
2686
2272
1741
1116
424
-300
-1024
-1711
-2327
-2840
-3220
-3446
-3501
-3379
-3080
-2615
-2004
-1272
-454
409
1275
2099
2836
3445
3889
4140
4179
3997
3595
2988
2202
1272
242
-834
-1902
-2906
-3788
-4498
-4991
-5235
-5208
-4901
-4321
-3491
-2446
-1233
86
1449
2782
4015
5080
5914
6466
6698
6588
6130
5339
4244
2894
1351
-309
-2006
-3651
-5159
-6448
-7446
-8093
-8348
-8187
-7609
-6632
-5297
-3662
-1805
186
2214
4178
5976
7517
8719
9514
9856
9721
9108
8039
6561
4742
2665
430
-1853
-4077
-6129
-7909
-9327
-10312
-10812
-10800
-10273
-9255
-7792
-5954
-3828
-1516
872
3222
5422
7366
8964
10139
10839
11032
10712
9898
8632
6978
5016
2843
562
-1718
-3893
-5862
-7536
-8842
-9727
-10158
-10122
-9632
-8719
-7435
-5847
-4036
-2090
-100
1839
3645
5238
6553
7541
8167
8418
8295
7818
7023
5957
4680
3256
1756
247
-1202
-2533
-3695
-4646
-5356
-5810
-6002
-5942
-5646
-5143
-4467
-3659
-2760
-1814
-863
53
903
1657
2295
2802
3171
3400
3495
3466
3325
3090
2778
2409
2001
1571
1133
703
290
-95
-450
-767
-1045
-1283
-1480
-1637
-1755
-1835
-1879
-1887
-1860
-1800
-1707
-1583
-1429
-1248
-1042
-815
-569
-310
-42
230
502
768
1024
1265
1486
1683
1852
1990
2092
2156
2177
2152
2078
1952
1770
1530
1232
876
463
0
-508
-1049
-1612
-2178
-2728
-3240
-3690
-4054
-4307
-4426
-4390
-4185
-3800
-3234
-2490
-1583
-537
616
1838
3079
4287
5406
6380
7152
7675
7905
7811
7375
6593
5477
4058
2379
503
-1496
-3536
-5525
-7369
-8976
-10260
-11147
-11578
-11510
-10926
-9831
-8253
-6247
-3888
-1272
1489
4273
6951
9397
11490
13123
14206
14676
14494
13652
12175
10117
7560
4614
1408
-1913
-5199
-8294
-11054
-13345
-15056
-16099
-16422
-16002
-14853
-13025
-10598
-7683
-4415
-944
2567
5957
9068
11755
13895
15392
16180
16228
15541
14158
12151
9621
6695
3514
231
-2999
-6028
-8719
-10953
-12637
-13708
-14132
-13908
-13066
-11666
-9791
-7548
-5054
-2437
176
2664
4916
6838
8356
9422
10011
10124
9787
9044
7961
6613
5085
3464
1837
281
-1134
-2357
-3349
-4089
-4574
-4815
-4837
-4676
-4375
-3978
-3533
-3078
-2649
-2271
-1958
-1711
-1524
-1379
-1249
-1107
-920
-659
-301
169
760
1463
2258
3114
3988
4828
5575
6170
6555
6680
6503
5999
5159
3994
2534
832
-1044
-3008
-4965
-6811
-8443
-9762
-10680
-11127
-11053
-10436
-9280
-7619
-5516
-3059
-360
2451
5236
7851
10155
12021
13342
14032
14041
13350
11979
9981
7447
4496
1272
-2063
-5341
-8390
-11050
-13177
-14654
-15397
-15360
-14536
-12961
-10712
-7900
-4668
-1185
2368
5805
8943
11616
13680
15024
15575
15301
14216
12377
9883
6866
3490
-64
-3604
-6938
-9885
-12287
-14011
-14966
-15099
-14405
-12922
-10733
-7958
-4751
-1289
2236
5631
8709
11299
13258
14479
0
0
0
0
0
0
0
0
0
0
0
0
0
0
0
0
0
0
0
0
0
0
0
0
0
0
0
0
0
0
0
0
0
0
0
0
0
0
0
0
0
0
0
0
0
0
0
0
0
0
0
0
0
0
0
0
0
0
0
0
0
0
0
0
0
0
0
-2978
-2841
-2440
-1804
-978
-22
993
1994
2903
3648
4168
4414
4354
3975
3288
2322
1124
-237
-1685
-3131
-4485
-5659
-6570
-7152
-7354
-7146
-6522
-5498
-4117
-2442
-556
1442
3449
5352
7045
8428
9417
9946
9975
9489
8499
7047
5197
3038
677
-1768
-4173
-6412
-8367
-9935
-11029
-11589
-11580
-10997
-9865
-8236
-6190
-3827
-1264
1369
3945
6332
8413
10084
11263
11893
11945
11420
10347
8782
6806
4520
2039
-513
-3013
-5339
-7379
-9039
-10245
-10946
-11117
-10759
-9900
-8592
-6907
-4934
-2774
-535
1674
3752
5602
7143
8312
9066
9382
9259
8719
7799
6556
5058
3384
1616
-161
-1869
-3433
-4788
-5885
-6685
-7167
-7325
-7165
-6710
-5992
-5053
-3943
-2715
-1424
-123
1133
2301
3340
4215
4902
5384
5651
5702
5543
5185
4647
3949
3119
2186
1180
134
-916
-1938
-2898
-3764
-4503
-5090
-5498
-5707
-5705
-5481
-5037
-4378
-3521
-2490
-1318
-47
1276
2598
3863
5013
5991
6746
7231
7411
7263
6776
5957
4828
3426
1805
31
-1816
-3653
-5391
-6941
-8218
-9151
-9677
-9756
-9366
-8506
-7201
-5500
-3470
-1202
1200
3624
5948
8055
9831
11178
12017
12289
11965
11045
9556
7560
5141
2409
-505
-3463
-6318
-8925
-11149
-12871
-13996
-14457
-14217
-13278
-11673
-9472
-6775
-3708
-419
2932
6180
9164
11732
13754
15124
15770
15654
14778
13180
10935
8152
4965
1532
-1978
-5394
-8548
-11284
-13469
-14997
-15795
-15827
-15097
-13644
-11546
-8912
-5875
-2589
780
4068
7114
9771
11915
13448
14307
14460
13916
12715
10931
8666
6043
3202
290
-2547
-5172
-7459
-9305
-10634
-11397
-11576
-11186
-10268
-8891
-7145
-5135
-2978
-790
1312
3225
4859
6144
7031
7498
7546
7199
6505
5525
4337
3024
1673
367
-818
-1819
-2588
-3096
-3332
-3303
-3036
-2572
-1964
-1272
-560
107
674
1092
1326
1356
1178
804
264
-398
-1133
-1879
-2573
-3152
-3561
-3754
-3698
-3375
-2787
-1951
-903
305
1609
2935
4205
5338
6261
6908
7226
7181
6756
5957
4810
3362
1678
-162
-2067
-3940
-5683
-7202
-8413
-9247
-9653
-9601
-9084
-8120
-6750
-5037
-3059
-913
1297
3466
5485
7256
8691
9722
10299
10394
10005
9153
7883
6259
4364
2290
141
-1981
-3975
-5748
-7220
-8328
-9028
-9297
-9135
-8563
-7620
-6364
-4867
-3209
-1476
245
1874
3337
4571
5530
6182
6513
6529
6248
5706
4948
4029
3009
1948
906
-65
-920
-1626
-2159
-2511
-2685
-2695
-2565
-2327
-2018
-1676
-1338
-1039
-807
-662
-613
-662
-798
-1002
-1249
-1504
-1734
-1901
-1972
-1917
-1716
-1355
-834
-164
633
1524
2466
3409
4297
5075
5687
6084
6225
6080
5633
4883
3846
2554
1053
-595
-2320
-4042
-5679
-7147
-8367
-9270
-9799
-9911
-9584
-8814
-7621
-6043
-4138
-1982
333
2709
5041
7220
9144
10721
11870
12530
12660
12241
11282
9813
7890
5590
3006
249
-2563
-5308
-7865
-10119
-11967
-13325
-14128
-14334
-13929
-12925
-11361
-9300
-6828
-4049
-1082
1946
4905
7667
10112
12134
13644
14578
14894
14578
13644
12134
10112
7667
4905
1946
-1082
-4049
-6828
-9300
-11361
-12925
-13929
-14334
-14128
-13325
-11967
-10119
-7865
-5308
-2563
249
3006
5590
7890
9813
11282
12241
12660
12530
11870
10721
9144
7220
5041
2709
333
-1982
-4138
-6043
-7621
-8814
-9584
-9911
-9799
-9270
-8367
-7147
-5679
-4042
-2320
-595
1053
2554
3846
4883
5633
6080
6225
6084
5687
5075
4297
3409
2466
1524
633
-164
-834
-1355
-1716
-1917
-1972
-1901
-1734
-1504
-1249
-1002
-798
-662
-613
-662
-807
-1039
-1338
-1676
-2018
-2327
-2565
-2695
-2685
-2511
-2159
-1626
-920
-65
906
1948
3009
4029
4948
5706
6248
6529
6513
6182
5530
4571
3337
1874
245
-1476
-3209
-4867
-6364
-7620
-8563
-9135
-9297
-9028
-8328
-7220
-5748
-3975
-1981
141
2290
4364
6259
7883
9153
10005
10394
10299
9722
8691
7256
5485
3466
1297
-913
-3059
-5037
-6750
-8120
-9084
-9601
-9653
-9247
-8413
-7202
-5683
-3940
-2067
-162
1678
3362
4810
5957
6756
7181
7226
6908
6261
5338
4205
2935
1609
305
-903
-1951
-2787
-3375
-3698
-3754
-3561
-3152
-2573
-1879
-1133
-398
264
804
1178
1356
1326
1092
674
107
-560
-1272
-1964
-2572
-3036
-3303
-3332
-3096
-2588
-1819
-818
367
1673
3024
4337
5525
6505
7199
7546
7498
7031
6144
4859
3225
1312
-790
-2978
-5135
-7145
-8891
-10268
-11186
-11576
-11397
-10634
-9305
-7459
-5172
-2547
290
3202
6043
8666
10931
12715
13916
14460
14307
13448
11915
9771
7114
4068
780
-2589
-5875
-8912
-11546
-13644
-15097
-15827
-15795
-14997
-13469
-11284
-8548
-5394
-1978
1532
4965
8152
10935
13180
14778
15654
15770
15124
13754
11732
9164
6180
2932
-419
-3708
-6775
-9472
-11673
-13278
-14217
-14457
-13996
-12871
-11149
-8925
-6318
-3463
-505
2409
5141
7560
9556
11045
11965
12289
12017
11178
9831
8055
5948
3624
1200
-1202
-3470
-5500
-7201
-8506
-9366
-9756
-9677
-9151
-8218
-6941
-5391
-3653
-1816
31
1805
3426
4828
5957
6776
7263
7411
7231
6746
5991
5013
3863
2598
1276
-47
-1318
-2490
-3521
-4378
-5037
-5481
-5705
-5707
-5498
-5090
-4503
-3764
-2898
-1938
-916
134
1180
2186
3119
3949
4647
5185
5543
5702
5651
5384
4902
4215
3340
2301
1133
-123
-1424
-2715
-3943
-5053
-5992
-6710
-7165
-7325
-7167
-6685
-5885
-4788
-3433
-1869
-161
1616
3384
5058
6556
7799
8719
9259
9382
9066
8312
7143
5602
3752
1674
-535
-2774
-4934
-6907
-8592
-9900
-10759
-11117
-10946
-10245
-9039
-7379
-5339
-3013
-513
2039
4520
6806
8782
10347
11420
11945
11893
11263
10084
8413
6332
3945
1369
-1264
-3827
-6190
-8236
-9865
-10997
-11580
-11589
-11029
-9935
-8367
-6412
-4173
-1768
677
3038
5197
7047
8499
9489
9975
9946
9417
8428
7045
5352
3449
1442
-556
-2442
-4117
-5498
-6522
-7146
-7354
-7152
-6570
-5659
-4485
-3131
-1685
-237
1124
2322
3288
3975
4354
4414
4168
3648
2903
1994
993
-22
-978
-1804
-2440
-2841
0
0
0
0
0
0
0
0
0
0
0
0
0
0
0
0
0
0
0
0
0
0
0
0
0
0
0
0
0
0
0
0
0
0
0
0
0
0
0
0
0
0
0
0
0
0
0
0
0
0
0
0
0
0
0
0
0
0
0
0
0
0
0
0
0
0
0
-2978
-2975
-2963
-2932
-2872
-2765
-2593
-2339
-1988
-1529
-957
-273
509
1371
2285
3214
4116
4943
5647
6181
6501
6573
6369
5876
5093
4036
2735
1235
-406
-2121
-3832
-5459
-6920
-8139
-9048
-9589
-9723
-9425
-8695
-7551
-6031
-4196
-2121
103
2378
4599
6660
8462
9916
10948
11502
11544
11065
10079
8627
6771
4592
2189
-326
-2841
-5236
-7401
-9234
-10649
-11581
-11985
-11844
-11165
-9982
-8350
-6350
-4074
-1632
860
3290
5542
7513
9116
10279
10954
11117
10766
9927
8646
6992
5047
2909
683
-1525
-3612
-5483
-7051
-8252
-9035
-9374
-9263
-8719
-7778
-6495
-4942
-3200
-1358
491
2259
3862
5226
6291
7013
7366
7343
6957
6235
5224
3982
2577
1085
-416
-1851
-3147
-4242
-5085
-5636
-5874
-5793
-5403
-4728
-3810
-2699
-1457
-150
1152
2381
3472
4368
5023
5400
5481
5259
4745
3964
2954
1766
459
-898
-2238
-3490
-4587
-5470
-6089
-6406
-6397
-6055
-5389
-4423
-3198
-1767
-196
1441
3066
4597
5957
7073
7884
8338
8404
8065
7323
6203
4744
3005
1061
-1001
-3089
-5104
-6947
-8526
-9758
-10574
-10923
-10773
-10117
-8970
-7371
-5384
-3088
-584
2017
4597
7035
9213
11024
12373
13187
13415
13033
12045
10483
8409
5909
3088
74
-2998
-5987
-8753
-11163
-13100
-14468
-15194
-15237
-14585
-13261
-11319
-8843
-5941
-2744
599
3938
7117
9987
12414
14284
15508
16028
15819
14891
13286
11081
8380
5308
2010
-1358
-4643
-7690
-10360
-12533
-14112
-15032
-15257
-14786
-13651
-11915
-9669
-7027
-4119
-1086
1927
4781
7346
9510
11183
12300
12825
12752
12105
10933
9310
7330
5100
2735
352
-1933
-4019
-5817
-7256
-8286
-8883
-9042
-8784
-8148
-7192
-5983
-4602
-3128
-1643
-221
1071
2182
3073
3722
4123
4286
4235
4002
3630
3166
2657
2147
1675
1272
957
741
621
584
608
665
722
744
701
565
316
-53
-543
-1139
-1817
-2541
-3267
-3947
-4528
-4960
-5197
-5201
-4946
-4420
-3627
-2585
-1331
84
1596
3132
4613
5957
7087
7933
8436
8556
8268
7570
6483
5046
3320
1384
-671
-2747
-4739
-6546
-8074
-9242
-9984
-10258
-10044
-9347
-8197
-6648
-4773
-2665
-428
1827
3989
5951
7615
8901
9748
10116
9994
9392
8348
6921
5188
3243
1187
-872
-2833
-4599
-6084
-7223
-7969
-8296
-8203
-7710
-6860
-5712
-4338
-2822
-1251
288
1716
2961
3966
4691
5114
5232
5061
4632
3991
3196
2307
1391
509
-281
-935
-1418
-1712
-1813
-1731
-1492
-1132
-698
-238
195
554
798
894
823
581
178
-360
-999
-1688
-2372
-2991
-3487
-3806
-3905
-3750
-3328
-2638
-1703
-561
732
2110
3491
4792
5927
6816
7390
7594
7392
6771
5742
4340
2624
673
-1415
-3531
-5560
-7386
-8900
-10007
-10631
-10718
-10244
-9216
-7669
-5671
-3313
-711
2002
4686
7197
9398
11163
12389
12999
12947
12223
10852
8894
6440
3614
556
-2576
-5619
-8411
-10804
-12667
-13897
-14421
-14207
-13258
-11618
-9368
-6619
-3513
-211
3117
6299
9167
11570
13383
14511
14894
14511
13383
11570
9167
6299
3117
-211
-3513
-6619
-9368
-11618
-13258
-14207
-14421
-13897
-12667
-10804
-8411
-5619
-2576
556
3614
6440
8894
10852
12223
12947
12999
12389
11163
9398
7197
4686
2002
-711
-3313
-5671
-7669
-9216
-10244
-10718
-10631
-10007
-8900
-7386
-5560
-3531
-1415
673
2624
4340
5742
6771
7392
7594
7390
6816
5927
4792
3491
2110
732
-561
-1703
-2638
-3328
-3750
-3905
-3806
-3487
-2991
-2372
-1688
-999
-360
178
581
823
894
798
554
195
-238
-698
-1132
-1492
-1731
-1813
-1712
-1418
-935
-281
509
1391
2307
3196
3991
4632
5061
5232
5114
4691
3966
2961
1716
288
-1251
-2822
-4338
-5712
-6860
-7710
-8203
-8296
-7969
-7223
-6084
-4599
-2833
-872
1187
3243
5188
6921
8348
9392
9994
10116
9748
8901
7615
5951
3989
1827
-428
-2665
-4773
-6648
-8197
-9347
-10044
-10258
-9984
-9242
-8074
-6546
-4739
-2747
-671
1384
3320
5046
6483
7570
8268
8556
8436
7933
7087
5957
4613
3132
1596
84
-1331
-2585
-3627
-4420
-4946
-5201
-5197
-4960
-4528
-3947
-3267
-2541
-1817
-1139
-543
-53
316
565
701
744
722
665
608
584
621
741
957
1272
1675
2147
2657
3166
3630
4002
4235
4286
4123
3722
3073
2182
1071
-221
-1643
-3128
-4602
-5983
-7192
-8148
-8784
-9042
-8883
-8286
-7256
-5817
-4019
-1933
352
2735
5100
7330
9310
10933
12105
12752
12825
12300
11183
9510
7346
4781
1927
-1086
-4119
-7027
-9669
-11915
-13651
-14786
-15257
-15032
-14112
-12533
-10360
-7690
-4643
-1358
2010
5308
8380
11081
13286
14891
15819
16028
15508
14284
12414
9987
7117
3938
599
-2744
-5941
-8843
-11319
-13261
-14585
-15237
-15194
-14468
-13100
-11163
-8753
-5987
-2998
74
3088
5909
8409
10483
12045
13033
13415
13187
12373
11024
9213
7035
4597
2017
-584
-3088
-5384
-7371
-8970
-10117
-10773
-10923
-10574
-9758
-8526
-6947
-5104
-3089
-1001
1061
3005
4744
6203
7323
8065
8404
8338
7884
7073
5957
4597
3066
1441
-196
-1767
-3198
-4423
-5389
-6055
-6397
-6406
-6089
-5470
-4587
-3490
-2238
-898
459
1766
2954
3964
4745
5259
5481
5400
5023
4368
3472
2381
1152
-150
-1457
-2699
-3810
-4728
-5403
-5793
-5874
-5636
-5085
-4242
-3147
-1851
-416
1085
2577
3982
5224
6235
6957
7343
7366
7013
6291
5226
3862
2259
491
-1358
-3200
-4942
-6495
-7778
-8719
-9263
-9374
-9035
-8252
-7051
-5483
-3612
-1525
683
2909
5047
6992
8646
9927
10766
11117
10954
10279
9116
7513
5542
3290
860
-1632
-4074
-6350
-8350
-9982
-11165
-11844
-11985
-11581
-10649
-9234
-7401
-5236
-2841
-326
2189
4592
6771
8627
10079
11065
11544
11502
10948
9916
8462
6660
4599
2378
103
-2121
-4196
-6031
-7551
-8695
-9425
-9723
-9589
-9048
-8139
-6920
-5459
-3832
-2121
-406
1235
2735
4036
5093
5876
6369
6573
6501
6181
5647
4943
4116
3214
2285
1371
509
-273
-957
-1529
-1988
-2339
-2593
-2765
-2872
-2932
-2963
-2975
0
0
0
0
0
0
0
0
0
0
0
0
0
0
0
0
0
0
0
0
0
0
0
0
0
0
0
0
0
0
0
0
0
0
0
0
0
0
0
0
0
0
0
0
0
0
0
0
0
0
0
0
0
0
0
0
0
0
0
0
0
0
0
0
0
0
0
