0
4278
8485
12550
16402
19973
23203
26035
28419
30314
31684
32507
32766
32456
31581
30156
28203
25758
22860
19561
15917
11991
7852
3573
-771
-5106
-9352
-13436
-17284
-20829
-24006
-26759
-29038
-30801
-32015
-32660
-32720
-32196
-31094
-29434
-27244
-24563
-21439
-17925
-14087
-9991
-5712
-1327
3083
7441
11667
15683
19415
22796
25762
28259
30239
31667
32514
32764
32412
31462
29931
27847
25247
22178
18696
14865
10755
6443
2009
-2465
-6896
-11201
-15299
-19113
-22570
-25606
-28162
-30190
-31650
-32514
-32764
-32394
-31411
-29832
-27686
-25012
-21861
-18292
-14372
-10175
-5781
-1274
3259
7733
12062
16161
19951
23359
26318
28771
30668
31973
32659
32711
32127
30919
29107
26727
23823
20452
16679
12577
8226
3711
-879
-5455
-9926
-14204
-18204
-21846
-25058
-27775
-29942
-31516
-32464
-32766
-32415
-31417
-29790
-27567
-24790
-21514
-17805
-13736
-9388
-4849
-209
4437
8997
13377
17489
21248
24578
27411
29687
31359
32393
32765
32468
31507
29899
27676
24884
21579
17828
13707
9301
4700
0
-4703
-9311
-13729
-17864
-21629
-24947
-27746
-29968
-31566
-32503
-32761
-32332
-31225
-29460
-27076
-24119
-20653
-16748
-12488
-7961
-3263
1506
6246
10856
15238
19298
22949
26112
28719
30713
32051
32702
32651
31900
30461
28366
25658
22395
18646
14492
10022
5332
524
-4298
-9029
-13567
-17811
-21669
-25055
-27896
-30127
-31699
-32577
-32739
-32182
-30916
-28967
-26379
-23206
-19519
-15397
-10932
-6222
-1372
3511
8320
12945
17284
21240
24723
27655
29968
31611
32545
32748
32214
30954
28995
26381
23169
19431
15252
10724
5950
1038
-3899
-8751
-13405
-17757
-21705
-25159
-28038
-30277
-31822
-32637
-32702
-32014
-30588
-28456
-25665
-22280
-18377
-14047
-9388
-4509
477
5455
10308
14924
19194
23018
26305
28979
30974
32243
32756
32498
31476
29711
27244
24133
20449
16280
11722
6884
1880
-3170
-8148
-12935
-17416
-21484
-25041
-28000
-30291
-31856
-32659
-32677
-31909
-30373
-28105
-25157
-21600
-17520
-13013
-8189
-3163
1941
7001
11893
16499
20705
24407
27516
29953
31659
32589
32721
32049
30590
28377
25463
21921
17836
13307
8448
3377
-1780
-6896
-11843
-16499
-20746
-24479
-27603
-30040
-31727
-32621
-32699
-31957
-30413
-28105
-25088
-21439
-17247
-12618
-7668
-2522
2689
7836
12787
17416
21605
25247
28248
30530
32035
32723
32574
31592
29801
27244
23987
20112
15718
10917
5832
595
-4660
-9798
-14685
-19194
-23208
-26622
-29345
-31307
-32455
-32757
-32206
-30813
-28614
-25665
-22043
-17841
-13169
-8148
-2911
2405
7661
12717
17440
21705
25397
28419
30689
32146
32750
32483
31352
29385
26633
23169
19084
14487
9500
4255
-1105
-6439
-11603
-16457
-20870
-24723
-27911
-30346
-31961
-32712
-32578
-31559
-29684
-27001
-23582
-19519
-14922
-9916
-4636
771
6162
11386
16301
20770
24671
27896
30354
31977
32719
32558
31498
29565
26813
23317
19172
14492
9407
4058
-1405
-6833
-12073
-16978
-21411
-25247
-28377
-30713
-32188
-32760
-32410
-31148
-29007
-26047
-22351
-18021
-13179
-7961
-2516
3003
8440
13640
18454
22745
26389
29282
31340
32503
32737
32033
30409
27913
24613
20604
16000
10932
5547
0
-5550
-10942
-16021
-20637
-24657
-27963
-30458
-32068
-32745
-32468
-31244
-29107
-26118
-22364
-17952
-13013
-7689
-2137
3479
8997
14252
19090
23367
26955
29748
31662
32640
32650
31691
29790
27003
23411
19119
14256
8965
3403
-2262
-7862
-13230
-18204
-22633
-26385
-29345
-31423
-32556
-32707
-31871
-30072
-27362
-23823
-19561
-14703
-9397
-3803
1908
7565
12994
18030
22517
26318
29316
31419
32559
32702
31841
30001
27238
23635
19302
14372
8996
3339
-2422
-8112
-13553
-18577
-23026
-26761
-29667
-31650
-32648
-32629
-31591
-29565
-26615
-22829
-18327
-13249
-7752
-2009
3799
9491
14886
19815
24120
27666
30338
32052
32751
32412
31044
28690
25423
21345
16586
11295
5642
-193
-6025
-11667
-16938
-21669
-25706
-28920
-31206
-32489
-32726
-31909
-30063
-27244
-23544
-19081
-13998
-8460
-2644
3259
9060
14569
19606
24006
27626
30346
32075
32756
32366
30916
28451
25051
20827
15917
10480
4696
-1244
-7147
-12817
-18065
-22719
-26622
-29644
-31684
-32674
-32578
-31398
-29173
-25975
-21909
-17110
-11737
-5969
0
5972
11747
17130
21941
26016
29217
31436
32596
32657
31615
29504
26395
22390
17625
12260
6476
470
-5554
-11392
-16845
-21726
-25867
-29127
-31393
-32585
-32662
-31619
-29491
-26349
-22301
-17483
-12062
-6222
-166
5898
11762
17222
22088
26191
29387
31566
32648
32597
31411
29131
25835
21636
16679
11138
5205
-912
-7001
-12847
-18244
-23003
-26955
-29960
-31912
-32739
-32412
-30940
-28374
-24803
-20353
-15179
-9465
-3413
2763
8843
14612
19863
24407
28083
30758
32334
32755
32003
30103
27124
23169
18381
12929
7010
836
-5370
-11386
-16993
-21989
-26191
-29446
-31636
-32680
-32538
-31214
-28754
-25247
-20819
-15630
-9868
-3744
2518
8692
14551
19879
24480
28184
30855
32393
32739
31880
29845
26709
22585
17625
12011
5950
-333
-6607
-12639
-18204
-23094
-27128
-30152
-32055
-32763
-32248
-30528
-27666
-23767
-18976
-13473
-7461
-1167
5173
11322
17047
22132
26385
29644
31785
32724
32427
30901
28203
24435
19738
14288
8294
1981
-4409
-10635
-16457
-21654
-26025
-29402
-31656
-32697
-32485
-31027
-28377
-24634
-19943
-14481
-8460
-2109
4324
10594
16457
21686
26077
29459
31699
32710
32451
30929
28203
24378
19601
14056
7961
1552
-4919
-11201
-17047
-22227
-26537
-29806
-31906
-32751
-32307
-30590
-27666
-23648
-18696
-13002
-6791
-309
6187
12441
18204
23246
27366
30398
32222
32762
31995
29951
26709
22398
17189
11289
4935
-1619
-8112
-14281
-19879
-24678
-28486
-31147
-32552
-32643
-31416
-28917
-25247
-20553
-15023
-8882
-2378
4225
10659
16662
21989
26421
29777
31918
32756
32254
30432
27362
23169
18024
12137
5748
-879
-7473
-13762
-19485
-24407
-28323
-31070
-32533
-32650
-31414
-28875
-25136
-20353
-14721
-8475
-1874
4807
11292
17307
22602
26955
30182
32146
32765
32010
29911
26556
22083
16679
10571
4016
-2711
-9326
-15551
-21121
-25799
-29387
-31732
-32732
-32344
-30582
-27520
-23286
-18060
-12062
-5547
1206
7911
14280
20041
24947
28786
31393
32653
32513
30975
28105
24024
18906
12972
6476
-301
-7069
-13534
-19415
-24458
-28443
-31196
-32596
-32580
-31148
-28360
-24336
-19250
-13322
-6811
0
6813
13332
19269
24364
28393
31178
32594
32578
31129
28309
24241
19103
13120
6555
-301
-7147
-13680
-19609
-24671
-28641
-31340
-32648
-32505
-30916
-27948
-23735
-18460
-12360
-5706
1206
8067
14569
20421
25359
29162
31656
32728
32328
30473
27244
22786
17298
11027
4255
-2711
-9557
-15974
-21669
-26383
-29901
-32062
-32766
-31979
-29736
-26137
-21345
-15577
-9095
-2195
4807
11593
17850
23291
27666
30771
32464
32665
31362
28614
24546
19345
13249
6538
-477
-7473
-14125
-20126
-25196
-29098
-31650
-32732
-32292
-30349
-26991
-22374
-16712
-10266
-3339
3746
10659
17076
22694
27251
30530
32377
32702
31489
28793
24740
19519
13375
6597
-494
-7565
-14281
-20323
-25404
-29282
-31772
-32753
-32178
-30072
-26533
-21729
-15887
-9285
-2238
4919
11843
18204
23695
28052
31066
32589
32548
30942
27847
23411
17845
11416
4435
-2763
-9830
-16425
-22227
-26955
-30378
-32330
-32713
-31507
-28769
-24631
-19293
-13013
-6096
1120
8285
15047
21076
26077
29802
32068
32763
31850
29372
25451
20276
14101
7230
0
-7232
-14111
-20295
-25478
-29402
-31872
-32764
-32033
-29711
-25913
-20827
-14703
-7845
-595
6688
13640
19914
25196
29220
31785
32759
32093
29819
26047
20967
14832
7950
664
-6656
-13645
-19948
-25247
-29273
-31822
-32763
-32046
-29706
-25861
-20703
-14492
-7543
-209
7138
14125
20396
25629
29557
31977
32766
31880
29363
25342
20022
13674
6622
-771
-8129
-15071
-21240
-26318
-30042
-32219
-32734
-31559
-28754
-24461
-18901
-12360
-5177
2276
9615
16457
22447
27271
30678
32489
32608
31026
27825
23169
17302
10527
3199
-4298
-11573
-18244
-23960
-28419
-31387
-32705
-32302
-30198
-26501
-21406
-15179
-8148
-684
6817
13962
20369
25700
29668
32064
32757
31710
28975
24698
19103
12488
5205
-2358
-9798
-16717
-22745
-27557
-30894
-32577
-32513
-30703
-27244
-22319
-16192
-9191
-1693
5898
13175
19743
25247
29388
31941
32765
31816
29141
24884
19276
12618
5272
-2362
-9871
-16845
-22903
-27714
-31014
-32621
-32445
-30495
-26875
-21781
-15492
-8351
-749
6896
14165
20658
26016
29942
32220
32721
31417
28377
23767
17841
10926
3403
-4310
-11787
-18613
-24407
-28847
-31684
-32759
-32010
-29476
-25298
-19707
-13013
-5590
2148
9769
16845
22980
27828
31116
32659
32366
30254
26438
21133
14635
7310
-430
-8148
-15409
-21801
-26962
-30598
-32502
-32563
-30778
-27244
-22162
-15818
-8572
-836
6950
14343
20920
26305
30190
32350
32661
31103
27762
22829
16586
9388
1649
-6187
-13670
-20369
-25898
-29936
-32249
-32702
-31267
-28024
-23161
-16955
-9766
-2009
5867
13405
20168
25762
29860
32222
32709
31291
28049
23169
16936
9711
1916
-5992
-13553
-20323
-25904
-29968
-32275
-32687
-31179
-27837
-22855
-16527
-9222
-1372
6562
14111
20829
26318
30252
32397
32623
30916
27374
22206
15718
8294
373
-7571
-15067
-21669
-26980
-30683
-32556
-32483
-30469
-26631
-21197
-14492
-6916
1077
9009
16402
22811
27851
31216
32702
32218
29790
25564
19793
12824
5078
-2978
-10856
-18080
-24210
-28873
-31785
-32766
-31757
-28816
-24119
-17952
-10689
-2772
5316
13083
20053
25799
29968
32304
32662
31017
27469
22233
15630
8064
0
-8067
-15639
-22251
-27492
-31038
-32669
-32282
-29899
-25665
-19840
-12785
-4935
3223
11185
18454
24578
29176
31960
32754
31507
28295
23317
16881
9388
1306
-6859
-14599
-21426
-26913
-30713
-32587
-32415
-30206
-26096
-20343
-13307
-5431
2789
10837
18204
24423
29100
31937
32755
31498
28244
23199
16679
9099
938
-7285
-15047
-21854
-27271
-30951
-32659
-32282
-29844
-25497
-19519
-12290
-4271
4023
12062
19330
25359
29762
32252
32670
30984
27303
21861
15008
7184
-1105
-9326
-16947
-23474
-28484
-31650
-32766
-31757
-28687
-23753
-17274
-9670
-1435
6896
14781
21705
27215
30951
32666
32248
29720
25247
19119
11737
3583
-4807
-12886
-20121
-26035
-30239
-32455
-32534
-30469
-26395
-20578
-13400
-5336
3083
11302
18775
25007
29584
32200
32681
30992
27244
21684
14679
6695
-1736
-10055
-17706
-24178
-29038
-31959
-32744
-31340
-27837
-22468
-15592
-7668
771
9163
16942
23583
28641
31772
32764
31548
28203
22955
16155
8261
-193
-8637
-16499
-23246
-28419
-31667
-32766
-31641
-28366
-23161
-16378
-8479
0
8482
16388
23178
28387
31659
32766
31633
28334
23092
16267
8323
-193
-8699
-16610
-23382
-28547
-31748
-32764
-31521
-28105
-22748
-15818
-7793
771
9287
17161
23850
28887
31923
32744
31292
27666
22114
15023
6884
-1736
-10238
-18030
-24565
-29387
-32158
-32681
-30919
-26991
-21173
-13868
-5590
3083
11543
19194
25499
30012
32414
32534
30361
26047
19895
12336
3903
-4807
-13181
-20625
-26610
-30711
-32637
-32248
-29569
-24790
-18247
-10405
-1820
6896
15124
22277
27843
31423
32760
31757
28483
23169
16196
8060
-655
-9326
-17331
-24094
-29127
-32068
-32703
-30984
-27033
-21133
-13707
-5289
3511
12062
19743
25999
30374
32552
32371
29844
25150
18630
10754
2094
-6719
-15047
-22282
-27896
-31478
-32765
-31661
-28244
-22763
-15616
-7324
1506
10228
18204
24847
29668
32313
32585
30461
26096
19809
12062
3423
-5469
-13962
-21426
-27310
-31178
-32740
-31881
-28661
-23317
-16242
-7961
912
9721
17811
24578
29519
32265
32608
30520
26157
19840
12041
3339
-5613
-14150
-21629
-27492
-31296
-32755
-31758
-28377
-22863
-15630
-7219
1736
10564
18599
25234
29968
32443
32468
30041
25342
18725
10689
1842
-7147
-15598
-22868
-28404
-31785
-32751
-31227
-27327
-21345
-13736
-5078
3969
12717
20496
26712
30887
32702
32014
28875
23522
16364
7950
-1077
-10024
-18204
-24986
-29848
-32414
-32483
-30050
-25298
-18593
-10451
-1499
7571
16058
23305
28750
31969
32711
30916
26720
20449
12587
3744
-5391
-14111
-21734
-27666
-31442
-32766
-31533
-27837
-21964
-14372
-5653
3510
12401
20323
26654
30894
32710
31957
28692
23169
15822
7226
-1941
-10958
-19113
-25762
-30378
-32596
-32237
-29328
-24096
-16955
-8469
691
9799
18132
25028
29936
32465
32412
29778
24772
17791
9388
234
-8940
-17404
-24479
-29598
-32350
-32513
-30072
-25219
-18342
-9991
-836
8388
16942
24135
29387
32275
32563
30226
25451
18620
10283
1113
-8148
-16754
-24006
-29316
-32252
-32574
-30254
-25477
-18630
-10266
-1066
8222
16845
24098
29390
32286
32549
30156
25298
18372
9941
695
-8610
-17213
-24407
-29603
-32371
-32482
-29925
-24908
-17841
-9305
0
9307
17850
24924
29942
32491
32356
29546
24293
17028
8351
-1019
-10308
-18745
-25629
-30386
-32621
-32145
-28995
-23432
-15917
-7073
2362
11603
19879
26497
30903
32728
31816
28241
22301
14491
5464
-4023
-13175
-21224
-27492
-31451
-32766
-31324
-27244
-20868
-12732
-3519
5992
15001
22745
28568
31977
32682
30619
25962
19103
10622
1238
-8253
-17047
-24394
-29668
-32420
-32412
-29643
-24347
-16973
-8148
1373
10781
19269
26112
30723
32705
31886
28334
22351
14449
5304
-4298
-13534
-21608
-27826
-31650
-32749
-31026
-26627
-19930
-11510
-2094
7504
16457
23989
29446
32355
32460
29752
24461
17046
8148
-1459
-10942
-19477
-26318
-30870
-32732
-31742
-27983
-21780
-13674
-4371
5316
14541
22496
28484
31977
32669
30495
25645
18541
9807
209
-9410
-18204
-25397
-30356
-32640
-32046
-28625
-22675
-14721
-5464
4278
13645
21806
28038
31787
32719
30748
26047
19032
10324
695
-8997
-17892
-25196
-30256
-32621
-32077
-28669
-22701
-14703
-5389
4409
13816
21989
28193
31872
32694
30582
25725
18555
9715
0
-9718
-18563
-25739
-30598
-32699
-31850
-28126
-21861
-13619
-4144
5708
15047
23026
28920
32194
32549
29951
24631
17073
7961
-1876
-11547
-20168
-26955
-31287
-32766
-31257
-26894
-20073
-11416
-1713
8148
17267
24807
30076
32589
32113
28690
22632
14492
5018
-4919
-14407
-22570
-28657
-32104
-32591
-30072
-24775
-17189
-8012
1907
11653
20323
27113
31393
32763
31094
26539
19519
10683
852
-9060
-18132
-25519
-30530
-32697
-31816
-27965
-21503
-13031
-3339
6667
16052
23938
29584
32459
32292
29097
23169
15065
5543
-4501
-14125
-22423
-28612
-32108
-32578
-29977
-24546
-16798
-7461
2582
12385
21019
27666
31694
32721
30647
25665
18247
9095
-923
-10856
-19760
-26786
-31264
-32766
-31146
-26556
-19431
-10451
-470
9557
18675
26008
30855
32749
31507
27244
20368
11537
1595
-8501
-17784
-25359
-30497
-32702
-31758
-27754
-21074
-12360
-2451
7696
17103
24860
30215
32648
31922
28105
21563
12929
3039
-7147
-16643
-24525
-30025
-32607
-32016
-28309
-21844
-13249
-3359
6859
16412
24364
29939
32588
32050
28377
21924
13322
3413
-6833
-16412
-24382
-29960
-32596
-32028
-28309
-21804
-13150
-3199
7069
16643
24578
30089
32630
31946
28105
21482
12732
2719
-7565
-17103
-24947
-30318
-32680
-31797
-27754
-20951
-12062
-1970
8320
17784
25478
30633
32732
31565
27244
20200
11134
952
-9326
-18675
-26154
-31014
-32765
-31228
-26556
-19215
-9941
333
10578
19760
26955
31436
32749
30759
25665
17979
8475
-1887
-12062
-21019
-27851
-31864
-32650
-30126
-24546
-16475
-6728
3703
13762
22423
28806
32258
32427
29291
23169
14683
4696
-5772
-15653
-23938
-29777
-32571
-32033
-28214
-21503
-12587
-2378
8077
17706
25519
30711
32748
31416
26850
19519
10175
-219
-10594
-19879
-27113
-31549
-32726
-30520
-25157
-17189
-7439
3083
13289
22119
28657
32222
32441
29289
23092
14492
4381
-6187
-16114
-24364
-30076
-32652
-31820
-27666
-20619
-11416
-1017
9491
19008
26537
31287
32757
30792
25595
17709
7961
-2625
-12939
-21894
-28547
-32194
-32451
-29286
-23032
-14346
-4144
6498
16457
24678
30291
32699
31644
27238
19943
10531
0
-10533
-19951
-27251
-31656
-32694
-30254
-24592
-16309
-6286
4409
14637
23305
29487
32519
32077
28203
21312
12137
1660
-8997
-18692
-26385
-31248
-32757
-30748
-25434
-17383
-7461
3266
13645
22556
29038
32390
32248
28625
21909
12824
2351
-8378
-18204
-26061
-31098
-32765
-30880
-25645
-17625
-7689
3083
13524
22496
29023
32393
32235
28565
21780
12618
2077
-8692
-18516
-26318
-31245
-32755
-30681
-25247
-17046
-6975
3863
14280
23132
29446
32527
32033
28015
20915
11510
836
-9932
-19609
-27125
-31650
-32682
-30103
-24198
-15616
-5304
5596
15880
24407
30232
32705
31550
26894
19250
9465
-1373
-12062
-21411
-28379
-32188
-32412
-29022
-22395
-13267
-2656
8253
18244
26197
31222
32754
30619
25054
16679
6433
-4537
-15001
-23783
-29895
-32648
-31731
-27244
-19690
-9916
976
11762
21224
28293
32170
32415
28997
22301
13080
2378
-8595
-18599
-26497
-31393
-32729
-30352
-24528
-15917
-5494
5554
15974
24578
30386
32734
31352
26395
18425
8351
-2679
-13405
-22602
-29217
-32491
-32046
-27932
-20616
-10936
0
10939
20625
27944
32055
32482
29173
22507
13249
2462
-8610
-18692
-26622
-31481
-32707
-30156
-24119
-15293
-4696
6446
16845
25296
30817
32766
30916
25477
17079
6695
-4468
-15115
-24006
-30106
-32702
-31489
-26606
-18620
-8460
2689
13528
22788
29387
32552
31909
27532
19930
9991
-1120
-12103
-21669
-28693
-32350
-32208
-28280
-21025
-11295
-234
10856
20671
28052
32127
32412
28871
21921
12379
1372
-9799
-19815
-27487
-31906
-32545
-29328
-22632
-13249
-2291
8940
19113
27016
31708
32629
29666
23169
13911
2992
-8285
-18577
-26654
-31549
-32677
-29899
-23544
-14372
-3477
7836
18214
26411
31442
32702
30037
23764
14635
3744
-7598
-18030
-26293
-31393
-32711
-30086
-23833
-14703
-3796
7571
18026
26305
31405
32707
30050
23753
14577
3632
-7754
-18204
-26446
-31479
-32688
-29925
-23522
-14256
-3253
8148
18560
26712
31608
32650
29706
23135
13736
2656
-8751
-19090
-27095
-31785
-32581
-29385
-22585
-13013
-1842
9557
19786
27585
31994
32468
28947
21861
12081
809
-10564
-20637
-28166
-32219
-32293
-28377
-20951
-10932
440
11762
21629
28819
32437
32033
27653
19840
9561
-1907
-13142
-22745
-29519
-32621
-31661
-26755
-18514
-7961
3586
14689
23960
30239
32740
31148
25658
16955
6128
-5469
-16384
-25247
-30944
-32759
-30461
-24336
-15151
-4058
7546
18204
26572
31595
32638
29565
22763
13087
1756
-9798
-20118
-27896
-32148
-32332
-28424
-20915
-10754
771
12203
22088
29171
32552
31797
27001
18769
8148
-3511
-14727
-24069
-30346
-32754
-30984
-25260
-16309
-5272
6439
17331
26008
31359
32696
29845
23169
13521
2137
-9523
-19964
-27843
-32146
-32318
-28334
-20703
-10405
1234
12717
22564
29503
32637
31559
26407
17841
6968
-4807
-15965
-25058
-30909
-32757
-30361
-24028
-14577
-3233
8533
19194
27364
31977
32433
28669
21173
10917
-762
-12345
-22321
-29387
-32619
-31592
-26438
-17828
-6884
4961
16161
25247
31028
32744
30168
23635
13998
2522
-9287
-19879
-27860
-32179
-32265
-28105
-20242
-9711
2101
13640
23382
30040
32733
31103
25362
16267
5018
-6896
-17901
-26537
-31659
-32585
-29190
-21921
-11741
0
11743
21929
29201
32589
31641
26480
17791
6728
-5233
-16499
-25566
-31222
-32709
-29826
-22955
-13013
-1327
10537
20994
28641
32450
31909
27088
18630
7668
-4324
-15739
-25041
-30976
-32744
-30105
-23411
-13561
-1880
10055
20637
28436
32397
31982
27244
18822
7852
-4182
-15653
-25007
-30974
-32743
-30072
-23319
-13400
-1660
10308
20879
28612
32455
31881
26966
18377
7282
-4807
-16245
-25468
-31216
-32702
-29720
-22675
-12528
-664
11292
21705
29147
32596
31576
26225
17274
5950
-6193
-17489
-26383
-31650
-32564
-28995
-21433
-10917
1105
12978
23064
29968
32737
30984
24950
15465
3839
-8320
-19330
-27666
-32170
-32217
-27796
-19519
-8531
3643
15314
24860
30951
32739
29972
23032
12884
938
-11141
-21669
-29176
-32613
-31498
-25982
-16835
-5332
6918
18204
26944
31912
32410
28366
20343
9465
-2743
-14569
-24351
-30713
-32759
-30198
-23387
-13283
-1306
10856
21492
29100
32604
31507
25962
16748
5166
-7147
-18454
-27152
-32008
-32332
-28076
-19840
-8789
3510
15314
24947
31038
32720
29752
22551
12140
0
-12143
-22559
-29762
-32723
-31017
-24884
-15198
-3339
8998
20053
28242
32393
31908
26854
17952
6476
-5930
-17489
-26541
-31785
-32465
-28481
-20402
-9388
2978
14918
24714
30951
32730
29790
22554
12062
-172
-12385
-22811
-29942
-32746
-30813
-24421
-14492
-2462
9926
20879
28806
32556
31581
26021
16679
4912
-7571
-18956
-27585
-32200
-32127
-27374
-18630
-7167
5342
17076
26318
31719
32485
28504
20353
9222
-3259
-15267
-25041
-31147
-32687
-29434
-21861
-11077
1334
13553
23783
30517
32764
30189
23169
12736
423
-11953
-22570
-29860
-32743
-30792
-24293
-14202
-2009
10483
21426
29201
32652
31267
25247
15482
3419
-9153
-20369
-28563
-32514
-31633
-26047
-16586
-4654
7973
19415
27967
32350
31910
26709
17520
5712
-6950
-18577
-27428
-32179
-32116
-27244
-18292
-6597
6088
17864
26962
32015
32263
27666
18910
7310
-5391
-17284
-26579
-31872
-32366
-27983
-19380
-7852
4862
16845
26287
31760
32433
28203
19707
8226
-4501
-16550
-26094
-31684
-32472
-28334
-19895
-8434
4310
16402
26003
31651
32486
28377
19946
8475
-4288
-16402
-26016
-31662
-32478
-28334
-19861
-8351
4437
16550
26133
31717
32445
28203
19638
8060
-4756
-16845
-26351
-31812
-32386
-27983
-19276
-7602
5243
17284
26666
31941
32293
27666
18769
6975
-5898
-17864
-27071
-32095
-32157
-27244
-18113
-6176
6719
18577
27557
32265
31968
26709
17302
5205
-7702
-19415
-28111
-32434
-31710
-26047
-16326
-4058
8843
20369
28719
32588
31368
25247
15179
2736
-10137
-21426
-29364
-32705
-30922
-24293
-13853
-1238
11573
22570
30025
32764
30353
23169
12339
-434
-13142
-23783
-30678
-32739
-29638
-21861
-10632
2276
14829
25041
31296
32604
28754
20353
8727
-4282
-16616
-26318
-31849
-32328
-27676
-18630
-6622
6439
18480
27585
32302
31880
26381
16679
4318
-8734
-20396
-28806
-32620
-31227
-24845
-14492
-1820
11144
22329
29942
32763
30335
23047
12062
-859
-13645
-24243
-30951
-32688
-29173
-20967
-9388
3703
16202
26094
31785
32354
27709
18593
6476
-6688
-18775
-27832
-32393
-31718
-25913
-15915
-3339
9779
21317
29402
32723
30737
23764
12933
0
-12935
-23772
-30745
-32720
-29372
-21243
-9654
3510
16105
26077
31798
32332
27590
18342
6096
-7147
-19226
-28162
-32493
-31507
-25362
-15061
-2291
10856
22227
29953
32765
30198
22670
11416
-1716
-14569
-25028
-31370
-32548
-28366
-19509
-7435
5867
18204
27539
32330
31782
25982
15887
3163
-10086
-21669
-29667
-32753
-30413
-23032
-11831
1334
14281
24860
31312
32563
28403
19519
7387
-5976
-18347
-27666
-32377
-31693
-25725
-15465
-2622
10659
22164
29968
32766
30086
22374
10917
-2369
-15261
-25599
-31650
-32396
-27709
-18372
-5950
7473
19643
28516
32596
31195
24546
13765
664
-12550
-23653
-30771
-32702
-29116
-20616
-8634
4807
17440
27128
32230
31881
26137
15968
3092
-10308
-21966
-29901
-32766
-30072
-22272
-10689
2711
15653
25937
31812
32275
27244
17574
4908
-8595
-20637
-29162
-32712
-30681
-23411
-12140
1206
14349
25041
31451
32480
27948
18630
6117
-7445
-19735
-28641
-32634
-31026
-24089
-13013
301
13567
24501
31222
32570
28309
19172
6728
-6876
-19298
-28393
-32589
-31159
-24347
-13326
0
13328
24354
31166
32585
28360
19220
6748
-6896
-19347
-28443
-32604
-31103
-24198
-13087
301
13640
24608
31294
32533
28105
18778
6176
-7504
-19879
-28786
-32669
-30847
-23635
-12290
1206
14493
25247
31583
32389
27520
17828
5008
-8692
-20870
-29387
-32745
-30352
-22624
-10917
2711
15865
26229
31977
32094
26556
16335
3233
-10442
-22277
-30182
-32757
-29546
-21112
-8944
4807
17712
27483
32390
31559
25136
14256
845
-12717
-24026
-31070
-32598
-28334
-19032
-6345
7473
19964
28903
32697
30666
23169
11540
-2148
-15456
-26008
-31918
-32127
-26596
-16309
-3103
10659
22517
30346
32741
29270
20553
8148
-5719
-18563
-28078
-32552
-31179
-24202
-12874
771
14281
25223
31625
32332
27214
17189
4062
-9798
-21894
-30040
-32762
-29565
-21025
-8682
5233
18204
27882
32514
31257
24336
13002
-691
-14262
-25247
-31650
-32307
-27094
-16955
-3732
10171
22227
30239
32747
29289
20494
7961
-6025
-18915
-28356
-32621
-30929
-23586
-11931
1907
15400
26077
31982
32033
26215
15592
2109
-11762
-23479
-30889
-32629
-28377
-18910
-5966
8077
20637
29402
32756
30080
21861
9613
-4409
-17621
-27585
-32459
-31342
-24435
-13013
816
14497
25499
31785
32188
26631
16140
2656
-11322
-23203
-30782
-32650
-28456
-18976
-5969
8148
20755
29503
32763
29925
21514
9095
-5021
-18204
-27995
-32564
-31058
-23753
-12011
1977
15598
26305
32095
31880
25698
14703
952
-12978
-24480
-31393
-32418
-27360
-17165
-3744
10381
22559
30497
32702
28754
19394
6380
-7836
-20580
-29446
-32762
-29899
-21393
-8847
5370
18577
28275
32630
30814
23169
11138
-3003
-16579
-27016
-32334
-31523
-24733
-13249
751
14612
25700
31906
32048
26096
15179
1372
-12698
-24354
-31371
-32412
-27273
-16932
-3359
10856
23003
30758
32638
28280
18514
5205
-9101
-21669
-30089
-32747
-29131
-19930
-6905
7445
20371
29387
32762
29844
21189
8460
-5898
-19125
-28673
-32702
-30433
-22301
-9868
4468
17946
27963
32585
30916
23274
11134
-3159
-16845
-27275
-32428
-31305
-24119
-12260
1977
15833
26622
32247
31615
24845
13249
-923
-14918
-26016
-32055
-31858
-25461
-14105
0
14107
25468
31864
32046
25975
14832
792
-13405
-24986
-31684
-32188
-26395
-15435
-1452
12817
24578
31525
32292
26727
15917
1981
-12345
-24250
-31393
-32366
-26976
-16280
-2378
11993
24006
31293
32415
27148
16527
2644
-11762
-23850
-31230
-32442
-27244
-16660
-2779
11653
23783
31206
32451
27267
16679
2783
-11667
-23806
-31222
-32441
-27217
-16586
-2656
11803
23919
31277
32412
27094
16378
2398
-12062
-24120
-31370
-32361
-26894
-16056
-2009
12441
24407
31496
32285
26615
15616
1488
-12939
-24777
-31650
-32178
-26251
-15055
-836
13553
25223
31826
32033
25797
14372
52
-14280
-25739
-32015
-31841
-25247
-13561
863
15115
26318
32208
31592
24592
12618
-1908
-16052
-26950
-32393
-31276
-23823
-11540
3083
17085
27622
32556
30880
22932
10324
-4384
-18204
-28323
-32682
-30389
-21909
-8965
5807
19399
29038
32755
29790
20744
7461
-7347
-20658
-29748
-32757
-29067
-19428
-5811
8997
21966
30436
32669
28203
17952
4016
-10746
-23305
-31079
-32468
-27184
-16309
-2077
12583
24657
31656
32135
25992
14491
0
-14493
-25999
-32139
-31644
-24613
-12494
2208
16457
27304
32503
30975
23032
10317
-4537
-18454
-28547
-32719
-30103
-21238
-7961
6971
20458
29694
32757
29007
19220
5431
-9491
-22439
-30713
-32587
-27666
-16973
-2736
12073
24364
31568
32177
26060
14492
-108
-14689
-26197
-32222
-31498
-24174
-11781
3083
17304
27896
32634
30520
21996
8847
-6162
-19879
-29416
-32766
-29219
-19519
-5706
9311
22368
30711
32578
27570
16743
2378
-12491
-24723
-31732
-32033
-25558
-13674
1105
15653
26888
32428
31095
23169
10328
-4707
-18745
-28806
-32750
-29736
-20402
-6728
8378
21705
30414
32650
27932
17262
2911
-12062
-24465
-31651
-32083
-25665
-13765
1077
15692
26955
32455
31012
22932
9941
-5180
-19194
-29098
-32765
-29406
-19738
-5832
9326
22486
30817
32526
27244
16102
1495
-13436
-25478
-32035
-31693
-24521
-12062
2999
17416
28078
32680
30226
21243
7668
-7565
-21167
-30192
-32685
-28105
-17438
-2992
12103
24578
31727
31995
25321
13150
-1876
-16499
-27539
-32596
-30567
-21889
-8448
6833
20630
29936
32722
28377
17845
3419
-11753
-24364
-31659
-32040
-25423
-13249
1823
16499
27568
32607
30508
21729
8189
-7147
-20920
-30108
-32693
-28105
-17347
-2779
12401
24860
31856
31850
24838
12360
-2839
-17416
-28160
-32702
-30037
-20749
-6884
8501
22013
30668
32552
27244
15915
1066
-14020
-26008
-32243
-31342
-23500
-10451
4915
19194
29220
32766
29042
18871
4509
-10856
-23813
-31479
-32147
-25665
-13473
1720
16533
27666
32637
30335
21271
7461
-8015
-21705
-30552
-32578
-27327
-15968
-1038
14125
26133
32294
31228
23169
9920
-5554
-19786
-29584
-32748
-28565
-17970
-3339
12043
24723
31849
31816
24627
11897
-3511
-18132
-28673
-32755
-29458
-19519
-5177
10334
23516
31393
32182
25702
13414
-1907
-16800
-27896
-32682
-30072
-20653
-6555
9029
22570
30997
32395
26445
14492
-751
-15827
-27310
-32589
-30461
-21406
-7481
8148
21926
30713
32507
26894
15151
-48
-15238
-26955
-32522
-30664
-21804
-7961
7702
21608
30575
32549
27076
15403
202
-15047
-26852
-32503
-30703
-21861
-8002
7696
21629
30598
32538
27001
15255
0
-15257
-27007
-32541
-30582
-21579
-7602
8129
21989
30779
32468
26664
14703
-655
-15865
-27411
-32621
-30288
-20948
-6758
8997
22672
31098
32318
26047
13736
-1763
-16855
-28038
-32713
-29790
-19946
-5464
10289
23653
31516
32046
25116
12336
-3319
-18204
-28847
-32766
-29042
-18541
-3711
11987
24889
31977
31593
23823
10480
-5316
-19871
-29777
-32711
-27983
-16697
-1495
14059
26318
32404
30885
22114
8148
-7733
-21801
-30745
-32460
-26539
-14372
1180
16457
27860
32699
29832
19930
5325
-10537
-23916
-31650
-31910
-24631
-11530
4298
19113
29409
32747
28334
17210
2009
-13670
-26112
-32365
-30942
-22178
-8148
7817
21929
30833
32412
26285
13907
-1780
-17047
-28259
-32743
-29429
-19103
-4222
11667
24777
31977
31548
23586
9991
-5992
-20546
-30192
-32619
-27244
-15350
219
15739
27492
32660
30001
20149
5464
-10533
-24006
-31719
-31816
-24270
-10892
5106
19879
29873
32681
27625
15917
373
-15261
-27221
-32621
-30156
-20416
-5748
10308
23879
31684
31836
24293
10875
-5173
-19973
-29942
-32665
-27477
-15633
0
15636
27483
32666
29925
19920
5078
-10999
-24407
-31886
-31615
-23656
-9941
6193
20824
30386
32549
26782
14487
-1341
-16845
-28242
-32749
-29262
-18630
-3445
12583
25539
32252
31078
22301
8064
-8148
-22368
-31111
-32231
-25451
-12429
3643
18824
29387
32737
28047
16465
836
-15001
-27152
-32625
-30072
-20115
-5205
10989
24479
31937
31523
23335
9388
-6876
-21447
-30723
-32412
-26092
-13322
2743
18132
29038
32759
28371
16955
1338
-14612
-26944
-32596
-30164
-20247
-5304
10958
24501
31960
31477
23169
9099
-7236
-21774
-30894
-32323
-25702
-12676
3510
18824
29446
32724
27837
16000
166
-15711
-27666
-32707
-29572
-19041
-3744
12491
25602
32304
30916
21780
7184
-9215
-23305
-31551
-31880
-24205
-10451
5930
20824
30486
32483
26311
13518
-2679
-18204
-29147
-32749
-28098
-16364
-502
15488
27574
32702
29574
18976
3583
-12717
-25806
-32371
-30748
-21345
-6538
9926
23879
31785
31636
23467
9346
-7147
-21830
-30974
-32254
-25342
-11991
4409
19692
29968
32623
26976
14462
-1736
-17495
-28798
-32764
-28377
-16752
-852
15267
27492
32699
29554
18857
3339
-13034
-26077
-32450
-30520
-20777
-5712
10817
24578
32042
31291
22515
7961
-8637
-23021
-31496
-31881
-24075
-10079
6509
21426
30833
32307
25463
12062
-4448
-19815
-30076
-32585
-26689
-13907
2465
18204
29244
32732
27762
15616
-569
-16610
-28356
-32765
-28692
-17189
-1231
15047
27428
32699
29490
18630
2932
-13528
-26478
-32552
-30168
-19943
-4530
12062
25519
32337
30737
21133
6022
-10659
-24565
-32068
-31208
-22206
-7407
9326
23628
31760
31593
23169
8686
-8070
-22719
-31423
-31903
-24028
-9858
6896
21846
31070
32147
24790
10926
-5807
-21019
-30711
-32336
-25461
-11891
4807
20244
30356
32478
26047
12755
-3899
-19528
-30012
-32581
-26556
-13521
3083
18877
29687
32654
26991
14192
-2362
-18294
-29387
-32703
-27360
-14769
1736
17784
29119
32734
27666
15255
-1206
-17349
-28887
-32752
-27913
-15652
771
16993
28695
32761
28105
15962
-434
-16717
-28547
-32765
-28244
-16186
193
16523
28443
32766
28334
16326
-48
-16412
-28387
-32766
-28374
-16382
0
0
0
0
0
0
0
0
0
0
0
0
0
0
0
0
0
0
0
0
0
0
0
0
0
0
0
0
0
0
0
0
0
0
0
0
0
0
0
0
0
0
0
0
0
0
0
0
0
0
0
0
0
0
0
0
0
0
0
0
0
0
0
0
0
0
0
0
0
0
0
0
0
0
0
0
0
0
0
0
0
0
0
0
0
0
0
0
0
0
0
0
0
0
0
0
0
0
0
0
0
0
0
0
0
0
0
0
0
0
0
0
0
0
0
0
0
0
0
0
0
0
0
0
0
0
0
0
0
0
0
0
0
0
0
0
0
0
0
0
0
0
0
0
0
0
0
0
0
0
0
0
0
0
0
0
0
0
0
0
0
0
0
0
0
0
0
0
0
0
0
0
0
0
0
0
0
0
0
0
0
0
0
0
0
0
0
0
0
0
0
0
0
0
0
0
0
0
0
0
0
0
0
0
0
0
0
0
0
0
0
0
0
0
0
0
0
0
0
0
0
0
0
0
0
0
0
0
0
0
0
0
0
0
0
0
0
0
0
0
0
0
0
0
0
0
0
0
0
0
0
0
0
0
0
0
0
0
0
0
0
0
0
0
0
0
0
0
0
0
0
0
0
0
0
0
0
0
0
0
0
0
0
0
0
0
0
0
0
0
0
0
0
0
0
0
0
0
0
0
0
0
0
0
0
0
0
0
0
0
0
0
0
0
0
0
0
0
0
0
0
0
0
0
0
0
0
0
0
0
0
0
0
0
0
0
0
0
0
0
0
0
0
0
0
0
0
0
0
0
0
0
0
0
0
0
0
0
0
0
0
0
0
0
0
0
0
0
0
0
0
0
0
0
0
0
0
0
0
0
0
0
0
0
0
0
0
0
0
0
0
0
0
0
0
0
0
0
0
0
0
0
0
0
0
0
0
0
0
0
0
0
0
0
0
0
0
0
0
0
0
0
0
0
0
0
0
0
0
0
0
0
0
0
0
0
0
0
0
0
0
0
0
0
0
0
0
0
0
0
0
0
0
0
0
0
0
0
0
0
0
0
0
0
0
0
0
0
0
0
0
0
0
0
0
0
0
0
0
0
0
0
0
0
0
0
0
0
0
0
0
0
0
0
0
0
0
0
0
0
0
0
0
0
0
0
0
0
0
0
0
0
0
0
0
0
0
0
0
0
0
0
0
0
0
0
0
0
0
0
0
0
0
0
0
0
0
0
0
0
0
0
0
0
0
0
0
0
0
0
0
0
0
0
0
0
0
0
0
0
0
0
0
0
0
0
0
0
0
0
0
0
0
0
0
0
0
0
0
0
0
0
0
0
0
0
0
0
0
0
0
0
0
0
0
0
0
0
0
0
0
0
0
0
0
0
0
0
0
0
0
0
0
0
0
0
0
0
0
0
0
0
0
0
0
0
0
0
0
0
0
0
0
0
0
0
0
0
0
0
0
0
0
0
0
0
0
0
0
0
0
0
0
0
0
0
0
0
0
0
0
0
0
0
0
0
0
0
0
0
0
0
0
0
0
0
0
0
0
0
0
0
0
0
0
0
0
0
0
0
0
0
0
0
0
0
0
0
0
0
0
0
0
0
0
0
0
0
0
0
0
0
0
0
0
0
0
0
0
0
0
0
0
0
0
0
0
0
0
0
0
0
0
0
0
0
0
0
0
0
0
0
0
0
0
0
0
0
0
0
0
0
0
0
0
0
0
0
0
0
0
0
0
0
0
0
0
0
0
0
0
0
0
0
0
0
0
0
0
0
0
0
0
0
0
0
0
0
0
0
0
0
0
0
0
0
0
0
0
0
0
0
0
0
0
0
0
0
0
0
0
0
0
0
0
0
0
0
0
0
0
0
0
0
0
0
0
0
0
0
0
0
0
0
0
0
0
0
0
0
0
0
0
0
0
0
0
0
0
0
0
0
0
0
0
0
0
0
0
0
0
0
0
0
0
0
0
0
0
0
0
0
0
0
0
0
0
0
0
0
0
0
0
0
0
0
0
0
0
0
0
0
0
0
0
0
0
0
0
0
0
0
0
0
0
0
0
0
0
0
0
0
0
0
0
0
0
0
0
0
0
0
0
0
0
0
0
0
0
0
0
0
0
0
0
0
0
0
0
0
0
0
0
0
0
0
0
0
0
0
0
0
0
0
0
0
0
0
0
0
12602
12328
11519
10207
8448
6317
3903
1309
-1352
-3968
-6423
-8610
-10429
-11798
-12653
-12949
-12668
-11816
-10426
-8553
-6278
-3698
-929
1905
4674
7251
9512
11348
12671
13411
13529
13013
11882
10185
7999
5425
2585
-385
-3342
-6143
-8650
-10739
-12308
-13279
-13604
-13268
-12289
-10718
-8635
-6148
-3383
-481
2409
5144
7586
9617
11137
12078
12402
12103
11209
9779
7898
5676
3237
713
-1760
-4056
-6059
-7674
-8830
-9484
-9622
-9260
-8441
-7234
-5724
-4013
-2207
-416
1260
2732
3928
4798
5314
5475
5302
4835
4135
3273
2328
1378
499
-244
-803
-1146
-1260
-1154
-857
-413
118
673
1180
1574
1796
1800
1560
1068
339
-591
-1667
-2818
-3959
-5000
-5852
-6432
-6670
-6517
-5943
-4950
-3564
-1841
137
2270
4438
6512
8364
9871
10925
11439
11355
10650
9332
7450
5084
2349
-618
-3660
-6613
-9310
-11595
-13333
-14413
-14761
-14342
-13163
-11273
-8762
-5755
-2409
1101
4589
7868
10758
13104
14777
15684
15778
15051
13545
11342
8562
5358
1904
-1611
-5001
-8085
-10700
-12713
-14025
-14577
-14354
-13382
-11731
-9505
-6840
-3890
-827
2180
4967
7388
9320
10673
11393
11461
10901
9767
8148
6158
3927
1594
-697
-2818
-4649
-6096
-7092
-7599
-7613
-7159
-6290
-5085
-3638
-2057
-453
1067
2405
3481
4232
4623
4642
4306
3653
2742
1650
461
-731
-1841
-2787
-3500
-3932
-4052
-3852
-3349
-2577
-1591
-460
738
1922
3009
3927
4611
5015
5109
4885
4354
3548
2515
1318
28
-1277
-2520
-3629
-4540
-5204
-5584
-5664
-5444
-4944
-4198
-3253
-2166
-1002
173
1298
2315
3175
3843
4294
4521
4528
4331
3959
3446
2833
2162
1474
805
185
-362
-823
-1194
-1478
-1685
-1831
-1935
-2014
-2087
-2165
-2257
-2363
-2476
-2581
-2661
-2690
-2644
-2496
-2226
-1816
-1260
-560
270
1204
2205
3227
4214
5108
5848
6378
6646
6615
6258
5568
4554
3247
1696
-34
-1865
-3704
-5458
-7029
-8327
-9272
-9799
-9864
-9445
-8548
-7201
-5459
-3402
-1125
1260
3634
5876
7867
9503
10694
11374
11501
11064
10081
8596
6684
4440
1977
-578
-3098
-5453
-7525
-9210
-10426
-11114
-11245
-10819
-9866
-8441
-6626
-4520
-2237
103
2378
4474
6287
7730
8740
9277
9328
8907
8051
6821
5294
3564
1730
-106
-1847
-3403
-4698
-5674
-6293
-6539
-6417
-5952
-5189
-4187
-3016
-1753
-476
737
1820
2714
3376
3777
3908
3774
3398
2818
2079
1239
358
-502
-1287
-1944
-2432
-2722
-2797
-2657
-2313
-1790
-1124
-360
452
1260
2010
2655
3150
3464
3572
3465
3144
2624
1929
1095
165
-810
-1780
-2694
-3501
-4157
-4627
-4881
-4905
-4691
-4247
-3590
-2748
-1757
-662
488
1642
2747
3753
4613
5289
5747
5965
5932
5646
5115
4361
3412
2306
1088
-192
-1482
-2729
-3882
-4890
-5712
-6312
-6663
-6747
-6559
-6103
-5394
-4459
-3333
-2060
-690
721
2120
3446
4647
5672
6478
7029
7301
7281
6966
6368
5509
4421
3149
1742
258
-1241
-2698
-4049
-5241
-6224
-6956
-7408
-7561
-7408
-6956
-6224
-5241
-4049
-2698
-1241
258
1742
3149
4421
5509
6368
6966
7281
7301
7029
6478
5672
4647
3446
2120
721
-690
-2060
-3333
-4459
-5394
-6103
-6559
-6747
-6663
-6312
-5712
-4890
-3882
-2729
-1482
-192
1088
2306
3412
4361
5115
5646
5932
5965
5747
5289
4613
3753
2747
1642
488
-662
-1757
-2748
-3590
-4247
-4691
-4905
-4881
-4627
-4157
-3501
-2694
-1780
-810
165
1095
1929
2624
3144
3465
3572
3464
3150
2655
2010
1260
452
-360
-1124
-1790
-2313
-2657
-2797
-2722
-2432
-1944
-1287
-502
358
1239
2079
2818
3398
3774
3908
3777
3376
2714
1820
737
-476
-1753
-3016
-4187
-5189
-5952
-6417
-6539
-6293
-5674
-4698
-3403
-1847
-106
1730
3564
5294
6821
8051
8907
9328
9277
8740
7730
6287
4474
2378
103
-2237
-4520
-6626
-8441
-9866
-10819
-11245
-11114
-10426
-9210
-7525
-5453
-3098
-578
1977
4440
6684
8596
10081
11064
11501
11374
10694
9503
7867
5876
3634
1260
-1125
-3402
-5459
-7201
-8548
-9445
-9864
-9799
-9272
-8327
-7029
-5458
-3704
-1865
-34
1696
3247
4554
5568
6258
6615
6646
6378
5848
5108
4214
3227
2205
1204
270
-560
-1260
-1816
-2226
-2496
-2644
-2690
-2661
-2581
-2476
-2363
-2257
-2165
-2087
-2014
-1935
-1831
-1685
-1478
-1194
-823
-362
185
805
1474
2162
2833
3446
3959
4331
4528
4521
4294
3843
3175
2315
1298
173
-1002
-2166
-3253
-4198
-4944
-5444
-5664
-5584
-5204
-4540
-3629
-2520
-1277
28
1318
2515
3548
4354
4885
5109
5015
4611
3927
3009
1922
738
-460
-1591
-2577
-3349
-3852
-4052
-3932
-3500
-2787
-1841
-731
461
1650
2742
3653
4306
4642
4623
4232
3481
2405
1067
-453
-2057
-3638
-5085
-6290
-7159
-7613
-7599
-7092
-6096
-4649
-2818
-697
1594
3927
6158
8148
9767
10901
11461
11393
10673
9320
7388
4967
2180
-827
-3890
-6840
-9505
-11731
-13382
-14354
-14577
-14025
-12713
-10700
-8085
-5001
-1611
1904
5358
8562
11342
13545
15051
15778
15684
14777
13104
10758
7868
4589
1101
-2409
-5755
-8762
-11273
-13163
-14342
-14761
-14413
-13333
-11595
-9310
-6613
-3660
-618
2349
5084
7450
9332
10650
11355
11439
10925
9871
8364
6512
4438
2270
137
-1841
-3564
-4950
-5943
-6517
-6670
-6432
-5852
-5000
-3959
-2818
-1667
-591
339
1068
1560
1800
1796
1574
1180
673
118
-413
-857
-1154
-1260
-1146
-803
-244
499
1378
2328
3273
4135
4835
5302
5475
5314
4798
3928
2732
1260
-416
-2207
-4013
-5724
-7234
-8441
-9260
-9622
-9484
-8830
-7674
-6059
-4056
-1760
713
3237
5676
7898
9779
11209
12103
12402
12078
11137
9617
7586
5144
2409
-481
-3383
-6148
-8635
-10718
-12289
-13268
-13604
-13279
-12308
-10739
-8650
-6143
-3342
-385
2585
5425
7999
10185
11882
13013
13529
13411
12671
11348
9512
7251
4674
1905
-929
-3698
-6278
-8553
-10426
-11816
-12668
-12949
-12653
-11798
-10429
-8610
-6423
-3968
-1352
1309
3903
6317
8448
10207
11519
12328
0
0
0
0
0
0
0
0
0
0
0
0
0
0
0
0
0
0
0
0
0
0
0
0
0
0
0
0
0
0
0
0
0
0
0
0
0
0
0
0
0
0
0
0
0
0
0
0
0
0
0
0
0
0
0
0
0
0
0
0
0
0
0
0
0
0
0
-12602
-12283
-11342
-9828
-7817
-5413
-2738
69
2868
5514
7874
9828
11277
12148
12400
12022
11034
9491
7474
5087
2455
-284
-2993
-5531
-7769
-9594
-10914
-11666
-11815
-11357
-10321
-8765
-6773
-4452
-1926
673
3210
5554
7586
9202
10323
10897
10900
10338
9248
7693
5761
3557
1199
-1185
-3472
-5544
-7294
-8638
-9510
-9873
-9717
-9059
-7943
-6435
-4622
-2606
-495
1597
3562
5301
6728
7776
8400
8578
8313
7630
6577
5219
3636
1916
151
-1565
-3148
-4523
-5625
-6412
-6856
-6950
-6704
-6147
-5321
-4281
-3088
-1809
-510
744
1899
2906
3730
4346
4743
4921
4890
4671
4289
3778
3168
2494
1785
1069
369
-299
-923
-1496
-2014
-2475
-2879
-3226
-3514
-3737
-3890
-3962
-3940
-3812
-3564
-3184
-2665
-2004
-1206
-285
737
1828
2946
4043
5065
5953
6651
7105
7271
7113
6611
5763
4582
3104
1383
-511
-2494
-4471
-6338
-7995
-9345
-10303
-10798
-10784
-10237
-9161
-7590
-5584
-3230
-636
2073
4761
7290
9525
11342
12637
13331
13374
12752
11481
9618
7248
4486
1468
-1650
-4713
-7560
-10043
-12032
-13422
-14141
-14152
-13453
-12083
-10116
-7657
-4837
-1806
1275
4248
6958
9267
11063
12259
12807
12693
11937
10598
8762
6543
4071
1488
-1062
-3445
-5537
-7235
-8465
-9180
-9367
-9042
-8253
-7072
-5592
-3918
-2163
-439
1149
2513
3582
4309
4672
4678
4356
3757
2951
2019
1048
125
-671
-1274
-1634
-1724
-1539
-1096
-436
381
1283
2187
3008
3662
4077
4195
3980
3418
2520
1323
-112
-1705
-3359
-4968
-6422
-7618
-8460
-8874
-8807
-8234
-7160
-5622
-3685
-1440
996
3498
5926
8143
10019
11440
12315
12579
12203
11191
9583
7450
4896
2048
-948
-3942
-6775
-9302
-11388
-12926
-13833
-14064
-13606
-12484
-10755
-8512
-5869
-2963
59
3045
5848
8332
10379
11898
12825
13128
12808
11897
10455
8569
6343
3896
1353
-1161
-3530
-5645
-7420
-8787
-9702
-10145
-10120
-9656
-8799
-7610
-6165
-4545
-2834
-1112
543
2067
3406
4518
5378
5972
6301
6377
6223
5866
5340
4680
3922
3100
2245
1383
538
-270
-1030
-1729
-2358
-2909
-3375
-3751
-4030
-4206
-4272
-4223
-4055
-3766
-3358
-2836
-2211
-1498
-718
103
937
1751
2511
3183
3738
4148
4391
4455
4334
4033
3564
2950
2221
1413
566
-277
-1077
-1794
-2395
-2856
-3158
-3296
-3272
-3098
-2796
-2393
-1923
-1420
-919
-453
-50
271
498
627
665
624
528
401
273
172
127
157
277
492
797
1177
1608
2056
2483
2847
3105
3219
3156
2894
2422
1745
880
-137
-1262
-2436
-3591
-4657
-5561
-6239
-6632
-6698
-6409
-5758
-4762
-3455
-1894
-154
1676
3499
5213
6718
7921
8746
9133
9047
8479
7446
5994
4192
2134
-71
-2306
-4446
-6371
-7971
-9153
-9847
-10010
-9629
-8722
-7338
-5554
-3470
-1205
1112
3351
5381
7087
8372
9165
9421
9131
8316
7029
5351
3386
1255
-912
-2983
-4834
-6354
-7452
-8067
-8165
-7745
-6840
-5512
-3847
-1957
37
2008
3828
5380
6565
7308
7561
7308
6565
5380
3828
2008
37
-1957
-3847
-5512
-6840
-7745
-8165
-8067
-7452
-6354
-4834
-2983
-912
1255
3386
5351
7029
8316
9131
9421
9165
8372
7087
5381
3351
1112
-1205
-3470
-5554
-7338
-8722
-9629
-10010
-9847
-9153
-7971
-6371
-4446
-2306
-71
2134
4192
5994
7446
8479
9047
9133
8746
7921
6718
5213
3499
1676
-154
-1894
-3455
-4762
-5758
-6409
-6698
-6632
-6239
-5561
-4657
-3591
-2436
-1262
-137
880
1745
2422
2894
3156
3219
3105
2847
2483
2056
1608
1177
797
492
277
157
127
172
273
401
528
624
665
627
498
271
-50
-453
-919
-1420
-1923
-2393
-2796
-3098
-3272
-3296
-3158
-2856
-2395
-1794
-1077
-277
566
1413
2221
2950
3564
4033
4334
4455
4391
4148
3738
3183
2511
1751
937
103
-718
-1498
-2211
-2836
-3358
-3766
-4055
-4223
-4272
-4206
-4030
-3751
-3375
-2909
-2358
-1729
-1030
-270
538
1383
2245
3100
3922
4680
5340
5866
6223
6377
6301
5972
5378
4518
3406
2067
543
-1112
-2834
-4545
-6165
-7610
-8799
-9656
-10120
-10145
-9702
-8787
-7420
-5645
-3530
-1161
1353
3896
6343
8569
10455
11897
12808
13128
12825
11898
10379
8332
5848
3045
59
-2963
-5869
-8512
-10755
-12484
-13606
-14064
-13833
-12926
-11388
-9302
-6775
-3942
-948
2048
4896
7450
9583
11191
12203
12579
12315
11440
10019
8143
5926
3498
996
-1440
-3685
-5622
-7160
-8234
-8807
-8874
-8460
-7618
-6422
-4968
-3359
-1705
-112
1323
2520
3418
3980
4195
4077
3662
3008
2187
1283
381
-436
-1096
-1539
-1724
-1634
-1274
-671
125
1048
2019
2951
3757
4356
4678
4672
4309
3582
2513
1149
-439
-2163
-3918
-5592
-7072
-8253
-9042
-9367
-9180
-8465
-7235
-5537
-3445
-1062
1488
4071
6543
8762
10598
11937
12693
12807
12259
11063
9267
6958
4248
1275
-1806
-4837
-7657
-10116
-12083
-13453
-14152
-14141
-13422
-12032
-10043
-7560
-4713
-1650
1468
4486
7248
9618
11481
12752
13374
13331
12637
11342
9525
7290
4761
2073
-636
-3230
-5584
-7590
-9161
-10237
-10784
-10798
-10303
-9345
-7995
-6338
-4471
-2494
-511
1383
3104
4582
5763
6611
7113
7271
7105
6651
5953
5065
4043
2946
1828
737
-285
-1206
-2004
-2665
-3184
-3564
-3812
-3940
-3962
-3890
-3737
-3514
-3226
-2879
-2475
-2014
-1496
-923
-299
369
1069
1785
2494
3168
3778
4289
4671
4890
4921
4743
4346
3730
2906
1899
744
-510
-1809
-3088
-4281
-5321
-6147
-6704
-6950
-6856
-6412
-5625
-4523
-3148
-1565
151
1916
3636
5219
6577
7630
8313
8578
8400
7776
6728
5301
3562
1597
-495
-2606
-4622
-6435
-7943
-9059
-9717
-9873
-9510
-8638
-7294
-5544
-3472
-1185
1199
3557
5761
7693
9248
10338
10900
10897
10323
9202
7586
5554
3210
673
-1926
-4452
-6773
-8765
-10321
-11357
-11815
-11666
-10914
-9594
-7769
-5531
-2993
-284
2455
5087
7474
9491
11034
12022
12400
12148
11277
9828
7874
5514
2868
69
-2738
-5413
-7817
-9828
-11342
-12283
0
0
0
0
0
0
0
0
0
0
0
0
0
0
0
0
0
0
0
0
0
0
0
0
0
0
0
0
0
0
0
0
0
0
0
0
0
0
0
0
0
0
0
0
0
0
0
0
0
0
0
0
0
0
0
0
0
0
0
0
0
0
0
0
0
0
0
-7561
-7399
-6918
-6138
-5089
-3813
-2361
-791
832
2440
3965
5339
6501
7395
7975
8208
8076
7573
6713
5525
4052
2354
502
-1421
-3331
-5134
-6745
-8080
-9066
-9648
-9783
-9451
-8656
-7421
-5794
-3843
-1654
670
3022
5285
7345
9094
10437
11298
11622
11381
10573
9227
7399
5169
2643
-60
-2807
-5460
-7886
-9959
-11568
-12627
-13074
-12880
-12045
-10606
-8627
-6203
-3452
-510
2477
5360
7993
10242
11994
13159
13676
13520
12698
11251
9252
6803
4027
1064
-1935
-4823
-7455
-9701
-11453
-12627
-13172
-13065
-12321
-10984
-9129
-6854
-4281
-1541
1226
3883
6301
8363
9975
11067
11595
11548
10940
9816
8246
6318
4138
1821
-514
-2751
-4783
-6516
-7873
-8801
-9269
-9269
-8818
-7957
-6743
-5250
-3564
-1776
20
1735
3288
4608
5638
6342
6699
6707
6383
5759
4881
3806
2600
1330
64
-1132
-2202
-3096
-3777
-4221
-4417
-4369
-4091
-3611
-2966
-2198
-1357
-492
347
1116
1775
2291
2642
2814
2806
2625
2289
1823
1260
636
-7
-633
-1200
-1677
-2033
-2249
-2311
-2217
-1972
-1591
-1098
-522
101
734
1338
1875
2309
2612
2762
2746
2559
2208
1710
1089
378
-381
-1148
-1877
-2523
-3047
-3413
-3595
-3577
-3353
-2931
-2329
-1576
-712
216
1157
2056
2861
3521
3996
4252
4270
4043
3579
2899
2040
1047
-21
-1106
-2142
-3067
-3822
-4359
-4641
-4647
-4372
-3825
-3037
-2050
-922
280
1484
2614
3598
4372
4882
5090
4977
4540
3801
2799
1589
244
-1154
-2520
-3765
-4806
-5572
-6006
-6069
-5746
-5045
-3997
-2657
-1098
589
2306
3946
5406
6590
7417
7824
7774
7253
6278
4893
3168
1195
-916
-3047
-5071
-6867
-8324
-9349
-9870
-9845
-9262
-8143
-6539
-4530
-2224
253
2768
5178
7345
9145
10472
11247
11420
10975
9933
8347
6301
3906
1293
-1393
-4007
-6404
-8453
-10043
-11089
-11538
-11370
-10601
-9280
-7486
-5326
-2924
-418
2053
4353
6359
7968
9100
9707
9772
9309
8364
7009
5338
3461
1495
-439
-2231
-3780
-5008
-5857
-6299
-6330
-5977
-5286
-4329
-3189
-1958
-731
401
1360
2084
2529
2678
2533
2125
1500
727
-118
-953
-1693
-2262
-2597
-2654
-2408
-1859
-1033
21
1237
2528
3799
4951
5887
6522
6785
6628
6030
4996
3564
1797
-215
-2364
-4526
-6572
-8373
-9810
-10781
-11209
-11046
-10277
-8921
-7034
-4702
-2040
813
3710
6492
9007
11114
12692
13648
13923
13495
12378
10625
8325
5596
2579
-569
-3686
-6611
-9194
-11306
-12843
-13735
-13944
-13472
-12356
-10667
-8502
-5983
-3248
-439
2298
4832
7044
8836
10138
10910
11141
10848
10076
8893
7385
5647
3783
1892
70
-1600
-3055
-4245
-5143
-5741
-6050
-6095
-5915
-5557
-5071
-4508
-3912
-3321
-2762
-2251
-1792
-1378
-993
-616
-221
216
716
1292
1948
2675
3452
4249
5021
5719
6287
6671
6818
6686
6244
5478
4392
3009
1375
-448
-2381
-4331
-6200
-7886
-9291
-10327
-10923
-11028
-10615
-9684
-8264
-6410
-4202
-1743
850
3451
5929
8158
10024
11431
12305
12602
12305
11431
10024
8158
5929
3451
850
-1743
-4202
-6410
-8264
-9684
-10615
-11028
-10923
-10327
-9291
-7886
-6200
-4331
-2381
-448
1375
3009
4392
5478
6244
6686
6818
6671
6287
5719
5021
4249
3452
2675
1948
1292
716
216
-221
-616
-993
-1378
-1792
-2251
-2762
-3321
-3912
-4508
-5071
-5557
-5915
-6095
-6050
-5741
-5143
-4245
-3055
-1600
70
1892
3783
5647
7385
8893
10076
10848
11141
10910
10138
8836
7044
4832
2298
-439
-3248
-5983
-8502
-10667
-12356
-13472
-13944
-13735
-12843
-11306
-9194
-6611
-3686
-569
2579
5596
8325
10625
12378
13495
13923
13648
12692
11114
9007
6492
3710
813
-2040
-4702
-7034
-8921
-10277
-11046
-11209
-10781
-9810
-8373
-6572
-4526
-2364
-215
1797
3564
4996
6030
6628
6785
6522
5887
4951
3799
2528
1237
21
-1033
-1859
-2408
-2654
-2597
-2262
-1693
-953
-118
727
1500
2125
2533
2678
2529
2084
1360
401
-731
-1958
-3189
-4329
-5286
-5977
-6330
-6299
-5857
-5008
-3780
-2231
-439
1495
3461
5338
7009
8364
9309
9772
9707
9100
7968
6359
4353
2053
-418
-2924
-5326
-7486
-9280
-10601
-11370
-11538
-11089
-10043
-8453
-6404
-4007
-1393
1293
3906
6301
8347
9933
10975
11420
11247
10472
9145
7345
5178
2768
253
-2224
-4530
-6539
-8143
-9262
-9845
-9870
-9349
-8324
-6867
-5071
-3047
-916
1195
3168
4893
6278
7253
7774
7824
7417
6590
5406
3946
2306
589
-1098
-2657
-3997
-5045
-5746
-6069
-6006
-5572
-4806
-3765
-2520
-1154
244
1589
2799
3801
4540
4977
5090
4882
4372
3598
2614
1484
280
-922
-2050
-3037
-3825
-4372
-4647
-4641
-4359
-3822
-3067
-2142
-1106
-21
1047
2040
2899
3579
4043
4270
4252
3996
3521
2861
2056
1157
216
-712
-1576
-2329
-2931
-3353
-3577
-3595
-3413
-3047
-2523
-1877
-1148
-381
378
1089
1710
2208
2559
2746
2762
2612
2309
1875
1338
734
101
-522
-1098
-1591
-1972
-2217
-2311
-2249
-2033
-1677
-1200
-633
-7
636
1260
1823
2289
2625
2806
2814
2642
2291
1775
1116
347
-492
-1357
-2198
-2966
-3611
-4091
-4369
-4417
-4221
-3777
-3096
-2202
-1132
64
1330
2600
3806
4881
5759
6383
6707
6699
6342
5638
4608
3288
1735
20
-1776
-3564
-5250
-6743
-7957
-8818
-9269
-9269
-8801
-7873
-6516
-4783
-2751
-514
1821
4138
6318
8246
9816
10940
11548
11595
11067
9975
8363
6301
3883
1226
-1541
-4281
-6854
-9129
-10984
-12321
-13065
-13172
-12627
-11453
-9701
-7455
-4823
-1935
1064
4027
6803
9252
11251
12698
13520
13676
13159
11994
10242
7993
5360
2477
-510
-3452
-6203
-8627
-10606
-12045
-12880
-13074
-12627
-11568
-9959
-7886
-5460
-2807
-60
2643
5169
7399
9227
10573
11381
11622
11298
10437
9094
7345
5285
3022
670
-1654
-3843
-5794
-7421
-8656
-9451
-9783
-9648
-9066
-8080
-6745
-5134
-3331
-1421
502
2354
4052
5525
6713
7573
8076
8208
7975
7395
6501
5339
3965
2440
832
-791
-2361
-3813
-5089
-6138
-6918
-7399
0
0
0
0
0
0
0
0
0
0
0
0
0
0
0
0
0
0
0
0
0
0
0
0
0
0
0
0
0
0
0
0
0
0
0
0
0
0
0
0
0
0
0
0
0
0
0
0
0
0
0
0
0
0
0
0
0
0
0
0
0
0
0
0
0
0
0
7561
7381
6849
5991
4850
3480
1948
329
-1299
-2859
-4275
-5479
-6416
-7042
-7330
-7267
-6861
-6134
-5125
-3884
-2475
-967
566
2050
3416
4599
5546
6215
6581
6632
6373
5822
5014
3993
2814
1538
229
-1050
-2241
-3288
-4149
-4789
-5188
-5336
-5240
-4915
-4388
-3695
-2878
-1982
-1054
-139
721
1493
2148
2668
3041
3266
3349
3303
3146
2900
2588
2233
1857
1477
1107
756
427
120
-169
-447
-724
-1006
-1298
-1604
-1923
-2246
-2563
-2856
-3105
-3286
-3375
-3347
-3182
-2865
-2387
-1749
-961
-47
963
2028
3098
4117
5028
5774
6301
6564
6528
6174
5496
4508
3241
1744
82
-1669
-3424
-5090
-6578
-7802
-8687
-9173
-9219
-8807
-7942
-6654
-4998
-3048
-898
1343
3564
5646
7479
8961
10010
10564
10587
10072
9041
7545
5658
3480
1124
-1282
-3614
-5746
-7563
-8970
-9893
-10287
-10134
-9450
-8278
-6690
-4780
-2661
-454
1713
3722
5458
6831
7770
8232
8203
7701
6770
5480
3923
2204
438
-1260
-2784
-4039
-4951
-5469
-5569
-5257
-4568
-3559
-2312
-923
499
1849
3022
3928
4493
4669
4437
3803
2806
1510
4
-1606
-3207
-4677
-5902
-6780
-7230
-7197
-6654
-5611
-4109
-2223
-53
2273
4618
6833
8773
10304
11312
11711
11447
10508
8917
6741
4082
1073
-2126
-5341
-8391
-11099
-13304
-14866
-15682
-15685
-14855
-13216
-10838
-7833
-4350
-567
3319
7106
10588
13580
15916
17468
18146
17907
16759
14754
11995
8619
4802
738
-3362
-7291
-10847
-13852
-16154
-17643
-18251
-17954
-16778
-14793
-12111
-8874
-5256
-1443
2371
5997
9259
12004
14107
15483
16083
15899
14964
13347
11150
8497
5535
2419
-696
-3660
-6337
-8612
-10393
-11620
-12261
-12314
-11807
-10793
-9347
-7559
-5533
-3374
-1188
923
2872
4581
5993
7065
7776
8122
8115
7782
7162
6301
5252
4072
2815
1535
280
-907
-1991
-2942
-3738
-4364
-4811
-5075
-5159
-5067
-4810
-4400
-3853
-3188
-2426
-1592
-712
184
1068
1907
2669
3324
3844
4205
4387
4378
4175
3780
3209
2484
1637
708
-258
-1213
-2105
-2886
-3512
-3944
-4156
-4131
-3867
-3374
-2679
-1817
-839
198
1234
2204
3046
3706
4138
4309
4203
3819
3173
2301
1251
84
-1127
-2309
-3386
-4286
-4947
-5319
-5371
-5088
-4476
-3564
-2397
-1038
435
1939
3383
4680
5749
6520
6940
6977
6618
5875
4784
3399
1794
55
-1719
-3433
-4988
-6297
-7284
-7893
-8089
-7859
-7214
-6191
-4845
-3250
-1495
325
2113
3773
5218
6375
7188
7622
7664
7322
6627
5625
4383
2974
1481
-14
-1434
-2706
-3772
-4590
-5132
-5391
-5375
-5110
-4631
-3988
-3232
-2421
-1608
-839
-154
418
863
1178
1371
1462
1477
1448
1409
1391
1419
1513
1679
1915
2207
2530
2850
3127
3318
3380
3277
2979
2469
1742
812
-292
-1527
-2833
-4141
-5374
-6452
-7299
-7845
-8035
-7830
-7211
-6184
-4778
-3045
-1061
1081
3276
5409
7363
9027
10303
11108
11385
11102
10258
8882
7033
4796
2279
-391
-3082
-5652
-7970
-9914
-11380
-12293
-12602
-12293
-11380
-9914
-7970
-5652
-3082
-391
2279
4796
7033
8882
10258
11102
11385
11108
10303
9027
7363
5409
3276
1081
-1061
-3045
-4778
-6184
-7211
-7830
-8035
-7845
-7299
-6452
-5374
-4141
-2833
-1527
-292
812
1742
2469
2979
3277
3380
3318
3127
2850
2530
2207
1915
1679
1513
1419
1391
1409
1448
1477
1462
1371
1178
863
418
-154
-839
-1608
-2421
-3232
-3988
-4631
-5110
-5375
-5391
-5132
-4590
-3772
-2706
-1434
-14
1481
2974
4383
5625
6627
7322
7664
7622
7188
6375
5218
3773
2113
325
-1495
-3250
-4845
-6191
-7214
-7859
-8089
-7893
-7284
-6297
-4988
-3433
-1719
55
1794
3399
4784
5875
6618
6977
6940
6520
5749
4680
3383
1939
435
-1038
-2397
-3564
-4476
-5088
-5371
-5319
-4947
-4286
-3386
-2309
-1127
84
1251
2301
3173
3819
4203
4309
4138
3706
3046
2204
1234
198
-839
-1817
-2679
-3374
-3867
-4131
-4156
-3944
-3512
-2886
-2105
-1213
-258
708
1637
2484
3209
3780
4175
4378
4387
4205
3844
3324
2669
1907
1068
184
-712
-1592
-2426
-3188
-3853
-4400
-4810
-5067
-5159
-5075
-4811
-4364
-3738
-2942
-1991
-907
280
1535
2815
4072
5252
6301
7162
7782
8115
8122
7776
7065
5993
4581
2872
923
-1188
-3374
-5533
-7559
-9347
-10793
-11807
-12314
-12261
-11620
-10393
-8612
-6337
-3660
-696
2419
5535
8497
11150
13347
14964
15899
16083
15483
14107
12004
9259
5997
2371
-1443
-5256
-8874
-12111
-14793
-16778
-17954
-18251
-17643
-16154
-13852
-10847
-7291
-3362
738
4802
8619
11995
14754
16759
17907
18146
17468
15916
13580
10588
7106
3319
-567
-4350
-7833
-10838
-13216
-14855
-15685
-15682
-14866
-13304
-11099
-8391
-5341
-2126
1073
4082
6741
8917
10508
11447
11711
11312
10304
8773
6833
4618
2273
-53
-2223
-4109
-5611
-6654
-7197
-7230
-6780
-5902
-4677
-3207
-1606
4
1510
2806
3803
4437
4669
4493
3928
3022
1849
499
-923
-2312
-3559
-4568
-5257
-5569
-5469
-4951
-4039
-2784
-1260
438
2204
3923
5480
6770
7701
8203
8232
7770
6831
5458
3722
1713
-454
-2661
-4780
-6690
-8278
-9450
-10134
-10287
-9893
-8970
-7563
-5746
-3614
-1282
1124
3480
5658
7545
9041
10072
10587
10564
10010
8961
7479
5646
3564
1343
-898
-3048
-4998
-6654
-7942
-8807
-9219
-9173
-8687
-7802
-6578
-5090
-3424
-1669
82
1744
3241
4508
5496
6174
6528
6564
6301
5774
5028
4117
3098
2028
963
-47
-961
-1749
-2387
-2865
-3182
-3347
-3375
-3286
-3105
-2856
-2563
-2246
-1923
-1604
-1298
-1006
-724
-447
-169
120
427
756
1107
1477
1857
2233
2588
2900
3146
3303
3349
3266
3041
2668
2148
1493
721
-139
-1054
-1982
-2878
-3695
-4388
-4915
-5240
-5336
-5188
-4789
-4149
-3288
-2241
-1050
229
1538
2814
3993
5014
5822
6373
6632
6581
6215
5546
4599
3416
2050
566
-967
-2475
-3884
-5125
-6134
-6861
-7267
-7330
-7042
-6416
-5479
-4275
-2859
-1299
329
1948
3480
4850
5991
6849
7381
0
0
0
0
0
0
0
0
0
0
0
0
0
0
0
0
0
0
0
0
0
0
0
0
0
0
0
0
0
0
0
0
0
0
0
0
0
0
0
0
0
0
0
0
0
0
0
0
0
0
0
0
0
0
0
0
0
0
0
0
0
0
0
0
0
0
0
-12602
-12294
-11384
-9921
-7980
-5663
-3088
-387
2300
4841
7109
8993
10405
11282
11592
11330
10524
9227
7519
5498
3276
972
-1293
-3407
-5268
-6790
-7910
-8589
-8812
-8590
-7958
-6971
-5700
-4229
-2649
-1049
481
1866
3040
3955
4581
4908
4942
4709
4248
3610
2854
2039
1226
470
-182
-696
-1050
-1235
-1257
-1134
-896
-579
-225
120
418
629
727
691
515
204
-223
-742
-1314
-1896
-2442
-2906
-3246
-3424
-3414
-3199
-2777
-2158
-1366
-436
584
1644
2683
3643
4467
5103
5510
5657
5527
5118
4444
3532
2423
1171
-164
-1516
-2818
-4002
-5009
-5788
-6297
-6511
-6418
-6022
-5343
-4413
-3280
-2000
-634
750
2086
3309
4363
5199
5780
6083
6097
5828
5294
4525
3564
2461
1273
58
-1123
-2217
-3171
-3944
-4504
-4829
-4912
-4755
-4374
-3795
-3054
-2194
-1262
-307
618
1469
2204
2787
3192
3405
3418
3240
2885
2379
1756
1054
319
-405
-1076
-1653
-2100
-2391
-2508
-2445
-2205
-1801
-1260
-614
96
825
1524
2148
2651
2996
3153
3102
2836
2362
1696
871
-71
-1081
-2100
-3068
-3924
-4609
-5075
-5281
-5200
-4821
-4148
-3202
-2023
-663
811
2326
3800
5152
6301
7177
7721
7890
7659
7023
6002
4634
2979
1113
-872
-2880
-4805
-6546
-8007
-9106
-9778
-9979
-9688
-8911
-7678
-6046
-4090
-1908
394
2699
4891
6858
8497
9726
10481
10723
10441
9651
8395
6739
4771
2594
320
-1933
-4054
-5935
-7488
-8639
-9340
-9569
-9326
-8640
-7561
-6159
-4519
-2735
-908
865
2496
3906
5034
5837
6295
6409
6198
5702
4974
4077
3081
2057
1071
180
-567
-1142
-1528
-1727
-1756
-1644
-1433
-1169
-904
-684
-552
-539
-664
-930
-1326
-1825
-2387
-2959
-3484
-3900
-4149
-4179
-3951
-3441
-2643
-1572
-264
1223
2818
4432
5971
7336
8430
9168
9479
9315
8651
7492
5870
3846
1510
-1027
-3641
-6193
-8545
-10561
-12123
-13129
-13508
-13218
-12255
-10649
-8467
-5808
-2798
413
3666
6792
9630
12029
13862
15030
15467
15146
14078
12316
9946
7088
3887
505
-2888
-6123
-9038
-11490
-13362
-14569
-15058
-14818
-13872
-12280
-10134
-7551
-4668
-1633
1400
4285
6888
9090
10800
11954
12517
12486
11887
10775
9224
7329
5193
2929
647
-1548
-3564
-5322
-6761
-7839
-8536
-8850
-8795
-8402
-7713
-6780
-5656
-4401
-3068
-1710
-373
904
2089
3157
4089
4872
5496
5955
6244
6360
6301
6064
5649
5058
4296
3371
2300
1106
-182
-1526
-2880
-4193
-5407
-6465
-7308
-7884
-8146
-8061
-7609
-6788
-5615
-4126
-2377
-441
1594
3630
5561
7284
8700
9721
10277
10323
9836
8823
7323
5400
3146
674
-1887
-4399
-6723
-8725
-10288
-11316
-11740
-11525
-10671
-9215
-7230
-4819
-2112
740
3578
6239
8569
10430
11711
12331
12249
11464
10015
7981
5476
2644
-352
-3339
-6141
-8591
-10545
-11885
-12529
-12435
-11608
-10093
-7979
-5388
-2475
588
3619
6437
8873
10781
12045
12588
12377
11424
9785
7558
4876
1900
-1190
-4209
-6975
-9321
-11107
-12223
-12602
-12223
-11107
-9321
-6975
-4209
-1190
1900
4876
7558
9785
11424
12377
12588
12045
10781
8873
6437
3619
588
-2475
-5388
-7979
-10093
-11608
-12435
-12529
-11885
-10545
-8591
-6141
-3339
-352
2644
5476
7981
10015
11464
12249
12331
11711
10430
8569
6239
3578
740
-2112
-4819
-7230
-9215
-10671
-11525
-11740
-11316
-10288
-8725
-6723
-4399
-1887
674
3146
5400
7323
8823
9836
10323
10277
9721
8700
7284
5561
3630
1594
-441
-2377
-4126
-5615
-6788
-7609
-8061
-8146
-7884
-7308
-6465
-5407
-4193
-2880
-1526
-182
1106
2300
3371
4296
5058
5649
6064
6301
6360
6244
5955
5496
4872
4089
3157
2089
904
-373
-1710
-3068
-4401
-5656
-6780
-7713
-8402
-8795
-8850
-8536
-7839
-6761
-5322
-3564
-1548
647
2929
5193
7329
9224
10775
11887
12486
12517
11954
10800
9090
6888
4285
1400
-1633
-4668
-7551
-10134
-12280
-13872
-14818
-15058
-14569
-13362
-11490
-9038
-6123
-2888
505
3887
7088
9946
12316
14078
15146
15467
15030
13862
12029
9630
6792
3666
413
-2798
-5808
-8467
-10649
-12255
-13218
-13508
-13129
-12123
-10561
-8545
-6193
-3641
-1027
1510
3846
5870
7492
8651
9315
9479
9168
8430
7336
5971
4432
2818
1223
-264
-1572
-2643
-3441
-3951
-4179
-4149
-3900
-3484
-2959
-2387
-1825
-1326
-930
-664
-539
-552
-684
-904
-1169
-1433
-1644
-1756
-1727
-1528
-1142
-567
180
1071
2057
3081
4077
4974
5702
6198
6409
6295
5837
5034
3906
2496
865
-908
-2735
-4519
-6159
-7561
-8640
-9326
-9569
-9340
-8639
-7488
-5935
-4054
-1933
320
2594
4771
6739
8395
9651
10441
10723
10481
9726
8497
6858
4891
2699
394
-1908
-4090
-6046
-7678
-8911
-9688
-9979
-9778
-9106
-8007
-6546
-4805
-2880
-872
1113
2979
4634
6002
7023
7659
7890
7721
7177
6301
5152
3800
2326
811
-663
-2023
-3202
-4148
-4821
-5200
-5281
-5075
-4609
-3924
-3068
-2100
-1081
-71
871
1696
2362
2836
3102
3153
2996
2651
2148
1524
825
96
-614
-1260
-1801
-2205
-2445
-2508
-2391
-2100
-1653
-1076
-405
319
1054
1756
2379
2885
3240
3418
3405
3192
2787
2204
1469
618
-307
-1262
-2194
-3054
-3795
-4374
-4755
-4912
-4829
-4504
-3944
-3171
-2217
-1123
58
1273
2461
3564
4525
5294
5828
6097
6083
5780
5199
4363
3309
2086
750
-634
-2000
-3280
-4413
-5343
-6022
-6418
-6511
-6297
-5788
-5009
-4002
-2818
-1516
-164
1171
2423
3532
4444
5118
5527
5657
5510
5103
4467
3643
2683
1644
584
-436
-1366
-2158
-2777
-3199
-3414
-3424
-3246
-2906
-2442
-1896
-1314
-742
-223
204
515
691
727
629
418
120
-225
-579
-896
-1134
-1257
-1235
-1050
-696
-182
470
1226
2039
2854
3610
4248
4709
4942
4908
4581
3955
3040
1866
481
-1049
-2649
-4229
-5700
-6971
-7958
-8590
-8812
-8589
-7910
-6790
-5268
-3407
-1293
972
3276
5498
7519
9227
10524
11330
11592
11282
10405
8993
7109
4841
2300
-387
-3088
-5663
-7980
-9921
-11384
-12294
0
0
0
0
0
0
0
0
0
0
0
0
0
0
0
0
0
0
0
0
0
0
0
0
0
0
0
0
0
0
0
0
0
0
0
0
0
0
0
0
0
0
0
0
0
0
0
0
0
0
0
0
0
0
0
0
0
0
0
0
0
0
0
0
0
0
0
