0
4278
8485
12550
16402
19973
23203
26035
28419
30314
31684
32507
32766
32456
31581
30156
28203
25758
22860
19561
15917
11991
7852
3573
-771
-5106
-9352
-13436
-17284
-20829
-24006
-26759
-29038
-30801
-32015
-32660
-32720
-32196
-31094
-29434
-27244
-24563
-21439
-17925
-14087
-9991
-5712
-1327
3083
7441
11667
15683
19415
22796
25762
28259
30239
31667
32514
32764
32412
31462
29931
27847
25247
22178
18696
14865
10755
6443
2009
-2465
-6896
-11201
-15299
-19113
-22570
-25606
-28162
-30190
-31650
-32514
-32764
-32394
-31411
-29832
-27686
-25012
-21861
-18292
-14372
-10175
-5781
-1274
3259
7733
12062
16161
19951
23359
26318
28771
30668
31973
32659
32711
32127
30919
29107
26727
23823
20452
16679
12577
8226
3711
-879
-5455
-9926
-14204
-18204
-21846
-25058
-27775
-29942
-31516
-32464
-32766
-32415
-31417
-29790
-27567
-24790
-21514
-17805
-13736
-9388
-4849
-209
4437
8997
13377
17489
21248
24578
27411
29687
31359
32393
32765
32468
31507
29899
27676
24884
21579
17828
13707
9301
4700
0
-4703
-9311
-13729
-17864
-21629
-24947
-27746
-29968
-31566
-32503
-32761
-32332
-31225
-29460
-27076
-24119
-20653
-16748
-12488
-7961
-3263
1506
6246
10856
15238
19298
22949
26112
28719
30713
32051
32702
32651
31900
30461
28366
25658
22395
18646
14492
10022
5332
524
-4298
-9029
-13567
-17811
-21669
-25055
-27896
-30127
-31699
-32577
-32739
-32182
-30916
-28967
-26379
-23206
-19519
-15397
-10932
-6222
-1372
3511
8320
12945
17284
21240
24723
27655
29968
31611
32545
32748
32214
30954
28995
26381
23169
19431
15252
10724
5950
1038
-3899
-8751
-13405
-17757
-21705
-25159
-28038
-30277
-31822
-32637
-32702
-32014
-30588
-28456
-25665
-22280
-18377
-14047
-9388
-4509
477
5455
10308
14924
19194
23018
26305
28979
30974
32243
32756
32498
31476
29711
27244
24133
20449
16280
11722
6884
1880
-3170
-8148
-12935
-17416
-21484
-25041
-28000
-30291
-31856
-32659
-32677
-31909
-30373
-28105
-25157
-21600
-17520
-13013
-8189
-3163
1941
7001
11893
16499
20705
24407
27516
29953
31659
32589
32721
32049
30590
28377
25463
21921
17836
13307
8448
3377
-1780
-6896
-11843
-16499
-20746
-24479
-27603
-30040
-31727
-32621
-32699
-31957
-30413
-28105
-25088
-21439
-17247
-12618
-7668
-2522
2689
7836
12787
17416
21605
25247
28248
30530
32035
32723
32574
31592
29801
27244
23987
20112
15718
10917
5832
595
-4660
-9798
-14685
-19194
-23208
-26622
-29345
-31307
-32455
-32757
-32206
-30813
-28614
-25665
-22043
-17841
-13169
-8148
-2911
2405
7661
12717
17440
21705
25397
28419
30689
32146
32750
32483
31352
29385
26633
23169
19084
14487
9500
4255
-1105
-6439
-11603
-16457
-20870
-24723
-27911
-30346
-31961
-32712
-32578
-31559
-29684
-27001
-23582
-19519
-14922
-9916
-4636
771
6162
11386
16301
20770
24671
27896
30354
31977
32719
32558
31498
29565
26813
23317
19172
14492
9407
4058
-1405
-6833
-12073
-16978
-21411
-25247
-28377
-30713
-32188
-32760
-32410
-31148
-29007
-26047
-22351
-18021
-13179
-7961
-2516
3003
8440
13640
18454
22745
26389
29282
31340
32503
32737
32033
30409
27913
24613
20604
16000
10932
5547
0
-5550
-10942
-16021
-20637
-24657
-27963
-30458
-32068
-32745
-32468
-31244
-29107
-26118
-22364
-17952
-13013
-7689
-2137
3479
8997
14252
19090
23367
26955
29748
31662
32640
32650
31691
29790
27003
23411
19119
14256
8965
3403
-2262
-7862
-13230
-18204
-22633
-26385
-29345
-31423
-32556
-32707
-31871
-30072
-27362
-23823
-19561
-14703
-9397
-3803
1908
7565
12994
18030
22517
26318
29316
31419
32559
32702
31841
30001
27238
23635
19302
14372
8996
3339
-2422
-8112
-13553
-18577
-23026
-26761
-29667
-31650
-32648
-32629
-31591
-29565
-26615
-22829
-18327
-13249
-7752
-2009
3799
9491
14886
19815
24120
27666
30338
32052
32751
32412
31044
28690
25423
21345
16586
11295
5642
-193
-6025
-11667
-16938
-21669
-25706
-28920
-31206
-32489
-32726
-31909
-30063
-27244
-23544
-19081
-13998
-8460
-2644
3259
9060
14569
19606
24006
27626
30346
32075
32756
32366
30916
28451
25051
20827
15917
10480
4696
-1244
-7147
-12817
-18065
-22719
-26622
-29644
-31684
-32674
-32578
-31398
-29173
-25975
-21909
-17110
-11737
-5969
0
5972
11747
17130
21941
26016
29217
31436
32596
32657
31615
29504
26395
22390
17625
12260
6476
470
-5554
-11392
-16845
-21726
-25867
-29127
-31393
-32585
-32662
-31619
-29491
-26349
-22301
-17483
-12062
-6222
-166
5898
11762
17222
22088
26191
29387
31566
32648
32597
31411
29131
25835
21636
16679
11138
5205
-912
-7001
-12847
-18244
-23003
-26955
-29960
-31912
-32739
-32412
-30940
-28374
-24803
-20353
-15179
-9465
-3413
2763
8843
14612
19863
24407
28083
30758
32334
32755
32003
30103
27124
23169
18381
12929
7010
836
-5370
-11386
-16993
-21989
-26191
-29446
-31636
-32680
-32538
-31214
-28754
-25247
-20819
-15630
-9868
-3744
2518
8692
14551
19879
24480
28184
30855
32393
32739
31880
29845
26709
22585
17625
12011
5950
-333
-6607
-12639
-18204
-23094
-27128
-30152
-32055
-32763
-32248
-30528
-27666
-23767
-18976
-13473
-7461
-1167
5173
11322
17047
22132
26385
29644
31785
32724
32427
30901
28203
24435
19738
14288
8294
1981
-4409
-10635
-16457
-21654
-26025
-29402
-31656
-32697
-32485
-31027
-28377
-24634
-19943
-14481
-8460
-2109
4324
10594
16457
21686
26077
29459
31699
32710
32451
30929
28203
24378
19601
14056
7961
1552
-4919
-11201
-17047
-22227
-26537
-29806
-31906
-32751
-32307
-30590
-27666
-23648
-18696
-13002
-6791
-309
6187
12441
18204
23246
27366
30398
32222
32762
31995
29951
26709
22398
17189
11289
4935
-1619
-8112
-14281
-19879
-24678
-28486
-31147
-32552
-32643
-31416
-28917
-25247
-20553
-15023
-8882
-2378
4225
10659
16662
21989
26421
29777
31918
32756
32254
30432
27362
23169
18024
12137
5748
-879
-7473
-13762
-19485
-24407
-28323
-31070
-32533
-32650
-31414
-28875
-25136
-20353
-14721
-8475
-1874
4807
11292
17307
22602
26955
30182
32146
32765
32010
29911
26556
22083
16679
10571
4016
-2711
-9326
-15551
-21121
-25799
-29387
-31732
-32732
-32344
-30582
-27520
-23286
-18060
-12062
-5547
1206
7911
14280
20041
24947
28786
31393
32653
32513
30975
28105
24024
18906
12972
6476
-301
-7069
-13534
-19415
-24458
-28443
-31196
-32596
-32580
-31148
-28360
-24336
-19250
-13322
-6811
0
6813
13332
19269
24364
28393
31178
32594
32578
31129
28309
24241
19103
13120
6555
-301
-7147
-13680
-19609
-24671
-28641
-31340
-32648
-32505
-30916
-27948
-23735
-18460
-12360
-5706
1206
8067
14569
20421
25359
29162
31656
32728
32328
30473
27244
22786
17298
11027
4255
-2711
-9557
-15974
-21669
-26383
-29901
-32062
-32766
-31979
-29736
-26137
-21345
-15577
-9095
-2195
4807
11593
17850
23291
27666
30771
32464
32665
31362
28614
24546
19345
13249
6538
-477
-7473
-14125
-20126
-25196
-29098
-31650
-32732
-32292
-30349
-26991
-22374
-16712
-10266
-3339
3746
10659
17076
22694
27251
30530
32377
32702
31489
28793
24740
19519
13375
6597
-494
-7565
-14281
-20323
-25404
-29282
-31772
-32753
-32178
-30072
-26533
-21729
-15887
-9285
-2238
4919
11843
18204
23695
28052
31066
32589
32548
30942
27847
23411
17845
11416
4435
-2763
-9830
-16425
-22227
-26955
-30378
-32330
-32713
-31507
-28769
-24631
-19293
-13013
-6096
1120
8285
15047
21076
26077
29802
32068
32763
31850
29372
25451
20276
14101
7230
0
-7232
-14111
-20295
-25478
-29402
-31872
-32764
-32033
-29711
-25913
-20827
-14703
-7845
-595
6688
13640
19914
25196
29220
31785
32759
32093
29819
26047
20967
14832
7950
664
-6656
-13645
-19948
-25247
-29273
-31822
-32763
-32046
-29706
-25861
-20703
-14492
-7543
-209
7138
14125
20396
25629
29557
31977
32766
31880
29363
25342
20022
13674
6622
-771
-8129
-15071
-21240
-26318
-30042
-32219
-32734
-31559
-28754
-24461
-18901
-12360
-5177
2276
9615
16457
22447
27271
30678
32489
32608
31026
27825
23169
17302
10527
3199
-4298
-11573
-18244
-23960
-28419
-31387
-32705
-32302
-30198
-26501
-21406
-15179
-8148
-684
6817
13962
20369
25700
29668
32064
32757
31710
28975
24698
19103
12488
5205
-2358
-9798
-16717
-22745
-27557
-30894
-32577
-32513
-30703
-27244
-22319
-16192
-9191
-1693
5898
13175
19743
25247
29388
31941
32765
31816
29141
24884
19276
12618
5272
-2362
-9871
-16845
-22903
-27714
-31014
-32621
-32445
-30495
-26875
-21781
-15492
-8351
-749
6896
14165
20658
26016
29942
32220
32721
31417
28377
23767
17841
10926
3403
-4310
-11787
-18613
-24407
-28847
-31684
-32759
-32010
-29476
-25298
-19707
-13013
-5590
2148
9769
16845
22980
27828
31116
32659
32366
30254
26438
21133
14635
7310
-430
-8148
-15409
-21801
-26962
-30598
-32502
-32563
-30778
-27244
-22162
-15818
-8572
-836
6950
14343
20920
26305
30190
32350
32661
31103
27762
22829
16586
9388
1649
-6187
-13670
-20369
-25898
-29936
-32249
-32702
-31267
-28024
-23161
-16955
-9766
-2009
5867
13405
20168
25762
29860
32222
32709
31291
28049
23169
16936
9711
1916
-5992
-13553
-20323
-25904
-29968
-32275
-32687
-31179
-27837
-22855
-16527
-9222
-1372
6562
14111
20829
26318
30252
32397
32623
30916
27374
22206
15718
8294
373
-7571
-15067
-21669
-26980
-30683
-32556
-32483
-30469
-26631
-21197
-14492
-6916
1077
9009
16402
22811
27851
31216
32702
32218
29790
25564
19793
12824
5078
-2978
-10856
-18080
-24210
-28873
-31785
-32766
-31757
-28816
-24119
-17952
-10689
-2772
5316
13083
20053
25799
29968
32304
32662
31017
27469
22233
15630
8064
0
-8067
-15639
-22251
-27492
-31038
-32669
-32282
-29899
-25665
-19840
-12785
-4935
3223
11185
18454
24578
29176
31960
32754
31507
28295
23317
16881
9388
1306
-6859
-14599
-21426
-26913
-30713
-32587
-32415
-30206
-26096
-20343
-13307
-5431
2789
10837
18204
24423
29100
31937
32755
31498
28244
23199
16679
9099
938
-7285
-15047
-21854
-27271
-30951
-32659
-32282
-29844
-25497
-19519
-12290
-4271
4023
12062
19330
25359
29762
32252
32670
30984
27303
21861
15008
7184
-1105
-9326
-16947
-23474
-28484
-31650
-32766
-31757
-28687
-23753
-17274
-9670
-1435
6896
14781
21705
27215
30951
32666
32248
29720
25247
19119
11737
3583
-4807
-12886
-20121
-26035
-30239
-32455
-32534
-30469
-26395
-20578
-13400
-5336
3083
11302
18775
25007
29584
32200
32681
30992
27244
21684
14679
6695
-1736
-10055
-17706
-24178
-29038
-31959
-32744
-31340
-27837
-22468
-15592
-7668
771
9163
16942
23583
28641
31772
32764
31548
28203
22955
16155
8261
-193
-8637
-16499
-23246
-28419
-31667
-32766
-31641
-28366
-23161
-16378
-8479
0
8482
16388
23178
28387
31659
32766
31633
28334
23092
16267
8323
-193
-8699
-16610
-23382
-28547
-31748
-32764
-31521
-28105
-22748
-15818
-7793
771
9287
17161
23850
28887
31923
32744
31292
27666
22114
15023
6884
-1736
-10238
-18030
-24565
-29387
-32158
-32681
-30919
-26991
-21173
-13868
-5590
3083
11543
19194
25499
30012
32414
32534
30361
26047
19895
12336
3903
-4807
-13181
-20625
-26610
-30711
-32637
-32248
-29569
-24790
-18247
-10405
-1820
6896
15124
22277
27843
31423
32760
31757
28483
23169
16196
8060
-655
-9326
-17331
-24094
-29127
-32068
-32703
-30984
-27033
-21133
-13707
-5289
3511
12062
19743
25999
30374
32552
32371
29844
25150
18630
10754
2094
-6719
-15047
-22282
-27896
-31478
-32765
-31661
-28244
-22763
-15616
-7324
1506
10228
18204
24847
29668
32313
32585
30461
26096
19809
12062
3423
-5469
-13962
-21426
-27310
-31178
-32740
-31881
-28661
-23317
-16242
-7961
912
9721
17811
24578
29519
32265
32608
30520
26157
19840
12041
3339
-5613
-14150
-21629
-27492
-31296
-32755
-31758
-28377
-22863
-15630
-7219
1736
10564
18599
25234
29968
32443
32468
30041
25342
18725
10689
1842
-7147
-15598
-22868
-28404
-31785
-32751
-31227
-27327
-21345
-13736
-5078
3969
12717
20496
26712
30887
32702
32014
28875
23522
16364
7950
-1077
-10024
-18204
-24986
-29848
-32414
-32483
-30050
-25298
-18593
-10451
-1499
7571
16058
23305
28750
31969
32711
30916
26720
20449
12587
3744
-5391
-14111
-21734
-27666
-31442
-32766
-31533
-27837
-21964
-14372
-5653
3510
12401
20323
26654
30894
32710
31957
28692
23169
15822
7226
-1941
-10958
-19113
-25762
-30378
-32596
-32237
-29328
-24096
-16955
-8469
691
9799
18132
25028
29936
32465
32412
29778
24772
17791
9388
234
-8940
-17404
-24479
-29598
-32350
-32513
-30072
-25219
-18342
-9991
-836
8388
16942
24135
29387
32275
32563
30226
25451
18620
10283
1113
-8148
-16754
-24006
-29316
-32252
-32574
-30254
-25477
-18630
-10266
-1066
8222
16845
24098
29390
32286
32549
30156
25298
18372
9941
695
-8610
-17213
-24407
-29603
-32371
-32482
-29925
-24908
-17841
-9305
0
9307
17850
24924
29942
32491
32356
29546
24293
17028
8351
-1019
-10308
-18745
-25629
-30386
-32621
-32145
-28995
-23432
-15917
-7073
2362
11603
19879
26497
30903
32728
31816
28241
22301
14491
5464
-4023
-13175
-21224
-27492
-31451
-32766
-31324
-27244
-20868
-12732
-3519
5992
15001
22745
28568
31977
32682
30619
25962
19103
10622
1238
-8253
-17047
-24394
-29668
-32420
-32412
-29643
-24347
-16973
-8148
1373
10781
19269
26112
30723
32705
31886
28334
22351
14449
5304
-4298
-13534
-21608
-27826
-31650
-32749
-31026
-26627
-19930
-11510
-2094
7504
16457
23989
29446
32355
32460
29752
24461
17046
8148
-1459
-10942
-19477
-26318
-30870
-32732
-31742
-27983
-21780
-13674
-4371
5316
14541
22496
28484
31977
32669
30495
25645
18541
9807
209
-9410
-18204
-25397
-30356
-32640
-32046
-28625
-22675
-14721
-5464
4278
13645
21806
28038
31787
32719
30748
26047
19032
10324
695
-8997
-17892
-25196
-30256
-32621
-32077
-28669
-22701
-14703
-5389
4409
13816
21989
28193
31872
32694
30582
25725
18555
9715
0
-9718
-18563
-25739
-30598
-32699
-31850
-28126
-21861
-13619
-4144
5708
15047
23026
28920
32194
32549
29951
24631
17073
7961
-1876
-11547
-20168
-26955
-31287
-32766
-31257
-26894
-20073
-11416
-1713
8148
17267
24807
30076
32589
32113
28690
22632
14492
5018
-4919
-14407
-22570
-28657
-32104
-32591
-30072
-24775
-17189
-8012
1907
11653
20323
27113
31393
32763
31094
26539
19519
10683
852
-9060
-18132
-25519
-30530
-32697
-31816
-27965
-21503
-13031
-3339
6667
16052
23938
29584
32459
32292
29097
23169
15065
5543
-4501
-14125
-22423
-28612
-32108
-32578
-29977
-24546
-16798
-7461
2582
12385
21019
27666
31694
32721
30647
25665
18247
9095
-923
-10856
-19760
-26786
-31264
-32766
-31146
-26556
-19431
-10451
-470
9557
18675
26008
30855
32749
31507
27244
20368
11537
1595
-8501
-17784
-25359
-30497
-32702
-31758
-27754
-21074
-12360
-2451
7696
17103
24860
30215
32648
31922
28105
21563
12929
3039
-7147
-16643
-24525
-30025
-32607
-32016
-28309
-21844
-13249
-3359
6859
16412
24364
29939
32588
32050
28377
21924
13322
3413
-6833
-16412
-24382
-29960
-32596
-32028
-28309
-21804
-13150
-3199
7069
16643
24578
30089
32630
31946
28105
21482
12732
2719
-7565
-17103
-24947
-30318
-32680
-31797
-27754
-20951
-12062
-1970
8320
17784
25478
30633
32732
31565
27244
20200
11134
952
-9326
-18675
-26154
-31014
-32765
-31228
-26556
-19215
-9941
333
10578
19760
26955
31436
32749
30759
25665
17979
8475
-1887
-12062
-21019
-27851
-31864
-32650
-30126
-24546
-16475
-6728
3703
13762
22423
28806
32258
32427
29291
23169
14683
4696
-5772
-15653
-23938
-29777
-32571
-32033
-28214
-21503
-12587
-2378
8077
17706
25519
30711
32748
31416
26850
19519
10175
-219
-10594
-19879
-27113
-31549
-32726
-30520
-25157
-17189
-7439
3083
13289
22119
28657
32222
32441
29289
23092
14492
4381
-6187
-16114
-24364
-30076
-32652
-31820
-27666
-20619
-11416
-1017
9491
19008
26537
31287
32757
30792
25595
17709
7961
-2625
-12939
-21894
-28547
-32194
-32451
-29286
-23032
-14346
-4144
6498
16457
24678
30291
32699
31644
27238
19943
10531
0
-10533
-19951
-27251
-31656
-32694
-30254
-24592
-16309
-6286
4409
14637
23305
29487
32519
32077
28203
21312
12137
1660
-8997
-18692
-26385
-31248
-32757
-30748
-25434
-17383
-7461
3266
13645
22556
29038
32390
32248
28625
21909
12824
2351
-8378
-18204
-26061
-31098
-32765
-30880
-25645
-17625
-7689
3083
13524
22496
29023
32393
32235
28565
21780
12618
2077
-8692
-18516
-26318
-31245
-32755
-30681
-25247
-17046
-6975
3863
14280
23132
29446
32527
32033
28015
20915
11510
836
-9932
-19609
-27125
-31650
-32682
-30103
-24198
-15616
-5304
5596
15880
24407
30232
32705
31550
26894
19250
9465
-1373
-12062
-21411
-28379
-32188
-32412
-29022
-22395
-13267
-2656
8253
18244
26197
31222
32754
30619
25054
16679
6433
-4537
-15001
-23783
-29895
-32648
-31731
-27244
-19690
-9916
976
11762
21224
28293
32170
32415
28997
22301
13080
2378
-8595
-18599
-26497
-31393
-32729
-30352
-24528
-15917
-5494
5554
15974
24578
30386
32734
31352
26395
18425
8351
-2679
-13405
-22602
-29217
-32491
-32046
-27932
-20616
-10936
0
10939
20625
27944
32055
32482
29173
22507
13249
2462
-8610
-18692
-26622
-31481
-32707
-30156
-24119
-15293
-4696
6446
16845
25296
30817
32766
30916
25477
17079
6695
-4468
-15115
-24006
-30106
-32702
-31489
-26606
-18620
-8460
2689
13528
22788
29387
32552
31909
27532
19930
9991
-1120
-12103
-21669
-28693
-32350
-32208
-28280
-21025
-11295
-234
10856
20671
28052
32127
32412
28871
21921
12379
1372
-9799
-19815
-27487
-31906
-32545
-29328
-22632
-13249
-2291
8940
19113
27016
31708
32629
29666
23169
13911
2992
-8285
-18577
-26654
-31549
-32677
-29899
-23544
-14372
-3477
7836
18214
26411
31442
32702
30037
23764
14635
3744
-7598
-18030
-26293
-31393
-32711
-30086
-23833
-14703
-3796
7571
18026
26305
31405
32707
30050
23753
14577
3632
-7754
-18204
-26446
-31479
-32688
-29925
-23522
-14256
-3253
8148
18560
26712
31608
32650
29706
23135
13736
2656
-8751
-19090
-27095
-31785
-32581
-29385
-22585
-13013
-1842
9557
19786
27585
31994
32468
28947
21861
12081
809
-10564
-20637
-28166
-32219
-32293
-28377
-20951
-10932
440
11762
21629
28819
32437
32033
27653
19840
9561
-1907
-13142
-22745
-29519
-32621
-31661
-26755
-18514
-7961
3586
14689
23960
30239
32740
31148
25658
16955
6128
-5469
-16384
-25247
-30944
-32759
-30461
-24336
-15151
-4058
7546
18204
26572
31595
32638
29565
22763
13087
1756
-9798
-20118
-27896
-32148
-32332
-28424
-20915
-10754
771
12203
22088
29171
32552
31797
27001
18769
8148
-3511
-14727
-24069
-30346
-32754
-30984
-25260
-16309
-5272
6439
17331
26008
31359
32696
29845
23169
13521
2137
-9523
-19964
-27843
-32146
-32318
-28334
-20703
-10405
1234
12717
22564
29503
32637
31559
26407
17841
6968
-4807
-15965
-25058
-30909
-32757
-30361
-24028
-14577
-3233
8533
19194
27364
31977
32433
28669
21173
10917
-762
-12345
-22321
-29387
-32619
-31592
-26438
-17828
-6884
4961
16161
25247
31028
32744
30168
23635
13998
2522
-9287
-19879
-27860
-32179
-32265
-28105
-20242
-9711
2101
13640
23382
30040
32733
31103
25362
16267
5018
-6896
-17901
-26537
-31659
-32585
-29190
-21921
-11741
0
11743
21929
29201
32589
31641
26480
17791
6728
-5233
-16499
-25566
-31222
-32709
-29826
-22955
-13013
-1327
10537
20994
28641
32450
31909
27088
18630
7668
-4324
-15739
-25041
-30976
-32744
-30105
-23411
-13561
-1880
10055
20637
28436
32397
31982
27244
18822
7852
-4182
-15653
-25007
-30974
-32743
-30072
-23319
-13400
-1660
10308
20879
28612
32455
31881
26966
18377
7282
-4807
-16245
-25468
-31216
-32702
-29720
-22675
-12528
-664
11292
21705
29147
32596
31576
26225
17274
5950
-6193
-17489
-26383
-31650
-32564
-28995
-21433
-10917
1105
12978
23064
29968
32737
30984
24950
15465
3839
-8320
-19330
-27666
-32170
-32217
-27796
-19519
-8531
3643
15314
24860
30951
32739
29972
23032
12884
938
-11141
-21669
-29176
-32613
-31498
-25982
-16835
-5332
6918
18204
26944
31912
32410
28366
20343
9465
-2743
-14569
-24351
-30713
-32759
-30198
-23387
-13283
-1306
10856
21492
29100
32604
31507
25962
16748
5166
-7147
-18454
-27152
-32008
-32332
-28076
-19840
-8789
3510
15314
24947
31038
32720
29752
22551
12140
0
-12143
-22559
-29762
-32723
-31017
-24884
-15198
-3339
8998
20053
28242
32393
31908
26854
17952
6476
-5930
-17489
-26541
-31785
-32465
-28481
-20402
-9388
2978
14918
24714
30951
32730
29790
22554
12062
-172
-12385
-22811
-29942
-32746
-30813
-24421
-14492
-2462
9926
20879
28806
32556
31581
26021
16679
4912
-7571
-18956
-27585
-32200
-32127
-27374
-18630
-7167
5342
17076
26318
31719
32485
28504
20353
9222
-3259
-15267
-25041
-31147
-32687
-29434
-21861
-11077
1334
13553
23783
30517
32764
30189
23169
12736
423
-11953
-22570
-29860
-32743
-30792
-24293
-14202
-2009
10483
21426
29201
32652
31267
25247
15482
3419
-9153
-20369
-28563
-32514
-31633
-26047
-16586
-4654
7973
19415
27967
32350
31910
26709
17520
5712
-6950
-18577
-27428
-32179
-32116
-27244
-18292
-6597
6088
17864
26962
32015
32263
27666
18910
7310
-5391
-17284
-26579
-31872
-32366
-27983
-19380
-7852
4862
16845
26287
31760
32433
28203
19707
8226
-4501
-16550
-26094
-31684
-32472
-28334
-19895
-8434
4310
16402
26003
31651
32486
28377
19946
8475
-4288
-16402
-26016
-31662
-32478
-28334
-19861
-8351
4437
16550
26133
31717
32445
28203
19638
8060
-4756
-16845
-26351
-31812
-32386
-27983
-19276
-7602
5243
17284
26666
31941
32293
27666
18769
6975
-5898
-17864
-27071
-32095
-32157
-27244
-18113
-6176
6719
18577
27557
32265
31968
26709
17302
5205
-7702
-19415
-28111
-32434
-31710
-26047
-16326
-4058
8843
20369
28719
32588
31368
25247
15179
2736
-10137
-21426
-29364
-32705
-30922
-24293
-13853
-1238
11573
22570
30025
32764
30353
23169
12339
-434
-13142
-23783
-30678
-32739
-29638
-21861
-10632
2276
14829
25041
31296
32604
28754
20353
8727
-4282
-16616
-26318
-31849
-32328
-27676
-18630
-6622
6439
18480
27585
32302
31880
26381
16679
4318
-8734
-20396
-28806
-32620
-31227
-24845
-14492
-1820
11144
22329
29942
32763
30335
23047
12062
-859
-13645
-24243
-30951
-32688
-29173
-20967
-9388
3703
16202
26094
31785
32354
27709
18593
6476
-6688
-18775
-27832
-32393
-31718
-25913
-15915
-3339
9779
21317
29402
32723
30737
23764
12933
0
-12935
-23772
-30745
-32720
-29372
-21243
-9654
3510
16105
26077
31798
32332
27590
18342
6096
-7147
-19226
-28162
-32493
-31507
-25362
-15061
-2291
10856
22227
29953
32765
30198
22670
11416
-1716
-14569
-25028
-31370
-32548
-28366
-19509
-7435
5867
18204
27539
32330
31782
25982
15887
3163
-10086
-21669
-29667
-32753
-30413
-23032
-11831
1334
14281
24860
31312
32563
28403
19519
7387
-5976
-18347
-27666
-32377
-31693
-25725
-15465
-2622
10659
22164
29968
32766
30086
22374
10917
-2369
-15261
-25599
-31650
-32396
-27709
-18372
-5950
7473
19643
28516
32596
31195
24546
13765
664
-12550
-23653
-30771
-32702
-29116
-20616
-8634
4807
17440
27128
32230
31881
26137
15968
3092
-10308
-21966
-29901
-32766
-30072
-22272
-10689
2711
15653
25937
31812
32275
27244
17574
4908
-8595
-20637
-29162
-32712
-30681
-23411
-12140
1206
14349
25041
31451
32480
27948
18630
6117
-7445
-19735
-28641
-32634
-31026
-24089
-13013
301
13567
24501
31222
32570
28309
19172
6728
-6876
-19298
-28393
-32589
-31159
-24347
-13326
0
13328
24354
31166
32585
28360
19220
6748
-6896
-19347
-28443
-32604
-31103
-24198
-13087
301
13640
24608
31294
32533
28105
18778
6176
-7504
-19879
-28786
-32669
-30847
-23635
-12290
1206
14493
25247
31583
32389
27520
17828
5008
-8692
-20870
-29387
-32745
-30352
-22624
-10917
2711
15865
26229
31977
32094
26556
16335
3233
-10442
-22277
-30182
-32757
-29546
-21112
-8944
4807
17712
27483
32390
31559
25136
14256
845
-12717
-24026
-31070
-32598
-28334
-19032
-6345
7473
19964
28903
32697
30666
23169
11540
-2148
-15456
-26008
-31918
-32127
-26596
-16309
-3103
10659
22517
30346
32741
29270
20553
8148
-5719
-18563
-28078
-32552
-31179
-24202
-12874
771
14281
25223
31625
32332
27214
17189
4062
-9798
-21894
-30040
-32762
-29565
-21025
-8682
5233
18204
27882
32514
31257
24336
13002
-691
-14262
-25247
-31650
-32307
-27094
-16955
-3732
10171
22227
30239
32747
29289
20494
7961
-6025
-18915
-28356
-32621
-30929
-23586
-11931
1907
15400
26077
31982
32033
26215
15592
2109
-11762
-23479
-30889
-32629
-28377
-18910
-5966
8077
20637
29402
32756
30080
21861
9613
-4409
-17621
-27585
-32459
-31342
-24435
-13013
816
14497
25499
31785
32188
26631
16140
2656
-11322
-23203
-30782
-32650
-28456
-18976
-5969
8148
20755
29503
32763
29925
21514
9095
-5021
-18204
-27995
-32564
-31058
-23753
-12011
1977
15598
26305
32095
31880
25698
14703
952
-12978
-24480
-31393
-32418
-27360
-17165
-3744
10381
22559
30497
32702
28754
19394
6380
-7836
-20580
-29446
-32762
-29899
-21393
-8847
5370
18577
28275
32630
30814
23169
11138
-3003
-16579
-27016
-32334
-31523
-24733
-13249
751
14612
25700
31906
32048
26096
15179
1372
-12698
-24354
-31371
-32412
-27273
-16932
-3359
10856
23003
30758
32638
28280
18514
5205
-9101
-21669
-30089
-32747
-29131
-19930
-6905
7445
20371
29387
32762
29844
21189
8460
-5898
-19125
-28673
-32702
-30433
-22301
-9868
4468
17946
27963
32585
30916
23274
11134
-3159
-16845
-27275
-32428
-31305
-24119
-12260
1977
15833
26622
32247
31615
24845
13249
-923
-14918
-26016
-32055
-31858
-25461
-14105
0
14107
25468
31864
32046
25975
14832
792
-13405
-24986
-31684
-32188
-26395
-15435
-1452
12817
24578
31525
32292
26727
15917
1981
-12345
-24250
-31393
-32366
-26976
-16280
-2378
11993
24006
31293
32415
27148
16527
2644
-11762
-23850
-31230
-32442
-27244
-16660
-2779
11653
23783
31206
32451
27267
16679
2783
-11667
-23806
-31222
-32441
-27217
-16586
-2656
11803
23919
31277
32412
27094
16378
2398
-12062
-24120
-31370
-32361
-26894
-16056
-2009
12441
24407
31496
32285
26615
15616
1488
-12939
-24777
-31650
-32178
-26251
-15055
-836
13553
25223
31826
32033
25797
14372
52
-14280
-25739
-32015
-31841
-25247
-13561
863
15115
26318
32208
31592
24592
12618
-1908
-16052
-26950
-32393
-31276
-23823
-11540
3083
17085
27622
32556
30880
22932
10324
-4384
-18204
-28323
-32682
-30389
-21909
-8965
5807
19399
29038
32755
29790
20744
7461
-7347
-20658
-29748
-32757
-29067
-19428
-5811
8997
21966
30436
32669
28203
17952
4016
-10746
-23305
-31079
-32468
-27184
-16309
-2077
12583
24657
31656
32135
25992
14491
0
-14493
-25999
-32139
-31644
-24613
-12494
2208
16457
27304
32503
30975
23032
10317
-4537
-18454
-28547
-32719
-30103
-21238
-7961
6971
20458
29694
32757
29007
19220
5431
-9491
-22439
-30713
-32587
-27666
-16973
-2736
12073
24364
31568
32177
26060
14492
-108
-14689
-26197
-32222
-31498
-24174
-11781
3083
17304
27896
32634
30520
21996
8847
-6162
-19879
-29416
-32766
-29219
-19519
-5706
9311
22368
30711
32578
27570
16743
2378
-12491
-24723
-31732
-32033
-25558
-13674
1105
15653
26888
32428
31095
23169
10328
-4707
-18745
-28806
-32750
-29736
-20402
-6728
8378
21705
30414
32650
27932
17262
2911
-12062
-24465
-31651
-32083
-25665
-13765
1077
15692
26955
32455
31012
22932
9941
-5180
-19194
-29098
-32765
-29406
-19738
-5832
9326
22486
30817
32526
27244
16102
1495
-13436
-25478
-32035
-31693
-24521
-12062
2999
17416
28078
32680
30226
21243
7668
-7565
-21167
-30192
-32685
-28105
-17438
-2992
12103
24578
31727
31995
25321
13150
-1876
-16499
-27539
-32596
-30567
-21889
-8448
6833
20630
29936
32722
28377
17845
3419
-11753
-24364
-31659
-32040
-25423
-13249
1823
16499
27568
32607
30508
21729
8189
-7147
-20920
-30108
-32693
-28105
-17347
-2779
12401
24860
31856
31850
24838
12360
-2839
-17416
-28160
-32702
-30037
-20749
-6884
8501
22013
30668
32552
27244
15915
1066
-14020
-26008
-32243
-31342
-23500
-10451
4915
19194
29220
32766
29042
18871
4509
-10856
-23813
-31479
-32147
-25665
-13473
1720
16533
27666
32637
30335
21271
7461
-8015
-21705
-30552
-32578
-27327
-15968
-1038
14125
26133
32294
31228
23169
9920
-5554
-19786
-29584
-32748
-28565
-17970
-3339
12043
24723
31849
31816
24627
11897
-3511
-18132
-28673
-32755
-29458
-19519
-5177
10334
23516
31393
32182
25702
13414
-1907
-16800
-27896
-32682
-30072
-20653
-6555
9029
22570
30997
32395
26445
14492
-751
-15827
-27310
-32589
-30461
-21406
-7481
8148
21926
30713
32507
26894
15151
-48
-15238
-26955
-32522
-30664
-21804
-7961
7702
21608
30575
32549
27076
15403
202
-15047
-26852
-32503
-30703
-21861
-8002
7696
21629
30598
32538
27001
15255
0
-15257
-27007
-32541
-30582
-21579
-7602
8129
21989
30779
32468
26664
14703
-655
-15865
-27411
-32621
-30288
-20948
-6758
8997
22672
31098
32318
26047
13736
-1763
-16855
-28038
-32713
-29790
-19946
-5464
10289
23653
31516
32046
25116
12336
-3319
-18204
-28847
-32766
-29042
-18541
-3711
11987
24889
31977
31593
23823
10480
-5316
-19871
-29777
-32711
-27983
-16697
-1495
14059
26318
32404
30885
22114
8148
-7733
-21801
-30745
-32460
-26539
-14372
1180
16457
27860
32699
29832
19930
5325
-10537
-23916
-31650
-31910
-24631
-11530
4298
19113
29409
32747
28334
17210
2009
-13670
-26112
-32365
-30942
-22178
-8148
7817
21929
30833
32412
26285
13907
-1780
-17047
-28259
-32743
-29429
-19103
-4222
11667
24777
31977
31548
23586
9991
-5992
-20546
-30192
-32619
-27244
-15350
219
15739
27492
32660
30001
20149
5464
-10533
-24006
-31719
-31816
-24270
-10892
5106
19879
29873
32681
27625
15917
373
-15261
-27221
-32621
-30156
-20416
-5748
10308
23879
31684
31836
24293
10875
-5173
-19973
-29942
-32665
-27477
-15633
0
15636
27483
32666
29925
19920
5078
-10999
-24407
-31886
-31615
-23656
-9941
6193
20824
30386
32549
26782
14487
-1341
-16845
-28242
-32749
-29262
-18630
-3445
12583
25539
32252
31078
22301
8064
-8148
-22368
-31111
-32231
-25451
-12429
3643
18824
29387
32737
28047
16465
836
-15001
-27152
-32625
-30072
-20115
-5205
10989
24479
31937
31523
23335
9388
-6876
-21447
-30723
-32412
-26092
-13322
2743
18132
29038
32759
28371
16955
1338
-14612
-26944
-32596
-30164
-20247
-5304
10958
24501
31960
31477
23169
9099
-7236
-21774
-30894
-32323
-25702
-12676
3510
18824
29446
32724
27837
16000
166
-15711
-27666
-32707
-29572
-19041
-3744
12491
25602
32304
30916
21780
7184
-9215
-23305
-31551
-31880
-24205
-10451
5930
20824
30486
32483
26311
13518
-2679
-18204
-29147
-32749
-28098
-16364
-502
15488
27574
32702
29574
18976
3583
-12717
-25806
-32371
-30748
-21345
-6538
9926
23879
31785
31636
23467
9346
-7147
-21830
-30974
-32254
-25342
-11991
4409
19692
29968
32623
26976
14462
-1736
-17495
-28798
-32764
-28377
-16752
-852
15267
27492
32699
29554
18857
3339
-13034
-26077
-32450
-30520
-20777
-5712
10817
24578
32042
31291
22515
7961
-8637
-23021
-31496
-31881
-24075
-10079
6509
21426
30833
32307
25463
12062
-4448
-19815
-30076
-32585
-26689
-13907
2465
18204
29244
32732
27762
15616
-569
-16610
-28356
-32765
-28692
-17189
-1231
15047
27428
32699
29490
18630
2932
-13528
-26478
-32552
-30168
-19943
-4530
12062
25519
32337
30737
21133
6022
-10659
-24565
-32068
-31208
-22206
-7407
9326
23628
31760
31593
23169
8686
-8070
-22719
-31423
-31903
-24028
-9858
6896
21846
31070
32147
24790
10926
-5807
-21019
-30711
-32336
-25461
-11891
4807
20244
30356
32478
26047
12755
-3899
-19528
-30012
-32581
-26556
-13521
3083
18877
29687
32654
26991
14192
-2362
-18294
-29387
-32703
-27360
-14769
1736
17784
29119
32734
27666
15255
-1206
-17349
-28887
-32752
-27913
-15652
771
16993
28695
32761
28105
15962
-434
-16717
-28547
-32765
-28244
-16186
193
16523
28443
32766
28334
16326
-48
-16412
-28387
-32766
-28374
-16382
0
0
0
0
0
0
0
0
0
0
0
0
0
0
0
0
0
0
0
0
0
0
0
0
0
0
0
0
0
0
0
0
0
0
0
0
0
0
0
0
0
0
0
0
0
0
0
0
0
0
0
0
0
0
0
0
0
0
0
0
0
0
0
0
0
0
0
0
0
0
0
0
0
0
0
0
0
0
0
0
0
0
0
0
0
0
0
0
0
0
0
0
0
0
0
0
0
0
0
0
0
0
0
0
0
0
0
0
0
0
0
0
0
0
0
0
0
0
0
0
0
0
0
0
0
0
0
0
0
0
0
0
0
0
0
0
0
0
0
0
0
0
0
0
0
0
0
0
0
0
0
0
0
0
0
0
0
0
0
0
0
0
0
0
0
0
0
0
0
0
0
0
0
0
0
0
0
0
0
0
0
0
0
0
0
0
0
0
0
0
0
0
0
0
0
0
0
0
0
0
0
0
0
0
0
0
0
0
0
0
0
0
0
0
0
0
0
0
0
0
0
0
0
0
0
0
0
0
0
0
0
0
0
0
0
0
0
0
0
0
0
0
0
0
0
0
0
0
0
0
0
0
0
0
0
0
0
0
0
0
0
0
0
0
0
0
0
0
0
0
0
0
0
0
0
0
0
0
0
0
0
0
0
0
0
0
0
0
0
0
0
0
0
0
0
0
0
0
0
0
0
0
0
0
0
0
0
0
0
0
0
0
0
0
0
0
0
0
0
0
0
0
0
0
0
0
0
0
0
0
0
0
0
0
0
0
0
0
0
0
0
0
0
0
0
0
0
0
0
0
0
0
0
0
0
0
0
0
0
0
0
0
0
0
0
0
0
0
0
0
0
0
0
0
0
0
0
0
0
0
0
0
0
0
0
0
0
0
0
0
0
0
0
0
0
0
0
0
0
0
0
0
0
0
0
0
0
0
0
0
0
0
0
0
0
0
0
0
0
0
0
0
0
0
0
0
0
0
0
0
0
0
0
0
0
0
0
0
0
0
0
0
0
0
0
0
0
0
0
0
0
0
0
0
0
0
0
0
0
0
0
0
0
0
0
0
0
0
0
0
0
0
0
0
0
0
0
0
0
0
0
0
0
0
0
0
0
0
0
0
0
0
0
0
0
0
0
0
0
0
0
0
0
0
0
0
0
0
0
0
0
0
0
0
0
0
0
0
0
0
0
0
0
0
0
0
0
0
0
0
0
0
0
0
0
0
0
0
0
0
0
0
0
0
0
0
0
0
0
0
0
0
0
0
0
0
0
0
0
0
0
0
0
0
0
0
0
0
0
0
0
0
0
0
0
0
0
0
0
0
0
0
0
0
0
0
0
0
0
0
0
0
0
0
0
0
0
0
0
0
0
0
0
0
0
0
0
0
0
0
0
0
0
0
0
0
0
0
0
0
0
0
0
0
0
0
0
0
0
0
0
0
0
0
0
0
0
0
0
0
0
0
0
0
0
0
0
0
0
0
0
0
0
0
0
0
0
0
0
0
0
0
0
0
0
0
0
0
0
0
0
0
0
0
0
0
0
0
0
0
0
0
0
0
0
0
0
0
0
0
0
0
0
0
0
0
0
0
0
0
0
0
0
0
0
0
0
0
0
0
0
0
0
0
0
0
0
0
0
0
0
0
0
0
0
0
0
0
0
0
0
0
0
0
0
0
0
0
0
0
0
0
0
0
0
0
0
0
0
0
0
0
0
0
0
0
0
0
0
0
0
0
0
0
0
0
0
0
0
0
0
0
0
0
0
0
0
0
0
0
0
0
0
0
0
0
0
0
0
0
0
0
0
0
0
0
0
0
0
0
0
0
0
0
0
0
0
0
0
0
0
0
0
0
0
0
0
0
0
0
0
0
0
0
0
0
0
0
0
0
0
0
0
0
0
0
0
0
0
0
0
0
0
0
0
0
0
0
0
0
0
0
0
0
0
0
0
0
0
0
0
0
0
0
0
0
0
0
0
0
0
0
0
0
0
0
0
0
0
0
0
0
0
0
0
0
0
0
0
0
0
0
0
0
0
0
0
0
0
0
0
0
0
0
0
0
0
0
0
0
0
0
0
0
0
0
0
0
0
0
0
0
0
0
0
0
0
0
0
0
0
0
0
0
0
0
0
0
0
0
0
0
0
0
0
0
0
0
0
0
0
0
0
0
0
0
0
0
0
0
18203
17784
16546
14548
11881
8671
5067
1237
-2641
-6389
-9833
-12815
-15199
-16877
-17775
-17855
-17117
-15600
-13378
-10557
-7272
-3676
62
3772
7282
10435
13088
15125
16458
17035
16836
15880
14217
11933
9138
5966
2565
-907
-4295
-7445
-10219
-12499
-14191
-15227
-15574
-15228
-14216
-12598
-10455
-7895
-5038
-2017
1030
3971
6677
9038
10957
12363
13208
13470
13154
12290
10930
9148
7032
4682
2205
-290
-2700
-4927
-6884
-8500
-9723
-10517
-10867
-10776
-10266
-9374
-8152
-6662
-4973
-3159
-1295
546
2299
3902
5305
6467
7359
7964
8274
8294
8038
7526
6788
5855
4765
3558
2272
947
-377
-1666
-2886
-4006
-4997
-5836
-6503
-6979
-7251
-7311
-7154
-6780
-6195
-5408
-4436
-3301
-2032
-662
769
2219
3640
4983
6198
7237
8054
8610
8872
8817
8433
7720
6690
5371
3801
2033
129
-1838
-3793
-5656
-7347
-8790
-9917
-10671
-11009
-10904
-10349
-9353
-7947
-6181
-4121
-1848
544
2957
5285
7427
9286
10778
11830
12391
12428
11933
10922
9432
7525
5280
2793
173
-2465
-5005
-7334
-9347
-10953
-12081
-12679
-12720
-12204
-11154
-9618
-7669
-5394
-2900
-299
2288
4746
6964
8843
10301
11278
11733
11655
11053
9966
8451
6586
4464
2190
-125
-2375
-4454
-6268
-7737
-8802
-9422
-9580
-9282
-8557
-7454
-6039
-4393
-2606
-771
1015
2668
4105
5263
6092
6563
6666
6411
5829
4966
3882
2649
1343
43
-1174
-2240
-3098
-3701
-4024
-4055
-3803
-3292
-2563
-1671
-677
347
1332
2210
2919
3408
3640
3594
3267
2672
1842
822
-325
-1532
-2722
-3818
-4747
-5443
-5850
-5930
-5661
-5040
-4087
-2838
-1349
306
2046
3779
5410
6847
8005
8809
9203
9149
8632
7660
6265
4502
2447
192
-2157
-4488
-6685
-8636
-10238
-11404
-12066
-12178
-11722
-10704
-9161
-7155
-4771
-2114
695
3528
6252
8738
10865
12529
13646
14158
14033
13270
11898
9973
7581
4827
1835
-1259
-4314
-7191
-9757
-11894
-13504
-14513
-14874
-14573
-13622
-12067
-9979
-7454
-4610
-1576
1509
4506
7281
9709
11685
13123
13965
14179
13764
12746
11179
9143
6737
4074
1279
-1517
-4192
-6626
-8714
-10369
-11526
-12145
-12211
-11735
-10753
-9322
-7521
-5443
-3190
-870
1407
3540
5437
7017
8220
9005
9351
9261
8756
7878
6684
5245
3640
1954
270
-1328
-2771
-3996
-4954
-5613
-5958
-5990
-5725
-5197
-4448
-3533
-2511
-1444
-394
581
1433
2119
2612
2895
2965
2831
2515
2050
1475
835
180
-444
-993
-1427
-1716
-1841
-1790
-1567
-1184
-666
-47
634
1332
1999
2589
3059
3370
3494
3413
3119
2616
1923
1066
86
-971
-2053
-3103
-4063
-4880
-5505
-5897
-6025
-5873
-5434
-4718
-3749
-2563
-1209
256
1769
3260
4660
5902
6924
7674
8111
8206
7946
7335
6390
5145
3649
1962
153
-1701
-3523
-5232
-6753
-8018
-8968
-9558
-9758
-9555
-8950
-7966
-6637
-5017
-3170
-1171
897
2951
4903
6673
8185
9375
10191
10597
10573
10119
9251
8002
6422
4574
2533
382
-1790
-3897
-5852
-7574
-8992
-10049
-10701
-10922
-10701
-10049
-8992
-7574
-5852
-3897
-1790
382
2533
4574
6422
8002
9251
10119
10573
10597
10191
9375
8185
6673
4903
2951
897
-1171
-3170
-5017
-6637
-7966
-8950
-9555
-9758
-9558
-8968
-8018
-6753
-5232
-3523
-1701
153
1962
3649
5145
6390
7335
7946
8206
8111
7674
6924
5902
4660
3260
1769
256
-1209
-2563
-3749
-4718
-5434
-5873
-6025
-5897
-5505
-4880
-4063
-3103
-2053
-971
86
1066
1923
2616
3119
3413
3494
3370
3059
2589
1999
1332
634
-47
-666
-1184
-1567
-1790
-1841
-1716
-1427
-993
-444
180
835
1475
2050
2515
2831
2965
2895
2612
2119
1433
581
-394
-1444
-2511
-3533
-4448
-5197
-5725
-5990
-5958
-5613
-4954
-3996
-2771
-1328
270
1954
3640
5245
6684
7878
8756
9261
9351
9005
8220
7017
5437
3540
1407
-870
-3190
-5443
-7521
-9322
-10753
-11735
-12211
-12145
-11526
-10369
-8714
-6626
-4192
-1517
1279
4074
6737
9143
11179
12746
13764
14179
13965
13123
11685
9709
7281
4506
1509
-1576
-4610
-7454
-9979
-12067
-13622
-14573
-14874
-14513
-13504
-11894
-9757
-7191
-4314
-1259
1835
4827
7581
9973
11898
13270
14033
14158
13646
12529
10865
8738
6252
3528
695
-2114
-4771
-7155
-9161
-10704
-11722
-12178
-12066
-11404
-10238
-8636
-6685
-4488
-2157
192
2447
4502
6265
7660
8632
9149
9203
8809
8005
6847
5410
3779
2046
306
-1349
-2838
-4087
-5040
-5661
-5930
-5850
-5443
-4747
-3818
-2722
-1532
-325
822
1842
2672
3267
3594
3640
3408
2919
2210
1332
347
-677
-1671
-2563
-3292
-3803
-4055
-4024
-3701
-3098
-2240
-1174
43
1343
2649
3882
4966
5829
6411
6666
6563
6092
5263
4105
2668
1015
-771
-2606
-4393
-6039
-7454
-8557
-9282
-9580
-9422
-8802
-7737
-6268
-4454
-2375
-125
2190
4464
6586
8451
9966
11053
11655
11733
11278
10301
8843
6964
4746
2288
-299
-2900
-5394
-7669
-9618
-11154
-12204
-12720
-12679
-12081
-10953
-9347
-7334
-5005
-2465
173
2793
5280
7525
9432
10922
11933
12428
12391
11830
10778
9286
7427
5285
2957
544
-1848
-4121
-6181
-7947
-9353
-10349
-10904
-11009
-10671
-9917
-8790
-7347
-5656
-3793
-1838
129
2033
3801
5371
6690
7720
8433
8817
8872
8610
8054
7237
6198
4983
3640
2219
769
-662
-2032
-3301
-4436
-5408
-6195
-6780
-7154
-7311
-7251
-6979
-6503
-5836
-4997
-4006
-2886
-1666
-377
947
2272
3558
4765
5855
6788
7526
8038
8294
8274
7964
7359
6467
5305
3902
2299
546
-1295
-3159
-4973
-6662
-8152
-9374
-10266
-10776
-10867
-10517
-9723
-8500
-6884
-4927
-2700
-290
2205
4682
7032
9148
10930
12290
13154
13470
13208
12363
10957
9038
6677
3971
1030
-2017
-5038
-7895
-10455
-12598
-14216
-15228
-15574
-15227
-14191
-12499
-10219
-7445
-4295
-907
2565
5966
9138
11933
14217
15880
16836
17035
16458
15125
13088
10435
7282
3772
62
-3676
-7272
-10557
-13378
-15600
-17117
-17855
-17775
-16877
-15199
-12815
-9833
-6389
-2641
1237
5067
8671
11881
14548
16546
17784
0
0
0
0
0
0
0
0
0
0
0
0
0
0
0
0
0
0
0
0
0
0
0
0
0
0
0
0
0
0
0
0
0
0
0
0
0
0
0
0
0
0
0
0
0
0
0
0
0
0
0
0
0
0
0
0
0
0
0
0
0
0
0
0
0
0
0
-18203
-17753
-16426
-14287
-11444
-8038
-4238
-234
3774
7590
11023
13903
16089
17473
17989
17614
16368
14316
11563
8248
4537
617
-3316
-7068
-10451
-13300
-15474
-16869
-17418
-17099
-15931
-13977
-11338
-8150
-4574
-792
3005
6631
9903
12661
14769
16126
16668
16374
15263
13395
10869
7815
4390
766
-2871
-6343
-9475
-12113
-14127
-15422
-15936
-15649
-14580
-12789
-10368
-7442
-4162
-693
2789
6114
9114
11643
13578
14827
15331
15070
14063
12365
10063
7276
4144
825
-2515
-5713
-8614
-11075
-12980
-14238
-14795
-14627
-13748
-12207
-10084
-7487
-4546
-1405
1780
4857
7680
10114
12047
13391
14089
14114
13472
12202
10371
8072
5419
2542
-421
-3332
-6054
-8464
-10454
-11939
-12858
-13179
-12897
-12035
-10643
-8795
-6583
-4115
-1508
1118
3646
5964
7973
9593
10761
11436
11603
11268
10459
9225
7632
5758
3694
1532
-631
-2706
-4609
-6267
-7620
-8624
-9252
-9493
-9353
-8854
-8031
-6930
-5606
-4121
-2537
-919
671
2177
3550
4747
5735
6492
7003
7265
7281
7063
6630
6004
5213
4286
3255
2151
1006
-148
-1284
-2372
-3387
-4304
-5101
-5758
-6257
-6584
-6726
-6676
-6427
-5980
-5340
-4517
-3527
-2392
-1142
190
1566
2941
4268
5499
6586
7482
8146
8541
8639
8424
7887
7036
5889
4477
2844
1047
-850
-2777
-4657
-6413
-7968
-9254
-10210
-10785
-10945
-10671
-9962
-8836
-7327
-5490
-3391
-1113
1254
3615
5870
7924
9687
11081
12043
12525
12502
11967
10936
9448
7560
5346
2898
314
-2297
-4829
-7174
-9234
-10922
-12168
-12918
-13143
-12832
-11998
-10679
-8930
-6824
-4450
-1908
695
3254
5663
7825
9654
11077
12043
12516
12484
11956
10959
9542
7769
5716
3472
1130
-1215
-3470
-5547
-7369
-8868
-9994
-10713
-11006
-10873
-10332
-9414
-8165
-6643
-4913
-3048
-1120
794
2627
4313
5796
7029
7976
8615
8934
8934
8625
8031
7183
6117
4878
3512
2069
597
-854
-2242
-3525
-4667
-5638
-6414
-6976
-7314
-7423
-7304
-6965
-6418
-5681
-4777
-3733
-2578
-1345
-70
1209
2459
3640
4717
5656
6426
7000
7356
7478
7356
6990
6384
5553
4519
3311
1967
530
-952
-2428
-3845
-5150
-6292
-7226
-7913
-8320
-8426
-8221
-7705
-6893
-5810
-4491
-2986
-1348
359
2072
3721
5241
6570
7652
8443
8908
9026
8789
8205
7295
6096
4654
3028
1284
-507
-2272
-3940
-5442
-6717
-7714
-8394
-8731
-8715
-8348
-7651
-6654
-5404
-3955
-2371
-718
933
2515
3964
5222
6241
6984
7428
7562
7388
6923
6194
5240
4107
2849
1522
183
-1110
-2308
-3364
-4241
-4911
-5355
-5567
-5550
-5316
-4888
-4294
-3569
-2750
-1878
-992
-128
677
1399
2013
2503
2862
3086
3180
3155
3023
2803
2515
2178
1813
1438
1069
719
397
110
-141
-356
-540
-697
-834
-956
-1070
-1181
-1292
-1402
-1511
-1613
-1702
-1770
-1808
-1806
-1755
-1647
-1477
-1242
-942
-582
-171
280
757
1240
1710
2144
2523
2826
3035
3137
3121
2982
2722
2345
1864
1296
663
-10
-698
-1369
-1996
-2552
-3012
-3356
-3568
-3640
-3568
-3356
-3012
-2552
-1996
-1369
-698
-10
663
1296
1864
2345
2722
2982
3121
3137
3035
2826
2523
2144
1710
1240
757
280
-171
-582
-942
-1242
-1477
-1647
-1755
-1806
-1808
-1770
-1702
-1613
-1511
-1402
-1292
-1181
-1070
-956
-834
-697
-540
-356
-141
110
397
719
1069
1438
1813
2178
2515
2803
3023
3155
3180
3086
2862
2503
2013
1399
677
-128
-992
-1878
-2750
-3569
-4294
-4888
-5316
-5550
-5567
-5355
-4911
-4241
-3364
-2308
-1110
183
1522
2849
4107
5240
6194
6923
7388
7562
7428
6984
6241
5222
3964
2515
933
-718
-2371
-3955
-5404
-6654
-7651
-8348
-8715
-8731
-8394
-7714
-6717
-5442
-3940
-2272
-507
1284
3028
4654
6096
7295
8205
8789
9026
8908
8443
7652
6570
5241
3721
2072
359
-1348
-2986
-4491
-5810
-6893
-7705
-8221
-8426
-8320
-7913
-7226
-6292
-5150
-3845
-2428
-952
530
1967
3311
4519
5553
6384
6990
7356
7478
7356
7000
6426
5656
4717
3640
2459
1209
-70
-1345
-2578
-3733
-4777
-5681
-6418
-6965
-7304
-7423
-7314
-6976
-6414
-5638
-4667
-3525
-2242
-854
597
2069
3512
4878
6117
7183
8031
8625
8934
8934
8615
7976
7029
5796
4313
2627
794
-1120
-3048
-4913
-6643
-8165
-9414
-10332
-10873
-11006
-10713
-9994
-8868
-7369
-5547
-3470
-1215
1130
3472
5716
7769
9542
10959
11956
12484
12516
12043
11077
9654
7825
5663
3254
695
-1908
-4450
-6824
-8930
-10679
-11998
-12832
-13143
-12918
-12168
-10922
-9234
-7174
-4829
-2297
314
2898
5346
7560
9448
10936
11967
12502
12525
12043
11081
9687
7924
5870
3615
1254
-1113
-3391
-5490
-7327
-8836
-9962
-10671
-10945
-10785
-10210
-9254
-7968
-6413
-4657
-2777
-850
1047
2844
4477
5889
7036
7887
8424
8639
8541
8146
7482
6586
5499
4268
2941
1566
190
-1142
-2392
-3527
-4517
-5340
-5980
-6427
-6676
-6726
-6584
-6257
-5758
-5101
-4304
-3387
-2372
-1284
-148
1006
2151
3255
4286
5213
6004
6630
7063
7281
7265
7003
6492
5735
4747
3550
2177
671
-919
-2537
-4121
-5606
-6930
-8031
-8854
-9353
-9493
-9252
-8624
-7620
-6267
-4609
-2706
-631
1532
3694
5758
7632
9225
10459
11268
11603
11436
10761
9593
7973
5964
3646
1118
-1508
-4115
-6583
-8795
-10643
-12035
-12897
-13179
-12858
-11939
-10454
-8464
-6054
-3332
-421
2542
5419
8072
10371
12202
13472
14114
14089
13391
12047
10114
7680
4857
1780
-1405
-4546
-7487
-10084
-12207
-13748
-14627
-14795
-14238
-12980
-11075
-8614
-5713
-2515
825
4144
7276
10063
12365
14063
15070
15331
14827
13578
11643
9114
6114
2789
-693
-4162
-7442
-10368
-12789
-14580
-15649
-15936
-15422
-14127
-12113
-9475
-6343
-2871
766
4390
7815
10869
13395
15263
16374
16668
16126
14769
12661
9903
6631
3005
-792
-4574
-8150
-11338
-13977
-15931
-17099
-17418
-16869
-15474
-13300
-10451
-7068
-3316
617
4537
8248
11563
14316
16368
17614
17989
17473
16089
13903
11023
7590
3774
-234
-4238
-8038
-11444
-14287
-16426
-17753
0
0
0
0
0
0
0
0
0
0
0
0
0
0
0
0
0
0
0
0
0
0
0
0
0
0
0
0
0
0
0
0
0
0
0
0
0
0
0
0
0
0
0
0
0
0
0
0
0
0
0
0
0
0
0
0
0
0
0
0
0
0
0
0
0
0
0
-18203
-17811
-16652
-14778
-12274
-9251
-5846
-2211
1493
5104
8464
11427
13867
15685
16807
17196
16844
15779
14061
11776
9036
5969
2717
-572
-3756
-6699
-9277
-11390
-12959
-13933
-14289
-14033
-13199
-11844
-10048
-7907
-5530
-3029
-520
1887
4095
6018
7588
8759
9504
9819
9719
9238
8425
7343
6060
4649
3184
1733
359
-887
-1966
-2853
-3534
-4011
-4294
-4406
-4376
-4236
-4021
-3764
-3494
-3234
-2999
-2797
-2625
-2473
-2324
-2157
-1947
-1668
-1297
-818
-219
500
1332
2256
3240
4245
5221
6113
6865
7419
7725
7737
7423
6765
5760
4426
2795
922
-1125
-3263
-5399
-7432
-9263
-10793
-11935
-12613
-12773
-12379
-11424
-9924
-7924
-5494
-2726
264
3352
6399
9264
11812
13915
15466
16376
16587
16071
14831
12906
10367
7316
3879
205
-3544
-7201
-10600
-13580
-16002
-17746
-18726
-18886
-18210
-16718
-14469
-11558
-8109
-4276
-228
3853
7783
11383
14488
16957
18675
19562
19577
18717
17022
14568
11468
7862
3915
-192
-4273
-8142
-11624
-14563
-16827
-18318
-18973
-18768
-17719
-15881
-13344
-10233
-6694
-2894
989
4778
8298
11393
13924
15782
16893
17215
16745
15516
13599
11093
8123
4837
1391
-2049
-5326
-8289
-10804
-12765
-14088
-14727
-14664
-13917
-12537
-10602
-8215
-5500
-2593
363
3228
5867
8158
10002
11320
12061
12205
11758
10757
9264
7363
5156
2758
290
-2126
-4373
-6347
-7957
-9133
-9829
-10021
-9714
-8932
-7727
-6168
-4340
-2340
-269
1766
3668
5345
6719
7728
8330
8503
8247
7585
6555
5216
3640
1909
110
-1666
-3335
-4815
-6038
-6948
-7505
-7689
-7495
-6939
-6052
-4882
-3489
-1941
-314
1312
2864
4268
5461
6389
7013
7307
7263
6885
6194
5227
4029
2656
1173
-352
-1855
-3266
-4526
-5581
-6387
-6912
-7137
-7053
-6669
-6003
-5087
-3960
-2673
-1279
160
1588
2945
4176
5232
6071
6661
6980
7017
6773
6258
5494
4512
3353
2062
690
-708
-2080
-3371
-4531
-5516
-6286
-6813
-7076
-7063
-6776
-6223
-5426
-4414
-3226
-1906
-505
922
2323
3640
4824
5825
6605
7130
7378
7337
7006
6396
5528
4434
3156
1744
252
-1259
-2730
-4101
-5316
-6323
-7080
-7554
-7724
-7580
-7126
-6379
-5366
-4130
-2719
-1192
388
1955
3445
4792
5941
6842
7456
7757
7731
7379
6717
5773
4588
3212
1707
137
-1428
-2922
-4280
-5443
-6362
-6997
-7323
-7328
-7015
-6400
-5514
-4400
-3110
-1703
-243
1201
2566
3793
4827
5625
6154
6396
6345
6010
5411
4582
3567
2417
1190
-55
-1260
-2368
-3330
-4104
-4658
-4973
-5040
-4864
-4461
-3860
-3095
-2211
-1256
-281
663
1532
2282
2880
3299
3525
3554
3391
3054
2566
1962
1278
557
-159
-831
-1421
-1897
-2235
-2420
-2445
-2314
-2039
-1640
-1144
-584
2
580
1113
1567
1914
2133
2210
2140
1926
1581
1125
585
-7
-615
-1204
-1737
-2180
-2507
-2695
-2730
-2608
-2331
-1913
-1374
-742
-51
662
1359
2001
2552
2980
3260
3374
3315
3083
2687
2147
1490
748
-40
-834
-1592
-2276
-2848
-3280
-3549
-3640
-3549
-3280
-2848
-2276
-1592
-834
-40
748
1490
2147
2687
3083
3315
3374
3260
2980
2552
2001
1359
662
-51
-742
-1374
-1913
-2331
-2608
-2730
-2695
-2507
-2180
-1737
-1204
-615
-7
585
1125
1581
1926
2140
2210
2133
1914
1567
1113
580
2
-584
-1144
-1640
-2039
-2314
-2445
-2420
-2235
-1897
-1421
-831
-159
557
1278
1962
2566
3054
3391
3554
3525
3299
2880
2282
1532
663
-281
-1256
-2211
-3095
-3860
-4461
-4864
-5040
-4973
-4658
-4104
-3330
-2368
-1260
-55
1190
2417
3567
4582
5411
6010
6345
6396
6154
5625
4827
3793
2566
1201
-243
-1703
-3110
-4400
-5514
-6400
-7015
-7328
-7323
-6997
-6362
-5443
-4280
-2922
-1428
137
1707
3212
4588
5773
6717
7379
7731
7757
7456
6842
5941
4792
3445
1955
388
-1192
-2719
-4130
-5366
-6379
-7126
-7580
-7724
-7554
-7080
-6323
-5316
-4101
-2730
-1259
252
1744
3156
4434
5528
6396
7006
7337
7378
7130
6605
5825
4824
3640
2323
922
-505
-1906
-3226
-4414
-5426
-6223
-6776
-7063
-7076
-6813
-6286
-5516
-4531
-3371
-2080
-708
690
2062
3353
4512
5494
6258
6773
7017
6980
6661
6071
5232
4176
2945
1588
160
-1279
-2673
-3960
-5087
-6003
-6669
-7053
-7137
-6912
-6387
-5581
-4526
-3266
-1855
-352
1173
2656
4029
5227
6194
6885
7263
7307
7013
6389
5461
4268
2864
1312
-314
-1941
-3489
-4882
-6052
-6939
-7495
-7689
-7505
-6948
-6038
-4815
-3335
-1666
110
1909
3640
5216
6555
7585
8247
8503
8330
7728
6719
5345
3668
1766
-269
-2340
-4340
-6168
-7727
-8932
-9714
-10021
-9829
-9133
-7957
-6347
-4373
-2126
290
2758
5156
7363
9264
10757
11758
12205
12061
11320
10002
8158
5867
3228
363
-2593
-5500
-8215
-10602
-12537
-13917
-14664
-14727
-14088
-12765
-10804
-8289
-5326
-2049
1391
4837
8123
11093
13599
15516
16745
17215
16893
15782
13924
11393
8298
4778
989
-2894
-6694
-10233
-13344
-15881
-17719
-18768
-18973
-18318
-16827
-14563
-11624
-8142
-4273
-192
3915
7862
11468
14568
17022
18717
19577
19562
18675
16957
14488
11383
7783
3853
-228
-4276
-8109
-11558
-14469
-16718
-18210
-18886
-18726
-17746
-16002
-13580
-10600
-7201
-3544
205
3879
7316
10367
12906
14831
16071
16587
16376
15466
13915
11812
9264
6399
3352
264
-2726
-5494
-7924
-9924
-11424
-12379
-12773
-12613
-11935
-10793
-9263
-7432
-5399
-3263
-1125
922
2795
4426
5760
6765
7423
7737
7725
7419
6865
6113
5221
4245
3240
2256
1332
500
-219
-818
-1297
-1668
-1947
-2157
-2324
-2473
-2625
-2797
-2999
-3234
-3494
-3764
-4021
-4236
-4376
-4406
-4294
-4011
-3534
-2853
-1966
-887
359
1733
3184
4649
6060
7343
8425
9238
9719
9819
9504
8759
7588
6018
4095
1887
-520
-3029
-5530
-7907
-10048
-11844
-13199
-14033
-14289
-13933
-12959
-11390
-9277
-6699
-3756
-572
2717
5969
9036
11776
14061
15779
16844
17196
16807
15685
13867
11427
8464
5104
1493
-2211
-5846
-9251
-12274
-14778
-16652
-17811
0
0
0
0
0
0
0
0
0
0
0
0
0
0
0
0
0
0
0
0
0
0
0
0
0
0
0
0
0
0
0
0
0
0
0
0
0
0
0
0
0
0
0
0
0
0
0
0
0
0
0
0
0
0
0
0
0
0
0
0
0
0
0
0
0
0
0
-25485
-24944
-23344
-20756
-17292
-13104
-8373
-3305
1879
6960
11717
15950
19479
22159
23882
24582
24239
22879
20570
17421
13578
9213
4520
-297
-5032
-9484
-13469
-16824
-19420
-21159
-21985
-21881
-20869
-19014
-16410
-13185
-9490
-5491
-1363
2716
6578
10069
13052
15418
17088
18014
18182
17610
16346
14467
12071
9276
6211
3010
-190
-3261
-6085
-8558
-10598
-12143
-13154
-13617
-13540
-12953
-11904
-10459
-8693
-6690
-4540
-2331
-149
1928
3832
5505
6901
7989
8752
9183
9291
9092
8614
7888
6954
5852
4625
3316
1966
612
-707
-1963
-3125
-4170
-5076
-5826
-6406
-6805
-7015
-7032
-6854
-6484
-5928
-5197
-4305
-3272
-2124
-890
396
1697
2971
4177
5270
6209
6956
7476
7741
7734
7443
6870
6028
4939
3640
2175
599
-1028
-2643
-4177
-5566
-6749
-7672
-8291
-8575
-8505
-8081
-7315
-6236
-4888
-3328
-1622
155
1926
3611
5134
6426
7430
8098
8402
8328
7881
7082
5972
4604
3043
1366
-347
-2015
-3559
-4905
-5991
-6769
-7204
-7281
-7002
-6386
-5470
-4307
-2959
-1500
-6
1443
2775
3920
4822
5437
5739
5716
5377
4746
3864
2785
1573
299
-961
-2136
-3159
-3971
-4525
-4790
-4751
-4413
-3794
-2933
-1879
-695
547
1774
2912
3889
4645
5129
5307
5161
4693
3921
2883
1632
235
-1231
-2686
-4045
-5229
-6164
-6792
-7067
-6963
-6473
-5612
-4415
-2937
-1247
570
2423
4214
5848
7235
8296
8968
9204
8983
8304
7190
5688
3863
1802
-396
-2628
-4779
-6743
-8419
-9717
-10568
-10922
-10754
-10065
-8881
-7253
-5255
-2980
-535
1961
4390
6632
8578
10130
11212
11768
11768
11209
10117
8541
6557
4259
1757
-828
-3373
-5754
-7858
-9584
-10849
-11594
-11784
-11414
-10503
-9099
-7272
-5113
-2730
-239
2237
4579
6675
8425
9748
10582
10895
10675
9942
8737
7126
5195
3043
780
-1479
-3623
-5547
-7159
-8381
-9161
-9466
-9288
-8647
-7581
-6154
-4444
-2545
-557
1414
3269
4912
6262
7254
7841
8001
7731
7054
6013
4668
3096
1385
-370
-2076
-3640
-4980
-6026
-6724
-7040
-6960
-6492
-5665
-4527
-3142
-1588
50
1681
3217
4573
5676
6464
6894
6944
6608
5905
4871
3561
2043
399
-1284
-2916
-4411
-5687
-6675
-7321
-7588
-7459
-6937
-6046
-4828
-3345
-1669
113
1914
3640
5205
6527
7537
8183
8429
8260
7682
6719
5418
3841
2062
168
-1748
-3595
-5282
-6727
-7860
-8625
-8983
-8918
-8432
-7547
-6305
-4765
-3000
-1094
864
2781
4568
6141
7428
8368
8921
9062
8786
8109
7066
5705
4094
2308
430
-1450
-3249
-4884
-6281
-7379
-8131
-8507
-8495
-8100
-7345
-6270
-4928
-3384
-1713
8
1701
3288
4699
5873
6761
7327
7554
7436
6985
6230
5211
3980
2598
1131
-352
-1783
-3098
-4240
-5160
-5821
-6199
-6284
-6080
-5603
-4882
-3956
-2875
-1692
-465
746
1887
2906
3758
4406
4826
5004
4937
4636
4121
3421
2576
1631
632
-367
-1321
-2183
-2912
-3474
-3846
-4012
-3969
-3722
-3287
-2689
-1962
-1143
-277
592
1419
2162
2784
3251
3542
3640
3542
3251
2784
2162
1419
592
-277
-1143
-1962
-2689
-3287
-3722
-3969
-4012
-3846
-3474
-2912
-2183
-1321
-367
632
1631
2576
3421
4121
4636
4937
5004
4826
4406
3758
2906
1887
746
-465
-1692
-2875
-3956
-4882
-5603
-6080
-6284
-6199
-5821
-5160
-4240
-3098
-1783
-352
1131
2598
3980
5211
6230
6985
7436
7554
7327
6761
5873
4699
3288
1701
8
-1713
-3384
-4928
-6270
-7345
-8100
-8495
-8507
-8131
-7379
-6281
-4884
-3249
-1450
430
2308
4094
5705
7066
8109
8786
9062
8921
8368
7428
6141
4568
2781
864
-1094
-3000
-4765
-6305
-7547
-8432
-8918
-8983
-8625
-7860
-6727
-5282
-3595
-1748
168
2062
3841
5418
6719
7682
8260
8429
8183
7537
6527
5205
3640
1914
113
-1669
-3345
-4828
-6046
-6937
-7459
-7588
-7321
-6675
-5687
-4411
-2916
-1284
399
2043
3561
4871
5905
6608
6944
6894
6464
5676
4573
3217
1681
50
-1588
-3142
-4527
-5665
-6492
-6960
-7040
-6724
-6026
-4980
-3640
-2076
-370
1385
3096
4668
6013
7054
7731
8001
7841
7254
6262
4912
3269
1414
-557
-2545
-4444
-6154
-7581
-8647
-9288
-9466
-9161
-8381
-7159
-5547
-3623
-1479
780
3043
5195
7126
8737
9942
10675
10895
10582
9748
8425
6675
4579
2237
-239
-2730
-5113
-7272
-9099
-10503
-11414
-11784
-11594
-10849
-9584
-7858
-5754
-3373
-828
1757
4259
6557
8541
10117
11209
11768
11768
11212
10130
8578
6632
4390
1961
-535
-2980
-5255
-7253
-8881
-10065
-10754
-10922
-10568
-9717
-8419
-6743
-4779
-2628
-396
1802
3863
5688
7190
8304
8983
9204
8968
8296
7235
5848
4214
2423
570
-1247
-2937
-4415
-5612
-6473
-6963
-7067
-6792
-6164
-5229
-4045
-2686
-1231
235
1632
2883
3921
4693
5161
5307
5129
4645
3889
2912
1774
547
-695
-1879
-2933
-3794
-4413
-4751
-4790
-4525
-3971
-3159
-2136
-961
299
1573
2785
3864
4746
5377
5716
5739
5437
4822
3920
2775
1443
-6
-1500
-2959
-4307
-5470
-6386
-7002
-7281
-7204
-6769
-5991
-4905
-3559
-2015
-347
1366
3043
4604
5972
7082
7881
8328
8402
8098
7430
6426
5134
3611
1926
155
-1622
-3328
-4888
-6236
-7315
-8081
-8505
-8575
-8291
-7672
-6749
-5566
-4177
-2643
-1028
599
2175
3640
4939
6028
6870
7443
7734
7741
7476
6956
6209
5270
4177
2971
1697
396
-890
-2124
-3272
-4305
-5197
-5928
-6484
-6854
-7032
-7015
-6805
-6406
-5826
-5076
-4170
-3125
-1963
-707
612
1966
3316
4625
5852
6954
7888
8614
9092
9291
9183
8752
7989
6901
5505
3832
1928
-149
-2331
-4540
-6690
-8693
-10459
-11904
-12953
-13540
-13617
-13154
-12143
-10598
-8558
-6085
-3261
-190
3010
6211
9276
12071
14467
16346
17610
18182
18014
17088
15418
13052
10069
6578
2716
-1363
-5491
-9490
-13185
-16410
-19014
-20869
-21881
-21985
-21159
-19420
-16824
-13469
-9484
-5032
-297
4520
9213
13578
17421
20570
22879
24239
24582
23882
22159
19479
15950
11717
6960
1879
-3305
-8373
-13104
-17292
-20756
-23344
-24944
0
0
0
0
0
0
0
0
0
0
0
0
0
0
0
0
0
0
0
0
0
0
0
0
0
0
0
0
0
0
0
0
0
0
0
0
0
0
0
0
0
0
0
0
0
0
0
0
0
0
0
0
0
0
0
0
0
0
0
0
0
0
0
0
0
0
0
-3640
-3491
-3053
-2354
-1440
-373
777
1933
3015
3947
4659
5094
5212
4990
4425
3535
2360
957
-600
-2230
-3838
-5331
-6618
-7616
-8257
-8487
-8276
-7616
-6524
-5040
-3226
-1165
1045
3296
5473
7463
9158
10463
11300
11615
11376
10581
9254
7448
5239
2727
26
-2734
-5424
-7911
-10073
-11800
-13003
-13617
-13607
-12963
-11711
-9903
-7620
-4965
-2062
954
3943
6763
9282
11381
12962
13949
14297
13991
13047
11511
9457
6983
4208
1264
-1711
-4579
-7206
-9473
-11279
-12545
-13219
-13280
-12734
-11617
-9992
-7944
-5578
-3013
-372
2216
4633
6769
8529
9842
10656
10950
10725
10008
8853
7329
5524
3537
1471
-567
-2480
-4177
-5584
-6643
-7317
-7590
-7469
-6981
-6171
-5098
-3837
-2465
-1065
283
1508
2544
3345
3875
4121
4083
3782
3253
2542
1709
815
-70
-888
-1578
-2093
-2399
-2473
-2311
-1925
-1341
-598
250
1146
2025
2823
3478
3938
4160
4115
3791
3191
2336
1264
28
-1307
-2672
-3987
-5174
-6160
-6880
-7281
-7325
-6992
-6283
-5218
-3837
-2197
-374
1548
3477
5315
6968
8347
9378
9997
10165
9859
9083
7861
6242
4294
2103
-233
-2607
-4907
-7025
-8858
-10318
-11332
-11846
-11832
-11286
-10227
-8699
-6771
-4527
-2068
493
3042
5463
7645
9490
10915
11856
12273
12149
11491
10333
8730
6758
4507
2080
-410
-2855
-5144
-7180
-8873
-10156
-10979
-11312
-11150
-10511
-9433
-7973
-6205
-4214
-2094
59
2149
4086
5789
7192
8241
8905
9166
9030
8517
7664
6525
5160
3640
2039
432
-1111
-2527
-3759
-4764
-5511
-5983
-6177
-6103
-5783
-5249
-4541
-3704
-2787
-1837
-900
-17
775
1451
1994
2392
2646
2762
2756
2647
2458
2215
1943
1665
1403
1172
983
841
746
691
665
654
642
611
545
429
253
10
-299
-672
-1096
-1554
-2026
-2485
-2904
-3256
-3512
-3648
-3645
-3486
-3165
-2683
-2048
-1278
-398
559
1557
2551
3499
4354
5074
5622
5963
6075
5941
5558
4931
4078
3027
1816
489
-899
-2295
-3640
-4877
-5951
-6813
-7425
-7753
-7779
-7496
-6907
-6032
-4899
-3551
-2036
-414
1252
2898
4458
5868
7070
8014
8660
8978
8952
8577
7865
6839
5535
4000
2290
471
-1389
-3221
-4951
-6514
-7846
-8894
-9614
-9975
-9959
-9560
-8789
-7671
-6245
-4559
-2676
-664
1401
3441
5378
7136
8644
9840
10673
11105
11113
10690
9844
8601
7003
5105
2978
699
-1643
-3959
-6156
-8145
-9844
-11178
-12090
-12533
-12481
-11928
-10886
-9388
-7485
-5249
-2763
-125
2560
5184
7638
9817
11626
12984
13825
14107
13808
12930
11500
9568
7208
4512
1588
-1443
-4455
-7319
-9912
-12118
-13837
-14989
-15516
-15387
-14597
-13172
-11165
-8655
-5744
-2554
780
4116
7308
10214
12705
14667
16008
16663
16595
15801
14308
12176
9492
6370
2944
-635
-4212
-7628
-10730
-13377
-15449
-16849
-17509
-17397
-16511
-14886
-12592
-9726
-6414
-2801
951
4676
8206
11383
14061
16120
17463
18028
17788
16750
14960
12494
9464
6005
2270
-1571
-5347
-8887
-12031
-14637
-16588
-17795
-18203
-17795
-16588
-14637
-12031
-8887
-5347
-1571
2270
6005
9464
12494
14960
16750
17788
18028
17463
16120
14061
11383
8206
4676
951
-2801
-6414
-9726
-12592
-14886
-16511
-17397
-17509
-16849
-15449
-13377
-10730
-7628
-4212
-635
2944
6370
9492
12176
14308
15801
16595
16663
16008
14667
12705
10214
7308
4116
780
-2554
-5744
-8655
-11165
-13172
-14597
-15387
-15516
-14989
-13837
-12118
-9912
-7319
-4455
-1443
1588
4512
7208
9568
11500
12930
13808
14107
13825
12984
11626
9817
7638
5184
2560
-125
-2763
-5249
-7485
-9388
-10886
-11928
-12481
-12533
-12090
-11178
-9844
-8145
-6156
-3959
-1643
699
2978
5105
7003
8601
9844
10690
11113
11105
10673
9840
8644
7136
5378
3441
1401
-664
-2676
-4559
-6245
-7671
-8789
-9560
-9959
-9975
-9614
-8894
-7846
-6514
-4951
-3221
-1389
471
2290
4000
5535
6839
7865
8577
8952
8978
8660
8014
7070
5868
4458
2898
1252
-414
-2036
-3551
-4899
-6032
-6907
-7496
-7779
-7753
-7425
-6813
-5951
-4877
-3640
-2295
-899
489
1816
3027
4078
4931
5558
5941
6075
5963
5622
5074
4354
3499
2551
1557
559
-398
-1278
-2048
-2683
-3165
-3486
-3645
-3648
-3512
-3256
-2904
-2485
-2026
-1554
-1096
-672
-299
10
253
429
545
611
642
654
665
691
746
841
983
1172
1403
1665
1943
2215
2458
2647
2756
2762
2646
2392
1994
1451
775
-17
-900
-1837
-2787
-3704
-4541
-5249
-5783
-6103
-6177
-5983
-5511
-4764
-3759
-2527
-1111
432
2039
3640
5160
6525
7664
8517
9030
9166
8905
8241
7192
5789
4086
2149
59
-2094
-4214
-6205
-7973
-9433
-10511
-11150
-11312
-10979
-10156
-8873
-7180
-5144
-2855
-410
2080
4507
6758
8730
10333
11491
12149
12273
11856
10915
9490
7645
5463
3042
493
-2068
-4527
-6771
-8699
-10227
-11286
-11832
-11846
-11332
-10318
-8858
-7025
-4907
-2607
-233
2103
4294
6242
7861
9083
9859
10165
9997
9378
8347
6968
5315
3477
1548
-374
-2197
-3837
-5218
-6283
-6992
-7325
-7281
-6880
-6160
-5174
-3987
-2672
-1307
28
1264
2336
3191
3791
4115
4160
3938
3478
2823
2025
1146
250
-598
-1341
-1925
-2311
-2473
-2399
-2093
-1578
-888
-70
815
1709
2542
3253
3782
4083
4121
3875
3345
2544
1508
283
-1065
-2465
-3837
-5098
-6171
-6981
-7469
-7590
-7317
-6643
-5584
-4177
-2480
-567
1471
3537
5524
7329
8853
10008
10725
10950
10656
9842
8529
6769
4633
2216
-372
-3013
-5578
-7944
-9992
-11617
-12734
-13280
-13219
-12545
-11279
-9473
-7206
-4579
-1711
1264
4208
6983
9457
11511
13047
13991
14297
13949
12962
11381
9282
6763
3943
954
-2062
-4965
-7620
-9903
-11711
-12963
-13607
-13617
-13003
-11800
-10073
-7911
-5424
-2734
26
2727
5239
7448
9254
10581
11376
11615
11300
10463
9158
7463
5473
3296
1045
-1165
-3226
-5040
-6524
-7616
-8276
-8487
-8257
-7616
-6618
-5331
-3838
-2230
-600
957
2360
3535
4425
4990
5212
5094
4659
3947
3015
1933
777
-373
-1440
-2354
-3053
-3491
0
0
0
0
0
0
0
0
0
0
0
0
0
0
0
0
0
0
0
0
0
0
0
0
0
0
0
0
0
0
0
0
0
0
0
0
0
0
0
0
0
0
0
0
0
0
0
0
0
0
0
0
0
0
0
0
0
0
0
0
0
0
0
0
0
0
0
-10922
-10644
-9825
-8505
-6749
-4645
-2298
174
2651
5007
7124
8895
10231
11062
11344
11060
10221
8865
7053
4874
2430
-160
-2771
-5276
-7553
-9488
-10985
-11968
-12386
-12214
-11455
-10140
-8327
-6097
-3554
-814
1995
4743
7301
9548
11376
12699
13452
13596
13121
12043
10410
8291
5780
2989
42
-2928
-5791
-8417
-10687
-12500
-13775
-14452
-14502
-13920
-12730
-10984
-8756
-6144
-3260
-228
2820
5756
8452
10794
12682
14038
14805
14952
14474
13394
11757
9635
7118
4311
1332
-1694
-4645
-7399
-9844
-11882
-13432
-14434
-14852
-14670
-13902
-12580
-10763
-8525
-5958
-3168
-265
2633
5414
7968
10197
12016
13356
14169
14426
14122
13272
11913
10101
7909
5423
2741
-32
-2791
-5430
-7848
-9955
-11672
-12935
-13699
-13938
-13645
-12833
-11536
-9805
-7708
-5326
-2750
-79
2584
5140
7492
9549
11236
12489
13261
13524
13270
12510
11274
9611
7586
5277
2776
178
-2415
-4905
-7195
-9196
-10832
-12041
-12777
-13014
-12745
-11982
-10758
-9124
-7147
-4906
-2491
0
2469
4818
6955
8798
10274
11329
11926
12046
11689
10876
9645
8052
6166
4068
1845
-409
-2606
-4656
-6479
-8005
-9180
-9964
-10333
-10284
-9828
-8995
-7831
-6391
-4743
-2961
-1123
695
2419
3983
5328
6409
7193
7660
7808
7645
7194
6489
5572
4495
3311
2075
840
-341
-1426
-2379
-3171
-3785
-4212
-4454
-4521
-4429
-4201
-3865
-3448
-2980
-2488
-1994
-1519
-1075
-673
-314
3
287
545
791
1035
1288
1557
1848
2159
2485
2814
3130
3413
3640
3786
3826
3739
3504
3111
2554
1836
970
-20
-1105
-2243
-3387
-4486
-5484
-6328
-6966
-7355
-7457
-7248
-6717
-5869
-4721
-3309
-1682
97
1957
3816
5590
7195
8552
9588
10244
10476
10258
9584
8469
6949
5081
2938
611
-1799
-4188
-6446
-8467
-10156
-11427
-12216
-12477
-12189
-11356
-10008
-8197
-6000
-3511
-841
1890
4560
7047
9235
11021
12323
13077
13246
12821
11818
10283
8286
5917
3286
514
-2270
-4939
-7369
-9448
-11083
-12199
-12749
-12710
-12090
-10922
-9266
-7205
-4840
-2287
332
2894
5277
7371
9081
10332
11072
11275
10941
10097
8793
7103
5117
2938
679
-1548
-3636
-5483
-7004
-8132
-8820
-9047
-8815
-8147
-7091
-5714
-4096
-2329
-510
1262
2897
4312
5436
6219
6629
6656
6311
5625
4646
3441
2085
660
-748
-2058
-3195
-4096
-4712
-5013
-4986
-4639
-3999
-3110
-2030
-828
418
1634
2740
3667
4357
4765
4864
4644
4115
3306
2264
1047
-270
-1613
-2897
-4045
-4984
-5654
-6006
-6013
-5665
-4973
-3967
-2698
-1230
356
1978
3542
4961
6151
7040
7572
7709
7433
6750
5686
4290
2630
789
-1137
-3051
-4848
-6432
-7715
-8623
-9101
-9118
-8664
-7755
-6431
-4754
-2807
-686
1500
3641
5625
7346
8714
9653
10110
10057
9492
8437
6944
5083
2949
648
-1702
-3983
-6076
-7874
-9280
-10222
-10649
-10534
-9883
-8725
-7118
-5141
-2895
-495
1938
4279
6407
8212
9602
10503
10869
10679
9941
8694
6999
4945
2634
187
-2271
-4614
-6722
-8486
-9816
-10642
-10922
-10642
-9816
-8486
-6722
-4614
-2271
187
2634
4945
6999
8694
9941
10679
10869
10503
9602
8212
6407
4279
1938
-495
-2895
-5141
-7118
-8725
-9883
-10534
-10649
-10222
-9280
-7874
-6076
-3983
-1702
648
2949
5083
6944
8437
9492
10057
10110
9653
8714
7346
5625
3641
1500
-686
-2807
-4754
-6431
-7755
-8664
-9118
-9101
-8623
-7715
-6432
-4848
-3051
-1137
789
2630
4290
5686
6750
7433
7709
7572
7040
6151
4961
3542
1978
356
-1230
-2698
-3967
-4973
-5665
-6013
-6006
-5654
-4984
-4045
-2897
-1613
-270
1047
2264
3306
4115
4644
4864
4765
4357
3667
2740
1634
418
-828
-2030
-3110
-3999
-4639
-4986
-5013
-4712
-4096
-3195
-2058
-748
660
2085
3441
4646
5625
6311
6656
6629
6219
5436
4312
2897
1262
-510
-2329
-4096
-5714
-7091
-8147
-8815
-9047
-8820
-8132
-7004
-5483
-3636
-1548
679
2938
5117
7103
8793
10097
10941
11275
11072
10332
9081
7371
5277
2894
332
-2287
-4840
-7205
-9266
-10922
-12090
-12710
-12749
-12199
-11083
-9448
-7369
-4939
-2270
514
3286
5917
8286
10283
11818
12821
13246
13077
12323
11021
9235
7047
4560
1890
-841
-3511
-6000
-8197
-10008
-11356
-12189
-12477
-12216
-11427
-10156
-8467
-6446
-4188
-1799
611
2938
5081
6949
8469
9584
10258
10476
10244
9588
8552
7195
5590
3816
1957
97
-1682
-3309
-4721
-5869
-6717
-7248
-7457
-7355
-6966
-6328
-5484
-4486
-3387
-2243
-1105
-20
970
1836
2554
3111
3504
3739
3826
3786
3640
3413
3130
2814
2485
2159
1848
1557
1288
1035
791
545
287
3
-314
-673
-1075
-1519
-1994
-2488
-2980
-3448
-3865
-4201
-4429
-4521
-4454
-4212
-3785
-3171
-2379
-1426
-341
840
2075
3311
4495
5572
6489
7194
7645
7808
7660
7193
6409
5328
3983
2419
695
-1123
-2961
-4743
-6391
-7831
-8995
-9828
-10284
-10333
-9964
-9180
-8005
-6479
-4656
-2606
-409
1845
4068
6166
8052
9645
10876
11689
12046
11926
11329
10274
8798
6955
4818
2469
0
-2491
-4906
-7147
-9124
-10758
-11982
-12745
-13014
-12777
-12041
-10832
-9196
-7195
-4905
-2415
178
2776
5277
7586
9611
11274
12510
13270
13524
13261
12489
11236
9549
7492
5140
2584
-79
-2750
-5326
-7708
-9805
-11536
-12833
-13645
-13938
-13699
-12935
-11672
-9955
-7848
-5430
-2791
-32
2741
5423
7909
10101
11913
13272
14122
14426
14169
13356
12016
10197
7968
5414
2633
-265
-3168
-5958
-8525
-10763
-12580
-13902
-14670
-14852
-14434
-13432
-11882
-9844
-7399
-4645
-1694
1332
4311
7118
9635
11757
13394
14474
14952
14805
14038
12682
10794
8452
5756
2820
-228
-3260
-6144
-8756
-10984
-12730
-13920
-14502
-14452
-13775
-12500
-10687
-8417
-5791
-2928
42
2989
5780
8291
10410
12043
13121
13596
13452
12699
11376
9548
7301
4743
1995
-814
-3554
-6097
-8327
-10140
-11455
-12214
-12386
-11968
-10985
-9488
-7553
-5276
-2771
-160
2430
4874
7053
8865
10221
11060
11344
11062
10231
8895
7124
5007
2651
174
-2298
-4645
-6749
-8505
-9825
-10644
0
0
0
0
0
0
0
0
0
0
0
0
0
0
0
0
0
0
0
0
0
0
0
0
0
0
0
0
0
0
0
0
0
0
0
0
0
0
0
0
0
0
0
0
0
0
0
0
0
0
0
0
0
0
0
0
0
0
0
0
0
0
0
0
0
0
0
18203
17843
16777
15047
12723
9897
6684
3211
-382
-3954
-7360
-10467
-13151
-15305
-16846
-17715
-17878
-17332
-16102
-14240
-11822
-8949
-5737
-2318
1171
4591
7804
10683
13114
15005
16282
16900
16840
16109
14745
12807
10381
7568
4488
1267
-1962
-5070
-7932
-10435
-12483
-14000
-14933
-15252
-14956
-14066
-12629
-10714
-8409
-5815
-3043
-211
2563
5170
7504
9479
11021
12080
12624
12647
12162
11205
9830
8107
6120
3959
1719
-502
-2616
-4539
-6200
-7540
-8519
-9113
-9317
-9141
-8614
-7776
-6680
-5387
-3964
-2478
-995
420
1716
2847
3779
4489
4968
5218
5252
5091
4765
4310
3762
3158
2535
1925
1353
839
394
23
-275
-511
-700
-857
-1001
-1151
-1322
-1527
-1772
-2057
-2376
-2716
-3057
-3374
-3640
-3825
-3898
-3833
-3607
-3207
-2624
-1863
-939
124
1290
2513
3741
4915
5976
6863
7521
7901
7966
7690
7062
6091
4799
3227
1432
-515
-2534
-4536
-6428
-8119
-9523
-10564
-11179
-11325
-10977
-10134
-8816
-7069
-4958
-2568
0
2634
5217
7630
9759
11500
12765
13487
13622
13152
12088
10467
8355
5839
3029
49
-2966
-5882
-8562
-10881
-12730
-14019
-14684
-14691
-14033
-12738
-10860
-8484
-5716
-2683
474
3613
6586
9256
11498
13210
14310
14749
14508
13599
12066
9984
7452
4590
1536
-1565
-4569
-7333
-9728
-11644
-12992
-13714
-13781
-13195
-11990
-10229
-8005
-5427
-2624
265
3102
5748
8077
9979
11368
12182
12388
11984
10999
9488
7534
5239
2722
111
-2461
-4868
-6990
-8727
-9994
-10736
-10922
-10550
-9646
-8264
-6481
-4392
-2108
250
2563
4713
6589
8101
9173
9756
9825
9382
8455
7098
5383
3405
1266
-921
-3043
-4991
-6666
-7983
-8878
-9308
-9254
-8722
-7743
-6369
-4675
-2747
-687
1400
3408
5236
6793
8001
8802
9158
9054
8500
7524
6180
4536
2676
695
-1309
-3239
-4999
-6506
-7688
-8491
-8881
-8843
-8384
-7532
-6333
-4848
-3153
-1332
527
2337
4012
5477
6666
7530
8036
8167
7926
7334
6426
5252
3872
2355
774
-798
-2291
-3640
-4792
-5701
-6336
-6681
-6732
-6500
-6006
-5285
-4377
-3331
-2197
-1027
126
1220
2211
3067
3763
4282
4616
4768
4744
4560
4236
3793
3258
2656
2011
1347
683
36
-578
-1151
-1676
-2145
-2556
-2905
-3191
-3412
-3563
-3640
-3640
-3556
-3383
-3116
-2752
-2291
-1733
-1086
-360
427
1257
2102
2933
3716
4416
4997
5426
5673
5712
5526
5106
4454
3583
2515
1286
-60
-1472
-2889
-4249
-5488
-6543
-7359
-7887
-8091
-7947
-7448
-6600
-5431
-3981
-2308
-479
1425
3319
5117
6730
8080
9097
9723
9921
9670
8972
7849
6345
4521
2459
248
-2007
-4203
-6236
-8005
-9425
-10421
-10942
-10957
-10458
-9464
-8016
-6179
-4036
-1688
753
3174
5456
7489
9173
10425
11182
11404
11079
10219
8865
7081
4953
2583
87
-2411
-4792
-6936
-8738
-10109
-10981
-11309
-11079
-10301
-9014
-7282
-5192
-2848
-368
2123
4503
6651
8458
9835
10713
11048
10823
10050
8769
7046
4968
2641
182
-2281
-4626
-6732
-8493
-9819
-10643
-10922
-10643
-9819
-8493
-6732
-4626
-2281
182
2641
4968
7046
8769
10050
10823
11048
10713
9835
8458
6651
4503
2123
-368
-2848
-5192
-7282
-9014
-10301
-11079
-11309
-10981
-10109
-8738
-6936
-4792
-2411
87
2583
4953
7081
8865
10219
11079
11404
11182
10425
9173
7489
5456
3174
753
-1688
-4036
-6179
-8016
-9464
-10458
-10957
-10942
-10421
-9425
-8005
-6236
-4203
-2007
248
2459
4521
6345
7849
8972
9670
9921
9723
9097
8080
6730
5117
3319
1425
-479
-2308
-3981
-5431
-6600
-7448
-7947
-8091
-7887
-7359
-6543
-5488
-4249
-2889
-1472
-60
1286
2515
3583
4454
5106
5526
5712
5673
5426
4997
4416
3716
2933
2102
1257
427
-360
-1086
-1733
-2291
-2752
-3116
-3383
-3556
-3640
-3640
-3563
-3412
-3191
-2905
-2556
-2145
-1676
-1151
-578
36
683
1347
2011
2656
3258
3793
4236
4560
4744
4768
4616
4282
3763
3067
2211
1220
126
-1027
-2197
-3331
-4377
-5285
-6006
-6500
-6732
-6681
-6336
-5701
-4792
-3640
-2291
-798
774
2355
3872
5252
6426
7334
7926
8167
8036
7530
6666
5477
4012
2337
527
-1332
-3153
-4848
-6333
-7532
-8384
-8843
-8881
-8491
-7688
-6506
-4999
-3239
-1309
695
2676
4536
6180
7524
8500
9054
9158
8802
8001
6793
5236
3408
1400
-687
-2747
-4675
-6369
-7743
-8722
-9254
-9308
-8878
-7983
-6666
-4991
-3043
-921
1266
3405
5383
7098
8455
9382
9825
9756
9173
8101
6589
4713
2563
250
-2108
-4392
-6481
-8264
-9646
-10550
-10922
-10736
-9994
-8727
-6990
-4868
-2461
111
2722
5239
7534
9488
10999
11984
12388
12182
11368
9979
8077
5748
3102
265
-2624
-5427
-8005
-10229
-11990
-13195
-13781
-13714
-12992
-11644
-9728
-7333
-4569
-1565
1536
4590
7452
9984
12066
13599
14508
14749
14310
13210
11498
9256
6586
3613
474
-2683
-5716
-8484
-10860
-12738
-14033
-14691
-14684
-14019
-12730
-10881
-8562
-5882
-2966
49
3029
5839
8355
10467
12088
13152
13622
13487
12765
11500
9759
7630
5217
2634
0
-2568
-4958
-7069
-8816
-10134
-10977
-11325
-11179
-10564
-9523
-8119
-6428
-4536
-2534
-515
1432
3227
4799
6091
7062
7690
7966
7901
7521
6863
5976
4915
3741
2513
1290
124
-939
-1863
-2624
-3207
-3607
-3833
-3898
-3825
-3640
-3374
-3057
-2716
-2376
-2057
-1772
-1527
-1322
-1151
-1001
-857
-700
-511
-275
23
394
839
1353
1925
2535
3158
3762
4310
4765
5091
5252
5218
4968
4489
3779
2847
1716
420
-995
-2478
-3964
-5387
-6680
-7776
-8614
-9141
-9317
-9113
-8519
-7540
-6200
-4539
-2616
-502
1719
3959
6120
8107
9830
11205
12162
12647
12624
12080
11021
9479
7504
5170
2563
-211
-3043
-5815
-8409
-10714
-12629
-14066
-14956
-15252
-14933
-14000
-12483
-10435
-7932
-5070
-1962
1267
4488
7568
10381
12807
14745
16109
16840
16900
16282
15005
13114
10683
7804
4591
1171
-2318
-5737
-8949
-11822
-14240
-16102
-17332
-17878
-17715
-16846
-15305
-13151
-10467
-7360
-3954
-382
3211
6684
9897
12723
15047
16777
17843
0
0
0
0
0
0
0
0
0
0
0
0
0
0
0
0
0
0
0
0
0
0
0
0
0
0
0
0
0
0
0
0
0
0
0
0
0
0
0
0
0
0
0
0
0
0
0
0
0
0
0
0
0
0
0
0
0
0
0
0
0
0
0
0
0
0
0
