0
4278
8485
12550
16402
19973
23203
26035
28419
30314
31684
32507
32766
32456
31581
30156
28203
25758
22860
19561
15917
11991
7852
3573
-771
-5106
-9352
-13436
-17284
-20829
-24006
-26759
-29038
-30801
-32015
-32660
-32720
-32196
-31094
-29434
-27244
-24563
-21439
-17925
-14087
-9991
-5712
-1327
3083
7441
11667
15683
19415
22796
25762
28259
30239
31667
32514
32764
32412
31462
29931
27847
25247
22178
18696
14865
10755
6443
2009
-2465
-6896
-11201
-15299
-19113
-22570
-25606
-28162
-30190
-31650
-32514
-32764
-32394
-31411
-29832
-27686
-25012
-21861
-18292
-14372
-10175
-5781
-1274
3259
7733
12062
16161
19951
23359
26318
28771
30668
31973
32659
32711
32127
30919
29107
26727
23823
20452
16679
12577
8226
3711
-879
-5455
-9926
-14204
-18204
-21846
-25058
-27775
-29942
-31516
-32464
-32766
-32415
-31417
-29790
-27567
-24790
-21514
-17805
-13736
-9388
-4849
-209
4437
8997
13377
17489
21248
24578
27411
29687
31359
32393
32765
32468
31507
29899
27676
24884
21579
17828
13707
9301
4700
0
-4703
-9311
-13729
-17864
-21629
-24947
-27746
-29968
-31566
-32503
-32761
-32332
-31225
-29460
-27076
-24119
-20653
-16748
-12488
-7961
-3263
1506
6246
10856
15238
19298
22949
26112
28719
30713
32051
32702
32651
31900
30461
28366
25658
22395
18646
14492
10022
5332
524
-4298
-9029
-13567
-17811
-21669
-25055
-27896
-30127
-31699
-32577
-32739
-32182
-30916
-28967
-26379
-23206
-19519
-15397
-10932
-6222
-1372
3511
8320
12945
17284
21240
24723
27655
29968
31611
32545
32748
32214
30954
28995
26381
23169
19431
15252
10724
5950
1038
-3899
-8751
-13405
-17757
-21705
-25159
-28038
-30277
-31822
-32637
-32702
-32014
-30588
-28456
-25665
-22280
-18377
-14047
-9388
-4509
477
5455
10308
14924
19194
23018
26305
28979
30974
32243
32756
32498
31476
29711
27244
24133
20449
16280
11722
6884
1880
-3170
-8148
-12935
-17416
-21484
-25041
-28000
-30291
-31856
-32659
-32677
-31909
-30373
-28105
-25157
-21600
-17520
-13013
-8189
-3163
1941
7001
11893
16499
20705
24407
27516
29953
31659
32589
32721
32049
30590
28377
25463
21921
17836
13307
8448
3377
-1780
-6896
-11843
-16499
-20746
-24479
-27603
-30040
-31727
-32621
-32699
-31957
-30413
-28105
-25088
-21439
-17247
-12618
-7668
-2522
2689
7836
12787
17416
21605
25247
28248
30530
32035
32723
32574
31592
29801
27244
23987
20112
15718
10917
5832
595
-4660
-9798
-14685
-19194
-23208
-26622
-29345
-31307
-32455
-32757
-32206
-30813
-28614
-25665
-22043
-17841
-13169
-8148
-2911
2405
7661
12717
17440
21705
25397
28419
30689
32146
32750
32483
31352
29385
26633
23169
19084
14487
9500
4255
-1105
-6439
-11603
-16457
-20870
-24723
-27911
-30346
-31961
-32712
-32578
-31559
-29684
-27001
-23582
-19519
-14922
-9916
-4636
771
6162
11386
16301
20770
24671
27896
30354
31977
32719
32558
31498
29565
26813
23317
19172
14492
9407
4058
-1405
-6833
-12073
-16978
-21411
-25247
-28377
-30713
-32188
-32760
-32410
-31148
-29007
-26047
-22351
-18021
-13179
-7961
-2516
3003
8440
13640
18454
22745
26389
29282
31340
32503
32737
32033
30409
27913
24613
20604
16000
10932
5547
0
-5550
-10942
-16021
-20637
-24657
-27963
-30458
-32068
-32745
-32468
-31244
-29107
-26118
-22364
-17952
-13013
-7689
-2137
3479
8997
14252
19090
23367
26955
29748
31662
32640
32650
31691
29790
27003
23411
19119
14256
8965
3403
-2262
-7862
-13230
-18204
-22633
-26385
-29345
-31423
-32556
-32707
-31871
-30072
-27362
-23823
-19561
-14703
-9397
-3803
1908
7565
12994
18030
22517
26318
29316
31419
32559
32702
31841
30001
27238
23635
19302
14372
8996
3339
-2422
-8112
-13553
-18577
-23026
-26761
-29667
-31650
-32648
-32629
-31591
-29565
-26615
-22829
-18327
-13249
-7752
-2009
3799
9491
14886
19815
24120
27666
30338
32052
32751
32412
31044
28690
25423
21345
16586
11295
5642
-193
-6025
-11667
-16938
-21669
-25706
-28920
-31206
-32489
-32726
-31909
-30063
-27244
-23544
-19081
-13998
-8460
-2644
3259
9060
14569
19606
24006
27626
30346
32075
32756
32366
30916
28451
25051
20827
15917
10480
4696
-1244
-7147
-12817
-18065
-22719
-26622
-29644
-31684
-32674
-32578
-31398
-29173
-25975
-21909
-17110
-11737
-5969
0
5972
11747
17130
21941
26016
29217
31436
32596
32657
31615
29504
26395
22390
17625
12260
6476
470
-5554
-11392
-16845
-21726
-25867
-29127
-31393
-32585
-32662
-31619
-29491
-26349
-22301
-17483
-12062
-6222
-166
5898
11762
17222
22088
26191
29387
31566
32648
32597
31411
29131
25835
21636
16679
11138
5205
-912
-7001
-12847
-18244
-23003
-26955
-29960
-31912
-32739
-32412
-30940
-28374
-24803
-20353
-15179
-9465
-3413
2763
8843
14612
19863
24407
28083
30758
32334
32755
32003
30103
27124
23169
18381
12929
7010
836
-5370
-11386
-16993
-21989
-26191
-29446
-31636
-32680
-32538
-31214
-28754
-25247
-20819
-15630
-9868
-3744
2518
8692
14551
19879
24480
28184
30855
32393
32739
31880
29845
26709
22585
17625
12011
5950
-333
-6607
-12639
-18204
-23094
-27128
-30152
-32055
-32763
-32248
-30528
-27666
-23767
-18976
-13473
-7461
-1167
5173
11322
17047
22132
26385
29644
31785
32724
32427
30901
28203
24435
19738
14288
8294
1981
-4409
-10635
-16457
-21654
-26025
-29402
-31656
-32697
-32485
-31027
-28377
-24634
-19943
-14481
-8460
-2109
4324
10594
16457
21686
26077
29459
31699
32710
32451
30929
28203
24378
19601
14056
7961
1552
-4919
-11201
-17047
-22227
-26537
-29806
-31906
-32751
-32307
-30590
-27666
-23648
-18696
-13002
-6791
-309
6187
12441
18204
23246
27366
30398
32222
32762
31995
29951
26709
22398
17189
11289
4935
-1619
-8112
-14281
-19879
-24678
-28486
-31147
-32552
-32643
-31416
-28917
-25247
-20553
-15023
-8882
-2378
4225
10659
16662
21989
26421
29777
31918
32756
32254
30432
27362
23169
18024
12137
5748
-879
-7473
-13762
-19485
-24407
-28323
-31070
-32533
-32650
-31414
-28875
-25136
-20353
-14721
-8475
-1874
4807
11292
17307
22602
26955
30182
32146
32765
32010
29911
26556
22083
16679
10571
4016
-2711
-9326
-15551
-21121
-25799
-29387
-31732
-32732
-32344
-30582
-27520
-23286
-18060
-12062
-5547
1206
7911
14280
20041
24947
28786
31393
32653
32513
30975
28105
24024
18906
12972
6476
-301
-7069
-13534
-19415
-24458
-28443
-31196
-32596
-32580
-31148
-28360
-24336
-19250
-13322
-6811
0
6813
13332
19269
24364
28393
31178
32594
32578
31129
28309
24241
19103
13120
6555
-301
-7147
-13680
-19609
-24671
-28641
-31340
-32648
-32505
-30916
-27948
-23735
-18460
-12360
-5706
1206
8067
14569
20421
25359
29162
31656
32728
32328
30473
27244
22786
17298
11027
4255
-2711
-9557
-15974
-21669
-26383
-29901
-32062
-32766
-31979
-29736
-26137
-21345
-15577
-9095
-2195
4807
11593
17850
23291
27666
30771
32464
32665
31362
28614
24546
19345
13249
6538
-477
-7473
-14125
-20126
-25196
-29098
-31650
-32732
-32292
-30349
-26991
-22374
-16712
-10266
-3339
3746
10659
17076
22694
27251
30530
32377
32702
31489
28793
24740
19519
13375
6597
-494
-7565
-14281
-20323
-25404
-29282
-31772
-32753
-32178
-30072
-26533
-21729
-15887
-9285
-2238
4919
11843
18204
23695
28052
31066
32589
32548
30942
27847
23411
17845
11416
4435
-2763
-9830
-16425
-22227
-26955
-30378
-32330
-32713
-31507
-28769
-24631
-19293
-13013
-6096
1120
8285
15047
21076
26077
29802
32068
32763
31850
29372
25451
20276
14101
7230
0
-7232
-14111
-20295
-25478
-29402
-31872
-32764
-32033
-29711
-25913
-20827
-14703
-7845
-595
6688
13640
19914
25196
29220
31785
32759
32093
29819
26047
20967
14832
7950
664
-6656
-13645
-19948
-25247
-29273
-31822
-32763
-32046
-29706
-25861
-20703
-14492
-7543
-209
7138
14125
20396
25629
29557
31977
32766
31880
29363
25342
20022
13674
6622
-771
-8129
-15071
-21240
-26318
-30042
-32219
-32734
-31559
-28754
-24461
-18901
-12360
-5177
2276
9615
16457
22447
27271
30678
32489
32608
31026
27825
23169
17302
10527
3199
-4298
-11573
-18244
-23960
-28419
-31387
-32705
-32302
-30198
-26501
-21406
-15179
-8148
-684
6817
13962
20369
25700
29668
32064
32757
31710
28975
24698
19103
12488
5205
-2358
-9798
-16717
-22745
-27557
-30894
-32577
-32513
-30703
-27244
-22319
-16192
-9191
-1693
5898
13175
19743
25247
29388
31941
32765
31816
29141
24884
19276
12618
5272
-2362
-9871
-16845
-22903
-27714
-31014
-32621
-32445
-30495
-26875
-21781
-15492
-8351
-749
6896
14165
20658
26016
29942
32220
32721
31417
28377
23767
17841
10926
3403
-4310
-11787
-18613
-24407
-28847
-31684
-32759
-32010
-29476
-25298
-19707
-13013
-5590
2148
9769
16845
22980
27828
31116
32659
32366
30254
26438
21133
14635
7310
-430
-8148
-15409
-21801
-26962
-30598
-32502
-32563
-30778
-27244
-22162
-15818
-8572
-836
6950
14343
20920
26305
30190
32350
32661
31103
27762
22829
16586
9388
1649
-6187
-13670
-20369
-25898
-29936
-32249
-32702
-31267
-28024
-23161
-16955
-9766
-2009
5867
13405
20168
25762
29860
32222
32709
31291
28049
23169
16936
9711
1916
-5992
-13553
-20323
-25904
-29968
-32275
-32687
-31179
-27837
-22855
-16527
-9222
-1372
6562
14111
20829
26318
30252
32397
32623
30916
27374
22206
15718
8294
373
-7571
-15067
-21669
-26980
-30683
-32556
-32483
-30469
-26631
-21197
-14492
-6916
1077
9009
16402
22811
27851
31216
32702
32218
29790
25564
19793
12824
5078
-2978
-10856
-18080
-24210
-28873
-31785
-32766
-31757
-28816
-24119
-17952
-10689
-2772
5316
13083
20053
25799
29968
32304
32662
31017
27469
22233
15630
8064
0
-8067
-15639
-22251
-27492
-31038
-32669
-32282
-29899
-25665
-19840
-12785
-4935
3223
11185
18454
24578
29176
31960
32754
31507
28295
23317
16881
9388
1306
-6859
-14599
-21426
-26913
-30713
-32587
-32415
-30206
-26096
-20343
-13307
-5431
2789
10837
18204
24423
29100
31937
32755
31498
28244
23199
16679
9099
938
-7285
-15047
-21854
-27271
-30951
-32659
-32282
-29844
-25497
-19519
-12290
-4271
4023
12062
19330
25359
29762
32252
32670
30984
27303
21861
15008
7184
-1105
-9326
-16947
-23474
-28484
-31650
-32766
-31757
-28687
-23753
-17274
-9670
-1435
6896
14781
21705
27215
30951
32666
32248
29720
25247
19119
11737
3583
-4807
-12886
-20121
-26035
-30239
-32455
-32534
-30469
-26395
-20578
-13400
-5336
3083
11302
18775
25007
29584
32200
32681
30992
27244
21684
14679
6695
-1736
-10055
-17706
-24178
-29038
-31959
-32744
-31340
-27837
-22468
-15592
-7668
771
9163
16942
23583
28641
31772
32764
31548
28203
22955
16155
8261
-193
-8637
-16499
-23246
-28419
-31667
-32766
-31641
-28366
-23161
-16378
-8479
0
8482
16388
23178
28387
31659
32766
31633
28334
23092
16267
8323
-193
-8699
-16610
-23382
-28547
-31748
-32764
-31521
-28105
-22748
-15818
-7793
771
9287
17161
23850
28887
31923
32744
31292
27666
22114
15023
6884
-1736
-10238
-18030
-24565
-29387
-32158
-32681
-30919
-26991
-21173
-13868
-5590
3083
11543
19194
25499
30012
32414
32534
30361
26047
19895
12336
3903
-4807
-13181
-20625
-26610
-30711
-32637
-32248
-29569
-24790
-18247
-10405
-1820
6896
15124
22277
27843
31423
32760
31757
28483
23169
16196
8060
-655
-9326
-17331
-24094
-29127
-32068
-32703
-30984
-27033
-21133
-13707
-5289
3511
12062
19743
25999
30374
32552
32371
29844
25150
18630
10754
2094
-6719
-15047
-22282
-27896
-31478
-32765
-31661
-28244
-22763
-15616
-7324
1506
10228
18204
24847
29668
32313
32585
30461
26096
19809
12062
3423
-5469
-13962
-21426
-27310
-31178
-32740
-31881
-28661
-23317
-16242
-7961
912
9721
17811
24578
29519
32265
32608
30520
26157
19840
12041
3339
-5613
-14150
-21629
-27492
-31296
-32755
-31758
-28377
-22863
-15630
-7219
1736
10564
18599
25234
29968
32443
32468
30041
25342
18725
10689
1842
-7147
-15598
-22868
-28404
-31785
-32751
-31227
-27327
-21345
-13736
-5078
3969
12717
20496
26712
30887
32702
32014
28875
23522
16364
7950
-1077
-10024
-18204
-24986
-29848
-32414
-32483
-30050
-25298
-18593
-10451
-1499
7571
16058
23305
28750
31969
32711
30916
26720
20449
12587
3744
-5391
-14111
-21734
-27666
-31442
-32766
-31533
-27837
-21964
-14372
-5653
3510
12401
20323
26654
30894
32710
31957
28692
23169
15822
7226
-1941
-10958
-19113
-25762
-30378
-32596
-32237
-29328
-24096
-16955
-8469
691
9799
18132
25028
29936
32465
32412
29778
24772
17791
9388
234
-8940
-17404
-24479
-29598
-32350
-32513
-30072
-25219
-18342
-9991
-836
8388
16942
24135
29387
32275
32563
30226
25451
18620
10283
1113
-8148
-16754
-24006
-29316
-32252
-32574
-30254
-25477
-18630
-10266
-1066
8222
16845
24098
29390
32286
32549
30156
25298
18372
9941
695
-8610
-17213
-24407
-29603
-32371
-32482
-29925
-24908
-17841
-9305
0
9307
17850
24924
29942
32491
32356
29546
24293
17028
8351
-1019
-10308
-18745
-25629
-30386
-32621
-32145
-28995
-23432
-15917
-7073
2362
11603
19879
26497
30903
32728
31816
28241
22301
14491
5464
-4023
-13175
-21224
-27492
-31451
-32766
-31324
-27244
-20868
-12732
-3519
5992
15001
22745
28568
31977
32682
30619
25962
19103
10622
1238
-8253
-17047
-24394
-29668
-32420
-32412
-29643
-24347
-16973
-8148
1373
10781
19269
26112
30723
32705
31886
28334
22351
14449
5304
-4298
-13534
-21608
-27826
-31650
-32749
-31026
-26627
-19930
-11510
-2094
7504
16457
23989
29446
32355
32460
29752
24461
17046
8148
-1459
-10942
-19477
-26318
-30870
-32732
-31742
-27983
-21780
-13674
-4371
5316
14541
22496
28484
31977
32669
30495
25645
18541
9807
209
-9410
-18204
-25397
-30356
-32640
-32046
-28625
-22675
-14721
-5464
4278
13645
21806
28038
31787
32719
30748
26047
19032
10324
695
-8997
-17892
-25196
-30256
-32621
-32077
-28669
-22701
-14703
-5389
4409
13816
21989
28193
31872
32694
30582
25725
18555
9715
0
-9718
-18563
-25739
-30598
-32699
-31850
-28126
-21861
-13619
-4144
5708
15047
23026
28920
32194
32549
29951
24631
17073
7961
-1876
-11547
-20168
-26955
-31287
-32766
-31257
-26894
-20073
-11416
-1713
8148
17267
24807
30076
32589
32113
28690
22632
14492
5018
-4919
-14407
-22570
-28657
-32104
-32591
-30072
-24775
-17189
-8012
1907
11653
20323
27113
31393
32763
31094
26539
19519
10683
852
-9060
-18132
-25519
-30530
-32697
-31816
-27965
-21503
-13031
-3339
6667
16052
23938
29584
32459
32292
29097
23169
15065
5543
-4501
-14125
-22423
-28612
-32108
-32578
-29977
-24546
-16798
-7461
2582
12385
21019
27666
31694
32721
30647
25665
18247
9095
-923
-10856
-19760
-26786
-31264
-32766
-31146
-26556
-19431
-10451
-470
9557
18675
26008
30855
32749
31507
27244
20368
11537
1595
-8501
-17784
-25359
-30497
-32702
-31758
-27754
-21074
-12360
-2451
7696
17103
24860
30215
32648
31922
28105
21563
12929
3039
-7147
-16643
-24525
-30025
-32607
-32016
-28309
-21844
-13249
-3359
6859
16412
24364
29939
32588
32050
28377
21924
13322
3413
-6833
-16412
-24382
-29960
-32596
-32028
-28309
-21804
-13150
-3199
7069
16643
24578
30089
32630
31946
28105
21482
12732
2719
-7565
-17103
-24947
-30318
-32680
-31797
-27754
-20951
-12062
-1970
8320
17784
25478
30633
32732
31565
27244
20200
11134
952
-9326
-18675
-26154
-31014
-32765
-31228
-26556
-19215
-9941
333
10578
19760
26955
31436
32749
30759
25665
17979
8475
-1887
-12062
-21019
-27851
-31864
-32650
-30126
-24546
-16475
-6728
3703
13762
22423
28806
32258
32427
29291
23169
14683
4696
-5772
-15653
-23938
-29777
-32571
-32033
-28214
-21503
-12587
-2378
8077
17706
25519
30711
32748
31416
26850
19519
10175
-219
-10594
-19879
-27113
-31549
-32726
-30520
-25157
-17189
-7439
3083
13289
22119
28657
32222
32441
29289
23092
14492
4381
-6187
-16114
-24364
-30076
-32652
-31820
-27666
-20619
-11416
-1017
9491
19008
26537
31287
32757
30792
25595
17709
7961
-2625
-12939
-21894
-28547
-32194
-32451
-29286
-23032
-14346
-4144
6498
16457
24678
30291
32699
31644
27238
19943
10531
0
-10533
-19951
-27251
-31656
-32694
-30254
-24592
-16309
-6286
4409
14637
23305
29487
32519
32077
28203
21312
12137
1660
-8997
-18692
-26385
-31248
-32757
-30748
-25434
-17383
-7461
3266
13645
22556
29038
32390
32248
28625
21909
12824
2351
-8378
-18204
-26061
-31098
-32765
-30880
-25645
-17625
-7689
3083
13524
22496
29023
32393
32235
28565
21780
12618
2077
-8692
-18516
-26318
-31245
-32755
-30681
-25247
-17046
-6975
3863
14280
23132
29446
32527
32033
28015
20915
11510
836
-9932
-19609
-27125
-31650
-32682
-30103
-24198
-15616
-5304
5596
15880
24407
30232
32705
31550
26894
19250
9465
-1373
-12062
-21411
-28379
-32188
-32412
-29022
-22395
-13267
-2656
8253
18244
26197
31222
32754
30619
25054
16679
6433
-4537
-15001
-23783
-29895
-32648
-31731
-27244
-19690
-9916
976
11762
21224
28293
32170
32415
28997
22301
13080
2378
-8595
-18599
-26497
-31393
-32729
-30352
-24528
-15917
-5494
5554
15974
24578
30386
32734
31352
26395
18425
8351
-2679
-13405
-22602
-29217
-32491
-32046
-27932
-20616
-10936
0
10939
20625
27944
32055
32482
29173
22507
13249
2462
-8610
-18692
-26622
-31481
-32707
-30156
-24119
-15293
-4696
6446
16845
25296
30817
32766
30916
25477
17079
6695
-4468
-15115
-24006
-30106
-32702
-31489
-26606
-18620
-8460
2689
13528
22788
29387
32552
31909
27532
19930
9991
-1120
-12103
-21669
-28693
-32350
-32208
-28280
-21025
-11295
-234
10856
20671
28052
32127
32412
28871
21921
12379
1372
-9799
-19815
-27487
-31906
-32545
-29328
-22632
-13249
-2291
8940
19113
27016
31708
32629
29666
23169
13911
2992
-8285
-18577
-26654
-31549
-32677
-29899
-23544
-14372
-3477
7836
18214
26411
31442
32702
30037
23764
14635
3744
-7598
-18030
-26293
-31393
-32711
-30086
-23833
-14703
-3796
7571
18026
26305
31405
32707
30050
23753
14577
3632
-7754
-18204
-26446
-31479
-32688
-29925
-23522
-14256
-3253
8148
18560
26712
31608
32650
29706
23135
13736
2656
-8751
-19090
-27095
-31785
-32581
-29385
-22585
-13013
-1842
9557
19786
27585
31994
32468
28947
21861
12081
809
-10564
-20637
-28166
-32219
-32293
-28377
-20951
-10932
440
11762
21629
28819
32437
32033
27653
19840
9561
-1907
-13142
-22745
-29519
-32621
-31661
-26755
-18514
-7961
3586
14689
23960
30239
32740
31148
25658
16955
6128
-5469
-16384
-25247
-30944
-32759
-30461
-24336
-15151
-4058
7546
18204
26572
31595
32638
29565
22763
13087
1756
-9798
-20118
-27896
-32148
-32332
-28424
-20915
-10754
771
12203
22088
29171
32552
31797
27001
18769
8148
-3511
-14727
-24069
-30346
-32754
-30984
-25260
-16309
-5272
6439
17331
26008
31359
32696
29845
23169
13521
2137
-9523
-19964
-27843
-32146
-32318
-28334
-20703
-10405
1234
12717
22564
29503
32637
31559
26407
17841
6968
-4807
-15965
-25058
-30909
-32757
-30361
-24028
-14577
-3233
8533
19194
27364
31977
32433
28669
21173
10917
-762
-12345
-22321
-29387
-32619
-31592
-26438
-17828
-6884
4961
16161
25247
31028
32744
30168
23635
13998
2522
-9287
-19879
-27860
-32179
-32265
-28105
-20242
-9711
2101
13640
23382
30040
32733
31103
25362
16267
5018
-6896
-17901
-26537
-31659
-32585
-29190
-21921
-11741
0
11743
21929
29201
32589
31641
26480
17791
6728
-5233
-16499
-25566
-31222
-32709
-29826
-22955
-13013
-1327
10537
20994
28641
32450
31909
27088
18630
7668
-4324
-15739
-25041
-30976
-32744
-30105
-23411
-13561
-1880
10055
20637
28436
32397
31982
27244
18822
7852
-4182
-15653
-25007
-30974
-32743
-30072
-23319
-13400
-1660
10308
20879
28612
32455
31881
26966
18377
7282
-4807
-16245
-25468
-31216
-32702
-29720
-22675
-12528
-664
11292
21705
29147
32596
31576
26225
17274
5950
-6193
-17489
-26383
-31650
-32564
-28995
-21433
-10917
1105
12978
23064
29968
32737
30984
24950
15465
3839
-8320
-19330
-27666
-32170
-32217
-27796
-19519
-8531
3643
15314
24860
30951
32739
29972
23032
12884
938
-11141
-21669
-29176
-32613
-31498
-25982
-16835
-5332
6918
18204
26944
31912
32410
28366
20343
9465
-2743
-14569
-24351
-30713
-32759
-30198
-23387
-13283
-1306
10856
21492
29100
32604
31507
25962
16748
5166
-7147
-18454
-27152
-32008
-32332
-28076
-19840
-8789
3510
15314
24947
31038
32720
29752
22551
12140
0
-12143
-22559
-29762
-32723
-31017
-24884
-15198
-3339
8998
20053
28242
32393
31908
26854
17952
6476
-5930
-17489
-26541
-31785
-32465
-28481
-20402
-9388
2978
14918
24714
30951
32730
29790
22554
12062
-172
-12385
-22811
-29942
-32746
-30813
-24421
-14492
-2462
9926
20879
28806
32556
31581
26021
16679
4912
-7571
-18956
-27585
-32200
-32127
-27374
-18630
-7167
5342
17076
26318
31719
32485
28504
20353
9222
-3259
-15267
-25041
-31147
-32687
-29434
-21861
-11077
1334
13553
23783
30517
32764
30189
23169
12736
423
-11953
-22570
-29860
-32743
-30792
-24293
-14202
-2009
10483
21426
29201
32652
31267
25247
15482
3419
-9153
-20369
-28563
-32514
-31633
-26047
-16586
-4654
7973
19415
27967
32350
31910
26709
17520
5712
-6950
-18577
-27428
-32179
-32116
-27244
-18292
-6597
6088
17864
26962
32015
32263
27666
18910
7310
-5391
-17284
-26579
-31872
-32366
-27983
-19380
-7852
4862
16845
26287
31760
32433
28203
19707
8226
-4501
-16550
-26094
-31684
-32472
-28334
-19895
-8434
4310
16402
26003
31651
32486
28377
19946
8475
-4288
-16402
-26016
-31662
-32478
-28334
-19861
-8351
4437
16550
26133
31717
32445
28203
19638
8060
-4756
-16845
-26351
-31812
-32386
-27983
-19276
-7602
5243
17284
26666
31941
32293
27666
18769
6975
-5898
-17864
-27071
-32095
-32157
-27244
-18113
-6176
6719
18577
27557
32265
31968
26709
17302
5205
-7702
-19415
-28111
-32434
-31710
-26047
-16326
-4058
8843
20369
28719
32588
31368
25247
15179
2736
-10137
-21426
-29364
-32705
-30922
-24293
-13853
-1238
11573
22570
30025
32764
30353
23169
12339
-434
-13142
-23783
-30678
-32739
-29638
-21861
-10632
2276
14829
25041
31296
32604
28754
20353
8727
-4282
-16616
-26318
-31849
-32328
-27676
-18630
-6622
6439
18480
27585
32302
31880
26381
16679
4318
-8734
-20396
-28806
-32620
-31227
-24845
-14492
-1820
11144
22329
29942
32763
30335
23047
12062
-859
-13645
-24243
-30951
-32688
-29173
-20967
-9388
3703
16202
26094
31785
32354
27709
18593
6476
-6688
-18775
-27832
-32393
-31718
-25913
-15915
-3339
9779
21317
29402
32723
30737
23764
12933
0
-12935
-23772
-30745
-32720
-29372
-21243
-9654
3510
16105
26077
31798
32332
27590
18342
6096
-7147
-19226
-28162
-32493
-31507
-25362
-15061
-2291
10856
22227
29953
32765
30198
22670
11416
-1716
-14569
-25028
-31370
-32548
-28366
-19509
-7435
5867
18204
27539
32330
31782
25982
15887
3163
-10086
-21669
-29667
-32753
-30413
-23032
-11831
1334
14281
24860
31312
32563
28403
19519
7387
-5976
-18347
-27666
-32377
-31693
-25725
-15465
-2622
10659
22164
29968
32766
30086
22374
10917
-2369
-15261
-25599
-31650
-32396
-27709
-18372
-5950
7473
19643
28516
32596
31195
24546
13765
664
-12550
-23653
-30771
-32702
-29116
-20616
-8634
4807
17440
27128
32230
31881
26137
15968
3092
-10308
-21966
-29901
-32766
-30072
-22272
-10689
2711
15653
25937
31812
32275
27244
17574
4908
-8595
-20637
-29162
-32712
-30681
-23411
-12140
1206
14349
25041
31451
32480
27948
18630
6117
-7445
-19735
-28641
-32634
-31026
-24089
-13013
301
13567
24501
31222
32570
28309
19172
6728
-6876
-19298
-28393
-32589
-31159
-24347
-13326
0
13328
24354
31166
32585
28360
19220
6748
-6896
-19347
-28443
-32604
-31103
-24198
-13087
301
13640
24608
31294
32533
28105
18778
6176
-7504
-19879
-28786
-32669
-30847
-23635
-12290
1206
14493
25247
31583
32389
27520
17828
5008
-8692
-20870
-29387
-32745
-30352
-22624
-10917
2711
15865
26229
31977
32094
26556
16335
3233
-10442
-22277
-30182
-32757
-29546
-21112
-8944
4807
17712
27483
32390
31559
25136
14256
845
-12717
-24026
-31070
-32598
-28334
-19032
-6345
7473
19964
28903
32697
30666
23169
11540
-2148
-15456
-26008
-31918
-32127
-26596
-16309
-3103
10659
22517
30346
32741
29270
20553
8148
-5719
-18563
-28078
-32552
-31179
-24202
-12874
771
14281
25223
31625
32332
27214
17189
4062
-9798
-21894
-30040
-32762
-29565
-21025
-8682
5233
18204
27882
32514
31257
24336
13002
-691
-14262
-25247
-31650
-32307
-27094
-16955
-3732
10171
22227
30239
32747
29289
20494
7961
-6025
-18915
-28356
-32621
-30929
-23586
-11931
1907
15400
26077
31982
32033
26215
15592
2109
-11762
-23479
-30889
-32629
-28377
-18910
-5966
8077
20637
29402
32756
30080
21861
9613
-4409
-17621
-27585
-32459
-31342
-24435
-13013
816
14497
25499
31785
32188
26631
16140
2656
-11322
-23203
-30782
-32650
-28456
-18976
-5969
8148
20755
29503
32763
29925
21514
9095
-5021
-18204
-27995
-32564
-31058
-23753
-12011
1977
15598
26305
32095
31880
25698
14703
952
-12978
-24480
-31393
-32418
-27360
-17165
-3744
10381
22559
30497
32702
28754
19394
6380
-7836
-20580
-29446
-32762
-29899
-21393
-8847
5370
18577
28275
32630
30814
23169
11138
-3003
-16579
-27016
-32334
-31523
-24733
-13249
751
14612
25700
31906
32048
26096
15179
1372
-12698
-24354
-31371
-32412
-27273
-16932
-3359
10856
23003
30758
32638
28280
18514
5205
-9101
-21669
-30089
-32747
-29131
-19930
-6905
7445
20371
29387
32762
29844
21189
8460
-5898
-19125
-28673
-32702
-30433
-22301
-9868
4468
17946
27963
32585
30916
23274
11134
-3159
-16845
-27275
-32428
-31305
-24119
-12260
1977
15833
26622
32247
31615
24845
13249
-923
-14918
-26016
-32055
-31858
-25461
-14105
0
14107
25468
31864
32046
25975
14832
792
-13405
-24986
-31684
-32188
-26395
-15435
-1452
12817
24578
31525
32292
26727
15917
1981
-12345
-24250
-31393
-32366
-26976
-16280
-2378
11993
24006
31293
32415
27148
16527
2644
-11762
-23850
-31230
-32442
-27244
-16660
-2779
11653
23783
31206
32451
27267
16679
2783
-11667
-23806
-31222
-32441
-27217
-16586
-2656
11803
23919
31277
32412
27094
16378
2398
-12062
-24120
-31370
-32361
-26894
-16056
-2009
12441
24407
31496
32285
26615
15616
1488
-12939
-24777
-31650
-32178
-26251
-15055
-836
13553
25223
31826
32033
25797
14372
52
-14280
-25739
-32015
-31841
-25247
-13561
863
15115
26318
32208
31592
24592
12618
-1908
-16052
-26950
-32393
-31276
-23823
-11540
3083
17085
27622
32556
30880
22932
10324
-4384
-18204
-28323
-32682
-30389
-21909
-8965
5807
19399
29038
32755
29790
20744
7461
-7347
-20658
-29748
-32757
-29067
-19428
-5811
8997
21966
30436
32669
28203
17952
4016
-10746
-23305
-31079
-32468
-27184
-16309
-2077
12583
24657
31656
32135
25992
14491
0
-14493
-25999
-32139
-31644
-24613
-12494
2208
16457
27304
32503
30975
23032
10317
-4537
-18454
-28547
-32719
-30103
-21238
-7961
6971
20458
29694
32757
29007
19220
5431
-9491
-22439
-30713
-32587
-27666
-16973
-2736
12073
24364
31568
32177
26060
14492
-108
-14689
-26197
-32222
-31498
-24174
-11781
3083
17304
27896
32634
30520
21996
8847
-6162
-19879
-29416
-32766
-29219
-19519
-5706
9311
22368
30711
32578
27570
16743
2378
-12491
-24723
-31732
-32033
-25558
-13674
1105
15653
26888
32428
31095
23169
10328
-4707
-18745
-28806
-32750
-29736
-20402
-6728
8378
21705
30414
32650
27932
17262
2911
-12062
-24465
-31651
-32083
-25665
-13765
1077
15692
26955
32455
31012
22932
9941
-5180
-19194
-29098
-32765
-29406
-19738
-5832
9326
22486
30817
32526
27244
16102
1495
-13436
-25478
-32035
-31693
-24521
-12062
2999
17416
28078
32680
30226
21243
7668
-7565
-21167
-30192
-32685
-28105
-17438
-2992
12103
24578
31727
31995
25321
13150
-1876
-16499
-27539
-32596
-30567
-21889
-8448
6833
20630
29936
32722
28377
17845
3419
-11753
-24364
-31659
-32040
-25423
-13249
1823
16499
27568
32607
30508
21729
8189
-7147
-20920
-30108
-32693
-28105
-17347
-2779
12401
24860
31856
31850
24838
12360
-2839
-17416
-28160
-32702
-30037
-20749
-6884
8501
22013
30668
32552
27244
15915
1066
-14020
-26008
-32243
-31342
-23500
-10451
4915
19194
29220
32766
29042
18871
4509
-10856
-23813
-31479
-32147
-25665
-13473
1720
16533
27666
32637
30335
21271
7461
-8015
-21705
-30552
-32578
-27327
-15968
-1038
14125
26133
32294
31228
23169
9920
-5554
-19786
-29584
-32748
-28565
-17970
-3339
12043
24723
31849
31816
24627
11897
-3511
-18132
-28673
-32755
-29458
-19519
-5177
10334
23516
31393
32182
25702
13414
-1907
-16800
-27896
-32682
-30072
-20653
-6555
9029
22570
30997
32395
26445
14492
-751
-15827
-27310
-32589
-30461
-21406
-7481
8148
21926
30713
32507
26894
15151
-48
-15238
-26955
-32522
-30664
-21804
-7961
7702
21608
30575
32549
27076
15403
202
-15047
-26852
-32503
-30703
-21861
-8002
7696
21629
30598
32538
27001
15255
0
-15257
-27007
-32541
-30582
-21579
-7602
8129
21989
30779
32468
26664
14703
-655
-15865
-27411
-32621
-30288
-20948
-6758
8997
22672
31098
32318
26047
13736
-1763
-16855
-28038
-32713
-29790
-19946
-5464
10289
23653
31516
32046
25116
12336
-3319
-18204
-28847
-32766
-29042
-18541
-3711
11987
24889
31977
31593
23823
10480
-5316
-19871
-29777
-32711
-27983
-16697
-1495
14059
26318
32404
30885
22114
8148
-7733
-21801
-30745
-32460
-26539
-14372
1180
16457
27860
32699
29832
19930
5325
-10537
-23916
-31650
-31910
-24631
-11530
4298
19113
29409
32747
28334
17210
2009
-13670
-26112
-32365
-30942
-22178
-8148
7817
21929
30833
32412
26285
13907
-1780
-17047
-28259
-32743
-29429
-19103
-4222
11667
24777
31977
31548
23586
9991
-5992
-20546
-30192
-32619
-27244
-15350
219
15739
27492
32660
30001
20149
5464
-10533
-24006
-31719
-31816
-24270
-10892
5106
19879
29873
32681
27625
15917
373
-15261
-27221
-32621
-30156
-20416
-5748
10308
23879
31684
31836
24293
10875
-5173
-19973
-29942
-32665
-27477
-15633
0
15636
27483
32666
29925
19920
5078
-10999
-24407
-31886
-31615
-23656
-9941
6193
20824
30386
32549
26782
14487
-1341
-16845
-28242
-32749
-29262
-18630
-3445
12583
25539
32252
31078
22301
8064
-8148
-22368
-31111
-32231
-25451
-12429
3643
18824
29387
32737
28047
16465
836
-15001
-27152
-32625
-30072
-20115
-5205
10989
24479
31937
31523
23335
9388
-6876
-21447
-30723
-32412
-26092
-13322
2743
18132
29038
32759
28371
16955
1338
-14612
-26944
-32596
-30164
-20247
-5304
10958
24501
31960
31477
23169
9099
-7236
-21774
-30894
-32323
-25702
-12676
3510
18824
29446
32724
27837
16000
166
-15711
-27666
-32707
-29572
-19041
-3744
12491
25602
32304
30916
21780
7184
-9215
-23305
-31551
-31880
-24205
-10451
5930
20824
30486
32483
26311
13518
-2679
-18204
-29147
-32749
-28098
-16364
-502
15488
27574
32702
29574
18976
3583
-12717
-25806
-32371
-30748
-21345
-6538
9926
23879
31785
31636
23467
9346
-7147
-21830
-30974
-32254
-25342
-11991
4409
19692
29968
32623
26976
14462
-1736
-17495
-28798
-32764
-28377
-16752
-852
15267
27492
32699
29554
18857
3339
-13034
-26077
-32450
-30520
-20777
-5712
10817
24578
32042
31291
22515
7961
-8637
-23021
-31496
-31881
-24075
-10079
6509
21426
30833
32307
25463
12062
-4448
-19815
-30076
-32585
-26689
-13907
2465
18204
29244
32732
27762
15616
-569
-16610
-28356
-32765
-28692
-17189
-1231
15047
27428
32699
29490
18630
2932
-13528
-26478
-32552
-30168
-19943
-4530
12062
25519
32337
30737
21133
6022
-10659
-24565
-32068
-31208
-22206
-7407
9326
23628
31760
31593
23169
8686
-8070
-22719
-31423
-31903
-24028
-9858
6896
21846
31070
32147
24790
10926
-5807
-21019
-30711
-32336
-25461
-11891
4807
20244
30356
32478
26047
12755
-3899
-19528
-30012
-32581
-26556
-13521
3083
18877
29687
32654
26991
14192
-2362
-18294
-29387
-32703
-27360
-14769
1736
17784
29119
32734
27666
15255
-1206
-17349
-28887
-32752
-27913
-15652
771
16993
28695
32761
28105
15962
-434
-16717
-28547
-32765
-28244
-16186
193
16523
28443
32766
28334
16326
-48
-16412
-28387
-32766
-28374
-16382
0
0
0
0
0
0
0
0
0
0
0
0
0
0
0
0
0
0
0
0
0
0
0
0
0
0
0
0
0
0
0
0
0
0
0
0
0
0
0
0
0
0
0
0
0
0
0
0
0
0
0
0
0
0
0
0
0
0
0
0
0
0
0
0
0
0
0
0
0
0
0
0
0
0
0
0
0
0
0
0
0
0
0
0
0
0
0
0
0
0
0
0
0
0
0
0
0
0
0
0
0
0
0
0
0
0
0
0
0
0
0
0
0
0
0
0
0
0
0
0
0
0
0
0
0
0
0
0
0
0
0
0
0
0
0
0
0
0
0
0
0
0
0
0
0
0
0
0
0
0
0
0
0
0
0
0
0
0
0
0
0
0
0
0
0
0
0
0
0
0
0
0
0
0
0
0
0
0
0
0
0
0
0
0
0
0
0
0
0
0
0
0
0
0
0
0
0
0
0
0
0
0
0
0
0
0
0
0
0
0
0
0
0
0
0
0
0
0
0
0
0
0
0
0
0
0
0
0
0
0
0
0
0
0
0
0
0
0
0
0
0
0
0
0
0
0
0
0
0
0
0
0
0
0
0
0
0
0
0
0
0
0
0
0
0
0
0
0
0
0
0
0
0
0
0
0
0
0
0
0
0
0
0
0
0
0
0
0
0
0
0
0
0
0
0
0
0
0
0
0
0
0
0
0
0
0
0
0
0
0
0
0
0
0
0
0
0
0
0
0
0
0
0
0
0
0
0
0
0
0
0
0
0
0
0
0
0
0
0
0
0
0
0
0
0
0
0
0
0
0
0
0
0
0
0
0
0
0
0
0
0
0
0
0
0
0
0
0
0
0
0
0
0
0
0
0
0
0
0
0
0
0
0
0
0
0
0
0
0
0
0
0
0
0
0
0
0
0
0
0
0
0
0
0
0
0
0
0
0
0
0
0
0
0
0
0
0
0
0
0
0
0
0
0
0
0
0
0
0
0
0
0
0
0
0
0
0
0
0
0
0
0
0
0
0
0
0
0
0
0
0
0
0
0
0
0
0
0
0
0
0
0
0
0
0
0
0
0
0
0
0
0
0
0
0
0
0
0
0
0
0
0
0
0
0
0
0
0
0
0
0
0
0
0
0
0
0
0
0
0
0
0
0
0
0
0
0
0
0
0
0
0
0
0
0
0
0
0
0
0
0
0
0
0
0
0
0
0
0
0
0
0
0
0
0
0
0
0
0
0
0
0
0
0
0
0
0
0
0
0
0
0
0
0
0
0
0
0
0
0
0
0
0
0
0
0
0
0
0
0
0
0
0
0
0
0
0
0
0
0
0
0
0
0
0
0
0
0
0
0
0
0
0
0
0
0
0
0
0
0
0
0
0
0
0
0
0
0
0
0
0
0
0
0
0
0
0
0
0
0
0
0
0
0
0
0
0
0
0
0
0
0
0
0
0
0
0
0
0
0
0
0
0
0
0
0
0
0
0
0
0
0
0
0
0
0
0
0
0
0
0
0
0
0
0
0
0
0
0
0
0
0
0
0
0
0
0
0
0
0
0
0
0
0
0
0
0
0
0
0
0
0
0
0
0
0
0
0
0
0
0
0
0
0
0
0
0
0
0
0
0
0
0
0
0
0
0
0
0
0
0
0
0
0
0
0
0
0
0
0
0
0
0
0
0
0
0
0
0
0
0
0
0
0
0
0
0
0
0
0
0
0
0
0
0
0
0
0
0
0
0
0
0
0
0
0
0
0
0
0
0
0
0
0
0
0
0
0
0
0
0
0
0
0
0
0
0
0
0
0
0
0
0
0
0
0
0
0
0
0
0
0
0
0
0
0
0
0
0
0
0
0
0
0
0
0
0
0
0
0
0
0
0
0
0
0
0
0
0
0
0
0
0
0
0
0
0
0
0
0
0
0
0
0
0
0
0
0
0
0
0
0
0
0
0
0
0
0
0
0
0
0
0
0
0
0
0
0
0
0
0
0
0
0
0
0
0
0
0
0
0
0
0
0
0
0
0
0
0
0
0
0
0
0
0
0
0
0
0
0
0
0
0
0
0
0
0
0
0
0
0
0
0
0
0
0
0
0
0
0
0
0
0
0
0
0
0
0
0
0
0
0
0
0
0
0
0
0
0
0
0
0
0
0
0
0
0
0
0
0
0
0
0
0
0
0
0
0
0
0
20851
20470
19341
17506
15035
12022
8578
4835
931
-2987
-6774
-10292
-13411
-16018
-18022
-19354
-19969
-19853
-19019
-17504
-15373
-12713
-9630
-6242
-2681
920
4429
7717
10666
13175
15160
16559
17332
17467
16971
15880
14249
12151
9677
6929
4016
1050
-1857
-4602
-7088
-9234
-10972
-12254
-13051
-13354
-13172
-12534
-11485
-10083
-8398
-6507
-4492
-2435
-416
1492
3224
4726
5957
6889
7509
7817
7828
7567
7068
6375
5536
4601
3621
2643
1710
860
120
-489
-960
-1290
-1489
-1572
-1562
-1485
-1372
-1254
-1158
-1111
-1134
-1240
-1436
-1721
-2085
-2512
-2977
-3451
-3899
-4286
-4575
-4733
-4729
-4540
-4149
-3549
-2743
-1745
-579
721
2113
3546
4965
6311
7525
8550
9333
9830
10003
9831
9300
8415
7191
5661
3868
1870
-266
-2468
-4656
-6749
-8667
-10336
-11689
-12668
-13231
-13346
-13003
-12205
-10972
-9344
-7372
-5123
-2673
-110
2477
4998
7361
9482
11285
12707
13695
14215
14250
13800
12882
11531
9797
7744
5447
2989
457
-2057
-4468
-6691
-8651
-10284
-11538
-12377
-12778
-12739
-12269
-11395
-10158
-8612
-6818
-4847
-2773
-674
1376
3306
5053
6560
7784
8691
9262
9490
9383
8959
8248
7289
6130
4822
3422
1986
568
-777
-2007
-3082
-3969
-4647
-5105
-5339
-5355
-5169
-4803
-4286
-3650
-2931
-2168
-1395
-649
39
644
1143
1522
1772
1892
1887
1766
1546
1246
889
500
103
-276
-615
-895
-1099
-1214
-1234
-1157
-984
-723
-387
9
449
911
1374
1815
2214
2552
2811
2978
3043
2997
2841
2575
2206
1743
1199
592
-60
-739
-1422
-2088
-2715
-3285
-3778
-4178
-4473
-4650
-4703
-4628
-4424
-4094
-3645
-3084
-2425
-1684
-876
-21
858
1742
2607
3431
4191
4866
5435
5880
6186
6339
6330
6153
5807
5294
4621
3800
2848
1785
637
-568
-1800
-3025
-4206
-5309
-6300
-7144
-7812
-8278
-8520
-8523
-8278
-7784
-7046
-6081
-4908
-3557
-2065
-473
1172
2822
4424
5928
7283
8444
9368
10022
10378
10420
10139
9539
8633
7447
6012
4374
2581
691
-1235
-3136
-4949
-6614
-8074
-9281
-10193
-10780
-11019
-10904
-10438
-9636
-8526
-7146
-5544
-3773
-1896
23
1920
3729
5391
6849
8057
8976
9579
9850
9785
9393
8694
7718
6507
5108
3576
1969
346
-1233
-2714
-4045
-5181
-6088
-6739
-7120
-7224
-7060
-6643
-6000
-5164
-4176
-3083
-1932
-772
347
1383
2295
3050
3623
3997
4165
4129
3899
3494
2942
2274
1527
741
-42
-786
-1451
-2007
-2425
-2685
-2776
-2694
-2443
-2034
-1489
-833
-99
677
1459
2207
2884
3453
3885
4156
4245
4144
3850
3368
2713
1907
978
-38
-1106
-2182
-3224
-4190
-5039
-5737
-6252
-6560
-6643
-6494
-6112
-5506
-4692
-3694
-2545
-1282
53
1418
2764
4048
5225
6254
7100
7734
8133
8281
8174
7812
7205
6372
5337
4132
2793
1362
-117
-1601
-3045
-4405
-5640
-6715
-7597
-8261
-8689
-8868
-8794
-8470
-7905
-7117
-6128
-4968
-3668
-2267
-803
682
2148
3554
4861
6034
7040
7852
8449
8813
8936
8813
8449
7852
7040
6034
4861
3554
2148
682
-803
-2267
-3668
-4968
-6128
-7117
-7905
-8470
-8794
-8868
-8689
-8261
-7597
-6715
-5640
-4405
-3045
-1601
-117
1362
2793
4132
5337
6372
7205
7812
8174
8281
8133
7734
7100
6254
5225
4048
2764
1418
53
-1282
-2545
-3694
-4692
-5506
-6112
-6494
-6643
-6560
-6252
-5737
-5039
-4190
-3224
-2182
-1106
-38
978
1907
2713
3368
3850
4144
4245
4156
3885
3453
2884
2207
1459
677
-99
-833
-1489
-2034
-2443
-2694
-2776
-2685
-2425
-2007
-1451
-786
-42
741
1527
2274
2942
3494
3899
4129
4165
3997
3623
3050
2295
1383
347
-772
-1932
-3083
-4176
-5164
-6000
-6643
-7060
-7224
-7120
-6739
-6088
-5181
-4045
-2714
-1233
346
1969
3576
5108
6507
7718
8694
9393
9785
9850
9579
8976
8057
6849
5391
3729
1920
23
-1896
-3773
-5544
-7146
-8526
-9636
-10438
-10904
-11019
-10780
-10193
-9281
-8074
-6614
-4949
-3136
-1235
691
2581
4374
6012
7447
8633
9539
10139
10420
10378
10022
9368
8444
7283
5928
4424
2822
1172
-473
-2065
-3557
-4908
-6081
-7046
-7784
-8278
-8523
-8520
-8278
-7812
-7144
-6300
-5309
-4206
-3025
-1800
-568
637
1785
2848
3800
4621
5294
5807
6153
6330
6339
6186
5880
5435
4866
4191
3431
2607
1742
858
-21
-876
-1684
-2425
-3084
-3645
-4094
-4424
-4628
-4703
-4650
-4473
-4178
-3778
-3285
-2715
-2088
-1422
-739
-60
592
1199
1743
2206
2575
2841
2997
3043
2978
2811
2552
2214
1815
1374
911
449
9
-387
-723
-984
-1157
-1234
-1214
-1099
-895
-615
-276
103
500
889
1246
1546
1766
1887
1892
1772
1522
1143
644
39
-649
-1395
-2168
-2931
-3650
-4286
-4803
-5169
-5355
-5339
-5105
-4647
-3969
-3082
-2007
-777
568
1986
3422
4822
6130
7289
8248
8959
9383
9490
9262
8691
7784
6560
5053
3306
1376
-674
-2773
-4847
-6818
-8612
-10158
-11395
-12269
-12739
-12778
-12377
-11538
-10284
-8651
-6691
-4468
-2057
457
2989
5447
7744
9797
11531
12882
13800
14250
14215
13695
12707
11285
9482
7361
4998
2477
-110
-2673
-5123
-7372
-9344
-10972
-12205
-13003
-13346
-13231
-12668
-11689
-10336
-8667
-6749
-4656
-2468
-266
1870
3868
5661
7191
8415
9300
9831
10003
9830
9333
8550
7525
6311
4965
3546
2113
721
-579
-1745
-2743
-3549
-4149
-4540
-4729
-4733
-4575
-4286
-3899
-3451
-2977
-2512
-2085
-1721
-1436
-1240
-1134
-1111
-1158
-1254
-1372
-1485
-1562
-1572
-1489
-1290
-960
-489
120
860
1710
2643
3621
4601
5536
6375
7068
7567
7828
7817
7509
6889
5957
4726
3224
1492
-416
-2435
-4492
-6507
-8398
-10083
-11485
-12534
-13172
-13354
-13051
-12254
-10972
-9234
-7088
-4602
-1857
1050
4016
6929
9677
12151
14249
15880
16971
17467
17332
16559
15160
13175
10666
7717
4429
920
-2681
-6242
-9630
-12713
-15373
-17504
-19019
-19853
-19969
-19354
-18022
-16018
-13411
-10292
-6774
-2987
931
4835
8578
12022
15035
17506
19341
20470
0
0
0
0
0
0
0
0
0
0
0
0
0
0
0
0
0
0
0
0
0
0
0
0
0
0
0
0
0
0
0
0
0
0
0
0
0
0
0
0
0
0
0
0
0
0
0
0
0
0
0
0
0
0
0
0
0
0
0
0
0
0
0
0
0
0
0
-14894
-14613
-13783
-12434
-10619
-8409
-5887
-3152
-307
2538
5275
7801
10020
11849
13221
14087
14417
14203
13456
12209
10515
8442
6072
3498
820
-1857
-4434
-6814
-8907
-10638
-11946
-12787
-13135
-12985
-12348
-11258
-9761
-7922
-5815
-3525
-1142
1241
3536
5656
7526
9079
10263
11040
11390
11308
10807
9915
8673
7137
5370
3443
1432
-585
-2535
-4347
-5957
-7312
-8369
-9098
-9480
-9512
-9203
-8574
-7658
-6495
-5135
-3632
-2044
-430
1153
2653
4021
5213
6197
6947
7447
7689
7676
7419
6935
6249
5390
4393
3293
2127
932
-254
-1401
-2477
-3456
-4315
-5037
-5608
-6021
-6271
-6356
-6281
-6052
-5676
-5167
-4535
-3797
-2968
-2066
-1109
-115
893
1897
2876
3806
4667
5436
6092
6616
6987
7191
7213
7045
6679
6117
5363
4427
3328
2087
734
-697
-2167
-3633
-5051
-6373
-7554
-8549
-9320
-9830
-10052
-9967
-9565
-8847
-7822
-6515
-4957
-3191
-1270
746
2795
4809
6718
8455
9956
11166
12035
12527
12616
12291
11555
10425
8934
7126
5058
2798
421
-1992
-4361
-6603
-8640
-10400
-11822
-12855
-13463
-13623
-13330
-12594
-11441
-9912
-8063
-5957
-3670
-1283
1120
3458
5650
7621
9306
10652
11618
12178
12320
12049
11385
10361
9022
7425
5635
3720
1752
-196
-2057
-3768
-5274
-6532
-7507
-8179
-8540
-8594
-8357
-7858
-7131
-6221
-5175
-4045
-2882
-1735
-648
337
1193
1895
2430
2794
2993
3041
2958
2771
2512
2213
1908
1628
1401
1248
1186
1222
1357
1583
1883
2235
2611
2978
3301
3545
3676
3665
3487
3126
2573
1831
910
-165
-1366
-2650
-3971
-5275
-6505
-7606
-8521
-9200
-9598
-9682
-9426
-8821
-7869
-6586
-5004
-3166
-1129
1039
3266
5471
7574
9494
11153
12485
13429
13942
13991
13565
12665
11313
9547
7423
5007
2382
-363
-3135
-5835
-8367
-10641
-12575
-14098
-15155
-15705
-15728
-15222
-14203
-12707
-10787
-8510
-5957
-3219
-391
2426
5136
7644
9866
11728
13169
14146
14631
14615
14110
13141
11752
10001
7958
5702
3317
891
-1489
-3742
-5791
-7570
-9027
-10120
-10824
-11129
-11041
-10580
-9778
-8681
-7343
-5825
-4192
-2512
-848
734
2184
3451
4500
5303
5847
6127
6153
5942
5523
4931
4206
3392
2536
1681
869
136
-486
-977
-1320
-1510
-1550
-1452
-1233
-919
-539
-125
287
667
983
1207
1318
1302
1150
862
447
-78
-694
-1371
-2076
-2773
-3425
-3996
-4452
-4761
-4900
-4850
-4602
-4153
-3512
-2693
-1722
-629
546
1763
2975
4135
5196
6115
6853
7377
7660
7686
7447
6945
6194
5214
4038
2703
1255
-257
-1780
-3260
-4646
-5888
-6942
-7770
-8342
-8638
-8647
-8368
-7813
-6999
-5957
-4723
-3341
-1858
-327
1198
2668
4031
5241
6261
7056
7603
7888
7905
7658
7161
6436
5513
4428
3222
1941
630
-663
-1895
-3022
-4009
-4825
-5444
-5852
-6039
-6007
-5763
-5323
-4710
-3953
-3083
-2138
-1156
-176
764
1632
2394
3025
3504
3817
3958
3926
3728
3377
2894
2302
1630
909
172
-548
-1221
-1816
-2308
-2675
-2902
-2978
-2902
-2675
-2308
-1816
-1221
-548
172
909
1630
2302
2894
3377
3728
3926
3958
3817
3504
3025
2394
1632
764
-176
-1156
-2138
-3083
-3953
-4710
-5323
-5763
-6007
-6039
-5852
-5444
-4825
-4009
-3022
-1895
-663
630
1941
3222
4428
5513
6436
7161
7658
7905
7888
7603
7056
6261
5241
4031
2668
1198
-327
-1858
-3341
-4723
-5957
-6999
-7813
-8368
-8647
-8638
-8342
-7770
-6942
-5888
-4646
-3260
-1780
-257
1255
2703
4038
5214
6194
6945
7447
7686
7660
7377
6853
6115
5196
4135
2975
1763
546
-629
-1722
-2693
-3512
-4153
-4602
-4850
-4900
-4761
-4452
-3996
-3425
-2773
-2076
-1371
-694
-78
447
862
1150
1302
1318
1207
983
667
287
-125
-539
-919
-1233
-1452
-1550
-1510
-1320
-977
-486
136
869
1681
2536
3392
4206
4931
5523
5942
6153
6127
5847
5303
4500
3451
2184
734
-848
-2512
-4192
-5825
-7343
-8681
-9778
-10580
-11041
-11129
-10824
-10120
-9027
-7570
-5791
-3742
-1489
891
3317
5702
7958
10001
11752
13141
14110
14615
14631
14146
13169
11728
9866
7644
5136
2426
-391
-3219
-5957
-8510
-10787
-12707
-14203
-15222
-15728
-15705
-15155
-14098
-12575
-10641
-8367
-5835
-3135
-363
2382
5007
7423
9547
11313
12665
13565
13991
13942
13429
12485
11153
9494
7574
5471
3266
1039
-1129
-3166
-5004
-6586
-7869
-8821
-9426
-9682
-9598
-9200
-8521
-7606
-6505
-5275
-3971
-2650
-1366
-165
910
1831
2573
3126
3487
3665
3676
3545
3301
2978
2611
2235
1883
1583
1357
1222
1186
1248
1401
1628
1908
2213
2512
2771
2958
3041
2993
2794
2430
1895
1193
337
-648
-1735
-2882
-4045
-5175
-6221
-7131
-7858
-8357
-8594
-8540
-8179
-7507
-6532
-5274
-3768
-2057
-196
1752
3720
5635
7425
9022
10361
11385
12049
12320
12178
11618
10652
9306
7621
5650
3458
1120
-1283
-3670
-5957
-8063
-9912
-11441
-12594
-13330
-13623
-13463
-12855
-11822
-10400
-8640
-6603
-4361
-1992
421
2798
5058
7126
8934
10425
11555
12291
12616
12527
12035
11166
9956
8455
6718
4809
2795
746
-1270
-3191
-4957
-6515
-7822
-8847
-9565
-9967
-10052
-9830
-9320
-8549
-7554
-6373
-5051
-3633
-2167
-697
734
2087
3328
4427
5363
6117
6679
7045
7213
7191
6987
6616
6092
5436
4667
3806
2876
1897
893
-115
-1109
-2066
-2968
-3797
-4535
-5167
-5676
-6052
-6281
-6356
-6271
-6021
-5608
-5037
-4315
-3456
-2477
-1401
-254
932
2127
3293
4393
5390
6249
6935
7419
7676
7689
7447
6947
6197
5213
4021
2653
1153
-430
-2044
-3632
-5135
-6495
-7658
-8574
-9203
-9512
-9480
-9098
-8369
-7312
-5957
-4347
-2535
-585
1432
3443
5370
7137
8673
9915
10807
11308
11390
11040
10263
9079
7526
5656
3536
1241
-1142
-3525
-5815
-7922
-9761
-11258
-12348
-12985
-13135
-12787
-11946
-10638
-8907
-6814
-4434
-1857
820
3498
6072
8442
10515
12209
13456
14203
14417
14087
13221
11849
10020
7801
5275
2538
-307
-3152
-5887
-8409
-10619
-12434
-13783
-14613
0
0
0
0
0
0
0
0
0
0
0
0
0
0
0
0
0
0
0
0
0
0
0
0
0
0
0
0
0
0
0
0
0
0
0
0
0
0
0
0
0
0
0
0
0
0
0
0
0
0
0
0
0
0
0
0
0
0
0
0
0
0
0
0
0
0
0
-2978
-2910
-2708
-2380
-1937
-1397
-779
-107
592
1293
1967
2586
3124
3558
3865
4030
4041
3889
3574
3102
2481
1729
867
-76
-1071
-2085
-3080
-4020
-4867
-5587
-6148
-6521
-6685
-6624
-6329
-5800
-5044
-4078
-2925
-1618
-196
1298
2815
4303
5711
6986
8079
8946
9549
9857
9848
9513
8850
7872
6601
5071
3325
1417
-595
-2645
-4666
-6588
-8344
-9870
-11110
-12016
-12548
-12682
-12404
-11716
-10632
-9182
-7407
-5363
-3112
-728
1710
4125
6434
8558
10425
11970
13139
13889
14193
14037
13426
12376
10921
9110
7001
4665
2180
-371
-2904
-5334
-7581
-9570
-11237
-12528
-13402
-13836
-13817
-13351
-12459
-11176
-9548
-7637
-5508
-3237
-903
1416
3644
5707
7541
9088
10304
11156
11624
11704
11404
10743
9755
8484
6981
5304
3515
1680
-138
-1880
-3488
-4914
-6117
-7067
-7741
-8130
-8234
-8064
-7640
-6988
-6146
-5151
-4047
-2881
-1695
-533
564
1564
2436
3158
3716
4100
4310
4353
4239
3987
3618
3157
2631
2066
1489
925
398
-74
-477
-799
-1034
-1180
-1240
-1220
-1130
-983
-792
-573
-343
-116
92
271
409
499
534
514
439
313
140
-69
-308
-564
-825
-1082
-1321
-1532
-1706
-1835
-1911
-1931
-1891
-1791
-1630
-1413
-1142
-825
-468
-79
332
757
1184
1604
2005
2377
2710
2993
3218
3375
3458
3460
3375
3202
2938
2585
2145
1625
1033
379
-322
-1057
-1805
-2549
-3265
-3933
-4529
-5032
-5422
-5679
-5788
-5737
-5517
-5127
-4567
-3846
-2978
-1982
-882
291
1506
2726
3911
5023
6024
6877
7548
8009
8238
8219
7945
7416
6642
5641
4439
3071
1576
2
-1602
-3185
-4693
-6076
-7286
-8281
-9024
-9488
-9656
-9519
-9078
-8348
-7350
-6118
-4691
-3118
-1450
254
1941
3552
5035
6341
7430
8266
8825
9095
9070
8759
8177
7351
6316
5112
3786
2387
964
-432
-1756
-2965
-4024
-4904
-5584
-6052
-6305
-6348
-6194
-5863
-5382
-4781
-4091
-3348
-2584
-1831
-1116
-463
111
595
985
1280
1489
1623
1697
1731
1745
1758
1788
1850
1957
2114
2322
2576
2865
3171
3475
3750
3970
4107
4134
4025
3762
3330
2722
1939
991
-100
-1310
-2599
-3926
-5238
-6485
-7610
-8559
-9282
-9734
-9876
-9682
-9137
-8239
-7000
-5446
-3619
-1570
633
2918
5205
7408
9442
11227
12685
13750
14370
14506
14136
13258
11889
10062
7834
5274
2467
-489
-3493
-6434
-9203
-11697
-13820
-15488
-16632
-17202
-17171
-16530
-15296
-13508
-11224
-8524
-5502
-2267
1063
4369
7528
10425
12953
15017
16542
17472
17772
17432
16467
14914
12833
10303
7420
4293
1041
-2215
-5355
-8262
-10830
-12968
-14601
-15674
-16155
-16035
-15328
-14070
-12319
-10149
-7651
-4928
-2086
761
3507
6047
8289
10154
11579
12522
12958
12887
12326
11313
9902
8162
6175
4029
1815
-372
-2448
-4329
-5947
-7246
-8185
-8740
-8905
-8691
-8125
-7249
-6117
-4791
-3342
-1842
-362
1027
2269
3309
4107
4638
4890
4863
4575
4055
3343
2487
1542
568
-377
-1239
-1966
-2518
-2861
-2978
-2861
-2518
-1966
-1239
-377
568
1542
2487
3343
4055
4575
4863
4890
4638
4107
3309
2269
1027
-362
-1842
-3342
-4791
-6117
-7249
-8125
-8691
-8905
-8740
-8185
-7246
-5947
-4329
-2448
-372
1815
4029
6175
8162
9902
11313
12326
12887
12958
12522
11579
10154
8289
6047
3507
761
-2086
-4928
-7651
-10149
-12319
-14070
-15328
-16035
-16155
-15674
-14601
-12968
-10830
-8262
-5355
-2215
1041
4293
7420
10303
12833
14914
16467
17432
17772
17472
16542
15017
12953
10425
7528
4369
1063
-2267
-5502
-8524
-11224
-13508
-15296
-16530
-17171
-17202
-16632
-15488
-13820
-11697
-9203
-6434
-3493
-489
2467
5274
7834
10062
11889
13258
14136
14506
14370
13750
12685
11227
9442
7408
5205
2918
633
-1570
-3619
-5446
-7000
-8239
-9137
-9682
-9876
-9734
-9282
-8559
-7610
-6485
-5238
-3926
-2599
-1310
-100
991
1939
2722
3330
3762
4025
4134
4107
3970
3750
3475
3171
2865
2576
2322
2114
1957
1850
1788
1758
1745
1731
1697
1623
1489
1280
985
595
111
-463
-1116
-1831
-2584
-3348
-4091
-4781
-5382
-5863
-6194
-6348
-6305
-6052
-5584
-4904
-4024
-2965
-1756
-432
964
2387
3786
5112
6316
7351
8177
8759
9070
9095
8825
8266
7430
6341
5035
3552
1941
254
-1450
-3118
-4691
-6118
-7350
-8348
-9078
-9519
-9656
-9488
-9024
-8281
-7286
-6076
-4693
-3185
-1602
2
1576
3071
4439
5641
6642
7416
7945
8219
8238
8009
7548
6877
6024
5023
3911
2726
1506
291
-882
-1982
-2978
-3846
-4567
-5127
-5517
-5737
-5788
-5679
-5422
-5032
-4529
-3933
-3265
-2549
-1805
-1057
-322
379
1033
1625
2145
2585
2938
3202
3375
3460
3458
3375
3218
2993
2710
2377
2005
1604
1184
757
332
-79
-468
-825
-1142
-1413
-1630
-1791
-1891
-1931
-1911
-1835
-1706
-1532
-1321
-1082
-825
-564
-308
-69
140
313
439
514
534
499
409
271
92
-116
-343
-573
-792
-983
-1130
-1220
-1240
-1180
-1034
-799
-477
-74
398
925
1489
2066
2631
3157
3618
3987
4239
4353
4310
4100
3716
3158
2436
1564
564
-533
-1695
-2881
-4047
-5151
-6146
-6988
-7640
-8064
-8234
-8130
-7741
-7067
-6117
-4914
-3488
-1880
-138
1680
3515
5304
6981
8484
9755
10743
11404
11704
11624
11156
10304
9088
7541
5707
3644
1416
-903
-3237
-5508
-7637
-9548
-11176
-12459
-13351
-13817
-13836
-13402
-12528
-11237
-9570
-7581
-5334
-2904
-371
2180
4665
7001
9110
10921
12376
13426
14037
14193
13889
13139
11970
10425
8558
6434
4125
1710
-728
-3112
-5363
-7407
-9182
-10632
-11716
-12404
-12682
-12548
-12016
-11110
-9870
-8344
-6588
-4666
-2645
-595
1417
3325
5071
6601
7872
8850
9513
9848
9857
9549
8946
8079
6986
5711
4303
2815
1298
-196
-1618
-2925
-4078
-5044
-5800
-6329
-6624
-6685
-6521
-6148
-5587
-4867
-4020
-3080
-2085
-1071
-76
867
1729
2481
3102
3574
3889
4041
4030
3865
3558
3124
2586
1967
1293
592
-107
-779
-1397
-1937
-2380
-2708
-2910
0
0
0
0
0
0
0
0
0
0
0
0
0
0
0
0
0
0
0
0
0
0
0
0
0
0
0
0
0
0
0
0
0
0
0
0
0
0
0
0
0
0
0
0
0
0
0
0
0
0
0
0
0
0
0
0
0
0
0
0
0
0
0
0
0
0
0
14894
14586
13675
12198
10216
7809
5077
2130
-909
-3918
-6774
-9360
-11570
-13314
-14521
-15141
-15149
-14545
-13353
-11620
-9416
-6829
-3964
-934
2138
5133
7931
10422
12507
14107
15160
15627
15491
14762
13470
11668
9429
6843
4011
1045
-1941
-4833
-7523
-9910
-11908
-13446
-14474
-14959
-14892
-14286
-13172
-11602
-9644
-7378
-4896
-2294
327
2872
5250
7376
9181
10610
11623
12197
12329
12030
11330
10271
8909
7307
5536
3669
1780
-61
-1790
-3352
-4699
-5798
-6626
-7175
-7447
-7456
-7228
-6793
-6192
-5467
-4660
-3816
-2975
-2172
-1436
-789
-244
192
524
761
920
1022
1090
1150
1227
1343
1516
1758
2076
2466
2922
3425
3954
4478
4965
5379
5684
5845
5831
5617
5184
4522
3634
2530
1233
-223
-1797
-3437
-5086
-6681
-8158
-9453
-10508
-11268
-11689
-11736
-11390
-10642
-9501
-7992
-6153
-4035
-1706
761
3283
5773
8143
10306
12181
13695
14787
15411
15536
15147
14250
12868
11041
8826
6296
3532
627
-2319
-5208
-7941
-10425
-12575
-14317
-15592
-16358
-16589
-16280
-15443
-14110
-12327
-10158
-7680
-4977
-2142
728
3538
6195
8614
10719
12444
13741
14575
14928
14799
14203
13172
11750
9994
7971
5754
3422
1054
-1272
-3482
-5509
-7294
-8789
-9956
-10771
-11223
-11313
-11053
-10469
-9594
-8470
-7144
-5669
-4100
-2490
-892
644
2075
3363
4477
5394
6099
6586
6854
6912
6773
6457
5987
5389
4692
3924
3113
2287
1469
683
-52
-723
-1319
-1831
-2254
-2590
-2838
-3004
-3093
-3113
-3072
-2978
-2841
-2668
-2466
-2244
-2006
-1758
-1504
-1248
-992
-739
-490
-247
-11
216
434
640
835
1015
1180
1328
1459
1571
1663
1735
1786
1817
1828
1819
1790
1742
1675
1590
1486
1364
1222
1060
877
673
446
196
-76
-371
-686
-1019
-1364
-1716
-2067
-2409
-2732
-3025
-3274
-3468
-3595
-3642
-3600
-3458
-3212
-2857
-2393
-1826
-1162
-415
399
1261
2146
3028
3876
4663
5356
5928
6351
6603
6663
6520
6166
5600
4831
3873
2749
1489
128
-1291
-2726
-4128
-5447
-6638
-7654
-8455
-9006
-9281
-9261
-8939
-8315
-7403
-6225
-4817
-3218
-1480
340
2183
3987
5689
7228
8549
9604
10351
10762
10817
10511
9850
8853
7552
5989
4217
2294
289
-1731
-3696
-5538
-7191
-8598
-9711
-10489
-10908
-10952
-10621
-9929
-8901
-7575
-6000
-4232
-2335
-378
1569
3439
5167
6691
7961
8934
9581
9882
9831
9437
8719
7707
6444
4978
3368
1673
-42
-1718
-3293
-4711
-5926
-6898
-7596
-8002
-8109
-7918
-7447
-6717
-5765
-4630
-3359
-2004
-617
748
2044
3224
4245
5076
5691
6073
6215
6120
5798
5269
4559
3701
2733
1694
626
-429
-1432
-2347
-3142
-3790
-4271
-4574
-4692
-4626
-4386
-3987
-3448
-2794
-2054
-1259
-440
369
1142
1849
2466
2973
3354
3599
3703
3667
3496
3200
2793
2294
1723
1102
456
-192
-820
-1406
-1931
-2377
-2731
-2984
-3128
-3161
-3085
-2904
-2626
-2263
-1827
-1335
-803
-249
307
849
1359
1821
2220
2544
2783
2929
2978
2929
2783
2544
2220
1821
1359
849
307
-249
-803
-1335
-1827
-2263
-2626
-2904
-3085
-3161
-3128
-2984
-2731
-2377
-1931
-1406
-820
-192
456
1102
1723
2294
2793
3200
3496
3667
3703
3599
3354
2973
2466
1849
1142
369
-440
-1259
-2054
-2794
-3448
-3987
-4386
-4626
-4692
-4574
-4271
-3790
-3142
-2347
-1432
-429
626
1694
2733
3701
4559
5269
5798
6120
6215
6073
5691
5076
4245
3224
2044
748
-617
-2004
-3359
-4630
-5765
-6717
-7447
-7918
-8109
-8002
-7596
-6898
-5926
-4711
-3293
-1718
-42
1673
3368
4978
6444
7707
8719
9437
9831
9882
9581
8934
7961
6691
5167
3439
1569
-378
-2335
-4232
-6000
-7575
-8901
-9929
-10621
-10952
-10908
-10489
-9711
-8598
-7191
-5538
-3696
-1731
289
2294
4217
5989
7552
8853
9850
10511
10817
10762
10351
9604
8549
7228
5689
3987
2183
340
-1480
-3218
-4817
-6225
-7403
-8315
-8939
-9261
-9281
-9006
-8455
-7654
-6638
-5447
-4128
-2726
-1291
128
1489
2749
3873
4831
5600
6166
6520
6663
6603
6351
5928
5356
4663
3876
3028
2146
1261
399
-415
-1162
-1826
-2393
-2857
-3212
-3458
-3600
-3642
-3595
-3468
-3274
-3025
-2732
-2409
-2067
-1716
-1364
-1019
-686
-371
-76
196
446
673
877
1060
1222
1364
1486
1590
1675
1742
1790
1819
1828
1817
1786
1735
1663
1571
1459
1328
1180
1015
835
640
434
216
-11
-247
-490
-739
-992
-1248
-1504
-1758
-2006
-2244
-2466
-2668
-2841
-2978
-3072
-3113
-3093
-3004
-2838
-2590
-2254
-1831
-1319
-723
-52
683
1469
2287
3113
3924
4692
5389
5987
6457
6773
6912
6854
6586
6099
5394
4477
3363
2075
644
-892
-2490
-4100
-5669
-7144
-8470
-9594
-10469
-11053
-11313
-11223
-10771
-9956
-8789
-7294
-5509
-3482
-1272
1054
3422
5754
7971
9994
11750
13172
14203
14799
14928
14575
13741
12444
10719
8614
6195
3538
728
-2142
-4977
-7680
-10158
-12327
-14110
-15443
-16280
-16589
-16358
-15592
-14317
-12575
-10425
-7941
-5208
-2319
627
3532
6296
8826
11041
12868
14250
15147
15536
15411
14787
13695
12181
10306
8143
5773
3283
761
-1706
-4035
-6153
-7992
-9501
-10642
-11390
-11736
-11689
-11268
-10508
-9453
-8158
-6681
-5086
-3437
-1797
-223
1233
2530
3634
4522
5184
5617
5831
5845
5684
5379
4965
4478
3954
3425
2922
2466
2076
1758
1516
1343
1227
1150
1090
1022
920
761
524
192
-244
-789
-1436
-2172
-2975
-3816
-4660
-5467
-6192
-6793
-7228
-7456
-7447
-7175
-6626
-5798
-4699
-3352
-1790
-61
1780
3669
5536
7307
8909
10271
11330
12030
12329
12197
11623
10610
9181
7376
5250
2872
327
-2294
-4896
-7378
-9644
-11602
-13172
-14286
-14892
-14959
-14474
-13446
-11908
-9910
-7523
-4833
-1941
1045
4011
6843
9429
11668
13470
14762
15491
15627
15160
14107
12507
10422
7931
5133
2138
-934
-3964
-6829
-9416
-11620
-13353
-14545
-15149
-15141
-14521
-13314
-11570
-9360
-6774
-3918
-909
2130
5077
7809
10216
12198
13675
14586
0
0
0
0
0
0
0
0
0
0
0
0
0
0
0
0
0
0
0
0
0
0
0
0
0
0
0
0
0
0
0
0
0
0
0
0
0
0
0
0
0
0
0
0
0
0
0
0
0
0
0
0
0
0
0
0
0
0
0
0
0
0
0
0
0
0
0
2978
2956
2888
2775
2616
2412
2163
1870
1534
1158
746
302
-166
-654
-1150
-1644
-2125
-2582
-3000
-3367
-3670
-3898
-4040
-4087
-4033
-3873
-3606
-3234
-2763
-2202
-1561
-856
-105
673
1457
2224
2952
3618
4202
4684
5047
5278
5366
5307
5097
4741
4246
3623
2888
2061
1163
220
-741
-1695
-2613
-3469
-4239
-4898
-5428
-5812
-6039
-6100
-5992
-5718
-5283
-4698
-3979
-3144
-2216
-1218
-179
873
1912
2908
3832
4661
5369
5937
6347
6587
6648
6526
6222
5741
5094
4297
3368
2331
1212
42
-1147
-2324
-3455
-4506
-5446
-6245
-6878
-7321
-7557
-7574
-7366
-6934
-6283
-5429
-4392
-3198
-1880
-474
976
2428
3837
5156
6340
7348
8142
8691
8970
8963
8661
8066
7191
6057
4695
3144
1453
-324
-2130
-3903
-5581
-7103
-8413
-9459
-10198
-10597
-10633
-10295
-9587
-8525
-7138
-5469
-3569
-1503
658
2841
4965
6953
8730
10225
11380
12143
12479
12368
11802
10795
9375
7584
5482
3141
642
-1925
-4468
-6891
-9104
-11020
-12563
-13669
-14292
-14399
-13977
-13036
-11600
-9716
-7447
-4872
-2081
824
3739
6556
9168
11477
13394
14844
15767
16125
15898
15089
13723
11845
9521
6832
3874
756
-2409
-5507
-8422
-11047
-13284
-15050
-16279
-16924
-16962
-16390
-15230
-13523
-11332
-8739
-5839
-2739
447
3604
6616
9374
11779
13746
15208
16115
16440
16177
15343
13976
12131
9883
7319
4540
1648
-1247
-4040
-6633
-8932
-10862
-12360
-13381
-13899
-13910
-13427
-12482
-11123
-9415
-7432
-5257
-2978
-685
1535
3602
5445
7003
8229
9091
9574
9679
9421
8829
7947
6827
5529
4116
2656
1212
-154
-1390
-2450
-3302
-3921
-4298
-4436
-4348
-4059
-3602
-3017
-2350
-1647
-954
-317
225
643
911
1016
954
733
369
-111
-677
-1287
-1900
-2471
-2958
-3321
-3527
-3547
-3366
-2976
-2380
-1594
-641
440
1611
2819
4012
5133
6128
6946
7540
7874
7919
7660
7093
6229
5089
3708
2134
420
-1369
-3168
-4907
-6517
-7933
-9097
-9960
-10483
-10642
-10425
-9836
-8891
-7623
-6076
-4306
-2378
-361
1668
3638
5474
7111
8488
9559
10286
10646
10631
10247
9514
8464
7143
5606
3913
2131
329
-1425
-3069
-4545
-5802
-6803
-7518
-7933
-8044
-7863
-7409
-6715
-5821
-4774
-3625
-2427
-1233
-94
945
1849
2585
3134
3485
3638
3603
3399
3052
2595
2064
1498
938
421
-19
-355
-566
-638
-568
-360
-27
409
920
1473
2029
2551
2999
3337
3533
3561
3403
3050
2502
1770
872
-160
-1291
-2477
-3670
-4817
-5867
-6770
-7480
-7958
-8171
-8098
-7727
-7059
-6107
-4895
-3458
-1841
-99
1710
3522
5273
6897
8334
9528
10434
11014
11243
11106
10605
9751
8571
7100
5388
3489
1466
-613
-2681
-4670
-6516
-8158
-9545
-10635
-11394
-11803
-11851
-11543
-10892
-9925
-8677
-7190
-5515
-3706
-1821
82
1948
3723
5358
6810
8044
9033
9756
10203
10371
10267
9902
9295
8472
7460
6293
5003
3626
2197
751
-681
-2068
-3382
-4599
-5696
-6655
-7460
-8099
-8562
-8842
-8936
-8842
-8562
-8099
-7460
-6655
-5696
-4599
-3382
-2068
-681
751
2197
3626
5003
6293
7460
8472
9295
9902
10267
10371
10203
9756
9033
8044
6810
5358
3723
1948
82
-1821
-3706
-5515
-7190
-8677
-9925
-10892
-11543
-11851
-11803
-11394
-10635
-9545
-8158
-6516
-4670
-2681
-613
1466
3489
5388
7100
8571
9751
10605
11106
11243
11014
10434
9528
8334
6897
5273
3522
1710
-99
-1841
-3458
-4895
-6107
-7059
-7727
-8098
-8171
-7958
-7480
-6770
-5867
-4817
-3670
-2477
-1291
-160
872
1770
2502
3050
3403
3561
3533
3337
2999
2551
2029
1473
920
409
-27
-360
-568
-638
-566
-355
-19
421
938
1498
2064
2595
3052
3399
3603
3638
3485
3134
2585
1849
945
-94
-1233
-2427
-3625
-4774
-5821
-6715
-7409
-7863
-8044
-7933
-7518
-6803
-5802
-4545
-3069
-1425
329
2131
3913
5606
7143
8464
9514
10247
10631
10646
10286
9559
8488
7111
5474
3638
1668
-361
-2378
-4306
-6076
-7623
-8891
-9836
-10425
-10642
-10483
-9960
-9097
-7933
-6517
-4907
-3168
-1369
420
2134
3708
5089
6229
7093
7660
7919
7874
7540
6946
6128
5133
4012
2819
1611
440
-641
-1594
-2380
-2976
-3366
-3547
-3527
-3321
-2958
-2471
-1900
-1287
-677
-111
369
733
954
1016
911
643
225
-317
-954
-1647
-2350
-3017
-3602
-4059
-4348
-4436
-4298
-3921
-3302
-2450
-1390
-154
1212
2656
4116
5529
6827
7947
8829
9421
9679
9574
9091
8229
7003
5445
3602
1535
-685
-2978
-5257
-7432
-9415
-11123
-12482
-13427
-13910
-13899
-13381
-12360
-10862
-8932
-6633
-4040
-1247
1648
4540
7319
9883
12131
13976
15343
16177
16440
16115
15208
13746
11779
9374
6616
3604
447
-2739
-5839
-8739
-11332
-13523
-15230
-16390
-16962
-16924
-16279
-15050
-13284
-11047
-8422
-5507
-2409
756
3874
6832
9521
11845
13723
15089
15898
16125
15767
14844
13394
11477
9168
6556
3739
824
-2081
-4872
-7447
-9716
-11600
-13036
-13977
-14399
-14292
-13669
-12563
-11020
-9104
-6891
-4468
-1925
642
3141
5482
7584
9375
10795
11802
12368
12479
12143
11380
10225
8730
6953
4965
2841
658
-1503
-3569
-5469
-7138
-8525
-9587
-10295
-10633
-10597
-10198
-9459
-8413
-7103
-5581
-3903
-2130
-324
1453
3144
4695
6057
7191
8066
8661
8963
8970
8691
8142
7348
6340
5156
3837
2428
976
-474
-1880
-3198
-4392
-5429
-6283
-6934
-7366
-7574
-7557
-7321
-6878
-6245
-5446
-4506
-3455
-2324
-1147
42
1212
2331
3368
4297
5094
5741
6222
6526
6648
6587
6347
5937
5369
4661
3832
2908
1912
873
-179
-1218
-2216
-3144
-3979
-4698
-5283
-5718
-5992
-6100
-6039
-5812
-5428
-4898
-4239
-3469
-2613
-1695
-741
220
1163
2061
2888
3623
4246
4741
5097
5307
5366
5278
5047
4684
4202
3618
2952
2224
1457
673
-105
-856
-1561
-2202
-2763
-3234
-3606
-3873
-4033
-4087
-4040
-3898
-3670
-3367
-3000
-2582
-2125
-1644
-1150
-654
-166
302
746
1158
1534
1870
2163
2412
2616
2775
2888
2956
0
0
0
0
0
0
0
0
0
0
0
0
0
0
0
0
0
0
0
0
0
0
0
0
0
0
0
0
0
0
0
0
0
0
0
0
0
0
0
0
0
0
0
0
0
0
0
0
0
0
0
0
0
0
0
0
0
0
0
0
0
0
0
0
0
0
0
2978
2842
2441
1798
950
-54
-1157
-2292
-3391
-4384
-5208
-5802
-6120
-6125
-5796
-5130
-4138
-2850
-1310
421
2275
4171
6023
7745
9254
10470
11326
11768
11756
11271
10311
8898
7070
4886
2422
-233
-2980
-5712
-8321
-10700
-12750
-14380
-15519
-16109
-16115
-15524
-14348
-12620
-10395
-7751
-4782
-1594
1693
4958
8077
10931
13412
15422
16884
17739
17954
17517
16444
14773
12566
9907
6896
3644
275
-3083
-6308
-9279
-11885
-14032
-15644
-16664
-17061
-16825
-15975
-14548
-12606
-10230
-7517
-4575
-1518
1533
4464
7164
9534
11488
12961
13904
14293
14123
13415
12208
10560
8546
6256
3785
1237
-1285
-3681
-5858
-7733
-9239
-10324
-10954
-11116
-10813
-10071
-8931
-7449
-5695
-3749
-1697
374
2376
4228
5854
7191
8189
8811
9040
8873
8324
7422
6211
4747
3096
1328
-480
-2253
-3918
-5407
-6662
-7632
-8281
-8586
-8539
-8144
-7420
-6399
-5124
-3647
-2028
-329
1380
3039
4582
5953
7103
7992
8588
8875
8844
8501
7861
6951
5806
4468
2986
1412
-198
-1792
-3318
-4726
-5973
-7023
-7846
-8421
-8734
-8781
-8566
-8102
-7405
-6502
-5422
-4201
-2873
-1479
-57
1353
2717
3998
5165
6190
7050
7725
8202
8470
8525
8367
8000
7434
6681
5759
4688
3492
2198
834
-566
-1974
-3353
-4671
-5895
-6991
-7931
-8686
-9233
-9552
-9627
-9451
-9019
-8336
-7413
-6266
-4922
-3412
-1771
-43
1724
3483
5183
6772
8201
9424
10399
11090
11472
11525
11239
10618
9673
8426
6910
5168
3249
1210
-887
-2978
-4998
-6883
-8572
-10011
-11153
-11958
-12401
-12466
-12149
-11459
-10418
-9059
-7426
-5570
-3552
-1437
706
2811
4810
6640
8244
9574
10591
11267
11584
11540
11142
10410
9373
8072
6555
4874
3089
1258
-557
-2301
-3920
-5366
-6600
-7590
-8314
-8761
-8927
-8820
-8456
-7858
-7058
-6091
-4997
-3817
-2593
-1366
-174
947
1970
2869
3627
4232
4679
4969
5107
5105
4977
4741
4417
4023
3580
3106
2620
2134
1661
1209
783
387
20
-318
-635
-932
-1215
-1489
-1756
-2020
-2279
-2533
-2776
-3004
-3206
-3375
-3499
-3567
-3569
-3494
-3335
-3086
-2744
-2310
-1787
-1185
-514
209
966
1736
2495
3220
3885
4466
4942
5293
5504
5561
5459
5196
4775
4205
3501
2682
1771
795
-216
-1233
-2224
-3158
-4006
-4742
-5342
-5790
-6071
-6176
-6105
-5860
-5448
-4885
-4187
-3378
-2481
-1524
-536
455
1422
2336
3175
3916
4541
5037
5392
5600
5661
5575
5349
4993
4517
3937
3269
2532
1744
925
93
-730
-1530
-2287
-2986
-3613
-4154
-4599
-4938
-5165
-5273
-5261
-5126
-4871
-4498
-4014
-3427
-2748
-1989
-1166
-297
598
1500
2386
3232
4016
4714
5305
5768
6086
6245
6234
6046
5680
5141
4438
3585
2603
1518
358
-841
-2047
-3221
-4324
-5320
-6175
-6855
-7336
-7595
-7618
-7400
-6940
-6248
-5342
-4247
-2995
-1624
-178
1295
2749
4132
5399
6502
7404
8070
8476
8602
8443
8000
7285
6319
5135
3769
2268
683
-934
-2527
-4041
-5424
-6628
-7610
-8338
-8785
-8936
-8785
-8338
-7610
-6628
-5424
-4041
-2527
-934
683
2268
3769
5135
6319
7285
8000
8443
8602
8476
8070
7404
6502
5399
4132
2749
1295
-178
-1624
-2995
-4247
-5342
-6248
-6940
-7400
-7618
-7595
-7336
-6855
-6175
-5320
-4324
-3221
-2047
-841
358
1518
2603
3585
4438
5141
5680
6046
6234
6245
6086
5768
5305
4714
4016
3232
2386
1500
598
-297
-1166
-1989
-2748
-3427
-4014
-4498
-4871
-5126
-5261
-5273
-5165
-4938
-4599
-4154
-3613
-2986
-2287
-1530
-730
93
925
1744
2532
3269
3937
4517
4993
5349
5575
5661
5600
5392
5037
4541
3916
3175
2336
1422
455
-536
-1524
-2481
-3378
-4187
-4885
-5448
-5860
-6105
-6176
-6071
-5790
-5342
-4742
-4006
-3158
-2224
-1233
-216
795
1771
2682
3501
4205
4775
5196
5459
5561
5504
5293
4942
4466
3885
3220
2495
1736
966
209
-514
-1185
-1787
-2310
-2744
-3086
-3335
-3494
-3569
-3567
-3499
-3375
-3206
-3004
-2776
-2533
-2279
-2020
-1756
-1489
-1215
-932
-635
-318
20
387
783
1209
1661
2134
2620
3106
3580
4023
4417
4741
4977
5105
5107
4969
4679
4232
3627
2869
1970
947
-174
-1366
-2593
-3817
-4997
-6091
-7058
-7858
-8456
-8820
-8927
-8761
-8314
-7590
-6600
-5366
-3920
-2301
-557
1258
3089
4874
6555
8072
9373
10410
11142
11540
11584
11267
10591
9574
8244
6640
4810
2811
706
-1437
-3552
-5570
-7426
-9059
-10418
-11459
-12149
-12466
-12401
-11958
-11153
-10011
-8572
-6883
-4998
-2978
-887
1210
3249
5168
6910
8426
9673
10618
11239
11525
11472
11090
10399
9424
8201
6772
5183
3483
1724
-43
-1771
-3412
-4922
-6266
-7413
-8336
-9019
-9451
-9627
-9552
-9233
-8686
-7931
-6991
-5895
-4671
-3353
-1974
-566
834
2198
3492
4688
5759
6681
7434
8000
8367
8525
8470
8202
7725
7050
6190
5165
3998
2717
1353
-57
-1479
-2873
-4201
-5422
-6502
-7405
-8102
-8566
-8781
-8734
-8421
-7846
-7023
-5973
-4726
-3318
-1792
-198
1412
2986
4468
5806
6951
7861
8501
8844
8875
8588
7992
7103
5953
4582
3039
1380
-329
-2028
-3647
-5124
-6399
-7420
-8144
-8539
-8586
-8281
-7632
-6662
-5407
-3918
-2253
-480
1328
3096
4747
6211
7422
8324
8873
9040
8811
8189
7191
5854
4228
2376
374
-1697
-3749
-5695
-7449
-8931
-10071
-10813
-11116
-10954
-10324
-9239
-7733
-5858
-3681
-1285
1237
3785
6256
8546
10560
12208
13415
14123
14293
13904
12961
11488
9534
7164
4464
1533
-1518
-4575
-7517
-10230
-12606
-14548
-15975
-16825
-17061
-16664
-15644
-14032
-11885
-9279
-6308
-3083
275
3644
6896
9907
12566
14773
16444
17517
17954
17739
16884
15422
13412
10931
8077
4958
1693
-1594
-4782
-7751
-10395
-12620
-14348
-15524
-16115
-16109
-15519
-14380
-12750
-10700
-8321
-5712
-2980
-233
2422
4886
7070
8898
10311
11271
11756
11768
11326
10470
9254
7745
6023
4171
2275
421
-1310
-2850
-4138
-5130
-5796
-6125
-6120
-5802
-5208
-4384
-3391
-2292
-1157
-54
950
1798
2441
2842
0
0
0
0
0
0
0
0
0
0
0
0
0
0
0
0
0
0
0
0
0
0
0
0
0
0
0
0
0
0
0
0
0
0
0
0
0
0
0
0
0
0
0
0
0
0
0
0
0
0
0
0
0
0
0
0
0
0
0
0
0
0
0
0
0
0
0
