0
4278
8485
12550
16402
19973
23203
26035
28419
30314
31684
32507
32766
32456
31581
30156
28203
25758
22860
19561
15917
11991
7852
3573
-771
-5106
-9352
-13436
-17284
-20829
-24006
-26759
-29038
-30801
-32015
-32660
-32720
-32196
-31094
-29434
-27244
-24563
-21439
-17925
-14087
-9991
-5712
-1327
3083
7441
11667
15683
19415
22796
25762
28259
30239
31667
32514
32764
32412
31462
29931
27847
25247
22178
18696
14865
10755
6443
2009
-2465
-6896
-11201
-15299
-19113
-22570
-25606
-28162
-30190
-31650
-32514
-32764
-32394
-31411
-29832
-27686
-25012
-21861
-18292
-14372
-10175
-5781
-1274
3259
7733
12062
16161
19951
23359
26318
28771
30668
31973
32659
32711
32127
30919
29107
26727
23823
20452
16679
12577
8226
3711
-879
-5455
-9926
-14204
-18204
-21846
-25058
-27775
-29942
-31516
-32464
-32766
-32415
-31417
-29790
-27567
-24790
-21514
-17805
-13736
-9388
-4849
-209
4437
8997
13377
17489
21248
24578
27411
29687
31359
32393
32765
32468
31507
29899
27676
24884
21579
17828
13707
9301
4700
0
-4703
-9311
-13729
-17864
-21629
-24947
-27746
-29968
-31566
-32503
-32761
-32332
-31225
-29460
-27076
-24119
-20653
-16748
-12488
-7961
-3263
1506
6246
10856
15238
19298
22949
26112
28719
30713
32051
32702
32651
31900
30461
28366
25658
22395
18646
14492
10022
5332
524
-4298
-9029
-13567
-17811
-21669
-25055
-27896
-30127
-31699
-32577
-32739
-32182
-30916
-28967
-26379
-23206
-19519
-15397
-10932
-6222
-1372
3511
8320
12945
17284
21240
24723
27655
29968
31611
32545
32748
32214
30954
28995
26381
23169
19431
15252
10724
5950
1038
-3899
-8751
-13405
-17757
-21705
-25159
-28038
-30277
-31822
-32637
-32702
-32014
-30588
-28456
-25665
-22280
-18377
-14047
-9388
-4509
477
5455
10308
14924
19194
23018
26305
28979
30974
32243
32756
32498
31476
29711
27244
24133
20449
16280
11722
6884
1880
-3170
-8148
-12935
-17416
-21484
-25041
-28000
-30291
-31856
-32659
-32677
-31909
-30373
-28105
-25157
-21600
-17520
-13013
-8189
-3163
1941
7001
11893
16499
20705
24407
27516
29953
31659
32589
32721
32049
30590
28377
25463
21921
17836
13307
8448
3377
-1780
-6896
-11843
-16499
-20746
-24479
-27603
-30040
-31727
-32621
-32699
-31957
-30413
-28105
-25088
-21439
-17247
-12618
-7668
-2522
2689
7836
12787
17416
21605
25247
28248
30530
32035
32723
32574
31592
29801
27244
23987
20112
15718
10917
5832
595
-4660
-9798
-14685
-19194
-23208
-26622
-29345
-31307
-32455
-32757
-32206
-30813
-28614
-25665
-22043
-17841
-13169
-8148
-2911
2405
7661
12717
17440
21705
25397
28419
30689
32146
32750
32483
31352
29385
26633
23169
19084
14487
9500
4255
-1105
-6439
-11603
-16457
-20870
-24723
-27911
-30346
-31961
-32712
-32578
-31559
-29684
-27001
-23582
-19519
-14922
-9916
-4636
771
6162
11386
16301
20770
24671
27896
30354
31977
32719
32558
31498
29565
26813
23317
19172
14492
9407
4058
-1405
-6833
-12073
-16978
-21411
-25247
-28377
-30713
-32188
-32760
-32410
-31148
-29007
-26047
-22351
-18021
-13179
-7961
-2516
3003
8440
13640
18454
22745
26389
29282
31340
32503
32737
32033
30409
27913
24613
20604
16000
10932
5547
0
-5550
-10942
-16021
-20637
-24657
-27963
-30458
-32068
-32745
-32468
-31244
-29107
-26118
-22364
-17952
-13013
-7689
-2137
3479
8997
14252
19090
23367
26955
29748
31662
32640
32650
31691
29790
27003
23411
19119
14256
8965
3403
-2262
-7862
-13230
-18204
-22633
-26385
-29345
-31423
-32556
-32707
-31871
-30072
-27362
-23823
-19561
-14703
-9397
-3803
1908
7565
12994
18030
22517
26318
29316
31419
32559
32702
31841
30001
27238
23635
19302
14372
8996
3339
-2422
-8112
-13553
-18577
-23026
-26761
-29667
-31650
-32648
-32629
-31591
-29565
-26615
-22829
-18327
-13249
-7752
-2009
3799
9491
14886
19815
24120
27666
30338
32052
32751
32412
31044
28690
25423
21345
16586
11295
5642
-193
-6025
-11667
-16938
-21669
-25706
-28920
-31206
-32489
-32726
-31909
-30063
-27244
-23544
-19081
-13998
-8460
-2644
3259
9060
14569
19606
24006
27626
30346
32075
32756
32366
30916
28451
25051
20827
15917
10480
4696
-1244
-7147
-12817
-18065
-22719
-26622
-29644
-31684
-32674
-32578
-31398
-29173
-25975
-21909
-17110
-11737
-5969
0
5972
11747
17130
21941
26016
29217
31436
32596
32657
31615
29504
26395
22390
17625
12260
6476
470
-5554
-11392
-16845
-21726
-25867
-29127
-31393
-32585
-32662
-31619
-29491
-26349
-22301
-17483
-12062
-6222
-166
5898
11762
17222
22088
26191
29387
31566
32648
32597
31411
29131
25835
21636
16679
11138
5205
-912
-7001
-12847
-18244
-23003
-26955
-29960
-31912
-32739
-32412
-30940
-28374
-24803
-20353
-15179
-9465
-3413
2763
8843
14612
19863
24407
28083
30758
32334
32755
32003
30103
27124
23169
18381
12929
7010
836
-5370
-11386
-16993
-21989
-26191
-29446
-31636
-32680
-32538
-31214
-28754
-25247
-20819
-15630
-9868
-3744
2518
8692
14551
19879
24480
28184
30855
32393
32739
31880
29845
26709
22585
17625
12011
5950
-333
-6607
-12639
-18204
-23094
-27128
-30152
-32055
-32763
-32248
-30528
-27666
-23767
-18976
-13473
-7461
-1167
5173
11322
17047
22132
26385
29644
31785
32724
32427
30901
28203
24435
19738
14288
8294
1981
-4409
-10635
-16457
-21654
-26025
-29402
-31656
-32697
-32485
-31027
-28377
-24634
-19943
-14481
-8460
-2109
4324
10594
16457
21686
26077
29459
31699
32710
32451
30929
28203
24378
19601
14056
7961
1552
-4919
-11201
-17047
-22227
-26537
-29806
-31906
-32751
-32307
-30590
-27666
-23648
-18696
-13002
-6791
-309
6187
12441
18204
23246
27366
30398
32222
32762
31995
29951
26709
22398
17189
11289
4935
-1619
-8112
-14281
-19879
-24678
-28486
-31147
-32552
-32643
-31416
-28917
-25247
-20553
-15023
-8882
-2378
4225
10659
16662
21989
26421
29777
31918
32756
32254
30432
27362
23169
18024
12137
5748
-879
-7473
-13762
-19485
-24407
-28323
-31070
-32533
-32650
-31414
-28875
-25136
-20353
-14721
-8475
-1874
4807
11292
17307
22602
26955
30182
32146
32765
32010
29911
26556
22083
16679
10571
4016
-2711
-9326
-15551
-21121
-25799
-29387
-31732
-32732
-32344
-30582
-27520
-23286
-18060
-12062
-5547
1206
7911
14280
20041
24947
28786
31393
32653
32513
30975
28105
24024
18906
12972
6476
-301
-7069
-13534
-19415
-24458
-28443
-31196
-32596
-32580
-31148
-28360
-24336
-19250
-13322
-6811
0
6813
13332
19269
24364
28393
31178
32594
32578
31129
28309
24241
19103
13120
6555
-301
-7147
-13680
-19609
-24671
-28641
-31340
-32648
-32505
-30916
-27948
-23735
-18460
-12360
-5706
1206
8067
14569
20421
25359
29162
31656
32728
32328
30473
27244
22786
17298
11027
4255
-2711
-9557
-15974
-21669
-26383
-29901
-32062
-32766
-31979
-29736
-26137
-21345
-15577
-9095
-2195
4807
11593
17850
23291
27666
30771
32464
32665
31362
28614
24546
19345
13249
6538
-477
-7473
-14125
-20126
-25196
-29098
-31650
-32732
-32292
-30349
-26991
-22374
-16712
-10266
-3339
3746
10659
17076
22694
27251
30530
32377
32702
31489
28793
24740
19519
13375
6597
-494
-7565
-14281
-20323
-25404
-29282
-31772
-32753
-32178
-30072
-26533
-21729
-15887
-9285
-2238
4919
11843
18204
23695
28052
31066
32589
32548
30942
27847
23411
17845
11416
4435
-2763
-9830
-16425
-22227
-26955
-30378
-32330
-32713
-31507
-28769
-24631
-19293
-13013
-6096
1120
8285
15047
21076
26077
29802
32068
32763
31850
29372
25451
20276
14101
7230
0
-7232
-14111
-20295
-25478
-29402
-31872
-32764
-32033
-29711
-25913
-20827
-14703
-7845
-595
6688
13640
19914
25196
29220
31785
32759
32093
29819
26047
20967
14832
7950
664
-6656
-13645
-19948
-25247
-29273
-31822
-32763
-32046
-29706
-25861
-20703
-14492
-7543
-209
7138
14125
20396
25629
29557
31977
32766
31880
29363
25342
20022
13674
6622
-771
-8129
-15071
-21240
-26318
-30042
-32219
-32734
-31559
-28754
-24461
-18901
-12360
-5177
2276
9615
16457
22447
27271
30678
32489
32608
31026
27825
23169
17302
10527
3199
-4298
-11573
-18244
-23960
-28419
-31387
-32705
-32302
-30198
-26501
-21406
-15179
-8148
-684
6817
13962
20369
25700
29668
32064
32757
31710
28975
24698
19103
12488
5205
-2358
-9798
-16717
-22745
-27557
-30894
-32577
-32513
-30703
-27244
-22319
-16192
-9191
-1693
5898
13175
19743
25247
29388
31941
32765
31816
29141
24884
19276
12618
5272
-2362
-9871
-16845
-22903
-27714
-31014
-32621
-32445
-30495
-26875
-21781
-15492
-8351
-749
6896
14165
20658
26016
29942
32220
32721
31417
28377
23767
17841
10926
3403
-4310
-11787
-18613
-24407
-28847
-31684
-32759
-32010
-29476
-25298
-19707
-13013
-5590
2148
9769
16845
22980
27828
31116
32659
32366
30254
26438
21133
14635
7310
-430
-8148
-15409
-21801
-26962
-30598
-32502
-32563
-30778
-27244
-22162
-15818
-8572
-836
6950
14343
20920
26305
30190
32350
32661
31103
27762
22829
16586
9388
1649
-6187
-13670
-20369
-25898
-29936
-32249
-32702
-31267
-28024
-23161
-16955
-9766
-2009
5867
13405
20168
25762
29860
32222
32709
31291
28049
23169
16936
9711
1916
-5992
-13553
-20323
-25904
-29968
-32275
-32687
-31179
-27837
-22855
-16527
-9222
-1372
6562
14111
20829
26318
30252
32397
32623
30916
27374
22206
15718
8294
373
-7571
-15067
-21669
-26980
-30683
-32556
-32483
-30469
-26631
-21197
-14492
-6916
1077
9009
16402
22811
27851
31216
32702
32218
29790
25564
19793
12824
5078
-2978
-10856
-18080
-24210
-28873
-31785
-32766
-31757
-28816
-24119
-17952
-10689
-2772
5316
13083
20053
25799
29968
32304
32662
31017
27469
22233
15630
8064
0
-8067
-15639
-22251
-27492
-31038
-32669
-32282
-29899
-25665
-19840
-12785
-4935
3223
11185
18454
24578
29176
31960
32754
31507
28295
23317
16881
9388
1306
-6859
-14599
-21426
-26913
-30713
-32587
-32415
-30206
-26096
-20343
-13307
-5431
2789
10837
18204
24423
29100
31937
32755
31498
28244
23199
16679
9099
938
-7285
-15047
-21854
-27271
-30951
-32659
-32282
-29844
-25497
-19519
-12290
-4271
4023
12062
19330
25359
29762
32252
32670
30984
27303
21861
15008
7184
-1105
-9326
-16947
-23474
-28484
-31650
-32766
-31757
-28687
-23753
-17274
-9670
-1435
6896
14781
21705
27215
30951
32666
32248
29720
25247
19119
11737
3583
-4807
-12886
-20121
-26035
-30239
-32455
-32534
-30469
-26395
-20578
-13400
-5336
3083
11302
18775
25007
29584
32200
32681
30992
27244
21684
14679
6695
-1736
-10055
-17706
-24178
-29038
-31959
-32744
-31340
-27837
-22468
-15592
-7668
771
9163
16942
23583
28641
31772
32764
31548
28203
22955
16155
8261
-193
-8637
-16499
-23246
-28419
-31667
-32766
-31641
-28366
-23161
-16378
-8479
0
8482
16388
23178
28387
31659
32766
31633
28334
23092
16267
8323
-193
-8699
-16610
-23382
-28547
-31748
-32764
-31521
-28105
-22748
-15818
-7793
771
9287
17161
23850
28887
31923
32744
31292
27666
22114
15023
6884
-1736
-10238
-18030
-24565
-29387
-32158
-32681
-30919
-26991
-21173
-13868
-5590
3083
11543
19194
25499
30012
32414
32534
30361
26047
19895
12336
3903
-4807
-13181
-20625
-26610
-30711
-32637
-32248
-29569
-24790
-18247
-10405
-1820
6896
15124
22277
27843
31423
32760
31757
28483
23169
16196
8060
-655
-9326
-17331
-24094
-29127
-32068
-32703
-30984
-27033
-21133
-13707
-5289
3511
12062
19743
25999
30374
32552
32371
29844
25150
18630
10754
2094
-6719
-15047
-22282
-27896
-31478
-32765
-31661
-28244
-22763
-15616
-7324
1506
10228
18204
24847
29668
32313
32585
30461
26096
19809
12062
3423
-5469
-13962
-21426
-27310
-31178
-32740
-31881
-28661
-23317
-16242
-7961
912
9721
17811
24578
29519
32265
32608
30520
26157
19840
12041
3339
-5613
-14150
-21629
-27492
-31296
-32755
-31758
-28377
-22863
-15630
-7219
1736
10564
18599
25234
29968
32443
32468
30041
25342
18725
10689
1842
-7147
-15598
-22868
-28404
-31785
-32751
-31227
-27327
-21345
-13736
-5078
3969
12717
20496
26712
30887
32702
32014
28875
23522
16364
7950
-1077
-10024
-18204
-24986
-29848
-32414
-32483
-30050
-25298
-18593
-10451
-1499
7571
16058
23305
28750
31969
32711
30916
26720
20449
12587
3744
-5391
-14111
-21734
-27666
-31442
-32766
-31533
-27837
-21964
-14372
-5653
3510
12401
20323
26654
30894
32710
31957
28692
23169
15822
7226
-1941
-10958
-19113
-25762
-30378
-32596
-32237
-29328
-24096
-16955
-8469
691
9799
18132
25028
29936
32465
32412
29778
24772
17791
9388
234
-8940
-17404
-24479
-29598
-32350
-32513
-30072
-25219
-18342
-9991
-836
8388
16942
24135
29387
32275
32563
30226
25451
18620
10283
1113
-8148
-16754
-24006
-29316
-32252
-32574
-30254
-25477
-18630
-10266
-1066
8222
16845
24098
29390
32286
32549
30156
25298
18372
9941
695
-8610
-17213
-24407
-29603
-32371
-32482
-29925
-24908
-17841
-9305
0
9307
17850
24924
29942
32491
32356
29546
24293
17028
8351
-1019
-10308
-18745
-25629
-30386
-32621
-32145
-28995
-23432
-15917
-7073
2362
11603
19879
26497
30903
32728
31816
28241
22301
14491
5464
-4023
-13175
-21224
-27492
-31451
-32766
-31324
-27244
-20868
-12732
-3519
5992
15001
22745
28568
31977
32682
30619
25962
19103
10622
1238
-8253
-17047
-24394
-29668
-32420
-32412
-29643
-24347
-16973
-8148
1373
10781
19269
26112
30723
32705
31886
28334
22351
14449
5304
-4298
-13534
-21608
-27826
-31650
-32749
-31026
-26627
-19930
-11510
-2094
7504
16457
23989
29446
32355
32460
29752
24461
17046
8148
-1459
-10942
-19477
-26318
-30870
-32732
-31742
-27983
-21780
-13674
-4371
5316
14541
22496
28484
31977
32669
30495
25645
18541
9807
209
-9410
-18204
-25397
-30356
-32640
-32046
-28625
-22675
-14721
-5464
4278
13645
21806
28038
31787
32719
30748
26047
19032
10324
695
-8997
-17892
-25196
-30256
-32621
-32077
-28669
-22701
-14703
-5389
4409
13816
21989
28193
31872
32694
30582
25725
18555
9715
0
-9718
-18563
-25739
-30598
-32699
-31850
-28126
-21861
-13619
-4144
5708
15047
23026
28920
32194
32549
29951
24631
17073
7961
-1876
-11547
-20168
-26955
-31287
-32766
-31257
-26894
-20073
-11416
-1713
8148
17267
24807
30076
32589
32113
28690
22632
14492
5018
-4919
-14407
-22570
-28657
-32104
-32591
-30072
-24775
-17189
-8012
1907
11653
20323
27113
31393
32763
31094
26539
19519
10683
852
-9060
-18132
-25519
-30530
-32697
-31816
-27965
-21503
-13031
-3339
6667
16052
23938
29584
32459
32292
29097
23169
15065
5543
-4501
-14125
-22423
-28612
-32108
-32578
-29977
-24546
-16798
-7461
2582
12385
21019
27666
31694
32721
30647
25665
18247
9095
-923
-10856
-19760
-26786
-31264
-32766
-31146
-26556
-19431
-10451
-470
9557
18675
26008
30855
32749
31507
27244
20368
11537
1595
-8501
-17784
-25359
-30497
-32702
-31758
-27754
-21074
-12360
-2451
7696
17103
24860
30215
32648
31922
28105
21563
12929
3039
-7147
-16643
-24525
-30025
-32607
-32016
-28309
-21844
-13249
-3359
6859
16412
24364
29939
32588
32050
28377
21924
13322
3413
-6833
-16412
-24382
-29960
-32596
-32028
-28309
-21804
-13150
-3199
7069
16643
24578
30089
32630
31946
28105
21482
12732
2719
-7565
-17103
-24947
-30318
-32680
-31797
-27754
-20951
-12062
-1970
8320
17784
25478
30633
32732
31565
27244
20200
11134
952
-9326
-18675
-26154
-31014
-32765
-31228
-26556
-19215
-9941
333
10578
19760
26955
31436
32749
30759
25665
17979
8475
-1887
-12062
-21019
-27851
-31864
-32650
-30126
-24546
-16475
-6728
3703
13762
22423
28806
32258
32427
29291
23169
14683
4696
-5772
-15653
-23938
-29777
-32571
-32033
-28214
-21503
-12587
-2378
8077
17706
25519
30711
32748
31416
26850
19519
10175
-219
-10594
-19879
-27113
-31549
-32726
-30520
-25157
-17189
-7439
3083
13289
22119
28657
32222
32441
29289
23092
14492
4381
-6187
-16114
-24364
-30076
-32652
-31820
-27666
-20619
-11416
-1017
9491
19008
26537
31287
32757
30792
25595
17709
7961
-2625
-12939
-21894
-28547
-32194
-32451
-29286
-23032
-14346
-4144
6498
16457
24678
30291
32699
31644
27238
19943
10531
0
-10533
-19951
-27251
-31656
-32694
-30254
-24592
-16309
-6286
4409
14637
23305
29487
32519
32077
28203
21312
12137
1660
-8997
-18692
-26385
-31248
-32757
-30748
-25434
-17383
-7461
3266
13645
22556
29038
32390
32248
28625
21909
12824
2351
-8378
-18204
-26061
-31098
-32765
-30880
-25645
-17625
-7689
3083
13524
22496
29023
32393
32235
28565
21780
12618
2077
-8692
-18516
-26318
-31245
-32755
-30681
-25247
-17046
-6975
3863
14280
23132
29446
32527
32033
28015
20915
11510
836
-9932
-19609
-27125
-31650
-32682
-30103
-24198
-15616
-5304
5596
15880
24407
30232
32705
31550
26894
19250
9465
-1373
-12062
-21411
-28379
-32188
-32412
-29022
-22395
-13267
-2656
8253
18244
26197
31222
32754
30619
25054
16679
6433
-4537
-15001
-23783
-29895
-32648
-31731
-27244
-19690
-9916
976
11762
21224
28293
32170
32415
28997
22301
13080
2378
-8595
-18599
-26497
-31393
-32729
-30352
-24528
-15917
-5494
5554
15974
24578
30386
32734
31352
26395
18425
8351
-2679
-13405
-22602
-29217
-32491
-32046
-27932
-20616
-10936
0
10939
20625
27944
32055
32482
29173
22507
13249
2462
-8610
-18692
-26622
-31481
-32707
-30156
-24119
-15293
-4696
6446
16845
25296
30817
32766
30916
25477
17079
6695
-4468
-15115
-24006
-30106
-32702
-31489
-26606
-18620
-8460
2689
13528
22788
29387
32552
31909
27532
19930
9991
-1120
-12103
-21669
-28693
-32350
-32208
-28280
-21025
-11295
-234
10856
20671
28052
32127
32412
28871
21921
12379
1372
-9799
-19815
-27487
-31906
-32545
-29328
-22632
-13249
-2291
8940
19113
27016
31708
32629
29666
23169
13911
2992
-8285
-18577
-26654
-31549
-32677
-29899
-23544
-14372
-3477
7836
18214
26411
31442
32702
30037
23764
14635
3744
-7598
-18030
-26293
-31393
-32711
-30086
-23833
-14703
-3796
7571
18026
26305
31405
32707
30050
23753
14577
3632
-7754
-18204
-26446
-31479
-32688
-29925
-23522
-14256
-3253
8148
18560
26712
31608
32650
29706
23135
13736
2656
-8751
-19090
-27095
-31785
-32581
-29385
-22585
-13013
-1842
9557
19786
27585
31994
32468
28947
21861
12081
809
-10564
-20637
-28166
-32219
-32293
-28377
-20951
-10932
440
11762
21629
28819
32437
32033
27653
19840
9561
-1907
-13142
-22745
-29519
-32621
-31661
-26755
-18514
-7961
3586
14689
23960
30239
32740
31148
25658
16955
6128
-5469
-16384
-25247
-30944
-32759
-30461
-24336
-15151
-4058
7546
18204
26572
31595
32638
29565
22763
13087
1756
-9798
-20118
-27896
-32148
-32332
-28424
-20915
-10754
771
12203
22088
29171
32552
31797
27001
18769
8148
-3511
-14727
-24069
-30346
-32754
-30984
-25260
-16309
-5272
6439
17331
26008
31359
32696
29845
23169
13521
2137
-9523
-19964
-27843
-32146
-32318
-28334
-20703
-10405
1234
12717
22564
29503
32637
31559
26407
17841
6968
-4807
-15965
-25058
-30909
-32757
-30361
-24028
-14577
-3233
8533
19194
27364
31977
32433
28669
21173
10917
-762
-12345
-22321
-29387
-32619
-31592
-26438
-17828
-6884
4961
16161
25247
31028
32744
30168
23635
13998
2522
-9287
-19879
-27860
-32179
-32265
-28105
-20242
-9711
2101
13640
23382
30040
32733
31103
25362
16267
5018
-6896
-17901
-26537
-31659
-32585
-29190
-21921
-11741
0
11743
21929
29201
32589
31641
26480
17791
6728
-5233
-16499
-25566
-31222
-32709
-29826
-22955
-13013
-1327
10537
20994
28641
32450
31909
27088
18630
7668
-4324
-15739
-25041
-30976
-32744
-30105
-23411
-13561
-1880
10055
20637
28436
32397
31982
27244
18822
7852
-4182
-15653
-25007
-30974
-32743
-30072
-23319
-13400
-1660
10308
20879
28612
32455
31881
26966
18377
7282
-4807
-16245
-25468
-31216
-32702
-29720
-22675
-12528
-664
11292
21705
29147
32596
31576
26225
17274
5950
-6193
-17489
-26383
-31650
-32564
-28995
-21433
-10917
1105
12978
23064
29968
32737
30984
24950
15465
3839
-8320
-19330
-27666
-32170
-32217
-27796
-19519
-8531
3643
15314
24860
30951
32739
29972
23032
12884
938
-11141
-21669
-29176
-32613
-31498
-25982
-16835
-5332
6918
18204
26944
31912
32410
28366
20343
9465
-2743
-14569
-24351
-30713
-32759
-30198
-23387
-13283
-1306
10856
21492
29100
32604
31507
25962
16748
5166
-7147
-18454
-27152
-32008
-32332
-28076
-19840
-8789
3510
15314
24947
31038
32720
29752
22551
12140
0
-12143
-22559
-29762
-32723
-31017
-24884
-15198
-3339
8998
20053
28242
32393
31908
26854
17952
6476
-5930
-17489
-26541
-31785
-32465
-28481
-20402
-9388
2978
14918
24714
30951
32730
29790
22554
12062
-172
-12385
-22811
-29942
-32746
-30813
-24421
-14492
-2462
9926
20879
28806
32556
31581
26021
16679
4912
-7571
-18956
-27585
-32200
-32127
-27374
-18630
-7167
5342
17076
26318
31719
32485
28504
20353
9222
-3259
-15267
-25041
-31147
-32687
-29434
-21861
-11077
1334
13553
23783
30517
32764
30189
23169
12736
423
-11953
-22570
-29860
-32743
-30792
-24293
-14202
-2009
10483
21426
29201
32652
31267
25247
15482
3419
-9153
-20369
-28563
-32514
-31633
-26047
-16586
-4654
7973
19415
27967
32350
31910
26709
17520
5712
-6950
-18577
-27428
-32179
-32116
-27244
-18292
-6597
6088
17864
26962
32015
32263
27666
18910
7310
-5391
-17284
-26579
-31872
-32366
-27983
-19380
-7852
4862
16845
26287
31760
32433
28203
19707
8226
-4501
-16550
-26094
-31684
-32472
-28334
-19895
-8434
4310
16402
26003
31651
32486
28377
19946
8475
-4288
-16402
-26016
-31662
-32478
-28334
-19861
-8351
4437
16550
26133
31717
32445
28203
19638
8060
-4756
-16845
-26351
-31812
-32386
-27983
-19276
-7602
5243
17284
26666
31941
32293
27666
18769
6975
-5898
-17864
-27071
-32095
-32157
-27244
-18113
-6176
6719
18577
27557
32265
31968
26709
17302
5205
-7702
-19415
-28111
-32434
-31710
-26047
-16326
-4058
8843
20369
28719
32588
31368
25247
15179
2736
-10137
-21426
-29364
-32705
-30922
-24293
-13853
-1238
11573
22570
30025
32764
30353
23169
12339
-434
-13142
-23783
-30678
-32739
-29638
-21861
-10632
2276
14829
25041
31296
32604
28754
20353
8727
-4282
-16616
-26318
-31849
-32328
-27676
-18630
-6622
6439
18480
27585
32302
31880
26381
16679
4318
-8734
-20396
-28806
-32620
-31227
-24845
-14492
-1820
11144
22329
29942
32763
30335
23047
12062
-859
-13645
-24243
-30951
-32688
-29173
-20967
-9388
3703
16202
26094
31785
32354
27709
18593
6476
-6688
-18775
-27832
-32393
-31718
-25913
-15915
-3339
9779
21317
29402
32723
30737
23764
12933
0
-12935
-23772
-30745
-32720
-29372
-21243
-9654
3510
16105
26077
31798
32332
27590
18342
6096
-7147
-19226
-28162
-32493
-31507
-25362
-15061
-2291
10856
22227
29953
32765
30198
22670
11416
-1716
-14569
-25028
-31370
-32548
-28366
-19509
-7435
5867
18204
27539
32330
31782
25982
15887
3163
-10086
-21669
-29667
-32753
-30413
-23032
-11831
1334
14281
24860
31312
32563
28403
19519
7387
-5976
-18347
-27666
-32377
-31693
-25725
-15465
-2622
10659
22164
29968
32766
30086
22374
10917
-2369
-15261
-25599
-31650
-32396
-27709
-18372
-5950
7473
19643
28516
32596
31195
24546
13765
664
-12550
-23653
-30771
-32702
-29116
-20616
-8634
4807
17440
27128
32230
31881
26137
15968
3092
-10308
-21966
-29901
-32766
-30072
-22272
-10689
2711
15653
25937
31812
32275
27244
17574
4908
-8595
-20637
-29162
-32712
-30681
-23411
-12140
1206
14349
25041
31451
32480
27948
18630
6117
-7445
-19735
-28641
-32634
-31026
-24089
-13013
301
13567
24501
31222
32570
28309
19172
6728
-6876
-19298
-28393
-32589
-31159
-24347
-13326
0
13328
24354
31166
32585
28360
19220
6748
-6896
-19347
-28443
-32604
-31103
-24198
-13087
301
13640
24608
31294
32533
28105
18778
6176
-7504
-19879
-28786
-32669
-30847
-23635
-12290
1206
14493
25247
31583
32389
27520
17828
5008
-8692
-20870
-29387
-32745
-30352
-22624
-10917
2711
15865
26229
31977
32094
26556
16335
3233
-10442
-22277
-30182
-32757
-29546
-21112
-8944
4807
17712
27483
32390
31559
25136
14256
845
-12717
-24026
-31070
-32598
-28334
-19032
-6345
7473
19964
28903
32697
30666
23169
11540
-2148
-15456
-26008
-31918
-32127
-26596
-16309
-3103
10659
22517
30346
32741
29270
20553
8148
-5719
-18563
-28078
-32552
-31179
-24202
-12874
771
14281
25223
31625
32332
27214
17189
4062
-9798
-21894
-30040
-32762
-29565
-21025
-8682
5233
18204
27882
32514
31257
24336
13002
-691
-14262
-25247
-31650
-32307
-27094
-16955
-3732
10171
22227
30239
32747
29289
20494
7961
-6025
-18915
-28356
-32621
-30929
-23586
-11931
1907
15400
26077
31982
32033
26215
15592
2109
-11762
-23479
-30889
-32629
-28377
-18910
-5966
8077
20637
29402
32756
30080
21861
9613
-4409
-17621
-27585
-32459
-31342
-24435
-13013
816
14497
25499
31785
32188
26631
16140
2656
-11322
-23203
-30782
-32650
-28456
-18976
-5969
8148
20755
29503
32763
29925
21514
9095
-5021
-18204
-27995
-32564
-31058
-23753
-12011
1977
15598
26305
32095
31880
25698
14703
952
-12978
-24480
-31393
-32418
-27360
-17165
-3744
10381
22559
30497
32702
28754
19394
6380
-7836
-20580
-29446
-32762
-29899
-21393
-8847
5370
18577
28275
32630
30814
23169
11138
-3003
-16579
-27016
-32334
-31523
-24733
-13249
751
14612
25700
31906
32048
26096
15179
1372
-12698
-24354
-31371
-32412
-27273
-16932
-3359
10856
23003
30758
32638
28280
18514
5205
-9101
-21669
-30089
-32747
-29131
-19930
-6905
7445
20371
29387
32762
29844
21189
8460
-5898
-19125
-28673
-32702
-30433
-22301
-9868
4468
17946
27963
32585
30916
23274
11134
-3159
-16845
-27275
-32428
-31305
-24119
-12260
1977
15833
26622
32247
31615
24845
13249
-923
-14918
-26016
-32055
-31858
-25461
-14105
0
14107
25468
31864
32046
25975
14832
792
-13405
-24986
-31684
-32188
-26395
-15435
-1452
12817
24578
31525
32292
26727
15917
1981
-12345
-24250
-31393
-32366
-26976
-16280
-2378
11993
24006
31293
32415
27148
16527
2644
-11762
-23850
-31230
-32442
-27244
-16660
-2779
11653
23783
31206
32451
27267
16679
2783
-11667
-23806
-31222
-32441
-27217
-16586
-2656
11803
23919
31277
32412
27094
16378
2398
-12062
-24120
-31370
-32361
-26894
-16056
-2009
12441
24407
31496
32285
26615
15616
1488
-12939
-24777
-31650
-32178
-26251
-15055
-836
13553
25223
31826
32033
25797
14372
52
-14280
-25739
-32015
-31841
-25247
-13561
863
15115
26318
32208
31592
24592
12618
-1908
-16052
-26950
-32393
-31276
-23823
-11540
3083
17085
27622
32556
30880
22932
10324
-4384
-18204
-28323
-32682
-30389
-21909
-8965
5807
19399
29038
32755
29790
20744
7461
-7347
-20658
-29748
-32757
-29067
-19428
-5811
8997
21966
30436
32669
28203
17952
4016
-10746
-23305
-31079
-32468
-27184
-16309
-2077
12583
24657
31656
32135
25992
14491
0
-14493
-25999
-32139
-31644
-24613
-12494
2208
16457
27304
32503
30975
23032
10317
-4537
-18454
-28547
-32719
-30103
-21238
-7961
6971
20458
29694
32757
29007
19220
5431
-9491
-22439
-30713
-32587
-27666
-16973
-2736
12073
24364
31568
32177
26060
14492
-108
-14689
-26197
-32222
-31498
-24174
-11781
3083
17304
27896
32634
30520
21996
8847
-6162
-19879
-29416
-32766
-29219
-19519
-5706
9311
22368
30711
32578
27570
16743
2378
-12491
-24723
-31732
-32033
-25558
-13674
1105
15653
26888
32428
31095
23169
10328
-4707
-18745
-28806
-32750
-29736
-20402
-6728
8378
21705
30414
32650
27932
17262
2911
-12062
-24465
-31651
-32083
-25665
-13765
1077
15692
26955
32455
31012
22932
9941
-5180
-19194
-29098
-32765
-29406
-19738
-5832
9326
22486
30817
32526
27244
16102
1495
-13436
-25478
-32035
-31693
-24521
-12062
2999
17416
28078
32680
30226
21243
7668
-7565
-21167
-30192
-32685
-28105
-17438
-2992
12103
24578
31727
31995
25321
13150
-1876
-16499
-27539
-32596
-30567
-21889
-8448
6833
20630
29936
32722
28377
17845
3419
-11753
-24364
-31659
-32040
-25423
-13249
1823
16499
27568
32607
30508
21729
8189
-7147
-20920
-30108
-32693
-28105
-17347
-2779
12401
24860
31856
31850
24838
12360
-2839
-17416
-28160
-32702
-30037
-20749
-6884
8501
22013
30668
32552
27244
15915
1066
-14020
-26008
-32243
-31342
-23500
-10451
4915
19194
29220
32766
29042
18871
4509
-10856
-23813
-31479
-32147
-25665
-13473
1720
16533
27666
32637
30335
21271
7461
-8015
-21705
-30552
-32578
-27327
-15968
-1038
14125
26133
32294
31228
23169
9920
-5554
-19786
-29584
-32748
-28565
-17970
-3339
12043
24723
31849
31816
24627
11897
-3511
-18132
-28673
-32755
-29458
-19519
-5177
10334
23516
31393
32182
25702
13414
-1907
-16800
-27896
-32682
-30072
-20653
-6555
9029
22570
30997
32395
26445
14492
-751
-15827
-27310
-32589
-30461
-21406
-7481
8148
21926
30713
32507
26894
15151
-48
-15238
-26955
-32522
-30664
-21804
-7961
7702
21608
30575
32549
27076
15403
202
-15047
-26852
-32503
-30703
-21861
-8002
7696
21629
30598
32538
27001
15255
0
-15257
-27007
-32541
-30582
-21579
-7602
8129
21989
30779
32468
26664
14703
-655
-15865
-27411
-32621
-30288
-20948
-6758
8997
22672
31098
32318
26047
13736
-1763
-16855
-28038
-32713
-29790
-19946
-5464
10289
23653
31516
32046
25116
12336
-3319
-18204
-28847
-32766
-29042
-18541
-3711
11987
24889
31977
31593
23823
10480
-5316
-19871
-29777
-32711
-27983
-16697
-1495
14059
26318
32404
30885
22114
8148
-7733
-21801
-30745
-32460
-26539
-14372
1180
16457
27860
32699
29832
19930
5325
-10537
-23916
-31650
-31910
-24631
-11530
4298
19113
29409
32747
28334
17210
2009
-13670
-26112
-32365
-30942
-22178
-8148
7817
21929
30833
32412
26285
13907
-1780
-17047
-28259
-32743
-29429
-19103
-4222
11667
24777
31977
31548
23586
9991
-5992
-20546
-30192
-32619
-27244
-15350
219
15739
27492
32660
30001
20149
5464
-10533
-24006
-31719
-31816
-24270
-10892
5106
19879
29873
32681
27625
15917
373
-15261
-27221
-32621
-30156
-20416
-5748
10308
23879
31684
31836
24293
10875
-5173
-19973
-29942
-32665
-27477
-15633
0
15636
27483
32666
29925
19920
5078
-10999
-24407
-31886
-31615
-23656
-9941
6193
20824
30386
32549
26782
14487
-1341
-16845
-28242
-32749
-29262
-18630
-3445
12583
25539
32252
31078
22301
8064
-8148
-22368
-31111
-32231
-25451
-12429
3643
18824
29387
32737
28047
16465
836
-15001
-27152
-32625
-30072
-20115
-5205
10989
24479
31937
31523
23335
9388
-6876
-21447
-30723
-32412
-26092
-13322
2743
18132
29038
32759
28371
16955
1338
-14612
-26944
-32596
-30164
-20247
-5304
10958
24501
31960
31477
23169
9099
-7236
-21774
-30894
-32323
-25702
-12676
3510
18824
29446
32724
27837
16000
166
-15711
-27666
-32707
-29572
-19041
-3744
12491
25602
32304
30916
21780
7184
-9215
-23305
-31551
-31880
-24205
-10451
5930
20824
30486
32483
26311
13518
-2679
-18204
-29147
-32749
-28098
-16364
-502
15488
27574
32702
29574
18976
3583
-12717
-25806
-32371
-30748
-21345
-6538
9926
23879
31785
31636
23467
9346
-7147
-21830
-30974
-32254
-25342
-11991
4409
19692
29968
32623
26976
14462
-1736
-17495
-28798
-32764
-28377
-16752
-852
15267
27492
32699
29554
18857
3339
-13034
-26077
-32450
-30520
-20777
-5712
10817
24578
32042
31291
22515
7961
-8637
-23021
-31496
-31881
-24075
-10079
6509
21426
30833
32307
25463
12062
-4448
-19815
-30076
-32585
-26689
-13907
2465
18204
29244
32732
27762
15616
-569
-16610
-28356
-32765
-28692
-17189
-1231
15047
27428
32699
29490
18630
2932
-13528
-26478
-32552
-30168
-19943
-4530
12062
25519
32337
30737
21133
6022
-10659
-24565
-32068
-31208
-22206
-7407
9326
23628
31760
31593
23169
8686
-8070
-22719
-31423
-31903
-24028
-9858
6896
21846
31070
32147
24790
10926
-5807
-21019
-30711
-32336
-25461
-11891
4807
20244
30356
32478
26047
12755
-3899
-19528
-30012
-32581
-26556
-13521
3083
18877
29687
32654
26991
14192
-2362
-18294
-29387
-32703
-27360
-14769
1736
17784
29119
32734
27666
15255
-1206
-17349
-28887
-32752
-27913
-15652
771
16993
28695
32761
28105
15962
-434
-16717
-28547
-32765
-28244
-16186
193
16523
28443
32766
28334
16326
-48
-16412
-28387
-32766
-28374
-16382
0
0
0
0
0
0
0
0
0
0
0
0
0
0
0
0
0
0
0
0
0
0
0
0
0
0
0
0
0
0
0
0
0
0
0
0
0
0
0
0
0
0
0
0
0
0
0
0
0
0
0
0
0
0
0
0
0
0
0
0
0
0
0
0
0
0
0
0
0
0
0
0
0
0
0
0
0
0
0
0
0
0
0
0
0
0
0
0
0
0
0
0
0
0
0
0
0
0
0
0
0
0
0
0
0
0
0
0
0
0
0
0
0
0
0
0
0
0
0
0
0
0
0
0
0
0
0
0
0
0
0
0
0
0
0
0
0
0
0
0
0
0
0
0
0
0
0
0
0
0
0
0
0
0
0
0
0
0
0
0
0
0
0
0
0
0
0
0
0
0
0
0
0
0
0
0
0
0
0
0
0
0
0
0
0
0
0
0
0
0
0
0
0
0
0
0
0
0
0
0
0
0
0
0
0
0
0
0
0
0
0
0
0
0
0
0
0
0
0
0
0
0
0
0
0
0
0
0
0
0
0
0
0
0
0
0
0
0
0
0
0
0
0
0
0
0
0
0
0
0
0
0
0
0
0
0
0
0
0
0
0
0
0
0
0
0
0
0
0
0
0
0
0
0
0
0
0
0
0
0
0
0
0
0
0
0
0
0
0
0
0
0
0
0
0
0
0
0
0
0
0
0
0
0
0
0
0
0
0
0
0
0
0
0
0
0
0
0
0
0
0
0
0
0
0
0
0
0
0
0
0
0
0
0
0
0
0
0
0
0
0
0
0
0
0
0
0
0
0
0
0
0
0
0
0
0
0
0
0
0
0
0
0
0
0
0
0
0
0
0
0
0
0
0
0
0
0
0
0
0
0
0
0
0
0
0
0
0
0
0
0
0
0
0
0
0
0
0
0
0
0
0
0
0
0
0
0
0
0
0
0
0
0
0
0
0
0
0
0
0
0
0
0
0
0
0
0
0
0
0
0
0
0
0
0
0
0
0
0
0
0
0
0
0
0
0
0
0
0
0
0
0
0
0
0
0
0
0
0
0
0
0
0
0
0
0
0
0
0
0
0
0
0
0
0
0
0
0
0
0
0
0
0
0
0
0
0
0
0
0
0
0
0
0
0
0
0
0
0
0
0
0
0
0
0
0
0
0
0
0
0
0
0
0
0
0
0
0
0
0
0
0
0
0
0
0
0
0
0
0
0
0
0
0
0
0
0
0
0
0
0
0
0
0
0
0
0
0
0
0
0
0
0
0
0
0
0
0
0
0
0
0
0
0
0
0
0
0
0
0
0
0
0
0
0
0
0
0
0
0
0
0
0
0
0
0
0
0
0
0
0
0
0
0
0
0
0
0
0
0
0
0
0
0
0
0
0
0
0
0
0
0
0
0
0
0
0
0
0
0
0
0
0
0
0
0
0
0
0
0
0
0
0
0
0
0
0
0
0
0
0
0
0
0
0
0
0
0
0
0
0
0
0
0
0
0
0
0
0
0
0
0
0
0
0
0
0
0
0
0
0
0
0
0
0
0
0
0
0
0
0
0
0
0
0
0
0
0
0
0
0
0
0
0
0
0
0
0
0
0
0
0
0
0
0
0
0
0
0
0
0
0
0
0
0
0
0
0
0
0
0
0
0
0
0
0
0
0
0
0
0
0
0
0
0
0
0
0
0
0
0
0
0
0
0
0
0
0
0
0
0
0
0
0
0
0
0
0
0
0
0
0
0
0
0
0
0
0
0
0
0
0
0
0
0
0
0
0
0
0
0
0
0
0
0
0
0
0
0
0
0
0
0
0
0
0
0
0
0
0
0
0
0
0
0
0
0
0
0
0
0
0
0
0
0
0
0
0
0
0
0
0
0
0
0
0
0
0
0
0
0
0
0
0
0
0
0
0
0
0
0
0
0
0
0
0
0
0
0
0
0
0
0
0
0
0
0
0
0
0
0
0
0
0
0
0
0
0
0
0
0
0
0
0
0
0
0
0
0
0
0
0
0
0
0
0
0
0
0
0
0
0
0
0
0
0
0
0
0
0
0
0
0
0
0
0
0
0
0
0
0
0
0
0
0
0
0
0
0
0
0
0
0
0
0
0
0
0
0
0
0
0
0
0
0
0
0
0
0
0
0
0
0
0
0
0
0
0
0
0
0
0
0
0
0
0
0
0
0
0
18203
17758
16446
14330
11517
8144
4379
407
-3575
-7374
-10803
-13695
-15911
-17343
-17926
-17635
-16488
-14547
-11909
-8710
-5107
-1281
2581
6292
9672
12558
14816
16341
17067
16966
16052
14378
12033
9139
5841
2303
-1301
-4799
-8023
-10823
-13073
-14672
-15556
-15694
-15093
-13793
-11870
-9426
-6586
-3491
-293
2855
5810
8436
10620
12269
13322
13743
13530
12710
11337
9488
7262
4771
2135
-522
-3080
-5430
-7472
-9127
-10336
-11062
-11290
-11031
-10313
-9186
-7714
-5974
-4050
-2029
0
1954
3758
5347
6667
7679
8359
8697
8696
8374
7757
6881
5791
4534
3160
1720
265
-1157
-2506
-3740
-4828
-5739
-6453
-6954
-7229
-7274
-7090
-6681
-6059
-5239
-4243
-3095
-1828
-477
918
2315
3669
4933
6059
7003
7723
8183
8354
8217
7763
6994
5927
4590
3025
1285
-565
-2454
-4305
-6038
-7574
-8840
-9772
-10317
-10438
-10114
-9346
-8153
-6574
-4670
-2515
-200
2174
4504
6681
8603
10177
11322
11979
12107
11691
10741
9291
7403
5155
2650
0
-2673
-5245
-7594
-9608
-11190
-12264
-12774
-12696
-12030
-10807
-9082
-6938
-4475
-1812
923
3603
6097
8288
10073
11369
12116
12285
11871
10901
9428
7531
5305
2865
333
-2165
-4509
-6586
-8298
-9569
-10345
-10598
-10328
-9562
-8351
-6767
-4901
-2856
-741
1331
3257
4942
6305
7287
7851
7981
7687
7003
5981
4692
3219
1651
81
-1398
-2709
-3781
-4562
-5017
-5134
-4921
-4406
-3635
-2668
-1577
-439
666
1666
2491
3088
3419
3464
3220
2708
1963
1039
0
-1079
-2123
-3053
-3799
-4302
-4516
-4414
-3988
-3251
-2237
-997
397
1869
3327
4680
5841
6729
7276
7434
7174
6490
5403
3954
2209
253
-1814
-3885
-5846
-7587
-9005
-10012
-10539
-10543
-10004
-8934
-7370
-5381
-3055
-502
2150
4773
7229
9391
11142
12386
13047
13082
12477
11249
9450
7158
4481
1544
-1510
-4535
-7379
-9903
-11977
-13498
-14385
-14591
-14100
-12933
-11142
-8811
-6051
-2995
209
3409
6450
9184
11480
13229
14349
14786
14524
13578
11998
9863
7281
4378
1297
-1813
-4804
-7534
-9875
-11720
-12988
-13628
-13617
-12968
-11722
-9950
-7747
-5226
-2515
251
2940
5424
7590
9341
10603
11330
11502
11127
10239
8898
7183
5189
3023
798
-1376
-3397
-5169
-6616
-7681
-8326
-8538
-8327
-7723
-6774
-5547
-4116
-2567
-985
545
1949
3158
4121
4800
5177
5250
5035
4564
3879
3036
2094
1118
168
-697
-1430
-1992
-2358
-2515
-2466
-2226
-1824
-1296
-689
-51
566
1116
1554
1847
1968
1905
1659
1241
676
0
-744
-1508
-2239
-2885
-3399
-3738
-3870
-3775
-3445
-2885
-2117
-1171
-94
1061
2236
3366
4388
5241
5874
6242
6315
6077
5528
4682
3572
2243
753
-829
-2431
-3974
-5383
-6586
-7519
-8130
-8382
-8255
-7745
-6867
-5654
-4155
-2433
-563
1370
3281
5081
6687
8022
9022
9636
9832
9595
8930
7862
6433
4704
2749
651
-1496
-3600
-5566
-7306
-8743
-9810
-10458
-10656
-10394
-9679
-8541
-7028
-5204
-3148
-949
1298
3496
5548
7366
8869
9993
10687
10922
10687
9993
8869
7366
5548
3496
1298
-949
-3148
-5204
-7028
-8541
-9679
-10394
-10656
-10458
-9810
-8743
-7306
-5566
-3600
-1496
651
2749
4704
6433
7862
8930
9595
9832
9636
9022
8022
6687
5081
3281
1370
-563
-2433
-4155
-5654
-6867
-7745
-8255
-8382
-8130
-7519
-6586
-5383
-3974
-2431
-829
753
2243
3572
4682
5528
6077
6315
6242
5874
5241
4388
3366
2236
1061
-94
-1171
-2117
-2885
-3445
-3775
-3870
-3738
-3399
-2885
-2239
-1508
-744
0
676
1241
1659
1905
1968
1847
1554
1116
566
-51
-689
-1296
-1824
-2226
-2466
-2515
-2358
-1992
-1430
-697
168
1118
2094
3036
3879
4564
5035
5250
5177
4800
4121
3158
1949
545
-985
-2567
-4116
-5547
-6774
-7723
-8327
-8538
-8326
-7681
-6616
-5169
-3397
-1376
798
3023
5189
7183
8898
10239
11127
11502
11330
10603
9341
7590
5424
2940
251
-2515
-5226
-7747
-9950
-11722
-12968
-13617
-13628
-12988
-11720
-9875
-7534
-4804
-1813
1297
4378
7281
9863
11998
13578
14524
14786
14349
13229
11480
9184
6450
3409
209
-2995
-6051
-8811
-11142
-12933
-14100
-14591
-14385
-13498
-11977
-9903
-7379
-4535
-1510
1544
4481
7158
9450
11249
12477
13082
13047
12386
11142
9391
7229
4773
2150
-502
-3055
-5381
-7370
-8934
-10004
-10543
-10539
-10012
-9005
-7587
-5846
-3885
-1814
253
2209
3954
5403
6490
7174
7434
7276
6729
5841
4680
3327
1869
397
-997
-2237
-3251
-3988
-4414
-4516
-4302
-3799
-3053
-2123
-1079
0
1039
1963
2708
3220
3464
3419
3088
2491
1666
666
-439
-1577
-2668
-3635
-4406
-4921
-5134
-5017
-4562
-3781
-2709
-1398
81
1651
3219
4692
5981
7003
7687
7981
7851
7287
6305
4942
3257
1331
-741
-2856
-4901
-6767
-8351
-9562
-10328
-10598
-10345
-9569
-8298
-6586
-4509
-2165
333
2865
5305
7531
9428
10901
11871
12285
12116
11369
10073
8288
6097
3603
923
-1812
-4475
-6938
-9082
-10807
-12030
-12696
-12774
-12264
-11190
-9608
-7594
-5245
-2673
0
2650
5155
7403
9291
10741
11691
12107
11979
11322
10177
8603
6681
4504
2174
-200
-2515
-4670
-6574
-8153
-9346
-10114
-10438
-10317
-9772
-8840
-7574
-6038
-4305
-2454
-565
1285
3025
4590
5927
6994
7763
8217
8354
8183
7723
7003
6059
4933
3669
2315
918
-477
-1828
-3095
-4243
-5239
-6059
-6681
-7090
-7274
-7229
-6954
-6453
-5739
-4828
-3740
-2506
-1157
265
1720
3160
4534
5791
6881
7757
8374
8696
8697
8359
7679
6667
5347
3758
1954
0
-2029
-4050
-5974
-7714
-9186
-10313
-11031
-11290
-11062
-10336
-9127
-7472
-5430
-3080
-522
2135
4771
7262
9488
11337
12710
13530
13743
13322
12269
10620
8436
5810
2855
-293
-3491
-6586
-9426
-11870
-13793
-15093
-15694
-15556
-14672
-13073
-10823
-8023
-4799
-1301
2303
5841
9139
12033
14378
16052
16966
17067
16341
14816
12558
9672
6292
2581
-1281
-5107
-8710
-11909
-14547
-16488
-17635
-17926
-17343
-15911
-13695
-10803
-7374
-3575
407
4379
8144
11517
14330
16446
17758
0
0
0
0
0
0
0
0
0
0
0
0
0
0
0
0
0
0
0
0
0
0
0
0
0
0
0
0
0
0
0
0
0
0
0
0
0
0
0
0
0
0
0
0
0
0
0
0
0
0
0
0
0
0
0
0
0
0
0
0
0
0
0
0
0
0
0
-18203
-17727
-16322
-14064
-11070
-7500
-3541
597
4698
8545
11938
14698
16681
17786
17955
17183
15513
13035
9883
6224
2253
-1818
-5778
-9416
-12542
-14994
-16646
-17413
-17261
-16200
-14292
-11641
-8392
-4720
-819
3100
6833
10182
12972
15059
16337
16742
16259
14918
12796
10010
6711
3077
-695
-4407
-7862
-10878
-13298
-14998
-15891
-15936
-15136
-13538
-11233
-8346
-5034
-1475
2141
5622
8787
11468
13529
14864
15407
15135
14067
12265
9828
6888
3603
146
-3298
-6551
-9445
-11831
-13587
-14627
-14902
-14403
-13162
-11249
-8767
-5849
-2649
665
3925
6961
9622
11775
13314
14167
14297
13705
12429
10540
8140
5356
2331
-779
-3819
-6639
-9100
-11085
-12504
-13293
-13424
-12901
-11758
-10063
-7907
-5404
-2680
127
2883
5454
7723
9586
10964
11802
12074
11779
10946
9627
7897
5846
3578
1205
-1162
-3416
-5458
-7201
-8578
-9539
-10055
-10121
-9748
-8971
-7838
-6412
-4765
-2978
-1130
698
2433
4007
5365
6461
7267
7764
7948
7828
7423
6763
5884
4828
3640
2367
1055
-251
-1511
-2689
-3751
-4671
-5427
-6003
-6387
-6571
-6554
-6339
-5930
-5338
-4578
-3668
-2629
-1489
-277
973
2226
3441
4578
5597
6457
7122
7557
7736
7639
7255
6586
5641
4443
3028
1441
-263
-2020
-3762
-5415
-6907
-8169
-9140
-9766
-10007
-9839
-9254
-8263
-6895
-5196
-3231
-1076
1179
3440
5607
7583
9276
10605
11503
11920
11829
11224
10121
8562
6606
4336
1847
-753
-3351
-5831
-8082
-10001
-11499
-12508
-12979
-12886
-12232
-11042
-9368
-7281
-4874
-2252
468
3168
5727
8032
9984
11498
12509
12975
12879
12230
11060
9425
7401
5080
2566
-29
-2593
-5015
-7193
-9036
-10472
-11444
-11921
-11891
-11366
-10377
-8977
-7233
-5226
-3047
-791
1446
3574
5507
7172
8508
9470
10031
10181
9926
9291
8312
7039
5532
3858
2085
287
-1469
-3119
-4606
-5881
-6904
-7650
-8100
-8250
-8106
-7683
-7004
-6101
-5013
-3779
-2445
-1057
340
1701
2985
4153
5170
6008
6643
7057
7239
7184
6893
6375
5645
4725
3640
2425
1116
-244
-1612
-2944
-4191
-5310
-6258
-6997
-7497
-7733
-7689
-7361
-6751
-5878
-4765
-3451
-1981
-408
1207
2804
4317
5684
6848
7755
8365
8647
8582
8168
7417
6353
5017
3462
1749
-48
-1858
-3603
-5207
-6600
-7723
-8524
-8968
-9034
-8719
-8034
-7010
-5691
-4134
-2407
-587
1247
3015
4641
6053
7193
8013
8479
8577
8305
7682
6739
5524
4093
2515
862
-792
-2376
-3819
-5063
-6057
-6765
-7163
-7243
-7012
-6489
-5707
-4711
-3552
-2286
-975
322
1550
2657
3601
4348
4875
5172
5238
5083
4728
4200
3534
2769
1944
1099
274
-499
-1190
-1778
-2247
-2589
-2802
-2891
-2868
-2747
-2545
-2283
-1980
-1654
-1323
-1000
-695
-415
-164
57
254
430
591
743
890
1038
1187
1337
1484
1623
1745
1841
1899
1910
1861
1747
1561
1301
969
572
121
-368
-879
-1390
-1877
-2316
-2684
-2961
-3129
-3174
-3089
-2871
-2526
-2064
-1502
-863
-172
538
1239
1898
2484
2972
3337
3564
3640
3564
3337
2972
2484
1898
1239
538
-172
-863
-1502
-2064
-2526
-2871
-3089
-3174
-3129
-2961
-2684
-2316
-1877
-1390
-879
-368
121
572
969
1301
1561
1747
1861
1910
1899
1841
1745
1623
1484
1337
1187
1038
890
743
591
430
254
57
-164
-415
-695
-1000
-1323
-1654
-1980
-2283
-2545
-2747
-2868
-2891
-2802
-2589
-2247
-1778
-1190
-499
274
1099
1944
2769
3534
4200
4728
5083
5238
5172
4875
4348
3601
2657
1550
322
-975
-2286
-3552
-4711
-5707
-6489
-7012
-7243
-7163
-6765
-6057
-5063
-3819
-2376
-792
862
2515
4093
5524
6739
7682
8305
8577
8479
8013
7193
6053
4641
3015
1247
-587
-2407
-4134
-5691
-7010
-8034
-8719
-9034
-8968
-8524
-7723
-6600
-5207
-3603
-1858
-48
1749
3462
5017
6353
7417
8168
8582
8647
8365
7755
6848
5684
4317
2804
1207
-408
-1981
-3451
-4765
-5878
-6751
-7361
-7689
-7733
-7497
-6997
-6258
-5310
-4191
-2944
-1612
-244
1116
2425
3640
4725
5645
6375
6893
7184
7239
7057
6643
6008
5170
4153
2985
1701
340
-1057
-2445
-3779
-5013
-6101
-7004
-7683
-8106
-8250
-8100
-7650
-6904
-5881
-4606
-3119
-1469
287
2085
3858
5532
7039
8312
9291
9926
10181
10031
9470
8508
7172
5507
3574
1446
-791
-3047
-5226
-7233
-8977
-10377
-11366
-11891
-11921
-11444
-10472
-9036
-7193
-5015
-2593
-29
2566
5080
7401
9425
11060
12230
12879
12975
12509
11498
9984
8032
5727
3168
468
-2252
-4874
-7281
-9368
-11042
-12232
-12886
-12979
-12508
-11499
-10001
-8082
-5831
-3351
-753
1847
4336
6606
8562
10121
11224
11829
11920
11503
10605
9276
7583
5607
3440
1179
-1076
-3231
-5196
-6895
-8263
-9254
-9839
-10007
-9766
-9140
-8169
-6907
-5415
-3762
-2020
-263
1441
3028
4443
5641
6586
7255
7639
7736
7557
7122
6457
5597
4578
3441
2226
973
-277
-1489
-2629
-3668
-4578
-5338
-5930
-6339
-6554
-6571
-6387
-6003
-5427
-4671
-3751
-2689
-1511
-251
1055
2367
3640
4828
5884
6763
7423
7828
7948
7764
7267
6461
5365
4007
2433
698
-1130
-2978
-4765
-6412
-7838
-8971
-9748
-10121
-10055
-9539
-8578
-7201
-5458
-3416
-1162
1205
3578
5846
7897
9627
10946
11779
12074
11802
10964
9586
7723
5454
2883
127
-2680
-5404
-7907
-10063
-11758
-12901
-13424
-13293
-12504
-11085
-9100
-6639
-3819
-779
2331
5356
8140
10540
12429
13705
14297
14167
13314
11775
9622
6961
3925
665
-2649
-5849
-8767
-11249
-13162
-14403
-14902
-14627
-13587
-11831
-9445
-6551
-3298
146
3603
6888
9828
12265
14067
15135
15407
14864
13529
11468
8787
5622
2141
-1475
-5034
-8346
-11233
-13538
-15136
-15936
-15891
-14998
-13298
-10878
-7862
-4407
-695
3077
6711
10010
12796
14918
16259
16742
16337
15059
12972
10182
6833
3100
-819
-4720
-8392
-11641
-14292
-16200
-17261
-17413
-16646
-14994
-12542
-9416
-5778
-1818
2253
6224
9883
13035
15513
17183
17955
17786
16681
14698
11938
8545
4698
597
-3541
-7500
-11070
-14064
-16322
-17727
0
0
0
0
0
0
0
0
0
0
0
0
0
0
0
0
0
0
0
0
0
0
0
0
0
0
0
0
0
0
0
0
0
0
0
0
0
0
0
0
0
0
0
0
0
0
0
0
0
0
0
0
0
0
0
0
0
0
0
0
0
0
0
0
0
0
0
-10922
-10717
-10111
-9125
-7796
-6173
-4316
-2294
-183
1939
3992
5900
7590
8998
10069
10761
11047
10915
10367
9422
8114
6492
4616
2556
391
-1795
-3920
-5900
-7659
-9127
-10246
-10971
-11272
-11135
-10565
-9583
-8225
-6544
-4605
-2485
-266
1963
4116
6107
7857
9296
10369
11032
11261
11047
10399
9346
7929
6208
4250
2136
-50
-2222
-4294
-6184
-7820
-9139
-10092
-10644
-10779
-10496
-9809
-8750
-7365
-5711
-3857
-1875
155
2157
4054
5775
7258
8450
9311
9814
9946
9709
9116
8195
6985
5535
3901
2144
328
-1479
-3216
-4822
-6243
-7432
-8349
-8966
-9266
-9239
-8889
-8230
-7286
-6088
-4678
-3103
-1415
328
2070
3751
5314
6703
7871
8773
9374
9649
9582
9169
8417
7344
5983
4376
2574
639
-1359
-3349
-5256
-7005
-8523
-9746
-10617
-11092
-11141
-10748
-9917
-8668
-7040
-5087
-2882
-508
1941
4365
6662
8730
10477
11818
12686
13032
12828
12069
10776
8992
6785
4243
1470
-1413
-4282
-7009
-9467
-11542
-13132
-14158
-14563
-14318
-13425
-11914
-9846
-7308
-4411
-1283
1932
5087
8035
10634
12760
14309
15203
15393
14864
13637
11765
9331
6450
3255
-101
-3460
-6659
-9544
-11973
-13829
-15019
-15484
-15201
-14182
-12477
-10168
-7369
-4217
-870
2507
5747
8690
11188
13118
14385
14927
14718
13772
12138
9903
7181
4113
857
-2419
-5549
-8371
-10743
-12543
-13681
-14102
-13787
-12756
-11066
-8809
-6105
-3099
49
3174
6111
8704
10819
12344
13200
13345
12774
11518
9648
7265
4499
1498
-1574
-4554
-7281
-9608
-11410
-12590
-13085
-12868
-11951
-10383
-8249
-5663
-2764
289
3336
6209
8754
10834
12334
13173
13304
12717
11443
9547
7129
4317
1260
-1878
-4933
-7741
-10150
-12033
-13287
-13845
-13674
-12781
-11212
-9048
-6400
-3407
-225
2979
6039
8795
11103
12842
13922
14286
13915
12830
11086
8775
6015
2951
-259
-3452
-6463
-9139
-11345
-12969
-13933
-14190
-13731
-12585
-10814
-8513
-5803
-2824
270
3323
6181
8701
10760
12260
13133
13344
12889
11803
10149
8020
5529
2809
0
-2756
-5322
-7573
-9403
-10729
-11497
-11680
-11284
-10343
-8918
-7094
-4973
-2670
-307
1996
4126
5981
7476
8549
9160
9296
8967
8208
7075
5642
3993
2223
428
-1298
-2870
-4215
-5275
-6008
-6395
-6434
-6143
-5557
-4726
-3709
-2574
-1390
-226
854
1798
2561
3113
3440
3540
3426
3124
2670
2106
1479
837
225
-314
-750
-1059
-1228
-1254
-1149
-930
-624
-265
110
467
769
987
1096
1083
943
680
309
-144
-651
-1175
-1676
-2114
-2454
-2665
-2721
-2609
-2325
-1876
-1280
-566
228
1059
1880
2640
3293
3796
4113
4219
4100
3755
3197
2449
1547
539
-524
-1585
-2586
-3470
-4188
-4697
-4967
-4979
-4730
-4230
-3504
-2589
-1533
-392
771
1896
2920
3789
4455
4882
5048
4943
4576
3967
3150
2173
1090
-38
-1150
-2183
-3081
-3794
-4286
-4531
-4519
-4252
-3751
-3047
-2182
-1209
-186
827
1772
2594
3247
3693
3909
3886
3627
3150
2487
1680
779
-159
-1078
-1922
-2638
-3183
-3524
-3640
-3524
-3183
-2638
-1922
-1078
-159
779
1680
2487
3150
3627
3886
3909
3693
3247
2594
1772
827
-186
-1209
-2182
-3047
-3751
-4252
-4519
-4531
-4286
-3794
-3081
-2183
-1150
-38
1090
2173
3150
3967
4576
4943
5048
4882
4455
3789
2920
1896
771
-392
-1533
-2589
-3504
-4230
-4730
-4979
-4967
-4697
-4188
-3470
-2586
-1585
-524
539
1547
2449
3197
3755
4100
4219
4113
3796
3293
2640
1880
1059
228
-566
-1280
-1876
-2325
-2609
-2721
-2665
-2454
-2114
-1676
-1175
-651
-144
309
680
943
1083
1096
987
769
467
110
-265
-624
-930
-1149
-1254
-1228
-1059
-750
-314
225
837
1479
2106
2670
3124
3426
3540
3440
3113
2561
1798
854
-226
-1390
-2574
-3709
-4726
-5557
-6143
-6434
-6395
-6008
-5275
-4215
-2870
-1298
428
2223
3993
5642
7075
8208
8967
9296
9160
8549
7476
5981
4126
1996
-307
-2670
-4973
-7094
-8918
-10343
-11284
-11680
-11497
-10729
-9403
-7573
-5322
-2756
0
2809
5529
8020
10149
11803
12889
13344
13133
12260
10760
8701
6181
3323
270
-2824
-5803
-8513
-10814
-12585
-13731
-14190
-13933
-12969
-11345
-9139
-6463
-3452
-259
2951
6015
8775
11086
12830
13915
14286
13922
12842
11103
8795
6039
2979
-225
-3407
-6400
-9048
-11212
-12781
-13674
-13845
-13287
-12033
-10150
-7741
-4933
-1878
1260
4317
7129
9547
11443
12717
13304
13173
12334
10834
8754
6209
3336
289
-2764
-5663
-8249
-10383
-11951
-12868
-13085
-12590
-11410
-9608
-7281
-4554
-1574
1498
4499
7265
9648
11518
12774
13345
13200
12344
10819
8704
6111
3174
49
-3099
-6105
-8809
-11066
-12756
-13787
-14102
-13681
-12543
-10743
-8371
-5549
-2419
857
4113
7181
9903
12138
13772
14718
14927
14385
13118
11188
8690
5747
2507
-870
-4217
-7369
-10168
-12477
-14182
-15201
-15484
-15019
-13829
-11973
-9544
-6659
-3460
-101
3255
6450
9331
11765
13637
14864
15393
15203
14309
12760
10634
8035
5087
1932
-1283
-4411
-7308
-9846
-11914
-13425
-14318
-14563
-14158
-13132
-11542
-9467
-7009
-4282
-1413
1470
4243
6785
8992
10776
12069
12828
13032
12686
11818
10477
8730
6662
4365
1941
-508
-2882
-5087
-7040
-8668
-9917
-10748
-11141
-11092
-10617
-9746
-8523
-7005
-5256
-3349
-1359
639
2574
4376
5983
7344
8417
9169
9582
9649
9374
8773
7871
6703
5314
3751
2070
328
-1415
-3103
-4678
-6088
-7286
-8230
-8889
-9239
-9266
-8966
-8349
-7432
-6243
-4822
-3216
-1479
328
2144
3901
5535
6985
8195
9116
9709
9946
9814
9311
8450
7258
5775
4054
2157
155
-1875
-3857
-5711
-7365
-8750
-9809
-10496
-10779
-10644
-10092
-9139
-7820
-6184
-4294
-2222
-50
2136
4250
6208
7929
9346
10399
11047
11261
11032
10369
9296
7857
6107
4116
1963
-266
-2485
-4605
-6544
-8225
-9583
-10565
-11135
-11272
-10971
-10246
-9127
-7659
-5900
-3920
-1795
391
2556
4616
6492
8114
9422
10367
10915
11047
10761
10069
8998
7590
5900
3992
1939
-183
-2294
-4316
-6173
-7796
-9125
-10111
-10717
0
0
0
0
0
0
0
0
0
0
0
0
0
0
0
0
0
0
0
0
0
0
0
0
0
0
0
0
0
0
0
0
0
0
0
0
0
0
0
0
0
0
0
0
0
0
0
0
0
0
0
0
0
0
0
0
0
0
0
0
0
0
0
0
0
0
0
-25485
-24909
-23209
-20463
-16799
-12386
-7428
-2153
3194
8372
13144
17295
20640
23032
24370
24603
23730
21802
18918
15219
10884
6117
1141
-3817
-8532
-12796
-16423
-19259
-21191
-22148
-22106
-21087
-19156
-16419
-13017
-9117
-4906
-580
3666
7646
11188
14148
16412
17899
18567
18413
17469
15802
13511
10717
7559
4190
761
-2573
-5677
-8424
-10712
-12463
-13626
-14177
-14123
-13494
-12343
-10744
-8787
-6569
-4194
-1768
608
2845
4861
6591
7985
9008
9647
9900
9782
9322
8557
7535
6306
4924
3447
1926
413
-1046
-2413
-3650
-4730
-5631
-6336
-6834
-7118
-7188
-7045
-6698
-6156
-5434
-4551
-3528
-2391
-1170
100
1386
2647
3842
4931
5873
6630
7170
7463
7490
7240
6711
5913
4868
3609
2179
630
-975
-2574
-4098
-5480
-6657
-7572
-8180
-8447
-8354
-7897
-7090
-5965
-4566
-2953
-1198
620
2419
4113
5625
6880
7819
8396
8581
8367
7762
6795
5515
3983
2276
478
-1322
-3035
-4577
-5872
-6858
-7489
-7736
-7592
-7069
-6200
-5036
-3640
-2091
-472
1128
2626
3944
5013
5779
6208
6283
6006
5400
4507
3383
2098
729
-641
-1934
-3073
-3993
-4642
-4984
-5004
-4703
-4103
-3245
-2183
-987
268
1504
2641
3606
4336
4782
4913
4716
4199
3389
2331
1088
-266
-1650
-2978
-4165
-5135
-5822
-6175
-6162
-5774
-5020
-3935
-2572
-1002
689
2409
4058
5540
6765
7656
8152
8214
7825
6993
5753
4160
2292
244
-1876
-3959
-5890
-7562
-8878
-9762
-10157
-10032
-9382
-8233
-6634
-4661
-2412
0
2453
4821
6979
8812
10221
11129
11483
11260
10464
9132
7327
5139
2676
63
-2567
-5080
-7348
-9253
-10697
-11607
-11933
-11660
-10802
-9401
-7531
-5287
-2785
-154
2472
4959
7181
9025
10400
11237
11498
11175
10288
8889
7054
4882
2489
1
-2451
-4743
-6757
-8391
-9566
-10227
-10346
-9926
-8997
-7616
-5862
-3836
-1648
582
2734
4696
6366
7658
8510
8884
8769
8180
7157
5765
4087
2220
272
-1649
-3436
-4992
-6234
-7098
-7540
-7542
-7112
-6280
-5098
-3640
-1993
-252
1480
3105
4529
5672
6471
6882
6882
6475
5686
4562
3169
1588
-88
-1764
-3342
-4732
-5853
-6639
-7045
-7045
-6638
-5844
-4705
-3285
-1661
76
1831
3506
5007
6249
7161
7689
7802
7490
6765
5664
4242
2574
746
-1143
-2995
-4711
-6198
-7377
-8182
-8570
-8516
-8021
-7108
-5822
-4227
-2404
-447
1546
3472
5234
6741
7916
8699
9050
8951
8406
7444
6112
4478
2623
641
-1369
-3309
-5082
-6601
-7793
-8600
-8986
-8933
-8447
-7556
-6306
-4760
-2999
-1108
817
2685
4404
5892
7081
7915
8360
8399
8035
7293
6214
4854
3285
1585
-160
-1868
-3455
-4848
-5982
-6808
-7292
-7418
-7186
-6616
-5742
-4614
-3291
-1841
-338
1142
2531
3763
4781
5540
6011
6178
6039
5610
4920
4008
2927
1733
488
-742
-1899
-2927
-3778
-4412
-4806
-4944
-4826
-4466
-3888
-3126
-2226
-1236
-210
797
1734
2554
3216
3688
3949
3990
3812
3429
2864
2151
1330
448
-447
-1307
-2084
-2737
-3229
-3536
-3640
-3536
-3229
-2737
-2084
-1307
-447
448
1330
2151
2864
3429
3812
3990
3949
3688
3216
2554
1734
797
-210
-1236
-2226
-3126
-3888
-4466
-4826
-4944
-4806
-4412
-3778
-2927
-1899
-742
488
1733
2927
4008
4920
5610
6039
6178
6011
5540
4781
3763
2531
1142
-338
-1841
-3291
-4614
-5742
-6616
-7186
-7418
-7292
-6808
-5982
-4848
-3455
-1868
-160
1585
3285
4854
6214
7293
8035
8399
8360
7915
7081
5892
4404
2685
817
-1108
-2999
-4760
-6306
-7556
-8447
-8933
-8986
-8600
-7793
-6601
-5082
-3309
-1369
641
2623
4478
6112
7444
8406
8951
9050
8699
7916
6741
5234
3472
1546
-447
-2404
-4227
-5822
-7108
-8021
-8516
-8570
-8182
-7377
-6198
-4711
-2995
-1143
746
2574
4242
5664
6765
7490
7802
7689
7161
6249
5007
3506
1831
76
-1661
-3285
-4705
-5844
-6638
-7045
-7045
-6639
-5853
-4732
-3342
-1764
-88
1588
3169
4562
5686
6475
6882
6882
6471
5672
4529
3105
1480
-252
-1993
-3640
-5098
-6280
-7112
-7542
-7540
-7098
-6234
-4992
-3436
-1649
272
2220
4087
5765
7157
8180
8769
8884
8510
7658
6366
4696
2734
582
-1648
-3836
-5862
-7616
-8997
-9926
-10346
-10227
-9566
-8391
-6757
-4743
-2451
1
2489
4882
7054
8889
10288
11175
11498
11237
10400
9025
7181
4959
2472
-154
-2785
-5287
-7531
-9401
-10802
-11660
-11933
-11607
-10697
-9253
-7348
-5080
-2567
63
2676
5139
7327
9132
10464
11260
11483
11129
10221
8812
6979
4821
2453
0
-2412
-4661
-6634
-8233
-9382
-10032
-10157
-9762
-8878
-7562
-5890
-3959
-1876
244
2292
4160
5753
6993
7825
8214
8152
7656
6765
5540
4058
2409
689
-1002
-2572
-3935
-5020
-5774
-6162
-6175
-5822
-5135
-4165
-2978
-1650
-266
1088
2331
3389
4199
4716
4913
4782
4336
3606
2641
1504
268
-987
-2183
-3245
-4103
-4703
-5004
-4984
-4642
-3993
-3073
-1934
-641
729
2098
3383
4507
5400
6006
6283
6208
5779
5013
3944
2626
1128
-472
-2091
-3640
-5036
-6200
-7069
-7592
-7736
-7489
-6858
-5872
-4577
-3035
-1322
478
2276
3983
5515
6795
7762
8367
8581
8396
7819
6880
5625
4113
2419
620
-1198
-2953
-4566
-5965
-7090
-7897
-8354
-8447
-8180
-7572
-6657
-5480
-4098
-2574
-975
630
2179
3609
4868
5913
6711
7240
7490
7463
7170
6630
5873
4931
3842
2647
1386
100
-1170
-2391
-3528
-4551
-5434
-6156
-6698
-7045
-7188
-7118
-6834
-6336
-5631
-4730
-3650
-2413
-1046
413
1926
3447
4924
6306
7535
8557
9322
9782
9900
9647
9008
7985
6591
4861
2845
608
-1768
-4194
-6569
-8787
-10744
-12343
-13494
-14123
-14177
-13626
-12463
-10712
-8424
-5677
-2573
761
4190
7559
10717
13511
15802
17469
18413
18567
17899
16412
14148
11188
7646
3666
-580
-4906
-9117
-13017
-16419
-19156
-21087
-22106
-22148
-21191
-19259
-16423
-12796
-8532
-3817
1141
6117
10884
15219
18918
21802
23730
24603
24370
23032
20640
17295
13144
8372
3194
-2153
-7428
-12386
-16799
-20463
-23209
-24909
0
0
0
0
0
0
0
0
0
0
0
0
0
0
0
0
0
0
0
0
0
0
0
0
0
0
0
0
0
0
0
0
0
0
0
0
0
0
0
0
0
0
0
0
0
0
0
0
0
0
0
0
0
0
0
0
0
0
0
0
0
0
0
0
0
0
0
3640
3584
3418
3147
2777
2321
1792
1204
575
-75
-729
-1367
-1969
-2517
-2993
-3383
-3672
-3851
-3912
-3850
-3665
-3360
-2940
-2416
-1802
-1114
-372
402
1185
1951
2674
3330
3892
4339
4652
4813
4811
4639
4296
3788
3126
2327
1414
417
-629
-1690
-2725
-3694
-4556
-5274
-5813
-6146
-6252
-6116
-5736
-5117
-4275
-3237
-2036
-717
669
2069
3425
4679
5775
6663
7300
7649
7690
7412
6817
5924
4762
3376
1820
156
-1544
-3209
-4766
-6144
-7281
-8122
-8626
-8766
-8530
-7923
-6967
-5701
-4176
-2459
-623
1250
3079
4781
6279
7506
8406
8938
9076
8816
8168
7162
5845
4278
2532
687
-1171
-2959
-4597
-6010
-7137
-7931
-8359
-8406
-8078
-7396
-6397
-5135
-3672
-2082
-441
1172
2684
4028
5145
5989
6531
6756
6665
6275
5617
4734
3679
2513
1296
92
-1040
-2049
-2892
-3536
-3963
-4165
-4150
-3935
-3549
-3029
-2415
-1753
-1088
-460
93
545
877
1078
1150
1104
960
745
491
231
0
-171
-258
-240
-109
134
480
908
1390
1888
2363
2772
3073
3228
3209
2992
2568
1941
1127
155
-930
-2080
-3231
-4319
-5279
-6046
-6565
-6789
-6686
-6238
-5449
-4338
-2945
-1325
449
2297
4126
5842
7354
8575
9432
9867
9840
9337
8365
6955
5163
3066
757
-1654
-4054
-6323
-8347
-10019
-11251
-11972
-12135
-11723
-10744
-9236
-7264
-4916
-2303
452
3219
5861
8250
10266
11809
12800
13187
12948
12092
10659
8716
6358
3698
865
-2000
-4760
-7281
-9440
-11135
-12284
-12836
-12769
-12092
-10842
-9089
-6924
-4459
-1820
861
3452
5825
7867
9482
10599
11174
11189
10656
9617
8136
6301
4214
1990
-253
-2402
-4346
-5993
-7267
-8115
-8509
-8446
-7947
-7058
-5844
-4386
-2776
-1110
514
2007
3288
4293
4978
5316
5306
4966
4336
3469
2437
1314
182
-878
-1798
-2514
-2980
-3169
-3072
-2700
-2085
-1273
-327
680
1674
2574
3310
3817
4048
3972
3577
2874
1894
688
-673
-2111
-3534
-4849
-5964
-6798
-7281
-7362
-7013
-6230
-5033
-3470
-1612
451
2613
4758
6763
8513
9897
10826
11227
11056
10300
8974
7127
4837
2207
-636
-3554
-6395
-9011
-11260
-13014
-14171
-14652
-14417
-13456
-11801
-9517
-6706
-3495
-38
3497
6936
10106
12844
15004
16471
17160
17025
16059
14299
11821
8735
5188
1347
-2602
-6468
-10062
-13204
-15739
-17537
-18507
-18595
-17792
-16133
-13693
-10587
-6964
-2996
1125
5201
9037
12446
15265
17359
18626
19009
18490
17095
14895
11997
8543
4699
651
-3406
-7281
-10790
-13768
-16078
-17616
-18315
-18150
-17135
-15328
-12822
-9742
-6239
-2484
1343
5064
8505
11507
13937
15690
16692
16910
16344
15033
13050
10498
7505
4216
789
-2617
-5846
-8752
-11210
-13116
-14393
-14997
-14913
-14159
-12784
-10863
-8493
-5791
-2884
92
3005
5728
8144
10154
11679
12663
13075
12912
12193
10962
9283
7238
4923
2442
-97
-2585
-4921
-7008
-8766
-10129
-11047
-11492
-11454
-10943
-9987
-8632
-6940
-4981
-2839
-600
1643
3805
5798
7545
8979
10044
10700
10922
10700
10044
8979
7545
5798
3805
1643
-600
-2839
-4981
-6940
-8632
-9987
-10943
-11454
-11492
-11047
-10129
-8766
-7008
-4921
-2585
-97
2442
4923
7238
9283
10962
12193
12912
13075
12663
11679
10154
8144
5728
3005
92
-2884
-5791
-8493
-10863
-12784
-14159
-14913
-14997
-14393
-13116
-11210
-8752
-5846
-2617
789
4216
7505
10498
13050
15033
16344
16910
16692
15690
13937
11507
8505
5064
1343
-2484
-6239
-9742
-12822
-15328
-17135
-18150
-18315
-17616
-16078
-13768
-10790
-7281
-3406
651
4699
8543
11997
14895
17095
18490
19009
18626
17359
15265
12446
9037
5201
1125
-2996
-6964
-10587
-13693
-16133
-17792
-18595
-18507
-17537
-15739
-13204
-10062
-6468
-2602
1347
5188
8735
11821
14299
16059
17025
17160
16471
15004
12844
10106
6936
3497
-38
-3495
-6706
-9517
-11801
-13456
-14417
-14652
-14171
-13014
-11260
-9011
-6395
-3554
-636
2207
4837
7127
8974
10300
11056
11227
10826
9897
8513
6763
4758
2613
451
-1612
-3470
-5033
-6230
-7013
-7362
-7281
-6798
-5964
-4849
-3534
-2111
-673
688
1894
2874
3577
3972
4048
3817
3310
2574
1674
680
-327
-1273
-2085
-2700
-3072
-3169
-2980
-2514
-1798
-878
182
1314
2437
3469
4336
4966
5306
5316
4978
4293
3288
2007
514
-1110
-2776
-4386
-5844
-7058
-7947
-8446
-8509
-8115
-7267
-5993
-4346
-2402
-253
1990
4214
6301
8136
9617
10656
11189
11174
10599
9482
7867
5825
3452
861
-1820
-4459
-6924
-9089
-10842
-12092
-12769
-12836
-12284
-11135
-9440
-7281
-4760
-2000
865
3698
6358
8716
10659
12092
12948
13187
12800
11809
10266
8250
5861
3219
452
-2303
-4916
-7264
-9236
-10744
-11723
-12135
-11972
-11251
-10019
-8347
-6323
-4054
-1654
757
3066
5163
6955
8365
9337
9840
9867
9432
8575
7354
5842
4126
2297
449
-1325
-2945
-4338
-5449
-6238
-6686
-6789
-6565
-6046
-5279
-4319
-3231
-2080
-930
155
1127
1941
2568
2992
3209
3228
3073
2772
2363
1888
1390
908
480
134
-109
-240
-258
-171
0
231
491
745
960
1104
1150
1078
877
545
93
-460
-1088
-1753
-2415
-3029
-3549
-3935
-4150
-4165
-3963
-3536
-2892
-2049
-1040
92
1296
2513
3679
4734
5617
6275
6665
6756
6531
5989
5145
4028
2684
1172
-441
-2082
-3672
-5135
-6397
-7396
-8078
-8406
-8359
-7931
-7137
-6010
-4597
-2959
-1171
687
2532
4278
5845
7162
8168
8816
9076
8938
8406
7506
6279
4781
3079
1250
-623
-2459
-4176
-5701
-6967
-7923
-8530
-8766
-8626
-8122
-7281
-6144
-4766
-3209
-1544
156
1820
3376
4762
5924
6817
7412
7690
7649
7300
6663
5775
4679
3425
2069
669
-717
-2036
-3237
-4275
-5117
-5736
-6116
-6252
-6146
-5813
-5274
-4556
-3694
-2725
-1690
-629
417
1414
2327
3126
3788
4296
4639
4811
4813
4652
4339
3892
3330
2674
1951
1185
402
-372
-1114
-1802
-2416
-2940
-3360
-3665
-3850
-3912
-3851
-3672
-3383
-2993
-2517
-1969
-1367
-729
-75
575
1204
1792
2321
2777
3147
3418
3584
0
0
0
0
0
0
0
0
0
0
0
0
0
0
0
0
0
0
0
0
0
0
0
0
0
0
0
0
0
0
0
0
0
0
0
0
0
0
0
0
0
0
0
0
0
0
0
0
0
0
0
0
0
0
0
0
0
0
0
0
0
0
0
0
0
0
0
-10922
-10628
-9761
-8368
-6521
-4317
-1874
679
3210
5582
7669
9360
10564
11214
11273
10734
9622
7990
5922
3520
909
-1778
-4403
-6829
-8929
-10594
-11732
-12283
-12212
-11518
-10230
-8409
-6142
-3539
-729
2150
4956
7548
9796
11585
12825
13449
13423
12744
11441
9572
7224
4509
1554
-1498
-4505
-7320
-9810
-11855
-13356
-14240
-14464
-14015
-12913
-11206
-8974
-6319
-3364
-244
2896
5914
8670
11040
12915
14210
14869
14861
14189
12884
11006
8641
5895
2892
-234
-3346
-6306
-8983
-11264
-13049
-14263
-14857
-14807
-14121
-12831
-10996
-8698
-6039
-3135
-110
2905
5784
8406
10661
12458
13724
14409
14490
13966
12865
11235
9149
6694
3976
1108
-1790
-4601
-7209
-9508
-11407
-12830
-13721
-14049
-13801
-12993
-11659
-9855
-7659
-5161
-2462
324
3087
5715
8100
10147
11774
12917
13531
13593
13101
12078
10566
8630
6348
3816
1136
-1579
-4220
-6678
-8853
-10656
-12014
-12873
-13198
-12978
-12225
-10970
-9270
-7196
-4836
-2291
331
2923
5374
7582
9457
10922
11917
12406
12370
11818
10776
9294
7440
5297
2960
531
-1885
-4185
-6272
-8060
-9478
-10469
-11000
-11056
-10643
-9790
-8543
-6964
-5130
-3126
-1042
1026
2993
4775
6300
7510
8364
8836
8920
8627
7984
7034
5832
4440
2929
1370
-167
-1617
-2921
-4032
-4914
-5542
-5908
-6013
-5873
-5514
-4968
-4276
-3481
-2627
-1757
-909
-115
596
1208
1711
2101
2384
2569
2671
2707
2694
2649
2587
2517
2445
2371
2291
2197
2074
1909
1687
1393
1017
553
0
-634
-1336
-2083
-2845
-3588
-4272
-4854
-5294
-5554
-5599
-5406
-4960
-4259
-3315
-2152
-810
660
2199
3734
5193
6500
7584
8378
8829
8897
8560
7812
6672
5176
3381
1360
-797
-2995
-5127
-7091
-8785
-10119
-11020
-11430
-11317
-10671
-9510
-7878
-5841
-3489
-928
1721
4336
6787
8956
10732
12025
12765
12909
12444
11386
9779
7695
5233
2509
-347
-3198
-5905
-8336
-10372
-11912
-12882
-13234
-12950
-12045
-10564
-8582
-6197
-3528
-708
2123
4827
7271
9335
10922
11957
12394
12218
11447
10125
8326
6148
3705
1125
-1459
-3918
-6128
-7982
-9392
-10295
-10656
-10468
-9752
-8559
-6962
-5054
-2942
-744
1421
3441
5213
6647
7677
8259
8375
8034
7267
6132
4703
3069
1330
-411
-2057
-3515
-4707
-5571
-6067
-6179
-5910
-5290
-4366
-3205
-1884
-490
886
2160
3252
4096
4642
4859
4739
4292
3553
2571
1413
156
-1116
-2320
-3375
-4210
-4768
-5008
-4912
-4478
-3731
-2712
-1482
-114
1306
2691
3952
5007
5785
6230
6306
5998
5314
4287
2967
1426
-249
-1966
-3623
-5122
-6371
-7292
-7823
-7925
-7580
-6799
-5616
-4089
-2296
-333
1693
3671
5489
7043
8241
9011
9303
9092
8382
7204
5616
3700
1554
-704
-2956
-5077
-6949
-8469
-9548
-10124
-10159
-9648
-8612
-7103
-5199
-3000
-623
1804
4150
6287
8097
9482
10362
10688
10439
9626
8290
6502
4356
1968
-532
-3012
-5335
-7375
-9020
-10180
-10791
-10818
-10259
-9144
-7531
-5508
-3185
-687
1850
4288
6495
8350
9752
10625
10922
10625
9752
8350
6495
4288
1850
-687
-3185
-5508
-7531
-9144
-10259
-10818
-10791
-10180
-9020
-7375
-5335
-3012
-532
1968
4356
6502
8290
9626
10439
10688
10362
9482
8097
6287
4150
1804
-623
-3000
-5199
-7103
-8612
-9648
-10159
-10124
-9548
-8469
-6949
-5077
-2956
-704
1554
3700
5616
7204
8382
9092
9303
9011
8241
7043
5489
3671
1693
-333
-2296
-4089
-5616
-6799
-7580
-7925
-7823
-7292
-6371
-5122
-3623
-1966
-249
1426
2967
4287
5314
5998
6306
6230
5785
5007
3952
2691
1306
-114
-1482
-2712
-3731
-4478
-4912
-5008
-4768
-4210
-3375
-2320
-1116
156
1413
2571
3553
4292
4739
4859
4642
4096
3252
2160
886
-490
-1884
-3205
-4366
-5290
-5910
-6179
-6067
-5571
-4707
-3515
-2057
-411
1330
3069
4703
6132
7267
8034
8375
8259
7677
6647
5213
3441
1421
-744
-2942
-5054
-6962
-8559
-9752
-10468
-10656
-10295
-9392
-7982
-6128
-3918
-1459
1125
3705
6148
8326
10125
11447
12218
12394
11957
10922
9335
7271
4827
2123
-708
-3528
-6197
-8582
-10564
-12045
-12950
-13234
-12882
-11912
-10372
-8336
-5905
-3198
-347
2509
5233
7695
9779
11386
12444
12909
12765
12025
10732
8956
6787
4336
1721
-928
-3489
-5841
-7878
-9510
-10671
-11317
-11430
-11020
-10119
-8785
-7091
-5127
-2995
-797
1360
3381
5176
6672
7812
8560
8897
8829
8378
7584
6500
5193
3734
2199
660
-810
-2152
-3315
-4259
-4960
-5406
-5599
-5554
-5294
-4854
-4272
-3588
-2845
-2083
-1336
-634
0
553
1017
1393
1687
1909
2074
2197
2291
2371
2445
2517
2587
2649
2694
2707
2671
2569
2384
2101
1711
1208
596
-115
-909
-1757
-2627
-3481
-4276
-4968
-5514
-5873
-6013
-5908
-5542
-4914
-4032
-2921
-1617
-167
1370
2929
4440
5832
7034
7984
8627
8920
8836
8364
7510
6300
4775
2993
1026
-1042
-3126
-5130
-6964
-8543
-9790
-10643
-11056
-11000
-10469
-9478
-8060
-6272
-4185
-1885
531
2960
5297
7440
9294
10776
11818
12370
12406
11917
10922
9457
7582
5374
2923
331
-2291
-4836
-7196
-9270
-10970
-12225
-12978
-13198
-12873
-12014
-10656
-8853
-6678
-4220
-1579
1136
3816
6348
8630
10566
12078
13101
13593
13531
12917
11774
10147
8100
5715
3087
324
-2462
-5161
-7659
-9855
-11659
-12993
-13801
-14049
-13721
-12830
-11407
-9508
-7209
-4601
-1790
1108
3976
6694
9149
11235
12865
13966
14490
14409
13724
12458
10661
8406
5784
2905
-110
-3135
-6039
-8698
-10996
-12831
-14121
-14807
-14857
-14263
-13049
-11264
-8983
-6306
-3346
-234
2892
5895
8641
11006
12884
14189
14861
14869
14210
12915
11040
8670
5914
2896
-244
-3364
-6319
-8974
-11206
-12913
-14015
-14464
-14240
-13356
-11855
-9810
-7320
-4505
-1498
1554
4509
7224
9572
11441
12744
13423
13449
12825
11585
9796
7548
4956
2150
-729
-3539
-6142
-8409
-10230
-11518
-12212
-12283
-11732
-10594
-8929
-6829
-4403
-1778
909
3520
5922
7990
9622
10734
11273
11214
10564
9360
7669
5582
3210
679
-1874
-4317
-6521
-8368
-9761
-10628
0
0
0
0
0
0
0
0
0
0
0
0
0
0
0
0
0
0
0
0
0
0
0
0
0
0
0
0
0
0
0
0
0
0
0
0
0
0
0
0
0
0
0
0
0
0
0
0
0
0
0
0
0
0
0
0
0
0
0
0
0
0
0
0
0
0
0
18203
17819
16683
14843
12378
9393
6016
2390
-1330
-4987
-8425
-11499
-14078
-16055
-17348
-17903
-17699
-16749
-15096
-12812
-9999
-6778
-3289
317
3888
7269
10319
12908
14931
16304
16974
16918
16144
14693
12633
10059
7086
3845
481
-2861
-6039
-8917
-11375
-13313
-14654
-15350
-15381
-14755
-13511
-11713
-9449
-6826
-3964
-992
1957
4758
7292
9453
11158
12343
12969
13024
12522
11500
10018
8155
6004
3669
1258
-1119
-3362
-5375
-7081
-8415
-9336
-9821
-9867
-9495
-8740
-7655
-6306
-4766
-3115
-1432
206
1730
3080
4208
5082
5681
6003
6056
5862
5455
4875
4165
3375
2549
1730
955
253
-355
-858
-1253
-1546
-1749
-1880
-1959
-2008
-2047
-2094
-2160
-2252
-2369
-2502
-2638
-2758
-2836
-2848
-2769
-2574
-2246
-1775
-1158
-402
474
1443
2465
3495
4480
5364
6092
6611
6876
6849
6508
5844
4864
3595
2078
371
-1454
-3317
-5128
-6795
-8231
-9354
-10093
-10395
-10225
-9572
-8445
-6882
-4940
-2699
-256
2275
4778
7131
9215
10922
12159
12854
12959
12456
11354
9692
7541
4992
2163
-815
-3803
-6654
-9228
-11398
-13052
-14103
-14493
-14195
-13217
-11598
-9413
-6761
-3770
-582
2648
5764
8613
11053
12964
14251
14849
14727
13891
12381
10272
7668
4698
1511
-1736
-4882
-7771
-10261
-12229
-13579
-14248
-14206
-13461
-12053
-10059
-7584
-4756
-1722
1363
4343
7068
9401
11228
12460
13042
12951
12199
10834
8934
6602
3967
1167
-1647
-4331
-6745
-8767
-10297
-11260
-11614
-11348
-10486
-9081
-7216
-4997
-2547
0
2506
4837
6871
8502
9647
10251
10287
9762
8711
7197
5308
3151
847
-1475
-3692
-5682
-7339
-8575
-9327
-9558
-9261
-8456
-7192
-5540
-3595
-1465
732
2879
4857
6560
7898
8801
9223
9144
8572
7539
6106
4350
2367
266
-1841
-3844
-5636
-7124
-8231
-8903
-9107
-8836
-8108
-6966
-5472
-3706
-1763
255
2244
4103
5738
7069
8031
8582
8700
8384
7658
6564
5165
3534
1757
-74
-1869
-3541
-5009
-6208
-7086
-7607
-7758
-7540
-6975
-6101
-4968
-3640
-2186
-678
810
2211
3463
4515
5327
5872
6140
6131
5861
5354
4647
3781
2804
1764
708
-317
-1273
-2127
-2852
-3430
-3851
-4113
-4221
-4184
-4015
-3734
-3358
-2906
-2396
-1847
-1272
-685
-96
484
1049
1591
2102
2574
2997
3361
3653
3860
3969
3966
3840
3582
3186
2652
1985
1199
313
-646
-1646
-2647
-3605
-4477
-5215
-5778
-6126
-6229
-6065
-5625
-4911
-3941
-2746
-1368
136
1702
3259
4730
6043
7126
7917
8367
8439
8115
7397
6306
4880
3181
1280
-733
-2764
-4715
-6486
-7985
-9131
-9860
-10125
-9903
-9194
-8023
-6440
-4516
-2341
-18
2337
4609
6682
8449
9817
10712
11083
10906
10182
8945
7250
5180
2837
338
-2189
-4619
-6825
-8694
-10127
-11048
-11409
-11188
-10395
-9068
-7274
-5106
-2674
-105
2467
4911
7096
8910
10257
11066
11294
10930
9993
8532
6626
4374
1896
-675
-3204
-5556
-7607
-9247
-10388
-10972
-10967
-10374
-9225
-7583
-5536
-3194
-684
1859
4299
6505
8357
9756
10626
10922
10626
9756
8357
6505
4299
1859
-684
-3194
-5536
-7583
-9225
-10374
-10967
-10972
-10388
-9247
-7607
-5556
-3204
-675
1896
4374
6626
8532
9993
10930
11294
11066
10257
8910
7096
4911
2467
-105
-2674
-5106
-7274
-9068
-10395
-11188
-11409
-11048
-10127
-8694
-6825
-4619
-2189
338
2837
5180
7250
8945
10182
10906
11083
10712
9817
8449
6682
4609
2337
-18
-2341
-4516
-6440
-8023
-9194
-9903
-10125
-9860
-9131
-7985
-6486
-4715
-2764
-733
1280
3181
4880
6306
7397
8115
8439
8367
7917
7126
6043
4730
3259
1702
136
-1368
-2746
-3941
-4911
-5625
-6065
-6229
-6126
-5778
-5215
-4477
-3605
-2647
-1646
-646
313
1199
1985
2652
3186
3582
3840
3966
3969
3860
3653
3361
2997
2574
2102
1591
1049
484
-96
-685
-1272
-1847
-2396
-2906
-3358
-3734
-4015
-4184
-4221
-4113
-3851
-3430
-2852
-2127
-1273
-317
708
1764
2804
3781
4647
5354
5861
6131
6140
5872
5327
4515
3463
2211
810
-678
-2186
-3640
-4968
-6101
-6975
-7540
-7758
-7607
-7086
-6208
-5009
-3541
-1869
-74
1757
3534
5165
6564
7658
8384
8700
8582
8031
7069
5738
4103
2244
255
-1763
-3706
-5472
-6966
-8108
-8836
-9107
-8903
-8231
-7124
-5636
-3844
-1841
266
2367
4350
6106
7539
8572
9144
9223
8801
7898
6560
4857
2879
732
-1465
-3595
-5540
-7192
-8456
-9261
-9558
-9327
-8575
-7339
-5682
-3692
-1475
847
3151
5308
7197
8711
9762
10287
10251
9647
8502
6871
4837
2506
0
-2547
-4997
-7216
-9081
-10486
-11348
-11614
-11260
-10297
-8767
-6745
-4331
-1647
1167
3967
6602
8934
10834
12199
12951
13042
12460
11228
9401
7068
4343
1363
-1722
-4756
-7584
-10059
-12053
-13461
-14206
-14248
-13579
-12229
-10261
-7771
-4882
-1736
1511
4698
7668
10272
12381
13891
14727
14849
14251
12964
11053
8613
5764
2648
-582
-3770
-6761
-9413
-11598
-13217
-14195
-14493
-14103
-13052
-11398
-9228
-6654
-3803
-815
2163
4992
7541
9692
11354
12456
12959
12854
12159
10922
9215
7131
4778
2275
-256
-2699
-4940
-6882
-8445
-9572
-10225
-10395
-10093
-9354
-8231
-6795
-5128
-3317
-1454
371
2078
3595
4864
5844
6508
6849
6876
6611
6092
5364
4480
3495
2465
1443
474
-402
-1158
-1775
-2246
-2574
-2769
-2848
-2836
-2758
-2638
-2502
-2369
-2252
-2160
-2094
-2047
-2008
-1959
-1880
-1749
-1546
-1253
-858
-355
253
955
1730
2549
3375
4165
4875
5455
5862
6056
6003
5681
5082
4208
3080
1730
206
-1432
-3115
-4766
-6306
-7655
-8740
-9495
-9867
-9821
-9336
-8415
-7081
-5375
-3362
-1119
1258
3669
6004
8155
10018
11500
12522
13024
12969
12343
11158
9453
7292
4758
1957
-992
-3964
-6826
-9449
-11713
-13511
-14755
-15381
-15350
-14654
-13313
-11375
-8917
-6039
-2861
481
3845
7086
10059
12633
14693
16144
16918
16974
16304
14931
12908
10319
7269
3888
317
-3289
-6778
-9999
-12812
-15096
-16749
-17699
-17903
-17348
-16055
-14078
-11499
-8425
-4987
-1330
2390
6016
9393
12378
14843
16683
17819
0
0
0
0
0
0
0
0
0
0
0
0
0
0
0
0
0
0
0
0
0
0
0
0
0
0
0
0
0
0
0
0
0
0
0
0
0
0
0
0
0
0
0
0
0
0
0
0
0
0
0
0
0
0
0
0
0
0
0
0
0
0
0
0
0
0
0
