0
4278
8485
12550
16402
19973
23203
26035
28419
30314
31684
32507
32766
32456
31581
30156
28203
25758
22860
19561
15917
11991
7852
3573
-771
-5106
-9352
-13436
-17284
-20829
-24006
-26759
-29038
-30801
-32015
-32660
-32720
-32196
-31094
-29434
-27244
-24563
-21439
-17925
-14087
-9991
-5712
-1327
3083
7441
11667
15683
19415
22796
25762
28259
30239
31667
32514
32764
32412
31462
29931
27847
25247
22178
18696
14865
10755
6443
2009
-2465
-6896
-11201
-15299
-19113
-22570
-25606
-28162
-30190
-31650
-32514
-32764
-32394
-31411
-29832
-27686
-25012
-21861
-18292
-14372
-10175
-5781
-1274
3259
7733
12062
16161
19951
23359
26318
28771
30668
31973
32659
32711
32127
30919
29107
26727
23823
20452
16679
12577
8226
3711
-879
-5455
-9926
-14204
-18204
-21846
-25058
-27775
-29942
-31516
-32464
-32766
-32415
-31417
-29790
-27567
-24790
-21514
-17805
-13736
-9388
-4849
-209
4437
8997
13377
17489
21248
24578
27411
29687
31359
32393
32765
32468
31507
29899
27676
24884
21579
17828
13707
9301
4700
0
-4703
-9311
-13729
-17864
-21629
-24947
-27746
-29968
-31566
-32503
-32761
-32332
-31225
-29460
-27076
-24119
-20653
-16748
-12488
-7961
-3263
1506
6246
10856
15238
19298
22949
26112
28719
30713
32051
32702
32651
31900
30461
28366
25658
22395
18646
14492
10022
5332
524
-4298
-9029
-13567
-17811
-21669
-25055
-27896
-30127
-31699
-32577
-32739
-32182
-30916
-28967
-26379
-23206
-19519
-15397
-10932
-6222
-1372
3511
8320
12945
17284
21240
24723
27655
29968
31611
32545
32748
32214
30954
28995
26381
23169
19431
15252
10724
5950
1038
-3899
-8751
-13405
-17757
-21705
-25159
-28038
-30277
-31822
-32637
-32702
-32014
-30588
-28456
-25665
-22280
-18377
-14047
-9388
-4509
477
5455
10308
14924
19194
23018
26305
28979
30974
32243
32756
32498
31476
29711
27244
24133
20449
16280
11722
6884
1880
-3170
-8148
-12935
-17416
-21484
-25041
-28000
-30291
-31856
-32659
-32677
-31909
-30373
-28105
-25157
-21600
-17520
-13013
-8189
-3163
1941
7001
11893
16499
20705
24407
27516
29953
31659
32589
32721
32049
30590
28377
25463
21921
17836
13307
8448
3377
-1780
-6896
-11843
-16499
-20746
-24479
-27603
-30040
-31727
-32621
-32699
-31957
-30413
-28105
-25088
-21439
-17247
-12618
-7668
-2522
2689
7836
12787
17416
21605
25247
28248
30530
32035
32723
32574
31592
29801
27244
23987
20112
15718
10917
5832
595
-4660
-9798
-14685
-19194
-23208
-26622
-29345
-31307
-32455
-32757
-32206
-30813
-28614
-25665
-22043
-17841
-13169
-8148
-2911
2405
7661
12717
17440
21705
25397
28419
30689
32146
32750
32483
31352
29385
26633
23169
19084
14487
9500
4255
-1105
-6439
-11603
-16457
-20870
-24723
-27911
-30346
-31961
-32712
-32578
-31559
-29684
-27001
-23582
-19519
-14922
-9916
-4636
771
6162
11386
16301
20770
24671
27896
30354
31977
32719
32558
31498
29565
26813
23317
19172
14492
9407
4058
-1405
-6833
-12073
-16978
-21411
-25247
-28377
-30713
-32188
-32760
-32410
-31148
-29007
-26047
-22351
-18021
-13179
-7961
-2516
3003
8440
13640
18454
22745
26389
29282
31340
32503
32737
32033
30409
27913
24613
20604
16000
10932
5547
0
-5550
-10942
-16021
-20637
-24657
-27963
-30458
-32068
-32745
-32468
-31244
-29107
-26118
-22364
-17952
-13013
-7689
-2137
3479
8997
14252
19090
23367
26955
29748
31662
32640
32650
31691
29790
27003
23411
19119
14256
8965
3403
-2262
-7862
-13230
-18204
-22633
-26385
-29345
-31423
-32556
-32707
-31871
-30072
-27362
-23823
-19561
-14703
-9397
-3803
1908
7565
12994
18030
22517
26318
29316
31419
32559
32702
31841
30001
27238
23635
19302
14372
8996
3339
-2422
-8112
-13553
-18577
-23026
-26761
-29667
-31650
-32648
-32629
-31591
-29565
-26615
-22829
-18327
-13249
-7752
-2009
3799
9491
14886
19815
24120
27666
30338
32052
32751
32412
31044
28690
25423
21345
16586
11295
5642
-193
-6025
-11667
-16938
-21669
-25706
-28920
-31206
-32489
-32726
-31909
-30063
-27244
-23544
-19081
-13998
-8460
-2644
3259
9060
14569
19606
24006
27626
30346
32075
32756
32366
30916
28451
25051
20827
15917
10480
4696
-1244
-7147
-12817
-18065
-22719
-26622
-29644
-31684
-32674
-32578
-31398
-29173
-25975
-21909
-17110
-11737
-5969
0
5972
11747
17130
21941
26016
29217
31436
32596
32657
31615
29504
26395
22390
17625
12260
6476
470
-5554
-11392
-16845
-21726
-25867
-29127
-31393
-32585
-32662
-31619
-29491
-26349
-22301
-17483
-12062
-6222
-166
5898
11762
17222
22088
26191
29387
31566
32648
32597
31411
29131
25835
21636
16679
11138
5205
-912
-7001
-12847
-18244
-23003
-26955
-29960
-31912
-32739
-32412
-30940
-28374
-24803
-20353
-15179
-9465
-3413
2763
8843
14612
19863
24407
28083
30758
32334
32755
32003
30103
27124
23169
18381
12929
7010
836
-5370
-11386
-16993
-21989
-26191
-29446
-31636
-32680
-32538
-31214
-28754
-25247
-20819
-15630
-9868
-3744
2518
8692
14551
19879
24480
28184
30855
32393
32739
31880
29845
26709
22585
17625
12011
5950
-333
-6607
-12639
-18204
-23094
-27128
-30152
-32055
-32763
-32248
-30528
-27666
-23767
-18976
-13473
-7461
-1167
5173
11322
17047
22132
26385
29644
31785
32724
32427
30901
28203
24435
19738
14288
8294
1981
-4409
-10635
-16457
-21654
-26025
-29402
-31656
-32697
-32485
-31027
-28377
-24634
-19943
-14481
-8460
-2109
4324
10594
16457
21686
26077
29459
31699
32710
32451
30929
28203
24378
19601
14056
7961
1552
-4919
-11201
-17047
-22227
-26537
-29806
-31906
-32751
-32307
-30590
-27666
-23648
-18696
-13002
-6791
-309
6187
12441
18204
23246
27366
30398
32222
32762
31995
29951
26709
22398
17189
11289
4935
-1619
-8112
-14281
-19879
-24678
-28486
-31147
-32552
-32643
-31416
-28917
-25247
-20553
-15023
-8882
-2378
4225
10659
16662
21989
26421
29777
31918
32756
32254
30432
27362
23169
18024
12137
5748
-879
-7473
-13762
-19485
-24407
-28323
-31070
-32533
-32650
-31414
-28875
-25136
-20353
-14721
-8475
-1874
4807
11292
17307
22602
26955
30182
32146
32765
32010
29911
26556
22083
16679
10571
4016
-2711
-9326
-15551
-21121
-25799
-29387
-31732
-32732
-32344
-30582
-27520
-23286
-18060
-12062
-5547
1206
7911
14280
20041
24947
28786
31393
32653
32513
30975
28105
24024
18906
12972
6476
-301
-7069
-13534
-19415
-24458
-28443
-31196
-32596
-32580
-31148
-28360
-24336
-19250
-13322
-6811
0
6813
13332
19269
24364
28393
31178
32594
32578
31129
28309
24241
19103
13120
6555
-301
-7147
-13680
-19609
-24671
-28641
-31340
-32648
-32505
-30916
-27948
-23735
-18460
-12360
-5706
1206
8067
14569
20421
25359
29162
31656
32728
32328
30473
27244
22786
17298
11027
4255
-2711
-9557
-15974
-21669
-26383
-29901
-32062
-32766
-31979
-29736
-26137
-21345
-15577
-9095
-2195
4807
11593
17850
23291
27666
30771
32464
32665
31362
28614
24546
19345
13249
6538
-477
-7473
-14125
-20126
-25196
-29098
-31650
-32732
-32292
-30349
-26991
-22374
-16712
-10266
-3339
3746
10659
17076
22694
27251
30530
32377
32702
31489
28793
24740
19519
13375
6597
-494
-7565
-14281
-20323
-25404
-29282
-31772
-32753
-32178
-30072
-26533
-21729
-15887
-9285
-2238
4919
11843
18204
23695
28052
31066
32589
32548
30942
27847
23411
17845
11416
4435
-2763
-9830
-16425
-22227
-26955
-30378
-32330
-32713
-31507
-28769
-24631
-19293
-13013
-6096
1120
8285
15047
21076
26077
29802
32068
32763
31850
29372
25451
20276
14101
7230
0
-7232
-14111
-20295
-25478
-29402
-31872
-32764
-32033
-29711
-25913
-20827
-14703
-7845
-595
6688
13640
19914
25196
29220
31785
32759
32093
29819
26047
20967
14832
7950
664
-6656
-13645
-19948
-25247
-29273
-31822
-32763
-32046
-29706
-25861
-20703
-14492
-7543
-209
7138
14125
20396
25629
29557
31977
32766
31880
29363
25342
20022
13674
6622
-771
-8129
-15071
-21240
-26318
-30042
-32219
-32734
-31559
-28754
-24461
-18901
-12360
-5177
2276
9615
16457
22447
27271
30678
32489
32608
31026
27825
23169
17302
10527
3199
-4298
-11573
-18244
-23960
-28419
-31387
-32705
-32302
-30198
-26501
-21406
-15179
-8148
-684
6817
13962
20369
25700
29668
32064
32757
31710
28975
24698
19103
12488
5205
-2358
-9798
-16717
-22745
-27557
-30894
-32577
-32513
-30703
-27244
-22319
-16192
-9191
-1693
5898
13175
19743
25247
29388
31941
32765
31816
29141
24884
19276
12618
5272
-2362
-9871
-16845
-22903
-27714
-31014
-32621
-32445
-30495
-26875
-21781
-15492
-8351
-749
6896
14165
20658
26016
29942
32220
32721
31417
28377
23767
17841
10926
3403
-4310
-11787
-18613
-24407
-28847
-31684
-32759
-32010
-29476
-25298
-19707
-13013
-5590
2148
9769
16845
22980
27828
31116
32659
32366
30254
26438
21133
14635
7310
-430
-8148
-15409
-21801
-26962
-30598
-32502
-32563
-30778
-27244
-22162
-15818
-8572
-836
6950
14343
20920
26305
30190
32350
32661
31103
27762
22829
16586
9388
1649
-6187
-13670
-20369
-25898
-29936
-32249
-32702
-31267
-28024
-23161
-16955
-9766
-2009
5867
13405
20168
25762
29860
32222
32709
31291
28049
23169
16936
9711
1916
-5992
-13553
-20323
-25904
-29968
-32275
-32687
-31179
-27837
-22855
-16527
-9222
-1372
6562
14111
20829
26318
30252
32397
32623
30916
27374
22206
15718
8294
373
-7571
-15067
-21669
-26980
-30683
-32556
-32483
-30469
-26631
-21197
-14492
-6916
1077
9009
16402
22811
27851
31216
32702
32218
29790
25564
19793
12824
5078
-2978
-10856
-18080
-24210
-28873
-31785
-32766
-31757
-28816
-24119
-17952
-10689
-2772
5316
13083
20053
25799
29968
32304
32662
31017
27469
22233
15630
8064
0
-8067
-15639
-22251
-27492
-31038
-32669
-32282
-29899
-25665
-19840
-12785
-4935
3223
11185
18454
24578
29176
31960
32754
31507
28295
23317
16881
9388
1306
-6859
-14599
-21426
-26913
-30713
-32587
-32415
-30206
-26096
-20343
-13307
-5431
2789
10837
18204
24423
29100
31937
32755
31498
28244
23199
16679
9099
938
-7285
-15047
-21854
-27271
-30951
-32659
-32282
-29844
-25497
-19519
-12290
-4271
4023
12062
19330
25359
29762
32252
32670
30984
27303
21861
15008
7184
-1105
-9326
-16947
-23474
-28484
-31650
-32766
-31757
-28687
-23753
-17274
-9670
-1435
6896
14781
21705
27215
30951
32666
32248
29720
25247
19119
11737
3583
-4807
-12886
-20121
-26035
-30239
-32455
-32534
-30469
-26395
-20578
-13400
-5336
3083
11302
18775
25007
29584
32200
32681
30992
27244
21684
14679
6695
-1736
-10055
-17706
-24178
-29038
-31959
-32744
-31340
-27837
-22468
-15592
-7668
771
9163
16942
23583
28641
31772
32764
31548
28203
22955
16155
8261
-193
-8637
-16499
-23246
-28419
-31667
-32766
-31641
-28366
-23161
-16378
-8479
0
8482
16388
23178
28387
31659
32766
31633
28334
23092
16267
8323
-193
-8699
-16610
-23382
-28547
-31748
-32764
-31521
-28105
-22748
-15818
-7793
771
9287
17161
23850
28887
31923
32744
31292
27666
22114
15023
6884
-1736
-10238
-18030
-24565
-29387
-32158
-32681
-30919
-26991
-21173
-13868
-5590
3083
11543
19194
25499
30012
32414
32534
30361
26047
19895
12336
3903
-4807
-13181
-20625
-26610
-30711
-32637
-32248
-29569
-24790
-18247
-10405
-1820
6896
15124
22277
27843
31423
32760
31757
28483
23169
16196
8060
-655
-9326
-17331
-24094
-29127
-32068
-32703
-30984
-27033
-21133
-13707
-5289
3511
12062
19743
25999
30374
32552
32371
29844
25150
18630
10754
2094
-6719
-15047
-22282
-27896
-31478
-32765
-31661
-28244
-22763
-15616
-7324
1506
10228
18204
24847
29668
32313
32585
30461
26096
19809
12062
3423
-5469
-13962
-21426
-27310
-31178
-32740
-31881
-28661
-23317
-16242
-7961
912
9721
17811
24578
29519
32265
32608
30520
26157
19840
12041
3339
-5613
-14150
-21629
-27492
-31296
-32755
-31758
-28377
-22863
-15630
-7219
1736
10564
18599
25234
29968
32443
32468
30041
25342
18725
10689
1842
-7147
-15598
-22868
-28404
-31785
-32751
-31227
-27327
-21345
-13736
-5078
3969
12717
20496
26712
30887
32702
32014
28875
23522
16364
7950
-1077
-10024
-18204
-24986
-29848
-32414
-32483
-30050
-25298
-18593
-10451
-1499
7571
16058
23305
28750
31969
32711
30916
26720
20449
12587
3744
-5391
-14111
-21734
-27666
-31442
-32766
-31533
-27837
-21964
-14372
-5653
3510
12401
20323
26654
30894
32710
31957
28692
23169
15822
7226
-1941
-10958
-19113
-25762
-30378
-32596
-32237
-29328
-24096
-16955
-8469
691
9799
18132
25028
29936
32465
32412
29778
24772
17791
9388
234
-8940
-17404
-24479
-29598
-32350
-32513
-30072
-25219
-18342
-9991
-836
8388
16942
24135
29387
32275
32563
30226
25451
18620
10283
1113
-8148
-16754
-24006
-29316
-32252
-32574
-30254
-25477
-18630
-10266
-1066
8222
16845
24098
29390
32286
32549
30156
25298
18372
9941
695
-8610
-17213
-24407
-29603
-32371
-32482
-29925
-24908
-17841
-9305
0
9307
17850
24924
29942
32491
32356
29546
24293
17028
8351
-1019
-10308
-18745
-25629
-30386
-32621
-32145
-28995
-23432
-15917
-7073
2362
11603
19879
26497
30903
32728
31816
28241
22301
14491
5464
-4023
-13175
-21224
-27492
-31451
-32766
-31324
-27244
-20868
-12732
-3519
5992
15001
22745
28568
31977
32682
30619
25962
19103
10622
1238
-8253
-17047
-24394
-29668
-32420
-32412
-29643
-24347
-16973
-8148
1373
10781
19269
26112
30723
32705
31886
28334
22351
14449
5304
-4298
-13534
-21608
-27826
-31650
-32749
-31026
-26627
-19930
-11510
-2094
7504
16457
23989
29446
32355
32460
29752
24461
17046
8148
-1459
-10942
-19477
-26318
-30870
-32732
-31742
-27983
-21780
-13674
-4371
5316
14541
22496
28484
31977
32669
30495
25645
18541
9807
209
-9410
-18204
-25397
-30356
-32640
-32046
-28625
-22675
-14721
-5464
4278
13645
21806
28038
31787
32719
30748
26047
19032
10324
695
-8997
-17892
-25196
-30256
-32621
-32077
-28669
-22701
-14703
-5389
4409
13816
21989
28193
31872
32694
30582
25725
18555
9715
0
-9718
-18563
-25739
-30598
-32699
-31850
-28126
-21861
-13619
-4144
5708
15047
23026
28920
32194
32549
29951
24631
17073
7961
-1876
-11547
-20168
-26955
-31287
-32766
-31257
-26894
-20073
-11416
-1713
8148
17267
24807
30076
32589
32113
28690
22632
14492
5018
-4919
-14407
-22570
-28657
-32104
-32591
-30072
-24775
-17189
-8012
1907
11653
20323
27113
31393
32763
31094
26539
19519
10683
852
-9060
-18132
-25519
-30530
-32697
-31816
-27965
-21503
-13031
-3339
6667
16052
23938
29584
32459
32292
29097
23169
15065
5543
-4501
-14125
-22423
-28612
-32108
-32578
-29977
-24546
-16798
-7461
2582
12385
21019
27666
31694
32721
30647
25665
18247
9095
-923
-10856
-19760
-26786
-31264
-32766
-31146
-26556
-19431
-10451
-470
9557
18675
26008
30855
32749
31507
27244
20368
11537
1595
-8501
-17784
-25359
-30497
-32702
-31758
-27754
-21074
-12360
-2451
7696
17103
24860
30215
32648
31922
28105
21563
12929
3039
-7147
-16643
-24525
-30025
-32607
-32016
-28309
-21844
-13249
-3359
6859
16412
24364
29939
32588
32050
28377
21924
13322
3413
-6833
-16412
-24382
-29960
-32596
-32028
-28309
-21804
-13150
-3199
7069
16643
24578
30089
32630
31946
28105
21482
12732
2719
-7565
-17103
-24947
-30318
-32680
-31797
-27754
-20951
-12062
-1970
8320
17784
25478
30633
32732
31565
27244
20200
11134
952
-9326
-18675
-26154
-31014
-32765
-31228
-26556
-19215
-9941
333
10578
19760
26955
31436
32749
30759
25665
17979
8475
-1887
-12062
-21019
-27851
-31864
-32650
-30126
-24546
-16475
-6728
3703
13762
22423
28806
32258
32427
29291
23169
14683
4696
-5772
-15653
-23938
-29777
-32571
-32033
-28214
-21503
-12587
-2378
8077
17706
25519
30711
32748
31416
26850
19519
10175
-219
-10594
-19879
-27113
-31549
-32726
-30520
-25157
-17189
-7439
3083
13289
22119
28657
32222
32441
29289
23092
14492
4381
-6187
-16114
-24364
-30076
-32652
-31820
-27666
-20619
-11416
-1017
9491
19008
26537
31287
32757
30792
25595
17709
7961
-2625
-12939
-21894
-28547
-32194
-32451
-29286
-23032
-14346
-4144
6498
16457
24678
30291
32699
31644
27238
19943
10531
0
-10533
-19951
-27251
-31656
-32694
-30254
-24592
-16309
-6286
4409
14637
23305
29487
32519
32077
28203
21312
12137
1660
-8997
-18692
-26385
-31248
-32757
-30748
-25434
-17383
-7461
3266
13645
22556
29038
32390
32248
28625
21909
12824
2351
-8378
-18204
-26061
-31098
-32765
-30880
-25645
-17625
-7689
3083
13524
22496
29023
32393
32235
28565
21780
12618
2077
-8692
-18516
-26318
-31245
-32755
-30681
-25247
-17046
-6975
3863
14280
23132
29446
32527
32033
28015
20915
11510
836
-9932
-19609
-27125
-31650
-32682
-30103
-24198
-15616
-5304
5596
15880
24407
30232
32705
31550
26894
19250
9465
-1373
-12062
-21411
-28379
-32188
-32412
-29022
-22395
-13267
-2656
8253
18244
26197
31222
32754
30619
25054
16679
6433
-4537
-15001
-23783
-29895
-32648
-31731
-27244
-19690
-9916
976
11762
21224
28293
32170
32415
28997
22301
13080
2378
-8595
-18599
-26497
-31393
-32729
-30352
-24528
-15917
-5494
5554
15974
24578
30386
32734
31352
26395
18425
8351
-2679
-13405
-22602
-29217
-32491
-32046
-27932
-20616
-10936
0
10939
20625
27944
32055
32482
29173
22507
13249
2462
-8610
-18692
-26622
-31481
-32707
-30156
-24119
-15293
-4696
6446
16845
25296
30817
32766
30916
25477
17079
6695
-4468
-15115
-24006
-30106
-32702
-31489
-26606
-18620
-8460
2689
13528
22788
29387
32552
31909
27532
19930
9991
-1120
-12103
-21669
-28693
-32350
-32208
-28280
-21025
-11295
-234
10856
20671
28052
32127
32412
28871
21921
12379
1372
-9799
-19815
-27487
-31906
-32545
-29328
-22632
-13249
-2291
8940
19113
27016
31708
32629
29666
23169
13911
2992
-8285
-18577
-26654
-31549
-32677
-29899
-23544
-14372
-3477
7836
18214
26411
31442
32702
30037
23764
14635
3744
-7598
-18030
-26293
-31393
-32711
-30086
-23833
-14703
-3796
7571
18026
26305
31405
32707
30050
23753
14577
3632
-7754
-18204
-26446
-31479
-32688
-29925
-23522
-14256
-3253
8148
18560
26712
31608
32650
29706
23135
13736
2656
-8751
-19090
-27095
-31785
-32581
-29385
-22585
-13013
-1842
9557
19786
27585
31994
32468
28947
21861
12081
809
-10564
-20637
-28166
-32219
-32293
-28377
-20951
-10932
440
11762
21629
28819
32437
32033
27653
19840
9561
-1907
-13142
-22745
-29519
-32621
-31661
-26755
-18514
-7961
3586
14689
23960
30239
32740
31148
25658
16955
6128
-5469
-16384
-25247
-30944
-32759
-30461
-24336
-15151
-4058
7546
18204
26572
31595
32638
29565
22763
13087
1756
-9798
-20118
-27896
-32148
-32332
-28424
-20915
-10754
771
12203
22088
29171
32552
31797
27001
18769
8148
-3511
-14727
-24069
-30346
-32754
-30984
-25260
-16309
-5272
6439
17331
26008
31359
32696
29845
23169
13521
2137
-9523
-19964
-27843
-32146
-32318
-28334
-20703
-10405
1234
12717
22564
29503
32637
31559
26407
17841
6968
-4807
-15965
-25058
-30909
-32757
-30361
-24028
-14577
-3233
8533
19194
27364
31977
32433
28669
21173
10917
-762
-12345
-22321
-29387
-32619
-31592
-26438
-17828
-6884
4961
16161
25247
31028
32744
30168
23635
13998
2522
-9287
-19879
-27860
-32179
-32265
-28105
-20242
-9711
2101
13640
23382
30040
32733
31103
25362
16267
5018
-6896
-17901
-26537
-31659
-32585
-29190
-21921
-11741
0
11743
21929
29201
32589
31641
26480
17791
6728
-5233
-16499
-25566
-31222
-32709
-29826
-22955
-13013
-1327
10537
20994
28641
32450
31909
27088
18630
7668
-4324
-15739
-25041
-30976
-32744
-30105
-23411
-13561
-1880
10055
20637
28436
32397
31982
27244
18822
7852
-4182
-15653
-25007
-30974
-32743
-30072
-23319
-13400
-1660
10308
20879
28612
32455
31881
26966
18377
7282
-4807
-16245
-25468
-31216
-32702
-29720
-22675
-12528
-664
11292
21705
29147
32596
31576
26225
17274
5950
-6193
-17489
-26383
-31650
-32564
-28995
-21433
-10917
1105
12978
23064
29968
32737
30984
24950
15465
3839
-8320
-19330
-27666
-32170
-32217
-27796
-19519
-8531
3643
15314
24860
30951
32739
29972
23032
12884
938
-11141
-21669
-29176
-32613
-31498
-25982
-16835
-5332
6918
18204
26944
31912
32410
28366
20343
9465
-2743
-14569
-24351
-30713
-32759
-30198
-23387
-13283
-1306
10856
21492
29100
32604
31507
25962
16748
5166
-7147
-18454
-27152
-32008
-32332
-28076
-19840
-8789
3510
15314
24947
31038
32720
29752
22551
12140
0
-12143
-22559
-29762
-32723
-31017
-24884
-15198
-3339
8998
20053
28242
32393
31908
26854
17952
6476
-5930
-17489
-26541
-31785
-32465
-28481
-20402
-9388
2978
14918
24714
30951
32730
29790
22554
12062
-172
-12385
-22811
-29942
-32746
-30813
-24421
-14492
-2462
9926
20879
28806
32556
31581
26021
16679
4912
-7571
-18956
-27585
-32200
-32127
-27374
-18630
-7167
5342
17076
26318
31719
32485
28504
20353
9222
-3259
-15267
-25041
-31147
-32687
-29434
-21861
-11077
1334
13553
23783
30517
32764
30189
23169
12736
423
-11953
-22570
-29860
-32743
-30792
-24293
-14202
-2009
10483
21426
29201
32652
31267
25247
15482
3419
-9153
-20369
-28563
-32514
-31633
-26047
-16586
-4654
7973
19415
27967
32350
31910
26709
17520
5712
-6950
-18577
-27428
-32179
-32116
-27244
-18292
-6597
6088
17864
26962
32015
32263
27666
18910
7310
-5391
-17284
-26579
-31872
-32366
-27983
-19380
-7852
4862
16845
26287
31760
32433
28203
19707
8226
-4501
-16550
-26094
-31684
-32472
-28334
-19895
-8434
4310
16402
26003
31651
32486
28377
19946
8475
-4288
-16402
-26016
-31662
-32478
-28334
-19861
-8351
4437
16550
26133
31717
32445
28203
19638
8060
-4756
-16845
-26351
-31812
-32386
-27983
-19276
-7602
5243
17284
26666
31941
32293
27666
18769
6975
-5898
-17864
-27071
-32095
-32157
-27244
-18113
-6176
6719
18577
27557
32265
31968
26709
17302
5205
-7702
-19415
-28111
-32434
-31710
-26047
-16326
-4058
8843
20369
28719
32588
31368
25247
15179
2736
-10137
-21426
-29364
-32705
-30922
-24293
-13853
-1238
11573
22570
30025
32764
30353
23169
12339
-434
-13142
-23783
-30678
-32739
-29638
-21861
-10632
2276
14829
25041
31296
32604
28754
20353
8727
-4282
-16616
-26318
-31849
-32328
-27676
-18630
-6622
6439
18480
27585
32302
31880
26381
16679
4318
-8734
-20396
-28806
-32620
-31227
-24845
-14492
-1820
11144
22329
29942
32763
30335
23047
12062
-859
-13645
-24243
-30951
-32688
-29173
-20967
-9388
3703
16202
26094
31785
32354
27709
18593
6476
-6688
-18775
-27832
-32393
-31718
-25913
-15915
-3339
9779
21317
29402
32723
30737
23764
12933
0
-12935
-23772
-30745
-32720
-29372
-21243
-9654
3510
16105
26077
31798
32332
27590
18342
6096
-7147
-19226
-28162
-32493
-31507
-25362
-15061
-2291
10856
22227
29953
32765
30198
22670
11416
-1716
-14569
-25028
-31370
-32548
-28366
-19509
-7435
5867
18204
27539
32330
31782
25982
15887
3163
-10086
-21669
-29667
-32753
-30413
-23032
-11831
1334
14281
24860
31312
32563
28403
19519
7387
-5976
-18347
-27666
-32377
-31693
-25725
-15465
-2622
10659
22164
29968
32766
30086
22374
10917
-2369
-15261
-25599
-31650
-32396
-27709
-18372
-5950
7473
19643
28516
32596
31195
24546
13765
664
-12550
-23653
-30771
-32702
-29116
-20616
-8634
4807
17440
27128
32230
31881
26137
15968
3092
-10308
-21966
-29901
-32766
-30072
-22272
-10689
2711
15653
25937
31812
32275
27244
17574
4908
-8595
-20637
-29162
-32712
-30681
-23411
-12140
1206
14349
25041
31451
32480
27948
18630
6117
-7445
-19735
-28641
-32634
-31026
-24089
-13013
301
13567
24501
31222
32570
28309
19172
6728
-6876
-19298
-28393
-32589
-31159
-24347
-13326
0
13328
24354
31166
32585
28360
19220
6748
-6896
-19347
-28443
-32604
-31103
-24198
-13087
301
13640
24608
31294
32533
28105
18778
6176
-7504
-19879
-28786
-32669
-30847
-23635
-12290
1206
14493
25247
31583
32389
27520
17828
5008
-8692
-20870
-29387
-32745
-30352
-22624
-10917
2711
15865
26229
31977
32094
26556
16335
3233
-10442
-22277
-30182
-32757
-29546
-21112
-8944
4807
17712
27483
32390
31559
25136
14256
845
-12717
-24026
-31070
-32598
-28334
-19032
-6345
7473
19964
28903
32697
30666
23169
11540
-2148
-15456
-26008
-31918
-32127
-26596
-16309
-3103
10659
22517
30346
32741
29270
20553
8148
-5719
-18563
-28078
-32552
-31179
-24202
-12874
771
14281
25223
31625
32332
27214
17189
4062
-9798
-21894
-30040
-32762
-29565
-21025
-8682
5233
18204
27882
32514
31257
24336
13002
-691
-14262
-25247
-31650
-32307
-27094
-16955
-3732
10171
22227
30239
32747
29289
20494
7961
-6025
-18915
-28356
-32621
-30929
-23586
-11931
1907
15400
26077
31982
32033
26215
15592
2109
-11762
-23479
-30889
-32629
-28377
-18910
-5966
8077
20637
29402
32756
30080
21861
9613
-4409
-17621
-27585
-32459
-31342
-24435
-13013
816
14497
25499
31785
32188
26631
16140
2656
-11322
-23203
-30782
-32650
-28456
-18976
-5969
8148
20755
29503
32763
29925
21514
9095
-5021
-18204
-27995
-32564
-31058
-23753
-12011
1977
15598
26305
32095
31880
25698
14703
952
-12978
-24480
-31393
-32418
-27360
-17165
-3744
10381
22559
30497
32702
28754
19394
6380
-7836
-20580
-29446
-32762
-29899
-21393
-8847
5370
18577
28275
32630
30814
23169
11138
-3003
-16579
-27016
-32334
-31523
-24733
-13249
751
14612
25700
31906
32048
26096
15179
1372
-12698
-24354
-31371
-32412
-27273
-16932
-3359
10856
23003
30758
32638
28280
18514
5205
-9101
-21669
-30089
-32747
-29131
-19930
-6905
7445
20371
29387
32762
29844
21189
8460
-5898
-19125
-28673
-32702
-30433
-22301
-9868
4468
17946
27963
32585
30916
23274
11134
-3159
-16845
-27275
-32428
-31305
-24119
-12260
1977
15833
26622
32247
31615
24845
13249
-923
-14918
-26016
-32055
-31858
-25461
-14105
0
14107
25468
31864
32046
25975
14832
792
-13405
-24986
-31684
-32188
-26395
-15435
-1452
12817
24578
31525
32292
26727
15917
1981
-12345
-24250
-31393
-32366
-26976
-16280
-2378
11993
24006
31293
32415
27148
16527
2644
-11762
-23850
-31230
-32442
-27244
-16660
-2779
11653
23783
31206
32451
27267
16679
2783
-11667
-23806
-31222
-32441
-27217
-16586
-2656
11803
23919
31277
32412
27094
16378
2398
-12062
-24120
-31370
-32361
-26894
-16056
-2009
12441
24407
31496
32285
26615
15616
1488
-12939
-24777
-31650
-32178
-26251
-15055
-836
13553
25223
31826
32033
25797
14372
52
-14280
-25739
-32015
-31841
-25247
-13561
863
15115
26318
32208
31592
24592
12618
-1908
-16052
-26950
-32393
-31276
-23823
-11540
3083
17085
27622
32556
30880
22932
10324
-4384
-18204
-28323
-32682
-30389
-21909
-8965
5807
19399
29038
32755
29790
20744
7461
-7347
-20658
-29748
-32757
-29067
-19428
-5811
8997
21966
30436
32669
28203
17952
4016
-10746
-23305
-31079
-32468
-27184
-16309
-2077
12583
24657
31656
32135
25992
14491
0
-14493
-25999
-32139
-31644
-24613
-12494
2208
16457
27304
32503
30975
23032
10317
-4537
-18454
-28547
-32719
-30103
-21238
-7961
6971
20458
29694
32757
29007
19220
5431
-9491
-22439
-30713
-32587
-27666
-16973
-2736
12073
24364
31568
32177
26060
14492
-108
-14689
-26197
-32222
-31498
-24174
-11781
3083
17304
27896
32634
30520
21996
8847
-6162
-19879
-29416
-32766
-29219
-19519
-5706
9311
22368
30711
32578
27570
16743
2378
-12491
-24723
-31732
-32033
-25558
-13674
1105
15653
26888
32428
31095
23169
10328
-4707
-18745
-28806
-32750
-29736
-20402
-6728
8378
21705
30414
32650
27932
17262
2911
-12062
-24465
-31651
-32083
-25665
-13765
1077
15692
26955
32455
31012
22932
9941
-5180
-19194
-29098
-32765
-29406
-19738
-5832
9326
22486
30817
32526
27244
16102
1495
-13436
-25478
-32035
-31693
-24521
-12062
2999
17416
28078
32680
30226
21243
7668
-7565
-21167
-30192
-32685
-28105
-17438
-2992
12103
24578
31727
31995
25321
13150
-1876
-16499
-27539
-32596
-30567
-21889
-8448
6833
20630
29936
32722
28377
17845
3419
-11753
-24364
-31659
-32040
-25423
-13249
1823
16499
27568
32607
30508
21729
8189
-7147
-20920
-30108
-32693
-28105
-17347
-2779
12401
24860
31856
31850
24838
12360
-2839
-17416
-28160
-32702
-30037
-20749
-6884
8501
22013
30668
32552
27244
15915
1066
-14020
-26008
-32243
-31342
-23500
-10451
4915
19194
29220
32766
29042
18871
4509
-10856
-23813
-31479
-32147
-25665
-13473
1720
16533
27666
32637
30335
21271
7461
-8015
-21705
-30552
-32578
-27327
-15968
-1038
14125
26133
32294
31228
23169
9920
-5554
-19786
-29584
-32748
-28565
-17970
-3339
12043
24723
31849
31816
24627
11897
-3511
-18132
-28673
-32755
-29458
-19519
-5177
10334
23516
31393
32182
25702
13414
-1907
-16800
-27896
-32682
-30072
-20653
-6555
9029
22570
30997
32395
26445
14492
-751
-15827
-27310
-32589
-30461
-21406
-7481
8148
21926
30713
32507
26894
15151
-48
-15238
-26955
-32522
-30664
-21804
-7961
7702
21608
30575
32549
27076
15403
202
-15047
-26852
-32503
-30703
-21861
-8002
7696
21629
30598
32538
27001
15255
0
-15257
-27007
-32541
-30582
-21579
-7602
8129
21989
30779
32468
26664
14703
-655
-15865
-27411
-32621
-30288
-20948
-6758
8997
22672
31098
32318
26047
13736
-1763
-16855
-28038
-32713
-29790
-19946
-5464
10289
23653
31516
32046
25116
12336
-3319
-18204
-28847
-32766
-29042
-18541
-3711
11987
24889
31977
31593
23823
10480
-5316
-19871
-29777
-32711
-27983
-16697
-1495
14059
26318
32404
30885
22114
8148
-7733
-21801
-30745
-32460
-26539
-14372
1180
16457
27860
32699
29832
19930
5325
-10537
-23916
-31650
-31910
-24631
-11530
4298
19113
29409
32747
28334
17210
2009
-13670
-26112
-32365
-30942
-22178
-8148
7817
21929
30833
32412
26285
13907
-1780
-17047
-28259
-32743
-29429
-19103
-4222
11667
24777
31977
31548
23586
9991
-5992
-20546
-30192
-32619
-27244
-15350
219
15739
27492
32660
30001
20149
5464
-10533
-24006
-31719
-31816
-24270
-10892
5106
19879
29873
32681
27625
15917
373
-15261
-27221
-32621
-30156
-20416
-5748
10308
23879
31684
31836
24293
10875
-5173
-19973
-29942
-32665
-27477
-15633
0
15636
27483
32666
29925
19920
5078
-10999
-24407
-31886
-31615
-23656
-9941
6193
20824
30386
32549
26782
14487
-1341
-16845
-28242
-32749
-29262
-18630
-3445
12583
25539
32252
31078
22301
8064
-8148
-22368
-31111
-32231
-25451
-12429
3643
18824
29387
32737
28047
16465
836
-15001
-27152
-32625
-30072
-20115
-5205
10989
24479
31937
31523
23335
9388
-6876
-21447
-30723
-32412
-26092
-13322
2743
18132
29038
32759
28371
16955
1338
-14612
-26944
-32596
-30164
-20247
-5304
10958
24501
31960
31477
23169
9099
-7236
-21774
-30894
-32323
-25702
-12676
3510
18824
29446
32724
27837
16000
166
-15711
-27666
-32707
-29572
-19041
-3744
12491
25602
32304
30916
21780
7184
-9215
-23305
-31551
-31880
-24205
-10451
5930
20824
30486
32483
26311
13518
-2679
-18204
-29147
-32749
-28098
-16364
-502
15488
27574
32702
29574
18976
3583
-12717
-25806
-32371
-30748
-21345
-6538
9926
23879
31785
31636
23467
9346
-7147
-21830
-30974
-32254
-25342
-11991
4409
19692
29968
32623
26976
14462
-1736
-17495
-28798
-32764
-28377
-16752
-852
15267
27492
32699
29554
18857
3339
-13034
-26077
-32450
-30520
-20777
-5712
10817
24578
32042
31291
22515
7961
-8637
-23021
-31496
-31881
-24075
-10079
6509
21426
30833
32307
25463
12062
-4448
-19815
-30076
-32585
-26689
-13907
2465
18204
29244
32732
27762
15616
-569
-16610
-28356
-32765
-28692
-17189
-1231
15047
27428
32699
29490
18630
2932
-13528
-26478
-32552
-30168
-19943
-4530
12062
25519
32337
30737
21133
6022
-10659
-24565
-32068
-31208
-22206
-7407
9326
23628
31760
31593
23169
8686
-8070
-22719
-31423
-31903
-24028
-9858
6896
21846
31070
32147
24790
10926
-5807
-21019
-30711
-32336
-25461
-11891
4807
20244
30356
32478
26047
12755
-3899
-19528
-30012
-32581
-26556
-13521
3083
18877
29687
32654
26991
14192
-2362
-18294
-29387
-32703
-27360
-14769
1736
17784
29119
32734
27666
15255
-1206
-17349
-28887
-32752
-27913
-15652
771
16993
28695
32761
28105
15962
-434
-16717
-28547
-32765
-28244
-16186
193
16523
28443
32766
28334
16326
-48
-16412
-28387
-32766
-28374
-16382
0
0
0
0
0
0
0
0
0
0
0
0
0
0
0
0
0
0
0
0
0
0
0
0
0
0
0
0
0
0
0
0
0
0
0
0
0
0
0
0
0
0
0
0
0
0
0
0
0
0
0
0
0
0
0
0
0
0
0
0
0
0
0
0
0
0
0
0
0
0
0
0
0
0
0
0
0
0
0
0
0
0
0
0
0
0
0
0
0
0
0
0
0
0
0
0
0
0
0
0
0
0
0
0
0
0
0
0
0
0
0
0
0
0
0
0
0
0
0
0
0
0
0
0
0
0
0
0
0
0
0
0
0
0
0
0
0
0
0
0
0
0
0
0
0
0
0
0
0
0
0
0
0
0
0
0
0
0
0
0
0
0
0
0
0
0
0
0
0
0
0
0
0
0
0
0
0
0
0
0
0
0
0
0
0
0
0
0
0
0
0
0
0
0
0
0
0
0
0
0
0
0
0
0
0
0
0
0
0
0
0
0
0
0
0
0
0
0
0
0
0
0
0
0
0
0
0
0
0
0
0
0
0
0
0
0
0
0
0
0
0
0
0
0
0
0
0
0
0
0
0
0
0
0
0
0
0
0
0
0
0
0
0
0
0
0
0
0
0
0
0
0
0
0
0
0
0
0
0
0
0
0
0
0
0
0
0
0
0
0
0
0
0
0
0
0
0
0
0
0
0
0
0
0
0
0
0
0
0
0
0
0
0
0
0
0
0
0
0
0
0
0
0
0
0
0
0
0
0
0
0
0
0
0
0
0
0
0
0
0
0
0
0
0
0
0
0
0
0
0
0
0
0
0
0
0
0
0
0
0
0
0
0
0
0
0
0
0
0
0
0
0
0
0
0
0
0
0
0
0
0
0
0
0
0
0
0
0
0
0
0
0
0
0
0
0
0
0
0
0
0
0
0
0
0
0
0
0
0
0
0
0
0
0
0
0
0
0
0
0
0
0
0
0
0
0
0
0
0
0
0
0
0
0
0
0
0
0
0
0
0
0
0
0
0
0
0
0
0
0
0
0
0
0
0
0
0
0
0
0
0
0
0
0
0
0
0
0
0
0
0
0
0
0
0
0
0
0
0
0
0
0
0
0
0
0
0
0
0
0
0
0
0
0
0
0
0
0
0
0
0
0
0
0
0
0
0
0
0
0
0
0
0
0
0
0
0
0
0
0
0
0
0
0
0
0
0
0
0
0
0
0
0
0
0
0
0
0
0
0
0
0
0
0
0
0
0
0
0
0
0
0
0
0
0
0
0
0
0
0
0
0
0
0
0
0
0
0
0
0
0
0
0
0
0
0
0
0
0
0
0
0
0
0
0
0
0
0
0
0
0
0
0
0
0
0
0
0
0
0
0
0
0
0
0
0
0
0
0
0
0
0
0
0
0
0
0
0
0
0
0
0
0
0
0
0
0
0
0
0
0
0
0
0
0
0
0
0
0
0
0
0
0
0
0
0
0
0
0
0
0
0
0
0
0
0
0
0
0
0
0
0
0
0
0
0
0
0
0
0
0
0
0
0
0
0
0
0
0
0
0
0
0
0
0
0
0
0
0
0
0
0
0
0
0
0
0
0
0
0
0
0
0
0
0
0
0
0
0
0
0
0
0
0
0
0
0
0
0
0
0
0
0
0
0
0
0
0
0
0
0
0
0
0
0
0
0
0
0
0
0
0
0
0
0
0
0
0
0
0
0
0
0
0
0
0
0
0
0
0
0
0
0
0
0
0
0
0
0
0
0
0
0
0
0
0
0
0
0
0
0
0
0
0
0
0
0
0
0
0
0
0
0
0
0
0
0
0
0
0
0
0
0
0
0
0
0
0
0
0
0
0
0
0
0
0
0
0
0
0
0
0
0
0
0
0
0
0
0
0
0
0
0
0
0
0
0
0
0
0
0
0
0
0
0
0
0
0
0
0
0
0
0
0
0
0
0
0
0
0
0
0
0
0
0
0
0
0
0
0
0
0
0
0
0
0
0
0
0
0
0
0
0
0
0
0
0
0
0
0
0
0
0
0
0
0
0
0
0
0
0
0
0
0
0
0
0
0
0
0
0
0
0
0
0
0
0
0
0
0
0
0
0
0
0
0
0
0
0
0
0
0
0
0
0
0
0
0
0
0
0
0
0
0
0
0
0
0
0
0
0
0
0
0
0
0
0
0
0
0
15291
15053
14348
13200
11647
9741
7546
5135
2588
-12
-2583
-5042
-7311
-9322
-11016
-12345
-13275
-13785
-13870
-13537
-12809
-11720
-10314
-8645
-6774
-4765
-2685
-599
1429
3341
5085
6617
7903
8917
9643
10078
10224
10094
9708
9093
8280
7303
6199
5005
3756
2488
1233
17
-1133
-2199
-3164
-4017
-4750
-5357
-5836
-6188
-6415
-6521
-6508
-6383
-6151
-5818
-5389
-4872
-4273
-3601
-2864
-2075
-1244
-385
485
1351
2194
2997
3738
4400
4965
5416
5740
5926
5968
5861
5609
5218
4699
4067
3342
2548
1709
854
8
-800
-1547
-2210
-2770
-3214
-3534
-3726
-3793
-3743
-3589
-3348
-3042
-2693
-2325
-1962
-1625
-1335
-1105
-947
-865
-858
-919
-1035
-1188
-1358
-1517
-1641
-1703
-1678
-1544
-1285
-889
-353
318
1113
2010
2982
3991
4997
5954
6815
7532
8060
8359
8395
8142
7587
6725
5567
4136
2467
606
-1387
-3449
-5507
-7484
-9304
-10895
-12188
-13124
-13655
-13748
-13383
-12559
-11293
-9615
-7577
-5243
-2688
0
2727
5398
7917
10190
12134
13678
14763
15347
15407
14941
13966
12516
10646
8427
5939
3278
542
-2166
-4749
-7111
-9168
-10846
-12090
-12861
-13138
-12922
-12232
-11106
-9599
-7780
-5729
-3534
-1289
915
2988
4850
6429
7667
8524
8974
9011
8647
7910
6844
5506
3965
2297
582
-1100
-2673
-4065
-5215
-6074
-6607
-6795
-6633
-6134
-5326
-4251
-2961
-1519
5
1541
3018
4367
5527
6445
7079
7402
7401
7074
6439
5523
4367
3022
1547
6
-1536
-3015
-4368
-5543
-6491
-7178
-7581
-7688
-7501
-7037
-6320
-5388
-4287
-3066
-1781
-487
760
1911
2923
3758
4391
4806
4997
4970
4741
4335
3786
3131
2413
1675
960
308
-245
-675
-959
-1088
-1061
-885
-578
-166
319
842
1362
1838
2232
2508
2636
2593
2366
1950
1350
582
-328
-1348
-2435
-3543
-4621
-5619
-6485
-7174
-7644
-7862
-7804
-7457
-6819
-5900
-4724
-3323
-1741
-30
1751
3541
5274
6887
8319
9515
10429
11023
11272
11161
10692
9876
8737
7314
5653
3808
1843
-177
-2186
-4117
-5907
-7497
-8839
-9892
-10625
-11020
-11071
-10783
-10172
-9267
-8105
-6729
-5190
-3543
-1844
-150
1485
3013
4387
5570
6533
7255
7725
7939
7903
7632
7148
6477
5652
4709
3684
2617
1544
501
-481
-1374
-2157
-2810
-3322
-3688
-3906
-3981
-3922
-3741
-3455
-3083
-2643
-2158
-1647
-1130
-627
-154
274
646
953
1189
1350
1434
1445
1386
1264
1085
860
598
311
10
-294
-590
-867
-1115
-1325
-1488
-1599
-1651
-1640
-1566
-1427
-1225
-964
-648
-285
116
547
994
1446
1888
2307
2688
3018
3285
3476
3581
3592
3504
3314
3022
2631
2147
1580
942
248
-484
-1237
-1989
-2720
-3407
-4031
-4571
-5011
-5335
-5532
-5592
-5510
-5286
-4923
-4427
-3810
-3085
-2271
-1387
-456
498
1452
2382
3264
4074
4794
5404
5889
6238
6443
6499
6404
6163
5780
5266
4633
3896
3073
2183
1246
283
-684
-1635
-2548
-3406
-4188
-4879
-5465
-5934
-6275
-6483
-6553
-6483
-6275
-5934
-5465
-4879
-4188
-3406
-2548
-1635
-684
283
1246
2183
3073
3896
4633
5266
5780
6163
6404
6499
6443
6238
5889
5404
4794
4074
3264
2382
1452
498
-456
-1387
-2271
-3085
-3810
-4427
-4923
-5286
-5510
-5592
-5532
-5335
-5011
-4571
-4031
-3407
-2720
-1989
-1237
-484
248
942
1580
2147
2631
3022
3314
3504
3592
3581
3476
3285
3018
2688
2307
1888
1446
994
547
116
-285
-648
-964
-1225
-1427
-1566
-1640
-1651
-1599
-1488
-1325
-1115
-867
-590
-294
10
311
598
860
1085
1264
1386
1445
1434
1350
1189
953
646
274
-154
-627
-1130
-1647
-2158
-2643
-3083
-3455
-3741
-3922
-3981
-3906
-3688
-3322
-2810
-2157
-1374
-481
501
1544
2617
3684
4709
5652
6477
7148
7632
7903
7939
7725
7255
6533
5570
4387
3013
1485
-150
-1844
-3543
-5190
-6729
-8105
-9267
-10172
-10783
-11071
-11020
-10625
-9892
-8839
-7497
-5907
-4117
-2186
-177
1843
3808
5653
7314
8737
9876
10692
11161
11272
11023
10429
9515
8319
6887
5274
3541
1751
-30
-1741
-3323
-4724
-5900
-6819
-7457
-7804
-7862
-7644
-7174
-6485
-5619
-4621
-3543
-2435
-1348
-328
582
1350
1950
2366
2593
2636
2508
2232
1838
1362
842
319
-166
-578
-885
-1061
-1088
-959
-675
-245
308
960
1675
2413
3131
3786
4335
4741
4970
4997
4806
4391
3758
2923
1911
760
-487
-1781
-3066
-4287
-5388
-6320
-7037
-7501
-7688
-7581
-7178
-6491
-5543
-4368
-3015
-1536
6
1547
3022
4367
5523
6439
7074
7401
7402
7079
6445
5527
4367
3018
1541
5
-1519
-2961
-4251
-5326
-6134
-6633
-6795
-6607
-6074
-5215
-4065
-2673
-1100
582
2297
3965
5506
6844
7910
8647
9011
8974
8524
7667
6429
4850
2988
915
-1289
-3534
-5729
-7780
-9599
-11106
-12232
-12922
-13138
-12861
-12090
-10846
-9168
-7111
-4749
-2166
542
3278
5939
8427
10646
12516
13966
14941
15407
15347
14763
13678
12134
10190
7917
5398
2727
0
-2688
-5243
-7577
-9615
-11293
-12559
-13383
-13748
-13655
-13124
-12188
-10895
-9304
-7484
-5507
-3449
-1387
606
2467
4136
5567
6725
7587
8142
8395
8359
8060
7532
6815
5954
4997
3991
2982
2010
1113
318
-353
-889
-1285
-1544
-1678
-1703
-1641
-1517
-1358
-1188
-1035
-919
-858
-865
-947
-1105
-1335
-1625
-1962
-2325
-2693
-3042
-3348
-3589
-3743
-3793
-3726
-3534
-3214
-2770
-2210
-1547
-800
8
854
1709
2548
3342
4067
4699
5218
5609
5861
5968
5926
5740
5416
4965
4400
3738
2997
2194
1351
485
-385
-1244
-2075
-2864
-3601
-4273
-4872
-5389
-5818
-6151
-6383
-6508
-6521
-6415
-6188
-5836
-5357
-4750
-4017
-3164
-2199
-1133
17
1233
2488
3756
5005
6199
7303
8280
9093
9708
10094
10224
10078
9643
8917
7903
6617
5085
3341
1429
-599
-2685
-4765
-6774
-8645
-10314
-11720
-12809
-13537
-13870
-13785
-13275
-12345
-11016
-9322
-7311
-5042
-2583
-12
2588
5135
7546
9741
11647
13200
14348
15053
0
0
0
0
0
0
0
0
0
0
0
0
0
0
0
0
0
0
0
0
0
0
0
0
0
0
0
0
0
0
0
0
0
0
0
0
0
0
0
0
0
0
0
0
0
0
0
0
0
0
0
0
0
0
0
0
0
0
0
0
0
0
0
0
0
0
0
-15291
-15023
-14228
-12937
-11197
-9073
-6644
-3999
-1235
1547
4247
6768
9023
10932
12432
13475
14031
14089
13655
12755
11432
9742
7754
5548
3207
820
-1524
-3747
-5769
-7526
-8963
-10039
-10731
-11027
-10932
-10467
-9663
-8564
-7224
-5701
-4060
-2364
-677
940
2436
3764
4887
5779
6424
6816
6961
6871
6569
6083
5446
4693
3862
2989
2108
1251
443
-293
-945
-1502
-1961
-2322
-2593
-2781
-2899
-2960
-2976
-2961
-2923
-2873
-2813
-2748
-2674
-2588
-2484
-2352
-2184
-1970
-1701
-1371
-975
-513
12
593
1219
1873
2538
3189
3804
4357
4823
5177
5400
5472
5382
5122
4690
4093
3342
2455
1456
375
-754
-1897
-3016
-4073
-5031
-5859
-6526
-7008
-7289
-7356
-7208
-6847
-6284
-5539
-4633
-3597
-2462
-1264
-40
1175
2346
3439
4427
5285
5993
6537
6908
7104
7126
6981
6680
6237
5669
4994
4231
3399
2519
1607
682
-242
-1151
-2033
-2876
-3670
-4406
-5074
-5666
-6173
-6585
-6894
-7088
-7160
-7099
-6899
-6553
-6056
-5409
-4613
-3675
-2607
-1425
-151
1188
2563
3937
5273
6531
7670
8650
9435
9990
10289
10310
10040
9476
8624
7500
6132
4553
2809
951
-962
-2872
-4716
-6432
-7962
-9253
-10260
-10947
-11289
-11274
-10903
-10188
-9155
-7843
-6300
-4582
-2753
-880
968
2727
4331
5726
6865
7710
8239
8442
8320
7892
7185
6240
5107
3843
2508
1167
-118
-1291
-2298
-3097
-3656
-3954
-3985
-3754
-3282
-2599
-1748
-780
249
1279
2248
3098
3775
4234
4440
4368
4010
3368
2462
1323
-4
-1465
-2997
-4531
-5995
-7318
-8433
-9279
-9806
-9976
-9762
-9158
-8168
-6818
-5145
-3203
-1057
1217
3537
5818
7972
9919
11580
12889
13794
14253
14244
13762
12818
11442
9679
7588
5242
2721
112
-2493
-5007
-7345
-9429
-11190
-12574
-13541
-14065
-14138
-13767
-12977
-11805
-10301
-8528
-6553
-4450
-2295
-161
1880
3766
5440
6857
7985
8803
9303
9490
9378
8994
8374
7557
6590
5521
4398
3266
2168
1139
211
-594
-1265
-1795
-2184
-2442
-2585
-2630
-2601
-2521
-2415
-2306
-2212
-2151
-2132
-2161
-2240
-2362
-2517
-2691
-2866
-3023
-3140
-3197
-3177
-3064
-2847
-2520
-2083
-1541
-905
-191
577
1376
2176
2948
3662
4288
4800
5177
5400
5459
5348
5070
4633
4054
3354
2558
1698
807
-82
-935
-1721
-2412
-2983
-3417
-3702
-3832
-3810
-3646
-3353
-2953
-2471
-1935
-1375
-823
-306
147
515
780
931
961
873
675
381
11
-408
-851
-1287
-1684
-2013
-2248
-2366
-2348
-2184
-1869
-1408
-810
-93
715
1587
2486
3374
4212
4959
5579
6037
6306
6364
6196
5797
5173
4335
3305
2115
802
-590
-2015
-3420
-4756
-5972
-7022
-7865
-8466
-8800
-8850
-8608
-8080
-7280
-6232
-4970
-3537
-1979
-351
1290
2890
4391
5742
6896
7813
8461
8819
8875
8630
8094
7287
6241
4994
3593
2090
540
-1000
-2476
-3835
-5028
-6013
-6756
-7234
-7431
-7343
-6978
-6353
-5493
-4435
-3221
-1899
-522
856
2183
3407
4479
5360
6014
6417
6553
6417
6014
5360
4479
3407
2183
856
-522
-1899
-3221
-4435
-5493
-6353
-6978
-7343
-7431
-7234
-6756
-6013
-5028
-3835
-2476
-1000
540
2090
3593
4994
6241
7287
8094
8630
8875
8819
8461
7813
6896
5742
4391
2890
1290
-351
-1979
-3537
-4970
-6232
-7280
-8080
-8608
-8850
-8800
-8466
-7865
-7022
-5972
-4756
-3420
-2015
-590
802
2115
3305
4335
5173
5797
6196
6364
6306
6037
5579
4959
4212
3374
2486
1587
715
-93
-810
-1408
-1869
-2184
-2348
-2366
-2248
-2013
-1684
-1287
-851
-408
11
381
675
873
961
931
780
515
147
-306
-823
-1375
-1935
-2471
-2953
-3353
-3646
-3810
-3832
-3702
-3417
-2983
-2412
-1721
-935
-82
807
1698
2558
3354
4054
4633
5070
5348
5459
5400
5177
4800
4288
3662
2948
2176
1376
577
-191
-905
-1541
-2083
-2520
-2847
-3064
-3177
-3197
-3140
-3023
-2866
-2691
-2517
-2362
-2240
-2161
-2132
-2151
-2212
-2306
-2415
-2521
-2601
-2630
-2585
-2442
-2184
-1795
-1265
-594
211
1139
2168
3266
4398
5521
6590
7557
8374
8994
9378
9490
9303
8803
7985
6857
5440
3766
1880
-161
-2295
-4450
-6553
-8528
-10301
-11805
-12977
-13767
-14138
-14065
-13541
-12574
-11190
-9429
-7345
-5007
-2493
112
2721
5242
7588
9679
11442
12818
13762
14244
14253
13794
12889
11580
9919
7972
5818
3537
1217
-1057
-3203
-5145
-6818
-8168
-9158
-9762
-9976
-9806
-9279
-8433
-7318
-5995
-4531
-2997
-1465
-4
1323
2462
3368
4010
4368
4440
4234
3775
3098
2248
1279
249
-780
-1748
-2599
-3282
-3754
-3985
-3954
-3656
-3097
-2298
-1291
-118
1167
2508
3843
5107
6240
7185
7892
8320
8442
8239
7710
6865
5726
4331
2727
968
-880
-2753
-4582
-6300
-7843
-9155
-10188
-10903
-11274
-11289
-10947
-10260
-9253
-7962
-6432
-4716
-2872
-962
951
2809
4553
6132
7500
8624
9476
10040
10310
10289
9990
9435
8650
7670
6531
5273
3937
2563
1188
-151
-1425
-2607
-3675
-4613
-5409
-6056
-6553
-6899
-7099
-7160
-7088
-6894
-6585
-6173
-5666
-5074
-4406
-3670
-2876
-2033
-1151
-242
682
1607
2519
3399
4231
4994
5669
6237
6680
6981
7126
7104
6908
6537
5993
5285
4427
3439
2346
1175
-40
-1264
-2462
-3597
-4633
-5539
-6284
-6847
-7208
-7356
-7289
-7008
-6526
-5859
-5031
-4073
-3016
-1897
-754
375
1456
2455
3342
4093
4690
5122
5382
5472
5400
5177
4823
4357
3804
3189
2538
1873
1219
593
12
-513
-975
-1371
-1701
-1970
-2184
-2352
-2484
-2588
-2674
-2748
-2813
-2873
-2923
-2961
-2976
-2960
-2899
-2781
-2593
-2322
-1961
-1502
-945
-293
443
1251
2108
2989
3862
4693
5446
6083
6569
6871
6961
6816
6424
5779
4887
3764
2436
940
-677
-2364
-4060
-5701
-7224
-8564
-9663
-10467
-10932
-11027
-10731
-10039
-8963
-7526
-5769
-3747
-1524
820
3207
5548
7754
9742
11432
12755
13655
14089
14031
13475
12432
10932
9023
6768
4247
1547
-1235
-3999
-6644
-9073
-11197
-12937
-14228
-15023
0
0
0
0
0
0
0
0
0
0
0
0
0
0
0
0
0
0
0
0
0
0
0
0
0
0
0
0
0
0
0
0
0
0
0
0
0
0
0
0
0
0
0
0
0
0
0
0
0
0
0
0
0
0
0
0
0
0
0
0
0
0
0
0
0
0
0
-10922
-10739
-10197
-9316
-8127
-6672
-5003
-3178
-1262
679
2580
4375
6007
7421
8574
9433
9974
10186
10071
9639
8913
7926
6717
5331
3820
2235
630
-945
-2444
-3822
-5045
-6083
-6914
-7526
-7912
-8075
-8024
-7771
-7337
-6745
-6018
-5184
-4269
-3297
-2294
-1279
-274
706
1648
2540
3372
4137
4828
5438
5961
6391
6721
6942
7047
7028
6876
6585
6147
5561
4825
3944
2925
1783
535
-794
-2175
-3573
-4951
-6266
-7477
-8540
-9413
-10059
-10445
-10543
-10337
-9816
-8982
-7849
-6440
-4789
-2941
-950
1122
3213
5251
7167
8895
10371
11540
12357
12788
12810
12419
11621
10439
8911
7086
5026
2800
486
-1834
-4083
-6179
-8049
-9629
-10865
-11714
-12151
-12164
-11758
-10953
-9784
-8300
-6560
-4633
-2595
-522
1507
3417
5141
6617
7796
8642
9132
9259
9029
8463
7594
6469
5141
3671
2124
567
-935
-2324
-3544
-4552
-5313
-5803
-6014
-5946
-5614
-5043
-4268
-3332
-2282
-1171
-52
1023
2009
2860
3544
4032
4309
4368
4213
3857
3321
2636
1836
963
57
-838
-1683
-2441
-3079
-3570
-3898
-4051
-4026
-3830
-3476
-2983
-2376
-1685
-942
-181
565
1267
1896
2429
2849
3142
3302
3330
3232
3018
2705
2310
1856
1365
860
362
-107
-534
-904
-1206
-1437
-1593
-1678
-1697
-1658
-1571
-1447
-1298
-1136
-970
-809
-660
-526
-410
-309
-223
-147
-74
0
80
173
282
408
550
705
869
1032
1185
1318
1417
1472
1472
1407
1270
1058
772
416
0
-464
-959
-1463
-1953
-2404
-2791
-3088
-3273
-3328
-3236
-2991
-2589
-2035
-1341
-528
377
1344
2334
3306
4217
5024
5686
6165
6430
6457
6230
5744
5003
4024
2833
1466
-28
-1601
-3193
-4742
-6186
-7467
-8527
-9319
-9802
-9948
-9741
-9177
-8268
-7039
-5527
-3783
-1865
157
2212
4224
6118
7824
9276
10418
11206
11610
11612
11211
10423
9276
7813
6090
4172
2130
43
-2011
-3959
-5728
-7254
-8485
-9381
-9915
-10075
-9866
-9305
-8425
-7271
-5898
-4368
-2751
-1116
468
1937
3233
4305
5117
5643
5872
5807
5463
4869
4066
3101
2032
919
-178
-1199
-2089
-2800
-3293
-3541
-3528
-3252
-2725
-1971
-1025
65
1247
2460
3642
4730
5664
6390
6863
7047
6919
6468
5701
4633
3299
1743
19
-1808
-3669
-5491
-7200
-8727
-10006
-10981
-11608
-11854
-11699
-11140
-10190
-8875
-7235
-5323
-3203
-946
1371
3670
5872
7903
9693
11183
12325
13082
13433
13368
12897
12039
10828
9310
7541
5582
3502
1371
-741
-2769
-4651
-6331
-7765
-8917
-9763
-10292
-10502
-10404
-10020
-9378
-8515
-7475
-6302
-5045
-3752
-2466
-1230
-78
959
1861
2612
3207
3645
3936
4092
4132
4078
3954
3785
3595
3405
3235
3099
3007
2962
2964
3007
3079
3166
3249
3307
3319
3265
3125
2883
2526
2048
1445
723
-108
-1032
-2027
-3064
-4114
-5141
-6109
-6982
-7724
-8302
-8687
-8857
-8793
-8486
-7934
-7143
-6127
-4909
-3520
-1994
-374
1292
2960
4578
6097
7473
8661
9627
10339
10775
10922
10775
10339
9627
8661
7473
6097
4578
2960
1292
-374
-1994
-3520
-4909
-6127
-7143
-7934
-8486
-8793
-8857
-8687
-8302
-7724
-6982
-6109
-5141
-4114
-3064
-2027
-1032
-108
723
1445
2048
2526
2883
3125
3265
3319
3307
3249
3166
3079
3007
2964
2962
3007
3099
3235
3405
3595
3785
3954
4078
4132
4092
3936
3645
3207
2612
1861
959
-78
-1230
-2466
-3752
-5045
-6302
-7475
-8515
-9378
-10020
-10404
-10502
-10292
-9763
-8917
-7765
-6331
-4651
-2769
-741
1371
3502
5582
7541
9310
10828
12039
12897
13368
13433
13082
12325
11183
9693
7903
5872
3670
1371
-946
-3203
-5323
-7235
-8875
-10190
-11140
-11699
-11854
-11608
-10981
-10006
-8727
-7200
-5491
-3669
-1808
19
1743
3299
4633
5701
6468
6919
7047
6863
6390
5664
4730
3642
2460
1247
65
-1025
-1971
-2725
-3252
-3528
-3541
-3293
-2800
-2089
-1199
-178
919
2032
3101
4066
4869
5463
5807
5872
5643
5117
4305
3233
1937
468
-1116
-2751
-4368
-5898
-7271
-8425
-9305
-9866
-10075
-9915
-9381
-8485
-7254
-5728
-3959
-2011
43
2130
4172
6090
7813
9276
10423
11211
11612
11610
11206
10418
9276
7824
6118
4224
2212
157
-1865
-3783
-5527
-7039
-8268
-9177
-9741
-9948
-9802
-9319
-8527
-7467
-6186
-4742
-3193
-1601
-28
1466
2833
4024
5003
5744
6230
6457
6430
6165
5686
5024
4217
3306
2334
1344
377
-528
-1341
-2035
-2589
-2991
-3236
-3328
-3273
-3088
-2791
-2404
-1953
-1463
-959
-464
0
416
772
1058
1270
1407
1472
1472
1417
1318
1185
1032
869
705
550
408
282
173
80
0
-74
-147
-223
-309
-410
-526
-660
-809
-970
-1136
-1298
-1447
-1571
-1658
-1697
-1678
-1593
-1437
-1206
-904
-534
-107
362
860
1365
1856
2310
2705
3018
3232
3330
3302
3142
2849
2429
1896
1267
565
-181
-942
-1685
-2376
-2983
-3476
-3830
-4026
-4051
-3898
-3570
-3079
-2441
-1683
-838
57
963
1836
2636
3321
3857
4213
4368
4309
4032
3544
2860
2009
1023
-52
-1171
-2282
-3332
-4268
-5043
-5614
-5946
-6014
-5803
-5313
-4552
-3544
-2324
-935
567
2124
3671
5141
6469
7594
8463
9029
9259
9132
8642
7796
6617
5141
3417
1507
-522
-2595
-4633
-6560
-8300
-9784
-10953
-11758
-12164
-12151
-11714
-10865
-9629
-8049
-6179
-4083
-1834
486
2800
5026
7086
8911
10439
11621
12419
12810
12788
12357
11540
10371
8895
7167
5251
3213
1122
-950
-2941
-4789
-6440
-7849
-8982
-9816
-10337
-10543
-10445
-10059
-9413
-8540
-7477
-6266
-4951
-3573
-2175
-794
535
1783
2925
3944
4825
5561
6147
6585
6876
7028
7047
6942
6721
6391
5961
5438
4828
4137
3372
2540
1648
706
-274
-1279
-2294
-3297
-4269
-5184
-6018
-6745
-7337
-7771
-8024
-8075
-7912
-7526
-6914
-6083
-5045
-3822
-2444
-945
630
2235
3820
5331
6717
7926
8913
9639
10071
10186
9974
9433
8574
7421
6007
4375
2580
679
-1262
-3178
-5003
-6672
-8127
-9316
-10197
-10739
0
0
0
0
0
0
0
0
0
0
0
0
0
0
0
0
0
0
0
0
0
0
0
0
0
0
0
0
0
0
0
0
0
0
0
0
0
0
0
0
0
0
0
0
0
0
0
0
0
0
0
0
0
0
0
0
0
0
0
0
0
0
0
0
0
0
0
6553
6465
6205
5778
5197
4476
3635
2697
1686
629
-443
-1504
-2523
-3473
-4327
-5062
-5657
-6095
-6364
-6456
-6369
-6105
-5673
-5085
-4358
-3515
-2581
-1583
-551
483
1489
2438
3301
4053
4674
5147
5460
5607
5587
5406
5074
4605
4019
3340
2592
1803
1001
213
-535
-1222
-1826
-2333
-2731
-3014
-3182
-3237
-3189
-3050
-2835
-2563
-2253
-1925
-1599
-1293
-1021
-796
-626
-514
-462
-462
-507
-584
-678
-770
-843
-878
-859
-771
-602
-346
0
432
943
1518
2138
2779
3415
4016
4552
4991
5306
5472
5466
5274
4887
4305
3534
2590
1495
281
-1016
-2355
-3689
-4971
-6152
-7187
-8033
-8653
-9017
-9103
-8900
-8404
-7627
-6586
-5311
-3841
-2223
-508
1245
2979
4633
6152
7482
8577
9399
9920
10122
9998
9555
8810
7789
6531
5082
3493
1822
129
-1528
-3093
-4512
-5739
-6735
-7471
-7929
-8100
-7988
-7606
-6978
-6136
-5120
-3976
-2752
-1498
-265
897
1949
2851
3573
4094
4401
4490
4368
4051
3560
2926
2184
1373
535
-287
-1057
-1734
-2287
-2690
-2923
-2973
-2839
-2524
-2042
-1412
-661
178
1071
1977
2856
3670
4381
4955
5363
5581
5595
5394
4977
4353
3534
2544
1409
165
-1149
-2494
-3827
-5101
-6276
-7310
-8167
-8815
-9226
-9382
-9271
-8887
-8235
-7325
-6178
-4819
-3281
-1604
168
1989
3809
5578
7243
8757
10074
11152
11956
12457
12633
12472
11970
11133
9976
8523
6809
4874
2768
545
-1733
-4007
-6210
-8281
-10157
-11782
-13106
-14086
-14687
-14888
-14676
-14052
-13029
-11631
-9896
-7870
-5612
-3185
-660
1888
4384
6753
8924
10831
12416
13633
14444
14828
14773
14286
13384
12100
10476
8569
6441
4163
1809
-544
-2824
-4959
-6883
-8540
-9884
-10880
-11506
-11753
-11627
-11144
-10335
-9239
-7904
-6388
-4748
-3048
-1350
288
1813
3176
4340
5274
5960
6390
6566
6501
6216
5740
5107
4357
3532
2672
1819
1007
270
-366
-885
-1275
-1531
-1658
-1666
-1571
-1395
-1162
-896
-624
-371
-156
0
87
98
31
-107
-309
-558
-836
-1120
-1387
-1616
-1785
-1877
-1876
-1774
-1570
-1265
-870
-400
122
673
1223
1743
2202
2571
2826
2945
2915
2729
2386
1897
1277
552
-247
-1085
-1921
-2712
-3416
-3994
-4410
-4633
-4644
-4428
-3983
-3319
-2453
-1415
-243
1014
2308
3582
4777
5839
6714
7358
7732
7809
7576
7028
6178
5050
3681
2118
419
-1350
-3122
-4827
-6396
-7763
-8872
-9675
-10137
-10235
-9961
-9324
-8346
-7063
-5523
-3787
-1922
0
1904
3717
5370
6800
7955
8795
9294
9439
9233
8695
7857
6761
5463
4024
2509
988
-472
-1813
-2979
-3925
-4618
-5040
-5184
-5058
-4685
-4098
-3342
-2467
-1532
-595
284
1051
1658
2066
2248
2188
1887
1356
621
-276
-1290
-2362
-3430
-4428
-5293
-5966
-6395
-6536
-6362
-5858
-5024
-3877
-2450
-791
1039
2971
4925
6818
8567
10091
11316
12178
12628
12630
12169
11245
9879
8112
6000
3615
1042
-1626
-4292
-6854
-9215
-11286
-12986
-14249
-15028
-15291
-15028
-14249
-12986
-11286
-9215
-6854
-4292
-1626
1042
3615
6000
8112
9879
11245
12169
12630
12628
12178
11316
10091
8567
6818
4925
2971
1039
-791
-2450
-3877
-5024
-5858
-6362
-6536
-6395
-5966
-5293
-4428
-3430
-2362
-1290
-276
621
1356
1887
2188
2248
2066
1658
1051
284
-595
-1532
-2467
-3342
-4098
-4685
-5058
-5184
-5040
-4618
-3925
-2979
-1813
-472
988
2509
4024
5463
6761
7857
8695
9233
9439
9294
8795
7955
6800
5370
3717
1904
0
-1922
-3787
-5523
-7063
-8346
-9324
-9961
-10235
-10137
-9675
-8872
-7763
-6396
-4827
-3122
-1350
419
2118
3681
5050
6178
7028
7576
7809
7732
7358
6714
5839
4777
3582
2308
1014
-243
-1415
-2453
-3319
-3983
-4428
-4644
-4633
-4410
-3994
-3416
-2712
-1921
-1085
-247
552
1277
1897
2386
2729
2915
2945
2826
2571
2202
1743
1223
673
122
-400
-870
-1265
-1570
-1774
-1876
-1877
-1785
-1616
-1387
-1120
-836
-558
-309
-107
31
98
87
0
-156
-371
-624
-896
-1162
-1395
-1571
-1666
-1658
-1531
-1275
-885
-366
270
1007
1819
2672
3532
4357
5107
5740
6216
6501
6566
6390
5960
5274
4340
3176
1813
288
-1350
-3048
-4748
-6388
-7904
-9239
-10335
-11144
-11627
-11753
-11506
-10880
-9884
-8540
-6883
-4959
-2824
-544
1809
4163
6441
8569
10476
12100
13384
14286
14773
14828
14444
13633
12416
10831
8924
6753
4384
1888
-660
-3185
-5612
-7870
-9896
-11631
-13029
-14052
-14676
-14888
-14687
-14086
-13106
-11782
-10157
-8281
-6210
-4007
-1733
545
2768
4874
6809
8523
9976
11133
11970
12472
12633
12457
11956
11152
10074
8757
7243
5578
3809
1989
168
-1604
-3281
-4819
-6178
-7325
-8235
-8887
-9271
-9382
-9226
-8815
-8167
-7310
-6276
-5101
-3827
-2494
-1149
165
1409
2544
3534
4353
4977
5394
5595
5581
5363
4955
4381
3670
2856
1977
1071
178
-661
-1412
-2042
-2524
-2839
-2973
-2923
-2690
-2287
-1734
-1057
-287
535
1373
2184
2926
3560
4051
4368
4490
4401
4094
3573
2851
1949
897
-265
-1498
-2752
-3976
-5120
-6136
-6978
-7606
-7988
-8100
-7929
-7471
-6735
-5739
-4512
-3093
-1528
129
1822
3493
5082
6531
7789
8810
9555
9998
10122
9920
9399
8577
7482
6152
4633
2979
1245
-508
-2223
-3841
-5311
-6586
-7627
-8404
-8900
-9103
-9017
-8653
-8033
-7187
-6152
-4971
-3689
-2355
-1016
281
1495
2590
3534
4305
4887
5274
5466
5472
5306
4991
4552
4016
3415
2779
2138
1518
943
432
0
-346
-602
-771
-859
-878
-843
-770
-678
-584
-507
-462
-462
-514
-626
-796
-1021
-1293
-1599
-1925
-2253
-2563
-2835
-3050
-3189
-3237
-3182
-3014
-2731
-2333
-1826
-1222
-535
213
1001
1803
2592
3340
4019
4605
5074
5406
5587
5607
5460
5147
4674
4053
3301
2438
1489
483
-551
-1583
-2581
-3515
-4358
-5085
-5673
-6105
-6369
-6456
-6364
-6095
-5657
-5062
-4327
-3473
-2523
-1504
-443
629
1686
2697
3635
4476
5197
5778
6205
6465
0
0
0
0
0
0
0
0
0
0
0
0
0
0
0
0
0
0
0
0
0
0
0
0
0
0
0
0
0
0
0
0
0
0
0
0
0
0
0
0
0
0
0
0
0
0
0
0
0
0
0
0
0
0
0
0
0
0
0
0
0
0
0
0
0
0
0
-10922
-10761
-10285
-9509
-8460
-7170
-5683
-4048
-2316
-544
1212
2899
4466
5865
7059
8013
8707
9126
9265
9131
8737
8106
7268
6259
5116
3885
2607
1326
82
-1084
-2144
-3068
-3836
-4434
-4855
-5098
-5171
-5084
-4855
-4506
-4060
-3542
-2980
-2399
-1822
-1273
-769
-325
47
342
559
698
765
769
721
635
524
403
285
184
111
74
80
132
233
379
567
790
1038
1302
1571
1832
2074
2285
2454
2572
2631
2624
2548
2402
2184
1898
1548
1140
683
187
-337
-879
-1424
-1960
-2473
-2950
-3377
-3743
-4037
-4248
-4368
-4391
-4312
-4128
-3840
-3450
-2964
-2390
-1739
-1025
-262
529
1332
2123
2882
3587
4215
4746
5163
5449
5593
5585
5421
5102
4633
4026
3294
2458
1542
574
-416
-1398
-2338
-3207
-3972
-4609
-5094
-5409
-5543
-5489
-5250
-4832
-4250
-3526
-2687
-1763
-789
196
1156
2053
2851
3519
4030
4363
4505
4450
4200
3765
3164
2420
1566
638
-324
-1279
-2184
-2999
-3687
-4214
-4555
-4691
-4612
-4315
-3809
-3110
-2244
-1241
-141
1011
2172
3292
4325
5227
5958
6484
6779
6826
6617
6153
5447
4520
3402
2130
748
-695
-2149
-3563
-4884
-6067
-7068
-7851
-8389
-8663
-8661
-8385
-7843
-7056
-6049
-4857
-3521
-2085
-597
894
2343
3704
4937
6006
6882
7545
7979
8180
8149
7896
7437
6795
5994
5067
4046
2964
1855
751
-318
-1326
-2251
-3073
-3780
-4362
-4815
-5138
-5335
-5412
-5379
-5245
-5024
-4727
-4368
-3959
-3511
-3035
-2539
-2031
-1517
-1004
-495
4
493
966
1421
1854
2262
2639
2982
3285
3543
3751
3905
4000
4034
4004
3908
3749
3527
3247
2913
2531
2110
1657
1180
690
194
-298
-780
-1246
-1689
-2106
-2493
-2848
-3169
-3458
-3711
-3930
-4114
-4261
-4368
-4433
-4450
-4415
-4319
-4156
-3918
-3598
-3189
-2686
-2086
-1390
-600
274
1224
2231
3275
4331
5371
6362
7270
8061
8701
9155
9396
9398
9143
8618
7822
6760
5447
3911
2184
311
-1656
-3663
-5646
-7542
-9286
-10818
-12080
-13022
-13603
-13793
-13575
-12944
-11909
-10496
-8741
-6694
-4416
-1978
542
3066
5511
7796
9846
11595
12983
13966
14513
14607
14250
13455
12255
10695
8830
6728
4464
2117
-233
-2508
-4633
-6542
-8177
-9492
-10455
-11049
-11268
-11122
-10636
-9844
-8791
-7529
-6117
-4615
-3083
-1580
-156
1140
2274
3219
3957
4483
4802
4929
4884
4698
4402
4033
3627
3217
2833
2500
2235
2048
1941
1909
1937
2005
2088
2157
2184
2138
1994
1730
1330
788
106
-704
-1623
-2621
-3659
-4694
-5676
-6556
-7282
-7807
-8090
-8097
-7804
-7201
-6289
-5085
-3618
-1932
-82
1864
3837
5756
7542
9117
10410
11357
11906
12021
11681
10886
9651
8013
6025
3756
1290
-1279
-3854
-6330
-8606
-10587
-12188
-13338
-13983
-14088
-13641
-12650
-11147
-9187
-6842
-4201
-1368
1544
4421
7144
9603
11695
13332
14446
14986
14928
14269
13033
11268
9042
6443
3577
559
-2489
-5444
-8184
-10598
-12586
-14068
-14982
-15291
-14982
-14068
-12586
-10598
-8184
-5444
-2489
559
3577
6443
9042
11268
13033
14269
14928
14986
14446
13332
11695
9603
7144
4421
1544
-1368
-4201
-6842
-9187
-11147
-12650
-13641
-14088
-13983
-13338
-12188
-10587
-8606
-6330
-3854
-1279
1290
3756
6025
8013
9651
10886
11681
12021
11906
11357
10410
9117
7542
5756
3837
1864
-82
-1932
-3618
-5085
-6289
-7201
-7804
-8097
-8090
-7807
-7282
-6556
-5676
-4694
-3659
-2621
-1623
-704
106
788
1330
1730
1994
2138
2184
2157
2088
2005
1937
1909
1941
2048
2235
2500
2833
3217
3627
4033
4402
4698
4884
4929
4802
4483
3957
3219
2274
1140
-156
-1580
-3083
-4615
-6117
-7529
-8791
-9844
-10636
-11122
-11268
-11049
-10455
-9492
-8177
-6542
-4633
-2508
-233
2117
4464
6728
8830
10695
12255
13455
14250
14607
14513
13966
12983
11595
9846
7796
5511
3066
542
-1978
-4416
-6694
-8741
-10496
-11909
-12944
-13575
-13793
-13603
-13022
-12080
-10818
-9286
-7542
-5646
-3663
-1656
311
2184
3911
5447
6760
7822
8618
9143
9398
9396
9155
8701
8061
7270
6362
5371
4331
3275
2231
1224
274
-600
-1390
-2086
-2686
-3189
-3598
-3918
-4156
-4319
-4415
-4450
-4433
-4368
-4261
-4114
-3930
-3711
-3458
-3169
-2848
-2493
-2106
-1689
-1246
-780
-298
194
690
1180
1657
2110
2531
2913
3247
3527
3749
3908
4004
4034
4000
3905
3751
3543
3285
2982
2639
2262
1854
1421
966
493
4
-495
-1004
-1517
-2031
-2539
-3035
-3511
-3959
-4368
-4727
-5024
-5245
-5379
-5412
-5335
-5138
-4815
-4362
-3780
-3073
-2251
-1326
-318
751
1855
2964
4046
5067
5994
6795
7437
7896
8149
8180
7979
7545
6882
6006
4937
3704
2343
894
-597
-2085
-3521
-4857
-6049
-7056
-7843
-8385
-8661
-8663
-8389
-7851
-7068
-6067
-4884
-3563
-2149
-695
748
2130
3402
4520
5447
6153
6617
6826
6779
6484
5958
5227
4325
3292
2172
1011
-141
-1241
-2244
-3110
-3809
-4315
-4612
-4691
-4555
-4214
-3687
-2999
-2184
-1279
-324
638
1566
2420
3164
3765
4200
4450
4505
4363
4030
3519
2851
2053
1156
196
-789
-1763
-2687
-3526
-4250
-4832
-5250
-5489
-5543
-5409
-5094
-4609
-3972
-3207
-2338
-1398
-416
574
1542
2458
3294
4026
4633
5102
5421
5585
5593
5449
5163
4746
4215
3587
2882
2123
1332
529
-262
-1025
-1739
-2390
-2964
-3450
-3840
-4128
-4312
-4391
-4368
-4248
-4037
-3743
-3377
-2950
-2473
-1960
-1424
-879
-337
187
683
1140
1548
1898
2184
2402
2548
2624
2631
2572
2454
2285
2074
1832
1571
1302
1038
790
567
379
233
132
80
74
111
184
285
403
524
635
721
769
765
698
559
342
47
-325
-769
-1273
-1822
-2399
-2980
-3542
-4060
-4506
-4855
-5084
-5171
-5098
-4855
-4434
-3836
-3068
-2144
-1084
82
1326
2607
3885
5116
6259
7268
8106
8737
9131
9265
9126
8707
8013
7059
5865
4466
2899
1212
-544
-2316
-4048
-5683
-7170
-8460
-9509
-10285
-10761
0
0
0
0
0
0
0
0
0
0
0
0
0
0
0
0
0
0
0
0
0
0
0
0
0
0
0
0
0
0
0
0
0
0
0
0
0
0
0
0
0
0
0
0
0
0
0
0
0
0
0
0
0
0
0
0
0
0
0
0
0
0
0
0
0
0
0
