0
4278
8485
12550
16402
19973
23203
26035
28419
30314
31684
32507
32766
32456
31581
30156
28203
25758
22860
19561
15917
11991
7852
3573
-771
-5106
-9352
-13436
-17284
-20829
-24006
-26759
-29038
-30801
-32015
-32660
-32720
-32196
-31094
-29434
-27244
-24563
-21439
-17925
-14087
-9991
-5712
-1327
3083
7441
11667
15683
19415
22796
25762
28259
30239
31667
32514
32764
32412
31462
29931
27847
25247
22178
18696
14865
10755
6443
2009
-2465
-6896
-11201
-15299
-19113
-22570
-25606
-28162
-30190
-31650
-32514
-32764
-32394
-31411
-29832
-27686
-25012
-21861
-18292
-14372
-10175
-5781
-1274
3259
7733
12062
16161
19951
23359
26318
28771
30668
31973
32659
32711
32127
30919
29107
26727
23823
20452
16679
12577
8226
3711
-879
-5455
-9926
-14204
-18204
-21846
-25058
-27775
-29942
-31516
-32464
-32766
-32415
-31417
-29790
-27567
-24790
-21514
-17805
-13736
-9388
-4849
-209
4437
8997
13377
17489
21248
24578
27411
29687
31359
32393
32765
32468
31507
29899
27676
24884
21579
17828
13707
9301
4700
0
-4703
-9311
-13729
-17864
-21629
-24947
-27746
-29968
-31566
-32503
-32761
-32332
-31225
-29460
-27076
-24119
-20653
-16748
-12488
-7961
-3263
1506
6246
10856
15238
19298
22949
26112
28719
30713
32051
32702
32651
31900
30461
28366
25658
22395
18646
14492
10022
5332
524
-4298
-9029
-13567
-17811
-21669
-25055
-27896
-30127
-31699
-32577
-32739
-32182
-30916
-28967
-26379
-23206
-19519
-15397
-10932
-6222
-1372
3511
8320
12945
17284
21240
24723
27655
29968
31611
32545
32748
32214
30954
28995
26381
23169
19431
15252
10724
5950
1038
-3899
-8751
-13405
-17757
-21705
-25159
-28038
-30277
-31822
-32637
-32702
-32014
-30588
-28456
-25665
-22280
-18377
-14047
-9388
-4509
477
5455
10308
14924
19194
23018
26305
28979
30974
32243
32756
32498
31476
29711
27244
24133
20449
16280
11722
6884
1880
-3170
-8148
-12935
-17416
-21484
-25041
-28000
-30291
-31856
-32659
-32677
-31909
-30373
-28105
-25157
-21600
-17520
-13013
-8189
-3163
1941
7001
11893
16499
20705
24407
27516
29953
31659
32589
32721
32049
30590
28377
25463
21921
17836
13307
8448
3377
-1780
-6896
-11843
-16499
-20746
-24479
-27603
-30040
-31727
-32621
-32699
-31957
-30413
-28105
-25088
-21439
-17247
-12618
-7668
-2522
2689
7836
12787
17416
21605
25247
28248
30530
32035
32723
32574
31592
29801
27244
23987
20112
15718
10917
5832
595
-4660
-9798
-14685
-19194
-23208
-26622
-29345
-31307
-32455
-32757
-32206
-30813
-28614
-25665
-22043
-17841
-13169
-8148
-2911
2405
7661
12717
17440
21705
25397
28419
30689
32146
32750
32483
31352
29385
26633
23169
19084
14487
9500
4255
-1105
-6439
-11603
-16457
-20870
-24723
-27911
-30346
-31961
-32712
-32578
-31559
-29684
-27001
-23582
-19519
-14922
-9916
-4636
771
6162
11386
16301
20770
24671
27896
30354
31977
32719
32558
31498
29565
26813
23317
19172
14492
9407
4058
-1405
-6833
-12073
-16978
-21411
-25247
-28377
-30713
-32188
-32760
-32410
-31148
-29007
-26047
-22351
-18021
-13179
-7961
-2516
3003
8440
13640
18454
22745
26389
29282
31340
32503
32737
32033
30409
27913
24613
20604
16000
10932
5547
0
-5550
-10942
-16021
-20637
-24657
-27963
-30458
-32068
-32745
-32468
-31244
-29107
-26118
-22364
-17952
-13013
-7689
-2137
3479
8997
14252
19090
23367
26955
29748
31662
32640
32650
31691
29790
27003
23411
19119
14256
8965
3403
-2262
-7862
-13230
-18204
-22633
-26385
-29345
-31423
-32556
-32707
-31871
-30072
-27362
-23823
-19561
-14703
-9397
-3803
1908
7565
12994
18030
22517
26318
29316
31419
32559
32702
31841
30001
27238
23635
19302
14372
8996
3339
-2422
-8112
-13553
-18577
-23026
-26761
-29667
-31650
-32648
-32629
-31591
-29565
-26615
-22829
-18327
-13249
-7752
-2009
3799
9491
14886
19815
24120
27666
30338
32052
32751
32412
31044
28690
25423
21345
16586
11295
5642
-193
-6025
-11667
-16938
-21669
-25706
-28920
-31206
-32489
-32726
-31909
-30063
-27244
-23544
-19081
-13998
-8460
-2644
3259
9060
14569
19606
24006
27626
30346
32075
32756
32366
30916
28451
25051
20827
15917
10480
4696
-1244
-7147
-12817
-18065
-22719
-26622
-29644
-31684
-32674
-32578
-31398
-29173
-25975
-21909
-17110
-11737
-5969
0
5972
11747
17130
21941
26016
29217
31436
32596
32657
31615
29504
26395
22390
17625
12260
6476
470
-5554
-11392
-16845
-21726
-25867
-29127
-31393
-32585
-32662
-31619
-29491
-26349
-22301
-17483
-12062
-6222
-166
5898
11762
17222
22088
26191
29387
31566
32648
32597
31411
29131
25835
21636
16679
11138
5205
-912
-7001
-12847
-18244
-23003
-26955
-29960
-31912
-32739
-32412
-30940
-28374
-24803
-20353
-15179
-9465
-3413
2763
8843
14612
19863
24407
28083
30758
32334
32755
32003
30103
27124
23169
18381
12929
7010
836
-5370
-11386
-16993
-21989
-26191
-29446
-31636
-32680
-32538
-31214
-28754
-25247
-20819
-15630
-9868
-3744
2518
8692
14551
19879
24480
28184
30855
32393
32739
31880
29845
26709
22585
17625
12011
5950
-333
-6607
-12639
-18204
-23094
-27128
-30152
-32055
-32763
-32248
-30528
-27666
-23767
-18976
-13473
-7461
-1167
5173
11322
17047
22132
26385
29644
31785
32724
32427
30901
28203
24435
19738
14288
8294
1981
-4409
-10635
-16457
-21654
-26025
-29402
-31656
-32697
-32485
-31027
-28377
-24634
-19943
-14481
-8460
-2109
4324
10594
16457
21686
26077
29459
31699
32710
32451
30929
28203
24378
19601
14056
7961
1552
-4919
-11201
-17047
-22227
-26537
-29806
-31906
-32751
-32307
-30590
-27666
-23648
-18696
-13002
-6791
-309
6187
12441
18204
23246
27366
30398
32222
32762
31995
29951
26709
22398
17189
11289
4935
-1619
-8112
-14281
-19879
-24678
-28486
-31147
-32552
-32643
-31416
-28917
-25247
-20553
-15023
-8882
-2378
4225
10659
16662
21989
26421
29777
31918
32756
32254
30432
27362
23169
18024
12137
5748
-879
-7473
-13762
-19485
-24407
-28323
-31070
-32533
-32650
-31414
-28875
-25136
-20353
-14721
-8475
-1874
4807
11292
17307
22602
26955
30182
32146
32765
32010
29911
26556
22083
16679
10571
4016
-2711
-9326
-15551
-21121
-25799
-29387
-31732
-32732
-32344
-30582
-27520
-23286
-18060
-12062
-5547
1206
7911
14280
20041
24947
28786
31393
32653
32513
30975
28105
24024
18906
12972
6476
-301
-7069
-13534
-19415
-24458
-28443
-31196
-32596
-32580
-31148
-28360
-24336
-19250
-13322
-6811
0
6813
13332
19269
24364
28393
31178
32594
32578
31129
28309
24241
19103
13120
6555
-301
-7147
-13680
-19609
-24671
-28641
-31340
-32648
-32505
-30916
-27948
-23735
-18460
-12360
-5706
1206
8067
14569
20421
25359
29162
31656
32728
32328
30473
27244
22786
17298
11027
4255
-2711
-9557
-15974
-21669
-26383
-29901
-32062
-32766
-31979
-29736
-26137
-21345
-15577
-9095
-2195
4807
11593
17850
23291
27666
30771
32464
32665
31362
28614
24546
19345
13249
6538
-477
-7473
-14125
-20126
-25196
-29098
-31650
-32732
-32292
-30349
-26991
-22374
-16712
-10266
-3339
3746
10659
17076
22694
27251
30530
32377
32702
31489
28793
24740
19519
13375
6597
-494
-7565
-14281
-20323
-25404
-29282
-31772
-32753
-32178
-30072
-26533
-21729
-15887
-9285
-2238
4919
11843
18204
23695
28052
31066
32589
32548
30942
27847
23411
17845
11416
4435
-2763
-9830
-16425
-22227
-26955
-30378
-32330
-32713
-31507
-28769
-24631
-19293
-13013
-6096
1120
8285
15047
21076
26077
29802
32068
32763
31850
29372
25451
20276
14101
7230
0
-7232
-14111
-20295
-25478
-29402
-31872
-32764
-32033
-29711
-25913
-20827
-14703
-7845
-595
6688
13640
19914
25196
29220
31785
32759
32093
29819
26047
20967
14832
7950
664
-6656
-13645
-19948
-25247
-29273
-31822
-32763
-32046
-29706
-25861
-20703
-14492
-7543
-209
7138
14125
20396
25629
29557
31977
32766
31880
29363
25342
20022
13674
6622
-771
-8129
-15071
-21240
-26318
-30042
-32219
-32734
-31559
-28754
-24461
-18901
-12360
-5177
2276
9615
16457
22447
27271
30678
32489
32608
31026
27825
23169
17302
10527
3199
-4298
-11573
-18244
-23960
-28419
-31387
-32705
-32302
-30198
-26501
-21406
-15179
-8148
-684
6817
13962
20369
25700
29668
32064
32757
31710
28975
24698
19103
12488
5205
-2358
-9798
-16717
-22745
-27557
-30894
-32577
-32513
-30703
-27244
-22319
-16192
-9191
-1693
5898
13175
19743
25247
29388
31941
32765
31816
29141
24884
19276
12618
5272
-2362
-9871
-16845
-22903
-27714
-31014
-32621
-32445
-30495
-26875
-21781
-15492
-8351
-749
6896
14165
20658
26016
29942
32220
32721
31417
28377
23767
17841
10926
3403
-4310
-11787
-18613
-24407
-28847
-31684
-32759
-32010
-29476
-25298
-19707
-13013
-5590
2148
9769
16845
22980
27828
31116
32659
32366
30254
26438
21133
14635
7310
-430
-8148
-15409
-21801
-26962
-30598
-32502
-32563
-30778
-27244
-22162
-15818
-8572
-836
6950
14343
20920
26305
30190
32350
32661
31103
27762
22829
16586
9388
1649
-6187
-13670
-20369
-25898
-29936
-32249
-32702
-31267
-28024
-23161
-16955
-9766
-2009
5867
13405
20168
25762
29860
32222
32709
31291
28049
23169
16936
9711
1916
-5992
-13553
-20323
-25904
-29968
-32275
-32687
-31179
-27837
-22855
-16527
-9222
-1372
6562
14111
20829
26318
30252
32397
32623
30916
27374
22206
15718
8294
373
-7571
-15067
-21669
-26980
-30683
-32556
-32483
-30469
-26631
-21197
-14492
-6916
1077
9009
16402
22811
27851
31216
32702
32218
29790
25564
19793
12824
5078
-2978
-10856
-18080
-24210
-28873
-31785
-32766
-31757
-28816
-24119
-17952
-10689
-2772
5316
13083
20053
25799
29968
32304
32662
31017
27469
22233
15630
8064
0
-8067
-15639
-22251
-27492
-31038
-32669
-32282
-29899
-25665
-19840
-12785
-4935
3223
11185
18454
24578
29176
31960
32754
31507
28295
23317
16881
9388
1306
-6859
-14599
-21426
-26913
-30713
-32587
-32415
-30206
-26096
-20343
-13307
-5431
2789
10837
18204
24423
29100
31937
32755
31498
28244
23199
16679
9099
938
-7285
-15047
-21854
-27271
-30951
-32659
-32282
-29844
-25497
-19519
-12290
-4271
4023
12062
19330
25359
29762
32252
32670
30984
27303
21861
15008
7184
-1105
-9326
-16947
-23474
-28484
-31650
-32766
-31757
-28687
-23753
-17274
-9670
-1435
6896
14781
21705
27215
30951
32666
32248
29720
25247
19119
11737
3583
-4807
-12886
-20121
-26035
-30239
-32455
-32534
-30469
-26395
-20578
-13400
-5336
3083
11302
18775
25007
29584
32200
32681
30992
27244
21684
14679
6695
-1736
-10055
-17706
-24178
-29038
-31959
-32744
-31340
-27837
-22468
-15592
-7668
771
9163
16942
23583
28641
31772
32764
31548
28203
22955
16155
8261
-193
-8637
-16499
-23246
-28419
-31667
-32766
-31641
-28366
-23161
-16378
-8479
0
8482
16388
23178
28387
31659
32766
31633
28334
23092
16267
8323
-193
-8699
-16610
-23382
-28547
-31748
-32764
-31521
-28105
-22748
-15818
-7793
771
9287
17161
23850
28887
31923
32744
31292
27666
22114
15023
6884
-1736
-10238
-18030
-24565
-29387
-32158
-32681
-30919
-26991
-21173
-13868
-5590
3083
11543
19194
25499
30012
32414
32534
30361
26047
19895
12336
3903
-4807
-13181
-20625
-26610
-30711
-32637
-32248
-29569
-24790
-18247
-10405
-1820
6896
15124
22277
27843
31423
32760
31757
28483
23169
16196
8060
-655
-9326
-17331
-24094
-29127
-32068
-32703
-30984
-27033
-21133
-13707
-5289
3511
12062
19743
25999
30374
32552
32371
29844
25150
18630
10754
2094
-6719
-15047
-22282
-27896
-31478
-32765
-31661
-28244
-22763
-15616
-7324
1506
10228
18204
24847
29668
32313
32585
30461
26096
19809
12062
3423
-5469
-13962
-21426
-27310
-31178
-32740
-31881
-28661
-23317
-16242
-7961
912
9721
17811
24578
29519
32265
32608
30520
26157
19840
12041
3339
-5613
-14150
-21629
-27492
-31296
-32755
-31758
-28377
-22863
-15630
-7219
1736
10564
18599
25234
29968
32443
32468
30041
25342
18725
10689
1842
-7147
-15598
-22868
-28404
-31785
-32751
-31227
-27327
-21345
-13736
-5078
3969
12717
20496
26712
30887
32702
32014
28875
23522
16364
7950
-1077
-10024
-18204
-24986
-29848
-32414
-32483
-30050
-25298
-18593
-10451
-1499
7571
16058
23305
28750
31969
32711
30916
26720
20449
12587
3744
-5391
-14111
-21734
-27666
-31442
-32766
-31533
-27837
-21964
-14372
-5653
3510
12401
20323
26654
30894
32710
31957
28692
23169
15822
7226
-1941
-10958
-19113
-25762
-30378
-32596
-32237
-29328
-24096
-16955
-8469
691
9799
18132
25028
29936
32465
32412
29778
24772
17791
9388
234
-8940
-17404
-24479
-29598
-32350
-32513
-30072
-25219
-18342
-9991
-836
8388
16942
24135
29387
32275
32563
30226
25451
18620
10283
1113
-8148
-16754
-24006
-29316
-32252
-32574
-30254
-25477
-18630
-10266
-1066
8222
16845
24098
29390
32286
32549
30156
25298
18372
9941
695
-8610
-17213
-24407
-29603
-32371
-32482
-29925
-24908
-17841
-9305
0
9307
17850
24924
29942
32491
32356
29546
24293
17028
8351
-1019
-10308
-18745
-25629
-30386
-32621
-32145
-28995
-23432
-15917
-7073
2362
11603
19879
26497
30903
32728
31816
28241
22301
14491
5464
-4023
-13175
-21224
-27492
-31451
-32766
-31324
-27244
-20868
-12732
-3519
5992
15001
22745
28568
31977
32682
30619
25962
19103
10622
1238
-8253
-17047
-24394
-29668
-32420
-32412
-29643
-24347
-16973
-8148
1373
10781
19269
26112
30723
32705
31886
28334
22351
14449
5304
-4298
-13534
-21608
-27826
-31650
-32749
-31026
-26627
-19930
-11510
-2094
7504
16457
23989
29446
32355
32460
29752
24461
17046
8148
-1459
-10942
-19477
-26318
-30870
-32732
-31742
-27983
-21780
-13674
-4371
5316
14541
22496
28484
31977
32669
30495
25645
18541
9807
209
-9410
-18204
-25397
-30356
-32640
-32046
-28625
-22675
-14721
-5464
4278
13645
21806
28038
31787
32719
30748
26047
19032
10324
695
-8997
-17892
-25196
-30256
-32621
-32077
-28669
-22701
-14703
-5389
4409
13816
21989
28193
31872
32694
30582
25725
18555
9715
0
-9718
-18563
-25739
-30598
-32699
-31850
-28126
-21861
-13619
-4144
5708
15047
23026
28920
32194
32549
29951
24631
17073
7961
-1876
-11547
-20168
-26955
-31287
-32766
-31257
-26894
-20073
-11416
-1713
8148
17267
24807
30076
32589
32113
28690
22632
14492
5018
-4919
-14407
-22570
-28657
-32104
-32591
-30072
-24775
-17189
-8012
1907
11653
20323
27113
31393
32763
31094
26539
19519
10683
852
-9060
-18132
-25519
-30530
-32697
-31816
-27965
-21503
-13031
-3339
6667
16052
23938
29584
32459
32292
29097
23169
15065
5543
-4501
-14125
-22423
-28612
-32108
-32578
-29977
-24546
-16798
-7461
2582
12385
21019
27666
31694
32721
30647
25665
18247
9095
-923
-10856
-19760
-26786
-31264
-32766
-31146
-26556
-19431
-10451
-470
9557
18675
26008
30855
32749
31507
27244
20368
11537
1595
-8501
-17784
-25359
-30497
-32702
-31758
-27754
-21074
-12360
-2451
7696
17103
24860
30215
32648
31922
28105
21563
12929
3039
-7147
-16643
-24525
-30025
-32607
-32016
-28309
-21844
-13249
-3359
6859
16412
24364
29939
32588
32050
28377
21924
13322
3413
-6833
-16412
-24382
-29960
-32596
-32028
-28309
-21804
-13150
-3199
7069
16643
24578
30089
32630
31946
28105
21482
12732
2719
-7565
-17103
-24947
-30318
-32680
-31797
-27754
-20951
-12062
-1970
8320
17784
25478
30633
32732
31565
27244
20200
11134
952
-9326
-18675
-26154
-31014
-32765
-31228
-26556
-19215
-9941
333
10578
19760
26955
31436
32749
30759
25665
17979
8475
-1887
-12062
-21019
-27851
-31864
-32650
-30126
-24546
-16475
-6728
3703
13762
22423
28806
32258
32427
29291
23169
14683
4696
-5772
-15653
-23938
-29777
-32571
-32033
-28214
-21503
-12587
-2378
8077
17706
25519
30711
32748
31416
26850
19519
10175
-219
-10594
-19879
-27113
-31549
-32726
-30520
-25157
-17189
-7439
3083
13289
22119
28657
32222
32441
29289
23092
14492
4381
-6187
-16114
-24364
-30076
-32652
-31820
-27666
-20619
-11416
-1017
9491
19008
26537
31287
32757
30792
25595
17709
7961
-2625
-12939
-21894
-28547
-32194
-32451
-29286
-23032
-14346
-4144
6498
16457
24678
30291
32699
31644
27238
19943
10531
0
-10533
-19951
-27251
-31656
-32694
-30254
-24592
-16309
-6286
4409
14637
23305
29487
32519
32077
28203
21312
12137
1660
-8997
-18692
-26385
-31248
-32757
-30748
-25434
-17383
-7461
3266
13645
22556
29038
32390
32248
28625
21909
12824
2351
-8378
-18204
-26061
-31098
-32765
-30880
-25645
-17625
-7689
3083
13524
22496
29023
32393
32235
28565
21780
12618
2077
-8692
-18516
-26318
-31245
-32755
-30681
-25247
-17046
-6975
3863
14280
23132
29446
32527
32033
28015
20915
11510
836
-9932
-19609
-27125
-31650
-32682
-30103
-24198
-15616
-5304
5596
15880
24407
30232
32705
31550
26894
19250
9465
-1373
-12062
-21411
-28379
-32188
-32412
-29022
-22395
-13267
-2656
8253
18244
26197
31222
32754
30619
25054
16679
6433
-4537
-15001
-23783
-29895
-32648
-31731
-27244
-19690
-9916
976
11762
21224
28293
32170
32415
28997
22301
13080
2378
-8595
-18599
-26497
-31393
-32729
-30352
-24528
-15917
-5494
5554
15974
24578
30386
32734
31352
26395
18425
8351
-2679
-13405
-22602
-29217
-32491
-32046
-27932
-20616
-10936
0
10939
20625
27944
32055
32482
29173
22507
13249
2462
-8610
-18692
-26622
-31481
-32707
-30156
-24119
-15293
-4696
6446
16845
25296
30817
32766
30916
25477
17079
6695
-4468
-15115
-24006
-30106
-32702
-31489
-26606
-18620
-8460
2689
13528
22788
29387
32552
31909
27532
19930
9991
-1120
-12103
-21669
-28693
-32350
-32208
-28280
-21025
-11295
-234
10856
20671
28052
32127
32412
28871
21921
12379
1372
-9799
-19815
-27487
-31906
-32545
-29328
-22632
-13249
-2291
8940
19113
27016
31708
32629
29666
23169
13911
2992
-8285
-18577
-26654
-31549
-32677
-29899
-23544
-14372
-3477
7836
18214
26411
31442
32702
30037
23764
14635
3744
-7598
-18030
-26293
-31393
-32711
-30086
-23833
-14703
-3796
7571
18026
26305
31405
32707
30050
23753
14577
3632
-7754
-18204
-26446
-31479
-32688
-29925
-23522
-14256
-3253
8148
18560
26712
31608
32650
29706
23135
13736
2656
-8751
-19090
-27095
-31785
-32581
-29385
-22585
-13013
-1842
9557
19786
27585
31994
32468
28947
21861
12081
809
-10564
-20637
-28166
-32219
-32293
-28377
-20951
-10932
440
11762
21629
28819
32437
32033
27653
19840
9561
-1907
-13142
-22745
-29519
-32621
-31661
-26755
-18514
-7961
3586
14689
23960
30239
32740
31148
25658
16955
6128
-5469
-16384
-25247
-30944
-32759
-30461
-24336
-15151
-4058
7546
18204
26572
31595
32638
29565
22763
13087
1756
-9798
-20118
-27896
-32148
-32332
-28424
-20915
-10754
771
12203
22088
29171
32552
31797
27001
18769
8148
-3511
-14727
-24069
-30346
-32754
-30984
-25260
-16309
-5272
6439
17331
26008
31359
32696
29845
23169
13521
2137
-9523
-19964
-27843
-32146
-32318
-28334
-20703
-10405
1234
12717
22564
29503
32637
31559
26407
17841
6968
-4807
-15965
-25058
-30909
-32757
-30361
-24028
-14577
-3233
8533
19194
27364
31977
32433
28669
21173
10917
-762
-12345
-22321
-29387
-32619
-31592
-26438
-17828
-6884
4961
16161
25247
31028
32744
30168
23635
13998
2522
-9287
-19879
-27860
-32179
-32265
-28105
-20242
-9711
2101
13640
23382
30040
32733
31103
25362
16267
5018
-6896
-17901
-26537
-31659
-32585
-29190
-21921
-11741
0
11743
21929
29201
32589
31641
26480
17791
6728
-5233
-16499
-25566
-31222
-32709
-29826
-22955
-13013
-1327
10537
20994
28641
32450
31909
27088
18630
7668
-4324
-15739
-25041
-30976
-32744
-30105
-23411
-13561
-1880
10055
20637
28436
32397
31982
27244
18822
7852
-4182
-15653
-25007
-30974
-32743
-30072
-23319
-13400
-1660
10308
20879
28612
32455
31881
26966
18377
7282
-4807
-16245
-25468
-31216
-32702
-29720
-22675
-12528
-664
11292
21705
29147
32596
31576
26225
17274
5950
-6193
-17489
-26383
-31650
-32564
-28995
-21433
-10917
1105
12978
23064
29968
32737
30984
24950
15465
3839
-8320
-19330
-27666
-32170
-32217
-27796
-19519
-8531
3643
15314
24860
30951
32739
29972
23032
12884
938
-11141
-21669
-29176
-32613
-31498
-25982
-16835
-5332
6918
18204
26944
31912
32410
28366
20343
9465
-2743
-14569
-24351
-30713
-32759
-30198
-23387
-13283
-1306
10856
21492
29100
32604
31507
25962
16748
5166
-7147
-18454
-27152
-32008
-32332
-28076
-19840
-8789
3510
15314
24947
31038
32720
29752
22551
12140
0
-12143
-22559
-29762
-32723
-31017
-24884
-15198
-3339
8998
20053
28242
32393
31908
26854
17952
6476
-5930
-17489
-26541
-31785
-32465
-28481
-20402
-9388
2978
14918
24714
30951
32730
29790
22554
12062
-172
-12385
-22811
-29942
-32746
-30813
-24421
-14492
-2462
9926
20879
28806
32556
31581
26021
16679
4912
-7571
-18956
-27585
-32200
-32127
-27374
-18630
-7167
5342
17076
26318
31719
32485
28504
20353
9222
-3259
-15267
-25041
-31147
-32687
-29434
-21861
-11077
1334
13553
23783
30517
32764
30189
23169
12736
423
-11953
-22570
-29860
-32743
-30792
-24293
-14202
-2009
10483
21426
29201
32652
31267
25247
15482
3419
-9153
-20369
-28563
-32514
-31633
-26047
-16586
-4654
7973
19415
27967
32350
31910
26709
17520
5712
-6950
-18577
-27428
-32179
-32116
-27244
-18292
-6597
6088
17864
26962
32015
32263
27666
18910
7310
-5391
-17284
-26579
-31872
-32366
-27983
-19380
-7852
4862
16845
26287
31760
32433
28203
19707
8226
-4501
-16550
-26094
-31684
-32472
-28334
-19895
-8434
4310
16402
26003
31651
32486
28377
19946
8475
-4288
-16402
-26016
-31662
-32478
-28334
-19861
-8351
4437
16550
26133
31717
32445
28203
19638
8060
-4756
-16845
-26351
-31812
-32386
-27983
-19276
-7602
5243
17284
26666
31941
32293
27666
18769
6975
-5898
-17864
-27071
-32095
-32157
-27244
-18113
-6176
6719
18577
27557
32265
31968
26709
17302
5205
-7702
-19415
-28111
-32434
-31710
-26047
-16326
-4058
8843
20369
28719
32588
31368
25247
15179
2736
-10137
-21426
-29364
-32705
-30922
-24293
-13853
-1238
11573
22570
30025
32764
30353
23169
12339
-434
-13142
-23783
-30678
-32739
-29638
-21861
-10632
2276
14829
25041
31296
32604
28754
20353
8727
-4282
-16616
-26318
-31849
-32328
-27676
-18630
-6622
6439
18480
27585
32302
31880
26381
16679
4318
-8734
-20396
-28806
-32620
-31227
-24845
-14492
-1820
11144
22329
29942
32763
30335
23047
12062
-859
-13645
-24243
-30951
-32688
-29173
-20967
-9388
3703
16202
26094
31785
32354
27709
18593
6476
-6688
-18775
-27832
-32393
-31718
-25913
-15915
-3339
9779
21317
29402
32723
30737
23764
12933
0
-12935
-23772
-30745
-32720
-29372
-21243
-9654
3510
16105
26077
31798
32332
27590
18342
6096
-7147
-19226
-28162
-32493
-31507
-25362
-15061
-2291
10856
22227
29953
32765
30198
22670
11416
-1716
-14569
-25028
-31370
-32548
-28366
-19509
-7435
5867
18204
27539
32330
31782
25982
15887
3163
-10086
-21669
-29667
-32753
-30413
-23032
-11831
1334
14281
24860
31312
32563
28403
19519
7387
-5976
-18347
-27666
-32377
-31693
-25725
-15465
-2622
10659
22164
29968
32766
30086
22374
10917
-2369
-15261
-25599
-31650
-32396
-27709
-18372
-5950
7473
19643
28516
32596
31195
24546
13765
664
-12550
-23653
-30771
-32702
-29116
-20616
-8634
4807
17440
27128
32230
31881
26137
15968
3092
-10308
-21966
-29901
-32766
-30072
-22272
-10689
2711
15653
25937
31812
32275
27244
17574
4908
-8595
-20637
-29162
-32712
-30681
-23411
-12140
1206
14349
25041
31451
32480
27948
18630
6117
-7445
-19735
-28641
-32634
-31026
-24089
-13013
301
13567
24501
31222
32570
28309
19172
6728
-6876
-19298
-28393
-32589
-31159
-24347
-13326
0
13328
24354
31166
32585
28360
19220
6748
-6896
-19347
-28443
-32604
-31103
-24198
-13087
301
13640
24608
31294
32533
28105
18778
6176
-7504
-19879
-28786
-32669
-30847
-23635
-12290
1206
14493
25247
31583
32389
27520
17828
5008
-8692
-20870
-29387
-32745
-30352
-22624
-10917
2711
15865
26229
31977
32094
26556
16335
3233
-10442
-22277
-30182
-32757
-29546
-21112
-8944
4807
17712
27483
32390
31559
25136
14256
845
-12717
-24026
-31070
-32598
-28334
-19032
-6345
7473
19964
28903
32697
30666
23169
11540
-2148
-15456
-26008
-31918
-32127
-26596
-16309
-3103
10659
22517
30346
32741
29270
20553
8148
-5719
-18563
-28078
-32552
-31179
-24202
-12874
771
14281
25223
31625
32332
27214
17189
4062
-9798
-21894
-30040
-32762
-29565
-21025
-8682
5233
18204
27882
32514
31257
24336
13002
-691
-14262
-25247
-31650
-32307
-27094
-16955
-3732
10171
22227
30239
32747
29289
20494
7961
-6025
-18915
-28356
-32621
-30929
-23586
-11931
1907
15400
26077
31982
32033
26215
15592
2109
-11762
-23479
-30889
-32629
-28377
-18910
-5966
8077
20637
29402
32756
30080
21861
9613
-4409
-17621
-27585
-32459
-31342
-24435
-13013
816
14497
25499
31785
32188
26631
16140
2656
-11322
-23203
-30782
-32650
-28456
-18976
-5969
8148
20755
29503
32763
29925
21514
9095
-5021
-18204
-27995
-32564
-31058
-23753
-12011
1977
15598
26305
32095
31880
25698
14703
952
-12978
-24480
-31393
-32418
-27360
-17165
-3744
10381
22559
30497
32702
28754
19394
6380
-7836
-20580
-29446
-32762
-29899
-21393
-8847
5370
18577
28275
32630
30814
23169
11138
-3003
-16579
-27016
-32334
-31523
-24733
-13249
751
14612
25700
31906
32048
26096
15179
1372
-12698
-24354
-31371
-32412
-27273
-16932
-3359
10856
23003
30758
32638
28280
18514
5205
-9101
-21669
-30089
-32747
-29131
-19930
-6905
7445
20371
29387
32762
29844
21189
8460
-5898
-19125
-28673
-32702
-30433
-22301
-9868
4468
17946
27963
32585
30916
23274
11134
-3159
-16845
-27275
-32428
-31305
-24119
-12260
1977
15833
26622
32247
31615
24845
13249
-923
-14918
-26016
-32055
-31858
-25461
-14105
0
14107
25468
31864
32046
25975
14832
792
-13405
-24986
-31684
-32188
-26395
-15435
-1452
12817
24578
31525
32292
26727
15917
1981
-12345
-24250
-31393
-32366
-26976
-16280
-2378
11993
24006
31293
32415
27148
16527
2644
-11762
-23850
-31230
-32442
-27244
-16660
-2779
11653
23783
31206
32451
27267
16679
2783
-11667
-23806
-31222
-32441
-27217
-16586
-2656
11803
23919
31277
32412
27094
16378
2398
-12062
-24120
-31370
-32361
-26894
-16056
-2009
12441
24407
31496
32285
26615
15616
1488
-12939
-24777
-31650
-32178
-26251
-15055
-836
13553
25223
31826
32033
25797
14372
52
-14280
-25739
-32015
-31841
-25247
-13561
863
15115
26318
32208
31592
24592
12618
-1908
-16052
-26950
-32393
-31276
-23823
-11540
3083
17085
27622
32556
30880
22932
10324
-4384
-18204
-28323
-32682
-30389
-21909
-8965
5807
19399
29038
32755
29790
20744
7461
-7347
-20658
-29748
-32757
-29067
-19428
-5811
8997
21966
30436
32669
28203
17952
4016
-10746
-23305
-31079
-32468
-27184
-16309
-2077
12583
24657
31656
32135
25992
14491
0
-14493
-25999
-32139
-31644
-24613
-12494
2208
16457
27304
32503
30975
23032
10317
-4537
-18454
-28547
-32719
-30103
-21238
-7961
6971
20458
29694
32757
29007
19220
5431
-9491
-22439
-30713
-32587
-27666
-16973
-2736
12073
24364
31568
32177
26060
14492
-108
-14689
-26197
-32222
-31498
-24174
-11781
3083
17304
27896
32634
30520
21996
8847
-6162
-19879
-29416
-32766
-29219
-19519
-5706
9311
22368
30711
32578
27570
16743
2378
-12491
-24723
-31732
-32033
-25558
-13674
1105
15653
26888
32428
31095
23169
10328
-4707
-18745
-28806
-32750
-29736
-20402
-6728
8378
21705
30414
32650
27932
17262
2911
-12062
-24465
-31651
-32083
-25665
-13765
1077
15692
26955
32455
31012
22932
9941
-5180
-19194
-29098
-32765
-29406
-19738
-5832
9326
22486
30817
32526
27244
16102
1495
-13436
-25478
-32035
-31693
-24521
-12062
2999
17416
28078
32680
30226
21243
7668
-7565
-21167
-30192
-32685
-28105
-17438
-2992
12103
24578
31727
31995
25321
13150
-1876
-16499
-27539
-32596
-30567
-21889
-8448
6833
20630
29936
32722
28377
17845
3419
-11753
-24364
-31659
-32040
-25423
-13249
1823
16499
27568
32607
30508
21729
8189
-7147
-20920
-30108
-32693
-28105
-17347
-2779
12401
24860
31856
31850
24838
12360
-2839
-17416
-28160
-32702
-30037
-20749
-6884
8501
22013
30668
32552
27244
15915
1066
-14020
-26008
-32243
-31342
-23500
-10451
4915
19194
29220
32766
29042
18871
4509
-10856
-23813
-31479
-32147
-25665
-13473
1720
16533
27666
32637
30335
21271
7461
-8015
-21705
-30552
-32578
-27327
-15968
-1038
14125
26133
32294
31228
23169
9920
-5554
-19786
-29584
-32748
-28565
-17970
-3339
12043
24723
31849
31816
24627
11897
-3511
-18132
-28673
-32755
-29458
-19519
-5177
10334
23516
31393
32182
25702
13414
-1907
-16800
-27896
-32682
-30072
-20653
-6555
9029
22570
30997
32395
26445
14492
-751
-15827
-27310
-32589
-30461
-21406
-7481
8148
21926
30713
32507
26894
15151
-48
-15238
-26955
-32522
-30664
-21804
-7961
7702
21608
30575
32549
27076
15403
202
-15047
-26852
-32503
-30703
-21861
-8002
7696
21629
30598
32538
27001
15255
0
-15257
-27007
-32541
-30582
-21579
-7602
8129
21989
30779
32468
26664
14703
-655
-15865
-27411
-32621
-30288
-20948
-6758
8997
22672
31098
32318
26047
13736
-1763
-16855
-28038
-32713
-29790
-19946
-5464
10289
23653
31516
32046
25116
12336
-3319
-18204
-28847
-32766
-29042
-18541
-3711
11987
24889
31977
31593
23823
10480
-5316
-19871
-29777
-32711
-27983
-16697
-1495
14059
26318
32404
30885
22114
8148
-7733
-21801
-30745
-32460
-26539
-14372
1180
16457
27860
32699
29832
19930
5325
-10537
-23916
-31650
-31910
-24631
-11530
4298
19113
29409
32747
28334
17210
2009
-13670
-26112
-32365
-30942
-22178
-8148
7817
21929
30833
32412
26285
13907
-1780
-17047
-28259
-32743
-29429
-19103
-4222
11667
24777
31977
31548
23586
9991
-5992
-20546
-30192
-32619
-27244
-15350
219
15739
27492
32660
30001
20149
5464
-10533
-24006
-31719
-31816
-24270
-10892
5106
19879
29873
32681
27625
15917
373
-15261
-27221
-32621
-30156
-20416
-5748
10308
23879
31684
31836
24293
10875
-5173
-19973
-29942
-32665
-27477
-15633
0
15636
27483
32666
29925
19920
5078
-10999
-24407
-31886
-31615
-23656
-9941
6193
20824
30386
32549
26782
14487
-1341
-16845
-28242
-32749
-29262
-18630
-3445
12583
25539
32252
31078
22301
8064
-8148
-22368
-31111
-32231
-25451
-12429
3643
18824
29387
32737
28047
16465
836
-15001
-27152
-32625
-30072
-20115
-5205
10989
24479
31937
31523
23335
9388
-6876
-21447
-30723
-32412
-26092
-13322
2743
18132
29038
32759
28371
16955
1338
-14612
-26944
-32596
-30164
-20247
-5304
10958
24501
31960
31477
23169
9099
-7236
-21774
-30894
-32323
-25702
-12676
3510
18824
29446
32724
27837
16000
166
-15711
-27666
-32707
-29572
-19041
-3744
12491
25602
32304
30916
21780
7184
-9215
-23305
-31551
-31880
-24205
-10451
5930
20824
30486
32483
26311
13518
-2679
-18204
-29147
-32749
-28098
-16364
-502
15488
27574
32702
29574
18976
3583
-12717
-25806
-32371
-30748
-21345
-6538
9926
23879
31785
31636
23467
9346
-7147
-21830
-30974
-32254
-25342
-11991
4409
19692
29968
32623
26976
14462
-1736
-17495
-28798
-32764
-28377
-16752
-852
15267
27492
32699
29554
18857
3339
-13034
-26077
-32450
-30520
-20777
-5712
10817
24578
32042
31291
22515
7961
-8637
-23021
-31496
-31881
-24075
-10079
6509
21426
30833
32307
25463
12062
-4448
-19815
-30076
-32585
-26689
-13907
2465
18204
29244
32732
27762
15616
-569
-16610
-28356
-32765
-28692
-17189
-1231
15047
27428
32699
29490
18630
2932
-13528
-26478
-32552
-30168
-19943
-4530
12062
25519
32337
30737
21133
6022
-10659
-24565
-32068
-31208
-22206
-7407
9326
23628
31760
31593
23169
8686
-8070
-22719
-31423
-31903
-24028
-9858
6896
21846
31070
32147
24790
10926
-5807
-21019
-30711
-32336
-25461
-11891
4807
20244
30356
32478
26047
12755
-3899
-19528
-30012
-32581
-26556
-13521
3083
18877
29687
32654
26991
14192
-2362
-18294
-29387
-32703
-27360
-14769
1736
17784
29119
32734
27666
15255
-1206
-17349
-28887
-32752
-27913
-15652
771
16993
28695
32761
28105
15962
-434
-16717
-28547
-32765
-28244
-16186
193
16523
28443
32766
28334
16326
-48
-16412
-28387
-32766
-28374
-16382
0
0
0
0
0
0
0
0
0
0
0
0
0
0
0
0
0
0
0
0
0
0
0
0
0
0
0
0
0
0
0
0
0
0
0
0
0
0
0
0
0
0
0
0
0
0
0
0
0
0
0
0
0
0
0
0
0
0
0
0
0
0
0
0
0
0
0
0
0
0
0
0
0
0
0
0
0
0
0
0
0
0
0
0
0
0
0
0
0
0
0
0
0
0
0
0
0
0
0
0
0
0
0
0
0
0
0
0
0
0
0
0
0
0
0
0
0
0
0
0
0
0
0
0
0
0
0
0
0
0
0
0
0
0
0
0
0
0
0
0
0
0
0
0
0
0
0
0
0
0
0
0
0
0
0
0
0
0
0
0
0
0
0
0
0
0
0
0
0
0
0
0
0
0
0
0
0
0
0
0
0
0
0
0
0
0
0
0
0
0
0
0
0
0
0
0
0
0
0
0
0
0
0
0
0
0
0
0
0
0
0
0
0
0
0
0
0
0
0
0
0
0
0
0
0
0
0
0
0
0
0
0
0
0
0
0
0
0
0
0
0
0
0
0
0
0
0
0
0
0
0
0
0
0
0
0
0
0
0
0
0
0
0
0
0
0
0
0
0
0
0
0
0
0
0
0
0
0
0
0
0
0
0
0
0
0
0
0
0
0
0
0
0
0
0
0
0
0
0
0
0
0
0
0
0
0
0
0
0
0
0
0
0
0
0
0
0
0
0
0
0
0
0
0
0
0
0
0
0
0
0
0
0
0
0
0
0
0
0
0
0
0
0
0
0
0
0
0
0
0
0
0
0
0
0
0
0
0
0
0
0
0
0
0
0
0
0
0
0
0
0
0
0
0
0
0
0
0
0
0
0
0
0
0
0
0
0
0
0
0
0
0
0
0
0
0
0
0
0
0
0
0
0
0
0
0
0
0
0
0
0
0
0
0
0
0
0
0
0
0
0
0
0
0
0
0
0
0
0
0
0
0
0
0
0
0
0
0
0
0
0
0
0
0
0
0
0
0
0
0
0
0
0
0
0
0
0
0
0
0
0
0
0
0
0
0
0
0
0
0
0
0
0
0
0
0
0
0
0
0
0
0
0
0
0
0
0
0
0
0
0
0
0
0
0
0
0
0
0
0
0
0
0
0
0
0
0
0
0
0
0
0
0
0
0
0
0
0
0
0
0
0
0
0
0
0
0
0
0
0
0
0
0
0
0
0
0
0
0
0
0
0
0
0
0
0
0
0
0
0
0
0
0
0
0
0
0
0
0
0
0
0
0
0
0
0
0
0
0
0
0
0
0
0
0
0
0
0
0
0
0
0
0
0
0
0
0
0
0
0
0
0
0
0
0
0
0
0
0
0
0
0
0
0
0
0
0
0
0
0
0
0
0
0
0
0
0
0
0
0
0
0
0
0
0
0
0
0
0
0
0
0
0
0
0
0
0
0
0
0
0
0
0
0
0
0
0
0
0
0
0
0
0
0
0
0
0
0
0
0
0
0
0
0
0
0
0
0
0
0
0
0
0
0
0
0
0
0
0
0
0
0
0
0
0
0
0
0
0
0
0
0
0
0
0
0
0
0
0
0
0
0
0
0
0
0
0
0
0
0
0
0
0
0
0
0
0
0
0
0
0
0
0
0
0
0
0
0
0
0
0
0
0
0
0
0
0
0
0
0
0
0
0
0
0
0
0
0
0
0
0
0
0
0
0
0
0
0
0
0
0
0
0
0
0
0
0
0
0
0
0
0
0
0
0
0
0
0
0
0
0
0
0
0
0
0
0
0
0
0
0
0
0
0
0
0
0
0
0
0
0
0
0
0
0
0
0
0
0
0
0
0
0
0
0
0
0
0
0
0
0
0
0
0
0
0
0
0
0
0
0
0
0
0
0
0
0
0
0
0
0
0
0
0
0
0
0
0
0
0
0
0
0
0
0
0
0
0
0
0
0
0
0
0
0
0
0
0
0
0
0
0
0
0
0
0
0
0
0
0
0
0
0
0
0
0
0
0
0
0
0
0
0
0
0
0
0
0
0
0
0
0
0
0
0
0
0
0
0
0
0
0
0
0
0
0
0
0
0
0
0
0
0
0
0
0
0
0
0
0
0
0
0
0
0
0
0
0
0
0
0
0
0
0
0
0
0
0
0
0
0
0
0
0
0
0
0
0
0
0
14043
13773
12977
11682
9938
7812
5385
2747
0
-2752
-5404
-7855
-10010
-11787
-13117
-13947
-14245
-13996
-13209
-11912
-10151
-7993
-5518
-2819
0
2833
5573
8113
10354
12210
13607
14488
14817
14577
13775
12437
10611
8365
5781
2957
0
-2978
-5862
-8541
-10909
-12875
-14358
-15298
-15655
-15411
-14571
-13162
-11235
-8860
-6126
-3134
0
3158
6217
9060
11573
13658
15231
16228
16604
16343
15449
13951
11905
9385
6486
3317
0
-3338
-6570
-9567
-12213
-14404
-16050
-17087
-17469
-17179
-16224
-14638
-12479
-9827
-6784
-3466
0
3480
6840
9948
12683
14937
16623
17671
18041
17715
16705
15048
12808
10070
6941
3540
0
-3542
-6949
-10088
-12838
-15091
-16761
-17784
-18119
-17756
-16709
-15020
-12757
-10009
-6883
-3502
0
3488
6828
9889
12554
14721
16309
17260
17540
17144
16090
14425
12218
9559
6555
3326
0
-3293
-6426
-9278
-11742
-13726
-15158
-15989
-16194
-15774
-14754
-13180
-11124
-8671
-5924
-2994
0
2942
5718
8222
10363
12062
13262
13927
14043
13615
12674
11268
9462
7339
4988
2508
0
-2436
-4708
-6730
-8430
-9751
-10653
-11113
-11128
-10713
-9899
-8735
-7278
-5599
-3773
-1881
0
1794
3432
4857
6019
6885
7434
7661
7574
7193
6553
5696
4672
3534
2339
1144
0
-1046
-1956
-2699
-3256
-3616
-3781
-3762
-3577
-3255
-2826
-2327
-1795
-1265
-771
-342
0
239
370
391
313
150
-75
-336
-604
-849
-1040
-1152
-1163
-1057
-827
-471
0
571
1218
1909
2608
3275
3868
4349
4681
4830
4774
4497
3993
3269
2342
1239
0
-1329
-2693
-4035
-5293
-6406
-7319
-7980
-8348
-8392
-8096
-7455
-6481
-5202
-3657
-1902
0
1974
3943
5823
7535
9003
10159
10945
11320
11257
10745
9795
8433
6704
4670
2407
0
-2457
-4866
-7130
-9155
-10857
-12160
-13008
-13360
-13193
-12509
-11327
-9688
-7653
-5298
-2714
0
2736
5388
7849
10020
11814
13158
13996
14295
14039
13238
11922
10143
7969
5488
2796
0
-2789
-5463
-7917
-10053
-11791
-13063
-13822
-14043
-13718
-12867
-11526
-9753
-7622
-5220
-2645
0
2610
5083
7325
9249
10785
11879
12495
12618
12252
11421
10167
8549
6638
4516
2273
0
-2212
-4278
-6119
-7669
-8874
-9698
-10120
-10136
-9758
-9017
-7955
-6627
-5096
-3433
-1710
0
1628
3113
4399
5444
6218
6702
6893
6800
6443
5854
5073
4147
3125
2060
1003
0
-907
-1685
-2309
-2761
-3038
-3142
-3087
-2893
-2586
-2199
-1765
-1318
-892
-515
-212
0
110
117
25
-151
-394
-678
-975
-1254
-1484
-1636
-1687
-1617
-1413
-1071
-595
0
694
1458
2255
3046
3787
4434
4947
5285
5419
5325
4988
4408
3592
2562
1350
0
-1438
-2904
-4338
-5673
-6847
-7801
-8484
-8854
-8880
-8547
-7853
-6813
-5457
-3829
-1987
0
2056
4098
6042
7805
9309
10487
11282
11650
11566
11024
10033
8625
6847
4763
2451
0
-2495
-4934
-7219
-9257
-10961
-12260
-13096
-13431
-13245
-12540
-11339
-9685
-7640
-5282
-2701
0
2716
5340
7768
9902
11658
12965
13770
14043
13770
12965
11658
9902
7768
5340
2716
0
-2701
-5282
-7640
-9685
-11339
-12540
-13245
-13431
-13096
-12260
-10961
-9257
-7219
-4934
-2495
0
2451
4763
6847
8625
10033
11024
11566
11650
11282
10487
9309
7805
6042
4098
2056
0
-1987
-3829
-5457
-6813
-7853
-8547
-8880
-8854
-8484
-7801
-6847
-5673
-4338
-2904
-1438
0
1350
2562
3592
4408
4988
5325
5419
5285
4947
4434
3787
3046
2255
1458
694
0
-595
-1071
-1413
-1617
-1687
-1636
-1484
-1254
-975
-678
-394
-151
25
117
110
0
-212
-515
-892
-1318
-1765
-2199
-2586
-2893
-3087
-3142
-3038
-2761
-2309
-1685
-907
0
1003
2060
3125
4147
5073
5854
6443
6800
6893
6702
6218
5444
4399
3113
1628
0
-1710
-3433
-5096
-6627
-7955
-9017
-9758
-10136
-10120
-9698
-8874
-7669
-6119
-4278
-2212
0
2273
4516
6638
8549
10167
11421
12252
12618
12495
11879
10785
9249
7325
5083
2610
0
-2645
-5220
-7622
-9753
-11526
-12867
-13718
-14043
-13822
-13063
-11791
-10053
-7917
-5463
-2789
0
2796
5488
7969
10143
11922
13238
14039
14295
13996
13158
11814
10020
7849
5388
2736
0
-2714
-5298
-7653
-9688
-11327
-12509
-13193
-13360
-13008
-12160
-10857
-9155
-7130
-4866
-2457
0
2407
4670
6704
8433
9795
10745
11257
11320
10945
10159
9003
7535
5823
3943
1974
0
-1902
-3657
-5202
-6481
-7455
-8096
-8392
-8348
-7980
-7319
-6406
-5293
-4035
-2693
-1329
0
1239
2342
3269
3993
4497
4774
4830
4681
4349
3868
3275
2608
1909
1218
571
0
-471
-827
-1057
-1163
-1152
-1040
-849
-604
-336
-75
150
313
391
370
239
0
-342
-771
-1265
-1795
-2327
-2826
-3255
-3577
-3762
-3781
-3616
-3256
-2699
-1956
-1046
0
1144
2339
3534
4672
5696
6553
7193
7574
7661
7434
6885
6019
4857
3432
1794
0
-1881
-3773
-5599
-7278
-8735
-9899
-10713
-11128
-11113
-10653
-9751
-8430
-6730
-4708
-2436
0
2508
4988
7339
9462
11268
12674
13615
14043
13927
13262
12062
10363
8222
5718
2942
0
-2994
-5924
-8671
-11124
-13180
-14754
-15774
-16194
-15989
-15158
-13726
-11742
-9278
-6426
-3293
0
3326
6555
9559
12218
14425
16090
17144
17540
17260
16309
14721
12554
9889
6828
3488
0
-3502
-6883
-10009
-12757
-15020
-16709
-17756
-18119
-17784
-16761
-15091
-12838
-10088
-6949
-3542
0
3540
6941
10070
12808
15048
16705
17715
18041
17671
16623
14937
12683
9948
6840
3480
0
-3466
-6784
-9827
-12479
-14638
-16224
-17179
-17469
-17087
-16050
-14404
-12213
-9567
-6570
-3338
0
3317
6486
9385
11905
13951
15449
16343
16604
16228
15231
13658
11573
9060
6217
3158
0
-3134
-6126
-8860
-11235
-13162
-14571
-15411
-15655
-15298
-14358
-12875
-10909
-8541
-5862
-2978
0
2957
5781
8365
10611
12437
13775
14577
14817
14488
13607
12210
10354
8113
5573
2833
0
-2819
-5518
-7993
-10151
-11912
-13209
-13996
-14245
-13947
-13117
-11787
-10010
-7855
-5404
-2752
0
2747
5385
7812
9938
11682
12977
13773
0
0
0
0
0
0
0
0
0
0
0
0
0
0
0
0
0
0
0
0
0
0
0
0
0
0
0
0
0
0
0
0
0
0
0
0
0
0
0
0
0
0
0
0
0
0
0
0
0
0
0
0
0
0
0
0
0
0
0
0
0
0
0
0
0
0
0
-14043
-13735
-12826
-11356
-9389
-7013
-4330
-1461
1468
4331
6999
9357
11301
12746
13630
13913
13584
12660
11181
9215
6848
4186
1347
-1543
-4357
-6971
-9269
-11150
-12533
-13356
-13586
-13213
-12255
-10756
-8784
-6427
-3793
-997
1834
4575
7104
9308
11090
12371
13094
13229
12771
11740
10183
8172
5797
3164
393
-2393
-5069
-7514
-9619
-11289
-12450
-13048
-13057
-12476
-11331
-9672
-7574
-5129
-2448
349
3139
5794
8197
10237
11824
12884
13367
13252
12540
11260
9469
7243
4680
1893
-995
-3857
-6566
-9001
-11051
-12626
-13651
-14079
-13888
-13082
-11694
-9780
-7421
-4718
-1787
1244
4247
7090
9647
11807
13473
14571
15049
14882
14076
12658
10688
8246
5433
2367
-821
-4000
-7033
-9791
-12157
-14027
-15322
-15984
-15981
-15313
-14002
-12102
-9688
-6861
-3734
-438
2893
6121
9112
11744
13906
15510
16489
16801
16433
15399
13740
11524
8840
5796
2515
-869
-4222
-7409
-10302
-12786
-14762
-16153
-16905
-16989
-16404
-15176
-13355
-11016
-8253
-5176
-1909
1419
4681
7746
10498
12832
14659
15912
16549
16548
15915
14680
12896
10637
7992
5068
1977
-1158
-4222
-7098
-9680
-11874
-13603
-14807
-15449
-15513
-15004
-13950
-12397
-10411
-8071
-5470
-2706
115
2893
5524
7918
9992
11676
12919
13683
13951
13723
13018
11869
10327
8453
6319
4006
1597
-821
-3169
-5365
-7339
-9030
-10386
-11370
-11958
-12139
-11917
-11307
-10339
-9053
-7496
-5725
-3800
-1787
248
2243
4136
5870
7395
8667
9653
10327
10675
10691
10379
9754
8838
7661
6261
4681
2968
1175
-645
-2441
-4160
-5751
-7168
-8370
-9321
-9992
-10362
-10419
-10159
-9587
-8717
-7574
-6187
-4596
-2848
-993
912
2812
4645
6353
7882
9179
10199
10905
11269
11272
10909
10183
9113
7727
6065
4177
2122
-32
-2218
-4361
-6388
-8227
-9812
-11085
-11997
-12509
-12598
-12255
-11483
-10304
-8754
-6880
-4744
-2419
15
2475
4874
7124
9145
10861
12207
13132
13598
13584
13087
12120
10713
8916
6790
4409
1859
-767
-3377
-5875
-8169
-10175
-11818
-13038
-13789
-14043
-13789
-13036
-11813
-10163
-8147
-5840
-3327
-700
1942
4505
6894
9022
10811
12197
13132
13584
13540
13003
11999
10568
8766
6662
4338
1881
-616
-3062
-5368
-7449
-9233
-10657
-11675
-12255
-12381
-12057
-11303
-10152
-8655
-6873
-4876
-2742
-552
1612
3672
5555
7195
8539
9545
10183
10441
10319
9832
9008
7885
6515
4954
3265
1513
-235
-1919
-3478
-4862
-6026
-6938
-7574
-7922
-7981
-7763
-7286
-6578
-5675
-4619
-3453
-2224
-978
239
1389
2435
3347
4101
4681
5077
5289
5321
5183
4893
4471
3939
3323
2650
1944
1230
530
-136
-752
-1306
-1787
-2191
-2515
-2758
-2924
-3016
-3040
-3002
-2909
-2767
-2582
-2360
-2105
-1820
-1510
-1176
-821
-449
-63
333
735
1137
1530
1907
2257
2571
2837
3045
3183
3244
3219
3103
2893
2589
2194
1717
1168
560
-87
-758
-1428
-2075
-2677
-3211
-3655
-3991
-4205
-4284
-4222
-4018
-3674
-3201
-2610
-1922
-1159
-346
488
1315
2105
2829
3462
3980
4364
4601
4681
4601
4364
3980
3462
2829
2105
1315
488
-346
-1159
-1922
-2610
-3201
-3674
-4018
-4222
-4284
-4205
-3991
-3655
-3211
-2677
-2075
-1428
-758
-87
560
1168
1717
2194
2589
2893
3103
3219
3244
3183
3045
2837
2571
2257
1907
1530
1137
735
333
-63
-449
-821
-1176
-1510
-1820
-2105
-2360
-2582
-2767
-2909
-3002
-3040
-3016
-2924
-2758
-2515
-2191
-1787
-1306
-752
-136
530
1230
1944
2650
3323
3939
4471
4893
5183
5321
5289
5077
4681
4101
3347
2435
1389
239
-978
-2224
-3453
-4619
-5675
-6578
-7286
-7763
-7981
-7922
-7574
-6938
-6026
-4862
-3478
-1919
-235
1513
3265
4954
6515
7885
9008
9832
10319
10441
10183
9545
8539
7195
5555
3672
1612
-552
-2742
-4876
-6873
-8655
-10152
-11303
-12057
-12381
-12255
-11675
-10657
-9233
-7449
-5368
-3062
-616
1881
4338
6662
8766
10568
11999
13003
13540
13584
13132
12197
10811
9022
6894
4505
1942
-700
-3327
-5840
-8147
-10163
-11813
-13036
-13789
-14043
-13789
-13038
-11818
-10175
-8169
-5875
-3377
-767
1859
4409
6790
8916
10713
12120
13087
13584
13598
13132
12207
10861
9145
7124
4874
2475
15
-2419
-4744
-6880
-8754
-10304
-11483
-12255
-12598
-12509
-11997
-11085
-9812
-8227
-6388
-4361
-2218
-32
2122
4177
6065
7727
9113
10183
10909
11272
11269
10905
10199
9179
7882
6353
4645
2812
912
-993
-2848
-4596
-6187
-7574
-8717
-9587
-10159
-10419
-10362
-9992
-9321
-8370
-7168
-5751
-4160
-2441
-645
1175
2968
4681
6261
7661
8838
9754
10379
10691
10675
10327
9653
8667
7395
5870
4136
2243
248
-1787
-3800
-5725
-7496
-9053
-10339
-11307
-11917
-12139
-11958
-11370
-10386
-9030
-7339
-5365
-3169
-821
1597
4006
6319
8453
10327
11869
13018
13723
13951
13683
12919
11676
9992
7918
5524
2893
115
-2706
-5470
-8071
-10411
-12397
-13950
-15004
-15513
-15449
-14807
-13603
-11874
-9680
-7098
-4222
-1158
1977
5068
7992
10637
12896
14680
15915
16548
16549
15912
14659
12832
10498
7746
4681
1419
-1909
-5176
-8253
-11016
-13355
-15176
-16404
-16989
-16905
-16153
-14762
-12786
-10302
-7409
-4222
-869
2515
5796
8840
11524
13740
15399
16433
16801
16489
15510
13906
11744
9112
6121
2893
-438
-3734
-6861
-9688
-12102
-14002
-15313
-15981
-15984
-15322
-14027
-12157
-9791
-7033
-4000
-821
2367
5433
8246
10688
12658
14076
14882
15049
14571
13473
11807
9647
7090
4247
1244
-1787
-4718
-7421
-9780
-11694
-13082
-13888
-14079
-13651
-12626
-11051
-9001
-6566
-3857
-995
1893
4680
7243
9469
11260
12540
13252
13367
12884
11824
10237
8197
5794
3139
349
-2448
-5129
-7574
-9672
-11331
-12476
-13057
-13048
-12450
-11289
-9619
-7514
-5069
-2393
393
3164
5797
8172
10183
11740
12771
13229
13094
12371
11090
9308
7104
4575
1834
-997
-3793
-6427
-8784
-10756
-12255
-13213
-13586
-13356
-12533
-11150
-9269
-6971
-4357
-1543
1347
4186
6848
9215
11181
12660
13584
13913
13630
12746
11301
9357
6999
4331
1468
-1461
-4330
-7013
-9389
-11356
-12826
-13735
0
0
0
0
0
0
0
0
0
0
0
0
0
0
0
0
0
0
0
0
0
0
0
0
0
0
0
0
0
0
0
0
0
0
0
0
0
0
0
0
0
0
0
0
0
0
0
0
0
0
0
0
0
0
0
0
0
0
0
0
0
0
0
0
0
0
0
14043
13770
12965
11658
9902
7768
5340
2716
0
-2701
-5282
-7640
-9685
-11339
-12540
-13245
-13431
-13096
-12260
-10961
-9257
-7219
-4934
-2495
0
2451
4763
6847
8625
10033
11024
11566
11650
11282
10487
9309
7805
6042
4098
2056
0
-1987
-3829
-5457
-6813
-7853
-8547
-8880
-8854
-8484
-7801
-6847
-5673
-4338
-2904
-1438
0
1350
2562
3592
4408
4988
5325
5419
5285
4947
4434
3787
3046
2255
1458
694
0
-595
-1071
-1413
-1617
-1687
-1636
-1484
-1254
-975
-678
-394
-151
25
117
110
0
-212
-515
-892
-1318
-1765
-2199
-2586
-2893
-3087
-3142
-3038
-2761
-2309
-1685
-907
0
1003
2060
3125
4147
5073
5854
6443
6800
6893
6702
6218
5444
4399
3113
1628
0
-1710
-3433
-5096
-6627
-7955
-9017
-9758
-10136
-10120
-9698
-8874
-7669
-6119
-4278
-2212
0
2273
4516
6638
8549
10167
11421
12252
12618
12495
11879
10785
9249
7325
5083
2610
0
-2645
-5220
-7622
-9753
-11526
-12867
-13718
-14043
-13822
-13063
-11791
-10053
-7917
-5463
-2789
0
2796
5488
7969
10143
11922
13238
14039
14295
13996
13158
11814
10020
7849
5388
2736
0
-2714
-5298
-7653
-9688
-11327
-12509
-13193
-13360
-13008
-12160
-10857
-9155
-7130
-4866
-2457
0
2407
4670
6704
8433
9795
10745
11257
11320
10945
10159
9003
7535
5823
3943
1974
0
-1902
-3657
-5202
-6481
-7455
-8096
-8392
-8348
-7980
-7319
-6406
-5293
-4035
-2693
-1329
0
1239
2342
3269
3993
4497
4774
4830
4681
4349
3868
3275
2608
1909
1218
571
0
-471
-827
-1057
-1163
-1152
-1040
-849
-604
-336
-75
150
313
391
370
239
0
-342
-771
-1265
-1795
-2327
-2826
-3255
-3577
-3762
-3781
-3616
-3256
-2699
-1956
-1046
0
1144
2339
3534
4672
5696
6553
7193
7574
7661
7434
6885
6019
4857
3432
1794
0
-1881
-3773
-5599
-7278
-8735
-9899
-10713
-11128
-11113
-10653
-9751
-8430
-6730
-4708
-2436
0
2508
4988
7339
9462
11268
12674
13615
14043
13927
13262
12062
10363
8222
5718
2942
0
-2994
-5924
-8671
-11124
-13180
-14754
-15774
-16194
-15989
-15158
-13726
-11742
-9278
-6426
-3293
0
3326
6555
9559
12218
14425
16090
17144
17540
17260
16309
14721
12554
9889
6828
3488
0
-3502
-6883
-10009
-12757
-15020
-16709
-17756
-18119
-17784
-16761
-15091
-12838
-10088
-6949
-3542
0
3540
6941
10070
12808
15048
16705
17715
18041
17671
16623
14937
12683
9948
6840
3480
0
-3466
-6784
-9827
-12479
-14638
-16224
-17179
-17469
-17087
-16050
-14404
-12213
-9567
-6570
-3338
0
3317
6486
9385
11905
13951
15449
16343
16604
16228
15231
13658
11573
9060
6217
3158
0
-3134
-6126
-8860
-11235
-13162
-14571
-15411
-15655
-15298
-14358
-12875
-10909
-8541
-5862
-2978
0
2957
5781
8365
10611
12437
13775
14577
14817
14488
13607
12210
10354
8113
5573
2833
0
-2819
-5518
-7993
-10151
-11912
-13209
-13996
-14245
-13947
-13117
-11787
-10010
-7855
-5404
-2752
0
2747
5385
7812
9938
11682
12977
13773
14043
13773
12977
11682
9938
7812
5385
2747
0
-2752
-5404
-7855
-10010
-11787
-13117
-13947
-14245
-13996
-13209
-11912
-10151
-7993
-5518
-2819
0
2833
5573
8113
10354
12210
13607
14488
14817
14577
13775
12437
10611
8365
5781
2957
0
-2978
-5862
-8541
-10909
-12875
-14358
-15298
-15655
-15411
-14571
-13162
-11235
-8860
-6126
-3134
0
3158
6217
9060
11573
13658
15231
16228
16604
16343
15449
13951
11905
9385
6486
3317
0
-3338
-6570
-9567
-12213
-14404
-16050
-17087
-17469
-17179
-16224
-14638
-12479
-9827
-6784
-3466
0
3480
6840
9948
12683
14937
16623
17671
18041
17715
16705
15048
12808
10070
6941
3540
0
-3542
-6949
-10088
-12838
-15091
-16761
-17784
-18119
-17756
-16709
-15020
-12757
-10009
-6883
-3502
0
3488
6828
9889
12554
14721
16309
17260
17540
17144
16090
14425
12218
9559
6555
3326
0
-3293
-6426
-9278
-11742
-13726
-15158
-15989
-16194
-15774
-14754
-13180
-11124
-8671
-5924
-2994
0
2942
5718
8222
10363
12062
13262
13927
14043
13615
12674
11268
9462
7339
4988
2508
0
-2436
-4708
-6730
-8430
-9751
-10653
-11113
-11128
-10713
-9899
-8735
-7278
-5599
-3773
-1881
0
1794
3432
4857
6019
6885
7434
7661
7574
7193
6553
5696
4672
3534
2339
1144
0
-1046
-1956
-2699
-3256
-3616
-3781
-3762
-3577
-3255
-2826
-2327
-1795
-1265
-771
-342
0
239
370
391
313
150
-75
-336
-604
-849
-1040
-1152
-1163
-1057
-827
-471
0
571
1218
1909
2608
3275
3868
4349
4681
4830
4774
4497
3993
3269
2342
1239
0
-1329
-2693
-4035
-5293
-6406
-7319
-7980
-8348
-8392
-8096
-7455
-6481
-5202
-3657
-1902
0
1974
3943
5823
7535
9003
10159
10945
11320
11257
10745
9795
8433
6704
4670
2407
0
-2457
-4866
-7130
-9155
-10857
-12160
-13008
-13360
-13193
-12509
-11327
-9688
-7653
-5298
-2714
0
2736
5388
7849
10020
11814
13158
13996
14295
14039
13238
11922
10143
7969
5488
2796
0
-2789
-5463
-7917
-10053
-11791
-13063
-13822
-14043
-13718
-12867
-11526
-9753
-7622
-5220
-2645
0
2610
5083
7325
9249
10785
11879
12495
12618
12252
11421
10167
8549
6638
4516
2273
0
-2212
-4278
-6119
-7669
-8874
-9698
-10120
-10136
-9758
-9017
-7955
-6627
-5096
-3433
-1710
0
1628
3113
4399
5444
6218
6702
6893
6800
6443
5854
5073
4147
3125
2060
1003
0
-907
-1685
-2309
-2761
-3038
-3142
-3087
-2893
-2586
-2199
-1765
-1318
-892
-515
-212
0
110
117
25
-151
-394
-678
-975
-1254
-1484
-1636
-1687
-1617
-1413
-1071
-595
0
694
1458
2255
3046
3787
4434
4947
5285
5419
5325
4988
4408
3592
2562
1350
0
-1438
-2904
-4338
-5673
-6847
-7801
-8484
-8854
-8880
-8547
-7853
-6813
-5457
-3829
-1987
0
2056
4098
6042
7805
9309
10487
11282
11650
11566
11024
10033
8625
6847
4763
2451
0
-2495
-4934
-7219
-9257
-10961
-12260
-13096
-13431
-13245
-12540
-11339
-9685
-7640
-5282
-2701
0
2716
5340
7768
9902
11658
12965
13770
0
0
0
0
0
0
0
0
0
0
0
0
0
0
0
0
0
0
0
0
0
0
0
0
0
0
0
0
0
0
0
0
0
0
0
0
0
0
0
0
0
0
0
0
0
0
0
0
0
0
0
0
0
0
0
0
0
0
0
0
0
0
0
0
0
0
0
4681
4626
4463
4193
3822
3355
2799
2165
1464
710
-80
-892
-1703
-2494
-3243
-3928
-4527
-5019
-5385
-5608
-5674
-5573
-5302
-4858
-4250
-3487
-2588
-1576
-477
673
1842
2989
4076
5063
5913
6592
7070
7324
7338
7103
6619
5897
4953
3815
2519
1105
-378
-1882
-3351
-4732
-5975
-7031
-7858
-8423
-8700
-8674
-8341
-7707
-6792
-5623
-4241
-2691
-1029
685
2392
4029
5535
6854
7937
8744
9242
9412
9246
8750
7939
6843
5501
3962
2282
522
-1254
-2981
-4598
-6045
-7270
-8230
-8893
-9235
-9246
-8930
-8299
-7381
-6210
-4832
-3299
-1668
0
1646
3212
4642
5887
6907
7669
8150
8341
8240
7856
7211
6332
5257
4028
2691
1297
-104
-1465
-2740
-3888
-4874
-5670
-6256
-6619
-6757
-6673
-6379
-5892
-5237
-4443
-3540
-2561
-1543
-516
485
1433
2303
3073
3726
4250
4637
4884
4992
4966
4814
4547
4175
3714
3178
2581
1939
1266
576
-117
-801
-1464
-2094
-2679
-3209
-3673
-4062
-4365
-4574
-4681
-4678
-4561
-4326
-3973
-3503
-2922
-2238
-1464
-616
286
1221
2160
3077
3941
4722
5391
5919
6283
6461
6437
6203
5756
5100
4250
3225
2053
769
-585
-1967
-3327
-4616
-5786
-6790
-7586
-8139
-8421
-8413
-8107
-7504
-6619
-5477
-4112
-2569
-900
836
2577
4259
5818
7194
8332
9187
9721
9909
9739
9211
8341
7156
5696
4013
2167
225
-1741
-3658
-5455
-7062
-8419
-9473
-10184
-10524
-10478
-10047
-9246
-8106
-6668
-4987
-3125
-1153
855
2824
4681
6356
7788
8925
9727
10166
10229
9917
9246
8246
6956
5430
3727
1914
59
-1766
-3497
-5070
-6430
-7530
-8336
-8824
-8984
-8818
-8341
-7579
-6567
-5350
-3980
-2511
-1000
496
1925
3236
4386
5342
6076
6573
6826
6838
6619
6191
5580
4817
3937
2979
1979
975
0
-915
-1747
-2474
-3083
-3566
-3919
-4145
-4250
-4244
-4141
-3953
-3695
-3381
-3025
-2636
-2224
-1796
-1356
-906
-448
17
492
975
1464
1956
2446
2925
3382
3803
4172
4471
4681
4783
4760
4597
4282
3809
3177
2391
1464
417
-723
-1922
-3141
-4335
-5456
-6457
-7290
-7912
-8283
-8373
-8159
-7633
-6794
-5657
-4250
-2612
-796
1135
3114
5065
6908
8566
9966
11041
11735
12003
11819
11172
10068
8536
6619
4381
1900
-735
-3424
-6062
-8541
-10758
-12616
-14032
-14935
-15275
-15023
-14174
-12745
-10779
-8341
-5518
-2413
854
4159
7368
10350
12981
15148
16753
17723
18005
17575
16437
14624
12198
9246
5879
2225
-1571
-5360
-8987
-12305
-15173
-17469
-19093
-19970
-20054
-19332
-17824
-15580
-12684
-9246
-5400
-1297
2897
7014
10884
14348
17261
19498
20962
21586
21339
20223
18276
15572
12216
8341
4102
-330
-4775
-9050
-12979
-16398
-19163
-21158
-22296
-22526
-21834
-20243
-17814
-14645
-10862
-6619
-2089
2541
7082
11346
15154
18349
20796
22391
23065
22789
21570
19458
16536
12925
8773
4250
-456
-5150
-9639
-13734
-17265
-20084
-22073
-23149
-23264
-22414
-20633
-17993
-14604
-10605
-6164
-1464
3298
7926
12226
16019
19146
21479
22918
23405
22918
21479
19146
16019
12226
7926
3298
-1464
-6164
-10605
-14604
-17993
-20633
-22414
-23264
-23149
-22073
-20084
-17265
-13734
-9639
-5150
-456
4250
8773
12925
16536
19458
21570
22789
23065
22391
20796
18349
15154
11346
7082
2541
-2089
-6619
-10862
-14645
-17814
-20243
-21834
-22526
-22296
-21158
-19163
-16398
-12979
-9050
-4775
-330
4102
8341
12216
15572
18276
20223
21339
21586
20962
19498
17261
14348
10884
7014
2897
-1297
-5400
-9246
-12684
-15580
-17824
-19332
-20054
-19970
-19093
-17469
-15173
-12305
-8987
-5360
-1571
2225
5879
9246
12198
14624
16437
17575
18005
17723
16753
15148
12981
10350
7368
4159
854
-2413
-5518
-8341
-10779
-12745
-14174
-15023
-15275
-14935
-14032
-12616
-10758
-8541
-6062
-3424
-735
1900
4381
6619
8536
10068
11172
11819
12003
11735
11041
9966
8566
6908
5065
3114
1135
-796
-2612
-4250
-5657
-6794
-7633
-8159
-8373
-8283
-7912
-7290
-6457
-5456
-4335
-3141
-1922
-723
417
1464
2391
3177
3809
4282
4597
4760
4783
4681
4471
4172
3803
3382
2925
2446
1956
1464
975
492
17
-448
-906
-1356
-1796
-2224
-2636
-3025
-3381
-3695
-3953
-4141
-4244
-4250
-4145
-3919
-3566
-3083
-2474
-1747
-915
0
975
1979
2979
3937
4817
5580
6191
6619
6838
6826
6573
6076
5342
4386
3236
1925
496
-1000
-2511
-3980
-5350
-6567
-7579
-8341
-8818
-8984
-8824
-8336
-7530
-6430
-5070
-3497
-1766
59
1914
3727
5430
6956
8246
9246
9917
10229
10166
9727
8925
7788
6356
4681
2824
855
-1153
-3125
-4987
-6668
-8106
-9246
-10047
-10478
-10524
-10184
-9473
-8419
-7062
-5455
-3658
-1741
225
2167
4013
5696
7156
8341
9211
9739
9909
9721
9187
8332
7194
5818
4259
2577
836
-900
-2569
-4112
-5477
-6619
-7504
-8107
-8413
-8421
-8139
-7586
-6790
-5786
-4616
-3327
-1967
-585
769
2053
3225
4250
5100
5756
6203
6437
6461
6283
5919
5391
4722
3941
3077
2160
1221
286
-616
-1464
-2238
-2922
-3503
-3973
-4326
-4561
-4678
-4681
-4574
-4365
-4062
-3673
-3209
-2679
-2094
-1464
-801
-117
576
1266
1939
2581
3178
3714
4175
4547
4814
4966
4992
4884
4637
4250
3726
3073
2303
1433
485
-516
-1543
-2561
-3540
-4443
-5237
-5892
-6379
-6673
-6757
-6619
-6256
-5670
-4874
-3888
-2740
-1465
-104
1297
2691
4028
5257
6332
7211
7856
8240
8341
8150
7669
6907
5887
4642
3212
1646
0
-1668
-3299
-4832
-6210
-7381
-8299
-8930
-9246
-9235
-8893
-8230
-7270
-6045
-4598
-2981
-1254
522
2282
3962
5501
6843
7939
8750
9246
9412
9242
8744
7937
6854
5535
4029
2392
685
-1029
-2691
-4241
-5623
-6792
-7707
-8341
-8674
-8700
-8423
-7858
-7031
-5975
-4732
-3351
-1882
-378
1105
2519
3815
4953
5897
6619
7103
7338
7324
7070
6592
5913
5063
4076
2989
1842
673
-477
-1576
-2588
-3487
-4250
-4858
-5302
-5573
-5674
-5608
-5385
-5019
-4527
-3928
-3243
-2494
-1703
-892
-80
710
1464
2165
2799
3355
3822
4193
4463
4626
0
0
0
0
0
0
0
0
0
0
0
0
0
0
0
0
0
0
0
0
0
0
0
0
0
0
0
0
0
0
0
0
0
0
0
0
0
0
0
0
0
0
0
0
0
0
0
0
0
0
0
0
0
0
0
0
0
0
0
0
0
0
0
0
0
0
0
-4681
-4662
-4606
-4504
-4349
-4127
-3826
-3431
-2933
-2320
-1590
-744
209
1255
2371
3525
4680
5795
6822
7713
8420
8899
9110
9020
8607
7862
6786
5398
3727
1820
-264
-2457
-4681
-6849
-8875
-10673
-12160
-13262
-13918
-14082
-13723
-12834
-11427
-9533
-7209
-4528
-1580
1527
4681
7758
10636
13196
15330
16940
17948
18299
17961
16927
15222
12894
10020
6698
3049
-792
-4680
-8465
-11997
-15132
-17741
-19714
-20962
-21424
-21071
-19902
-17953
-15287
-12000
-8210
-4060
292
4681
8934
12884
16375
19266
21439
22802
23297
22898
21613
19488
16599
13056
8994
4568
-49
-4681
-9144
-13264
-16880
-19850
-22056
-23411
-23862
-23390
-22015
-19790
-16803
-13172
-9039
-4568
65
4681
9097
13141
16658
19511
21592
22824
23163
22601
21167
18921
15959
12402
8393
4095
-320
-4680
-8814
-12560
-15776
-18341
-20160
-21172
-21345
-20683
-19223
-17032
-14208
-10869
-7156
-3221
777
4681
8335
11600
14352
16491
17942
18661
18631
17868
16416
14347
11754
8752
5469
2043
-1385
-4681
-7712
-10364
-12539
-14160
-15175
-15557
-15307
-14451
-13038
-11140
-8848
-6264
-3502
-680
2084
4680
7007
8975
10514
11573
12123
12157
11689
10754
9406
7714
5761
3637
1437
-741
-2809
-4681
-6283
-7557
-8459
-8963
-9061
-8764
-8097
-7104
-5839
-4367
-2762
-1098
546
2101
3498
4681
5602
6230
6546
6546
6242
5656
4826
3798
2626
1370
91
-1149
-2294
-3291
-4098
-4680
-5017
-5097
-4922
-4508
-3878
-3067
-2119
-1081
-3
1059
2058
2945
3679
4228
4566
4681
4567
4233
3695
2981
2124
1166
149
-876
-1865
-2772
-3556
-4183
-4623
-4858
-4877
-4681
-4277
-3684
-2929
-2043
-1066
-39
992
1987
2903
3700
4347
4817
5092
5160
5021
4681
4154
3463
2636
1707
714
-303
-1307
-2257
-3118
-3857
-4447
-4867
-5104
-5150
-5006
-4681
-4187
-3545
-2782
-1925
-1007
-62
875
1774
2602
3332
3940
4408
4721
4871
4857
4680
4351
3881
3289
2594
1823
999
150
-696
-1515
-2281
-2970
-3563
-4042
-4394
-4608
-4681
-4609
-4395
-4047
-3575
-2992
-2316
-1565
-763
67
903
1718
2489
3191
3803
4305
4681
4915
5000
4928
4700
4319
3794
3138
2368
1507
580
-384
-1355
-2302
-3192
-3995
-4680
-5223
-5601
-5797
-5800
-5604
-5211
-4630
-3877
-2974
-1949
-835
330
1506
2650
3722
4681
5488
6113
6529
6715
6661
6364
5830
5075
4124
3007
1765
441
-915
-2254
-3526
-4681
-5673
-6463
-7019
-7316
-7340
-7088
-6567
-5793
-4794
-3606
-2275
-850
614
2061
3434
4680
5750
6600
7197
7516
7544
7279
6732
5922
4883
3655
2286
832
-649
-2100
-3462
-4680
-5707
-6501
-7031
-7278
-7232
-6897
-6288
-5432
-4364
-3131
-1783
-378
1027
2375
3609
4681
5546
6171
6532
6618
6427
5971
5271
4361
3282
2081
812
-470
-1711
-2858
-3861
-4680
-5282
-5643
-5750
-5602
-5210
-4595
-3785
-2821
-1748
-614
527
1625
2631
3499
4192
4681
4943
4972
4766
4339
3711
2915
1988
975
-74
-1113
-2092
-2963
-3687
-4230
-4567
-4681
-4567
-4230
-3687
-2963
-2092
-1113
-74
975
1988
2915
3711
4339
4766
4972
4943
4680
4192
3499
2631
1625
527
-614
-1748
-2821
-3785
-4595
-5210
-5602
-5750
-5643
-5282
-4681
-3861
-2858
-1711
-470
812
2081
3282
4361
5271
5971
6427
6618
6532
6171
5546
4681
3609
2375
1027
-378
-1783
-3131
-4364
-5432
-6288
-6897
-7232
-7278
-7031
-6501
-5707
-4680
-3462
-2100
-649
832
2286
3655
4883
5922
6732
7279
7544
7516
7197
6600
5750
4681
3434
2061
614
-850
-2275
-3606
-4794
-5793
-6567
-7088
-7340
-7316
-7019
-6463
-5673
-4681
-3526
-2254
-915
441
1765
3007
4124
5075
5830
6364
6661
6715
6529
6113
5488
4680
3722
2650
1506
330
-835
-1949
-2974
-3877
-4630
-5211
-5604
-5800
-5797
-5601
-5223
-4681
-3995
-3192
-2302
-1355
-384
580
1507
2368
3138
3794
4319
4700
4928
5000
4915
4681
4305
3803
3191
2489
1718
903
67
-763
-1565
-2316
-2992
-3575
-4047
-4395
-4609
-4680
-4608
-4394
-4042
-3563
-2970
-2281
-1515
-696
150
999
1823
2594
3289
3881
4351
4681
4857
4871
4721
4408
3940
3332
2602
1774
875
-62
-1007
-1925
-2782
-3545
-4187
-4681
-5006
-5150
-5104
-4867
-4447
-3857
-3118
-2257
-1307
-303
714
1707
2636
3463
4154
4681
5021
5160
5092
4817
4347
3700
2903
1987
992
-39
-1066
-2043
-2929
-3684
-4277
-4680
-4877
-4858
-4623
-4183
-3556
-2772
-1865
-876
149
1166
2124
2981
3695
4233
4567
4681
4566
4228
3679
2945
2058
1059
-3
-1081
-2119
-3067
-3878
-4508
-4922
-5097
-5017
-4681
-4098
-3291
-2294
-1149
91
1370
2626
3798
4826
5656
6242
6546
6546
6230
5602
4680
3498
2101
546
-1098
-2762
-4367
-5839
-7104
-8097
-8764
-9061
-8963
-8459
-7557
-6283
-4681
-2809
-741
1437
3637
5761
7714
9406
10754
11689
12157
12123
11573
10514
8975
7007
4681
2084
-680
-3502
-6264
-8848
-11140
-13038
-14451
-15307
-15557
-15175
-14160
-12539
-10364
-7712
-4680
-1385
2043
5469
8752
11754
14347
16416
17868
18631
18661
17942
16491
14352
11600
8335
4681
777
-3221
-7156
-10869
-14208
-17032
-19223
-20683
-21345
-21172
-20160
-18341
-15776
-12560
-8814
-4681
-320
4095
8393
12402
15959
18921
21167
22601
23163
22824
21592
19511
16658
13141
9097
4681
65
-4568
-9039
-13172
-16803
-19790
-22015
-23390
-23862
-23411
-22056
-19850
-16880
-13264
-9144
-4681
-49
4568
8994
13056
16599
19488
21613
22898
23297
22802
21439
19266
16375
12884
8934
4681
292
-4060
-8210
-12000
-15287
-17953
-19902
-21071
-21424
-20962
-19714
-17741
-15132
-11997
-8465
-4681
-792
3049
6698
10020
12894
15222
16927
17961
18299
17948
16940
15330
13196
10636
7758
4681
1527
-1580
-4528
-7209
-9533
-11427
-12834
-13723
-14082
-13918
-13262
-12160
-10673
-8875
-6849
-4680
-2457
-264
1820
3727
5398
6786
7862
8607
9020
9110
8899
8420
7713
6822
5795
4681
3525
2371
1255
209
-744
-1590
-2320
-2933
-3431
-3826
-4127
-4349
-4504
-4606
-4662
0
0
0
0
0
0
0
0
0
0
0
0
0
0
0
0
0
0
0
0
0
0
0
0
0
0
0
0
0
0
0
0
0
0
0
0
0
0
0
0
0
0
0
0
0
0
0
0
0
0
0
0
0
0
0
0
0
0
0
0
0
0
0
0
0
0
0
14043
13736
12829
11362
9399
7024
4343
1472
-1464
-4338
-7023
-9402
-11373
-12849
-13765
-14082
-13787
-12891
-11435
-9481
-7114
-4438
-1568
1370
4250
6946
9343
11335
12838
13786
14139
13883
13029
11614
9700
7370
4726
1881
-1041
-3916
-6619
-9036
-11062
-12613
-13623
-14049
-13877
-13114
-11796
-9981
-7748
-5194
-2430
425
3252
5928
8341
10390
11989
13075
13603
13555
12937
11779
10136
8078
5699
3100
394
-2304
-4880
-7226
-9246
-10858
-11997
-12622
-12712
-12270
-11321
-9911
-8107
-5991
-3655
-1203
1259
3629
5808
7705
9246
10372
11041
11235
10955
10221
9074
7571
5786
3799
1700
-416
-2460
-4346
-5996
-7344
-8341
-8952
-9162
-8973
-8403
-7491
-6286
-4850
-3254
-1576
108
1722
3195
4465
5482
6208
6619
6709
6486
5970
5199
4219
3085
1859
604
-615
-1741
-2719
-3505
-4065
-4379
-4439
-4250
-3830
-3211
-2431
-1539
-588
366
1269
2071
2724
3192
3448
3478
3278
2859
2243
1464
564
-405
-1391
-2337
-3186
-3888
-4398
-4680
-4711
-4477
-3980
-3237
-2275
-1135
130
1464
2801
4075
5219
6171
6877
7293
7385
7137
6545
5624
4402
2924
1247
-558
-2418
-4250
-5971
-7501
-8767
-9703
-10259
-10396
-10098
-9362
-8206
-6669
-4805
-2682
-384
1997
4365
6619
8664
10409
11775
12696
13126
13036
12418
11287
9678
7649
5272
2639
-149
-2984
-5752
-8341
-10645
-12567
-14025
-14956
-15314
-15079
-14252
-12859
-10948
-8589
-5869
-2891
229
3374
6419
9246
11743
13811
15367
16347
16709
16437
15538
14043
12006
9504
6630
3494
214
-3085
-6279
-9246
-11873
-14060
-15725
-16804
-17258
-17068
-16244
-14817
-12840
-10390
-7558
-4452
-1187
2114
5330
8341
11038
13321
15110
16341
16971
16981
16376
15180
13441
11226
8620
5719
2632
-529
-3651
-6619
-9331
-11689
-13614
-15041
-15923
-16235
-15972
-15148
-13798
-11976
-9751
-7205
-4431
-1529
1398
4250
6927
9338
11404
13057
14245
14932
15101
14753
13904
12590
10861
8780
6422
3869
1210
-1464
-4065
-6505
-8705
-10593
-12111
-13210
-13860
-14043
-13756
-13014
-11846
-10293
-8410
-6262
-3920
-1464
1024
3465
5777
7886
9724
11231
12360
13076
13357
13196
12598
11586
10193
8466
6463
4250
1900
-508
-2897
-5185
-7298
-9166
-10725
-11923
-12722
-13092
-13022
-12512
-11580
-10256
-8584
-6619
-4429
-2087
326
2731
5043
7183
9077
10659
11873
12677
13041
12952
12412
11439
10066
8341
6324
4086
1705
-732
-3142
-5437
-7535
-9362
-10851
-11949
-12616
-12830
-12582
-11882
-10756
-9246
-7408
-5310
-3029
-650
1739
4050
6200
8107
9704
10931
11747
12121
12044
11522
10576
9246
7585
5659
3542
1318
-929
-3114
-5152
-6969
-8496
-9679
-10475
-10861
-10825
-10375
-9534
-8341
-6848
-5118
-3222
-1238
753
2674
4449
6010
7299
8270
8889
9139
9017
8536
7723
6619
5277
3755
2123
450
-1191
-2735
-4118
-5285
-6192
-6807
-7110
-7097
-6777
-6171
-5314
-4250
-3032
-1719
-372
945
2175
3263
4162
4834
5253
5405
5289
4916
4309
3501
2536
1464
339
-782
-1845
-2797
-3590
-4186
-4555
-4681
-4555
-4186
-3590
-2797
-1845
-782
339
1464
2536
3501
4309
4916
5289
5405
5253
4834
4162
3263
2175
945
-372
-1719
-3032
-4250
-5314
-6171
-6777
-7097
-7110
-6807
-6192
-5285
-4118
-2735
-1191
450
2123
3755
5277
6619
7723
8536
9017
9139
8889
8270
7299
6010
4449
2674
753
-1238
-3222
-5118
-6848
-8341
-9534
-10375
-10825
-10861
-10475
-9679
-8496
-6969
-5152
-3114
-929
1318
3542
5659
7585
9246
10576
11522
12044
12121
11747
10931
9704
8107
6200
4050
1739
-650
-3029
-5310
-7408
-9246
-10756
-11882
-12582
-12830
-12616
-11949
-10851
-9362
-7535
-5437
-3142
-732
1705
4086
6324
8341
10066
11439
12412
12952
13041
12677
11873
10659
9077
7183
5043
2731
326
-2087
-4429
-6619
-8584
-10256
-11580
-12512
-13022
-13092
-12722
-11923
-10725
-9166
-7298
-5185
-2897
-508
1900
4250
6463
8466
10193
11586
12598
13196
13357
13076
12360
11231
9724
7886
5777
3465
1024
-1464
-3920
-6262
-8410
-10293
-11846
-13014
-13756
-14043
-13860
-13210
-12111
-10593
-8705
-6505
-4065
-1464
1210
3869
6422
8780
10861
12590
13904
14753
15101
14932
14245
13057
11404
9338
6927
4250
1398
-1529
-4431
-7205
-9751
-11976
-13798
-15148
-15972
-16235
-15923
-15041
-13614
-11689
-9331
-6619
-3651
-529
2632
5719
8620
11226
13441
15180
16376
16981
16971
16341
15110
13321
11038
8341
5330
2114
-1187
-4452
-7558
-10390
-12840
-14817
-16244
-17068
-17258
-16804
-15725
-14060
-11873
-9246
-6279
-3085
214
3494
6630
9504
12006
14043
15538
16437
16709
16347
15367
13811
11743
9246
6419
3374
229
-2891
-5869
-8589
-10948
-12859
-14252
-15079
-15314
-14956
-14025
-12567
-10645
-8341
-5752
-2984
-149
2639
5272
7649
9678
11287
12418
13036
13126
12696
11775
10409
8664
6619
4365
1997
-384
-2682
-4805
-6669
-8206
-9362
-10098
-10396
-10259
-9703
-8767
-7501
-5971
-4250
-2418
-558
1247
2924
4402
5624
6545
7137
7385
7293
6877
6171
5219
4075
2801
1464
130
-1135
-2275
-3237
-3980
-4477
-4711
-4680
-4398
-3888
-3186
-2337
-1391
-405
564
1464
2243
2859
3278
3478
3448
3192
2724
2071
1269
366
-588
-1539
-2431
-3211
-3830
-4250
-4439
-4379
-4065
-3505
-2719
-1741
-615
604
1859
3085
4219
5199
5970
6486
6709
6619
6208
5482
4465
3195
1722
108
-1576
-3254
-4850
-6286
-7491
-8403
-8973
-9162
-8952
-8341
-7344
-5996
-4346
-2460
-416
1700
3799
5786
7571
9074
10221
10955
11235
11041
10372
9246
7705
5808
3629
1259
-1203
-3655
-5991
-8107
-9911
-11321
-12270
-12712
-12622
-11997
-10858
-9246
-7226
-4880
-2304
394
3100
5699
8078
10136
11779
12937
13555
13603
13075
11989
10390
8341
5928
3252
425
-2430
-5194
-7748
-9981
-11796
-13114
-13877
-14049
-13623
-12613
-11062
-9036
-6619
-3916
-1041
1881
4726
7370
9700
11614
13029
13883
14139
13786
12838
11335
9343
6946
4250
1370
-1568
-4438
-7114
-9481
-11435
-12891
-13787
-14082
-13765
-12849
-11373
-9402
-7023
-4338
-1464
1472
4343
7024
9399
11362
12829
13736
0
0
0
0
0
0
0
0
0
0
0
0
0
0
0
0
0
0
0
0
0
0
0
0
0
0
0
0
0
0
0
0
0
0
0
0
0
0
0
0
0
0
0
0
0
0
0
0
0
0
0
0
0
0
0
0
0
0
0
0
0
0
0
0
0
0
0
4681
4588
4315
3874
3282
2567
1758
890
0
-875
-1699
-2439
-3065
-3555
-3891
-4063
-4069
-3914
-3611
-3177
-2637
-2018
-1351
-668
0
625
1180
1646
2005
2249
2374
2384
2288
2099
1838
1525
1185
840
515
229
0
-161
-247
-256
-193
-69
102
301
507
697
847
936
946
863
677
388
0
-475
-1020
-1608
-2211
-2795
-3324
-3762
-4076
-4235
-4214
-3996
-3573
-2945
-2124
-1132
0
1230
2511
3788
5002
6096
7012
7697
8107
8206
7970
7389
6468
5226
3700
1937
0
-2038
-4098
-6093
-7938
-9549
-10848
-11768
-12255
-12269
-11792
-10822
-9381
-7510
-5268
-2734
0
2829
5643
8326
10767
12857
14503
15625
16162
16076
15352
14002
12064
9600
6695
3455
0
-3536
-7015
-10297
-13247
-15739
-17666
-18940
-19498
-19302
-18348
-16659
-14289
-11320
-7861
-4038
0
4099
8099
11839
15169
17952
20071
21434
21980
21677
20528
18569
15868
12526
8666
4436
0
-4471
-8803
-12823
-16373
-19310
-21516
-22900
-23405
-23005
-21712
-19575
-16673
-13118
-9046
-4616
0
4622
9070
13170
16763
19706
21887
23221
23657
23178
21807
19598
16640
13050
8971
4563
0
-4540
-8881
-12855
-16308
-19111
-21158
-22375
-22722
-22190
-20810
-18641
-15775
-12332
-8449
-4283
0
4233
8253
11905
15053
17579
19395
20439
20682
20127
18808
16787
14155
11024
7525
3801
0
-3728
-7240
-10403
-13101
-15239
-16745
-17574
-17710
-17162
-15968
-14190
-11913
-9236
-6276
-3155
0
3065
5924
8470
10613
12281
13423
14012
14043
13532
12518
11059
9228
7110
4801
2398
0
-2298
-4410
-6259
-7783
-8936
-9689
-10031
-9966
-9518
-8724
-7634
-6306
-4809
-3212
-1586
0
1484
2811
3935
4824
5456
5822
5927
5784
5419
4867
4167
3363
2501
1626
779
0
-682
-1242
-1666
-1947
-2087
-2095
-1988
-1787
-1520
-1214
-898
-600
-344
-149
-32
0
-54
-191
-397
-658
-950
-1250
-1531
-1766
-1931
-2003
-1967
-1810
-1529
-1126
-610
0
681
1405
2137
2842
3483
4024
4433
4680
4745
4613
4277
3743
3021
2135
1116
0
-1168
-2341
-3470
-4504
-5396
-6104
-6592
-6832
-6806
-6508
-5941
-5122
-4077
-2843
-1467
0
1499
2972
4357
5598
6640
7440
7961
8178
8078
7660
6937
5934
4688
3245
1662
0
-1676
-3300
-4807
-6137
-7236
-8060
-8574
-8757
-8602
-8112
-7307
-6218
-4887
-3366
-1715
0
1713
3358
4869
6188
7264
8055
8533
8679
8489
7973
7153
6063
4747
3257
1654
0
-1639
-3202
-4626
-5859
-6854
-7575
-7997
-8107
-7905
-7401
-6619
-5593
-4366
-2987
-1512
0
1491
2903
4184
5285
6167
6799
7161
7242
7045
6582
5874
4953
3858
2635
1331
0
-1308
-2543
-3659
-4616
-5378
-5922
-6229
-6293
-6116
-5709
-5091
-4289
-3339
-2279
-1151
0
1131
2198
3163
3991
4652
5125
5395
5455
5306
4957
4426
3734
2912
1990
1007
0
-993
-1935
-2792
-3531
-4127
-4560
-4814
-4883
-4765
-4468
-4003
-3390
-2654
-1821
-925
0
920
1802
2611
3319
3898
4327
4591
4681
4591
4327
3898
3319
2611
1802
920
0
-925
-1821
-2654
-3390
-4003
-4468
-4765
-4883
-4814
-4560
-4127
-3531
-2792
-1935
-993
0
1007
1990
2912
3734
4426
4957
5306
5455
5395
5125
4652
3991
3163
2198
1131
0
-1151
-2279
-3339
-4289
-5091
-5709
-6116
-6293
-6229
-5922
-5378
-4616
-3659
-2543
-1308
0
1331
2635
3858
4953
5874
6582
7045
7242
7161
6799
6167
5285
4184
2903
1491
0
-1512
-2987
-4366
-5593
-6619
-7401
-7905
-8107
-7997
-7575
-6854
-5859
-4626
-3202
-1639
0
1654
3257
4747
6063
7153
7973
8489
8679
8533
8055
7264
6188
4869
3358
1713
0
-1715
-3366
-4887
-6218
-7307
-8112
-8602
-8757
-8574
-8060
-7236
-6137
-4807
-3300
-1676
0
1662
3245
4688
5934
6937
7660
8078
8178
7961
7440
6640
5598
4357
2972
1499
0
-1467
-2843
-4077
-5122
-5941
-6508
-6806
-6832
-6592
-6104
-5396
-4504
-3470
-2341
-1168
0
1116
2135
3021
3743
4277
4613
4745
4681
4433
4024
3483
2842
2137
1405
681
0
-610
-1126
-1529
-1810
-1967
-2003
-1931
-1766
-1531
-1250
-950
-658
-397
-191
-54
0
-32
-149
-344
-600
-898
-1214
-1520
-1787
-1988
-2095
-2087
-1947
-1666
-1242
-682
0
779
1626
2501
3363
4167
4867
5419
5784
5927
5822
5456
4824
3935
2811
1484
0
-1586
-3212
-4809
-6306
-7634
-8724
-9518
-9966
-10031
-9689
-8936
-7783
-6259
-4410
-2298
0
2398
4801
7110
9228
11059
12518
13532
14043
14012
13423
12281
10613
8470
5924
3065
0
-3155
-6276
-9236
-11913
-14190
-15968
-17162
-17710
-17574
-16745
-15239
-13101
-10403
-7240
-3728
0
3801
7525
11024
14155
16787
18808
20127
20682
20439
19395
17579
15053
11905
8253
4233
0
-4283
-8449
-12332
-15775
-18641
-20810
-22190
-22722
-22375
-21158
-19111
-16308
-12855
-8881
-4540
0
4563
8971
13050
16640
19598
21807
23178
23657
23221
21887
19706
16763
13170
9070
4622
0
-4616
-9046
-13118
-16673
-19575
-21712
-23005
-23405
-22900
-21516
-19310
-16373
-12823
-8803
-4471
0
4436
8666
12526
15868
18569
20528
21677
21980
21434
20071
17952
15169
11839
8099
4099
0
-4038
-7861
-11320
-14289
-16659
-18348
-19302
-19498
-18940
-17666
-15739
-13247
-10297
-7015
-3536
0
3455
6695
9600
12064
14002
15352
16076
16162
15625
14503
12857
10767
8326
5643
2829
0
-2734
-5268
-7510
-9381
-10822
-11792
-12269
-12255
-11768
-10848
-9549
-7938
-6093
-4098
-2038
0
1937
3700
5226
6468
7389
7970
8206
8107
7697
7012
6096
5002
3788
2511
1230
0
-1132
-2124
-2945
-3573
-3996
-4214
-4235
-4076
-3762
-3324
-2795
-2211
-1608
-1020
-475
0
388
677
863
946
936
847
697
507
301
102
-69
-193
-256
-247
-161
0
229
515
840
1185
1525
1838
2099
2288
2384
2374
2249
2005
1646
1180
625
0
-668
-1351
-2018
-2637
-3177
-3611
-3914
-4069
-4063
-3891
-3555
-3065
-2439
-1699
-875
0
890
1758
2567
3282
3874
4315
4588
0
0
0
0
0
0
0
0
0
0
0
0
0
0
0
0
0
0
0
0
0
0
0
0
0
0
0
0
0
0
0
0
0
0
0
0
0
0
0
0
0
0
0
0
0
0
0
0
0
0
0
0
0
0
0
0
0
0
0
0
0
0
0
0
0
0
0
4681
4519
4043
3279
2270
1073
-243
-1605
-2933
-4147
-5173
-5945
-6410
-6528
-6277
-5656
-4681
-3386
-1827
-70
1800
3698
5527
7193
8607
9688
10369
10599
10347
9604
8385
6724
4680
2332
-226
-2889
-5540
-8061
-10336
-12255
-13723
-14661
-15009
-14735
-13829
-12312
-10229
-7654
-4681
-1424
1986
5412
8710
11739
14366
16473
17961
18754
18805
18095
16640
14483
11698
8389
4681
716
-3347
-7347
-11121
-14512
-17379
-19598
-21071
-21729
-21536
-20489
-18620
-15994
-12709
-8889
-4681
-247
4235
8591
12646
16238
19220
21471
22898
23440
23070
21800
19676
16778
13217
9132
4681
37
-4615
-9096
-13230
-16854
-19828
-22035
-23390
-23841
-23373
-22004
-19792
-16823
-13217
-9116
-4680
-85
4492
8874
12891
16391
19241
21337
22601
22993
22504
21160
19022
16178
12745
8861
4681
367
-3911
-7992
-11721
-14959
-17589
-19518
-20683
-21049
-20615
-19409
-17489
-14940
-11870
-8404
-4681
-846
2950
6568
9871
12741
15078
16805
17868
18243
17929
16955
15372
13253
10692
7796
4680
1469
-1715
-4755
-7540
-9973
-11974
-13481
-14451
-14864
-14723
-14049
-12884
-11286
-9330
-7097
-4681
-2174
325
2730
4953
6922
8574
9862
10754
11232
11297
10962
10257
9222
7907
6372
4681
2898
1091
-675
-2343
-3860
-5181
-6271
-7104
-7665
-7950
-7963
-7718
-7237
-6547
-5683
-4680
-3579
-2418
-1237
-72
1040
2073
2999
3798
4452
4952
5292
5470
5490
5357
5083
4681
4164
3552
2861
2111
1322
514
-293
-1081
-1830
-2523
-3143
-3674
-4104
-4420
-4615
-4681
-4614
-4416
-4088
-3638
-3076
-2416
-1676
-876
-38
810
1644
2436
3160
3791
4304
4680
4904
4964
4854
4576
4134
3542
2819
1987
1076
117
-853
-1802
-2692
-3488
-4160
-4681
-5027
-5186
-5147
-4912
-4486
-3886
-3134
-2257
-1292
-274
754
1752
2680
3498
4175
4681
4994
5103
5002
4694
4193
3520
2702
1774
776
-249
-1260
-2211
-3062
-3777
-4324
-4681
-4830
-4767
-4495
-4024
-3378
-2583
-1676
-696
310
1301
2230
3056
3741
4255
4573
4680
4573
4253
3736
3044
2208
1266
260
-763
-1758
-2679
-3482
-4130
-4592
-4845
-4876
-4681
-4266
-3649
-2855
-1919
-881
211
1311
2368
3333
4163
4817
5264
5481
5456
5186
4681
3958
3047
1986
819
-403
-1629
-2804
-3877
-4800
-5531
-6036
-6289
-6278
-5998
-5459
-4681
-3693
-2535
-1255
95
1459
2781
4004
5075
5950
6590
6966
7061
6868
6394
5655
4681
3508
2185
765
-696
-2139
-3506
-4740
-5793
-6620
-7189
-7476
-7469
-7169
-6587
-5747
-4681
-3431
-2048
-587
896
2343
3697
4905
5922
6710
7238
7488
7452
7134
6548
5719
4681
3474
2147
752
-658
-2031
-3314
-4462
-5432
-6191
-6714
-6985
-6998
-6756
-6274
-5572
-4681
-3635
-2477
-1251
-1
1226
2388
3445
4361
5109
5664
6013
6149
6072
5791
5320
4681
3899
3006
2033
1017
-9
-1012
-1959
-2821
-3574
-4197
-4673
-4994
-5152
-5149
-4989
-4681
-4238
-3677
-3017
-2280
-1489
-667
162
975
1751
2468
3109
3656
4096
4418
4614
4681
4614
4418
4096
3656
3109
2468
1751
975
162
-667
-1489
-2280
-3017
-3677
-4238
-4681
-4989
-5149
-5152
-4994
-4673
-4197
-3574
-2821
-1959
-1012
-9
1017
2033
3006
3899
4681
5320
5791
6072
6149
6013
5664
5109
4361
3445
2388
1226
-1
-1251
-2477
-3635
-4681
-5572
-6274
-6756
-6998
-6985
-6714
-6191
-5432
-4462
-3314
-2031
-658
752
2147
3474
4681
5719
6548
7134
7452
7488
7238
6710
5922
4905
3697
2343
896
-587
-2048
-3431
-4680
-5747
-6587
-7169
-7469
-7476
-7189
-6620
-5793
-4740
-3506
-2139
-696
765
2185
3508
4681
5655
6394
6868
7061
6966
6590
5950
5075
4004
2781
1459
95
-1255
-2535
-3693
-4681
-5459
-5998
-6278
-6289
-6036
-5531
-4800
-3877
-2804
-1629
-403
819
1986
3047
3958
4680
5186
5456
5481
5264
4817
4163
3333
2368
1311
211
-881
-1919
-2855
-3649
-4266
-4681
-4876
-4845
-4592
-4130
-3482
-2679
-1758
-763
260
1266
2208
3044
3736
4253
4573
4681
4573
4255
3741
3056
2230
1301
310
-696
-1676
-2583
-3378
-4024
-4495
-4767
-4830
-4681
-4324
-3777
-3062
-2211
-1260
-249
776
1774
2702
3520
4193
4694
5002
5103
4994
4681
4175
3498
2680
1752
754
-274
-1292
-2257
-3134
-3886
-4486
-4912
-5147
-5186
-5027
-4681
-4160
-3488
-2692
-1802
-853
117
1076
1987
2819
3542
4134
4576
4854
4964
4904
4681
4304
3791
3160
2436
1644
810
-38
-876
-1676
-2416
-3076
-3638
-4088
-4416
-4614
-4681
-4615
-4420
-4104
-3674
-3143
-2523
-1830
-1081
-293
514
1322
2111
2861
3552
4164
4680
5083
5357
5490
5470
5292
4952
4452
3798
2999
2073
1040
-72
-1237
-2418
-3579
-4681
-5683
-6547
-7237
-7718
-7963
-7950
-7665
-7104
-6271
-5181
-3860
-2343
-675
1091
2898
4681
6372
7907
9222
10257
10962
11297
11232
10754
9862
8574
6922
4953
2730
325
-2174
-4680
-7097
-9330
-11286
-12884
-14049
-14723
-14864
-14451
-13481
-11974
-9973
-7540
-4755
-1715
1469
4681
7796
10692
13253
15372
16955
17929
18243
17868
16805
15078
12741
9871
6568
2950
-846
-4681
-8404
-11870
-14940
-17489
-19409
-20615
-21049
-20683
-19518
-17589
-14959
-11721
-7992
-3911
367
4680
8861
12745
16178
19022
21160
22504
22993
22601
21337
19241
16391
12891
8874
4492
-85
-4681
-9116
-13217
-16823
-19792
-22004
-23373
-23841
-23390
-22035
-19828
-16854
-13230
-9096
-4615
37
4681
9132
13217
16778
19676
21800
23070
23440
22898
21471
19220
16238
12646
8591
4235
-247
-4681
-8889
-12709
-15994
-18620
-20489
-21536
-21729
-21071
-19598
-17379
-14512
-11121
-7347
-3347
716
4680
8389
11698
14483
16640
18095
18805
18754
17961
16473
14366
11739
8710
5412
1986
-1424
-4681
-7654
-10229
-12312
-13829
-14735
-15009
-14661
-13723
-12255
-10336
-8061
-5540
-2889
-226
2332
4681
6724
8385
9604
10347
10599
10369
9688
8607
7193
5527
3698
1800
-70
-1827
-3386
-4680
-5656
-6277
-6528
-6410
-5945
-5173
-4147
-2933
-1605
-243
1073
2270
3279
4043
4519
0
0
0
0
0
0
0
0
0
0
0
0
0
0
0
0
0
0
0
0
0
0
0
0
0
0
0
0
0
0
0
0
0
0
0
0
0
0
0
0
0
0
0
0
0
0
0
0
0
0
0
0
0
0
0
0
0
0
0
0
0
0
0
0
0
0
0
