0
4278
8485
12550
16402
19973
23203
26035
28419
30314
31684
32507
32766
32456
31581
30156
28203
25758
22860
19561
15917
11991
7852
3573
-771
-5106
-9352
-13436
-17284
-20829
-24006
-26759
-29038
-30801
-32015
-32660
-32720
-32196
-31094
-29434
-27244
-24563
-21439
-17925
-14087
-9991
-5712
-1327
3083
7441
11667
15683
19415
22796
25762
28259
30239
31667
32514
32764
32412
31462
29931
27847
25247
22178
18696
14865
10755
6443
2009
-2465
-6896
-11201
-15299
-19113
-22570
-25606
-28162
-30190
-31650
-32514
-32764
-32394
-31411
-29832
-27686
-25012
-21861
-18292
-14372
-10175
-5781
-1274
3259
7733
12062
16161
19951
23359
26318
28771
30668
31973
32659
32711
32127
30919
29107
26727
23823
20452
16679
12577
8226
3711
-879
-5455
-9926
-14204
-18204
-21846
-25058
-27775
-29942
-31516
-32464
-32766
-32415
-31417
-29790
-27567
-24790
-21514
-17805
-13736
-9388
-4849
-209
4437
8997
13377
17489
21248
24578
27411
29687
31359
32393
32765
32468
31507
29899
27676
24884
21579
17828
13707
9301
4700
0
-4703
-9311
-13729
-17864
-21629
-24947
-27746
-29968
-31566
-32503
-32761
-32332
-31225
-29460
-27076
-24119
-20653
-16748
-12488
-7961
-3263
1506
6246
10856
15238
19298
22949
26112
28719
30713
32051
32702
32651
31900
30461
28366
25658
22395
18646
14492
10022
5332
524
-4298
-9029
-13567
-17811
-21669
-25055
-27896
-30127
-31699
-32577
-32739
-32182
-30916
-28967
-26379
-23206
-19519
-15397
-10932
-6222
-1372
3511
8320
12945
17284
21240
24723
27655
29968
31611
32545
32748
32214
30954
28995
26381
23169
19431
15252
10724
5950
1038
-3899
-8751
-13405
-17757
-21705
-25159
-28038
-30277
-31822
-32637
-32702
-32014
-30588
-28456
-25665
-22280
-18377
-14047
-9388
-4509
477
5455
10308
14924
19194
23018
26305
28979
30974
32243
32756
32498
31476
29711
27244
24133
20449
16280
11722
6884
1880
-3170
-8148
-12935
-17416
-21484
-25041
-28000
-30291
-31856
-32659
-32677
-31909
-30373
-28105
-25157
-21600
-17520
-13013
-8189
-3163
1941
7001
11893
16499
20705
24407
27516
29953
31659
32589
32721
32049
30590
28377
25463
21921
17836
13307
8448
3377
-1780
-6896
-11843
-16499
-20746
-24479
-27603
-30040
-31727
-32621
-32699
-31957
-30413
-28105
-25088
-21439
-17247
-12618
-7668
-2522
2689
7836
12787
17416
21605
25247
28248
30530
32035
32723
32574
31592
29801
27244
23987
20112
15718
10917
5832
595
-4660
-9798
-14685
-19194
-23208
-26622
-29345
-31307
-32455
-32757
-32206
-30813
-28614
-25665
-22043
-17841
-13169
-8148
-2911
2405
7661
12717
17440
21705
25397
28419
30689
32146
32750
32483
31352
29385
26633
23169
19084
14487
9500
4255
-1105
-6439
-11603
-16457
-20870
-24723
-27911
-30346
-31961
-32712
-32578
-31559
-29684
-27001
-23582
-19519
-14922
-9916
-4636
771
6162
11386
16301
20770
24671
27896
30354
31977
32719
32558
31498
29565
26813
23317
19172
14492
9407
4058
-1405
-6833
-12073
-16978
-21411
-25247
-28377
-30713
-32188
-32760
-32410
-31148
-29007
-26047
-22351
-18021
-13179
-7961
-2516
3003
8440
13640
18454
22745
26389
29282
31340
32503
32737
32033
30409
27913
24613
20604
16000
10932
5547
0
-5550
-10942
-16021
-20637
-24657
-27963
-30458
-32068
-32745
-32468
-31244
-29107
-26118
-22364
-17952
-13013
-7689
-2137
3479
8997
14252
19090
23367
26955
29748
31662
32640
32650
31691
29790
27003
23411
19119
14256
8965
3403
-2262
-7862
-13230
-18204
-22633
-26385
-29345
-31423
-32556
-32707
-31871
-30072
-27362
-23823
-19561
-14703
-9397
-3803
1908
7565
12994
18030
22517
26318
29316
31419
32559
32702
31841
30001
27238
23635
19302
14372
8996
3339
-2422
-8112
-13553
-18577
-23026
-26761
-29667
-31650
-32648
-32629
-31591
-29565
-26615
-22829
-18327
-13249
-7752
-2009
3799
9491
14886
19815
24120
27666
30338
32052
32751
32412
31044
28690
25423
21345
16586
11295
5642
-193
-6025
-11667
-16938
-21669
-25706
-28920
-31206
-32489
-32726
-31909
-30063
-27244
-23544
-19081
-13998
-8460
-2644
3259
9060
14569
19606
24006
27626
30346
32075
32756
32366
30916
28451
25051
20827
15917
10480
4696
-1244
-7147
-12817
-18065
-22719
-26622
-29644
-31684
-32674
-32578
-31398
-29173
-25975
-21909
-17110
-11737
-5969
0
5972
11747
17130
21941
26016
29217
31436
32596
32657
31615
29504
26395
22390
17625
12260
6476
470
-5554
-11392
-16845
-21726
-25867
-29127
-31393
-32585
-32662
-31619
-29491
-26349
-22301
-17483
-12062
-6222
-166
5898
11762
17222
22088
26191
29387
31566
32648
32597
31411
29131
25835
21636
16679
11138
5205
-912
-7001
-12847
-18244
-23003
-26955
-29960
-31912
-32739
-32412
-30940
-28374
-24803
-20353
-15179
-9465
-3413
2763
8843
14612
19863
24407
28083
30758
32334
32755
32003
30103
27124
23169
18381
12929
7010
836
-5370
-11386
-16993
-21989
-26191
-29446
-31636
-32680
-32538
-31214
-28754
-25247
-20819
-15630
-9868
-3744
2518
8692
14551
19879
24480
28184
30855
32393
32739
31880
29845
26709
22585
17625
12011
5950
-333
-6607
-12639
-18204
-23094
-27128
-30152
-32055
-32763
-32248
-30528
-27666
-23767
-18976
-13473
-7461
-1167
5173
11322
17047
22132
26385
29644
31785
32724
32427
30901
28203
24435
19738
14288
8294
1981
-4409
-10635
-16457
-21654
-26025
-29402
-31656
-32697
-32485
-31027
-28377
-24634
-19943
-14481
-8460
-2109
4324
10594
16457
21686
26077
29459
31699
32710
32451
30929
28203
24378
19601
14056
7961
1552
-4919
-11201
-17047
-22227
-26537
-29806
-31906
-32751
-32307
-30590
-27666
-23648
-18696
-13002
-6791
-309
6187
12441
18204
23246
27366
30398
32222
32762
31995
29951
26709
22398
17189
11289
4935
-1619
-8112
-14281
-19879
-24678
-28486
-31147
-32552
-32643
-31416
-28917
-25247
-20553
-15023
-8882
-2378
4225
10659
16662
21989
26421
29777
31918
32756
32254
30432
27362
23169
18024
12137
5748
-879
-7473
-13762
-19485
-24407
-28323
-31070
-32533
-32650
-31414
-28875
-25136
-20353
-14721
-8475
-1874
4807
11292
17307
22602
26955
30182
32146
32765
32010
29911
26556
22083
16679
10571
4016
-2711
-9326
-15551
-21121
-25799
-29387
-31732
-32732
-32344
-30582
-27520
-23286
-18060
-12062
-5547
1206
7911
14280
20041
24947
28786
31393
32653
32513
30975
28105
24024
18906
12972
6476
-301
-7069
-13534
-19415
-24458
-28443
-31196
-32596
-32580
-31148
-28360
-24336
-19250
-13322
-6811
0
6813
13332
19269
24364
28393
31178
32594
32578
31129
28309
24241
19103
13120
6555
-301
-7147
-13680
-19609
-24671
-28641
-31340
-32648
-32505
-30916
-27948
-23735
-18460
-12360
-5706
1206
8067
14569
20421
25359
29162
31656
32728
32328
30473
27244
22786
17298
11027
4255
-2711
-9557
-15974
-21669
-26383
-29901
-32062
-32766
-31979
-29736
-26137
-21345
-15577
-9095
-2195
4807
11593
17850
23291
27666
30771
32464
32665
31362
28614
24546
19345
13249
6538
-477
-7473
-14125
-20126
-25196
-29098
-31650
-32732
-32292
-30349
-26991
-22374
-16712
-10266
-3339
3746
10659
17076
22694
27251
30530
32377
32702
31489
28793
24740
19519
13375
6597
-494
-7565
-14281
-20323
-25404
-29282
-31772
-32753
-32178
-30072
-26533
-21729
-15887
-9285
-2238
4919
11843
18204
23695
28052
31066
32589
32548
30942
27847
23411
17845
11416
4435
-2763
-9830
-16425
-22227
-26955
-30378
-32330
-32713
-31507
-28769
-24631
-19293
-13013
-6096
1120
8285
15047
21076
26077
29802
32068
32763
31850
29372
25451
20276
14101
7230
0
-7232
-14111
-20295
-25478
-29402
-31872
-32764
-32033
-29711
-25913
-20827
-14703
-7845
-595
6688
13640
19914
25196
29220
31785
32759
32093
29819
26047
20967
14832
7950
664
-6656
-13645
-19948
-25247
-29273
-31822
-32763
-32046
-29706
-25861
-20703
-14492
-7543
-209
7138
14125
20396
25629
29557
31977
32766
31880
29363
25342
20022
13674
6622
-771
-8129
-15071
-21240
-26318
-30042
-32219
-32734
-31559
-28754
-24461
-18901
-12360
-5177
2276
9615
16457
22447
27271
30678
32489
32608
31026
27825
23169
17302
10527
3199
-4298
-11573
-18244
-23960
-28419
-31387
-32705
-32302
-30198
-26501
-21406
-15179
-8148
-684
6817
13962
20369
25700
29668
32064
32757
31710
28975
24698
19103
12488
5205
-2358
-9798
-16717
-22745
-27557
-30894
-32577
-32513
-30703
-27244
-22319
-16192
-9191
-1693
5898
13175
19743
25247
29388
31941
32765
31816
29141
24884
19276
12618
5272
-2362
-9871
-16845
-22903
-27714
-31014
-32621
-32445
-30495
-26875
-21781
-15492
-8351
-749
6896
14165
20658
26016
29942
32220
32721
31417
28377
23767
17841
10926
3403
-4310
-11787
-18613
-24407
-28847
-31684
-32759
-32010
-29476
-25298
-19707
-13013
-5590
2148
9769
16845
22980
27828
31116
32659
32366
30254
26438
21133
14635
7310
-430
-8148
-15409
-21801
-26962
-30598
-32502
-32563
-30778
-27244
-22162
-15818
-8572
-836
6950
14343
20920
26305
30190
32350
32661
31103
27762
22829
16586
9388
1649
-6187
-13670
-20369
-25898
-29936
-32249
-32702
-31267
-28024
-23161
-16955
-9766
-2009
5867
13405
20168
25762
29860
32222
32709
31291
28049
23169
16936
9711
1916
-5992
-13553
-20323
-25904
-29968
-32275
-32687
-31179
-27837
-22855
-16527
-9222
-1372
6562
14111
20829
26318
30252
32397
32623
30916
27374
22206
15718
8294
373
-7571
-15067
-21669
-26980
-30683
-32556
-32483
-30469
-26631
-21197
-14492
-6916
1077
9009
16402
22811
27851
31216
32702
32218
29790
25564
19793
12824
5078
-2978
-10856
-18080
-24210
-28873
-31785
-32766
-31757
-28816
-24119
-17952
-10689
-2772
5316
13083
20053
25799
29968
32304
32662
31017
27469
22233
15630
8064
0
-8067
-15639
-22251
-27492
-31038
-32669
-32282
-29899
-25665
-19840
-12785
-4935
3223
11185
18454
24578
29176
31960
32754
31507
28295
23317
16881
9388
1306
-6859
-14599
-21426
-26913
-30713
-32587
-32415
-30206
-26096
-20343
-13307
-5431
2789
10837
18204
24423
29100
31937
32755
31498
28244
23199
16679
9099
938
-7285
-15047
-21854
-27271
-30951
-32659
-32282
-29844
-25497
-19519
-12290
-4271
4023
12062
19330
25359
29762
32252
32670
30984
27303
21861
15008
7184
-1105
-9326
-16947
-23474
-28484
-31650
-32766
-31757
-28687
-23753
-17274
-9670
-1435
6896
14781
21705
27215
30951
32666
32248
29720
25247
19119
11737
3583
-4807
-12886
-20121
-26035
-30239
-32455
-32534
-30469
-26395
-20578
-13400
-5336
3083
11302
18775
25007
29584
32200
32681
30992
27244
21684
14679
6695
-1736
-10055
-17706
-24178
-29038
-31959
-32744
-31340
-27837
-22468
-15592
-7668
771
9163
16942
23583
28641
31772
32764
31548
28203
22955
16155
8261
-193
-8637
-16499
-23246
-28419
-31667
-32766
-31641
-28366
-23161
-16378
-8479
0
8482
16388
23178
28387
31659
32766
31633
28334
23092
16267
8323
-193
-8699
-16610
-23382
-28547
-31748
-32764
-31521
-28105
-22748
-15818
-7793
771
9287
17161
23850
28887
31923
32744
31292
27666
22114
15023
6884
-1736
-10238
-18030
-24565
-29387
-32158
-32681
-30919
-26991
-21173
-13868
-5590
3083
11543
19194
25499
30012
32414
32534
30361
26047
19895
12336
3903
-4807
-13181
-20625
-26610
-30711
-32637
-32248
-29569
-24790
-18247
-10405
-1820
6896
15124
22277
27843
31423
32760
31757
28483
23169
16196
8060
-655
-9326
-17331
-24094
-29127
-32068
-32703
-30984
-27033
-21133
-13707
-5289
3511
12062
19743
25999
30374
32552
32371
29844
25150
18630
10754
2094
-6719
-15047
-22282
-27896
-31478
-32765
-31661
-28244
-22763
-15616
-7324
1506
10228
18204
24847
29668
32313
32585
30461
26096
19809
12062
3423
-5469
-13962
-21426
-27310
-31178
-32740
-31881
-28661
-23317
-16242
-7961
912
9721
17811
24578
29519
32265
32608
30520
26157
19840
12041
3339
-5613
-14150
-21629
-27492
-31296
-32755
-31758
-28377
-22863
-15630
-7219
1736
10564
18599
25234
29968
32443
32468
30041
25342
18725
10689
1842
-7147
-15598
-22868
-28404
-31785
-32751
-31227
-27327
-21345
-13736
-5078
3969
12717
20496
26712
30887
32702
32014
28875
23522
16364
7950
-1077
-10024
-18204
-24986
-29848
-32414
-32483
-30050
-25298
-18593
-10451
-1499
7571
16058
23305
28750
31969
32711
30916
26720
20449
12587
3744
-5391
-14111
-21734
-27666
-31442
-32766
-31533
-27837
-21964
-14372
-5653
3510
12401
20323
26654
30894
32710
31957
28692
23169
15822
7226
-1941
-10958
-19113
-25762
-30378
-32596
-32237
-29328
-24096
-16955
-8469
691
9799
18132
25028
29936
32465
32412
29778
24772
17791
9388
234
-8940
-17404
-24479
-29598
-32350
-32513
-30072
-25219
-18342
-9991
-836
8388
16942
24135
29387
32275
32563
30226
25451
18620
10283
1113
-8148
-16754
-24006
-29316
-32252
-32574
-30254
-25477
-18630
-10266
-1066
8222
16845
24098
29390
32286
32549
30156
25298
18372
9941
695
-8610
-17213
-24407
-29603
-32371
-32482
-29925
-24908
-17841
-9305
0
9307
17850
24924
29942
32491
32356
29546
24293
17028
8351
-1019
-10308
-18745
-25629
-30386
-32621
-32145
-28995
-23432
-15917
-7073
2362
11603
19879
26497
30903
32728
31816
28241
22301
14491
5464
-4023
-13175
-21224
-27492
-31451
-32766
-31324
-27244
-20868
-12732
-3519
5992
15001
22745
28568
31977
32682
30619
25962
19103
10622
1238
-8253
-17047
-24394
-29668
-32420
-32412
-29643
-24347
-16973
-8148
1373
10781
19269
26112
30723
32705
31886
28334
22351
14449
5304
-4298
-13534
-21608
-27826
-31650
-32749
-31026
-26627
-19930
-11510
-2094
7504
16457
23989
29446
32355
32460
29752
24461
17046
8148
-1459
-10942
-19477
-26318
-30870
-32732
-31742
-27983
-21780
-13674
-4371
5316
14541
22496
28484
31977
32669
30495
25645
18541
9807
209
-9410
-18204
-25397
-30356
-32640
-32046
-28625
-22675
-14721
-5464
4278
13645
21806
28038
31787
32719
30748
26047
19032
10324
695
-8997
-17892
-25196
-30256
-32621
-32077
-28669
-22701
-14703
-5389
4409
13816
21989
28193
31872
32694
30582
25725
18555
9715
0
-9718
-18563
-25739
-30598
-32699
-31850
-28126
-21861
-13619
-4144
5708
15047
23026
28920
32194
32549
29951
24631
17073
7961
-1876
-11547
-20168
-26955
-31287
-32766
-31257
-26894
-20073
-11416
-1713
8148
17267
24807
30076
32589
32113
28690
22632
14492
5018
-4919
-14407
-22570
-28657
-32104
-32591
-30072
-24775
-17189
-8012
1907
11653
20323
27113
31393
32763
31094
26539
19519
10683
852
-9060
-18132
-25519
-30530
-32697
-31816
-27965
-21503
-13031
-3339
6667
16052
23938
29584
32459
32292
29097
23169
15065
5543
-4501
-14125
-22423
-28612
-32108
-32578
-29977
-24546
-16798
-7461
2582
12385
21019
27666
31694
32721
30647
25665
18247
9095
-923
-10856
-19760
-26786
-31264
-32766
-31146
-26556
-19431
-10451
-470
9557
18675
26008
30855
32749
31507
27244
20368
11537
1595
-8501
-17784
-25359
-30497
-32702
-31758
-27754
-21074
-12360
-2451
7696
17103
24860
30215
32648
31922
28105
21563
12929
3039
-7147
-16643
-24525
-30025
-32607
-32016
-28309
-21844
-13249
-3359
6859
16412
24364
29939
32588
32050
28377
21924
13322
3413
-6833
-16412
-24382
-29960
-32596
-32028
-28309
-21804
-13150
-3199
7069
16643
24578
30089
32630
31946
28105
21482
12732
2719
-7565
-17103
-24947
-30318
-32680
-31797
-27754
-20951
-12062
-1970
8320
17784
25478
30633
32732
31565
27244
20200
11134
952
-9326
-18675
-26154
-31014
-32765
-31228
-26556
-19215
-9941
333
10578
19760
26955
31436
32749
30759
25665
17979
8475
-1887
-12062
-21019
-27851
-31864
-32650
-30126
-24546
-16475
-6728
3703
13762
22423
28806
32258
32427
29291
23169
14683
4696
-5772
-15653
-23938
-29777
-32571
-32033
-28214
-21503
-12587
-2378
8077
17706
25519
30711
32748
31416
26850
19519
10175
-219
-10594
-19879
-27113
-31549
-32726
-30520
-25157
-17189
-7439
3083
13289
22119
28657
32222
32441
29289
23092
14492
4381
-6187
-16114
-24364
-30076
-32652
-31820
-27666
-20619
-11416
-1017
9491
19008
26537
31287
32757
30792
25595
17709
7961
-2625
-12939
-21894
-28547
-32194
-32451
-29286
-23032
-14346
-4144
6498
16457
24678
30291
32699
31644
27238
19943
10531
0
-10533
-19951
-27251
-31656
-32694
-30254
-24592
-16309
-6286
4409
14637
23305
29487
32519
32077
28203
21312
12137
1660
-8997
-18692
-26385
-31248
-32757
-30748
-25434
-17383
-7461
3266
13645
22556
29038
32390
32248
28625
21909
12824
2351
-8378
-18204
-26061
-31098
-32765
-30880
-25645
-17625
-7689
3083
13524
22496
29023
32393
32235
28565
21780
12618
2077
-8692
-18516
-26318
-31245
-32755
-30681
-25247
-17046
-6975
3863
14280
23132
29446
32527
32033
28015
20915
11510
836
-9932
-19609
-27125
-31650
-32682
-30103
-24198
-15616
-5304
5596
15880
24407
30232
32705
31550
26894
19250
9465
-1373
-12062
-21411
-28379
-32188
-32412
-29022
-22395
-13267
-2656
8253
18244
26197
31222
32754
30619
25054
16679
6433
-4537
-15001
-23783
-29895
-32648
-31731
-27244
-19690
-9916
976
11762
21224
28293
32170
32415
28997
22301
13080
2378
-8595
-18599
-26497
-31393
-32729
-30352
-24528
-15917
-5494
5554
15974
24578
30386
32734
31352
26395
18425
8351
-2679
-13405
-22602
-29217
-32491
-32046
-27932
-20616
-10936
0
10939
20625
27944
32055
32482
29173
22507
13249
2462
-8610
-18692
-26622
-31481
-32707
-30156
-24119
-15293
-4696
6446
16845
25296
30817
32766
30916
25477
17079
6695
-4468
-15115
-24006
-30106
-32702
-31489
-26606
-18620
-8460
2689
13528
22788
29387
32552
31909
27532
19930
9991
-1120
-12103
-21669
-28693
-32350
-32208
-28280
-21025
-11295
-234
10856
20671
28052
32127
32412
28871
21921
12379
1372
-9799
-19815
-27487
-31906
-32545
-29328
-22632
-13249
-2291
8940
19113
27016
31708
32629
29666
23169
13911
2992
-8285
-18577
-26654
-31549
-32677
-29899
-23544
-14372
-3477
7836
18214
26411
31442
32702
30037
23764
14635
3744
-7598
-18030
-26293
-31393
-32711
-30086
-23833
-14703
-3796
7571
18026
26305
31405
32707
30050
23753
14577
3632
-7754
-18204
-26446
-31479
-32688
-29925
-23522
-14256
-3253
8148
18560
26712
31608
32650
29706
23135
13736
2656
-8751
-19090
-27095
-31785
-32581
-29385
-22585
-13013
-1842
9557
19786
27585
31994
32468
28947
21861
12081
809
-10564
-20637
-28166
-32219
-32293
-28377
-20951
-10932
440
11762
21629
28819
32437
32033
27653
19840
9561
-1907
-13142
-22745
-29519
-32621
-31661
-26755
-18514
-7961
3586
14689
23960
30239
32740
31148
25658
16955
6128
-5469
-16384
-25247
-30944
-32759
-30461
-24336
-15151
-4058
7546
18204
26572
31595
32638
29565
22763
13087
1756
-9798
-20118
-27896
-32148
-32332
-28424
-20915
-10754
771
12203
22088
29171
32552
31797
27001
18769
8148
-3511
-14727
-24069
-30346
-32754
-30984
-25260
-16309
-5272
6439
17331
26008
31359
32696
29845
23169
13521
2137
-9523
-19964
-27843
-32146
-32318
-28334
-20703
-10405
1234
12717
22564
29503
32637
31559
26407
17841
6968
-4807
-15965
-25058
-30909
-32757
-30361
-24028
-14577
-3233
8533
19194
27364
31977
32433
28669
21173
10917
-762
-12345
-22321
-29387
-32619
-31592
-26438
-17828
-6884
4961
16161
25247
31028
32744
30168
23635
13998
2522
-9287
-19879
-27860
-32179
-32265
-28105
-20242
-9711
2101
13640
23382
30040
32733
31103
25362
16267
5018
-6896
-17901
-26537
-31659
-32585
-29190
-21921
-11741
0
11743
21929
29201
32589
31641
26480
17791
6728
-5233
-16499
-25566
-31222
-32709
-29826
-22955
-13013
-1327
10537
20994
28641
32450
31909
27088
18630
7668
-4324
-15739
-25041
-30976
-32744
-30105
-23411
-13561
-1880
10055
20637
28436
32397
31982
27244
18822
7852
-4182
-15653
-25007
-30974
-32743
-30072
-23319
-13400
-1660
10308
20879
28612
32455
31881
26966
18377
7282
-4807
-16245
-25468
-31216
-32702
-29720
-22675
-12528
-664
11292
21705
29147
32596
31576
26225
17274
5950
-6193
-17489
-26383
-31650
-32564
-28995
-21433
-10917
1105
12978
23064
29968
32737
30984
24950
15465
3839
-8320
-19330
-27666
-32170
-32217
-27796
-19519
-8531
3643
15314
24860
30951
32739
29972
23032
12884
938
-11141
-21669
-29176
-32613
-31498
-25982
-16835
-5332
6918
18204
26944
31912
32410
28366
20343
9465
-2743
-14569
-24351
-30713
-32759
-30198
-23387
-13283
-1306
10856
21492
29100
32604
31507
25962
16748
5166
-7147
-18454
-27152
-32008
-32332
-28076
-19840
-8789
3510
15314
24947
31038
32720
29752
22551
12140
0
-12143
-22559
-29762
-32723
-31017
-24884
-15198
-3339
8998
20053
28242
32393
31908
26854
17952
6476
-5930
-17489
-26541
-31785
-32465
-28481
-20402
-9388
2978
14918
24714
30951
32730
29790
22554
12062
-172
-12385
-22811
-29942
-32746
-30813
-24421
-14492
-2462
9926
20879
28806
32556
31581
26021
16679
4912
-7571
-18956
-27585
-32200
-32127
-27374
-18630
-7167
5342
17076
26318
31719
32485
28504
20353
9222
-3259
-15267
-25041
-31147
-32687
-29434
-21861
-11077
1334
13553
23783
30517
32764
30189
23169
12736
423
-11953
-22570
-29860
-32743
-30792
-24293
-14202
-2009
10483
21426
29201
32652
31267
25247
15482
3419
-9153
-20369
-28563
-32514
-31633
-26047
-16586
-4654
7973
19415
27967
32350
31910
26709
17520
5712
-6950
-18577
-27428
-32179
-32116
-27244
-18292
-6597
6088
17864
26962
32015
32263
27666
18910
7310
-5391
-17284
-26579
-31872
-32366
-27983
-19380
-7852
4862
16845
26287
31760
32433
28203
19707
8226
-4501
-16550
-26094
-31684
-32472
-28334
-19895
-8434
4310
16402
26003
31651
32486
28377
19946
8475
-4288
-16402
-26016
-31662
-32478
-28334
-19861
-8351
4437
16550
26133
31717
32445
28203
19638
8060
-4756
-16845
-26351
-31812
-32386
-27983
-19276
-7602
5243
17284
26666
31941
32293
27666
18769
6975
-5898
-17864
-27071
-32095
-32157
-27244
-18113
-6176
6719
18577
27557
32265
31968
26709
17302
5205
-7702
-19415
-28111
-32434
-31710
-26047
-16326
-4058
8843
20369
28719
32588
31368
25247
15179
2736
-10137
-21426
-29364
-32705
-30922
-24293
-13853
-1238
11573
22570
30025
32764
30353
23169
12339
-434
-13142
-23783
-30678
-32739
-29638
-21861
-10632
2276
14829
25041
31296
32604
28754
20353
8727
-4282
-16616
-26318
-31849
-32328
-27676
-18630
-6622
6439
18480
27585
32302
31880
26381
16679
4318
-8734
-20396
-28806
-32620
-31227
-24845
-14492
-1820
11144
22329
29942
32763
30335
23047
12062
-859
-13645
-24243
-30951
-32688
-29173
-20967
-9388
3703
16202
26094
31785
32354
27709
18593
6476
-6688
-18775
-27832
-32393
-31718
-25913
-15915
-3339
9779
21317
29402
32723
30737
23764
12933
0
-12935
-23772
-30745
-32720
-29372
-21243
-9654
3510
16105
26077
31798
32332
27590
18342
6096
-7147
-19226
-28162
-32493
-31507
-25362
-15061
-2291
10856
22227
29953
32765
30198
22670
11416
-1716
-14569
-25028
-31370
-32548
-28366
-19509
-7435
5867
18204
27539
32330
31782
25982
15887
3163
-10086
-21669
-29667
-32753
-30413
-23032
-11831
1334
14281
24860
31312
32563
28403
19519
7387
-5976
-18347
-27666
-32377
-31693
-25725
-15465
-2622
10659
22164
29968
32766
30086
22374
10917
-2369
-15261
-25599
-31650
-32396
-27709
-18372
-5950
7473
19643
28516
32596
31195
24546
13765
664
-12550
-23653
-30771
-32702
-29116
-20616
-8634
4807
17440
27128
32230
31881
26137
15968
3092
-10308
-21966
-29901
-32766
-30072
-22272
-10689
2711
15653
25937
31812
32275
27244
17574
4908
-8595
-20637
-29162
-32712
-30681
-23411
-12140
1206
14349
25041
31451
32480
27948
18630
6117
-7445
-19735
-28641
-32634
-31026
-24089
-13013
301
13567
24501
31222
32570
28309
19172
6728
-6876
-19298
-28393
-32589
-31159
-24347
-13326
0
13328
24354
31166
32585
28360
19220
6748
-6896
-19347
-28443
-32604
-31103
-24198
-13087
301
13640
24608
31294
32533
28105
18778
6176
-7504
-19879
-28786
-32669
-30847
-23635
-12290
1206
14493
25247
31583
32389
27520
17828
5008
-8692
-20870
-29387
-32745
-30352
-22624
-10917
2711
15865
26229
31977
32094
26556
16335
3233
-10442
-22277
-30182
-32757
-29546
-21112
-8944
4807
17712
27483
32390
31559
25136
14256
845
-12717
-24026
-31070
-32598
-28334
-19032
-6345
7473
19964
28903
32697
30666
23169
11540
-2148
-15456
-26008
-31918
-32127
-26596
-16309
-3103
10659
22517
30346
32741
29270
20553
8148
-5719
-18563
-28078
-32552
-31179
-24202
-12874
771
14281
25223
31625
32332
27214
17189
4062
-9798
-21894
-30040
-32762
-29565
-21025
-8682
5233
18204
27882
32514
31257
24336
13002
-691
-14262
-25247
-31650
-32307
-27094
-16955
-3732
10171
22227
30239
32747
29289
20494
7961
-6025
-18915
-28356
-32621
-30929
-23586
-11931
1907
15400
26077
31982
32033
26215
15592
2109
-11762
-23479
-30889
-32629
-28377
-18910
-5966
8077
20637
29402
32756
30080
21861
9613
-4409
-17621
-27585
-32459
-31342
-24435
-13013
816
14497
25499
31785
32188
26631
16140
2656
-11322
-23203
-30782
-32650
-28456
-18976
-5969
8148
20755
29503
32763
29925
21514
9095
-5021
-18204
-27995
-32564
-31058
-23753
-12011
1977
15598
26305
32095
31880
25698
14703
952
-12978
-24480
-31393
-32418
-27360
-17165
-3744
10381
22559
30497
32702
28754
19394
6380
-7836
-20580
-29446
-32762
-29899
-21393
-8847
5370
18577
28275
32630
30814
23169
11138
-3003
-16579
-27016
-32334
-31523
-24733
-13249
751
14612
25700
31906
32048
26096
15179
1372
-12698
-24354
-31371
-32412
-27273
-16932
-3359
10856
23003
30758
32638
28280
18514
5205
-9101
-21669
-30089
-32747
-29131
-19930
-6905
7445
20371
29387
32762
29844
21189
8460
-5898
-19125
-28673
-32702
-30433
-22301
-9868
4468
17946
27963
32585
30916
23274
11134
-3159
-16845
-27275
-32428
-31305
-24119
-12260
1977
15833
26622
32247
31615
24845
13249
-923
-14918
-26016
-32055
-31858
-25461
-14105
0
14107
25468
31864
32046
25975
14832
792
-13405
-24986
-31684
-32188
-26395
-15435
-1452
12817
24578
31525
32292
26727
15917
1981
-12345
-24250
-31393
-32366
-26976
-16280
-2378
11993
24006
31293
32415
27148
16527
2644
-11762
-23850
-31230
-32442
-27244
-16660
-2779
11653
23783
31206
32451
27267
16679
2783
-11667
-23806
-31222
-32441
-27217
-16586
-2656
11803
23919
31277
32412
27094
16378
2398
-12062
-24120
-31370
-32361
-26894
-16056
-2009
12441
24407
31496
32285
26615
15616
1488
-12939
-24777
-31650
-32178
-26251
-15055
-836
13553
25223
31826
32033
25797
14372
52
-14280
-25739
-32015
-31841
-25247
-13561
863
15115
26318
32208
31592
24592
12618
-1908
-16052
-26950
-32393
-31276
-23823
-11540
3083
17085
27622
32556
30880
22932
10324
-4384
-18204
-28323
-32682
-30389
-21909
-8965
5807
19399
29038
32755
29790
20744
7461
-7347
-20658
-29748
-32757
-29067
-19428
-5811
8997
21966
30436
32669
28203
17952
4016
-10746
-23305
-31079
-32468
-27184
-16309
-2077
12583
24657
31656
32135
25992
14491
0
-14493
-25999
-32139
-31644
-24613
-12494
2208
16457
27304
32503
30975
23032
10317
-4537
-18454
-28547
-32719
-30103
-21238
-7961
6971
20458
29694
32757
29007
19220
5431
-9491
-22439
-30713
-32587
-27666
-16973
-2736
12073
24364
31568
32177
26060
14492
-108
-14689
-26197
-32222
-31498
-24174
-11781
3083
17304
27896
32634
30520
21996
8847
-6162
-19879
-29416
-32766
-29219
-19519
-5706
9311
22368
30711
32578
27570
16743
2378
-12491
-24723
-31732
-32033
-25558
-13674
1105
15653
26888
32428
31095
23169
10328
-4707
-18745
-28806
-32750
-29736
-20402
-6728
8378
21705
30414
32650
27932
17262
2911
-12062
-24465
-31651
-32083
-25665
-13765
1077
15692
26955
32455
31012
22932
9941
-5180
-19194
-29098
-32765
-29406
-19738
-5832
9326
22486
30817
32526
27244
16102
1495
-13436
-25478
-32035
-31693
-24521
-12062
2999
17416
28078
32680
30226
21243
7668
-7565
-21167
-30192
-32685
-28105
-17438
-2992
12103
24578
31727
31995
25321
13150
-1876
-16499
-27539
-32596
-30567
-21889
-8448
6833
20630
29936
32722
28377
17845
3419
-11753
-24364
-31659
-32040
-25423
-13249
1823
16499
27568
32607
30508
21729
8189
-7147
-20920
-30108
-32693
-28105
-17347
-2779
12401
24860
31856
31850
24838
12360
-2839
-17416
-28160
-32702
-30037
-20749
-6884
8501
22013
30668
32552
27244
15915
1066
-14020
-26008
-32243
-31342
-23500
-10451
4915
19194
29220
32766
29042
18871
4509
-10856
-23813
-31479
-32147
-25665
-13473
1720
16533
27666
32637
30335
21271
7461
-8015
-21705
-30552
-32578
-27327
-15968
-1038
14125
26133
32294
31228
23169
9920
-5554
-19786
-29584
-32748
-28565
-17970
-3339
12043
24723
31849
31816
24627
11897
-3511
-18132
-28673
-32755
-29458
-19519
-5177
10334
23516
31393
32182
25702
13414
-1907
-16800
-27896
-32682
-30072
-20653
-6555
9029
22570
30997
32395
26445
14492
-751
-15827
-27310
-32589
-30461
-21406
-7481
8148
21926
30713
32507
26894
15151
-48
-15238
-26955
-32522
-30664
-21804
-7961
7702
21608
30575
32549
27076
15403
202
-15047
-26852
-32503
-30703
-21861
-8002
7696
21629
30598
32538
27001
15255
0
-15257
-27007
-32541
-30582
-21579
-7602
8129
21989
30779
32468
26664
14703
-655
-15865
-27411
-32621
-30288
-20948
-6758
8997
22672
31098
32318
26047
13736
-1763
-16855
-28038
-32713
-29790
-19946
-5464
10289
23653
31516
32046
25116
12336
-3319
-18204
-28847
-32766
-29042
-18541
-3711
11987
24889
31977
31593
23823
10480
-5316
-19871
-29777
-32711
-27983
-16697
-1495
14059
26318
32404
30885
22114
8148
-7733
-21801
-30745
-32460
-26539
-14372
1180
16457
27860
32699
29832
19930
5325
-10537
-23916
-31650
-31910
-24631
-11530
4298
19113
29409
32747
28334
17210
2009
-13670
-26112
-32365
-30942
-22178
-8148
7817
21929
30833
32412
26285
13907
-1780
-17047
-28259
-32743
-29429
-19103
-4222
11667
24777
31977
31548
23586
9991
-5992
-20546
-30192
-32619
-27244
-15350
219
15739
27492
32660
30001
20149
5464
-10533
-24006
-31719
-31816
-24270
-10892
5106
19879
29873
32681
27625
15917
373
-15261
-27221
-32621
-30156
-20416
-5748
10308
23879
31684
31836
24293
10875
-5173
-19973
-29942
-32665
-27477
-15633
0
15636
27483
32666
29925
19920
5078
-10999
-24407
-31886
-31615
-23656
-9941
6193
20824
30386
32549
26782
14487
-1341
-16845
-28242
-32749
-29262
-18630
-3445
12583
25539
32252
31078
22301
8064
-8148
-22368
-31111
-32231
-25451
-12429
3643
18824
29387
32737
28047
16465
836
-15001
-27152
-32625
-30072
-20115
-5205
10989
24479
31937
31523
23335
9388
-6876
-21447
-30723
-32412
-26092
-13322
2743
18132
29038
32759
28371
16955
1338
-14612
-26944
-32596
-30164
-20247
-5304
10958
24501
31960
31477
23169
9099
-7236
-21774
-30894
-32323
-25702
-12676
3510
18824
29446
32724
27837
16000
166
-15711
-27666
-32707
-29572
-19041
-3744
12491
25602
32304
30916
21780
7184
-9215
-23305
-31551
-31880
-24205
-10451
5930
20824
30486
32483
26311
13518
-2679
-18204
-29147
-32749
-28098
-16364
-502
15488
27574
32702
29574
18976
3583
-12717
-25806
-32371
-30748
-21345
-6538
9926
23879
31785
31636
23467
9346
-7147
-21830
-30974
-32254
-25342
-11991
4409
19692
29968
32623
26976
14462
-1736
-17495
-28798
-32764
-28377
-16752
-852
15267
27492
32699
29554
18857
3339
-13034
-26077
-32450
-30520
-20777
-5712
10817
24578
32042
31291
22515
7961
-8637
-23021
-31496
-31881
-24075
-10079
6509
21426
30833
32307
25463
12062
-4448
-19815
-30076
-32585
-26689
-13907
2465
18204
29244
32732
27762
15616
-569
-16610
-28356
-32765
-28692
-17189
-1231
15047
27428
32699
29490
18630
2932
-13528
-26478
-32552
-30168
-19943
-4530
12062
25519
32337
30737
21133
6022
-10659
-24565
-32068
-31208
-22206
-7407
9326
23628
31760
31593
23169
8686
-8070
-22719
-31423
-31903
-24028
-9858
6896
21846
31070
32147
24790
10926
-5807
-21019
-30711
-32336
-25461
-11891
4807
20244
30356
32478
26047
12755
-3899
-19528
-30012
-32581
-26556
-13521
3083
18877
29687
32654
26991
14192
-2362
-18294
-29387
-32703
-27360
-14769
1736
17784
29119
32734
27666
15255
-1206
-17349
-28887
-32752
-27913
-15652
771
16993
28695
32761
28105
15962
-434
-16717
-28547
-32765
-28244
-16186
193
16523
28443
32766
28334
16326
-48
-16412
-28387
-32766
-28374
-16382
0
0
0
0
0
0
0
0
0
0
0
0
0
0
0
0
0
0
0
0
0
0
0
0
0
0
0
0
0
0
0
0
0
0
0
0
0
0
0
0
0
0
0
0
0
0
0
0
0
0
0
0
0
0
0
0
0
0
0
0
0
0
0
0
0
0
0
0
0
0
0
0
0
0
0
0
0
0
0
0
0
0
0
0
0
0
0
0
0
0
0
0
0
0
0
0
0
0
0
0
0
0
0
0
0
0
0
0
0
0
0
0
0
0
0
0
0
0
0
0
0
0
0
0
0
0
0
0
0
0
0
0
0
0
0
0
0
0
0
0
0
0
0
0
0
0
0
0
0
0
0
0
0
0
0
0
0
0
0
0
0
0
0
0
0
0
0
0
0
0
0
0
0
0
0
0
0
0
0
0
0
0
0
0
0
0
0
0
0
0
0
0
0
0
0
0
0
0
0
0
0
0
0
0
0
0
0
0
0
0
0
0
0
0
0
0
0
0
0
0
0
0
0
0
0
0
0
0
0
0
0
0
0
0
0
0
0
0
0
0
0
0
0
0
0
0
0
0
0
0
0
0
0
0
0
0
0
0
0
0
0
0
0
0
0
0
0
0
0
0
0
0
0
0
0
0
0
0
0
0
0
0
0
0
0
0
0
0
0
0
0
0
0
0
0
0
0
0
0
0
0
0
0
0
0
0
0
0
0
0
0
0
0
0
0
0
0
0
0
0
0
0
0
0
0
0
0
0
0
0
0
0
0
0
0
0
0
0
0
0
0
0
0
0
0
0
0
0
0
0
0
0
0
0
0
0
0
0
0
0
0
0
0
0
0
0
0
0
0
0
0
0
0
0
0
0
0
0
0
0
0
0
0
0
0
0
0
0
0
0
0
0
0
0
0
0
0
0
0
0
0
0
0
0
0
0
0
0
0
0
0
0
0
0
0
0
0
0
0
0
0
0
0
0
0
0
0
0
0
0
0
0
0
0
0
0
0
0
0
0
0
0
0
0
0
0
0
0
0
0
0
0
0
0
0
0
0
0
0
0
0
0
0
0
0
0
0
0
0
0
0
0
0
0
0
0
0
0
0
0
0
0
0
0
0
0
0
0
0
0
0
0
0
0
0
0
0
0
0
0
0
0
0
0
0
0
0
0
0
0
0
0
0
0
0
0
0
0
0
0
0
0
0
0
0
0
0
0
0
0
0
0
0
0
0
0
0
0
0
0
0
0
0
0
0
0
0
0
0
0
0
0
0
0
0
0
0
0
0
0
0
0
0
0
0
0
0
0
0
0
0
0
0
0
0
0
0
0
0
0
0
0
0
0
0
0
0
0
0
0
0
0
0
0
0
0
0
0
0
0
0
0
0
0
0
0
0
0
0
0
0
0
0
0
0
0
0
0
0
0
0
0
0
0
0
0
0
0
0
0
0
0
0
0
0
0
0
0
0
0
0
0
0
0
0
0
0
0
0
0
0
0
0
0
0
0
0
0
0
0
0
0
0
0
0
0
0
0
0
0
0
0
0
0
0
0
0
0
0
0
0
0
0
0
0
0
0
0
0
0
0
0
0
0
0
0
0
0
0
0
0
0
0
0
0
0
0
0
0
0
0
0
0
0
0
0
0
0
0
0
0
0
0
0
0
0
0
0
0
0
0
0
0
0
0
0
0
0
0
0
0
0
0
0
0
0
0
0
0
0
0
0
0
0
0
0
0
0
0
0
0
0
0
0
0
0
0
0
0
0
0
0
0
0
0
0
0
0
0
0
0
0
0
0
0
0
0
0
0
0
0
0
0
0
0
0
0
0
0
0
0
0
0
0
0
0
0
0
0
0
0
0
0
0
0
0
0
0
0
0
0
0
0
0
0
0
0
0
0
0
0
0
0
0
0
0
0
0
0
0
0
0
0
0
0
0
0
0
0
0
0
0
0
0
0
0
0
0
0
0
0
0
0
0
0
0
0
0
0
0
0
0
0
0
0
0
0
0
0
0
0
0
0
0
0
0
0
0
0
0
0
0
0
0
0
0
0
0
0
0
0
0
0
0
0
0
0
0
0
0
0
0
0
0
0
0
0
0
0
0
0
0
0
0
0
0
0
0
0
0
0
0
0
0
0
0
0
0
0
0
0
0
0
0
0
0
0
0
0
0
0
0
0
0
0
0
0
0
0
0
16383
16146
15442
14291
12728
10797
8555
6067
3406
648
-2124
-4834
-7400
-9750
-11816
-13538
-14868
-15767
-16212
-16190
-15703
-14767
-13410
-11673
-9605
-7269
-4732
-2067
647
3335
5919
8326
10488
12345
13845
14947
15623
15856
15641
14988
13916
12460
10663
8577
6264
3788
1222
-1363
-3895
-6304
-8523
-10493
-12160
-13483
-14427
-14969
-15099
-14816
-14132
-13071
-11664
-9953
-7987
-5824
-3522
-1147
1238
3569
5783
7824
9639
11182
12415
13310
13848
14018
13821
13266
12373
11170
9690
7977
6078
4043
1926
-216
-2330
-4362
-6263
-7985
-9488
-10737
-11705
-12371
-12722
-12755
-12472
-11885
-11011
-9877
-8513
-6955
-5243
-3421
-1533
373
2253
4062
5758
7300
8655
9792
10686
11319
11678
11757
11557
11084
10352
9379
8191
6816
5288
3643
1920
160
-1595
-3307
-4933
-6437
-7783
-8941
-9885
-10591
-11044
-11234
-11157
-10815
-10216
-9374
-8311
-7050
-5622
-4062
-2407
-696
1027
2724
4352
5872
7246
8441
9427
10181
10683
10922
10891
10591
10031
9224
8191
6959
5558
4025
2398
720
-965
-2617
-4192
-5651
-6955
-8073
-8976
-9642
-10056
-10209
-10098
-9730
-9115
-8274
-7230
-6014
-4659
-3205
-1690
-157
1353
2800
4146
5356
6399
7251
7892
8310
8496
8453
8186
7708
7039
6203
5228
4145
2989
1794
598
-566
-1667
-2674
-3562
-4310
-4901
-5325
-5577
-5659
-5576
-5341
-4968
-4478
-3894
-3240
-2543
-1830
-1125
-453
163
708
1166
1526
1784
1937
1990
1950
1829
1640
1403
1134
854
583
339
140
0
-70
-64
22
188
428
732
1087
1474
1875
2267
2629
2936
3168
3304
3327
3224
2985
2607
2092
1446
683
-179
-1117
-2103
-3105
-4091
-5024
-5869
-6592
-7161
-7547
-7727
-7683
-7403
-6886
-6133
-5158
-3980
-2626
-1132
463
2114
3773
5389
6910
8287
9472
10424
11105
11486
11546
11275
10669
9738
8502
6988
5235
3289
1204
-961
-3144
-5282
-7310
-9166
-10792
-12136
-13154
-13811
-14082
-13954
-13426
-12508
-11223
-9604
-7695
-5551
-3231
-802
1663
4095
6422
8574
10488
12107
13382
14275
14760
14821
14458
13682
12515
10994
9164
7080
4805
2407
-41
-2468
-4802
-6974
-8921
-10588
-11926
-12901
-13487
-13673
-13456
-12851
-11880
-10579
-8993
-7175
-5183
-3083
-941
1177
3207
5088
6765
8191
9328
10147
10631
10774
10581
10068
9262
8197
6915
5467
3905
2285
663
-906
-2371
-3686
-4811
-5715
-6373
-6772
-6908
-6788
-6425
-5845
-5076
-4158
-3131
-2041
-933
144
1149
2043
2790
3362
3739
3910
3872
3629
3196
2596
1857
1015
108
-820
-1728
-2571
-3309
-3905
-4328
-4553
-4564
-4352
-3919
-3273
-2434
-1429
-292
933
2205
3472
4684
5792
6748
7509
8037
8303
8284
7970
7359
6462
5297
3895
2296
546
-1297
-3178
-5033
-6799
-8414
-9820
-10964
-11801
-12293
-12415
-12153
-11504
-10480
-9103
-7408
-5442
-3260
-926
1489
3913
6270
8485
10488
12213
13601
14606
15190
15330
15016
14251
13054
11456
9501
7246
4757
2106
-626
-3359
-6010
-8499
-10749
-12692
-14269
-15431
-16143
-16383
-16143
-15431
-14269
-12692
-10749
-8499
-6010
-3359
-626
2106
4757
7246
9501
11456
13054
14251
15016
15330
15190
14606
13601
12213
10488
8485
6270
3913
1489
-926
-3260
-5442
-7408
-9103
-10480
-11504
-12153
-12415
-12293
-11801
-10964
-9820
-8414
-6799
-5033
-3178
-1297
546
2296
3895
5297
6462
7359
7970
8284
8303
8037
7509
6748
5792
4684
3472
2205
933
-292
-1429
-2434
-3273
-3919
-4352
-4564
-4553
-4328
-3905
-3309
-2571
-1728
-820
108
1015
1857
2596
3196
3629
3872
3910
3739
3362
2790
2043
1149
144
-933
-2041
-3131
-4158
-5076
-5845
-6425
-6788
-6908
-6772
-6373
-5715
-4811
-3686
-2371
-906
663
2285
3905
5467
6915
8197
9262
10068
10581
10774
10631
10147
9328
8191
6765
5088
3207
1177
-941
-3083
-5183
-7175
-8993
-10579
-11880
-12851
-13456
-13673
-13487
-12901
-11926
-10588
-8921
-6974
-4802
-2468
-41
2407
4805
7080
9164
10994
12515
13682
14458
14821
14760
14275
13382
12107
10488
8574
6422
4095
1663
-802
-3231
-5551
-7695
-9604
-11223
-12508
-13426
-13954
-14082
-13811
-13154
-12136
-10792
-9166
-7310
-5282
-3144
-961
1204
3289
5235
6988
8502
9738
10669
11275
11546
11486
11105
10424
9472
8287
6910
5389
3773
2114
463
-1132
-2626
-3980
-5158
-6133
-6886
-7403
-7683
-7727
-7547
-7161
-6592
-5869
-5024
-4091
-3105
-2103
-1117
-179
683
1446
2092
2607
2985
3224
3327
3304
3168
2936
2629
2267
1875
1474
1087
732
428
188
22
-64
-70
0
140
339
583
854
1134
1403
1640
1829
1950
1990
1937
1784
1526
1166
708
163
-453
-1125
-1830
-2543
-3240
-3894
-4478
-4968
-5341
-5576
-5659
-5577
-5325
-4901
-4310
-3562
-2674
-1667
-566
598
1794
2989
4145
5228
6203
7039
7708
8186
8453
8496
8310
7892
7251
6399
5356
4146
2800
1353
-157
-1690
-3205
-4659
-6014
-7230
-8274
-9115
-9730
-10098
-10209
-10056
-9642
-8976
-8073
-6955
-5651
-4192
-2617
-965
720
2398
4025
5558
6959
8191
9224
10031
10591
10891
10922
10683
10181
9427
8441
7246
5872
4352
2724
1027
-696
-2407
-4062
-5622
-7050
-8311
-9374
-10216
-10815
-11157
-11234
-11044
-10591
-9885
-8941
-7783
-6437
-4933
-3307
-1595
160
1920
3643
5288
6816
8191
9379
10352
11084
11557
11757
11678
11319
10686
9792
8655
7300
5758
4062
2253
373
-1533
-3421
-5243
-6955
-8513
-9877
-11011
-11885
-12472
-12755
-12722
-12371
-11705
-10737
-9488
-7985
-6263
-4362
-2330
-216
1926
4043
6078
7977
9690
11170
12373
13266
13821
14018
13848
13310
12415
11182
9639
7824
5783
3569
1238
-1147
-3522
-5824
-7987
-9953
-11664
-13071
-14132
-14816
-15099
-14969
-14427
-13483
-12160
-10493
-8523
-6304
-3895
-1363
1222
3788
6264
8577
10663
12460
13916
14988
15641
15856
15623
14947
13845
12345
10488
8326
5919
3335
647
-2067
-4732
-7269
-9605
-11673
-13410
-14767
-15703
-16190
-16212
-15767
-14868
-13538
-11816
-9750
-7400
-4834
-2124
648
3406
6067
8555
10797
12728
14291
15442
16146
0
0
0
0
0
0
0
0
0
0
0
0
0
0
0
0
0
0
0
0
0
0
0
0
0
0
0
0
0
0
0
0
0
0
0
0
0
0
0
0
0
0
0
0
0
0
0
0
0
0
0
0
0
0
0
0
0
0
0
0
0
0
0
0
0
0
0
-16383
-16118
-15330
-14046
-12307
-10171
-7708
-4997
-2127
807
3711
6490
9053
11317
13209
14668
15647
16115
16057
15478
14397
12850
10890
8582
6001
3234
372
-2492
-5264
-7853
-10175
-12155
-13728
-14845
-15470
-15584
-15186
-14290
-12927
-11145
-9002
-6571
-3934
-1177
1607
4328
6896
9225
11241
12878
14082
14815
15055
14795
14044
12831
11194
9191
6888
4362
1696
-1019
-3696
-6246
-8585
-10636
-12332
-13618
-14453
-14809
-14676
-14058
-12977
-11469
-9584
-7384
-4941
-2336
346
3019
5595
7989
10126
11935
13358
14350
14879
14928
14497
13599
12263
10533
8466
6126
3589
935
-1749
-4380
-6876
-9156
-11151
-12796
-14043
-14852
-15199
-15075
-14484
-13448
-11998
-10181
-8055
-5686
-3147
-518
2121
4690
7112
9312
11226
12799
13984
14748
15072
14950
14387
13405
12035
10323
8321
6091
3700
1222
-1272
-3708
-6017
-8133
-9998
-11561
-12780
-13627
-14081
-14137
-13798
-13080
-12010
-10623
-8965
-7085
-5040
-2890
-696
1479
3578
5546
7331
8888
10182
11185
11875
12243
12287
12015
11441
10590
9490
8177
6691
5075
3372
1630
-109
-1801
-3407
-4891
-6221
-7370
-8319
-9052
-9559
-9837
-9888
-9719
-9342
-8772
-8028
-7133
-6110
-4985
-3783
-2532
-1257
16
1265
2467
3600
4646
5590
6416
7113
7670
8082
8341
8445
8393
8186
7827
7321
6676
5901
5007
4008
2919
1758
544
-701
-1957
-3199
-4402
-5542
-6595
-7535
-8340
-8988
-9460
-9740
-9816
-9677
-9321
-8747
-7961
-6975
-5804
-4469
-2998
-1420
230
1915
3595
5228
6774
8191
9442
10491
11305
11860
12135
12116
11797
11180
10273
9095
7670
6030
4213
2264
229
-1838
-3887
-5862
-7712
-9387
-10840
-12032
-12928
-13502
-13735
-13619
-13153
-12348
-11221
-9800
-8121
-6228
-4168
-1995
233
2459
4625
6672
8547
10202
11592
12681
13442
13856
13912
13612
12964
11988
10711
9169
7404
5464
3402
1271
-869
-2967
-4965
-6815
-8469
-9888
-11038
-11893
-12436
-12658
-12558
-12146
-11438
-10456
-9233
-7803
-6208
-4492
-2702
-883
916
2652
4283
5772
7083
8191
9074
9716
10109
10252
10149
9810
9251
8495
7564
6489
5299
4026
2704
1364
38
-1243
-2455
-3572
-4574
-5444
-6168
-6738
-7148
-7397
-7486
-7422
-7211
-6866
-6397
-5821
-5151
-4404
-3597
-2746
-1868
-978
-93
773
1608
2399
3134
3803
4397
4909
5330
5656
5883
6005
6023
5935
5741
5443
5046
4554
3974
3315
2585
1798
967
105
-770
-1644
-2497
-3313
-4073
-4760
-5358
-5851
-6225
-6471
-6578
-6541
-6358
-6030
-5560
-4958
-4234
-3404
-2485
-1499
-467
584
1631
2646
3605
4483
5257
5906
6412
6763
6948
6961
6801
6473
5983
5346
4576
3696
2727
1696
630
-441
-1490
-2490
-3414
-4238
-4940
-5505
-5917
-6169
-6256
-6179
-5942
-5556
-5033
-4393
-3655
-2841
-1978
-1090
-202
659
1471
2212
2865
3412
3843
4151
4330
4383
4312
4127
3839
3461
3012
2507
1968
1413
861
330
-163
-606
-987
-1296
-1530
-1685
-1764
-1769
-1708
-1591
-1428
-1232
-1017
-796
-582
-388
-225
-102
-26
0
-26
-102
-225
-388
-582
-796
-1017
-1232
-1428
-1591
-1708
-1769
-1764
-1685
-1530
-1296
-987
-606
-163
330
861
1413
1968
2507
3012
3461
3839
4127
4312
4383
4330
4151
3843
3412
2865
2212
1471
659
-202
-1090
-1978
-2841
-3655
-4393
-5033
-5556
-5942
-6179
-6256
-6169
-5917
-5505
-4940
-4238
-3414
-2490
-1490
-441
630
1696
2727
3696
4576
5346
5983
6473
6801
6961
6948
6763
6412
5906
5257
4483
3605
2646
1631
584
-467
-1499
-2485
-3404
-4234
-4958
-5560
-6030
-6358
-6541
-6578
-6471
-6225
-5851
-5358
-4760
-4073
-3313
-2497
-1644
-770
105
967
1798
2585
3315
3974
4554
5046
5443
5741
5935
6023
6005
5883
5656
5330
4909
4397
3803
3134
2399
1608
773
-93
-978
-1868
-2746
-3597
-4404
-5151
-5821
-6397
-6866
-7211
-7422
-7486
-7397
-7148
-6738
-6168
-5444
-4574
-3572
-2455
-1243
38
1364
2704
4026
5299
6489
7564
8495
9251
9810
10149
10252
10109
9716
9074
8191
7083
5772
4283
2652
916
-883
-2702
-4492
-6208
-7803
-9233
-10456
-11438
-12146
-12558
-12658
-12436
-11893
-11038
-9888
-8469
-6815
-4965
-2967
-869
1271
3402
5464
7404
9169
10711
11988
12964
13612
13912
13856
13442
12681
11592
10202
8547
6672
4625
2459
233
-1995
-4168
-6228
-8121
-9800
-11221
-12348
-13153
-13619
-13735
-13502
-12928
-12032
-10840
-9387
-7712
-5862
-3887
-1838
229
2264
4213
6030
7670
9095
10273
11180
11797
12116
12135
11860
11305
10491
9442
8191
6774
5228
3595
1915
230
-1420
-2998
-4469
-5804
-6975
-7961
-8747
-9321
-9677
-9816
-9740
-9460
-8988
-8340
-7535
-6595
-5542
-4402
-3199
-1957
-701
544
1758
2919
4008
5007
5901
6676
7321
7827
8186
8393
8445
8341
8082
7670
7113
6416
5590
4646
3600
2467
1265
16
-1257
-2532
-3783
-4985
-6110
-7133
-8028
-8772
-9342
-9719
-9888
-9837
-9559
-9052
-8319
-7370
-6221
-4891
-3407
-1801
-109
1630
3372
5075
6691
8177
9490
10590
11441
12015
12287
12243
11875
11185
10182
8888
7331
5546
3578
1479
-696
-2890
-5040
-7085
-8965
-10623
-12010
-13080
-13798
-14137
-14081
-13627
-12780
-11561
-9998
-8133
-6017
-3708
-1272
1222
3700
6091
8321
10323
12035
13405
14387
14950
15072
14748
13984
12799
11226
9312
7112
4690
2121
-518
-3147
-5686
-8055
-10181
-11998
-13448
-14484
-15075
-15199
-14852
-14043
-12796
-11151
-9156
-6876
-4380
-1749
935
3589
6126
8466
10533
12263
13599
14497
14928
14879
14350
13358
11935
10126
7989
5595
3019
346
-2336
-4941
-7384
-9584
-11469
-12977
-14058
-14676
-14809
-14453
-13618
-12332
-10636
-8585
-6246
-3696
-1019
1696
4362
6888
9191
11194
12831
14044
14795
15055
14815
14082
12878
11241
9225
6896
4328
1607
-1177
-3934
-6571
-9002
-11145
-12927
-14290
-15186
-15584
-15470
-14845
-13728
-12155
-10175
-7853
-5264
-2492
372
3234
6001
8582
10890
12850
14397
15478
16057
16115
15647
14668
13209
11317
9053
6490
3711
807
-2127
-4997
-7708
-10171
-12307
-14046
-15330
-16118
0
0
0
0
0
0
0
0
0
0
0
0
0
0
0
0
0
0
0
0
0
0
0
0
0
0
0
0
0
0
0
0
0
0
0
0
0
0
0
0
0
0
0
0
0
0
0
0
0
0
0
0
0
0
0
0
0
0
0
0
0
0
0
0
0
0
0
-16383
-16170
-15537
-14501
-13090
-11345
-9311
-7045
-4609
-2068
508
3053
5497
7779
9837
11622
13087
14200
14936
15280
15230
14793
13988
12843
11394
9684
7765
5690
3516
1303
-891
-3012
-5007
-6828
-8435
-9793
-10876
-11665
-12152
-12335
-12220
-11821
-11160
-10264
-9163
-7892
-6491
-4997
-3450
-1889
-349
1136
2536
3825
4983
5991
6837
7516
8023
8359
8529
8540
8403
8128
7729
7219
6613
5923
5163
4344
3480
2580
1654
711
-238
-1188
-2127
-3048
-3940
-4793
-5595
-6333
-6996
-7568
-8036
-8384
-8599
-8668
-8578
-8321
-7890
-7280
-6494
-5535
-4414
-3145
-1749
-249
1324
2937
4554
6134
7636
9018
10239
11259
12043
12559
12782
12692
12278
11539
10480
9118
7477
5592
3504
1264
-1073
-3446
-5792
-8045
-10141
-12017
-13616
-14885
-15783
-16273
-16333
-15952
-15130
-13881
-12232
-10219
-7895
-5317
-2555
316
3218
6068
8785
11289
13507
15371
16825
17822
18328
18324
17806
16783
15280
13338
11008
8357
5457
2392
-749
-3877
-6901
-9732
-12287
-14491
-16279
-17597
-18407
-18684
-18421
-17626
-16321
-14547
-12356
-9815
-6999
-3993
-888
2224
5251
8102
10693
12947
14798
16194
17095
17478
17334
16672
15516
13906
11894
9545
6935
4146
1265
-1616
-4412
-7034
-9404
-11451
-13115
-14348
-15116
-15401
-15200
-14525
-13403
-11875
-9995
-7827
-5443
-2923
-349
2194
4627
6872
8858
10525
11823
12713
13172
13190
12773
11938
10720
9162
7320
5258
3048
764
-1516
-3717
-5766
-7596
-9147
-10371
-11229
-11695
-11758
-11418
-10690
-9601
-8191
-6510
-4615
-2573
-452
1674
3735
5661
7388
8859
10025
10847
11300
11368
11052
10362
9322
7967
6343
4504
2512
433
-1664
-3711
-5640
-7387
-8896
-10118
-11011
-11548
-11712
-11496
-10909
-9968
-8706
-7162
-5386
-3435
-1372
738
2828
4833
6688
8336
9725
10813
11566
11961
11988
11647
10950
9920
8589
7001
5205
3257
1217
-850
-2884
-4822
-6607
-8185
-9510
-10545
-11262
-11641
-11674
-11364
-10724
-9777
-8553
-7093
-5442
-3652
-1778
125
2000
3793
5452
6932
8191
9197
9926
10360
10493
10326
9871
9146
8177
6998
5648
4168
2603
1002
-590
-2128
-3571
-4878
-6017
-6960
-7687
-8183
-8441
-8460
-8249
-7820
-7192
-6390
-5441
-4377
-3232
-2041
-837
344
1473
2520
3459
4270
4937
5446
5792
5972
5991
5853
5572
5162
4640
4025
3340
2606
1844
1077
324
-395
-1066
-1673
-2205
-2653
-3013
-3281
-3456
-3542
-3542
-3463
-3313
-3101
-2836
-2528
-2189
-1827
-1453
-1076
-703
-342
2
323
619
886
1122
1327
1499
1639
1747
1825
1873
1893
1885
1851
1793
1710
1604
1477
1330
1164
981
783
572
352
124
-106
-337
-563
-781
-986
-1173
-1338
-1477
-1587
-1664
-1706
-1712
-1680
-1611
-1507
-1369
-1200
-1005
-789
-556
-313
-67
176
411
631
830
1003
1146
1255
1330
1367
1368
1334
1266
1168
1045
900
740
569
395
222
55
-98
-236
-354
-450
-521
-568
-590
-589
-566
-526
-471
-406
-335
-262
-191
-127
-74
-33
-8
0
-8
-33
-74
-127
-191
-262
-335
-406
-471
-526
-566
-589
-590
-568
-521
-450
-354
-236
-98
55
222
395
569
740
900
1045
1168
1266
1334
1368
1367
1330
1255
1146
1003
830
631
411
176
-67
-313
-556
-789
-1005
-1200
-1369
-1507
-1611
-1680
-1712
-1706
-1664
-1587
-1477
-1338
-1173
-986
-781
-563
-337
-106
124
352
572
783
981
1164
1330
1477
1604
1710
1793
1851
1885
1893
1873
1825
1747
1639
1499
1327
1122
886
619
323
2
-342
-703
-1076
-1453
-1827
-2189
-2528
-2836
-3101
-3313
-3463
-3542
-3542
-3456
-3281
-3013
-2653
-2205
-1673
-1066
-395
324
1077
1844
2606
3340
4025
4640
5162
5572
5853
5991
5972
5792
5446
4937
4270
3459
2520
1473
344
-837
-2041
-3232
-4377
-5441
-6390
-7192
-7820
-8249
-8460
-8441
-8183
-7687
-6960
-6017
-4878
-3571
-2128
-590
1002
2603
4168
5648
6998
8177
9146
9871
10326
10493
10360
9926
9197
8191
6932
5452
3793
2000
125
-1778
-3652
-5442
-7093
-8553
-9777
-10724
-11364
-11674
-11641
-11262
-10545
-9510
-8185
-6607
-4822
-2884
-850
1217
3257
5205
7001
8589
9920
10950
11647
11988
11961
11566
10813
9725
8336
6688
4833
2828
738
-1372
-3435
-5386
-7162
-8706
-9968
-10909
-11496
-11712
-11548
-11011
-10118
-8896
-7387
-5640
-3711
-1664
433
2512
4504
6343
7967
9322
10362
11052
11368
11300
10847
10025
8859
7388
5661
3735
1674
-452
-2573
-4615
-6510
-8191
-9601
-10690
-11418
-11758
-11695
-11229
-10371
-9147
-7596
-5766
-3717
-1516
764
3048
5258
7320
9162
10720
11938
12773
13190
13172
12713
11823
10525
8858
6872
4627
2194
-349
-2923
-5443
-7827
-9995
-11875
-13403
-14525
-15200
-15401
-15116
-14348
-13115
-11451
-9404
-7034
-4412
-1616
1265
4146
6935
9545
11894
13906
15516
16672
17334
17478
17095
16194
14798
12947
10693
8102
5251
2224
-888
-3993
-6999
-9815
-12356
-14547
-16321
-17626
-18421
-18684
-18407
-17597
-16279
-14491
-12287
-9732
-6901
-3877
-749
2392
5457
8357
11008
13338
15280
16783
17806
18324
18328
17822
16825
15371
13507
11289
8785
6068
3218
316
-2555
-5317
-7895
-10219
-12232
-13881
-15130
-15952
-16333
-16273
-15783
-14885
-13616
-12017
-10141
-8045
-5792
-3446
-1073
1264
3504
5592
7477
9118
10480
11539
12278
12692
12782
12559
12043
11259
10239
9018
7636
6134
4554
2937
1324
-249
-1749
-3145
-4414
-5535
-6494
-7280
-7890
-8321
-8578
-8668
-8599
-8384
-8036
-7568
-6996
-6333
-5595
-4793
-3940
-3048
-2127
-1188
-238
711
1654
2580
3480
4344
5163
5923
6613
7219
7729
8128
8403
8540
8529
8359
8023
7516
6837
5991
4983
3825
2536
1136
-349
-1889
-3450
-4997
-6491
-7892
-9163
-10264
-11160
-11821
-12220
-12335
-12152
-11665
-10876
-9793
-8435
-6828
-5007
-3012
-891
1303
3516
5690
7765
9684
11394
12843
13988
14793
15230
15280
14936
14200
13087
11622
9837
7779
5497
3053
508
-2068
-4609
-7045
-9311
-11345
-13090
-14501
-15537
-16170
0
0
0
0
0
0
0
0
0
0
0
0
0
0
0
0
0
0
0
0
0
0
0
0
0
0
0
0
0
0
0
0
0
0
0
0
0
0
0
0
0
0
0
0
0
0
0
0
0
0
0
0
0
0
0
0
0
0
0
0
0
0
0
0
0
0
0
-24575
-24253
-23296
-21731
-19598
-16956
-13875
-10438
-6738
-2872
1055
4941
8682
12179
15342
18089
20349
22065
23197
23717
23616
22902
21599
19746
17396
14616
11483
8083
4507
852
-2784
-6310
-9632
-12667
-15338
-17581
-19342
-20584
-21280
-21421
-21011
-20069
-18629
-16735
-14444
-11823
-8943
-5886
-2731
436
3536
6490
9225
11675
13784
15505
16802
17651
18041
17972
17456
16516
15186
13509
11535
9321
6928
4420
1863
-677
-3140
-5465
-7600
-9496
-11113
-12420
-13392
-14016
-14286
-14205
-13786
-13049
-12020
-10732
-9225
-7541
-5724
-3822
-1883
45
1920
3697
5338
6810
8082
9132
9940
10497
10797
10840
10633
10189
9523
8659
7621
6437
5139
3760
2332
890
-533
-1908
-3203
-4391
-5449
-6356
-7095
-7654
-8025
-8204
-8191
-7992
-7615
-7073
-6382
-5561
-4633
-3620
-2550
-1446
-337
750
1794
2768
3650
4423
5070
5577
5936
6141
6190
6087
5837
5449
4938
4320
3612
2836
2013
1167
321
-501
-1280
-1995
-2628
-3165
-3592
-3902
-4089
-4153
-4095
-3923
-3646
-3275
-2827
-2318
-1768
-1196
-622
-64
456
925
1328
1652
1889
2034
2085
2044
1916
1710
1438
1113
751
369
-12
-378
-710
-992
-1210
-1353
-1412
-1384
-1265
-1060
-774
-418
-5
448
925
1404
1866
2287
2649
2932
3120
3200
3160
2996
2706
2293
1766
1136
422
-355
-1174
-2005
-2822
-3594
-4294
-4894
-5368
-5696
-5858
-5844
-5644
-5259
-4692
-3955
-3065
-2044
-921
272
1502
2730
3917
5024
6015
6855
7514
7966
8191
8177
7918
7416
6681
5729
4587
3284
1857
348
-1198
-2736
-4218
-5597
-6831
-7878
-8705
-9283
-9592
-9618
-9359
-8818
-8009
-6956
-5687
-4241
-2659
-991
714
2404
4026
5530
6870
8004
8896
9519
9852
9886
9619
9060
8226
7145
5850
4383
2791
1124
-565
-2223
-3797
-5237
-6499
-7544
-8339
-8861
-9096
-9037
-8691
-8070
-7198
-6105
-4831
-3418
-1916
-374
1153
2618
3969
5164
6163
6935
7455
7710
7693
7409
6869
6097
5122
3980
2715
1371
0
-1351
-2632
-3798
-4808
-5625
-6220
-6574
-6674
-6519
-6114
-5475
-4628
-3603
-2440
-1182
123
1428
2683
3840
4854
5688
6307
6688
6814
6676
6279
5633
4760
3689
2458
1109
-308
-1744
-3145
-4460
-5639
-6637
-7415
-7941
-8191
-8152
-7820
-7201
-6312
-5180
-3839
-2334
-713
968
2654
4285
5805
7160
8300
9183
9774
10050
9995
9606
8892
7871
6573
5038
3313
1453
-481
-2429
-4325
-6106
-7712
-9089
-10190
-10975
-11416
-11496
-11209
-10561
-9571
-8268
-6692
-4893
-2927
-857
1249
3326
5305
7123
8720
10044
11052
11712
12000
11908
11439
10608
9441
7978
6265
4358
2320
216
-1884
-3913
-5806
-7501
-8945
-10092
-10906
-11362
-11449
-11165
-10522
-9545
-8268
-6736
-5001
-3123
-1165
806
2726
4531
6162
7565
8696
9520
10011
10158
9959
9425
8577
7448
6081
4526
2837
1076
-695
-2415
-4024
-5466
-6693
-7664
-8346
-8718
-8770
-8503
-7929
-7072
-5965
-4650
-3175
-1597
27
1639
3179
4590
5822
6830
7577
8036
8191
8036
7577
6830
5822
4590
3179
1639
27
-1597
-3175
-4650
-5965
-7072
-7929
-8503
-8770
-8718
-8346
-7664
-6693
-5466
-4024
-2415
-695
1076
2837
4526
6081
7448
8577
9425
9959
10158
10011
9520
8696
7565
6162
4531
2726
806
-1165
-3123
-5001
-6736
-8268
-9545
-10522
-11165
-11449
-11362
-10906
-10092
-8945
-7501
-5806
-3913
-1884
216
2320
4358
6265
7978
9441
10608
11439
11908
12000
11712
11052
10044
8720
7123
5305
3326
1249
-857
-2927
-4893
-6692
-8268
-9571
-10561
-11209
-11496
-11416
-10975
-10190
-9089
-7712
-6106
-4325
-2429
-481
1453
3313
5038
6573
7871
8892
9606
9995
10050
9774
9183
8300
7160
5805
4285
2654
968
-713
-2334
-3839
-5180
-6312
-7201
-7820
-8152
-8191
-7941
-7415
-6637
-5639
-4460
-3145
-1744
-308
1109
2458
3689
4760
5633
6279
6676
6814
6688
6307
5688
4854
3840
2683
1428
123
-1182
-2440
-3603
-4628
-5475
-6114
-6519
-6674
-6574
-6220
-5625
-4808
-3798
-2632
-1351
0
1371
2715
3980
5122
6097
6869
7409
7693
7710
7455
6935
6163
5164
3969
2618
1153
-374
-1916
-3418
-4831
-6105
-7198
-8070
-8691
-9037
-9096
-8861
-8339
-7544
-6499
-5237
-3797
-2223
-565
1124
2791
4383
5850
7145
8226
9060
9619
9886
9852
9519
8896
8004
6870
5530
4026
2404
714
-991
-2659
-4241
-5687
-6956
-8009
-8818
-9359
-9618
-9592
-9283
-8705
-7878
-6831
-5597
-4218
-2736
-1198
348
1857
3284
4587
5729
6681
7416
7918
8177
8191
7966
7514
6855
6015
5024
3917
2730
1502
272
-921
-2044
-3065
-3955
-4692
-5259
-5644
-5844
-5858
-5696
-5368
-4894
-4294
-3594
-2822
-2005
-1174
-355
422
1136
1766
2293
2706
2996
3160
3200
3120
2932
2649
2287
1866
1404
925
448
-5
-418
-774
-1060
-1265
-1384
-1412
-1353
-1210
-992
-710
-378
-12
369
751
1113
1438
1710
1916
2044
2085
2034
1889
1652
1328
925
456
-64
-622
-1196
-1768
-2318
-2827
-3275
-3646
-3923
-4095
-4153
-4089
-3902
-3592
-3165
-2628
-1995
-1280
-501
321
1167
2013
2836
3612
4320
4938
5449
5837
6087
6190
6141
5936
5577
5070
4423
3650
2768
1794
750
-337
-1446
-2550
-3620
-4633
-5561
-6382
-7073
-7615
-7992
-8191
-8204
-8025
-7654
-7095
-6356
-5449
-4391
-3203
-1908
-533
890
2332
3760
5139
6437
7621
8659
9523
10189
10633
10840
10797
10497
9940
9132
8082
6810
5338
3697
1920
45
-1883
-3822
-5724
-7541
-9225
-10732
-12020
-13049
-13786
-14205
-14286
-14016
-13392
-12420
-11113
-9496
-7600
-5465
-3140
-677
1863
4420
6928
9321
11535
13509
15186
16516
17456
17972
18041
17651
16802
15505
13784
11675
9225
6490
3536
436
-2731
-5886
-8943
-11823
-14444
-16735
-18629
-20069
-21011
-21421
-21280
-20584
-19342
-17581
-15338
-12667
-9632
-6310
-2784
852
4507
8083
11483
14616
17396
19746
21599
22902
23616
23717
23197
22065
20349
18089
15342
12179
8682
4941
1055
-2872
-6738
-10438
-13875
-16956
-19598
-21731
-23296
-24253
0
0
0
0
0
0
0
0
0
0
0
0
0
0
0
0
0
0
0
0
0
0
0
0
0
0
0
0
0
0
0
0
0
0
0
0
0
0
0
0
0
0
0
0
0
0
0
0
0
0
0
0
0
0
0
0
0
0
0
0
0
0
0
0
0
0
0
0
44
175
385
663
991
1350
1719
2074
2391
2646
2818
2888
2840
2663
2353
1908
1334
644
-145
-1013
-1931
-2869
-3794
-4673
-5469
-6149
-6684
-7044
-7209
-7161
-6889
-6392
-5675
-4749
-3635
-2359
-957
533
2069
3604
5091
6481
7728
8790
9629
10212
10516
10522
10224
9624
8732
7570
6165
4556
2787
907
-1028
-2964
-4842
-6607
-8204
-9585
-10707
-11535
-12042
-12211
-12034
-11515
-10668
-9517
-8094
-6440
-4604
-2639
-603
1444
3444
5337
7070
8593
9862
10843
11509
11845
11843
11507
10852
9901
8686
7246
5627
3880
2057
215
-1592
-3313
-4899
-6306
-7497
-8443
-9122
-9523
-9640
-9481
-9057
-8392
-7514
-6457
-5260
-3964
-2614
-1253
76
1335
2487
3502
4354
5026
5507
5792
5884
5792
5532
5124
4593
3967
3276
2550
1819
1112
455
-130
-626
-1020
-1304
-1477
-1541
-1505
-1382
-1188
-943
-669
-389
-123
104
276
376
391
315
144
-119
-468
-889
-1366
-1879
-2404
-2914
-3383
-3786
-4095
-4289
-4348
-4257
-4006
-3591
-3014
-2284
-1417
-433
641
1773
2929
4071
5158
6153
7016
7714
8215
8492
8529
8311
7837
7109
6140
4953
3575
2043
398
-1312
-3038
-4727
-6328
-7789
-9063
-10107
-10885
-11366
-11531
-11368
-10876
-10063
-8949
-7561
-5937
-4121
-2163
-121
1946
3980
5919
7706
9288
10617
11652
12362
12725
12729
12374
11669
10634
9300
7706
5899
3932
1862
-248
-2340
-4351
-6223
-7904
-9347
-10511
-11366
-11891
-12074
-11915
-11423
-10618
-9529
-8191
-6649
-4952
-3151
-1303
537
2317
3985
5495
6806
7886
8709
9259
9528
9518
9237
8705
7946
6993
5881
4651
3346
2009
683
-590
-1776
-2841
-3757
-4505
-5069
-5442
-5625
-5624
-5451
-5125
-4669
-4108
-3472
-2791
-2095
-1411
-767
-186
312
716
1013
1202
1284
1265
1158
977
742
474
195
-69
-300
-475
-578
-595
-516
-337
-59
312
766
1285
1849
2435
3016
3563
4048
4444
4723
4864
4848
4661
4296
3752
3034
2156
1136
0
-1220
-2489
-3767
-5012
-6181
-7230
-8120
-8814
-9278
-9488
-9423
-9075
-8440
-7526
-6351
-4938
-3324
-1548
339
2286
4235
6128
7905
9511
10891
11997
12790
13236
13313
13010
12326
11271
9868
8150
6160
3952
1585
-874
-3357
-5792
-8106
-10231
-12101
-13658
-14853
-15645
-16005
-15918
-15379
-14398
-12999
-11215
-9095
-6694
-4080
-1323
1496
4300
7007
9541
11826
13796
15393
16568
17285
17522
17268
16529
15323
13682
11650
9285
6650
3821
876
-2101
-5027
-7819
-10397
-12689
-14629
-16163
-17247
-17850
-17955
-17560
-16674
-15323
-13546
-11392
-8923
-6208
-3324
-351
2625
5525
8264
10768
12966
14798
16214
17175
17656
17644
17142
16165
14742
12914
10733
8261
5569
2731
-171
-3058
-5850
-8469
-10843
-12908
-14606
-15892
-16733
-17106
-17003
-16430
-15402
-13952
-12120
-9959
-7530
-4901
-2145
660
3438
6111
8606
10855
12796
14377
15555
16299
16589
16419
15794
14734
13267
11436
9292
6895
4311
1611
-1128
-3833
-6429
-8844
-11012
-12873
-14377
-15481
-16156
-16383
-16156
-15481
-14377
-12873
-11012
-8844
-6429
-3833
-1128
1611
4311
6895
9292
11436
13267
14734
15794
16419
16589
16299
15555
14377
12796
10855
8606
6111
3438
660
-2145
-4901
-7530
-9959
-12120
-13952
-15402
-16430
-17003
-17106
-16733
-15892
-14606
-12908
-10843
-8469
-5850
-3058
-171
2731
5569
8261
10733
12914
14742
16165
17142
17644
17656
17175
16214
14798
12966
10768
8264
5525
2625
-351
-3324
-6208
-8923
-11392
-13546
-15323
-16674
-17560
-17955
-17850
-17247
-16163
-14629
-12689
-10397
-7819
-5027
-2101
876
3821
6650
9285
11650
13682
15323
16529
17268
17522
17285
16568
15393
13796
11826
9541
7007
4300
1496
-1323
-4080
-6694
-9095
-11215
-12999
-14398
-15379
-15918
-16005
-15645
-14853
-13658
-12101
-10231
-8106
-5792
-3357
-874
1585
3952
6160
8150
9868
11271
12326
13010
13313
13236
12790
11997
10891
9511
7905
6128
4235
2286
339
-1548
-3324
-4938
-6351
-7526
-8440
-9075
-9423
-9488
-9278
-8814
-8120
-7230
-6181
-5012
-3767
-2489
-1220
0
1136
2156
3034
3752
4296
4661
4848
4864
4723
4444
4048
3563
3016
2435
1849
1285
766
312
-59
-337
-516
-595
-578
-475
-300
-69
195
474
742
977
1158
1265
1284
1202
1013
716
312
-186
-767
-1411
-2095
-2791
-3472
-4108
-4669
-5125
-5451
-5624
-5625
-5442
-5069
-4505
-3757
-2841
-1776
-590
683
2009
3346
4651
5881
6993
7946
8705
9237
9518
9528
9259
8709
7886
6806
5495
3985
2317
537
-1303
-3151
-4952
-6649
-8191
-9529
-10618
-11423
-11915
-12074
-11891
-11366
-10511
-9347
-7904
-6223
-4351
-2340
-248
1862
3932
5899
7706
9300
10634
11669
12374
12729
12725
12362
11652
10617
9288
7706
5919
3980
1946
-121
-2163
-4121
-5937
-7561
-8949
-10063
-10876
-11368
-11531
-11366
-10885
-10107
-9063
-7789
-6328
-4727
-3038
-1312
398
2043
3575
4953
6140
7109
7837
8311
8529
8492
8215
7714
7016
6153
5158
4071
2929
1773
641
-433
-1417
-2284
-3014
-3591
-4006
-4257
-4348
-4289
-4095
-3786
-3383
-2914
-2404
-1879
-1366
-889
-468
-119
144
315
391
376
276
104
-123
-389
-669
-943
-1188
-1382
-1505
-1541
-1477
-1304
-1020
-626
-130
455
1112
1819
2550
3276
3967
4593
5124
5532
5792
5884
5792
5507
5026
4354
3502
2487
1335
76
-1253
-2614
-3964
-5260
-6457
-7514
-8392
-9057
-9481
-9640
-9523
-9122
-8443
-7497
-6306
-4899
-3313
-1592
215
2057
3880
5627
7246
8686
9901
10852
11507
11843
11845
11509
10843
9862
8593
7070
5337
3444
1444
-603
-2639
-4604
-6440
-8094
-9517
-10668
-11515
-12034
-12211
-12042
-11535
-10707
-9585
-8204
-6607
-4842
-2964
-1028
907
2787
4556
6165
7570
8732
9624
10224
10522
10516
10212
9629
8790
7728
6481
5091
3604
2069
533
-957
-2359
-3635
-4749
-5675
-6392
-6889
-7161
-7209
-7044
-6684
-6149
-5469
-4673
-3794
-2869
-1931
-1013
-145
644
1334
1908
2353
2663
2840
2888
2818
2646
2391
2074
1719
1350
991
663
385
175
44
0
0
0
0
0
0
0
0
0
0
0
0
0
0
0
0
0
0
0
0
0
0
0
0
0
0
0
0
0
0
0
0
0
0
0
0
0
0
0
0
0
0
0
0
0
0
0
0
0
0
0
0
0
0
0
0
0
0
0
0
0
0
0
0
0
0
0
-8191
-8057
-7658
-7006
-6122
-5033
-3773
-2380
-898
627
2147
3615
4983
6207
7248
8070
8646
8953
8979
8719
8177
7365
6304
5022
3556
1948
243
-1505
-3248
-4930
-6499
-7905
-9103
-10052
-10718
-11077
-11109
-10809
-10178
-9228
-7979
-6465
-4722
-2799
-747
1373
3504
5583
7546
9335
10894
12173
13128
13726
13942
13761
13183
12215
10877
9202
7230
5013
2610
87
-2487
-5040
-7498
-9790
-11847
-13607
-15016
-16026
-16605
-16727
-16384
-15578
-14324
-12652
-10603
-8230
-5595
-2769
170
3143
6065
8853
11429
13717
15651
17172
18233
18801
18856
18391
17415
15951
14036
11721
9068
6148
3042
-165
-3385
-6527
-9504
-12232
-14634
-16642
-18200
-19263
-19800
-19795
-19250
-18177
-16607
-14585
-12165
-9417
-6416
-3248
0
3237
6375
9325
12007
14348
16285
17766
18754
19225
19169
18593
17516
15974
14014
11694
9082
6255
3292
279
-2700
-5566
-8238
-10647
-12729
-14433
-15717
-16554
-16929
-16840
-16299
-15330
-13969
-12263
-10266
-8041
-5655
-3178
-681
1764
4095
6249
8171
9816
11146
12135
12768
13039
12955
12530
11791
10769
9505
8045
6438
4735
2988
1248
-436
-2023
-3472
-4750
-5833
-6702
-7346
-7761
-7953
-7932
-7714
-7322
-6779
-6116
-5361
-4545
-3698
-2847
-2018
-1232
-508
142
708
1187
1579
1887
2120
2287
2401
2474
2522
2557
2591
2634
2693
2773
2874
2994
3128
3265
3396
3507
3582
3606
3563
3440
3224
2905
2478
1940
1294
547
-287
-1194
-2152
-3135
-4115
-5062
-5943
-6726
-7381
-7878
-8191
-8300
-8189
-7848
-7275
-6474
-5458
-4245
-2863
-1345
269
1938
3614
5248
6791
8195
9413
10406
11136
11575
11703
11508
10987
10147
9006
7590
5936
4085
2089
3
-2114
-4202
-6200
-8047
-9690
-11077
-12166
-12922
-13320
-13346
-12996
-12277
-11209
-9820
-8150
-6246
-4162
-1959
298
2546
4718
6752
8587
10171
11459
12414
13010
13232
13075
12546
11664
10457
8964
7232
5313
3267
1156
-957
-3012
-4946
-6705
-8240
-9508
-10476
-11121
-11430
-11400
-11038
-10364
-9403
-8191
-6771
-5191
-3503
-1761
-19
1668
3252
4687
5932
6955
7732
8246
8490
8467
8186
7666
6934
6019
4961
3798
2573
1329
109
-1048
-2107
-3036
-3810
-4410
-4823
-5046
-5079
-4933
-4622
-4167
-3593
-2930
-2207
-1457
-711
0
649
1212
1670
2009
2219
2298
2248
2078
1802
1436
1003
527
32
-453
-905
-1300
-1616
-1837
-1949
-1944
-1820
-1578
-1228
-782
-258
322
935
1553
2149
2695
3165
3535
3785
3899
3865
3678
3339
2853
2234
1499
671
-222
-1151
-2082
-2981
-3815
-4551
-5159
-5614
-5894
-5985
-5876
-5568
-5063
-4375
-3522
-2530
-1428
-251
961
2169
3333
4412
5369
6167
6779
7181
7355
7292
6991
6458
5707
4761
3649
2404
1068
-316
-1704
-3049
-4307
-5435
-6394
-7151
-7680
-7960
-7982
-7743
-7249
-6514
-5562
-4424
-3136
-1740
-282
1189
2625
3979
5203
6258
7108
7723
8083
8175
7995
7549
6852
5925
4800
3514
2111
636
-860
-2329
-3720
-4987
-6088
-6984
-7647
-8054
-8191
-8054
-7647
-6984
-6088
-4987
-3720
-2329
-860
636
2111
3514
4800
5925
6852
7549
7995
8175
8083
7723
7108
6258
5203
3979
2625
1189
-282
-1740
-3136
-4424
-5562
-6514
-7249
-7743
-7982
-7960
-7680
-7151
-6394
-5435
-4307
-3049
-1704
-316
1068
2404
3649
4761
5707
6458
6991
7292
7355
7181
6779
6167
5369
4412
3333
2169
961
-251
-1428
-2530
-3522
-4375
-5063
-5568
-5876
-5985
-5894
-5614
-5159
-4551
-3815
-2981
-2082
-1151
-222
671
1499
2234
2853
3339
3678
3865
3899
3785
3535
3165
2695
2149
1553
935
322
-258
-782
-1228
-1578
-1820
-1944
-1949
-1837
-1616
-1300
-905
-453
32
527
1003
1436
1802
2078
2248
2298
2219
2009
1670
1212
649
0
-711
-1457
-2207
-2930
-3593
-4167
-4622
-4933
-5079
-5046
-4823
-4410
-3810
-3036
-2107
-1048
109
1329
2573
3798
4961
6019
6934
7666
8186
8467
8490
8246
7732
6955
5932
4687
3252
1668
-19
-1761
-3503
-5191
-6771
-8191
-9403
-10364
-11038
-11400
-11430
-11121
-10476
-9508
-8240
-6705
-4946
-3012
-957
1156
3267
5313
7232
8964
10457
11664
12546
13075
13232
13010
12414
11459
10171
8587
6752
4718
2546
298
-1959
-4162
-6246
-8150
-9820
-11209
-12277
-12996
-13346
-13320
-12922
-12166
-11077
-9690
-8047
-6200
-4202
-2114
3
2089
4085
5936
7590
9006
10147
10987
11508
11703
11575
11136
10406
9413
8195
6791
5248
3614
1938
269
-1345
-2863
-4245
-5458
-6474
-7275
-7848
-8189
-8300
-8191
-7878
-7381
-6726
-5943
-5062
-4115
-3135
-2152
-1194
-287
547
1294
1940
2478
2905
3224
3440
3563
3606
3582
3507
3396
3265
3128
2994
2874
2773
2693
2634
2591
2557
2522
2474
2401
2287
2120
1887
1579
1187
708
142
-508
-1232
-2018
-2847
-3698
-4545
-5361
-6116
-6779
-7322
-7714
-7932
-7953
-7761
-7346
-6702
-5833
-4750
-3472
-2023
-436
1248
2988
4735
6438
8045
9505
10769
11791
12530
12955
13039
12768
12135
11146
9816
8171
6249
4095
1764
-681
-3178
-5655
-8041
-10266
-12263
-13969
-15330
-16299
-16840
-16929
-16554
-15717
-14433
-12729
-10647
-8238
-5566
-2700
279
3292
6255
9082
11694
14014
15974
17516
18593
19169
19225
18754
17766
16285
14348
12007
9325
6375
3237
0
-3248
-6416
-9417
-12165
-14585
-16607
-18177
-19250
-19795
-19800
-19263
-18200
-16642
-14634
-12232
-9504
-6527
-3385
-165
3042
6148
9068
11721
14036
15951
17415
18391
18856
18801
18233
17172
15651
13717
11429
8853
6065
3143
170
-2769
-5595
-8230
-10603
-12652
-14324
-15578
-16384
-16727
-16605
-16026
-15016
-13607
-11847
-9790
-7498
-5040
-2487
87
2610
5013
7230
9202
10877
12215
13183
13761
13942
13726
13128
12173
10894
9335
7546
5583
3504
1373
-747
-2799
-4722
-6465
-7979
-9228
-10178
-10809
-11109
-11077
-10718
-10052
-9103
-7905
-6499
-4930
-3248
-1505
243
1948
3556
5022
6304
7365
8177
8719
8979
8953
8646
8070
7248
6207
4983
3615
2147
627
-898
-2380
-3773
-5033
-6122
-7006
-7658
-8057
0
0
0
0
0
0
0
0
0
0
0
0
0
0
0
0
0
0
0
0
0
0
0
0
0
0
0
0
0
0
0
0
0
0
0
0
0
0
0
0
0
0
0
0
0
0
0
0
0
0
0
0
0
0
0
0
0
0
0
0
0
0
0
0
0
0
0
24575
24234
23222
21568
19320
16541
13314
9729
5891
1908
-2106
-6038
-9778
-13220
-16271
-18846
-20878
-22315
-23121
-23281
-22798
-21692
-20004
-17787
-15113
-12062
-8728
-5208
-1604
1979
5442
8690
11634
14199
16319
17945
19042
19592
19592
19055
18012
16505
14590
12332
9805
7090
4267
1422
-1364
-4015
-6462
-8641
-10501
-12003
-13118
-13830
-14136
-14047
-13583
-12775
-11664
-10296
-8724
-7006
-5198
-3358
-1541
200
1821
3283
4553
5610
6436
7028
7386
7520
7447
7190
6775
6233
5595
4893
4161
3426
2716
2052
1452
928
487
131
-144
-347
-490
-587
-656
-715
-782
-872
-1002
-1182
-1419
-1717
-2075
-2486
-2940
-3420
-3908
-4382
-4816
-5186
-5467
-5634
-5665
-5543
-5254
-4789
-4147
-3332
-2356
-1237
0
1325
2701
4091
5449
6733
7898
8902
9706
10275
10579
10599
10319
9737
8858
7695
6274
4627
2797
830
-1216
-3288
-5321
-7257
-9034
-10597
-11895
-12883
-13525
-13797
-13682
-13177
-12290
-11041
-9460
-7589
-5479
-3189
-783
1668
4095
6427
8593
10530
12178
13488
14419
14942
15040
14708
13954
12801
11279
9435
7321
4999
2539
11
-2507
-4945
-7230
-9295
-11080
-12534
-13615
-14294
-14553
-14388
-13806
-12828
-11486
-9823
-7892
-5753
-3472
-1117
1238
3525
5676
7627
9324
10717
11771
12457
12760
12678
12218
11402
10258
8828
7161
5310
3338
1305
-723
-2686
-4524
-6181
-7611
-8774
-9638
-10183
-10398
-10284
-9851
-9119
-8119
-6887
-5468
-3910
-2267
-594
1056
2631
4082
5363
6438
7276
7855
8161
8191
7950
7450
6715
5772
4658
3411
2078
702
-669
-1990
-3219
-4315
-5245
-5981
-6500
-6790
-6844
-6665
-6260
-5647
-4850
-3896
-2820
-1658
-451
761
1940
3046
4043
4901
5591
6094
6393
6482
6359
6029
5503
4801
3945
2963
1887
750
-409
-1558
-2660
-3681
-4591
-5361
-5970
-6399
-6637
-6677
-6519
-6168
-5635
-4936
-4093
-3130
-2076
-961
183
1325
2431
3471
4416
5241
5923
6444
6791
6955
6932
6724
6336
5780
5071
4228
3273
2232
1131
0
-1133
-2240
-3292
-4264
-5129
-5868
-6462
-6896
-7159
-7246
-7153
-6883
-6443
-5842
-5095
-4219
-3236
-2168
-1040
119
1284
2425
3516
4530
5442
6229
6872
7353
7660
7783
7718
7464
7026
6410
5632
4706
3655
2502
1274
0
-1289
-2561
-3785
-4930
-5965
-6863
-7600
-8155
-8511
-8655
-8582
-8289
-7781
-7068
-6165
-5093
-3877
-2547
-1135
321
1786
3221
4586
5845
6962
7907
8652
9173
9456
9488
9266
8794
8081
7145
6008
4700
3255
1712
113
-1499
-3079
-4583
-5967
-7193
-8225
-9033
-9591
-9883
-9900
-9639
-9106
-8315
-7288
-6053
-4645
-3104
-1474
197
1862
3472
4980
6342
7517
8471
9177
9612
9764
9629
9211
8523
7585
6426
5082
3592
2003
363
-1279
-2872
-4370
-5725
-6897
-7850
-8557
-8996
-9155
-9030
-8626
-7957
-7045
-5919
-4617
-3178
-1651
-82
1477
2978
4374
5620
6677
7512
8099
8421
8468
8240
7746
7001
6031
4869
3552
2124
632
-874
-2348
-3740
-5005
-6101
-6992
-7651
-8055
-8191
-8055
-7651
-6992
-6101
-5005
-3740
-2348
-874
632
2124
3552
4869
6031
7001
7746
8240
8468
8421
8099
7512
6677
5620
4374
2978
1477
-82
-1651
-3178
-4617
-5919
-7045
-7957
-8626
-9030
-9155
-8996
-8557
-7850
-6897
-5725
-4370
-2872
-1279
363
2003
3592
5082
6426
7585
8523
9211
9629
9764
9612
9177
8471
7517
6342
4980
3472
1862
197
-1474
-3104
-4645
-6053
-7288
-8315
-9106
-9639
-9900
-9883
-9591
-9033
-8225
-7193
-5967
-4583
-3079
-1499
113
1712
3255
4700
6008
7145
8081
8794
9266
9488
9456
9173
8652
7907
6962
5845
4586
3221
1786
321
-1135
-2547
-3877
-5093
-6165
-7068
-7781
-8289
-8582
-8655
-8511
-8155
-7600
-6863
-5965
-4930
-3785
-2561
-1289
0
1274
2502
3655
4706
5632
6410
7026
7464
7718
7783
7660
7353
6872
6229
5442
4530
3516
2425
1284
119
-1040
-2168
-3236
-4219
-5095
-5842
-6443
-6883
-7153
-7246
-7159
-6896
-6462
-5868
-5129
-4264
-3292
-2240
-1133
0
1131
2232
3273
4228
5071
5780
6336
6724
6932
6955
6791
6444
5923
5241
4416
3471
2431
1325
183
-961
-2076
-3130
-4093
-4936
-5635
-6168
-6519
-6677
-6637
-6399
-5970
-5361
-4591
-3681
-2660
-1558
-409
750
1887
2963
3945
4801
5503
6029
6359
6482
6393
6094
5591
4901
4043
3046
1940
761
-451
-1658
-2820
-3896
-4850
-5647
-6260
-6665
-6844
-6790
-6500
-5981
-5245
-4315
-3219
-1990
-669
702
2078
3411
4658
5772
6715
7450
7950
8191
8161
7855
7276
6438
5363
4082
2631
1056
-594
-2267
-3910
-5468
-6887
-8119
-9119
-9851
-10284
-10398
-10183
-9638
-8774
-7611
-6181
-4524
-2686
-723
1305
3338
5310
7161
8828
10258
11402
12218
12678
12760
12457
11771
10717
9324
7627
5676
3525
1238
-1117
-3472
-5753
-7892
-9823
-11486
-12828
-13806
-14388
-14553
-14294
-13615
-12534
-11080
-9295
-7230
-4945
-2507
11
2539
4999
7321
9435
11279
12801
13954
14708
15040
14942
14419
13488
12178
10530
8593
6427
4095
1668
-783
-3189
-5479
-7589
-9460
-11041
-12290
-13177
-13682
-13797
-13525
-12883
-11895
-10597
-9034
-7257
-5321
-3288
-1216
830
2797
4627
6274
7695
8858
9737
10319
10599
10579
10275
9706
8902
7898
6733
5449
4091
2701
1325
0
-1237
-2356
-3332
-4147
-4789
-5254
-5543
-5665
-5634
-5467
-5186
-4816
-4382
-3908
-3420
-2940
-2486
-2075
-1717
-1419
-1182
-1002
-872
-782
-715
-656
-587
-490
-347
-144
131
487
928
1452
2052
2716
3426
4161
4893
5595
6233
6775
7190
7447
7520
7386
7028
6436
5610
4553
3283
1821
200
-1541
-3358
-5198
-7006
-8724
-10296
-11664
-12775
-13583
-14047
-14136
-13830
-13118
-12003
-10501
-8641
-6462
-4015
-1364
1422
4267
7090
9805
12332
14590
16505
18012
19055
19592
19592
19042
17945
16319
14199
11634
8690
5442
1979
-1604
-5208
-8728
-12062
-15113
-17787
-20004
-21692
-22798
-23281
-23121
-22315
-20878
-18846
-16271
-13220
-9778
-6038
-2106
1908
5891
9729
13314
16541
19320
21568
23222
24234
0
0
0
0
0
0
0
0
0
0
0
0
0
0
0
0
0
0
0
0
0
0
0
0
0
0
0
0
0
0
0
0
0
0
0
0
0
0
0
0
0
0
0
0
0
0
0
0
0
0
0
0
0
0
0
0
0
0
0
0
0
0
0
0
0
0
0
