0
4278
8485
12550
16402
19973
23203
26035
28419
30314
31684
32507
32766
32456
31581
30156
28203
25758
22860
19561
15917
11991
7852
3573
-771
-5106
-9352
-13436
-17284
-20829
-24006
-26759
-29038
-30801
-32015
-32660
-32720
-32196
-31094
-29434
-27244
-24563
-21439
-17925
-14087
-9991
-5712
-1327
3083
7441
11667
15683
19415
22796
25762
28259
30239
31667
32514
32764
32412
31462
29931
27847
25247
22178
18696
14865
10755
6443
2009
-2465
-6896
-11201
-15299
-19113
-22570
-25606
-28162
-30190
-31650
-32514
-32764
-32394
-31411
-29832
-27686
-25012
-21861
-18292
-14372
-10175
-5781
-1274
3259
7733
12062
16161
19951
23359
26318
28771
30668
31973
32659
32711
32127
30919
29107
26727
23823
20452
16679
12577
8226
3711
-879
-5455
-9926
-14204
-18204
-21846
-25058
-27775
-29942
-31516
-32464
-32766
-32415
-31417
-29790
-27567
-24790
-21514
-17805
-13736
-9388
-4849
-209
4437
8997
13377
17489
21248
24578
27411
29687
31359
32393
32765
32468
31507
29899
27676
24884
21579
17828
13707
9301
4700
0
-4703
-9311
-13729
-17864
-21629
-24947
-27746
-29968
-31566
-32503
-32761
-32332
-31225
-29460
-27076
-24119
-20653
-16748
-12488
-7961
-3263
1506
6246
10856
15238
19298
22949
26112
28719
30713
32051
32702
32651
31900
30461
28366
25658
22395
18646
14492
10022
5332
524
-4298
-9029
-13567
-17811
-21669
-25055
-27896
-30127
-31699
-32577
-32739
-32182
-30916
-28967
-26379
-23206
-19519
-15397
-10932
-6222
-1372
3511
8320
12945
17284
21240
24723
27655
29968
31611
32545
32748
32214
30954
28995
26381
23169
19431
15252
10724
5950
1038
-3899
-8751
-13405
-17757
-21705
-25159
-28038
-30277
-31822
-32637
-32702
-32014
-30588
-28456
-25665
-22280
-18377
-14047
-9388
-4509
477
5455
10308
14924
19194
23018
26305
28979
30974
32243
32756
32498
31476
29711
27244
24133
20449
16280
11722
6884
1880
-3170
-8148
-12935
-17416
-21484
-25041
-28000
-30291
-31856
-32659
-32677
-31909
-30373
-28105
-25157
-21600
-17520
-13013
-8189
-3163
1941
7001
11893
16499
20705
24407
27516
29953
31659
32589
32721
32049
30590
28377
25463
21921
17836
13307
8448
3377
-1780
-6896
-11843
-16499
-20746
-24479
-27603
-30040
-31727
-32621
-32699
-31957
-30413
-28105
-25088
-21439
-17247
-12618
-7668
-2522
2689
7836
12787
17416
21605
25247
28248
30530
32035
32723
32574
31592
29801
27244
23987
20112
15718
10917
5832
595
-4660
-9798
-14685
-19194
-23208
-26622
-29345
-31307
-32455
-32757
-32206
-30813
-28614
-25665
-22043
-17841
-13169
-8148
-2911
2405
7661
12717
17440
21705
25397
28419
30689
32146
32750
32483
31352
29385
26633
23169
19084
14487
9500
4255
-1105
-6439
-11603
-16457
-20870
-24723
-27911
-30346
-31961
-32712
-32578
-31559
-29684
-27001
-23582
-19519
-14922
-9916
-4636
771
6162
11386
16301
20770
24671
27896
30354
31977
32719
32558
31498
29565
26813
23317
19172
14492
9407
4058
-1405
-6833
-12073
-16978
-21411
-25247
-28377
-30713
-32188
-32760
-32410
-31148
-29007
-26047
-22351
-18021
-13179
-7961
-2516
3003
8440
13640
18454
22745
26389
29282
31340
32503
32737
32033
30409
27913
24613
20604
16000
10932
5547
0
-5550
-10942
-16021
-20637
-24657
-27963
-30458
-32068
-32745
-32468
-31244
-29107
-26118
-22364
-17952
-13013
-7689
-2137
3479
8997
14252
19090
23367
26955
29748
31662
32640
32650
31691
29790
27003
23411
19119
14256
8965
3403
-2262
-7862
-13230
-18204
-22633
-26385
-29345
-31423
-32556
-32707
-31871
-30072
-27362
-23823
-19561
-14703
-9397
-3803
1908
7565
12994
18030
22517
26318
29316
31419
32559
32702
31841
30001
27238
23635
19302
14372
8996
3339
-2422
-8112
-13553
-18577
-23026
-26761
-29667
-31650
-32648
-32629
-31591
-29565
-26615
-22829
-18327
-13249
-7752
-2009
3799
9491
14886
19815
24120
27666
30338
32052
32751
32412
31044
28690
25423
21345
16586
11295
5642
-193
-6025
-11667
-16938
-21669
-25706
-28920
-31206
-32489
-32726
-31909
-30063
-27244
-23544
-19081
-13998
-8460
-2644
3259
9060
14569
19606
24006
27626
30346
32075
32756
32366
30916
28451
25051
20827
15917
10480
4696
-1244
-7147
-12817
-18065
-22719
-26622
-29644
-31684
-32674
-32578
-31398
-29173
-25975
-21909
-17110
-11737
-5969
0
5972
11747
17130
21941
26016
29217
31436
32596
32657
31615
29504
26395
22390
17625
12260
6476
470
-5554
-11392
-16845
-21726
-25867
-29127
-31393
-32585
-32662
-31619
-29491
-26349
-22301
-17483
-12062
-6222
-166
5898
11762
17222
22088
26191
29387
31566
32648
32597
31411
29131
25835
21636
16679
11138
5205
-912
-7001
-12847
-18244
-23003
-26955
-29960
-31912
-32739
-32412
-30940
-28374
-24803
-20353
-15179
-9465
-3413
2763
8843
14612
19863
24407
28083
30758
32334
32755
32003
30103
27124
23169
18381
12929
7010
836
-5370
-11386
-16993
-21989
-26191
-29446
-31636
-32680
-32538
-31214
-28754
-25247
-20819
-15630
-9868
-3744
2518
8692
14551
19879
24480
28184
30855
32393
32739
31880
29845
26709
22585
17625
12011
5950
-333
-6607
-12639
-18204
-23094
-27128
-30152
-32055
-32763
-32248
-30528
-27666
-23767
-18976
-13473
-7461
-1167
5173
11322
17047
22132
26385
29644
31785
32724
32427
30901
28203
24435
19738
14288
8294
1981
-4409
-10635
-16457
-21654
-26025
-29402
-31656
-32697
-32485
-31027
-28377
-24634
-19943
-14481
-8460
-2109
4324
10594
16457
21686
26077
29459
31699
32710
32451
30929
28203
24378
19601
14056
7961
1552
-4919
-11201
-17047
-22227
-26537
-29806
-31906
-32751
-32307
-30590
-27666
-23648
-18696
-13002
-6791
-309
6187
12441
18204
23246
27366
30398
32222
32762
31995
29951
26709
22398
17189
11289
4935
-1619
-8112
-14281
-19879
-24678
-28486
-31147
-32552
-32643
-31416
-28917
-25247
-20553
-15023
-8882
-2378
4225
10659
16662
21989
26421
29777
31918
32756
32254
30432
27362
23169
18024
12137
5748
-879
-7473
-13762
-19485
-24407
-28323
-31070
-32533
-32650
-31414
-28875
-25136
-20353
-14721
-8475
-1874
4807
11292
17307
22602
26955
30182
32146
32765
32010
29911
26556
22083
16679
10571
4016
-2711
-9326
-15551
-21121
-25799
-29387
-31732
-32732
-32344
-30582
-27520
-23286
-18060
-12062
-5547
1206
7911
14280
20041
24947
28786
31393
32653
32513
30975
28105
24024
18906
12972
6476
-301
-7069
-13534
-19415
-24458
-28443
-31196
-32596
-32580
-31148
-28360
-24336
-19250
-13322
-6811
0
6813
13332
19269
24364
28393
31178
32594
32578
31129
28309
24241
19103
13120
6555
-301
-7147
-13680
-19609
-24671
-28641
-31340
-32648
-32505
-30916
-27948
-23735
-18460
-12360
-5706
1206
8067
14569
20421
25359
29162
31656
32728
32328
30473
27244
22786
17298
11027
4255
-2711
-9557
-15974
-21669
-26383
-29901
-32062
-32766
-31979
-29736
-26137
-21345
-15577
-9095
-2195
4807
11593
17850
23291
27666
30771
32464
32665
31362
28614
24546
19345
13249
6538
-477
-7473
-14125
-20126
-25196
-29098
-31650
-32732
-32292
-30349
-26991
-22374
-16712
-10266
-3339
3746
10659
17076
22694
27251
30530
32377
32702
31489
28793
24740
19519
13375
6597
-494
-7565
-14281
-20323
-25404
-29282
-31772
-32753
-32178
-30072
-26533
-21729
-15887
-9285
-2238
4919
11843
18204
23695
28052
31066
32589
32548
30942
27847
23411
17845
11416
4435
-2763
-9830
-16425
-22227
-26955
-30378
-32330
-32713
-31507
-28769
-24631
-19293
-13013
-6096
1120
8285
15047
21076
26077
29802
32068
32763
31850
29372
25451
20276
14101
7230
0
-7232
-14111
-20295
-25478
-29402
-31872
-32764
-32033
-29711
-25913
-20827
-14703
-7845
-595
6688
13640
19914
25196
29220
31785
32759
32093
29819
26047
20967
14832
7950
664
-6656
-13645
-19948
-25247
-29273
-31822
-32763
-32046
-29706
-25861
-20703
-14492
-7543
-209
7138
14125
20396
25629
29557
31977
32766
31880
29363
25342
20022
13674
6622
-771
-8129
-15071
-21240
-26318
-30042
-32219
-32734
-31559
-28754
-24461
-18901
-12360
-5177
2276
9615
16457
22447
27271
30678
32489
32608
31026
27825
23169
17302
10527
3199
-4298
-11573
-18244
-23960
-28419
-31387
-32705
-32302
-30198
-26501
-21406
-15179
-8148
-684
6817
13962
20369
25700
29668
32064
32757
31710
28975
24698
19103
12488
5205
-2358
-9798
-16717
-22745
-27557
-30894
-32577
-32513
-30703
-27244
-22319
-16192
-9191
-1693
5898
13175
19743
25247
29388
31941
32765
31816
29141
24884
19276
12618
5272
-2362
-9871
-16845
-22903
-27714
-31014
-32621
-32445
-30495
-26875
-21781
-15492
-8351
-749
6896
14165
20658
26016
29942
32220
32721
31417
28377
23767
17841
10926
3403
-4310
-11787
-18613
-24407
-28847
-31684
-32759
-32010
-29476
-25298
-19707
-13013
-5590
2148
9769
16845
22980
27828
31116
32659
32366
30254
26438
21133
14635
7310
-430
-8148
-15409
-21801
-26962
-30598
-32502
-32563
-30778
-27244
-22162
-15818
-8572
-836
6950
14343
20920
26305
30190
32350
32661
31103
27762
22829
16586
9388
1649
-6187
-13670
-20369
-25898
-29936
-32249
-32702
-31267
-28024
-23161
-16955
-9766
-2009
5867
13405
20168
25762
29860
32222
32709
31291
28049
23169
16936
9711
1916
-5992
-13553
-20323
-25904
-29968
-32275
-32687
-31179
-27837
-22855
-16527
-9222
-1372
6562
14111
20829
26318
30252
32397
32623
30916
27374
22206
15718
8294
373
-7571
-15067
-21669
-26980
-30683
-32556
-32483
-30469
-26631
-21197
-14492
-6916
1077
9009
16402
22811
27851
31216
32702
32218
29790
25564
19793
12824
5078
-2978
-10856
-18080
-24210
-28873
-31785
-32766
-31757
-28816
-24119
-17952
-10689
-2772
5316
13083
20053
25799
29968
32304
32662
31017
27469
22233
15630
8064
0
-8067
-15639
-22251
-27492
-31038
-32669
-32282
-29899
-25665
-19840
-12785
-4935
3223
11185
18454
24578
29176
31960
32754
31507
28295
23317
16881
9388
1306
-6859
-14599
-21426
-26913
-30713
-32587
-32415
-30206
-26096
-20343
-13307
-5431
2789
10837
18204
24423
29100
31937
32755
31498
28244
23199
16679
9099
938
-7285
-15047
-21854
-27271
-30951
-32659
-32282
-29844
-25497
-19519
-12290
-4271
4023
12062
19330
25359
29762
32252
32670
30984
27303
21861
15008
7184
-1105
-9326
-16947
-23474
-28484
-31650
-32766
-31757
-28687
-23753
-17274
-9670
-1435
6896
14781
21705
27215
30951
32666
32248
29720
25247
19119
11737
3583
-4807
-12886
-20121
-26035
-30239
-32455
-32534
-30469
-26395
-20578
-13400
-5336
3083
11302
18775
25007
29584
32200
32681
30992
27244
21684
14679
6695
-1736
-10055
-17706
-24178
-29038
-31959
-32744
-31340
-27837
-22468
-15592
-7668
771
9163
16942
23583
28641
31772
32764
31548
28203
22955
16155
8261
-193
-8637
-16499
-23246
-28419
-31667
-32766
-31641
-28366
-23161
-16378
-8479
0
8482
16388
23178
28387
31659
32766
31633
28334
23092
16267
8323
-193
-8699
-16610
-23382
-28547
-31748
-32764
-31521
-28105
-22748
-15818
-7793
771
9287
17161
23850
28887
31923
32744
31292
27666
22114
15023
6884
-1736
-10238
-18030
-24565
-29387
-32158
-32681
-30919
-26991
-21173
-13868
-5590
3083
11543
19194
25499
30012
32414
32534
30361
26047
19895
12336
3903
-4807
-13181
-20625
-26610
-30711
-32637
-32248
-29569
-24790
-18247
-10405
-1820
6896
15124
22277
27843
31423
32760
31757
28483
23169
16196
8060
-655
-9326
-17331
-24094
-29127
-32068
-32703
-30984
-27033
-21133
-13707
-5289
3511
12062
19743
25999
30374
32552
32371
29844
25150
18630
10754
2094
-6719
-15047
-22282
-27896
-31478
-32765
-31661
-28244
-22763
-15616
-7324
1506
10228
18204
24847
29668
32313
32585
30461
26096
19809
12062
3423
-5469
-13962
-21426
-27310
-31178
-32740
-31881
-28661
-23317
-16242
-7961
912
9721
17811
24578
29519
32265
32608
30520
26157
19840
12041
3339
-5613
-14150
-21629
-27492
-31296
-32755
-31758
-28377
-22863
-15630
-7219
1736
10564
18599
25234
29968
32443
32468
30041
25342
18725
10689
1842
-7147
-15598
-22868
-28404
-31785
-32751
-31227
-27327
-21345
-13736
-5078
3969
12717
20496
26712
30887
32702
32014
28875
23522
16364
7950
-1077
-10024
-18204
-24986
-29848
-32414
-32483
-30050
-25298
-18593
-10451
-1499
7571
16058
23305
28750
31969
32711
30916
26720
20449
12587
3744
-5391
-14111
-21734
-27666
-31442
-32766
-31533
-27837
-21964
-14372
-5653
3510
12401
20323
26654
30894
32710
31957
28692
23169
15822
7226
-1941
-10958
-19113
-25762
-30378
-32596
-32237
-29328
-24096
-16955
-8469
691
9799
18132
25028
29936
32465
32412
29778
24772
17791
9388
234
-8940
-17404
-24479
-29598
-32350
-32513
-30072
-25219
-18342
-9991
-836
8388
16942
24135
29387
32275
32563
30226
25451
18620
10283
1113
-8148
-16754
-24006
-29316
-32252
-32574
-30254
-25477
-18630
-10266
-1066
8222
16845
24098
29390
32286
32549
30156
25298
18372
9941
695
-8610
-17213
-24407
-29603
-32371
-32482
-29925
-24908
-17841
-9305
0
9307
17850
24924
29942
32491
32356
29546
24293
17028
8351
-1019
-10308
-18745
-25629
-30386
-32621
-32145
-28995
-23432
-15917
-7073
2362
11603
19879
26497
30903
32728
31816
28241
22301
14491
5464
-4023
-13175
-21224
-27492
-31451
-32766
-31324
-27244
-20868
-12732
-3519
5992
15001
22745
28568
31977
32682
30619
25962
19103
10622
1238
-8253
-17047
-24394
-29668
-32420
-32412
-29643
-24347
-16973
-8148
1373
10781
19269
26112
30723
32705
31886
28334
22351
14449
5304
-4298
-13534
-21608
-27826
-31650
-32749
-31026
-26627
-19930
-11510
-2094
7504
16457
23989
29446
32355
32460
29752
24461
17046
8148
-1459
-10942
-19477
-26318
-30870
-32732
-31742
-27983
-21780
-13674
-4371
5316
14541
22496
28484
31977
32669
30495
25645
18541
9807
209
-9410
-18204
-25397
-30356
-32640
-32046
-28625
-22675
-14721
-5464
4278
13645
21806
28038
31787
32719
30748
26047
19032
10324
695
-8997
-17892
-25196
-30256
-32621
-32077
-28669
-22701
-14703
-5389
4409
13816
21989
28193
31872
32694
30582
25725
18555
9715
0
-9718
-18563
-25739
-30598
-32699
-31850
-28126
-21861
-13619
-4144
5708
15047
23026
28920
32194
32549
29951
24631
17073
7961
-1876
-11547
-20168
-26955
-31287
-32766
-31257
-26894
-20073
-11416
-1713
8148
17267
24807
30076
32589
32113
28690
22632
14492
5018
-4919
-14407
-22570
-28657
-32104
-32591
-30072
-24775
-17189
-8012
1907
11653
20323
27113
31393
32763
31094
26539
19519
10683
852
-9060
-18132
-25519
-30530
-32697
-31816
-27965
-21503
-13031
-3339
6667
16052
23938
29584
32459
32292
29097
23169
15065
5543
-4501
-14125
-22423
-28612
-32108
-32578
-29977
-24546
-16798
-7461
2582
12385
21019
27666
31694
32721
30647
25665
18247
9095
-923
-10856
-19760
-26786
-31264
-32766
-31146
-26556
-19431
-10451
-470
9557
18675
26008
30855
32749
31507
27244
20368
11537
1595
-8501
-17784
-25359
-30497
-32702
-31758
-27754
-21074
-12360
-2451
7696
17103
24860
30215
32648
31922
28105
21563
12929
3039
-7147
-16643
-24525
-30025
-32607
-32016
-28309
-21844
-13249
-3359
6859
16412
24364
29939
32588
32050
28377
21924
13322
3413
-6833
-16412
-24382
-29960
-32596
-32028
-28309
-21804
-13150
-3199
7069
16643
24578
30089
32630
31946
28105
21482
12732
2719
-7565
-17103
-24947
-30318
-32680
-31797
-27754
-20951
-12062
-1970
8320
17784
25478
30633
32732
31565
27244
20200
11134
952
-9326
-18675
-26154
-31014
-32765
-31228
-26556
-19215
-9941
333
10578
19760
26955
31436
32749
30759
25665
17979
8475
-1887
-12062
-21019
-27851
-31864
-32650
-30126
-24546
-16475
-6728
3703
13762
22423
28806
32258
32427
29291
23169
14683
4696
-5772
-15653
-23938
-29777
-32571
-32033
-28214
-21503
-12587
-2378
8077
17706
25519
30711
32748
31416
26850
19519
10175
-219
-10594
-19879
-27113
-31549
-32726
-30520
-25157
-17189
-7439
3083
13289
22119
28657
32222
32441
29289
23092
14492
4381
-6187
-16114
-24364
-30076
-32652
-31820
-27666
-20619
-11416
-1017
9491
19008
26537
31287
32757
30792
25595
17709
7961
-2625
-12939
-21894
-28547
-32194
-32451
-29286
-23032
-14346
-4144
6498
16457
24678
30291
32699
31644
27238
19943
10531
0
-10533
-19951
-27251
-31656
-32694
-30254
-24592
-16309
-6286
4409
14637
23305
29487
32519
32077
28203
21312
12137
1660
-8997
-18692
-26385
-31248
-32757
-30748
-25434
-17383
-7461
3266
13645
22556
29038
32390
32248
28625
21909
12824
2351
-8378
-18204
-26061
-31098
-32765
-30880
-25645
-17625
-7689
3083
13524
22496
29023
32393
32235
28565
21780
12618
2077
-8692
-18516
-26318
-31245
-32755
-30681
-25247
-17046
-6975
3863
14280
23132
29446
32527
32033
28015
20915
11510
836
-9932
-19609
-27125
-31650
-32682
-30103
-24198
-15616
-5304
5596
15880
24407
30232
32705
31550
26894
19250
9465
-1373
-12062
-21411
-28379
-32188
-32412
-29022
-22395
-13267
-2656
8253
18244
26197
31222
32754
30619
25054
16679
6433
-4537
-15001
-23783
-29895
-32648
-31731
-27244
-19690
-9916
976
11762
21224
28293
32170
32415
28997
22301
13080
2378
-8595
-18599
-26497
-31393
-32729
-30352
-24528
-15917
-5494
5554
15974
24578
30386
32734
31352
26395
18425
8351
-2679
-13405
-22602
-29217
-32491
-32046
-27932
-20616
-10936
0
10939
20625
27944
32055
32482
29173
22507
13249
2462
-8610
-18692
-26622
-31481
-32707
-30156
-24119
-15293
-4696
6446
16845
25296
30817
32766
30916
25477
17079
6695
-4468
-15115
-24006
-30106
-32702
-31489
-26606
-18620
-8460
2689
13528
22788
29387
32552
31909
27532
19930
9991
-1120
-12103
-21669
-28693
-32350
-32208
-28280
-21025
-11295
-234
10856
20671
28052
32127
32412
28871
21921
12379
1372
-9799
-19815
-27487
-31906
-32545
-29328
-22632
-13249
-2291
8940
19113
27016
31708
32629
29666
23169
13911
2992
-8285
-18577
-26654
-31549
-32677
-29899
-23544
-14372
-3477
7836
18214
26411
31442
32702
30037
23764
14635
3744
-7598
-18030
-26293
-31393
-32711
-30086
-23833
-14703
-3796
7571
18026
26305
31405
32707
30050
23753
14577
3632
-7754
-18204
-26446
-31479
-32688
-29925
-23522
-14256
-3253
8148
18560
26712
31608
32650
29706
23135
13736
2656
-8751
-19090
-27095
-31785
-32581
-29385
-22585
-13013
-1842
9557
19786
27585
31994
32468
28947
21861
12081
809
-10564
-20637
-28166
-32219
-32293
-28377
-20951
-10932
440
11762
21629
28819
32437
32033
27653
19840
9561
-1907
-13142
-22745
-29519
-32621
-31661
-26755
-18514
-7961
3586
14689
23960
30239
32740
31148
25658
16955
6128
-5469
-16384
-25247
-30944
-32759
-30461
-24336
-15151
-4058
7546
18204
26572
31595
32638
29565
22763
13087
1756
-9798
-20118
-27896
-32148
-32332
-28424
-20915
-10754
771
12203
22088
29171
32552
31797
27001
18769
8148
-3511
-14727
-24069
-30346
-32754
-30984
-25260
-16309
-5272
6439
17331
26008
31359
32696
29845
23169
13521
2137
-9523
-19964
-27843
-32146
-32318
-28334
-20703
-10405
1234
12717
22564
29503
32637
31559
26407
17841
6968
-4807
-15965
-25058
-30909
-32757
-30361
-24028
-14577
-3233
8533
19194
27364
31977
32433
28669
21173
10917
-762
-12345
-22321
-29387
-32619
-31592
-26438
-17828
-6884
4961
16161
25247
31028
32744
30168
23635
13998
2522
-9287
-19879
-27860
-32179
-32265
-28105
-20242
-9711
2101
13640
23382
30040
32733
31103
25362
16267
5018
-6896
-17901
-26537
-31659
-32585
-29190
-21921
-11741
0
11743
21929
29201
32589
31641
26480
17791
6728
-5233
-16499
-25566
-31222
-32709
-29826
-22955
-13013
-1327
10537
20994
28641
32450
31909
27088
18630
7668
-4324
-15739
-25041
-30976
-32744
-30105
-23411
-13561
-1880
10055
20637
28436
32397
31982
27244
18822
7852
-4182
-15653
-25007
-30974
-32743
-30072
-23319
-13400
-1660
10308
20879
28612
32455
31881
26966
18377
7282
-4807
-16245
-25468
-31216
-32702
-29720
-22675
-12528
-664
11292
21705
29147
32596
31576
26225
17274
5950
-6193
-17489
-26383
-31650
-32564
-28995
-21433
-10917
1105
12978
23064
29968
32737
30984
24950
15465
3839
-8320
-19330
-27666
-32170
-32217
-27796
-19519
-8531
3643
15314
24860
30951
32739
29972
23032
12884
938
-11141
-21669
-29176
-32613
-31498
-25982
-16835
-5332
6918
18204
26944
31912
32410
28366
20343
9465
-2743
-14569
-24351
-30713
-32759
-30198
-23387
-13283
-1306
10856
21492
29100
32604
31507
25962
16748
5166
-7147
-18454
-27152
-32008
-32332
-28076
-19840
-8789
3510
15314
24947
31038
32720
29752
22551
12140
0
-12143
-22559
-29762
-32723
-31017
-24884
-15198
-3339
8998
20053
28242
32393
31908
26854
17952
6476
-5930
-17489
-26541
-31785
-32465
-28481
-20402
-9388
2978
14918
24714
30951
32730
29790
22554
12062
-172
-12385
-22811
-29942
-32746
-30813
-24421
-14492
-2462
9926
20879
28806
32556
31581
26021
16679
4912
-7571
-18956
-27585
-32200
-32127
-27374
-18630
-7167
5342
17076
26318
31719
32485
28504
20353
9222
-3259
-15267
-25041
-31147
-32687
-29434
-21861
-11077
1334
13553
23783
30517
32764
30189
23169
12736
423
-11953
-22570
-29860
-32743
-30792
-24293
-14202
-2009
10483
21426
29201
32652
31267
25247
15482
3419
-9153
-20369
-28563
-32514
-31633
-26047
-16586
-4654
7973
19415
27967
32350
31910
26709
17520
5712
-6950
-18577
-27428
-32179
-32116
-27244
-18292
-6597
6088
17864
26962
32015
32263
27666
18910
7310
-5391
-17284
-26579
-31872
-32366
-27983
-19380
-7852
4862
16845
26287
31760
32433
28203
19707
8226
-4501
-16550
-26094
-31684
-32472
-28334
-19895
-8434
4310
16402
26003
31651
32486
28377
19946
8475
-4288
-16402
-26016
-31662
-32478
-28334
-19861
-8351
4437
16550
26133
31717
32445
28203
19638
8060
-4756
-16845
-26351
-31812
-32386
-27983
-19276
-7602
5243
17284
26666
31941
32293
27666
18769
6975
-5898
-17864
-27071
-32095
-32157
-27244
-18113
-6176
6719
18577
27557
32265
31968
26709
17302
5205
-7702
-19415
-28111
-32434
-31710
-26047
-16326
-4058
8843
20369
28719
32588
31368
25247
15179
2736
-10137
-21426
-29364
-32705
-30922
-24293
-13853
-1238
11573
22570
30025
32764
30353
23169
12339
-434
-13142
-23783
-30678
-32739
-29638
-21861
-10632
2276
14829
25041
31296
32604
28754
20353
8727
-4282
-16616
-26318
-31849
-32328
-27676
-18630
-6622
6439
18480
27585
32302
31880
26381
16679
4318
-8734
-20396
-28806
-32620
-31227
-24845
-14492
-1820
11144
22329
29942
32763
30335
23047
12062
-859
-13645
-24243
-30951
-32688
-29173
-20967
-9388
3703
16202
26094
31785
32354
27709
18593
6476
-6688
-18775
-27832
-32393
-31718
-25913
-15915
-3339
9779
21317
29402
32723
30737
23764
12933
0
-12935
-23772
-30745
-32720
-29372
-21243
-9654
3510
16105
26077
31798
32332
27590
18342
6096
-7147
-19226
-28162
-32493
-31507
-25362
-15061
-2291
10856
22227
29953
32765
30198
22670
11416
-1716
-14569
-25028
-31370
-32548
-28366
-19509
-7435
5867
18204
27539
32330
31782
25982
15887
3163
-10086
-21669
-29667
-32753
-30413
-23032
-11831
1334
14281
24860
31312
32563
28403
19519
7387
-5976
-18347
-27666
-32377
-31693
-25725
-15465
-2622
10659
22164
29968
32766
30086
22374
10917
-2369
-15261
-25599
-31650
-32396
-27709
-18372
-5950
7473
19643
28516
32596
31195
24546
13765
664
-12550
-23653
-30771
-32702
-29116
-20616
-8634
4807
17440
27128
32230
31881
26137
15968
3092
-10308
-21966
-29901
-32766
-30072
-22272
-10689
2711
15653
25937
31812
32275
27244
17574
4908
-8595
-20637
-29162
-32712
-30681
-23411
-12140
1206
14349
25041
31451
32480
27948
18630
6117
-7445
-19735
-28641
-32634
-31026
-24089
-13013
301
13567
24501
31222
32570
28309
19172
6728
-6876
-19298
-28393
-32589
-31159
-24347
-13326
0
13328
24354
31166
32585
28360
19220
6748
-6896
-19347
-28443
-32604
-31103
-24198
-13087
301
13640
24608
31294
32533
28105
18778
6176
-7504
-19879
-28786
-32669
-30847
-23635
-12290
1206
14493
25247
31583
32389
27520
17828
5008
-8692
-20870
-29387
-32745
-30352
-22624
-10917
2711
15865
26229
31977
32094
26556
16335
3233
-10442
-22277
-30182
-32757
-29546
-21112
-8944
4807
17712
27483
32390
31559
25136
14256
845
-12717
-24026
-31070
-32598
-28334
-19032
-6345
7473
19964
28903
32697
30666
23169
11540
-2148
-15456
-26008
-31918
-32127
-26596
-16309
-3103
10659
22517
30346
32741
29270
20553
8148
-5719
-18563
-28078
-32552
-31179
-24202
-12874
771
14281
25223
31625
32332
27214
17189
4062
-9798
-21894
-30040
-32762
-29565
-21025
-8682
5233
18204
27882
32514
31257
24336
13002
-691
-14262
-25247
-31650
-32307
-27094
-16955
-3732
10171
22227
30239
32747
29289
20494
7961
-6025
-18915
-28356
-32621
-30929
-23586
-11931
1907
15400
26077
31982
32033
26215
15592
2109
-11762
-23479
-30889
-32629
-28377
-18910
-5966
8077
20637
29402
32756
30080
21861
9613
-4409
-17621
-27585
-32459
-31342
-24435
-13013
816
14497
25499
31785
32188
26631
16140
2656
-11322
-23203
-30782
-32650
-28456
-18976
-5969
8148
20755
29503
32763
29925
21514
9095
-5021
-18204
-27995
-32564
-31058
-23753
-12011
1977
15598
26305
32095
31880
25698
14703
952
-12978
-24480
-31393
-32418
-27360
-17165
-3744
10381
22559
30497
32702
28754
19394
6380
-7836
-20580
-29446
-32762
-29899
-21393
-8847
5370
18577
28275
32630
30814
23169
11138
-3003
-16579
-27016
-32334
-31523
-24733
-13249
751
14612
25700
31906
32048
26096
15179
1372
-12698
-24354
-31371
-32412
-27273
-16932
-3359
10856
23003
30758
32638
28280
18514
5205
-9101
-21669
-30089
-32747
-29131
-19930
-6905
7445
20371
29387
32762
29844
21189
8460
-5898
-19125
-28673
-32702
-30433
-22301
-9868
4468
17946
27963
32585
30916
23274
11134
-3159
-16845
-27275
-32428
-31305
-24119
-12260
1977
15833
26622
32247
31615
24845
13249
-923
-14918
-26016
-32055
-31858
-25461
-14105
0
14107
25468
31864
32046
25975
14832
792
-13405
-24986
-31684
-32188
-26395
-15435
-1452
12817
24578
31525
32292
26727
15917
1981
-12345
-24250
-31393
-32366
-26976
-16280
-2378
11993
24006
31293
32415
27148
16527
2644
-11762
-23850
-31230
-32442
-27244
-16660
-2779
11653
23783
31206
32451
27267
16679
2783
-11667
-23806
-31222
-32441
-27217
-16586
-2656
11803
23919
31277
32412
27094
16378
2398
-12062
-24120
-31370
-32361
-26894
-16056
-2009
12441
24407
31496
32285
26615
15616
1488
-12939
-24777
-31650
-32178
-26251
-15055
-836
13553
25223
31826
32033
25797
14372
52
-14280
-25739
-32015
-31841
-25247
-13561
863
15115
26318
32208
31592
24592
12618
-1908
-16052
-26950
-32393
-31276
-23823
-11540
3083
17085
27622
32556
30880
22932
10324
-4384
-18204
-28323
-32682
-30389
-21909
-8965
5807
19399
29038
32755
29790
20744
7461
-7347
-20658
-29748
-32757
-29067
-19428
-5811
8997
21966
30436
32669
28203
17952
4016
-10746
-23305
-31079
-32468
-27184
-16309
-2077
12583
24657
31656
32135
25992
14491
0
-14493
-25999
-32139
-31644
-24613
-12494
2208
16457
27304
32503
30975
23032
10317
-4537
-18454
-28547
-32719
-30103
-21238
-7961
6971
20458
29694
32757
29007
19220
5431
-9491
-22439
-30713
-32587
-27666
-16973
-2736
12073
24364
31568
32177
26060
14492
-108
-14689
-26197
-32222
-31498
-24174
-11781
3083
17304
27896
32634
30520
21996
8847
-6162
-19879
-29416
-32766
-29219
-19519
-5706
9311
22368
30711
32578
27570
16743
2378
-12491
-24723
-31732
-32033
-25558
-13674
1105
15653
26888
32428
31095
23169
10328
-4707
-18745
-28806
-32750
-29736
-20402
-6728
8378
21705
30414
32650
27932
17262
2911
-12062
-24465
-31651
-32083
-25665
-13765
1077
15692
26955
32455
31012
22932
9941
-5180
-19194
-29098
-32765
-29406
-19738
-5832
9326
22486
30817
32526
27244
16102
1495
-13436
-25478
-32035
-31693
-24521
-12062
2999
17416
28078
32680
30226
21243
7668
-7565
-21167
-30192
-32685
-28105
-17438
-2992
12103
24578
31727
31995
25321
13150
-1876
-16499
-27539
-32596
-30567
-21889
-8448
6833
20630
29936
32722
28377
17845
3419
-11753
-24364
-31659
-32040
-25423
-13249
1823
16499
27568
32607
30508
21729
8189
-7147
-20920
-30108
-32693
-28105
-17347
-2779
12401
24860
31856
31850
24838
12360
-2839
-17416
-28160
-32702
-30037
-20749
-6884
8501
22013
30668
32552
27244
15915
1066
-14020
-26008
-32243
-31342
-23500
-10451
4915
19194
29220
32766
29042
18871
4509
-10856
-23813
-31479
-32147
-25665
-13473
1720
16533
27666
32637
30335
21271
7461
-8015
-21705
-30552
-32578
-27327
-15968
-1038
14125
26133
32294
31228
23169
9920
-5554
-19786
-29584
-32748
-28565
-17970
-3339
12043
24723
31849
31816
24627
11897
-3511
-18132
-28673
-32755
-29458
-19519
-5177
10334
23516
31393
32182
25702
13414
-1907
-16800
-27896
-32682
-30072
-20653
-6555
9029
22570
30997
32395
26445
14492
-751
-15827
-27310
-32589
-30461
-21406
-7481
8148
21926
30713
32507
26894
15151
-48
-15238
-26955
-32522
-30664
-21804
-7961
7702
21608
30575
32549
27076
15403
202
-15047
-26852
-32503
-30703
-21861
-8002
7696
21629
30598
32538
27001
15255
0
-15257
-27007
-32541
-30582
-21579
-7602
8129
21989
30779
32468
26664
14703
-655
-15865
-27411
-32621
-30288
-20948
-6758
8997
22672
31098
32318
26047
13736
-1763
-16855
-28038
-32713
-29790
-19946
-5464
10289
23653
31516
32046
25116
12336
-3319
-18204
-28847
-32766
-29042
-18541
-3711
11987
24889
31977
31593
23823
10480
-5316
-19871
-29777
-32711
-27983
-16697
-1495
14059
26318
32404
30885
22114
8148
-7733
-21801
-30745
-32460
-26539
-14372
1180
16457
27860
32699
29832
19930
5325
-10537
-23916
-31650
-31910
-24631
-11530
4298
19113
29409
32747
28334
17210
2009
-13670
-26112
-32365
-30942
-22178
-8148
7817
21929
30833
32412
26285
13907
-1780
-17047
-28259
-32743
-29429
-19103
-4222
11667
24777
31977
31548
23586
9991
-5992
-20546
-30192
-32619
-27244
-15350
219
15739
27492
32660
30001
20149
5464
-10533
-24006
-31719
-31816
-24270
-10892
5106
19879
29873
32681
27625
15917
373
-15261
-27221
-32621
-30156
-20416
-5748
10308
23879
31684
31836
24293
10875
-5173
-19973
-29942
-32665
-27477
-15633
0
15636
27483
32666
29925
19920
5078
-10999
-24407
-31886
-31615
-23656
-9941
6193
20824
30386
32549
26782
14487
-1341
-16845
-28242
-32749
-29262
-18630
-3445
12583
25539
32252
31078
22301
8064
-8148
-22368
-31111
-32231
-25451
-12429
3643
18824
29387
32737
28047
16465
836
-15001
-27152
-32625
-30072
-20115
-5205
10989
24479
31937
31523
23335
9388
-6876
-21447
-30723
-32412
-26092
-13322
2743
18132
29038
32759
28371
16955
1338
-14612
-26944
-32596
-30164
-20247
-5304
10958
24501
31960
31477
23169
9099
-7236
-21774
-30894
-32323
-25702
-12676
3510
18824
29446
32724
27837
16000
166
-15711
-27666
-32707
-29572
-19041
-3744
12491
25602
32304
30916
21780
7184
-9215
-23305
-31551
-31880
-24205
-10451
5930
20824
30486
32483
26311
13518
-2679
-18204
-29147
-32749
-28098
-16364
-502
15488
27574
32702
29574
18976
3583
-12717
-25806
-32371
-30748
-21345
-6538
9926
23879
31785
31636
23467
9346
-7147
-21830
-30974
-32254
-25342
-11991
4409
19692
29968
32623
26976
14462
-1736
-17495
-28798
-32764
-28377
-16752
-852
15267
27492
32699
29554
18857
3339
-13034
-26077
-32450
-30520
-20777
-5712
10817
24578
32042
31291
22515
7961
-8637
-23021
-31496
-31881
-24075
-10079
6509
21426
30833
32307
25463
12062
-4448
-19815
-30076
-32585
-26689
-13907
2465
18204
29244
32732
27762
15616
-569
-16610
-28356
-32765
-28692
-17189
-1231
15047
27428
32699
29490
18630
2932
-13528
-26478
-32552
-30168
-19943
-4530
12062
25519
32337
30737
21133
6022
-10659
-24565
-32068
-31208
-22206
-7407
9326
23628
31760
31593
23169
8686
-8070
-22719
-31423
-31903
-24028
-9858
6896
21846
31070
32147
24790
10926
-5807
-21019
-30711
-32336
-25461
-11891
4807
20244
30356
32478
26047
12755
-3899
-19528
-30012
-32581
-26556
-13521
3083
18877
29687
32654
26991
14192
-2362
-18294
-29387
-32703
-27360
-14769
1736
17784
29119
32734
27666
15255
-1206
-17349
-28887
-32752
-27913
-15652
771
16993
28695
32761
28105
15962
-434
-16717
-28547
-32765
-28244
-16186
193
16523
28443
32766
28334
16326
-48
-16412
-28387
-32766
-28374
-16382
0
0
0
0
0
0
0
0
0
0
0
0
0
0
0
0
0
0
0
0
0
0
0
0
0
0
0
0
0
0
0
0
0
0
0
0
0
0
0
0
0
0
0
0
0
0
0
0
0
0
0
0
0
0
0
0
0
0
0
0
0
0
0
0
0
0
0
0
0
0
0
0
0
0
0
0
0
0
0
0
0
0
0
0
0
0
0
0
0
0
0
0
0
0
0
0
0
0
0
0
0
0
0
0
0
0
0
0
0
0
0
0
0
0
0
0
0
0
0
0
0
0
0
0
0
0
0
0
0
0
0
0
0
0
0
0
0
0
0
0
0
0
0
0
0
0
0
0
0
0
0
0
0
0
0
0
0
0
0
0
0
0
0
0
0
0
0
0
0
0
0
0
0
0
0
0
0
0
0
0
0
0
0
0
0
0
0
0
0
0
0
0
0
0
0
0
0
0
0
0
0
0
0
0
0
0
0
0
0
0
0
0
0
0
0
0
0
0
0
0
0
0
0
0
0
0
0
0
0
0
0
0
0
0
0
0
0
0
0
0
0
0
0
0
0
0
0
0
0
0
0
0
0
0
0
0
0
0
0
0
0
0
0
0
0
0
0
0
0
0
0
0
0
0
0
0
0
0
0
0
0
0
0
0
0
0
0
0
0
0
0
0
0
0
0
0
0
0
0
0
0
0
0
0
0
0
0
0
0
0
0
0
0
0
0
0
0
0
0
0
0
0
0
0
0
0
0
0
0
0
0
0
0
0
0
0
0
0
0
0
0
0
0
0
0
0
0
0
0
0
0
0
0
0
0
0
0
0
0
0
0
0
0
0
0
0
0
0
0
0
0
0
0
0
0
0
0
0
0
0
0
0
0
0
0
0
0
0
0
0
0
0
0
0
0
0
0
0
0
0
0
0
0
0
0
0
0
0
0
0
0
0
0
0
0
0
0
0
0
0
0
0
0
0
0
0
0
0
0
0
0
0
0
0
0
0
0
0
0
0
0
0
0
0
0
0
0
0
0
0
0
0
0
0
0
0
0
0
0
0
0
0
0
0
0
0
0
0
0
0
0
0
0
0
0
0
0
0
0
0
0
0
0
0
0
0
0
0
0
0
0
0
0
0
0
0
0
0
0
0
0
0
0
0
0
0
0
0
0
0
0
0
0
0
0
0
0
0
0
0
0
0
0
0
0
0
0
0
0
0
0
0
0
0
0
0
0
0
0
0
0
0
0
0
0
0
0
0
0
0
0
0
0
0
0
0
0
0
0
0
0
0
0
0
0
0
0
0
0
0
0
0
0
0
0
0
0
0
0
0
0
0
0
0
0
0
0
0
0
0
0
0
0
0
0
0
0
0
0
0
0
0
0
0
0
0
0
0
0
0
0
0
0
0
0
0
0
0
0
0
0
0
0
0
0
0
0
0
0
0
0
0
0
0
0
0
0
0
0
0
0
0
0
0
0
0
0
0
0
0
0
0
0
0
0
0
0
0
0
0
0
0
0
0
0
0
0
0
0
0
0
0
0
0
0
0
0
0
0
0
0
0
0
0
0
0
0
0
0
0
0
0
0
0
0
0
0
0
0
0
0
0
0
0
0
0
0
0
0
0
0
0
0
0
0
0
0
0
0
0
0
0
0
0
0
0
0
0
0
0
0
0
0
0
0
0
0
0
0
0
0
0
0
0
0
0
0
0
0
0
0
0
0
0
0
0
0
0
0
0
0
0
0
0
0
0
0
0
0
0
0
0
0
0
0
0
0
0
0
0
0
0
0
0
0
0
0
0
0
0
0
0
0
0
0
0
0
0
0
0
0
0
0
0
0
0
0
0
0
0
0
0
0
0
0
0
0
0
0
0
0
0
0
0
0
0
0
0
0
0
0
0
0
0
0
0
0
0
0
0
0
0
0
0
0
0
0
0
0
0
0
0
0
0
0
0
0
0
0
0
0
0
0
0
0
0
0
0
0
0
0
0
0
0
0
0
0
0
0
0
0
0
0
0
0
0
0
0
0
0
0
0
0
0
0
0
0
0
0
0
0
0
0
0
0
0
0
0
0
0
0
0
0
0
0
0
0
0
0
0
0
0
0
0
0
0
0
0
0
0
0
0
0
0
0
0
0
0
0
0
0
0
0
0
0
0
0
0
0
0
0
0
0
0
0
0
0
0
0
0
8737
8559
8035
7197
6094
4791
3358
1873
405
-979
-2230
-3312
-4203
-4899
-5409
-5752
-5951
-6032
-6018
-5925
-5760
-5522
-5200
-4776
-4232
-3549
-2715
-1727
-598
643
1956
3281
4549
5684
6610
7260
7578
7531
7109
6327
5232
3892
2398
853
-633
-1956
-3024
-3767
-4143
-4141
-3785
-3131
-2261
-1278
-295
574
1230
1589
1601
1248
550
-436
-1623
-2897
-4132
-5196
-5970
-6353
-6276
-5708
-4661
-3188
-1383
629
2704
4685
6418
7769
8631
8936
8659
7823
6494
4780
2817
761
-1227
-2996
-4414
-5382
-5842
-5779
-5225
-4252
-2966
-1501
0
1394
2553
3370
3773
3732
3255
2392
1227
-130
-1553
-2913
-4085
-4967
-5482
-5587
-5276
-4580
-3563
-2315
-944
436
1715
2793
3596
4075
4214
4029
3567
2896
2104
1285
533
-67
-453
-583
-444
-53
548
1294
2102
2881
3541
3996
4180
4046
3572
2766
1660
312
-1201
-2789
-4356
-5803
-7043
-7999
-8614
-8850
-8692
-8147
-7242
-6023
-4545
-2877
-1092
737
2540
4249
5803
7149
8244
9051
9544
9704
9523
9001
8149
6989
5554
3891
2055
117
-1846
-3751
-5510
-7037
-8253
-9091
-9501
-9454
-8945
-7998
-6661
-5008
-3133
-1146
834
2690
4311
5602
6489
6928
6905
6439
5579
4400
2999
1485
-26
-1428
-2622
-3532
-4107
-4324
-4190
-3740
-3034
-2148
-1169
-186
715
1466
2013
2325
2399
2252
1923
1467
951
441
3
-311
-463
-438
-238
110
564
1066
1551
1952
2208
2271
2109
1712
1092
283
-660
-1669
-2666
-3569
-4303
-4803
-5023
-4937
-4543
-3864
-2945
-1850
-656
551
1690
2681
3461
3983
4223
4177
3867
3331
2625
1815
972
165
-541
-1099
-1471
-1642
-1611
-1396
-1029
-553
-16
529
1035
1460
1773
1952
1989
1888
1662
1333
928
474
0
-472
-924
-1342
-1722
-2061
-2363
-2632
-2872
-3084
-3265
-3405
-3492
-3506
-3425
-3227
-2890
-2399
-1745
-932
24
1096
2244
3414
4546
5573
6430
7056
7398
7420
7100
6440
5461
4204
2731
1119
-546
-2174
-3673
-4961
-5968
-6644
-6958
-6906
-6505
-5796
-4839
-3711
-2494
-1277
-144
831
1591
2096
2327
2292
2017
1550
956
306
-320
-850
-1216
-1368
-1272
-920
-323
479
1432
2462
3482
4404
5141
5616
5767
5557
4971
4024
2757
1238
-442
-2180
-3863
-5374
-6609
-7477
-7910
-7868
-7344
-6364
-4984
-3291
-1393
585
2513
4264
5719
6781
7382
7483
7081
6208
4928
3334
1538
-333
-2151
-3794
-5153
-6142
-6703
-6812
-6474
-5729
-4643
-3302
-1808
-270
1206
2527
3615
4413
4891
5045
4896
4486
3875
3130
2325
1528
800
186
-285
-604
-778
-831
-799
-722
-644
-605
-634
-750
-956
-1239
-1575
-1927
-2251
-2504
-2645
-2641
-2475
-2143
-1663
-1064
-395
286
920
1445
1808
1969
1908
1625
1146
515
-202
-928
-1577
-2067
-2323
-2290
-1935
-1255
-276
944
2322
3752
5116
6293
7166
7637
7635
7120
6092
4588
2686
497
-1844
-4186
-6373
-8254
-9700
-10611
-10922
-10611
-9700
-8254
-6373
-4186
-1844
497
2686
4588
6092
7120
7635
7637
7166
6293
5116
3752
2322
944
-276
-1255
-1935
-2290
-2323
-2067
-1577
-928
-202
515
1146
1625
1908
1969
1808
1445
920
286
-395
-1064
-1663
-2143
-2475
-2641
-2645
-2504
-2251
-1927
-1575
-1239
-956
-750
-634
-605
-644
-722
-799
-831
-778
-604
-285
186
800
1528
2325
3130
3875
4486
4896
5045
4891
4413
3615
2527
1206
-270
-1808
-3302
-4643
-5729
-6474
-6812
-6703
-6142
-5153
-3794
-2151
-333
1538
3334
4928
6208
7081
7483
7382
6781
5719
4264
2513
585
-1393
-3291
-4984
-6364
-7344
-7868
-7910
-7477
-6609
-5374
-3863
-2180
-442
1238
2757
4024
4971
5557
5767
5616
5141
4404
3482
2462
1432
479
-323
-920
-1272
-1368
-1216
-850
-320
306
956
1550
2017
2292
2327
2096
1591
831
-144
-1277
-2494
-3711
-4839
-5796
-6505
-6906
-6958
-6644
-5968
-4961
-3673
-2174
-546
1119
2731
4204
5461
6440
7100
7420
7398
7056
6430
5573
4546
3414
2244
1096
24
-932
-1745
-2399
-2890
-3227
-3425
-3506
-3492
-3405
-3265
-3084
-2872
-2632
-2363
-2061
-1722
-1342
-924
-472
0
474
928
1333
1662
1888
1989
1952
1773
1460
1035
529
-16
-553
-1029
-1396
-1611
-1642
-1471
-1099
-541
165
972
1815
2625
3331
3867
4177
4223
3983
3461
2681
1690
551
-656
-1850
-2945
-3864
-4543
-4937
-5023
-4803
-4303
-3569
-2666
-1669
-660
283
1092
1712
2109
2271
2208
1952
1551
1066
564
110
-238
-438
-463
-311
3
441
951
1467
1923
2252
2399
2325
2013
1466
715
-186
-1169
-2148
-3034
-3740
-4190
-4324
-4107
-3532
-2622
-1428
-26
1485
2999
4400
5579
6439
6905
6928
6489
5602
4311
2690
834
-1146
-3133
-5008
-6661
-7998
-8945
-9454
-9501
-9091
-8253
-7037
-5510
-3751
-1846
117
2055
3891
5554
6989
8149
9001
9523
9704
9544
9051
8244
7149
5803
4249
2540
737
-1092
-2877
-4545
-6023
-7242
-8147
-8692
-8850
-8614
-7999
-7043
-5803
-4356
-2789
-1201
312
1660
2766
3572
4046
4180
3996
3541
2881
2102
1294
548
-53
-444
-583
-453
-67
533
1285
2104
2896
3567
4029
4214
4075
3596
2793
1715
436
-944
-2315
-3563
-4580
-5276
-5587
-5482
-4967
-4085
-2913
-1553
-130
1227
2392
3255
3732
3773
3370
2553
1394
0
-1501
-2966
-4252
-5225
-5779
-5842
-5382
-4414
-2996
-1227
761
2817
4780
6494
7823
8659
8936
8631
7769
6418
4685
2704
629
-1383
-3188
-4661
-5708
-6276
-6353
-5970
-5196
-4132
-2897
-1623
-436
550
1248
1601
1589
1230
574
-295
-1278
-2261
-3131
-3785
-4141
-4143
-3767
-3024
-1956
-633
853
2398
3892
5232
6327
7109
7531
7578
7260
6610
5684
4549
3281
1956
643
-598
-1727
-2715
-3549
-4232
-4776
-5200
-5522
-5760
-5925
-6018
-6032
-5951
-5752
-5409
-4899
-4203
-3312
-2230
-979
405
1873
3358
4791
6094
7197
8035
8559
0
0
0
0
0
0
0
0
0
0
0
0
0
0
0
0
0
0
0
0
0
0
0
0
0
0
0
0
0
0
0
0
0
0
0
0
0
0
0
0
0
0
0
0
0
0
0
0
0
0
0
0
0
0
0
0
0
0
0
0
0
0
0
0
0
0
0
-2184
-2241
-2401
-2637
-2905
-3151
-3316
-3343
-3184
-2803
-2184
-1332
-276
935
2236
3547
4781
5852
6684
7213
7394
7208
6658
5774
4607
3228
1718
165
-1342
-2725
-3915
-4862
-5536
-5925
-6039
-5902
-5553
-5038
-4405
-3703
-2973
-2248
-1551
-894
-279
298
848
1380
1904
2422
2930
3416
3859
4234
4508
4650
4633
4435
4044
3462
2705
1801
793
-266
-1320
-2308
-3174
-3869
-4355
-4611
-4631
-4426
-4024
-3464
-2795
-2070
-1342
-658
-57
432
799
1044
1181
1233
1230
1206
1191
1211
1283
1411
1588
1799
2015
2204
2332
2366
2282
2065
1711
1234
658
21
-628
-1243
-1770
-2166
-2398
-2445
-2306
-1998
-1553
-1020
-457
72
507
793
887
769
435
-92
-772
-1542
-2329
-3051
-3625
-3978
-4052
-3806
-3228
-2333
-1160
223
1732
3268
4725
6000
7002
7658
7917
7758
7187
6239
4977
3479
1840
159
-1465
-2946
-4211
-5206
-5903
-6293
-6393
-6235
-5866
-5342
-4720
-4054
-3389
-2759
-2184
-1669
-1208
-784
-372
50
508
1016
1582
2200
2853
3512
4141
4696
5135
5416
5508
5389
5051
4504
3769
2885
1897
861
-165
-1131
-1987
-2696
-3235
-3594
-3776
-3801
-3693
-3488
-3222
-2928
-2637
-2369
-2137
-1942
-1776
-1622
-1461
-1269
-1027
-721
-344
100
597
1124
1648
2132
2539
2835
2992
2992
2833
2523
2087
1562
992
428
-79
-483
-748
-851
-785
-559
-200
249
739
1212
1608
1878
1979
1886
1591
1107
464
-288
-1092
-1881
-2588
-3153
-3527
-3679
-3598
-3294
-2799
-2162
-1446
-721
-60
474
831
977
903
623
173
-386
-984
-1539
-1968
-2196
-2165
-1835
-1195
-262
917
2274
3713
5130
6412
7451
8151
8439
8266
7618
6513
5000
3160
1096
-1074
-3226
-5235
-6991
-8399
-9392
-9928
-9998
-9621
-8843
-7729
-6361
-4828
-3221
-1625
-112
1257
2444
3423
4188
4745
5114
5318
5384
5338
5202
4990
4713
4372
3967
3491
2943
2321
1629
881
95
-700
-1472
-2184
-2797
-3278
-3597
-3737
-3690
-3465
-3079
-2567
-1969
-1333
-710
-146
316
647
830
859
747
517
204
-150
-503
-813
-1044
-1170
-1178
-1066
-848
-548
-195
171
517
811
1027
1154
1191
1149
1053
934
829
772
794
916
1144
1470
1867
2294
2698
3019
3193
3165
2889
2340
1514
435
-845
-2254
-3696
-5061
-6235
-7109
-7590
-7607
-7122
-6136
-4687
-2856
-757
1467
3657
5647
7279
8416
8953
8830
8034
6607
4638
2264
-341
-2984
-5458
-7567
-9136
-10029
-10156
-9487
-8050
-5934
-3279
-271
2873
5928
8665
10881
12405
13119
12961
11932
10097
7577
4544
1205
-2214
-5483
-8386
-10736
-12388
-13251
-13290
-12529
-11048
-8973
-6469
-3721
-925
1730
4080
5987
7357
8142
8338
7988
7174
6004
4608
3119
1668
369
-688
-1446
-1879
-1995
-1833
-1457
-947
-390
124
521
742
749
535
116
-466
-1151
-1863
-2522
-3050
-3380
-3463
-3271
-2803
-2083
-1160
-105
1000
2067
3007
3741
4208
4368
4208
3741
3007
2067
1000
-105
-1160
-2083
-2803
-3271
-3463
-3380
-3050
-2522
-1863
-1151
-466
116
535
749
742
521
124
-390
-947
-1457
-1833
-1995
-1879
-1446
-688
369
1668
3119
4608
6004
7174
7988
8338
8142
7357
5987
4080
1730
-925
-3721
-6469
-8973
-11048
-12529
-13290
-13251
-12388
-10736
-8386
-5483
-2214
1205
4544
7577
10097
11932
12961
13119
12405
10881
8665
5928
2873
-271
-3279
-5934
-8050
-9487
-10156
-10029
-9136
-7567
-5458
-2984
-341
2264
4638
6607
8034
8830
8953
8416
7279
5647
3657
1467
-757
-2856
-4687
-6136
-7122
-7607
-7590
-7109
-6235
-5061
-3696
-2254
-845
435
1514
2340
2889
3165
3193
3019
2698
2294
1867
1470
1144
916
794
772
829
934
1053
1149
1191
1154
1027
811
517
171
-195
-548
-848
-1066
-1178
-1170
-1044
-813
-503
-150
204
517
747
859
830
647
316
-146
-710
-1333
-1969
-2567
-3079
-3465
-3690
-3737
-3597
-3278
-2797
-2184
-1472
-700
95
881
1629
2321
2943
3491
3967
4372
4713
4990
5202
5338
5384
5318
5114
4745
4188
3423
2444
1257
-112
-1625
-3221
-4828
-6361
-7729
-8843
-9621
-9998
-9928
-9392
-8399
-6991
-5235
-3226
-1074
1096
3160
5000
6513
7618
8266
8439
8151
7451
6412
5130
3713
2274
917
-262
-1195
-1835
-2165
-2196
-1968
-1539
-984
-386
173
623
903
977
831
474
-60
-721
-1446
-2162
-2799
-3294
-3598
-3679
-3527
-3153
-2588
-1881
-1092
-288
464
1107
1591
1886
1979
1878
1608
1212
739
249
-200
-559
-785
-851
-748
-483
-79
428
992
1562
2087
2523
2833
2992
2992
2835
2539
2132
1648
1124
597
100
-344
-721
-1027
-1269
-1461
-1622
-1776
-1942
-2137
-2369
-2637
-2928
-3222
-3488
-3693
-3801
-3776
-3594
-3235
-2696
-1987
-1131
-165
861
1897
2885
3769
4504
5051
5389
5508
5416
5135
4696
4141
3512
2853
2200
1582
1016
508
50
-372
-784
-1208
-1669
-2184
-2759
-3389
-4054
-4720
-5342
-5866
-6235
-6393
-6293
-5903
-5206
-4211
-2946
-1465
159
1840
3479
4977
6239
7187
7758
7917
7658
7002
6000
4725
3268
1732
223
-1160
-2333
-3228
-3806
-4052
-3978
-3625
-3051
-2329
-1542
-772
-92
435
769
887
793
507
72
-457
-1020
-1553
-1998
-2306
-2445
-2398
-2166
-1770
-1243
-628
21
658
1234
1711
2065
2282
2366
2332
2204
2015
1799
1588
1411
1283
1211
1191
1206
1230
1233
1181
1044
799
432
-57
-658
-1342
-2070
-2795
-3464
-4024
-4426
-4631
-4611
-4355
-3869
-3174
-2308
-1320
-266
793
1801
2705
3462
4044
4435
4633
4650
4508
4234
3859
3416
2930
2422
1904
1380
848
298
-279
-894
-1551
-2248
-2973
-3703
-4405
-5038
-5553
-5902
-6039
-5925
-5536
-4862
-3915
-2725
-1342
165
1718
3228
4607
5774
6658
7208
7394
7213
6684
5852
4781
3547
2236
935
-276
-1332
-2184
-2803
-3184
-3343
-3316
-3151
-2905
-2637
-2401
-2241
0
0
0
0
0
0
0
0
0
0
0
0
0
0
0
0
0
0
0
0
0
0
0
0
0
0
0
0
0
0
0
0
0
0
0
0
0
0
0
0
0
0
0
0
0
0
0
0
0
0
0
0
0
0
0
0
0
0
0
0
0
0
0
0
0
0
0
0
92
359
772
1287
1848
2391
2849
3162
3277
3156
2781
2152
1291
241
-937
-2173
-3383
-4485
-5399
-6056
-6402
-6404
-6050
-5354
-4351
-3100
-1674
-161
1343
2748
3965
4918
5552
5831
5742
5299
4539
3519
2314
1012
-295
-1517
-2568
-3377
-3888
-4069
-3910
-3427
-2658
-1660
-508
711
1907
2990
3878
4501
4808
4768
4377
3652
2635
1389
-5
-1461
-2882
-4173
-5249
-6036
-6482
-6553
-6242
-5568
-4571
-3313
-1873
-342
1187
2620
3874
4875
5572
5932
5947
5632
5023
4175
3155
2039
907
-168
-1121
-1900
-2470
-2815
-2938
-2859
-2614
-2248
-1813
-1364
-947
-605
-364
-240
-230
-320
-481
-676
-861
-995
-1037
-959
-741
-379
112
710
1372
2049
2684
3221
3607
3797
3759
3478
2956
2213
1286
228
-899
-2027
-3085
-4006
-4732
-5217
-5430
-5357
-5002
-4385
-3540
-2515
-1364
-146
1077
2250
3319
4239
4974
5498
5795
5855
5681
5279
4665
3857
2882
1769
553
-723
-2016
-3276
-4449
-5481
-6314
-6898
-7187
-7144
-6749
-5997
-4902
-3502
-1854
-36
1856
3718
5437
6903
8016
8692
8874
8530
7668
6326
4578
2529
304
-1951
-4093
-5976
-7476
-8491
-8953
-8836
-8151
-6952
-5329
-3403
-1314
787
2753
4448
5762
6616
6967
6815
6198
5188
3887
2414
896
-540
-1785
-2749
-3374
-3632
-3532
-3115
-2446
-1613
-713
157
909
1470
1792
1854
1664
1255
684
22
-650
-1256
-1727
-2011
-2080
-1929
-1581
-1079
-487
121
671
1092
1327
1343
1128
701
107
-588
-1301
-1940
-2416
-2651
-2586
-2192
-1471
-459
775
2136
3509
4767
5789
6465
6710
6473
5742
4550
2968
1105
-900
-2896
-4724
-6239
-7314
-7863
-7837
-7239
-6120
-4575
-2736
-763
1173
2904
4278
5173
5513
5265
4453
3151
1476
-417
-2354
-4153
-5640
-6665
-7116
-6926
-6084
-4631
-2660
-308
2255
4840
7256
9319
10876
11810
12048
11573
10416
8657
6418
3848
1116
-1607
-4161
-6403
-8224
-9551
-10352
-10632
-10435
-9830
-8907
-7767
-6511
-5228
-3994
-2861
-1857
-987
-234
433
1060
1690
2362
3103
3924
4818
5755
6688
7556
8287
8812
9061
8982
8540
7722
6542
5041
3281
1348
-662
-2646
-4501
-6133
-7462
-8432
-9009
-9184
-8977
-8426
-7590
-6540
-5352
-4103
-2864
-1696
-644
261
1007
1597
2046
2376
2618
2801
2952
3092
3233
3378
3521
3649
3744
3783
3745
3613
3375
3026
2571
2023
1403
738
57
-606
-1224
-1768
-2219
-2563
-2793
-2911
-2925
-2846
-2691
-2477
-2220
-1936
-1638
-1335
-1033
-737
-449
-172
89
333
553
739
883
974
1005
967
859
684
451
176
-120
-412
-671
-868
-977
-978
-857
-612
-252
204
727
1278
1814
2289
2661
2893
2959
2847
2557
2105
1524
855
149
-537
-1154
-1652
-1995
-2162
-2147
-1963
-1639
-1219
-756
-308
66
317
404
306
18
-440
-1035
-1711
-2402
-3035
-3538
-3844
-3900
-3672
-3150
-2346
-1299
-70
1264
2613
3884
4984
5833
6370
6553
6370
5833
4984
3884
2613
1264
-70
-1299
-2346
-3150
-3672
-3900
-3844
-3538
-3035
-2402
-1711
-1035
-440
18
306
404
317
66
-308
-756
-1219
-1639
-1963
-2147
-2162
-1995
-1652
-1154
-537
149
855
1524
2105
2557
2847
2959
2893
2661
2289
1814
1278
727
204
-252
-612
-857
-978
-977
-868
-671
-412
-120
176
451
684
859
967
1005
974
883
739
553
333
89
-172
-449
-737
-1033
-1335
-1638
-1936
-2220
-2477
-2691
-2846
-2925
-2911
-2793
-2563
-2219
-1768
-1224
-606
57
738
1403
2023
2571
3026
3375
3613
3745
3783
3744
3649
3521
3378
3233
3092
2952
2801
2618
2376
2046
1597
1007
261
-644
-1696
-2864
-4103
-5352
-6540
-7590
-8426
-8977
-9184
-9009
-8432
-7462
-6133
-4501
-2646
-662
1348
3281
5041
6542
7722
8540
8982
9061
8812
8287
7556
6688
5755
4818
3924
3103
2362
1690
1060
433
-234
-987
-1857
-2861
-3994
-5228
-6511
-7767
-8907
-9830
-10435
-10632
-10352
-9551
-8224
-6403
-4161
-1607
1116
3848
6418
8657
10416
11573
12048
11810
10876
9319
7256
4840
2255
-308
-2660
-4631
-6084
-6926
-7116
-6665
-5640
-4153
-2354
-417
1476
3151
4453
5265
5513
5173
4278
2904
1173
-763
-2736
-4575
-6120
-7239
-7837
-7863
-7314
-6239
-4724
-2896
-900
1105
2968
4550
5742
6473
6710
6465
5789
4767
3509
2136
775
-459
-1471
-2192
-2586
-2651
-2416
-1940
-1301
-588
107
701
1128
1343
1327
1092
671
121
-487
-1079
-1581
-1929
-2080
-2011
-1727
-1256
-650
22
684
1255
1664
1854
1792
1470
909
157
-713
-1613
-2446
-3115
-3532
-3632
-3374
-2749
-1785
-540
896
2414
3887
5188
6198
6815
6967
6616
5762
4448
2753
787
-1314
-3403
-5329
-6952
-8151
-8836
-8953
-8491
-7476
-5976
-4093
-1951
304
2529
4578
6326
7668
8530
8874
8692
8016
6903
5437
3718
1856
-36
-1854
-3502
-4902
-5997
-6749
-7144
-7187
-6898
-6314
-5481
-4449
-3276
-2016
-723
553
1769
2882
3857
4665
5279
5681
5855
5795
5498
4974
4239
3319
2250
1077
-146
-1364
-2515
-3540
-4385
-5002
-5357
-5430
-5217
-4732
-4006
-3085
-2027
-899
228
1286
2213
2956
3478
3759
3797
3607
3221
2684
2049
1372
710
112
-379
-741
-959
-1037
-995
-861
-676
-481
-320
-230
-240
-364
-605
-947
-1364
-1813
-2248
-2614
-2859
-2938
-2815
-2470
-1900
-1121
-168
907
2039
3155
4175
5023
5632
5947
5932
5572
4875
3874
2620
1187
-342
-1873
-3313
-4571
-5568
-6242
-6553
-6482
-6036
-5249
-4173
-2882
-1461
-5
1389
2635
3652
4377
4768
4808
4501
3878
2990
1907
711
-508
-1660
-2658
-3427
-3910
-4069
-3888
-3377
-2568
-1517
-295
1012
2314
3519
4539
5299
5742
5831
5552
4918
3965
2748
1343
-161
-1674
-3100
-4351
-5354
-6050
-6404
-6402
-6056
-5399
-4485
-3383
-2173
-937
241
1291
2152
2781
3156
3277
3162
2849
2391
1848
1287
772
359
92
0
0
0
0
0
0
0
0
0
0
0
0
0
0
0
0
0
0
0
0
0
0
0
0
0
0
0
0
0
0
0
0
0
0
0
0
0
0
0
0
0
0
0
0
0
0
0
0
0
0
0
0
0
0
0
0
0
0
0
0
0
0
0
0
0
0
0
