0
4278
8485
12550
16402
19973
23203
26035
28419
30314
31684
32507
32766
32456
31581
30156
28203
25758
22860
19561
15917
11991
7852
3573
-771
-5106
-9352
-13436
-17284
-20829
-24006
-26759
-29038
-30801
-32015
-32660
-32720
-32196
-31094
-29434
-27244
-24563
-21439
-17925
-14087
-9991
-5712
-1327
3083
7441
11667
15683
19415
22796
25762
28259
30239
31667
32514
32764
32412
31462
29931
27847
25247
22178
18696
14865
10755
6443
2009
-2465
-6896
-11201
-15299
-19113
-22570
-25606
-28162
-30190
-31650
-32514
-32764
-32394
-31411
-29832
-27686
-25012
-21861
-18292
-14372
-10175
-5781
-1274
3259
7733
12062
16161
19951
23359
26318
28771
30668
31973
32659
32711
32127
30919
29107
26727
23823
20452
16679
12577
8226
3711
-879
-5455
-9926
-14204
-18204
-21846
-25058
-27775
-29942
-31516
-32464
-32766
-32415
-31417
-29790
-27567
-24790
-21514
-17805
-13736
-9388
-4849
-209
4437
8997
13377
17489
21248
24578
27411
29687
31359
32393
32765
32468
31507
29899
27676
24884
21579
17828
13707
9301
4700
0
-4703
-9311
-13729
-17864
-21629
-24947
-27746
-29968
-31566
-32503
-32761
-32332
-31225
-29460
-27076
-24119
-20653
-16748
-12488
-7961
-3263
1506
6246
10856
15238
19298
22949
26112
28719
30713
32051
32702
32651
31900
30461
28366
25658
22395
18646
14492
10022
5332
524
-4298
-9029
-13567
-17811
-21669
-25055
-27896
-30127
-31699
-32577
-32739
-32182
-30916
-28967
-26379
-23206
-19519
-15397
-10932
-6222
-1372
3511
8320
12945
17284
21240
24723
27655
29968
31611
32545
32748
32214
30954
28995
26381
23169
19431
15252
10724
5950
1038
-3899
-8751
-13405
-17757
-21705
-25159
-28038
-30277
-31822
-32637
-32702
-32014
-30588
-28456
-25665
-22280
-18377
-14047
-9388
-4509
477
5455
10308
14924
19194
23018
26305
28979
30974
32243
32756
32498
31476
29711
27244
24133
20449
16280
11722
6884
1880
-3170
-8148
-12935
-17416
-21484
-25041
-28000
-30291
-31856
-32659
-32677
-31909
-30373
-28105
-25157
-21600
-17520
-13013
-8189
-3163
1941
7001
11893
16499
20705
24407
27516
29953
31659
32589
32721
32049
30590
28377
25463
21921
17836
13307
8448
3377
-1780
-6896
-11843
-16499
-20746
-24479
-27603
-30040
-31727
-32621
-32699
-31957
-30413
-28105
-25088
-21439
-17247
-12618
-7668
-2522
2689
7836
12787
17416
21605
25247
28248
30530
32035
32723
32574
31592
29801
27244
23987
20112
15718
10917
5832
595
-4660
-9798
-14685
-19194
-23208
-26622
-29345
-31307
-32455
-32757
-32206
-30813
-28614
-25665
-22043
-17841
-13169
-8148
-2911
2405
7661
12717
17440
21705
25397
28419
30689
32146
32750
32483
31352
29385
26633
23169
19084
14487
9500
4255
-1105
-6439
-11603
-16457
-20870
-24723
-27911
-30346
-31961
-32712
-32578
-31559
-29684
-27001
-23582
-19519
-14922
-9916
-4636
771
6162
11386
16301
20770
24671
27896
30354
31977
32719
32558
31498
29565
26813
23317
19172
14492
9407
4058
-1405
-6833
-12073
-16978
-21411
-25247
-28377
-30713
-32188
-32760
-32410
-31148
-29007
-26047
-22351
-18021
-13179
-7961
-2516
3003
8440
13640
18454
22745
26389
29282
31340
32503
32737
32033
30409
27913
24613
20604
16000
10932
5547
0
-5550
-10942
-16021
-20637
-24657
-27963
-30458
-32068
-32745
-32468
-31244
-29107
-26118
-22364
-17952
-13013
-7689
-2137
3479
8997
14252
19090
23367
26955
29748
31662
32640
32650
31691
29790
27003
23411
19119
14256
8965
3403
-2262
-7862
-13230
-18204
-22633
-26385
-29345
-31423
-32556
-32707
-31871
-30072
-27362
-23823
-19561
-14703
-9397
-3803
1908
7565
12994
18030
22517
26318
29316
31419
32559
32702
31841
30001
27238
23635
19302
14372
8996
3339
-2422
-8112
-13553
-18577
-23026
-26761
-29667
-31650
-32648
-32629
-31591
-29565
-26615
-22829
-18327
-13249
-7752
-2009
3799
9491
14886
19815
24120
27666
30338
32052
32751
32412
31044
28690
25423
21345
16586
11295
5642
-193
-6025
-11667
-16938
-21669
-25706
-28920
-31206
-32489
-32726
-31909
-30063
-27244
-23544
-19081
-13998
-8460
-2644
3259
9060
14569
19606
24006
27626
30346
32075
32756
32366
30916
28451
25051
20827
15917
10480
4696
-1244
-7147
-12817
-18065
-22719
-26622
-29644
-31684
-32674
-32578
-31398
-29173
-25975
-21909
-17110
-11737
-5969
0
5972
11747
17130
21941
26016
29217
31436
32596
32657
31615
29504
26395
22390
17625
12260
6476
470
-5554
-11392
-16845
-21726
-25867
-29127
-31393
-32585
-32662
-31619
-29491
-26349
-22301
-17483
-12062
-6222
-166
5898
11762
17222
22088
26191
29387
31566
32648
32597
31411
29131
25835
21636
16679
11138
5205
-912
-7001
-12847
-18244
-23003
-26955
-29960
-31912
-32739
-32412
-30940
-28374
-24803
-20353
-15179
-9465
-3413
2763
8843
14612
19863
24407
28083
30758
32334
32755
32003
30103
27124
23169
18381
12929
7010
836
-5370
-11386
-16993
-21989
-26191
-29446
-31636
-32680
-32538
-31214
-28754
-25247
-20819
-15630
-9868
-3744
2518
8692
14551
19879
24480
28184
30855
32393
32739
31880
29845
26709
22585
17625
12011
5950
-333
-6607
-12639
-18204
-23094
-27128
-30152
-32055
-32763
-32248
-30528
-27666
-23767
-18976
-13473
-7461
-1167
5173
11322
17047
22132
26385
29644
31785
32724
32427
30901
28203
24435
19738
14288
8294
1981
-4409
-10635
-16457
-21654
-26025
-29402
-31656
-32697
-32485
-31027
-28377
-24634
-19943
-14481
-8460
-2109
4324
10594
16457
21686
26077
29459
31699
32710
32451
30929
28203
24378
19601
14056
7961
1552
-4919
-11201
-17047
-22227
-26537
-29806
-31906
-32751
-32307
-30590
-27666
-23648
-18696
-13002
-6791
-309
6187
12441
18204
23246
27366
30398
32222
32762
31995
29951
26709
22398
17189
11289
4935
-1619
-8112
-14281
-19879
-24678
-28486
-31147
-32552
-32643
-31416
-28917
-25247
-20553
-15023
-8882
-2378
4225
10659
16662
21989
26421
29777
31918
32756
32254
30432
27362
23169
18024
12137
5748
-879
-7473
-13762
-19485
-24407
-28323
-31070
-32533
-32650
-31414
-28875
-25136
-20353
-14721
-8475
-1874
4807
11292
17307
22602
26955
30182
32146
32765
32010
29911
26556
22083
16679
10571
4016
-2711
-9326
-15551
-21121
-25799
-29387
-31732
-32732
-32344
-30582
-27520
-23286
-18060
-12062
-5547
1206
7911
14280
20041
24947
28786
31393
32653
32513
30975
28105
24024
18906
12972
6476
-301
-7069
-13534
-19415
-24458
-28443
-31196
-32596
-32580
-31148
-28360
-24336
-19250
-13322
-6811
0
6813
13332
19269
24364
28393
31178
32594
32578
31129
28309
24241
19103
13120
6555
-301
-7147
-13680
-19609
-24671
-28641
-31340
-32648
-32505
-30916
-27948
-23735
-18460
-12360
-5706
1206
8067
14569
20421
25359
29162
31656
32728
32328
30473
27244
22786
17298
11027
4255
-2711
-9557
-15974
-21669
-26383
-29901
-32062
-32766
-31979
-29736
-26137
-21345
-15577
-9095
-2195
4807
11593
17850
23291
27666
30771
32464
32665
31362
28614
24546
19345
13249
6538
-477
-7473
-14125
-20126
-25196
-29098
-31650
-32732
-32292
-30349
-26991
-22374
-16712
-10266
-3339
3746
10659
17076
22694
27251
30530
32377
32702
31489
28793
24740
19519
13375
6597
-494
-7565
-14281
-20323
-25404
-29282
-31772
-32753
-32178
-30072
-26533
-21729
-15887
-9285
-2238
4919
11843
18204
23695
28052
31066
32589
32548
30942
27847
23411
17845
11416
4435
-2763
-9830
-16425
-22227
-26955
-30378
-32330
-32713
-31507
-28769
-24631
-19293
-13013
-6096
1120
8285
15047
21076
26077
29802
32068
32763
31850
29372
25451
20276
14101
7230
0
-7232
-14111
-20295
-25478
-29402
-31872
-32764
-32033
-29711
-25913
-20827
-14703
-7845
-595
6688
13640
19914
25196
29220
31785
32759
32093
29819
26047
20967
14832
7950
664
-6656
-13645
-19948
-25247
-29273
-31822
-32763
-32046
-29706
-25861
-20703
-14492
-7543
-209
7138
14125
20396
25629
29557
31977
32766
31880
29363
25342
20022
13674
6622
-771
-8129
-15071
-21240
-26318
-30042
-32219
-32734
-31559
-28754
-24461
-18901
-12360
-5177
2276
9615
16457
22447
27271
30678
32489
32608
31026
27825
23169
17302
10527
3199
-4298
-11573
-18244
-23960
-28419
-31387
-32705
-32302
-30198
-26501
-21406
-15179
-8148
-684
6817
13962
20369
25700
29668
32064
32757
31710
28975
24698
19103
12488
5205
-2358
-9798
-16717
-22745
-27557
-30894
-32577
-32513
-30703
-27244
-22319
-16192
-9191
-1693
5898
13175
19743
25247
29388
31941
32765
31816
29141
24884
19276
12618
5272
-2362
-9871
-16845
-22903
-27714
-31014
-32621
-32445
-30495
-26875
-21781
-15492
-8351
-749
6896
14165
20658
26016
29942
32220
32721
31417
28377
23767
17841
10926
3403
-4310
-11787
-18613
-24407
-28847
-31684
-32759
-32010
-29476
-25298
-19707
-13013
-5590
2148
9769
16845
22980
27828
31116
32659
32366
30254
26438
21133
14635
7310
-430
-8148
-15409
-21801
-26962
-30598
-32502
-32563
-30778
-27244
-22162
-15818
-8572
-836
6950
14343
20920
26305
30190
32350
32661
31103
27762
22829
16586
9388
1649
-6187
-13670
-20369
-25898
-29936
-32249
-32702
-31267
-28024
-23161
-16955
-9766
-2009
5867
13405
20168
25762
29860
32222
32709
31291
28049
23169
16936
9711
1916
-5992
-13553
-20323
-25904
-29968
-32275
-32687
-31179
-27837
-22855
-16527
-9222
-1372
6562
14111
20829
26318
30252
32397
32623
30916
27374
22206
15718
8294
373
-7571
-15067
-21669
-26980
-30683
-32556
-32483
-30469
-26631
-21197
-14492
-6916
1077
9009
16402
22811
27851
31216
32702
32218
29790
25564
19793
12824
5078
-2978
-10856
-18080
-24210
-28873
-31785
-32766
-31757
-28816
-24119
-17952
-10689
-2772
5316
13083
20053
25799
29968
32304
32662
31017
27469
22233
15630
8064
0
-8067
-15639
-22251
-27492
-31038
-32669
-32282
-29899
-25665
-19840
-12785
-4935
3223
11185
18454
24578
29176
31960
32754
31507
28295
23317
16881
9388
1306
-6859
-14599
-21426
-26913
-30713
-32587
-32415
-30206
-26096
-20343
-13307
-5431
2789
10837
18204
24423
29100
31937
32755
31498
28244
23199
16679
9099
938
-7285
-15047
-21854
-27271
-30951
-32659
-32282
-29844
-25497
-19519
-12290
-4271
4023
12062
19330
25359
29762
32252
32670
30984
27303
21861
15008
7184
-1105
-9326
-16947
-23474
-28484
-31650
-32766
-31757
-28687
-23753
-17274
-9670
-1435
6896
14781
21705
27215
30951
32666
32248
29720
25247
19119
11737
3583
-4807
-12886
-20121
-26035
-30239
-32455
-32534
-30469
-26395
-20578
-13400
-5336
3083
11302
18775
25007
29584
32200
32681
30992
27244
21684
14679
6695
-1736
-10055
-17706
-24178
-29038
-31959
-32744
-31340
-27837
-22468
-15592
-7668
771
9163
16942
23583
28641
31772
32764
31548
28203
22955
16155
8261
-193
-8637
-16499
-23246
-28419
-31667
-32766
-31641
-28366
-23161
-16378
-8479
0
8482
16388
23178
28387
31659
32766
31633
28334
23092
16267
8323
-193
-8699
-16610
-23382
-28547
-31748
-32764
-31521
-28105
-22748
-15818
-7793
771
9287
17161
23850
28887
31923
32744
31292
27666
22114
15023
6884
-1736
-10238
-18030
-24565
-29387
-32158
-32681
-30919
-26991
-21173
-13868
-5590
3083
11543
19194
25499
30012
32414
32534
30361
26047
19895
12336
3903
-4807
-13181
-20625
-26610
-30711
-32637
-32248
-29569
-24790
-18247
-10405
-1820
6896
15124
22277
27843
31423
32760
31757
28483
23169
16196
8060
-655
-9326
-17331
-24094
-29127
-32068
-32703
-30984
-27033
-21133
-13707
-5289
3511
12062
19743
25999
30374
32552
32371
29844
25150
18630
10754
2094
-6719
-15047
-22282
-27896
-31478
-32765
-31661
-28244
-22763
-15616
-7324
1506
10228
18204
24847
29668
32313
32585
30461
26096
19809
12062
3423
-5469
-13962
-21426
-27310
-31178
-32740
-31881
-28661
-23317
-16242
-7961
912
9721
17811
24578
29519
32265
32608
30520
26157
19840
12041
3339
-5613
-14150
-21629
-27492
-31296
-32755
-31758
-28377
-22863
-15630
-7219
1736
10564
18599
25234
29968
32443
32468
30041
25342
18725
10689
1842
-7147
-15598
-22868
-28404
-31785
-32751
-31227
-27327
-21345
-13736
-5078
3969
12717
20496
26712
30887
32702
32014
28875
23522
16364
7950
-1077
-10024
-18204
-24986
-29848
-32414
-32483
-30050
-25298
-18593
-10451
-1499
7571
16058
23305
28750
31969
32711
30916
26720
20449
12587
3744
-5391
-14111
-21734
-27666
-31442
-32766
-31533
-27837
-21964
-14372
-5653
3510
12401
20323
26654
30894
32710
31957
28692
23169
15822
7226
-1941
-10958
-19113
-25762
-30378
-32596
-32237
-29328
-24096
-16955
-8469
691
9799
18132
25028
29936
32465
32412
29778
24772
17791
9388
234
-8940
-17404
-24479
-29598
-32350
-32513
-30072
-25219
-18342
-9991
-836
8388
16942
24135
29387
32275
32563
30226
25451
18620
10283
1113
-8148
-16754
-24006
-29316
-32252
-32574
-30254
-25477
-18630
-10266
-1066
8222
16845
24098
29390
32286
32549
30156
25298
18372
9941
695
-8610
-17213
-24407
-29603
-32371
-32482
-29925
-24908
-17841
-9305
0
9307
17850
24924
29942
32491
32356
29546
24293
17028
8351
-1019
-10308
-18745
-25629
-30386
-32621
-32145
-28995
-23432
-15917
-7073
2362
11603
19879
26497
30903
32728
31816
28241
22301
14491
5464
-4023
-13175
-21224
-27492
-31451
-32766
-31324
-27244
-20868
-12732
-3519
5992
15001
22745
28568
31977
32682
30619
25962
19103
10622
1238
-8253
-17047
-24394
-29668
-32420
-32412
-29643
-24347
-16973
-8148
1373
10781
19269
26112
30723
32705
31886
28334
22351
14449
5304
-4298
-13534
-21608
-27826
-31650
-32749
-31026
-26627
-19930
-11510
-2094
7504
16457
23989
29446
32355
32460
29752
24461
17046
8148
-1459
-10942
-19477
-26318
-30870
-32732
-31742
-27983
-21780
-13674
-4371
5316
14541
22496
28484
31977
32669
30495
25645
18541
9807
209
-9410
-18204
-25397
-30356
-32640
-32046
-28625
-22675
-14721
-5464
4278
13645
21806
28038
31787
32719
30748
26047
19032
10324
695
-8997
-17892
-25196
-30256
-32621
-32077
-28669
-22701
-14703
-5389
4409
13816
21989
28193
31872
32694
30582
25725
18555
9715
0
-9718
-18563
-25739
-30598
-32699
-31850
-28126
-21861
-13619
-4144
5708
15047
23026
28920
32194
32549
29951
24631
17073
7961
-1876
-11547
-20168
-26955
-31287
-32766
-31257
-26894
-20073
-11416
-1713
8148
17267
24807
30076
32589
32113
28690
22632
14492
5018
-4919
-14407
-22570
-28657
-32104
-32591
-30072
-24775
-17189
-8012
1907
11653
20323
27113
31393
32763
31094
26539
19519
10683
852
-9060
-18132
-25519
-30530
-32697
-31816
-27965
-21503
-13031
-3339
6667
16052
23938
29584
32459
32292
29097
23169
15065
5543
-4501
-14125
-22423
-28612
-32108
-32578
-29977
-24546
-16798
-7461
2582
12385
21019
27666
31694
32721
30647
25665
18247
9095
-923
-10856
-19760
-26786
-31264
-32766
-31146
-26556
-19431
-10451
-470
9557
18675
26008
30855
32749
31507
27244
20368
11537
1595
-8501
-17784
-25359
-30497
-32702
-31758
-27754
-21074
-12360
-2451
7696
17103
24860
30215
32648
31922
28105
21563
12929
3039
-7147
-16643
-24525
-30025
-32607
-32016
-28309
-21844
-13249
-3359
6859
16412
24364
29939
32588
32050
28377
21924
13322
3413
-6833
-16412
-24382
-29960
-32596
-32028
-28309
-21804
-13150
-3199
7069
16643
24578
30089
32630
31946
28105
21482
12732
2719
-7565
-17103
-24947
-30318
-32680
-31797
-27754
-20951
-12062
-1970
8320
17784
25478
30633
32732
31565
27244
20200
11134
952
-9326
-18675
-26154
-31014
-32765
-31228
-26556
-19215
-9941
333
10578
19760
26955
31436
32749
30759
25665
17979
8475
-1887
-12062
-21019
-27851
-31864
-32650
-30126
-24546
-16475
-6728
3703
13762
22423
28806
32258
32427
29291
23169
14683
4696
-5772
-15653
-23938
-29777
-32571
-32033
-28214
-21503
-12587
-2378
8077
17706
25519
30711
32748
31416
26850
19519
10175
-219
-10594
-19879
-27113
-31549
-32726
-30520
-25157
-17189
-7439
3083
13289
22119
28657
32222
32441
29289
23092
14492
4381
-6187
-16114
-24364
-30076
-32652
-31820
-27666
-20619
-11416
-1017
9491
19008
26537
31287
32757
30792
25595
17709
7961
-2625
-12939
-21894
-28547
-32194
-32451
-29286
-23032
-14346
-4144
6498
16457
24678
30291
32699
31644
27238
19943
10531
0
-10533
-19951
-27251
-31656
-32694
-30254
-24592
-16309
-6286
4409
14637
23305
29487
32519
32077
28203
21312
12137
1660
-8997
-18692
-26385
-31248
-32757
-30748
-25434
-17383
-7461
3266
13645
22556
29038
32390
32248
28625
21909
12824
2351
-8378
-18204
-26061
-31098
-32765
-30880
-25645
-17625
-7689
3083
13524
22496
29023
32393
32235
28565
21780
12618
2077
-8692
-18516
-26318
-31245
-32755
-30681
-25247
-17046
-6975
3863
14280
23132
29446
32527
32033
28015
20915
11510
836
-9932
-19609
-27125
-31650
-32682
-30103
-24198
-15616
-5304
5596
15880
24407
30232
32705
31550
26894
19250
9465
-1373
-12062
-21411
-28379
-32188
-32412
-29022
-22395
-13267
-2656
8253
18244
26197
31222
32754
30619
25054
16679
6433
-4537
-15001
-23783
-29895
-32648
-31731
-27244
-19690
-9916
976
11762
21224
28293
32170
32415
28997
22301
13080
2378
-8595
-18599
-26497
-31393
-32729
-30352
-24528
-15917
-5494
5554
15974
24578
30386
32734
31352
26395
18425
8351
-2679
-13405
-22602
-29217
-32491
-32046
-27932
-20616
-10936
0
10939
20625
27944
32055
32482
29173
22507
13249
2462
-8610
-18692
-26622
-31481
-32707
-30156
-24119
-15293
-4696
6446
16845
25296
30817
32766
30916
25477
17079
6695
-4468
-15115
-24006
-30106
-32702
-31489
-26606
-18620
-8460
2689
13528
22788
29387
32552
31909
27532
19930
9991
-1120
-12103
-21669
-28693
-32350
-32208
-28280
-21025
-11295
-234
10856
20671
28052
32127
32412
28871
21921
12379
1372
-9799
-19815
-27487
-31906
-32545
-29328
-22632
-13249
-2291
8940
19113
27016
31708
32629
29666
23169
13911
2992
-8285
-18577
-26654
-31549
-32677
-29899
-23544
-14372
-3477
7836
18214
26411
31442
32702
30037
23764
14635
3744
-7598
-18030
-26293
-31393
-32711
-30086
-23833
-14703
-3796
7571
18026
26305
31405
32707
30050
23753
14577
3632
-7754
-18204
-26446
-31479
-32688
-29925
-23522
-14256
-3253
8148
18560
26712
31608
32650
29706
23135
13736
2656
-8751
-19090
-27095
-31785
-32581
-29385
-22585
-13013
-1842
9557
19786
27585
31994
32468
28947
21861
12081
809
-10564
-20637
-28166
-32219
-32293
-28377
-20951
-10932
440
11762
21629
28819
32437
32033
27653
19840
9561
-1907
-13142
-22745
-29519
-32621
-31661
-26755
-18514
-7961
3586
14689
23960
30239
32740
31148
25658
16955
6128
-5469
-16384
-25247
-30944
-32759
-30461
-24336
-15151
-4058
7546
18204
26572
31595
32638
29565
22763
13087
1756
-9798
-20118
-27896
-32148
-32332
-28424
-20915
-10754
771
12203
22088
29171
32552
31797
27001
18769
8148
-3511
-14727
-24069
-30346
-32754
-30984
-25260
-16309
-5272
6439
17331
26008
31359
32696
29845
23169
13521
2137
-9523
-19964
-27843
-32146
-32318
-28334
-20703
-10405
1234
12717
22564
29503
32637
31559
26407
17841
6968
-4807
-15965
-25058
-30909
-32757
-30361
-24028
-14577
-3233
8533
19194
27364
31977
32433
28669
21173
10917
-762
-12345
-22321
-29387
-32619
-31592
-26438
-17828
-6884
4961
16161
25247
31028
32744
30168
23635
13998
2522
-9287
-19879
-27860
-32179
-32265
-28105
-20242
-9711
2101
13640
23382
30040
32733
31103
25362
16267
5018
-6896
-17901
-26537
-31659
-32585
-29190
-21921
-11741
0
11743
21929
29201
32589
31641
26480
17791
6728
-5233
-16499
-25566
-31222
-32709
-29826
-22955
-13013
-1327
10537
20994
28641
32450
31909
27088
18630
7668
-4324
-15739
-25041
-30976
-32744
-30105
-23411
-13561
-1880
10055
20637
28436
32397
31982
27244
18822
7852
-4182
-15653
-25007
-30974
-32743
-30072
-23319
-13400
-1660
10308
20879
28612
32455
31881
26966
18377
7282
-4807
-16245
-25468
-31216
-32702
-29720
-22675
-12528
-664
11292
21705
29147
32596
31576
26225
17274
5950
-6193
-17489
-26383
-31650
-32564
-28995
-21433
-10917
1105
12978
23064
29968
32737
30984
24950
15465
3839
-8320
-19330
-27666
-32170
-32217
-27796
-19519
-8531
3643
15314
24860
30951
32739
29972
23032
12884
938
-11141
-21669
-29176
-32613
-31498
-25982
-16835
-5332
6918
18204
26944
31912
32410
28366
20343
9465
-2743
-14569
-24351
-30713
-32759
-30198
-23387
-13283
-1306
10856
21492
29100
32604
31507
25962
16748
5166
-7147
-18454
-27152
-32008
-32332
-28076
-19840
-8789
3510
15314
24947
31038
32720
29752
22551
12140
0
-12143
-22559
-29762
-32723
-31017
-24884
-15198
-3339
8998
20053
28242
32393
31908
26854
17952
6476
-5930
-17489
-26541
-31785
-32465
-28481
-20402
-9388
2978
14918
24714
30951
32730
29790
22554
12062
-172
-12385
-22811
-29942
-32746
-30813
-24421
-14492
-2462
9926
20879
28806
32556
31581
26021
16679
4912
-7571
-18956
-27585
-32200
-32127
-27374
-18630
-7167
5342
17076
26318
31719
32485
28504
20353
9222
-3259
-15267
-25041
-31147
-32687
-29434
-21861
-11077
1334
13553
23783
30517
32764
30189
23169
12736
423
-11953
-22570
-29860
-32743
-30792
-24293
-14202
-2009
10483
21426
29201
32652
31267
25247
15482
3419
-9153
-20369
-28563
-32514
-31633
-26047
-16586
-4654
7973
19415
27967
32350
31910
26709
17520
5712
-6950
-18577
-27428
-32179
-32116
-27244
-18292
-6597
6088
17864
26962
32015
32263
27666
18910
7310
-5391
-17284
-26579
-31872
-32366
-27983
-19380
-7852
4862
16845
26287
31760
32433
28203
19707
8226
-4501
-16550
-26094
-31684
-32472
-28334
-19895
-8434
4310
16402
26003
31651
32486
28377
19946
8475
-4288
-16402
-26016
-31662
-32478
-28334
-19861
-8351
4437
16550
26133
31717
32445
28203
19638
8060
-4756
-16845
-26351
-31812
-32386
-27983
-19276
-7602
5243
17284
26666
31941
32293
27666
18769
6975
-5898
-17864
-27071
-32095
-32157
-27244
-18113
-6176
6719
18577
27557
32265
31968
26709
17302
5205
-7702
-19415
-28111
-32434
-31710
-26047
-16326
-4058
8843
20369
28719
32588
31368
25247
15179
2736
-10137
-21426
-29364
-32705
-30922
-24293
-13853
-1238
11573
22570
30025
32764
30353
23169
12339
-434
-13142
-23783
-30678
-32739
-29638
-21861
-10632
2276
14829
25041
31296
32604
28754
20353
8727
-4282
-16616
-26318
-31849
-32328
-27676
-18630
-6622
6439
18480
27585
32302
31880
26381
16679
4318
-8734
-20396
-28806
-32620
-31227
-24845
-14492
-1820
11144
22329
29942
32763
30335
23047
12062
-859
-13645
-24243
-30951
-32688
-29173
-20967
-9388
3703
16202
26094
31785
32354
27709
18593
6476
-6688
-18775
-27832
-32393
-31718
-25913
-15915
-3339
9779
21317
29402
32723
30737
23764
12933
0
-12935
-23772
-30745
-32720
-29372
-21243
-9654
3510
16105
26077
31798
32332
27590
18342
6096
-7147
-19226
-28162
-32493
-31507
-25362
-15061
-2291
10856
22227
29953
32765
30198
22670
11416
-1716
-14569
-25028
-31370
-32548
-28366
-19509
-7435
5867
18204
27539
32330
31782
25982
15887
3163
-10086
-21669
-29667
-32753
-30413
-23032
-11831
1334
14281
24860
31312
32563
28403
19519
7387
-5976
-18347
-27666
-32377
-31693
-25725
-15465
-2622
10659
22164
29968
32766
30086
22374
10917
-2369
-15261
-25599
-31650
-32396
-27709
-18372
-5950
7473
19643
28516
32596
31195
24546
13765
664
-12550
-23653
-30771
-32702
-29116
-20616
-8634
4807
17440
27128
32230
31881
26137
15968
3092
-10308
-21966
-29901
-32766
-30072
-22272
-10689
2711
15653
25937
31812
32275
27244
17574
4908
-8595
-20637
-29162
-32712
-30681
-23411
-12140
1206
14349
25041
31451
32480
27948
18630
6117
-7445
-19735
-28641
-32634
-31026
-24089
-13013
301
13567
24501
31222
32570
28309
19172
6728
-6876
-19298
-28393
-32589
-31159
-24347
-13326
0
13328
24354
31166
32585
28360
19220
6748
-6896
-19347
-28443
-32604
-31103
-24198
-13087
301
13640
24608
31294
32533
28105
18778
6176
-7504
-19879
-28786
-32669
-30847
-23635
-12290
1206
14493
25247
31583
32389
27520
17828
5008
-8692
-20870
-29387
-32745
-30352
-22624
-10917
2711
15865
26229
31977
32094
26556
16335
3233
-10442
-22277
-30182
-32757
-29546
-21112
-8944
4807
17712
27483
32390
31559
25136
14256
845
-12717
-24026
-31070
-32598
-28334
-19032
-6345
7473
19964
28903
32697
30666
23169
11540
-2148
-15456
-26008
-31918
-32127
-26596
-16309
-3103
10659
22517
30346
32741
29270
20553
8148
-5719
-18563
-28078
-32552
-31179
-24202
-12874
771
14281
25223
31625
32332
27214
17189
4062
-9798
-21894
-30040
-32762
-29565
-21025
-8682
5233
18204
27882
32514
31257
24336
13002
-691
-14262
-25247
-31650
-32307
-27094
-16955
-3732
10171
22227
30239
32747
29289
20494
7961
-6025
-18915
-28356
-32621
-30929
-23586
-11931
1907
15400
26077
31982
32033
26215
15592
2109
-11762
-23479
-30889
-32629
-28377
-18910
-5966
8077
20637
29402
32756
30080
21861
9613
-4409
-17621
-27585
-32459
-31342
-24435
-13013
816
14497
25499
31785
32188
26631
16140
2656
-11322
-23203
-30782
-32650
-28456
-18976
-5969
8148
20755
29503
32763
29925
21514
9095
-5021
-18204
-27995
-32564
-31058
-23753
-12011
1977
15598
26305
32095
31880
25698
14703
952
-12978
-24480
-31393
-32418
-27360
-17165
-3744
10381
22559
30497
32702
28754
19394
6380
-7836
-20580
-29446
-32762
-29899
-21393
-8847
5370
18577
28275
32630
30814
23169
11138
-3003
-16579
-27016
-32334
-31523
-24733
-13249
751
14612
25700
31906
32048
26096
15179
1372
-12698
-24354
-31371
-32412
-27273
-16932
-3359
10856
23003
30758
32638
28280
18514
5205
-9101
-21669
-30089
-32747
-29131
-19930
-6905
7445
20371
29387
32762
29844
21189
8460
-5898
-19125
-28673
-32702
-30433
-22301
-9868
4468
17946
27963
32585
30916
23274
11134
-3159
-16845
-27275
-32428
-31305
-24119
-12260
1977
15833
26622
32247
31615
24845
13249
-923
-14918
-26016
-32055
-31858
-25461
-14105
0
14107
25468
31864
32046
25975
14832
792
-13405
-24986
-31684
-32188
-26395
-15435
-1452
12817
24578
31525
32292
26727
15917
1981
-12345
-24250
-31393
-32366
-26976
-16280
-2378
11993
24006
31293
32415
27148
16527
2644
-11762
-23850
-31230
-32442
-27244
-16660
-2779
11653
23783
31206
32451
27267
16679
2783
-11667
-23806
-31222
-32441
-27217
-16586
-2656
11803
23919
31277
32412
27094
16378
2398
-12062
-24120
-31370
-32361
-26894
-16056
-2009
12441
24407
31496
32285
26615
15616
1488
-12939
-24777
-31650
-32178
-26251
-15055
-836
13553
25223
31826
32033
25797
14372
52
-14280
-25739
-32015
-31841
-25247
-13561
863
15115
26318
32208
31592
24592
12618
-1908
-16052
-26950
-32393
-31276
-23823
-11540
3083
17085
27622
32556
30880
22932
10324
-4384
-18204
-28323
-32682
-30389
-21909
-8965
5807
19399
29038
32755
29790
20744
7461
-7347
-20658
-29748
-32757
-29067
-19428
-5811
8997
21966
30436
32669
28203
17952
4016
-10746
-23305
-31079
-32468
-27184
-16309
-2077
12583
24657
31656
32135
25992
14491
0
-14493
-25999
-32139
-31644
-24613
-12494
2208
16457
27304
32503
30975
23032
10317
-4537
-18454
-28547
-32719
-30103
-21238
-7961
6971
20458
29694
32757
29007
19220
5431
-9491
-22439
-30713
-32587
-27666
-16973
-2736
12073
24364
31568
32177
26060
14492
-108
-14689
-26197
-32222
-31498
-24174
-11781
3083
17304
27896
32634
30520
21996
8847
-6162
-19879
-29416
-32766
-29219
-19519
-5706
9311
22368
30711
32578
27570
16743
2378
-12491
-24723
-31732
-32033
-25558
-13674
1105
15653
26888
32428
31095
23169
10328
-4707
-18745
-28806
-32750
-29736
-20402
-6728
8378
21705
30414
32650
27932
17262
2911
-12062
-24465
-31651
-32083
-25665
-13765
1077
15692
26955
32455
31012
22932
9941
-5180
-19194
-29098
-32765
-29406
-19738
-5832
9326
22486
30817
32526
27244
16102
1495
-13436
-25478
-32035
-31693
-24521
-12062
2999
17416
28078
32680
30226
21243
7668
-7565
-21167
-30192
-32685
-28105
-17438
-2992
12103
24578
31727
31995
25321
13150
-1876
-16499
-27539
-32596
-30567
-21889
-8448
6833
20630
29936
32722
28377
17845
3419
-11753
-24364
-31659
-32040
-25423
-13249
1823
16499
27568
32607
30508
21729
8189
-7147
-20920
-30108
-32693
-28105
-17347
-2779
12401
24860
31856
31850
24838
12360
-2839
-17416
-28160
-32702
-30037
-20749
-6884
8501
22013
30668
32552
27244
15915
1066
-14020
-26008
-32243
-31342
-23500
-10451
4915
19194
29220
32766
29042
18871
4509
-10856
-23813
-31479
-32147
-25665
-13473
1720
16533
27666
32637
30335
21271
7461
-8015
-21705
-30552
-32578
-27327
-15968
-1038
14125
26133
32294
31228
23169
9920
-5554
-19786
-29584
-32748
-28565
-17970
-3339
12043
24723
31849
31816
24627
11897
-3511
-18132
-28673
-32755
-29458
-19519
-5177
10334
23516
31393
32182
25702
13414
-1907
-16800
-27896
-32682
-30072
-20653
-6555
9029
22570
30997
32395
26445
14492
-751
-15827
-27310
-32589
-30461
-21406
-7481
8148
21926
30713
32507
26894
15151
-48
-15238
-26955
-32522
-30664
-21804
-7961
7702
21608
30575
32549
27076
15403
202
-15047
-26852
-32503
-30703
-21861
-8002
7696
21629
30598
32538
27001
15255
0
-15257
-27007
-32541
-30582
-21579
-7602
8129
21989
30779
32468
26664
14703
-655
-15865
-27411
-32621
-30288
-20948
-6758
8997
22672
31098
32318
26047
13736
-1763
-16855
-28038
-32713
-29790
-19946
-5464
10289
23653
31516
32046
25116
12336
-3319
-18204
-28847
-32766
-29042
-18541
-3711
11987
24889
31977
31593
23823
10480
-5316
-19871
-29777
-32711
-27983
-16697
-1495
14059
26318
32404
30885
22114
8148
-7733
-21801
-30745
-32460
-26539
-14372
1180
16457
27860
32699
29832
19930
5325
-10537
-23916
-31650
-31910
-24631
-11530
4298
19113
29409
32747
28334
17210
2009
-13670
-26112
-32365
-30942
-22178
-8148
7817
21929
30833
32412
26285
13907
-1780
-17047
-28259
-32743
-29429
-19103
-4222
11667
24777
31977
31548
23586
9991
-5992
-20546
-30192
-32619
-27244
-15350
219
15739
27492
32660
30001
20149
5464
-10533
-24006
-31719
-31816
-24270
-10892
5106
19879
29873
32681
27625
15917
373
-15261
-27221
-32621
-30156
-20416
-5748
10308
23879
31684
31836
24293
10875
-5173
-19973
-29942
-32665
-27477
-15633
0
15636
27483
32666
29925
19920
5078
-10999
-24407
-31886
-31615
-23656
-9941
6193
20824
30386
32549
26782
14487
-1341
-16845
-28242
-32749
-29262
-18630
-3445
12583
25539
32252
31078
22301
8064
-8148
-22368
-31111
-32231
-25451
-12429
3643
18824
29387
32737
28047
16465
836
-15001
-27152
-32625
-30072
-20115
-5205
10989
24479
31937
31523
23335
9388
-6876
-21447
-30723
-32412
-26092
-13322
2743
18132
29038
32759
28371
16955
1338
-14612
-26944
-32596
-30164
-20247
-5304
10958
24501
31960
31477
23169
9099
-7236
-21774
-30894
-32323
-25702
-12676
3510
18824
29446
32724
27837
16000
166
-15711
-27666
-32707
-29572
-19041
-3744
12491
25602
32304
30916
21780
7184
-9215
-23305
-31551
-31880
-24205
-10451
5930
20824
30486
32483
26311
13518
-2679
-18204
-29147
-32749
-28098
-16364
-502
15488
27574
32702
29574
18976
3583
-12717
-25806
-32371
-30748
-21345
-6538
9926
23879
31785
31636
23467
9346
-7147
-21830
-30974
-32254
-25342
-11991
4409
19692
29968
32623
26976
14462
-1736
-17495
-28798
-32764
-28377
-16752
-852
15267
27492
32699
29554
18857
3339
-13034
-26077
-32450
-30520
-20777
-5712
10817
24578
32042
31291
22515
7961
-8637
-23021
-31496
-31881
-24075
-10079
6509
21426
30833
32307
25463
12062
-4448
-19815
-30076
-32585
-26689
-13907
2465
18204
29244
32732
27762
15616
-569
-16610
-28356
-32765
-28692
-17189
-1231
15047
27428
32699
29490
18630
2932
-13528
-26478
-32552
-30168
-19943
-4530
12062
25519
32337
30737
21133
6022
-10659
-24565
-32068
-31208
-22206
-7407
9326
23628
31760
31593
23169
8686
-8070
-22719
-31423
-31903
-24028
-9858
6896
21846
31070
32147
24790
10926
-5807
-21019
-30711
-32336
-25461
-11891
4807
20244
30356
32478
26047
12755
-3899
-19528
-30012
-32581
-26556
-13521
3083
18877
29687
32654
26991
14192
-2362
-18294
-29387
-32703
-27360
-14769
1736
17784
29119
32734
27666
15255
-1206
-17349
-28887
-32752
-27913
-15652
771
16993
28695
32761
28105
15962
-434
-16717
-28547
-32765
-28244
-16186
193
16523
28443
32766
28334
16326
-48
-16412
-28387
-32766
-28374
-16382
0
0
0
0
0
0
0
0
0
0
0
0
0
0
0
0
0
0
0
0
0
0
0
0
0
0
0
0
0
0
0
0
0
0
0
0
0
0
0
0
0
0
0
0
0
0
0
0
0
0
0
0
0
0
0
0
0
0
0
0
0
0
0
0
0
0
0
0
0
0
0
0
0
0
0
0
0
0
0
0
0
0
0
0
0
0
0
0
0
0
0
0
0
0
0
0
0
0
0
0
0
0
0
0
0
0
0
0
0
0
0
0
0
0
0
0
0
0
0
0
0
0
0
0
0
0
0
0
0
0
0
0
0
0
0
0
0
0
0
0
0
0
0
0
0
0
0
0
0
0
0
0
0
0
0
0
0
0
0
0
0
0
0
0
0
0
0
0
0
0
0
0
0
0
0
0
0
0
0
0
0
0
0
0
0
0
0
0
0
0
0
0
0
0
0
0
0
0
0
0
0
0
0
0
0
0
0
0
0
0
0
0
0
0
0
0
0
0
0
0
0
0
0
0
0
0
0
0
0
0
0
0
0
0
0
0
0
0
0
0
0
0
0
0
0
0
0
0
0
0
0
0
0
0
0
0
0
0
0
0
0
0
0
0
0
0
0
0
0
0
0
0
0
0
0
0
0
0
0
0
0
0
0
0
0
0
0
0
0
0
0
0
0
0
0
0
0
0
0
0
0
0
0
0
0
0
0
0
0
0
0
0
0
0
0
0
0
0
0
0
0
0
0
0
0
0
0
0
0
0
0
0
0
0
0
0
0
0
0
0
0
0
0
0
0
0
0
0
0
0
0
0
0
0
0
0
0
0
0
0
0
0
0
0
0
0
0
0
0
0
0
0
0
0
0
0
0
0
0
0
0
0
0
0
0
0
0
0
0
0
0
0
0
0
0
0
0
0
0
0
0
0
0
0
0
0
0
0
0
0
0
0
0
0
0
0
0
0
0
0
0
0
0
0
0
0
0
0
0
0
0
0
0
0
0
0
0
0
0
0
0
0
0
0
0
0
0
0
0
0
0
0
0
0
0
0
0
0
0
0
0
0
0
0
0
0
0
0
0
0
0
0
0
0
0
0
0
0
0
0
0
0
0
0
0
0
0
0
0
0
0
0
0
0
0
0
0
0
0
0
0
0
0
0
0
0
0
0
0
0
0
0
0
0
0
0
0
0
0
0
0
0
0
0
0
0
0
0
0
0
0
0
0
0
0
0
0
0
0
0
0
0
0
0
0
0
0
0
0
0
0
0
0
0
0
0
0
0
0
0
0
0
0
0
0
0
0
0
0
0
0
0
0
0
0
0
0
0
0
0
0
0
0
0
0
0
0
0
0
0
0
0
0
0
0
0
0
0
0
0
0
0
0
0
0
0
0
0
0
0
0
0
0
0
0
0
0
0
0
0
0
0
0
0
0
0
0
0
0
0
0
0
0
0
0
0
0
0
0
0
0
0
0
0
0
0
0
0
0
0
0
0
0
0
0
0
0
0
0
0
0
0
0
0
0
0
0
0
0
0
0
0
0
0
0
0
0
0
0
0
0
0
0
0
0
0
0
0
0
0
0
0
0
0
0
0
0
0
0
0
0
0
0
0
0
0
0
0
0
0
0
0
0
0
0
0
0
0
0
0
0
0
0
0
0
0
0
0
0
0
0
0
0
0
0
0
0
0
0
0
0
0
0
0
0
0
0
0
0
0
0
0
0
0
0
0
0
0
0
0
0
0
0
0
0
0
0
0
0
0
0
0
0
0
0
0
0
0
0
0
0
0
0
0
0
0
0
0
0
0
0
0
0
0
0
0
0
0
0
0
0
0
0
0
0
0
0
0
0
0
0
0
0
0
0
0
0
0
0
0
0
0
0
0
0
0
0
0
0
0
0
0
0
0
0
0
0
0
0
0
0
0
0
0
0
0
0
0
0
0
0
0
0
0
0
0
0
0
0
0
0
0
0
0
0
0
0
0
0
0
0
0
0
0
0
0
0
0
0
0
0
0
0
0
0
0
0
0
0
0
0
0
0
0
0
0
0
0
0
0
0
0
0
0
0
0
0
0
0
0
0
0
0
0
0
0
0
0
0
0
0
0
0
0
0
0
0
0
0
0
0
0
0
0
0
0
0
0
0
0
0
0
0
0
0
0
0
0
0
0
0
0
0
0
0
0
0
0
0
0
20851
20330
18792
16317
13030
9101
4730
138
-4439
-8774
-12648
-15867
-18274
-19753
-20238
-19712
-18212
-15822
-12672
-8930
-4790
-467
3820
7858
11445
14411
16616
17962
18399
17921
16570
14433
11632
8324
4686
907
-2820
-6311
-9397
-11936
-13818
-14969
-15354
-14981
-13893
-12170
-9922
-7280
-4393
-1415
1502
4216
6601
8553
9997
10886
11207
10974
10233
9051
7516
5729
3797
1828
-73
-1817
-3327
-4546
-5438
-5987
-6201
-6104
-5738
-5157
-4420
-3592
-2736
-1907
-1153
-510
0
370
607
728
762
743
709
698
744
871
1096
1424
1846
2341
2877
3412
3899
4286
4524
4568
4381
3941
3239
2283
1099
-270
-1766
-3317
-4842
-6256
-7472
-8411
-9001
-9189
-8938
-8235
-7089
-5537
-3636
-1467
872
3271
5609
7768
9631
11095
12073
12501
12342
11588
10259
8409
6116
3483
634
-2294
-5161
-7826
-10155
-12030
-13354
-14059
-14104
-13482
-12220
-10377
-8038
-5316
-2343
738
3778
6632
9161
11246
12790
13721
14001
13622
12609
11019
8936
6466
3734
875
-1971
-4669
-7092
-9130
-10694
-11719
-12171
-12043
-11357
-10161
-8528
-6552
-4336
-1998
346
2585
4612
6340
7695
8629
9114
9147
8748
7957
6832
5447
3883
2228
568
-1011
-2437
-3648
-4595
-5248
-5594
-5635
-5393
-4900
-4203
-3354
-2412
-1438
-487
386
1141
1742
2168
2408
2465
2353
2094
1720
1268
777
286
-165
-547
-831
-1000
-1043
-960
-760
-460
-82
344
788
1215
1594
1894
2092
2169
2114
1922
1599
1157
615
0
-660
-1331
-1979
-2570
-3072
-3458
-3705
-3796
-3724
-3485
-3086
-2540
-1866
-1090
-243
642
1530
2385
3172
3856
4410
4809
5032
5068
4911
4562
4028
3326
2477
1509
455
-648
-1762
-2844
-3854
-4750
-5495
-6056
-6405
-6522
-6392
-6012
-5387
-4532
-3471
-2238
-875
568
2040
3480
4829
6030
7028
7775
8230
8364
8160
7614
6738
5557
4111
2452
646
-1235
-3114
-4909
-6539
-7930
-9015
-9738
-10059
-9954
-9418
-8466
-7131
-5464
-3534
-1421
781
2978
5071
6963
8568
9809
10626
10979
10848
10234
9164
7683
5856
3767
1511
-809
-3086
-5217
-7102
-8655
-9807
-10505
-10720
-10447
-9701
-8523
-6973
-5127
-3077
-922
1234
3289
5148
6725
7952
8777
9168
9119
8643
7774
6564
5085
3415
1645
-135
-1837
-3377
-4684
-5700
-6384
-6716
-6692
-6330
-5662
-4738
-3620
-2377
-1083
186
1363
2385
3201
3774
4082
4120
3899
3445
2797
2006
1128
225
-642
-1418
-2052
-2503
-2744
-2761
-2555
-2142
-1550
-819
0
853
1682
2429
3043
3478
3699
3684
3426
2930
2219
1326
298
-809
-1937
-3019
-3993
-4800
-5391
-5723
-5771
-5522
-4979
-4160
-3100
-1845
-454
1008
2471
3861
5110
6154
6938
7419
7569
7374
6839
5983
4841
3461
1903
236
-1464
-3125
-4670
-6030
-7143
-7960
-8443
-8569
-8332
-7741
-6820
-5607
-4155
-2522
-779
1001
2745
4382
5842
7067
8006
8622
8890
8801
8358
7581
6501
5162
3619
1931
168
-1600
-3305
-4880
-6261
-7397
-8240
-8760
-8936
-8760
-8240
-7397
-6261
-4880
-3305
-1600
168
1931
3619
5162
6501
7581
8358
8801
8890
8622
8006
7067
5842
4382
2745
1001
-779
-2522
-4155
-5607
-6820
-7741
-8332
-8569
-8443
-7960
-7143
-6030
-4670
-3125
-1464
236
1903
3461
4841
5983
6839
7374
7569
7419
6938
6154
5110
3861
2471
1008
-454
-1845
-3100
-4160
-4979
-5522
-5771
-5723
-5391
-4800
-3993
-3019
-1937
-809
298
1326
2219
2930
3426
3684
3699
3478
3043
2429
1682
853
0
-819
-1550
-2142
-2555
-2761
-2744
-2503
-2052
-1418
-642
225
1128
2006
2797
3445
3899
4120
4082
3774
3201
2385
1363
186
-1083
-2377
-3620
-4738
-5662
-6330
-6692
-6716
-6384
-5700
-4684
-3377
-1837
-135
1645
3415
5085
6564
7774
8643
9119
9168
8777
7952
6725
5148
3289
1234
-922
-3077
-5127
-6973
-8523
-9701
-10447
-10720
-10505
-9807
-8655
-7102
-5217
-3086
-809
1511
3767
5856
7683
9164
10234
10848
10979
10626
9809
8568
6963
5071
2978
781
-1421
-3534
-5464
-7131
-8466
-9418
-9954
-10059
-9738
-9015
-7930
-6539
-4909
-3114
-1235
646
2452
4111
5557
6738
7614
8160
8364
8230
7775
7028
6030
4829
3480
2040
568
-875
-2238
-3471
-4532
-5387
-6012
-6392
-6522
-6405
-6056
-5495
-4750
-3854
-2844
-1762
-648
455
1509
2477
3326
4028
4562
4911
5068
5032
4809
4410
3856
3172
2385
1530
642
-243
-1090
-1866
-2540
-3086
-3485
-3724
-3796
-3705
-3458
-3072
-2570
-1979
-1331
-660
0
615
1157
1599
1922
2114
2169
2092
1894
1594
1215
788
344
-82
-460
-760
-960
-1043
-1000
-831
-547
-165
286
777
1268
1720
2094
2353
2465
2408
2168
1742
1141
386
-487
-1438
-2412
-3354
-4203
-4900
-5393
-5635
-5594
-5248
-4595
-3648
-2437
-1011
568
2228
3883
5447
6832
7957
8748
9147
9114
8629
7695
6340
4612
2585
346
-1998
-4336
-6552
-8528
-10161
-11357
-12043
-12171
-11719
-10694
-9130
-7092
-4669
-1971
875
3734
6466
8936
11019
12609
13622
14001
13721
12790
11246
9161
6632
3778
738
-2343
-5316
-8038
-10377
-12220
-13482
-14104
-14059
-13354
-12030
-10155
-7826
-5161
-2294
634
3483
6116
8409
10259
11588
12342
12501
12073
11095
9631
7768
5609
3271
872
-1467
-3636
-5537
-7089
-8235
-8938
-9189
-9001
-8411
-7472
-6256
-4842
-3317
-1766
-270
1099
2283
3239
3941
4381
4568
4524
4286
3899
3412
2877
2341
1846
1424
1096
871
744
698
709
743
762
728
607
370
0
-510
-1153
-1907
-2736
-3592
-4420
-5157
-5738
-6104
-6201
-5987
-5438
-4546
-3327
-1817
-73
1828
3797
5729
7516
9051
10233
10974
11207
10886
9997
8553
6601
4216
1502
-1415
-4393
-7280
-9922
-12170
-13893
-14981
-15354
-14969
-13818
-11936
-9397
-6311
-2820
907
4686
8324
11632
14433
16570
17921
18399
17962
16616
14411
11445
7858
3820
-467
-4790
-8930
-12672
-15822
-18212
-19712
-20238
-19753
-18274
-15867
-12648
-8774
-4439
138
4730
9101
13030
16317
18792
20330
0
0
0
0
0
0
0
0
0
0
0
0
0
0
0
0
0
0
0
0
0
0
0
0
0
0
0
0
0
0
0
0
0
0
0
0
0
0
0
0
0
0
0
0
0
0
0
0
0
0
0
0
0
0
0
0
0
0
0
0
0
0
0
0
0
0
0
-14894
-14512
-13385
-11574
-9171
-6303
-3119
214
3526
6645
9409
11678
13336
14302
14529
14011
12779
10902
8483
5649
2552
-645
-3778
-6685
-9218
-11251
-12684
-13450
-13518
-12893
-11616
-9763
-7435
-4761
-1884
1046
3876
6463
8678
10411
11583
12143
12073
11389
10136
8390
6251
3835
1272
-1304
-3761
-5978
-7845
-9276
-10208
-10605
-10460
-9793
-8651
-7103
-5236
-3153
-964
1219
3290
5147
6705
7896
8672
9007
8899
8367
7448
6201
4694
3008
1229
-556
-2265
-3822
-5159
-6224
-6979
-7401
-7484
-7238
-6685
-5862
-4814
-3594
-2258
-867
521
1852
3076
4149
5037
5712
6157
6364
6332
6069
5588
4912
4065
3078
1984
820
-377
-1571
-2722
-3792
-4747
-5551
-6175
-6592
-6782
-6730
-6428
-5877
-5085
-4071
-2863
-1497
-18
1519
3058
4537
5892
7060
7984
8613
8904
8831
8378
7548
6361
4852
3076
1100
-994
-3119
-5178
-7075
-8719
-10024
-10919
-11350
-11281
-10701
-9621
-8077
-6129
-3855
-1355
1260
3872
6357
8597
10481
11915
12823
13156
12888
12024
10598
8670
6327
3675
837
-2053
-4862
-7454
-9707
-11514
-12789
-13472
-13533
-12969
-11811
-10117
-7970
-5477
-2758
54
2827
5428
7738
9650
11082
11975
12298
12049
11253
9963
8253
6219
3966
1611
-731
-2948
-4938
-6615
-7913
-8786
-9213
-9196
-8761
-7952
-6833
-5477
-3970
-2395
-839
622
1923
3009
3845
4412
4709
4750
4566
4197
3693
3106
2490
1894
1362
925
605
408
330
352
447
578
706
789
787
669
410
0
-561
-1256
-2057
-2919
-3792
-4614
-5322
-5855
-6154
-6173
-5878
-5249
-4290
-3022
-1486
257
2131
4045
5902
7600
9039
10130
10795
10977
10641
9776
8402
6562
4330
1800
-914
-3685
-6378
-8857
-10994
-12675
-13803
-14309
-14153
-13328
-11859
-9803
-7251
-4315
-1133
2144
5363
8367
11009
13158
14709
15582
15733
15151
13863
11928
9440
6518
3302
-53
-3387
-6540
-9364
-11727
-13521
-14666
-15115
-14858
-13915
-12343
-10228
-7680
-4830
-1820
1202
4093
6716
8955
10711
11915
12526
12533
11957
10846
9273
7332
5132
2790
427
-1839
-3905
-5677
-7082
-8071
-8617
-8719
-8396
-7693
-6669
-5398
-3964
-2453
-951
462
1718
2761
3550
4064
4299
4268
4000
3536
2927
2230
1504
804
181
-323
-680
-872
-896
-762
-493
-124
305
749
1159
1491
1704
1768
1661
1376
918
305
-430
-1249
-2101
-2931
-3682
-4300
-4736
-4948
-4909
-4602
-4028
-3202
-2155
-932
409
1805
3183
4471
5597
6498
7119
7419
7372
6970
6223
5159
3823
2274
585
-1166
-2894
-4515
-5949
-7125
-7983
-8479
-8586
-8296
-7621
-6591
-5255
-3675
-1925
-90
1744
3491
5069
6404
7436
8116
8418
8331
7862
7039
5906
4519
2949
1272
-430
-2079
-3595
-4911
-5967
-6721
-7143
-7222
-6961
-6383
-5524
-4432
-3168
-1797
-389
985
2261
3379
4288
4952
5344
5456
5292
4870
4222
3388
2420
1372
304
-727
-1669
-2473
-3100
-3522
-3724
-3701
-3462
-3027
-2429
-1705
-903
-72
737
1478
2104
2580
2877
2978
2877
2580
2104
1478
737
-72
-903
-1705
-2429
-3027
-3462
-3701
-3724
-3522
-3100
-2473
-1669
-727
304
1372
2420
3388
4222
4870
5292
5456
5344
4952
4288
3379
2261
985
-389
-1797
-3168
-4432
-5524
-6383
-6961
-7222
-7143
-6721
-5967
-4911
-3595
-2079
-430
1272
2949
4519
5906
7039
7862
8331
8418
8116
7436
6404
5069
3491
1744
-90
-1925
-3675
-5255
-6591
-7621
-8296
-8586
-8479
-7983
-7125
-5949
-4515
-2894
-1166
585
2274
3823
5159
6223
6970
7372
7419
7119
6498
5597
4471
3183
1805
409
-932
-2155
-3202
-4028
-4602
-4909
-4948
-4736
-4300
-3682
-2931
-2101
-1249
-430
305
918
1376
1661
1768
1704
1491
1159
749
305
-124
-493
-762
-896
-872
-680
-323
181
804
1504
2230
2927
3536
4000
4268
4299
4064
3550
2761
1718
462
-951
-2453
-3964
-5398
-6669
-7693
-8396
-8719
-8617
-8071
-7082
-5677
-3905
-1839
427
2790
5132
7332
9273
10846
11957
12533
12526
11915
10711
8955
6716
4093
1202
-1820
-4830
-7680
-10228
-12343
-13915
-14858
-15115
-14666
-13521
-11727
-9364
-6540
-3387
-53
3302
6518
9440
11928
13863
15151
15733
15582
14709
13158
11009
8367
5363
2144
-1133
-4315
-7251
-9803
-11859
-13328
-14153
-14309
-13803
-12675
-10994
-8857
-6378
-3685
-914
1800
4330
6562
8402
9776
10641
10977
10795
10130
9039
7600
5902
4045
2131
257
-1486
-3022
-4290
-5249
-5878
-6173
-6154
-5855
-5322
-4614
-3792
-2919
-2057
-1256
-561
0
410
669
787
789
706
578
447
352
330
408
605
925
1362
1894
2490
3106
3693
4197
4566
4750
4709
4412
3845
3009
1923
622
-839
-2395
-3970
-5477
-6833
-7952
-8761
-9196
-9213
-8786
-7913
-6615
-4938
-2948
-731
1611
3966
6219
8253
9963
11253
12049
12298
11975
11082
9650
7738
5428
2827
54
-2758
-5477
-7970
-10117
-11811
-12969
-13533
-13472
-12789
-11514
-9707
-7454
-4862
-2053
837
3675
6327
8670
10598
12024
12888
13156
12823
11915
10481
8597
6357
3872
1260
-1355
-3855
-6129
-8077
-9621
-10701
-11281
-11350
-10919
-10024
-8719
-7075
-5178
-3119
-994
1100
3076
4852
6361
7548
8378
8831
8904
8613
7984
7060
5892
4537
3058
1519
-18
-1497
-2863
-4071
-5085
-5877
-6428
-6730
-6782
-6592
-6175
-5551
-4747
-3792
-2722
-1571
-377
820
1984
3078
4065
4912
5588
6069
6332
6364
6157
5712
5037
4149
3076
1852
521
-867
-2258
-3594
-4814
-5862
-6685
-7238
-7484
-7401
-6979
-6224
-5159
-3822
-2265
-556
1229
3008
4694
6201
7448
8367
8899
9007
8672
7896
6705
5147
3290
1219
-964
-3153
-5236
-7103
-8651
-9793
-10460
-10605
-10208
-9276
-7845
-5978
-3761
-1304
1272
3835
6251
8390
10136
11389
12073
12143
11583
10411
8678
6463
3876
1046
-1884
-4761
-7435
-9763
-11616
-12893
-13518
-13450
-12684
-11251
-9218
-6685
-3778
-645
2552
5649
8483
10902
12779
14011
14529
14302
13336
11678
9409
6645
3526
214
-3119
-6303
-9171
-11574
-13385
-14512
0
0
0
0
0
0
0
0
0
0
0
0
0
0
0
0
0
0
0
0
0
0
0
0
0
0
0
0
0
0
0
0
0
0
0
0
0
0
0
0
0
0
0
0
0
0
0
0
0
0
0
0
0
0
0
0
0
0
0
0
0
0
0
0
0
0
0
-8936
-8661
-7854
-6560
-4855
-2840
-632
1637
3837
5835
7512
8765
9517
9717
9347
8421
6984
5112
2904
482
-2020
-4465
-6714
-8638
-10127
-11092
-11473
-11240
-10398
-8983
-7065
-4738
-2123
646
3426
6071
8443
10415
11882
12767
13020
12624
11597
9987
7874
5363
2577
-343
-3256
-6017
-8491
-10559
-12122
-13107
-13470
-13199
-12312
-10857
-8909
-6566
-3945
-1170
1623
4308
6761
8873
10553
11734
12373
12453
11984
11002
9563
7745
5638
3344
968
-1383
-3610
-5621
-7340
-8703
-9669
-10213
-10328
-10030
-9346
-8322
-7012
-5481
-3797
-2032
-256
1464
3071
4510
5740
6727
7449
7893
8057
7946
7575
6966
6143
5139
3988
2728
1397
35
-1317
-2622
-3839
-4933
-5870
-6618
-7153
-7453
-7502
-7295
-6830
-6116
-5171
-4021
-2703
-1259
260
1799
3298
4697
5937
6963
7726
8188
8321
8110
7558
6680
5506
4084
2471
735
-1044
-2791
-4422
-5862
-7042
-7904
-8406
-8522
-8244
-7585
-6575
-5262
-3712
-2001
-213
1562
3236
4726
5957
6870
7420
7584
7358
6760
5826
4611
3187
1632
35
-1514
-2932
-4141
-5076
-5690
-5952
-5853
-5408
-4648
-3624
-2404
-1064
308
1630
2816
3793
4499
4890
4940
4645
4023
3113
1971
669
-709
-2074
-3338
-4415
-5230
-5723
-5854
-5602
-4970
-3987
-2701
-1181
487
2208
3880
5401
6673
7614
8156
8253
7883
7052
5792
4158
2229
105
-2104
-4279
-6301
-8056
-9441
-10372
-10789
-10657
-9972
-8756
-7064
-4974
-2588
-26
2583
5107
7414
9383
10911
11915
12340
12161
11382
10041
8203
5959
3422
717
-2019
-4652
-7050
-9095
-10689
-11756
-12249
-12150
-11471
-10253
-8565
-6498
-4160
-1673
839
3252
5450
7329
8808
9824
10342
10354
9877
8953
7645
6034
4213
2283
345
-1503
-3175
-4595
-5706
-6472
-6877
-6924
-6637
-6058
-5241
-4250
-3156
-2028
-933
67
927
1610
2096
2380
2472
2395
2184
1879
1528
1176
868
639
518
521
650
895
1235
1635
2055
2447
2762
2953
2980
2811
2425
1818
1001
0
-1143
-2373
-3625
-4825
-5897
-6768
-7370
-7648
-7560
-7082
-6213
-4973
-3403
-1564
461
2581
4690
6679
8443
9879
10903
11444
11457
10920
9840
8251
6216
3821
1171
-1608
-4387
-7030
-9404
-11388
-12878
-13791
-14073
-13699
-12675
-11042
-8869
-6252
-3311
-182
2985
6042
8843
11253
13154
14455
15091
15030
14273
12854
10840
8326
5431
2290
-947
-4131
-7111
-9749
-11924
-13538
-14520
-14829
-14456
-13426
-11793
-9640
-7073
-4216
-1204
1820
4717
7356
9619
11409
12650
13297
13331
12763
11630
9997
7949
5589
3032
398
-2188
-4614
-6772
-8572
-9942
-10831
-11214
-11088
-10475
-9416
-7974
-6225
-4257
-2167
-51
1995
3884
5536
6888
7892
8516
8748
8594
8075
7232
6112
4779
3298
1741
178
-1323
-2701
-3904
-4888
-5623
-6092
-6287
-6217
-5897
-5356
-4629
-3755
-2779
-1747
-703
309
1254
2097
2814
3385
3799
4052
4146
4090
3896
3581
3167
2674
2124
1539
940
345
-230
-771
-1267
-1709
-2091
-2408
-2656
-2835
-2942
-2978
-2942
-2835
-2656
-2408
-2091
-1709
-1267
-771
-230
345
940
1539
2124
2674
3167
3581
3896
4090
4146
4052
3799
3385
2814
2097
1254
309
-703
-1747
-2779
-3755
-4629
-5356
-5897
-6217
-6287
-6092
-5623
-4888
-3904
-2701
-1323
178
1741
3298
4779
6112
7232
8075
8594
8748
8516
7892
6888
5536
3884
1995
-51
-2167
-4257
-6225
-7974
-9416
-10475
-11088
-11214
-10831
-9942
-8572
-6772
-4614
-2188
398
3032
5589
7949
9997
11630
12763
13331
13297
12650
11409
9619
7356
4717
1820
-1204
-4216
-7073
-9640
-11793
-13426
-14456
-14829
-14520
-13538
-11924
-9749
-7111
-4131
-947
2290
5431
8326
10840
12854
14273
15030
15091
14455
13154
11253
8843
6042
2985
-182
-3311
-6252
-8869
-11042
-12675
-13699
-14073
-13791
-12878
-11388
-9404
-7030
-4387
-1608
1171
3821
6216
8251
9840
10920
11457
11444
10903
9879
8443
6679
4690
2581
461
-1564
-3403
-4973
-6213
-7082
-7560
-7648
-7370
-6768
-5897
-4825
-3625
-2373
-1143
0
1001
1818
2425
2811
2980
2953
2762
2447
2055
1635
1235
895
650
521
518
639
868
1176
1528
1879
2184
2395
2472
2380
2096
1610
927
67
-933
-2028
-3156
-4250
-5241
-6058
-6637
-6924
-6877
-6472
-5706
-4595
-3175
-1503
345
2283
4213
6034
7645
8953
9877
10354
10342
9824
8808
7329
5450
3252
839
-1673
-4160
-6498
-8565
-10253
-11471
-12150
-12249
-11756
-10689
-9095
-7050
-4652
-2019
717
3422
5959
8203
10041
11382
12161
12340
11915
10911
9383
7414
5107
2583
-26
-2588
-4974
-7064
-8756
-9972
-10657
-10789
-10372
-9441
-8056
-6301
-4279
-2104
105
2229
4158
5792
7052
7883
8253
8156
7614
6673
5401
3880
2208
487
-1181
-2701
-3987
-4970
-5602
-5854
-5723
-5230
-4415
-3338
-2074
-709
669
1971
3113
4023
4645
4940
4890
4499
3793
2816
1630
308
-1064
-2404
-3624
-4648
-5408
-5853
-5952
-5690
-5076
-4141
-2932
-1514
35
1632
3187
4611
5826
6760
7358
7584
7420
6870
5957
4726
3236
1562
-213
-2001
-3712
-5262
-6575
-7585
-8244
-8522
-8406
-7904
-7042
-5862
-4422
-2791
-1044
735
2471
4084
5506
6680
7558
8110
8321
8188
7726
6963
5937
4697
3298
1799
260
-1259
-2703
-4021
-5171
-6116
-6830
-7295
-7502
-7453
-7153
-6618
-5870
-4933
-3839
-2622
-1317
35
1397
2728
3988
5139
6143
6966
7575
7946
8057
7893
7449
6727
5740
4510
3071
1464
-256
-2032
-3797
-5481
-7012
-8322
-9346
-10030
-10328
-10213
-9669
-8703
-7340
-5621
-3610
-1383
968
3344
5638
7745
9563
11002
11984
12453
12373
11734
10553
8873
6761
4308
1623
-1170
-3945
-6566
-8909
-10857
-12312
-13199
-13470
-13107
-12122
-10559
-8491
-6017
-3256
-343
2577
5363
7874
9987
11597
12624
13020
12767
11882
10415
8443
6071
3426
646
-2123
-4738
-7065
-8983
-10398
-11240
-11473
-11092
-10127
-8638
-6714
-4465
-2020
482
2904
5112
6984
8421
9347
9717
9517
8765
7512
5835
3837
1637
-632
-2840
-4855
-6560
-7854
-8661
0
0
0
0
0
0
0
0
0
0
0
0
0
0
0
0
0
0
0
0
0
0
0
0
0
0
0
0
0
0
0
0
0
0
0
0
0
0
0
0
0
0
0
0
0
0
0
0
0
0
0
0
0
0
0
0
0
0
0
0
0
0
0
0
0
0
0
14894
14479
13258
11299
8709
5631
2236
-1289
-4751
-7958
-10733
-12922
-14405
-15099
-14966
-14011
-12287
-9885
-6938
-3604
-64
3490
6866
9883
12377
14216
15301
15575
15024
13680
11616
8943
5805
2368
-1185
-4668
-7900
-10712
-12961
-14536
-15360
-15397
-14654
-13177
-11050
-8390
-5341
-2063
1272
4496
7447
9981
11979
13350
14041
14032
13342
12021
10155
7851
5236
2451
-360
-3059
-5516
-7619
-9280
-10436
-11053
-11127
-10680
-9762
-8443
-6811
-4965
-3008
-1044
832
2534
3994
5159
5999
6503
6680
6555
6170
5575
4828
3988
3114
2258
1463
760
169
-301
-659
-920
-1107
-1249
-1379
-1524
-1711
-1958
-2271
-2649
-3078
-3533
-3978
-4375
-4676
-4837
-4815
-4574
-4089
-3349
-2357
-1134
281
1837
3464
5085
6613
7961
9044
9787
10124
10011
9422
8356
6838
4916
2664
176
-2437
-5054
-7548
-9791
-11666
-13066
-13908
-14132
-13708
-12637
-10953
-8719
-6028
-2999
231
3514
6695
9621
12151
14158
15541
16228
16180
15392
13895
11755
9068
5957
2567
-944
-4415
-7683
-10598
-13025
-14853
-16002
-16422
-16099
-15056
-13345
-11054
-8294
-5199
-1913
1408
4614
7560
10117
12175
13652
14494
14676
14206
13123
11490
9397
6951
4273
1489
-1272
-3888
-6247
-8253
-9831
-10926
-11510
-11578
-11147
-10260
-8976
-7369
-5525
-3536
-1496
503
2379
4058
5477
6593
7375
7811
7905
7675
7152
6380
5406
4287
3079
1838
616
-537
-1583
-2490
-3234
-3800
-4185
-4390
-4426
-4307
-4054
-3690
-3240
-2728
-2178
-1612
-1049
-508
0
463
876
1232
1530
1770
1952
2078
2152
2177
2156
2092
1990
1852
1683
1486
1265
1024
768
502
230
-42
-310
-569
-815
-1042
-1248
-1429
-1583
-1707
-1800
-1860
-1887
-1879
-1835
-1755
-1637
-1480
-1283
-1045
-767
-450
-95
290
703
1133
1571
2001
2409
2778
3090
3325
3466
3495
3400
3171
2802
2295
1657
903
53
-863
-1814
-2760
-3659
-4467
-5143
-5646
-5942
-6002
-5810
-5356
-4646
-3695
-2533
-1202
247
1756
3256
4680
5957
7023
7818
8295
8418
8167
7541
6553
5238
3645
1839
-100
-2090
-4036
-5847
-7435
-8719
-9632
-10122
-10158
-9727
-8842
-7536
-5862
-3893
-1718
562
2843
5016
6978
8632
9898
10712
11032
10839
10139
8964
7366
5422
3222
872
-1516
-3828
-5954
-7792
-9255
-10273
-10800
-10812
-10312
-9327
-7909
-6129
-4077
-1853
430
2665
4742
6561
8039
9108
9721
9856
9514
8719
7517
5976
4178
2214
186
-1805
-3662
-5297
-6632
-7609
-8187
-8348
-8093
-7446
-6448
-5159
-3651
-2006
-309
1351
2894
4244
5339
6130
6588
6698
6466
5914
5080
4015
2782
1449
86
-1233
-2446
-3491
-4321
-4901
-5208
-5235
-4991
-4498
-3788
-2906
-1902
-834
242
1272
2202
2988
3595
3997
4179
4140
3889
3445
2836
2099
1275
409
-454
-1272
-2004
-2615
-3080
-3379
-3501
-3446
-3220
-2840
-2327
-1711
-1024
-300
424
1116
1741
2272
2686
2965
3100
3086
2927
2632
2217
1704
1115
480
-171
-811
-1409
-1940
-2379
-2707
-2910
-2978
-2910
-2707
-2379
-1940
-1409
-811
-171
480
1115
1704
2217
2632
2927
3086
3100
2965
2686
2272
1741
1116
424
-300
-1024
-1711
-2327
-2840
-3220
-3446
-3501
-3379
-3080
-2615
-2004
-1272
-454
409
1275
2099
2836
3445
3889
4140
4179
3997
3595
2988
2202
1272
242
-834
-1902
-2906
-3788
-4498
-4991
-5235
-5208
-4901
-4321
-3491
-2446
-1233
86
1449
2782
4015
5080
5914
6466
6698
6588
6130
5339
4244
2894
1351
-309
-2006
-3651
-5159
-6448
-7446
-8093
-8348
-8187
-7609
-6632
-5297
-3662
-1805
186
2214
4178
5976
7517
8719
9514
9856
9721
9108
8039
6561
4742
2665
430
-1853
-4077
-6129
-7909
-9327
-10312
-10812
-10800
-10273
-9255
-7792
-5954
-3828
-1516
872
3222
5422
7366
8964
10139
10839
11032
10712
9898
8632
6978
5016
2843
562
-1718
-3893
-5862
-7536
-8842
-9727
-10158
-10122
-9632
-8719
-7435
-5847
-4036
-2090
-100
1839
3645
5238
6553
7541
8167
8418
8295
7818
7023
5957
4680
3256
1756
247
-1202
-2533
-3695
-4646
-5356
-5810
-6002
-5942
-5646
-5143
-4467
-3659
-2760
-1814
-863
53
903
1657
2295
2802
3171
3400
3495
3466
3325
3090
2778
2409
2001
1571
1133
703
290
-95
-450
-767
-1045
-1283
-1480
-1637
-1755
-1835
-1879
-1887
-1860
-1800
-1707
-1583
-1429
-1248
-1042
-815
-569
-310
-42
230
502
768
1024
1265
1486
1683
1852
1990
2092
2156
2177
2152
2078
1952
1770
1530
1232
876
463
0
-508
-1049
-1612
-2178
-2728
-3240
-3690
-4054
-4307
-4426
-4390
-4185
-3800
-3234
-2490
-1583
-537
616
1838
3079
4287
5406
6380
7152
7675
7905
7811
7375
6593
5477
4058
2379
503
-1496
-3536
-5525
-7369
-8976
-10260
-11147
-11578
-11510
-10926
-9831
-8253
-6247
-3888
-1272
1489
4273
6951
9397
11490
13123
14206
14676
14494
13652
12175
10117
7560
4614
1408
-1913
-5199
-8294
-11054
-13345
-15056
-16099
-16422
-16002
-14853
-13025
-10598
-7683
-4415
-944
2567
5957
9068
11755
13895
15392
16180
16228
15541
14158
12151
9621
6695
3514
231
-2999
-6028
-8719
-10953
-12637
-13708
-14132
-13908
-13066
-11666
-9791
-7548
-5054
-2437
176
2664
4916
6838
8356
9422
10011
10124
9787
9044
7961
6613
5085
3464
1837
281
-1134
-2357
-3349
-4089
-4574
-4815
-4837
-4676
-4375
-3978
-3533
-3078
-2649
-2271
-1958
-1711
-1524
-1379
-1249
-1107
-920
-659
-301
169
760
1463
2258
3114
3988
4828
5575
6170
6555
6680
6503
5999
5159
3994
2534
832
-1044
-3008
-4965
-6811
-8443
-9762
-10680
-11127
-11053
-10436
-9280
-7619
-5516
-3059
-360
2451
5236
7851
10155
12021
13342
14032
14041
13350
11979
9981
7447
4496
1272
-2063
-5341
-8390
-11050
-13177
-14654
-15397
-15360
-14536
-12961
-10712
-7900
-4668
-1185
2368
5805
8943
11616
13680
15024
15575
15301
14216
12377
9883
6866
3490
-64
-3604
-6938
-9885
-12287
-14011
-14966
-15099
-14405
-12922
-10733
-7958
-4751
-1289
2236
5631
8709
11299
13258
14479
0
0
0
0
0
0
0
0
0
0
0
0
0
0
0
0
0
0
0
0
0
0
0
0
0
0
0
0
0
0
0
0
0
0
0
0
0
0
0
0
0
0
0
0
0
0
0
0
0
0
0
0
0
0
0
0
0
0
0
0
0
0
0
0
0
0
0
2978
2932
2794
2570
2266
1892
1461
985
479
-39
-557
-1059
-1530
-1956
-2327
-2631
-2861
-3011
-3075
-3053
-2943
-2748
-2469
-2114
-1688
-1201
-664
-88
512
1121
1722
2297
2826
3290
3671
3949
4108
4135
4019
3755
3340
2779
2084
1272
365
-606
-1608
-2602
-3547
-4401
-5123
-5673
-6018
-6132
-5996
-5601
-4952
-4061
-2956
-1676
-267
1212
2701
4131
5435
6549
7415
7981
8212
8082
7584
6728
5541
4066
2363
503
-1430
-3350
-5166
-6789
-8138
-9142
-9744
-9907
-9612
-8862
-7684
-6124
-4250
-2143
97
2369
4563
6572
8296
9649
10560
10978
10877
10256
9138
7573
5631
3402
994
-1478
-3896
-6140
-8099
-9676
-10792
-11389
-11435
-10925
-9883
-8357
-6420
-4168
-1709
835
3340
5682
7745
9428
10648
11344
11482
11057
10089
8628
6746
4537
2112
-410
-2904
-5248
-7326
-9036
-10296
-11047
-11252
-10905
-10026
-8660
-6878
-4768
-2435
3
2430
4726
6780
8494
9788
10603
10901
10674
9936
8726
7107
5159
2978
670
-1653
-3884
-5917
-7659
-9031
-9972
-10442
-10426
-9928
-8977
-7621
-5927
-3975
-1858
327
2482
4509
6320
7837
8995
9747
10065
9940
9382
8420
7100
5483
3640
1653
-392
-2409
-4314
-6028
-7480
-8613
-9382
-9758
-9729
-9297
-8483
-7322
-5862
-4164
-2295
-333
1642
3555
5326
6884
8168
9124
9714
9912
9709
9112
8141
6834
5241
3423
1454
-587
-2620
-4562
-6331
-7853
-9064
-9911
-10353
-10370
-9956
-9123
-7903
-6342
-4504
-2464
-306
1878
3997
5957
7674
9071
10086
10671
10800
10464
9675
8467
6891
5016
2926
712
-1526
-3689
-5680
-7410
-8802
-9795
-10346
-10433
-10056
-9236
-8016
-6456
-4632
-2632
-550
1514
3466
5218
6691
7822
8567
8900
8816
8332
7484
6322
4915
3340
1678
16
-1565
-2991
-4199
-5137
-5773
-6091
-6094
-5799
-5241
-4469
-3538
-2512
-1456
-433
498
1293
1912
2333
2546
2559
2391
2072
1644
1154
651
183
-202
-472
-598
-565
-375
-38
418
959
1537
2101
2599
2978
3193
3206
2992
2542
1860
969
-94
-1277
-2517
-3743
-4880
-5852
-6590
-7035
-7140
-6878
-6238
-5234
-3900
-2288
-471
1463
3419
5295
6989
8405
9459
10085
10235
9886
9043
7733
6012
3958
1666
-751
-3176
-5485
-7562
-9297
-10602
-11405
-11664
-11361
-10509
-9149
-7348
-5197
-2803
-289
2220
4598
6727
8502
9839
10676
10978
10741
9986
8763
7146
5227
3113
920
-1236
-3245
-5006
-6434
-7469
-8069
-8223
-7943
-7265
-6248
-4968
-3512
-1977
-457
954
2180
3154
3830
4184
4214
3941
3404
2662
1785
852
-56
-864
-1501
-1913
-2063
-1933
-1529
-877
-24
964
2012
3034
3941
4649
5085
5189
4922
4270
3241
1873
227
-1613
-3547
-5461
-7234
-8749
-9896
-10581
-10734
-10310
-9297
-7716
-5622
-3100
-267
2741
5770
8659
11248
13385
14939
15806
15912
15224
13748
11535
8672
5288
1537
-2397
-6323
-10041
-13358
-16099
-18114
-19287
-19545
-18858
-17246
-14774
-11555
-7738
-3505
937
5373
9582
13357
16509
18880
20352
20851
20352
18880
16509
13357
9582
5373
937
-3505
-7738
-11555
-14774
-17246
-18858
-19545
-19287
-18114
-16099
-13358
-10041
-6323
-2397
1537
5288
8672
11535
13748
15224
15912
15806
14939
13385
11248
8659
5770
2741
-267
-3100
-5622
-7716
-9297
-10310
-10734
-10581
-9896
-8749
-7234
-5461
-3547
-1613
227
1873
3241
4270
4922
5189
5085
4649
3941
3034
2012
964
-24
-877
-1529
-1933
-2063
-1913
-1501
-864
-56
852
1785
2662
3404
3941
4214
4184
3830
3154
2180
954
-457
-1977
-3512
-4968
-6248
-7265
-7943
-8223
-8069
-7469
-6434
-5006
-3245
-1236
920
3113
5227
7146
8763
9986
10741
10978
10676
9839
8502
6727
4598
2220
-289
-2803
-5197
-7348
-9149
-10509
-11361
-11664
-11405
-10602
-9297
-7562
-5485
-3176
-751
1666
3958
6012
7733
9043
9886
10235
10085
9459
8405
6989
5295
3419
1463
-471
-2288
-3900
-5234
-6238
-6878
-7140
-7035
-6590
-5852
-4880
-3743
-2517
-1277
-94
969
1860
2542
2992
3206
3193
2978
2599
2101
1537
959
418
-38
-375
-565
-598
-472
-202
183
651
1154
1644
2072
2391
2559
2546
2333
1912
1293
498
-433
-1456
-2512
-3538
-4469
-5241
-5799
-6094
-6091
-5773
-5137
-4199
-2991
-1565
16
1678
3340
4915
6322
7484
8332
8816
8900
8567
7822
6691
5218
3466
1514
-550
-2632
-4632
-6456
-8016
-9236
-10056
-10433
-10346
-9795
-8802
-7410
-5680
-3689
-1526
712
2926
5016
6891
8467
9675
10464
10800
10671
10086
9071
7674
5957
3997
1878
-306
-2464
-4504
-6342
-7903
-9123
-9956
-10370
-10353
-9911
-9064
-7853
-6331
-4562
-2620
-587
1454
3423
5241
6834
8141
9112
9709
9912
9714
9124
8168
6884
5326
3555
1642
-333
-2295
-4164
-5862
-7322
-8483
-9297
-9729
-9758
-9382
-8613
-7480
-6028
-4314
-2409
-392
1653
3640
5483
7100
8420
9382
9940
10065
9747
8995
7837
6320
4509
2482
327
-1858
-3975
-5927
-7621
-8977
-9928
-10426
-10442
-9972
-9031
-7659
-5917
-3884
-1653
670
2978
5159
7107
8726
9936
10674
10901
10603
9788
8494
6780
4726
2430
3
-2435
-4768
-6878
-8660
-10026
-10905
-11252
-11047
-10296
-9036
-7326
-5248
-2904
-410
2112
4537
6746
8628
10089
11057
11482
11344
10648
9428
7745
5682
3340
835
-1709
-4168
-6420
-8357
-9883
-10925
-11435
-11389
-10792
-9676
-8099
-6140
-3896
-1478
994
3402
5631
7573
9138
10256
10877
10978
10560
9649
8296
6572
4563
2369
97
-2143
-4250
-6124
-7684
-8862
-9612
-9907
-9744
-9142
-8138
-6789
-5166
-3350
-1430
503
2363
4066
5541
6728
7584
8082
8212
7981
7415
6549
5435
4131
2701
1212
-267
-1676
-2956
-4061
-4952
-5601
-5996
-6132
-6018
-5673
-5123
-4401
-3547
-2602
-1608
-606
365
1272
2084
2779
3340
3755
4019
4135
4108
3949
3671
3290
2826
2297
1722
1121
512
-88
-664
-1201
-1688
-2114
-2469
-2748
-2943
-3053
-3075
-3011
-2861
-2631
-2327
-1956
-1530
-1059
-557
-39
479
985
1461
1892
2266
2570
2794
2932
0
0
0
0
0
0
0
0
0
0
0
0
0
0
0
0
0
0
0
0
0
0
0
0
0
0
0
0
0
0
0
0
0
0
0
0
0
0
0
0
0
0
0
0
0
0
0
0
0
0
0
0
0
0
0
0
0
0
0
0
0
0
0
0
0
0
0
-8936
-8749
-8198
-7307
-6117
-4680
-3060
-1330
434
2158
3769
5200
6393
7304
7901
8168
8102
7717
7037
6103
4959
3662
2268
837
-572
-1908
-3122
-4175
-5036
-5686
-6112
-6314
-6297
-6077
-5673
-5110
-4414
-3615
-2740
-1817
-872
70
991
1870
2690
3437
4095
4653
5097
5415
5595
5627
5503
5214
4758
4136
3353
2423
1365
205
-1023
-2281
-3522
-4696
-5753
-6642
-7314
-7727
-7846
-7650
-7127
-6282
-5134
-3719
-2087
-301
1564
3426
5199
6797
8138
9149
9771
9961
9696
8975
7819
6272
4399
2283
21
-2278
-4503
-6541
-8288
-9653
-10560
-10957
-10817
-10140
-8955
-7315
-5301
-3012
-564
1916
4302
6467
8298
9695
10584
10914
10667
9854
8517
6727
4580
2192
-304
-2776
-5085
-7103
-8717
-9837
-10399
-10370
-9749
-8571
-6900
-4829
-2474
29
2540
4914
7011
8710
9908
10532
10538
9921
8709
6964
4781
2280
-397
-3100
-5673
-7964
-9838
-11179
-11901
-11951
-11314
-10013
-8108
-5695
-2900
126
3222
6214
8936
11231
12963
14028
14354
13908
12701
10783
8245
5213
1839
-1701
-5224
-8542
-11477
-13870
-15586
-16527
-16635
-15893
-14329
-12016
-9063
-5618
-1850
2050
5886
9462
12597
15130
16931
17907
18007
17224
15598
13207
10172
6643
2796
-1178
-5085
-8732
-11943
-14564
-16471
-17579
-17842
-17256
-15859
-13730
-10982
-7755
-4213
-530
3112
6544
9604
12156
14088
15325
15826
15586
14637
13045
10904
8333
5466
2447
-576
-3463
-6085
-8331
-10113
-11369
-12065
-12197
-11787
-10882
-9550
-7876
-5957
-3895
-1791
255
2158
3842
5248
6337
7087
7495
7573
7351
6868
6172
5317
4357
3344
2326
1344
430
-391
-1108
-1716
-2217
-2620
-2938
-3184
-3374
-3518
-3627
-3703
-3747
-3750
-3705
-3595
-3407
-3126
-2737
-2233
-1610
-872
-32
889
1864
2854
3819
4712
5484
6091
6491
6648
6537
6146
5473
4534
3357
1983
467
-1126
-2729
-4265
-5663
-6851
-7770
-8368
-8610
-8477
-7966
-7095
-5897
-4423
-2739
-919
953
2792
4512
6033
7286
8212
8770
8936
8704
8089
7121
5851
4340
2660
893
-878
-2575
-4119
-5445
-6496
-7234
-7632
-7685
-7401
-6805
-5937
-4846
-3593
-2240
-855
498
1761
2881
3815
4534
5019
5264
5275
5069
4674
4122
3453
2707
1924
1144
400
-278
-872
-1367
-1756
-2040
-2227
-2327
-2357
-2331
-2268
-2182
-2085
-1986
-1890
-1796
-1699
-1593
-1465
-1305
-1101
-842
-521
-136
311
812
1355
1917
2477
3003
3467
3838
4085
4183
4111
3858
3417
2795
2006
1076
39
-1062
-2180
-3262
-4256
-5107
-5770
-6204
-6376
-6269
-5874
-5199
-4265
-3106
-1770
-312
1202
2704
4123
5391
6445
7230
7704
7838
7619
7050
6152
4959
3523
1906
180
-1575
-3282
-4860
-6234
-7341
-8125
-8548
-8589
-8241
-7518
-6450
-5085
-3482
-1714
139
1994
3767
5376
6748
7820
8543
8883
8824
8369
7537
6365
4907
3227
1402
-486
-2355
-4118
-5697
-7021
-8030
-8681
-8943
-8806
-8275
-7374
-6145
-4641
-2931
-1090
797
2650
4384
5922
7195
8148
8737
8936
8737
8148
7195
5922
4384
2650
797
-1090
-2931
-4641
-6145
-7374
-8275
-8806
-8943
-8681
-8030
-7021
-5697
-4118
-2355
-486
1402
3227
4907
6365
7537
8369
8824
8883
8543
7820
6748
5376
3767
1994
139
-1714
-3482
-5085
-6450
-7518
-8241
-8589
-8548
-8125
-7341
-6234
-4860
-3282
-1575
180
1906
3523
4959
6152
7050
7619
7838
7704
7230
6445
5391
4123
2704
1202
-312
-1770
-3106
-4265
-5199
-5874
-6269
-6376
-6204
-5770
-5107
-4256
-3262
-2180
-1062
39
1076
2006
2795
3417
3858
4111
4183
4085
3838
3467
3003
2477
1917
1355
812
311
-136
-521
-842
-1101
-1305
-1465
-1593
-1699
-1796
-1890
-1986
-2085
-2182
-2268
-2331
-2357
-2327
-2227
-2040
-1756
-1367
-872
-278
400
1144
1924
2707
3453
4122
4674
5069
5275
5264
5019
4534
3815
2881
1761
498
-855
-2240
-3593
-4846
-5937
-6805
-7401
-7685
-7632
-7234
-6496
-5445
-4119
-2575
-878
893
2660
4340
5851
7121
8089
8704
8936
8770
8212
7286
6033
4512
2792
953
-919
-2739
-4423
-5897
-7095
-7966
-8477
-8610
-8368
-7770
-6851
-5663
-4265
-2729
-1126
467
1983
3357
4534
5473
6146
6537
6648
6491
6091
5484
4712
3819
2854
1864
889
-32
-872
-1610
-2233
-2737
-3126
-3407
-3595
-3705
-3750
-3747
-3703
-3627
-3518
-3374
-3184
-2938
-2620
-2217
-1716
-1108
-391
430
1344
2326
3344
4357
5317
6172
6868
7351
7573
7495
7087
6337
5248
3842
2158
255
-1791
-3895
-5957
-7876
-9550
-10882
-11787
-12197
-12065
-11369
-10113
-8331
-6085
-3463
-576
2447
5466
8333
10904
13045
14637
15586
15826
15325
14088
12156
9604
6544
3112
-530
-4213
-7755
-10982
-13730
-15859
-17256
-17842
-17579
-16471
-14564
-11943
-8732
-5085
-1178
2796
6643
10172
13207
15598
17224
18007
17907
16931
15130
12597
9462
5886
2050
-1850
-5618
-9063
-12016
-14329
-15893
-16635
-16527
-15586
-13870
-11477
-8542
-5224
-1701
1839
5213
8245
10783
12701
13908
14354
14028
12963
11231
8936
6214
3222
126
-2900
-5695
-8108
-10013
-11314
-11951
-11901
-11179
-9838
-7964
-5673
-3100
-397
2280
4781
6964
8709
9921
10538
10532
9908
8710
7011
4914
2540
29
-2474
-4829
-6900
-8571
-9749
-10370
-10399
-9837
-8717
-7103
-5085
-2776
-304
2192
4580
6727
8517
9854
10667
10914
10584
9695
8298
6467
4302
1916
-564
-3012
-5301
-7315
-8955
-10140
-10817
-10957
-10560
-9653
-8288
-6541
-4503
-2278
21
2283
4399
6272
7819
8975
9696
9961
9771
9149
8138
6797
5199
3426
1564
-301
-2087
-3719
-5134
-6282
-7127
-7650
-7846
-7727
-7314
-6642
-5753
-4696
-3522
-2281
-1023
205
1365
2423
3353
4136
4758
5214
5503
5627
5595
5415
5097
4653
4095
3437
2690
1870
991
70
-872
-1817
-2740
-3615
-4414
-5110
-5673
-6077
-6297
-6314
-6112
-5686
-5036
-4175
-3122
-1908
-572
837
2268
3662
4959
6103
7037
7717
8102
8168
7901
7304
6393
5200
3769
2158
434
-1330
-3060
-4680
-6117
-7307
-8198
-8749
0
0
0
0
0
0
0
0
0
0
0
0
0
0
0
0
0
0
0
0
0
0
0
0
0
0
0
0
0
0
0
0
0
0
0
0
0
0
0
0
0
0
0
0
0
0
0
0
0
0
0
0
0
0
0
0
0
0
0
0
0
0
0
0
0
0
0
