0
4278
8485
12550
16402
19973
23203
26035
28419
30314
31684
32507
32766
32456
31581
30156
28203
25758
22860
19561
15917
11991
7852
3573
-771
-5106
-9352
-13436
-17284
-20829
-24006
-26759
-29038
-30801
-32015
-32660
-32720
-32196
-31094
-29434
-27244
-24563
-21439
-17925
-14087
-9991
-5712
-1327
3083
7441
11667
15683
19415
22796
25762
28259
30239
31667
32514
32764
32412
31462
29931
27847
25247
22178
18696
14865
10755
6443
2009
-2465
-6896
-11201
-15299
-19113
-22570
-25606
-28162
-30190
-31650
-32514
-32764
-32394
-31411
-29832
-27686
-25012
-21861
-18292
-14372
-10175
-5781
-1274
3259
7733
12062
16161
19951
23359
26318
28771
30668
31973
32659
32711
32127
30919
29107
26727
23823
20452
16679
12577
8226
3711
-879
-5455
-9926
-14204
-18204
-21846
-25058
-27775
-29942
-31516
-32464
-32766
-32415
-31417
-29790
-27567
-24790
-21514
-17805
-13736
-9388
-4849
-209
4437
8997
13377
17489
21248
24578
27411
29687
31359
32393
32765
32468
31507
29899
27676
24884
21579
17828
13707
9301
4700
0
-4703
-9311
-13729
-17864
-21629
-24947
-27746
-29968
-31566
-32503
-32761
-32332
-31225
-29460
-27076
-24119
-20653
-16748
-12488
-7961
-3263
1506
6246
10856
15238
19298
22949
26112
28719
30713
32051
32702
32651
31900
30461
28366
25658
22395
18646
14492
10022
5332
524
-4298
-9029
-13567
-17811
-21669
-25055
-27896
-30127
-31699
-32577
-32739
-32182
-30916
-28967
-26379
-23206
-19519
-15397
-10932
-6222
-1372
3511
8320
12945
17284
21240
24723
27655
29968
31611
32545
32748
32214
30954
28995
26381
23169
19431
15252
10724
5950
1038
-3899
-8751
-13405
-17757
-21705
-25159
-28038
-30277
-31822
-32637
-32702
-32014
-30588
-28456
-25665
-22280
-18377
-14047
-9388
-4509
477
5455
10308
14924
19194
23018
26305
28979
30974
32243
32756
32498
31476
29711
27244
24133
20449
16280
11722
6884
1880
-3170
-8148
-12935
-17416
-21484
-25041
-28000
-30291
-31856
-32659
-32677
-31909
-30373
-28105
-25157
-21600
-17520
-13013
-8189
-3163
1941
7001
11893
16499
20705
24407
27516
29953
31659
32589
32721
32049
30590
28377
25463
21921
17836
13307
8448
3377
-1780
-6896
-11843
-16499
-20746
-24479
-27603
-30040
-31727
-32621
-32699
-31957
-30413
-28105
-25088
-21439
-17247
-12618
-7668
-2522
2689
7836
12787
17416
21605
25247
28248
30530
32035
32723
32574
31592
29801
27244
23987
20112
15718
10917
5832
595
-4660
-9798
-14685
-19194
-23208
-26622
-29345
-31307
-32455
-32757
-32206
-30813
-28614
-25665
-22043
-17841
-13169
-8148
-2911
2405
7661
12717
17440
21705
25397
28419
30689
32146
32750
32483
31352
29385
26633
23169
19084
14487
9500
4255
-1105
-6439
-11603
-16457
-20870
-24723
-27911
-30346
-31961
-32712
-32578
-31559
-29684
-27001
-23582
-19519
-14922
-9916
-4636
771
6162
11386
16301
20770
24671
27896
30354
31977
32719
32558
31498
29565
26813
23317
19172
14492
9407
4058
-1405
-6833
-12073
-16978
-21411
-25247
-28377
-30713
-32188
-32760
-32410
-31148
-29007
-26047
-22351
-18021
-13179
-7961
-2516
3003
8440
13640
18454
22745
26389
29282
31340
32503
32737
32033
30409
27913
24613
20604
16000
10932
5547
0
-5550
-10942
-16021
-20637
-24657
-27963
-30458
-32068
-32745
-32468
-31244
-29107
-26118
-22364
-17952
-13013
-7689
-2137
3479
8997
14252
19090
23367
26955
29748
31662
32640
32650
31691
29790
27003
23411
19119
14256
8965
3403
-2262
-7862
-13230
-18204
-22633
-26385
-29345
-31423
-32556
-32707
-31871
-30072
-27362
-23823
-19561
-14703
-9397
-3803
1908
7565
12994
18030
22517
26318
29316
31419
32559
32702
31841
30001
27238
23635
19302
14372
8996
3339
-2422
-8112
-13553
-18577
-23026
-26761
-29667
-31650
-32648
-32629
-31591
-29565
-26615
-22829
-18327
-13249
-7752
-2009
3799
9491
14886
19815
24120
27666
30338
32052
32751
32412
31044
28690
25423
21345
16586
11295
5642
-193
-6025
-11667
-16938
-21669
-25706
-28920
-31206
-32489
-32726
-31909
-30063
-27244
-23544
-19081
-13998
-8460
-2644
3259
9060
14569
19606
24006
27626
30346
32075
32756
32366
30916
28451
25051
20827
15917
10480
4696
-1244
-7147
-12817
-18065
-22719
-26622
-29644
-31684
-32674
-32578
-31398
-29173
-25975
-21909
-17110
-11737
-5969
0
5972
11747
17130
21941
26016
29217
31436
32596
32657
31615
29504
26395
22390
17625
12260
6476
470
-5554
-11392
-16845
-21726
-25867
-29127
-31393
-32585
-32662
-31619
-29491
-26349
-22301
-17483
-12062
-6222
-166
5898
11762
17222
22088
26191
29387
31566
32648
32597
31411
29131
25835
21636
16679
11138
5205
-912
-7001
-12847
-18244
-23003
-26955
-29960
-31912
-32739
-32412
-30940
-28374
-24803
-20353
-15179
-9465
-3413
2763
8843
14612
19863
24407
28083
30758
32334
32755
32003
30103
27124
23169
18381
12929
7010
836
-5370
-11386
-16993
-21989
-26191
-29446
-31636
-32680
-32538
-31214
-28754
-25247
-20819
-15630
-9868
-3744
2518
8692
14551
19879
24480
28184
30855
32393
32739
31880
29845
26709
22585
17625
12011
5950
-333
-6607
-12639
-18204
-23094
-27128
-30152
-32055
-32763
-32248
-30528
-27666
-23767
-18976
-13473
-7461
-1167
5173
11322
17047
22132
26385
29644
31785
32724
32427
30901
28203
24435
19738
14288
8294
1981
-4409
-10635
-16457
-21654
-26025
-29402
-31656
-32697
-32485
-31027
-28377
-24634
-19943
-14481
-8460
-2109
4324
10594
16457
21686
26077
29459
31699
32710
32451
30929
28203
24378
19601
14056
7961
1552
-4919
-11201
-17047
-22227
-26537
-29806
-31906
-32751
-32307
-30590
-27666
-23648
-18696
-13002
-6791
-309
6187
12441
18204
23246
27366
30398
32222
32762
31995
29951
26709
22398
17189
11289
4935
-1619
-8112
-14281
-19879
-24678
-28486
-31147
-32552
-32643
-31416
-28917
-25247
-20553
-15023
-8882
-2378
4225
10659
16662
21989
26421
29777
31918
32756
32254
30432
27362
23169
18024
12137
5748
-879
-7473
-13762
-19485
-24407
-28323
-31070
-32533
-32650
-31414
-28875
-25136
-20353
-14721
-8475
-1874
4807
11292
17307
22602
26955
30182
32146
32765
32010
29911
26556
22083
16679
10571
4016
-2711
-9326
-15551
-21121
-25799
-29387
-31732
-32732
-32344
-30582
-27520
-23286
-18060
-12062
-5547
1206
7911
14280
20041
24947
28786
31393
32653
32513
30975
28105
24024
18906
12972
6476
-301
-7069
-13534
-19415
-24458
-28443
-31196
-32596
-32580
-31148
-28360
-24336
-19250
-13322
-6811
0
6813
13332
19269
24364
28393
31178
32594
32578
31129
28309
24241
19103
13120
6555
-301
-7147
-13680
-19609
-24671
-28641
-31340
-32648
-32505
-30916
-27948
-23735
-18460
-12360
-5706
1206
8067
14569
20421
25359
29162
31656
32728
32328
30473
27244
22786
17298
11027
4255
-2711
-9557
-15974
-21669
-26383
-29901
-32062
-32766
-31979
-29736
-26137
-21345
-15577
-9095
-2195
4807
11593
17850
23291
27666
30771
32464
32665
31362
28614
24546
19345
13249
6538
-477
-7473
-14125
-20126
-25196
-29098
-31650
-32732
-32292
-30349
-26991
-22374
-16712
-10266
-3339
3746
10659
17076
22694
27251
30530
32377
32702
31489
28793
24740
19519
13375
6597
-494
-7565
-14281
-20323
-25404
-29282
-31772
-32753
-32178
-30072
-26533
-21729
-15887
-9285
-2238
4919
11843
18204
23695
28052
31066
32589
32548
30942
27847
23411
17845
11416
4435
-2763
-9830
-16425
-22227
-26955
-30378
-32330
-32713
-31507
-28769
-24631
-19293
-13013
-6096
1120
8285
15047
21076
26077
29802
32068
32763
31850
29372
25451
20276
14101
7230
0
-7232
-14111
-20295
-25478
-29402
-31872
-32764
-32033
-29711
-25913
-20827
-14703
-7845
-595
6688
13640
19914
25196
29220
31785
32759
32093
29819
26047
20967
14832
7950
664
-6656
-13645
-19948
-25247
-29273
-31822
-32763
-32046
-29706
-25861
-20703
-14492
-7543
-209
7138
14125
20396
25629
29557
31977
32766
31880
29363
25342
20022
13674
6622
-771
-8129
-15071
-21240
-26318
-30042
-32219
-32734
-31559
-28754
-24461
-18901
-12360
-5177
2276
9615
16457
22447
27271
30678
32489
32608
31026
27825
23169
17302
10527
3199
-4298
-11573
-18244
-23960
-28419
-31387
-32705
-32302
-30198
-26501
-21406
-15179
-8148
-684
6817
13962
20369
25700
29668
32064
32757
31710
28975
24698
19103
12488
5205
-2358
-9798
-16717
-22745
-27557
-30894
-32577
-32513
-30703
-27244
-22319
-16192
-9191
-1693
5898
13175
19743
25247
29388
31941
32765
31816
29141
24884
19276
12618
5272
-2362
-9871
-16845
-22903
-27714
-31014
-32621
-32445
-30495
-26875
-21781
-15492
-8351
-749
6896
14165
20658
26016
29942
32220
32721
31417
28377
23767
17841
10926
3403
-4310
-11787
-18613
-24407
-28847
-31684
-32759
-32010
-29476
-25298
-19707
-13013
-5590
2148
9769
16845
22980
27828
31116
32659
32366
30254
26438
21133
14635
7310
-430
-8148
-15409
-21801
-26962
-30598
-32502
-32563
-30778
-27244
-22162
-15818
-8572
-836
6950
14343
20920
26305
30190
32350
32661
31103
27762
22829
16586
9388
1649
-6187
-13670
-20369
-25898
-29936
-32249
-32702
-31267
-28024
-23161
-16955
-9766
-2009
5867
13405
20168
25762
29860
32222
32709
31291
28049
23169
16936
9711
1916
-5992
-13553
-20323
-25904
-29968
-32275
-32687
-31179
-27837
-22855
-16527
-9222
-1372
6562
14111
20829
26318
30252
32397
32623
30916
27374
22206
15718
8294
373
-7571
-15067
-21669
-26980
-30683
-32556
-32483
-30469
-26631
-21197
-14492
-6916
1077
9009
16402
22811
27851
31216
32702
32218
29790
25564
19793
12824
5078
-2978
-10856
-18080
-24210
-28873
-31785
-32766
-31757
-28816
-24119
-17952
-10689
-2772
5316
13083
20053
25799
29968
32304
32662
31017
27469
22233
15630
8064
0
-8067
-15639
-22251
-27492
-31038
-32669
-32282
-29899
-25665
-19840
-12785
-4935
3223
11185
18454
24578
29176
31960
32754
31507
28295
23317
16881
9388
1306
-6859
-14599
-21426
-26913
-30713
-32587
-32415
-30206
-26096
-20343
-13307
-5431
2789
10837
18204
24423
29100
31937
32755
31498
28244
23199
16679
9099
938
-7285
-15047
-21854
-27271
-30951
-32659
-32282
-29844
-25497
-19519
-12290
-4271
4023
12062
19330
25359
29762
32252
32670
30984
27303
21861
15008
7184
-1105
-9326
-16947
-23474
-28484
-31650
-32766
-31757
-28687
-23753
-17274
-9670
-1435
6896
14781
21705
27215
30951
32666
32248
29720
25247
19119
11737
3583
-4807
-12886
-20121
-26035
-30239
-32455
-32534
-30469
-26395
-20578
-13400
-5336
3083
11302
18775
25007
29584
32200
32681
30992
27244
21684
14679
6695
-1736
-10055
-17706
-24178
-29038
-31959
-32744
-31340
-27837
-22468
-15592
-7668
771
9163
16942
23583
28641
31772
32764
31548
28203
22955
16155
8261
-193
-8637
-16499
-23246
-28419
-31667
-32766
-31641
-28366
-23161
-16378
-8479
0
8482
16388
23178
28387
31659
32766
31633
28334
23092
16267
8323
-193
-8699
-16610
-23382
-28547
-31748
-32764
-31521
-28105
-22748
-15818
-7793
771
9287
17161
23850
28887
31923
32744
31292
27666
22114
15023
6884
-1736
-10238
-18030
-24565
-29387
-32158
-32681
-30919
-26991
-21173
-13868
-5590
3083
11543
19194
25499
30012
32414
32534
30361
26047
19895
12336
3903
-4807
-13181
-20625
-26610
-30711
-32637
-32248
-29569
-24790
-18247
-10405
-1820
6896
15124
22277
27843
31423
32760
31757
28483
23169
16196
8060
-655
-9326
-17331
-24094
-29127
-32068
-32703
-30984
-27033
-21133
-13707
-5289
3511
12062
19743
25999
30374
32552
32371
29844
25150
18630
10754
2094
-6719
-15047
-22282
-27896
-31478
-32765
-31661
-28244
-22763
-15616
-7324
1506
10228
18204
24847
29668
32313
32585
30461
26096
19809
12062
3423
-5469
-13962
-21426
-27310
-31178
-32740
-31881
-28661
-23317
-16242
-7961
912
9721
17811
24578
29519
32265
32608
30520
26157
19840
12041
3339
-5613
-14150
-21629
-27492
-31296
-32755
-31758
-28377
-22863
-15630
-7219
1736
10564
18599
25234
29968
32443
32468
30041
25342
18725
10689
1842
-7147
-15598
-22868
-28404
-31785
-32751
-31227
-27327
-21345
-13736
-5078
3969
12717
20496
26712
30887
32702
32014
28875
23522
16364
7950
-1077
-10024
-18204
-24986
-29848
-32414
-32483
-30050
-25298
-18593
-10451
-1499
7571
16058
23305
28750
31969
32711
30916
26720
20449
12587
3744
-5391
-14111
-21734
-27666
-31442
-32766
-31533
-27837
-21964
-14372
-5653
3510
12401
20323
26654
30894
32710
31957
28692
23169
15822
7226
-1941
-10958
-19113
-25762
-30378
-32596
-32237
-29328
-24096
-16955
-8469
691
9799
18132
25028
29936
32465
32412
29778
24772
17791
9388
234
-8940
-17404
-24479
-29598
-32350
-32513
-30072
-25219
-18342
-9991
-836
8388
16942
24135
29387
32275
32563
30226
25451
18620
10283
1113
-8148
-16754
-24006
-29316
-32252
-32574
-30254
-25477
-18630
-10266
-1066
8222
16845
24098
29390
32286
32549
30156
25298
18372
9941
695
-8610
-17213
-24407
-29603
-32371
-32482
-29925
-24908
-17841
-9305
0
9307
17850
24924
29942
32491
32356
29546
24293
17028
8351
-1019
-10308
-18745
-25629
-30386
-32621
-32145
-28995
-23432
-15917
-7073
2362
11603
19879
26497
30903
32728
31816
28241
22301
14491
5464
-4023
-13175
-21224
-27492
-31451
-32766
-31324
-27244
-20868
-12732
-3519
5992
15001
22745
28568
31977
32682
30619
25962
19103
10622
1238
-8253
-17047
-24394
-29668
-32420
-32412
-29643
-24347
-16973
-8148
1373
10781
19269
26112
30723
32705
31886
28334
22351
14449
5304
-4298
-13534
-21608
-27826
-31650
-32749
-31026
-26627
-19930
-11510
-2094
7504
16457
23989
29446
32355
32460
29752
24461
17046
8148
-1459
-10942
-19477
-26318
-30870
-32732
-31742
-27983
-21780
-13674
-4371
5316
14541
22496
28484
31977
32669
30495
25645
18541
9807
209
-9410
-18204
-25397
-30356
-32640
-32046
-28625
-22675
-14721
-5464
4278
13645
21806
28038
31787
32719
30748
26047
19032
10324
695
-8997
-17892
-25196
-30256
-32621
-32077
-28669
-22701
-14703
-5389
4409
13816
21989
28193
31872
32694
30582
25725
18555
9715
0
-9718
-18563
-25739
-30598
-32699
-31850
-28126
-21861
-13619
-4144
5708
15047
23026
28920
32194
32549
29951
24631
17073
7961
-1876
-11547
-20168
-26955
-31287
-32766
-31257
-26894
-20073
-11416
-1713
8148
17267
24807
30076
32589
32113
28690
22632
14492
5018
-4919
-14407
-22570
-28657
-32104
-32591
-30072
-24775
-17189
-8012
1907
11653
20323
27113
31393
32763
31094
26539
19519
10683
852
-9060
-18132
-25519
-30530
-32697
-31816
-27965
-21503
-13031
-3339
6667
16052
23938
29584
32459
32292
29097
23169
15065
5543
-4501
-14125
-22423
-28612
-32108
-32578
-29977
-24546
-16798
-7461
2582
12385
21019
27666
31694
32721
30647
25665
18247
9095
-923
-10856
-19760
-26786
-31264
-32766
-31146
-26556
-19431
-10451
-470
9557
18675
26008
30855
32749
31507
27244
20368
11537
1595
-8501
-17784
-25359
-30497
-32702
-31758
-27754
-21074
-12360
-2451
7696
17103
24860
30215
32648
31922
28105
21563
12929
3039
-7147
-16643
-24525
-30025
-32607
-32016
-28309
-21844
-13249
-3359
6859
16412
24364
29939
32588
32050
28377
21924
13322
3413
-6833
-16412
-24382
-29960
-32596
-32028
-28309
-21804
-13150
-3199
7069
16643
24578
30089
32630
31946
28105
21482
12732
2719
-7565
-17103
-24947
-30318
-32680
-31797
-27754
-20951
-12062
-1970
8320
17784
25478
30633
32732
31565
27244
20200
11134
952
-9326
-18675
-26154
-31014
-32765
-31228
-26556
-19215
-9941
333
10578
19760
26955
31436
32749
30759
25665
17979
8475
-1887
-12062
-21019
-27851
-31864
-32650
-30126
-24546
-16475
-6728
3703
13762
22423
28806
32258
32427
29291
23169
14683
4696
-5772
-15653
-23938
-29777
-32571
-32033
-28214
-21503
-12587
-2378
8077
17706
25519
30711
32748
31416
26850
19519
10175
-219
-10594
-19879
-27113
-31549
-32726
-30520
-25157
-17189
-7439
3083
13289
22119
28657
32222
32441
29289
23092
14492
4381
-6187
-16114
-24364
-30076
-32652
-31820
-27666
-20619
-11416
-1017
9491
19008
26537
31287
32757
30792
25595
17709
7961
-2625
-12939
-21894
-28547
-32194
-32451
-29286
-23032
-14346
-4144
6498
16457
24678
30291
32699
31644
27238
19943
10531
0
-10533
-19951
-27251
-31656
-32694
-30254
-24592
-16309
-6286
4409
14637
23305
29487
32519
32077
28203
21312
12137
1660
-8997
-18692
-26385
-31248
-32757
-30748
-25434
-17383
-7461
3266
13645
22556
29038
32390
32248
28625
21909
12824
2351
-8378
-18204
-26061
-31098
-32765
-30880
-25645
-17625
-7689
3083
13524
22496
29023
32393
32235
28565
21780
12618
2077
-8692
-18516
-26318
-31245
-32755
-30681
-25247
-17046
-6975
3863
14280
23132
29446
32527
32033
28015
20915
11510
836
-9932
-19609
-27125
-31650
-32682
-30103
-24198
-15616
-5304
5596
15880
24407
30232
32705
31550
26894
19250
9465
-1373
-12062
-21411
-28379
-32188
-32412
-29022
-22395
-13267
-2656
8253
18244
26197
31222
32754
30619
25054
16679
6433
-4537
-15001
-23783
-29895
-32648
-31731
-27244
-19690
-9916
976
11762
21224
28293
32170
32415
28997
22301
13080
2378
-8595
-18599
-26497
-31393
-32729
-30352
-24528
-15917
-5494
5554
15974
24578
30386
32734
31352
26395
18425
8351
-2679
-13405
-22602
-29217
-32491
-32046
-27932
-20616
-10936
0
10939
20625
27944
32055
32482
29173
22507
13249
2462
-8610
-18692
-26622
-31481
-32707
-30156
-24119
-15293
-4696
6446
16845
25296
30817
32766
30916
25477
17079
6695
-4468
-15115
-24006
-30106
-32702
-31489
-26606
-18620
-8460
2689
13528
22788
29387
32552
31909
27532
19930
9991
-1120
-12103
-21669
-28693
-32350
-32208
-28280
-21025
-11295
-234
10856
20671
28052
32127
32412
28871
21921
12379
1372
-9799
-19815
-27487
-31906
-32545
-29328
-22632
-13249
-2291
8940
19113
27016
31708
32629
29666
23169
13911
2992
-8285
-18577
-26654
-31549
-32677
-29899
-23544
-14372
-3477
7836
18214
26411
31442
32702
30037
23764
14635
3744
-7598
-18030
-26293
-31393
-32711
-30086
-23833
-14703
-3796
7571
18026
26305
31405
32707
30050
23753
14577
3632
-7754
-18204
-26446
-31479
-32688
-29925
-23522
-14256
-3253
8148
18560
26712
31608
32650
29706
23135
13736
2656
-8751
-19090
-27095
-31785
-32581
-29385
-22585
-13013
-1842
9557
19786
27585
31994
32468
28947
21861
12081
809
-10564
-20637
-28166
-32219
-32293
-28377
-20951
-10932
440
11762
21629
28819
32437
32033
27653
19840
9561
-1907
-13142
-22745
-29519
-32621
-31661
-26755
-18514
-7961
3586
14689
23960
30239
32740
31148
25658
16955
6128
-5469
-16384
-25247
-30944
-32759
-30461
-24336
-15151
-4058
7546
18204
26572
31595
32638
29565
22763
13087
1756
-9798
-20118
-27896
-32148
-32332
-28424
-20915
-10754
771
12203
22088
29171
32552
31797
27001
18769
8148
-3511
-14727
-24069
-30346
-32754
-30984
-25260
-16309
-5272
6439
17331
26008
31359
32696
29845
23169
13521
2137
-9523
-19964
-27843
-32146
-32318
-28334
-20703
-10405
1234
12717
22564
29503
32637
31559
26407
17841
6968
-4807
-15965
-25058
-30909
-32757
-30361
-24028
-14577
-3233
8533
19194
27364
31977
32433
28669
21173
10917
-762
-12345
-22321
-29387
-32619
-31592
-26438
-17828
-6884
4961
16161
25247
31028
32744
30168
23635
13998
2522
-9287
-19879
-27860
-32179
-32265
-28105
-20242
-9711
2101
13640
23382
30040
32733
31103
25362
16267
5018
-6896
-17901
-26537
-31659
-32585
-29190
-21921
-11741
0
11743
21929
29201
32589
31641
26480
17791
6728
-5233
-16499
-25566
-31222
-32709
-29826
-22955
-13013
-1327
10537
20994
28641
32450
31909
27088
18630
7668
-4324
-15739
-25041
-30976
-32744
-30105
-23411
-13561
-1880
10055
20637
28436
32397
31982
27244
18822
7852
-4182
-15653
-25007
-30974
-32743
-30072
-23319
-13400
-1660
10308
20879
28612
32455
31881
26966
18377
7282
-4807
-16245
-25468
-31216
-32702
-29720
-22675
-12528
-664
11292
21705
29147
32596
31576
26225
17274
5950
-6193
-17489
-26383
-31650
-32564
-28995
-21433
-10917
1105
12978
23064
29968
32737
30984
24950
15465
3839
-8320
-19330
-27666
-32170
-32217
-27796
-19519
-8531
3643
15314
24860
30951
32739
29972
23032
12884
938
-11141
-21669
-29176
-32613
-31498
-25982
-16835
-5332
6918
18204
26944
31912
32410
28366
20343
9465
-2743
-14569
-24351
-30713
-32759
-30198
-23387
-13283
-1306
10856
21492
29100
32604
31507
25962
16748
5166
-7147
-18454
-27152
-32008
-32332
-28076
-19840
-8789
3510
15314
24947
31038
32720
29752
22551
12140
0
-12143
-22559
-29762
-32723
-31017
-24884
-15198
-3339
8998
20053
28242
32393
31908
26854
17952
6476
-5930
-17489
-26541
-31785
-32465
-28481
-20402
-9388
2978
14918
24714
30951
32730
29790
22554
12062
-172
-12385
-22811
-29942
-32746
-30813
-24421
-14492
-2462
9926
20879
28806
32556
31581
26021
16679
4912
-7571
-18956
-27585
-32200
-32127
-27374
-18630
-7167
5342
17076
26318
31719
32485
28504
20353
9222
-3259
-15267
-25041
-31147
-32687
-29434
-21861
-11077
1334
13553
23783
30517
32764
30189
23169
12736
423
-11953
-22570
-29860
-32743
-30792
-24293
-14202
-2009
10483
21426
29201
32652
31267
25247
15482
3419
-9153
-20369
-28563
-32514
-31633
-26047
-16586
-4654
7973
19415
27967
32350
31910
26709
17520
5712
-6950
-18577
-27428
-32179
-32116
-27244
-18292
-6597
6088
17864
26962
32015
32263
27666
18910
7310
-5391
-17284
-26579
-31872
-32366
-27983
-19380
-7852
4862
16845
26287
31760
32433
28203
19707
8226
-4501
-16550
-26094
-31684
-32472
-28334
-19895
-8434
4310
16402
26003
31651
32486
28377
19946
8475
-4288
-16402
-26016
-31662
-32478
-28334
-19861
-8351
4437
16550
26133
31717
32445
28203
19638
8060
-4756
-16845
-26351
-31812
-32386
-27983
-19276
-7602
5243
17284
26666
31941
32293
27666
18769
6975
-5898
-17864
-27071
-32095
-32157
-27244
-18113
-6176
6719
18577
27557
32265
31968
26709
17302
5205
-7702
-19415
-28111
-32434
-31710
-26047
-16326
-4058
8843
20369
28719
32588
31368
25247
15179
2736
-10137
-21426
-29364
-32705
-30922
-24293
-13853
-1238
11573
22570
30025
32764
30353
23169
12339
-434
-13142
-23783
-30678
-32739
-29638
-21861
-10632
2276
14829
25041
31296
32604
28754
20353
8727
-4282
-16616
-26318
-31849
-32328
-27676
-18630
-6622
6439
18480
27585
32302
31880
26381
16679
4318
-8734
-20396
-28806
-32620
-31227
-24845
-14492
-1820
11144
22329
29942
32763
30335
23047
12062
-859
-13645
-24243
-30951
-32688
-29173
-20967
-9388
3703
16202
26094
31785
32354
27709
18593
6476
-6688
-18775
-27832
-32393
-31718
-25913
-15915
-3339
9779
21317
29402
32723
30737
23764
12933
0
-12935
-23772
-30745
-32720
-29372
-21243
-9654
3510
16105
26077
31798
32332
27590
18342
6096
-7147
-19226
-28162
-32493
-31507
-25362
-15061
-2291
10856
22227
29953
32765
30198
22670
11416
-1716
-14569
-25028
-31370
-32548
-28366
-19509
-7435
5867
18204
27539
32330
31782
25982
15887
3163
-10086
-21669
-29667
-32753
-30413
-23032
-11831
1334
14281
24860
31312
32563
28403
19519
7387
-5976
-18347
-27666
-32377
-31693
-25725
-15465
-2622
10659
22164
29968
32766
30086
22374
10917
-2369
-15261
-25599
-31650
-32396
-27709
-18372
-5950
7473
19643
28516
32596
31195
24546
13765
664
-12550
-23653
-30771
-32702
-29116
-20616
-8634
4807
17440
27128
32230
31881
26137
15968
3092
-10308
-21966
-29901
-32766
-30072
-22272
-10689
2711
15653
25937
31812
32275
27244
17574
4908
-8595
-20637
-29162
-32712
-30681
-23411
-12140
1206
14349
25041
31451
32480
27948
18630
6117
-7445
-19735
-28641
-32634
-31026
-24089
-13013
301
13567
24501
31222
32570
28309
19172
6728
-6876
-19298
-28393
-32589
-31159
-24347
-13326
0
13328
24354
31166
32585
28360
19220
6748
-6896
-19347
-28443
-32604
-31103
-24198
-13087
301
13640
24608
31294
32533
28105
18778
6176
-7504
-19879
-28786
-32669
-30847
-23635
-12290
1206
14493
25247
31583
32389
27520
17828
5008
-8692
-20870
-29387
-32745
-30352
-22624
-10917
2711
15865
26229
31977
32094
26556
16335
3233
-10442
-22277
-30182
-32757
-29546
-21112
-8944
4807
17712
27483
32390
31559
25136
14256
845
-12717
-24026
-31070
-32598
-28334
-19032
-6345
7473
19964
28903
32697
30666
23169
11540
-2148
-15456
-26008
-31918
-32127
-26596
-16309
-3103
10659
22517
30346
32741
29270
20553
8148
-5719
-18563
-28078
-32552
-31179
-24202
-12874
771
14281
25223
31625
32332
27214
17189
4062
-9798
-21894
-30040
-32762
-29565
-21025
-8682
5233
18204
27882
32514
31257
24336
13002
-691
-14262
-25247
-31650
-32307
-27094
-16955
-3732
10171
22227
30239
32747
29289
20494
7961
-6025
-18915
-28356
-32621
-30929
-23586
-11931
1907
15400
26077
31982
32033
26215
15592
2109
-11762
-23479
-30889
-32629
-28377
-18910
-5966
8077
20637
29402
32756
30080
21861
9613
-4409
-17621
-27585
-32459
-31342
-24435
-13013
816
14497
25499
31785
32188
26631
16140
2656
-11322
-23203
-30782
-32650
-28456
-18976
-5969
8148
20755
29503
32763
29925
21514
9095
-5021
-18204
-27995
-32564
-31058
-23753
-12011
1977
15598
26305
32095
31880
25698
14703
952
-12978
-24480
-31393
-32418
-27360
-17165
-3744
10381
22559
30497
32702
28754
19394
6380
-7836
-20580
-29446
-32762
-29899
-21393
-8847
5370
18577
28275
32630
30814
23169
11138
-3003
-16579
-27016
-32334
-31523
-24733
-13249
751
14612
25700
31906
32048
26096
15179
1372
-12698
-24354
-31371
-32412
-27273
-16932
-3359
10856
23003
30758
32638
28280
18514
5205
-9101
-21669
-30089
-32747
-29131
-19930
-6905
7445
20371
29387
32762
29844
21189
8460
-5898
-19125
-28673
-32702
-30433
-22301
-9868
4468
17946
27963
32585
30916
23274
11134
-3159
-16845
-27275
-32428
-31305
-24119
-12260
1977
15833
26622
32247
31615
24845
13249
-923
-14918
-26016
-32055
-31858
-25461
-14105
0
14107
25468
31864
32046
25975
14832
792
-13405
-24986
-31684
-32188
-26395
-15435
-1452
12817
24578
31525
32292
26727
15917
1981
-12345
-24250
-31393
-32366
-26976
-16280
-2378
11993
24006
31293
32415
27148
16527
2644
-11762
-23850
-31230
-32442
-27244
-16660
-2779
11653
23783
31206
32451
27267
16679
2783
-11667
-23806
-31222
-32441
-27217
-16586
-2656
11803
23919
31277
32412
27094
16378
2398
-12062
-24120
-31370
-32361
-26894
-16056
-2009
12441
24407
31496
32285
26615
15616
1488
-12939
-24777
-31650
-32178
-26251
-15055
-836
13553
25223
31826
32033
25797
14372
52
-14280
-25739
-32015
-31841
-25247
-13561
863
15115
26318
32208
31592
24592
12618
-1908
-16052
-26950
-32393
-31276
-23823
-11540
3083
17085
27622
32556
30880
22932
10324
-4384
-18204
-28323
-32682
-30389
-21909
-8965
5807
19399
29038
32755
29790
20744
7461
-7347
-20658
-29748
-32757
-29067
-19428
-5811
8997
21966
30436
32669
28203
17952
4016
-10746
-23305
-31079
-32468
-27184
-16309
-2077
12583
24657
31656
32135
25992
14491
0
-14493
-25999
-32139
-31644
-24613
-12494
2208
16457
27304
32503
30975
23032
10317
-4537
-18454
-28547
-32719
-30103
-21238
-7961
6971
20458
29694
32757
29007
19220
5431
-9491
-22439
-30713
-32587
-27666
-16973
-2736
12073
24364
31568
32177
26060
14492
-108
-14689
-26197
-32222
-31498
-24174
-11781
3083
17304
27896
32634
30520
21996
8847
-6162
-19879
-29416
-32766
-29219
-19519
-5706
9311
22368
30711
32578
27570
16743
2378
-12491
-24723
-31732
-32033
-25558
-13674
1105
15653
26888
32428
31095
23169
10328
-4707
-18745
-28806
-32750
-29736
-20402
-6728
8378
21705
30414
32650
27932
17262
2911
-12062
-24465
-31651
-32083
-25665
-13765
1077
15692
26955
32455
31012
22932
9941
-5180
-19194
-29098
-32765
-29406
-19738
-5832
9326
22486
30817
32526
27244
16102
1495
-13436
-25478
-32035
-31693
-24521
-12062
2999
17416
28078
32680
30226
21243
7668
-7565
-21167
-30192
-32685
-28105
-17438
-2992
12103
24578
31727
31995
25321
13150
-1876
-16499
-27539
-32596
-30567
-21889
-8448
6833
20630
29936
32722
28377
17845
3419
-11753
-24364
-31659
-32040
-25423
-13249
1823
16499
27568
32607
30508
21729
8189
-7147
-20920
-30108
-32693
-28105
-17347
-2779
12401
24860
31856
31850
24838
12360
-2839
-17416
-28160
-32702
-30037
-20749
-6884
8501
22013
30668
32552
27244
15915
1066
-14020
-26008
-32243
-31342
-23500
-10451
4915
19194
29220
32766
29042
18871
4509
-10856
-23813
-31479
-32147
-25665
-13473
1720
16533
27666
32637
30335
21271
7461
-8015
-21705
-30552
-32578
-27327
-15968
-1038
14125
26133
32294
31228
23169
9920
-5554
-19786
-29584
-32748
-28565
-17970
-3339
12043
24723
31849
31816
24627
11897
-3511
-18132
-28673
-32755
-29458
-19519
-5177
10334
23516
31393
32182
25702
13414
-1907
-16800
-27896
-32682
-30072
-20653
-6555
9029
22570
30997
32395
26445
14492
-751
-15827
-27310
-32589
-30461
-21406
-7481
8148
21926
30713
32507
26894
15151
-48
-15238
-26955
-32522
-30664
-21804
-7961
7702
21608
30575
32549
27076
15403
202
-15047
-26852
-32503
-30703
-21861
-8002
7696
21629
30598
32538
27001
15255
0
-15257
-27007
-32541
-30582
-21579
-7602
8129
21989
30779
32468
26664
14703
-655
-15865
-27411
-32621
-30288
-20948
-6758
8997
22672
31098
32318
26047
13736
-1763
-16855
-28038
-32713
-29790
-19946
-5464
10289
23653
31516
32046
25116
12336
-3319
-18204
-28847
-32766
-29042
-18541
-3711
11987
24889
31977
31593
23823
10480
-5316
-19871
-29777
-32711
-27983
-16697
-1495
14059
26318
32404
30885
22114
8148
-7733
-21801
-30745
-32460
-26539
-14372
1180
16457
27860
32699
29832
19930
5325
-10537
-23916
-31650
-31910
-24631
-11530
4298
19113
29409
32747
28334
17210
2009
-13670
-26112
-32365
-30942
-22178
-8148
7817
21929
30833
32412
26285
13907
-1780
-17047
-28259
-32743
-29429
-19103
-4222
11667
24777
31977
31548
23586
9991
-5992
-20546
-30192
-32619
-27244
-15350
219
15739
27492
32660
30001
20149
5464
-10533
-24006
-31719
-31816
-24270
-10892
5106
19879
29873
32681
27625
15917
373
-15261
-27221
-32621
-30156
-20416
-5748
10308
23879
31684
31836
24293
10875
-5173
-19973
-29942
-32665
-27477
-15633
0
15636
27483
32666
29925
19920
5078
-10999
-24407
-31886
-31615
-23656
-9941
6193
20824
30386
32549
26782
14487
-1341
-16845
-28242
-32749
-29262
-18630
-3445
12583
25539
32252
31078
22301
8064
-8148
-22368
-31111
-32231
-25451
-12429
3643
18824
29387
32737
28047
16465
836
-15001
-27152
-32625
-30072
-20115
-5205
10989
24479
31937
31523
23335
9388
-6876
-21447
-30723
-32412
-26092
-13322
2743
18132
29038
32759
28371
16955
1338
-14612
-26944
-32596
-30164
-20247
-5304
10958
24501
31960
31477
23169
9099
-7236
-21774
-30894
-32323
-25702
-12676
3510
18824
29446
32724
27837
16000
166
-15711
-27666
-32707
-29572
-19041
-3744
12491
25602
32304
30916
21780
7184
-9215
-23305
-31551
-31880
-24205
-10451
5930
20824
30486
32483
26311
13518
-2679
-18204
-29147
-32749
-28098
-16364
-502
15488
27574
32702
29574
18976
3583
-12717
-25806
-32371
-30748
-21345
-6538
9926
23879
31785
31636
23467
9346
-7147
-21830
-30974
-32254
-25342
-11991
4409
19692
29968
32623
26976
14462
-1736
-17495
-28798
-32764
-28377
-16752
-852
15267
27492
32699
29554
18857
3339
-13034
-26077
-32450
-30520
-20777
-5712
10817
24578
32042
31291
22515
7961
-8637
-23021
-31496
-31881
-24075
-10079
6509
21426
30833
32307
25463
12062
-4448
-19815
-30076
-32585
-26689
-13907
2465
18204
29244
32732
27762
15616
-569
-16610
-28356
-32765
-28692
-17189
-1231
15047
27428
32699
29490
18630
2932
-13528
-26478
-32552
-30168
-19943
-4530
12062
25519
32337
30737
21133
6022
-10659
-24565
-32068
-31208
-22206
-7407
9326
23628
31760
31593
23169
8686
-8070
-22719
-31423
-31903
-24028
-9858
6896
21846
31070
32147
24790
10926
-5807
-21019
-30711
-32336
-25461
-11891
4807
20244
30356
32478
26047
12755
-3899
-19528
-30012
-32581
-26556
-13521
3083
18877
29687
32654
26991
14192
-2362
-18294
-29387
-32703
-27360
-14769
1736
17784
29119
32734
27666
15255
-1206
-17349
-28887
-32752
-27913
-15652
771
16993
28695
32761
28105
15962
-434
-16717
-28547
-32765
-28244
-16186
193
16523
28443
32766
28334
16326
-48
-16412
-28387
-32766
-28374
-16382
0
0
0
0
0
0
0
0
0
0
0
0
0
0
0
0
0
0
0
0
0
0
0
0
0
0
0
0
0
0
0
0
0
0
0
0
0
0
0
0
0
0
0
0
0
0
0
0
0
0
0
0
0
0
0
0
0
0
0
0
0
0
0
0
0
0
0
0
0
0
0
0
0
0
0
0
0
0
0
0
0
0
0
0
0
0
0
0
0
0
0
0
0
0
0
0
0
0
0
0
0
0
0
0
0
0
0
0
0
0
0
0
0
0
0
0
0
0
0
0
0
0
0
0
0
0
0
0
0
0
0
0
0
0
0
0
0
0
0
0
0
0
0
0
0
0
0
0
0
0
0
0
0
0
0
0
0
0
0
0
0
0
0
0
0
0
0
0
0
0
0
0
0
0
0
0
0
0
0
0
0
0
0
0
0
0
0
0
0
0
0
0
0
0
0
0
0
0
0
0
0
0
0
0
0
0
0
0
0
0
0
0
0
0
0
0
0
0
0
0
0
0
0
0
0
0
0
0
0
0
0
0
0
0
0
0
0
0
0
0
0
0
0
0
0
0
0
0
0
0
0
0
0
0
0
0
0
0
0
0
0
0
0
0
0
0
0
0
0
0
0
0
0
0
0
0
0
0
0
0
0
0
0
0
0
0
0
0
0
0
0
0
0
0
0
0
0
0
0
0
0
0
0
0
0
0
0
0
0
0
0
0
0
0
0
0
0
0
0
0
0
0
0
0
0
0
0
0
0
0
0
0
0
0
0
0
0
0
0
0
0
0
0
0
0
0
0
0
0
0
0
0
0
0
0
0
0
0
0
0
0
0
0
0
0
0
0
0
0
0
0
0
0
0
0
0
0
0
0
0
0
0
0
0
0
0
0
0
0
0
0
0
0
0
0
0
0
0
0
0
0
0
0
0
0
0
0
0
0
0
0
0
0
0
0
0
0
0
0
0
0
0
0
0
0
0
0
0
0
0
0
0
0
0
0
0
0
0
0
0
0
0
0
0
0
0
0
0
0
0
0
0
0
0
0
0
0
0
0
0
0
0
0
0
0
0
0
0
0
0
0
0
0
0
0
0
0
0
0
0
0
0
0
0
0
0
0
0
0
0
0
0
0
0
0
0
0
0
0
0
0
0
0
0
0
0
0
0
0
0
0
0
0
0
0
0
0
0
0
0
0
0
0
0
0
0
0
0
0
0
0
0
0
0
0
0
0
0
0
0
0
0
0
0
0
0
0
0
0
0
0
0
0
0
0
0
0
0
0
0
0
0
0
0
0
0
0
0
0
0
0
0
0
0
0
0
0
0
0
0
0
0
0
0
0
0
0
0
0
0
0
0
0
0
0
0
0
0
0
0
0
0
0
0
0
0
0
0
0
0
0
0
0
0
0
0
0
0
0
0
0
0
0
0
0
0
0
0
0
0
0
0
0
0
0
0
0
0
0
0
0
0
0
0
0
0
0
0
0
0
0
0
0
0
0
0
0
0
0
0
0
0
0
0
0
0
0
0
0
0
0
0
0
0
0
0
0
0
0
0
0
0
0
0
0
0
0
0
0
0
0
0
0
0
0
0
0
0
0
0
0
0
0
0
0
0
0
0
0
0
0
0
0
0
0
0
0
0
0
0
0
0
0
0
0
0
0
0
0
0
0
0
0
0
0
0
0
0
0
0
0
0
0
0
0
0
0
0
0
0
0
0
0
0
0
0
0
0
0
0
0
0
0
0
0
0
0
0
0
0
0
0
0
0
0
0
0
0
0
0
0
0
0
0
0
0
0
0
0
0
0
0
0
0
0
0
0
0
0
0
0
0
0
0
0
0
0
0
0
0
0
0
0
0
0
0
0
0
0
0
0
0
0
0
0
0
0
0
0
0
0
0
0
0
0
0
0
0
0
0
0
0
0
0
0
0
0
0
0
0
0
0
0
0
0
0
0
0
0
0
0
0
0
0
0
0
0
0
0
0
0
0
0
0
0
0
0
0
0
0
0
0
0
0
0
0
0
0
0
0
0
0
0
0
0
0
0
0
0
0
0
0
0
0
0
0
0
0
0
0
0
0
0
0
0
0
0
0
0
0
0
0
0
0
0
0
0
0
0
0
0
0
0
0
0
0
0
0
0
0
0
0
0
0
0
0
0
0
0
0
0
0
0
0
0
0
0
0
0
0
12602
12408
11830
10885
9602
8017
6178
4140
1964
-284
-2536
-4722
-6773
-8624
-10215
-11492
-12411
-12940
-13055
-12749
-12027
-10906
-9418
-7608
-5532
-3256
-853
1595
4009
6305
8403
10230
11719
12816
13480
13683
13415
12684
11511
9937
8016
5815
3413
895
-1645
-4118
-6434
-8507
-10264
-11641
-12589
-13077
-13090
-12633
-11727
-10412
-8742
-6786
-4623
-2337
-18
2243
4364
6264
7877
9148
10036
10520
10593
10267
9570
8544
7243
5733
4086
2375
676
-940
-2410
-3679
-4703
-5453
-5914
-6085
-5979
-5625
-5059
-4328
-3485
-2586
-1688
-843
-98
506
943
1196
1260
1143
867
461
-33
-571
-1102
-1577
-1948
-2173
-2218
-2058
-1684
-1097
-313
639
1719
2875
4046
5169
6177
7005
7594
7895
7867
7486
6745
5651
4232
2530
606
-1467
-3608
-5725
-7726
-9518
-11015
-12141
-12832
-13042
-12744
-11933
-10626
-8861
-6696
-4210
-1496
1341
4189
6934
9461
11666
13456
14751
15495
15651
15208
14179
12602
10536
8063
5281
2299
-761
-3780
-6637
-9218
-11422
-13165
-14381
-15028
-15086
-14561
-13483
-11905
-9899
-7554
-4972
-2263
458
3083
5506
7632
9383
10697
11534
11875
11721
11099
10050
8636
6933
5025
3004
964
-1004
-2818
-4401
-5694
-6652
-7246
-7467
-7324
-6842
-6062
-5037
-3830
-2512
-1154
170
1396
2462
3319
3931
4273
4339
4134
3678
3006
2160
1194
163
-872
-1854
-2728
-3445
-3966
-4263
-4320
-4133
-3712
-3077
-2260
-1302
-251
839
1919
2932
3831
4573
5122
5452
5549
5410
5041
4460
3696
2784
1765
685
-408
-1470
-2457
-3329
-4055
-4609
-4977
-5151
-5134
-4937
-4578
-4081
-3476
-2794
-2070
-1334
-618
51
653
1173
1600
1931
2169
2322
2402
2425
2407
2366
2318
2276
2252
2251
2274
2317
2371
2424
2458
2456
2397
2262
2036
1705
1260
700
29
-738
-1585
-2485
-3404
-4306
-5150
-5894
-6497
-6921
-7132
-7104
-6819
-6268
-5456
-4397
-3118
-1654
-55
1626
3327
4984
6530
7901
9038
9890
10412
10576
10365
9776
8821
7530
5943
4115
2110
1
-2132
-4211
-6158
-7896
-9361
-10494
-11253
-11607
-11544
-11066
-10193
-8958
-7410
-5610
-3628
-1539
575
2635
4565
6293
7756
8906
9704
10127
10169
9837
9153
8153
6886
5408
3782
2078
364
-1291
-2826
-4184
-5318
-6192
-6781
-7075
-7075
-6793
-6256
-5498
-4561
-3494
-2349
-1180
-39
1025
1971
2760
3366
3771
3966
3952
3742
3355
2818
2164
1431
660
-110
-839
-1492
-2037
-2449
-2709
-2806
-2738
-2510
-2134
-1629
-1020
-337
386
1118
1823
2467
3021
3458
3757
3902
3886
3704
3363
2872
2250
1517
701
-168
-1060
-1942
-2781
-3545
-4208
-4745
-5135
-5362
-5418
-5298
-5005
-4545
-3932
-3184
-2323
-1375
-368
665
1696
2693
3624
4461
5180
5756
6172
6414
6473
6346
6035
5546
4892
4089
3161
2130
1027
-117
-1272
-2405
-3482
-4472
-5346
-6077
-6644
-7029
-7218
-7204
-6987
-6569
-5962
-5181
-4247
-3187
-2029
-807
444
1689
2891
4016
5031
5905
6613
7135
7454
7561
7454
7135
6613
5905
5031
4016
2891
1689
444
-807
-2029
-3187
-4247
-5181
-5962
-6569
-6987
-7204
-7218
-7029
-6644
-6077
-5346
-4472
-3482
-2405
-1272
-117
1027
2130
3161
4089
4892
5546
6035
6346
6473
6414
6172
5756
5180
4461
3624
2693
1696
665
-368
-1375
-2323
-3184
-3932
-4545
-5005
-5298
-5418
-5362
-5135
-4745
-4208
-3545
-2781
-1942
-1060
-168
701
1517
2250
2872
3363
3704
3886
3902
3757
3458
3021
2467
1823
1118
386
-337
-1020
-1629
-2134
-2510
-2738
-2806
-2709
-2449
-2037
-1492
-839
-110
660
1431
2164
2818
3355
3742
3952
3966
3771
3366
2760
1971
1025
-39
-1180
-2349
-3494
-4561
-5498
-6256
-6793
-7075
-7075
-6781
-6192
-5318
-4184
-2826
-1291
364
2078
3782
5408
6886
8153
9153
9837
10169
10127
9704
8906
7756
6293
4565
2635
575
-1539
-3628
-5610
-7410
-8958
-10193
-11066
-11544
-11607
-11253
-10494
-9361
-7896
-6158
-4211
-2132
1
2110
4115
5943
7530
8821
9776
10365
10576
10412
9890
9038
7901
6530
4984
3327
1626
-55
-1654
-3118
-4397
-5456
-6268
-6819
-7104
-7132
-6921
-6497
-5894
-5150
-4306
-3404
-2485
-1585
-738
29
700
1260
1705
2036
2262
2397
2456
2458
2424
2371
2317
2274
2251
2252
2276
2318
2366
2407
2425
2402
2322
2169
1931
1600
1173
653
51
-618
-1334
-2070
-2794
-3476
-4081
-4578
-4937
-5134
-5151
-4977
-4609
-4055
-3329
-2457
-1470
-408
685
1765
2784
3696
4460
5041
5410
5549
5452
5122
4573
3831
2932
1919
839
-251
-1302
-2260
-3077
-3712
-4133
-4320
-4263
-3966
-3445
-2728
-1854
-872
163
1194
2160
3006
3678
4134
4339
4273
3931
3319
2462
1396
170
-1154
-2512
-3830
-5037
-6062
-6842
-7324
-7467
-7246
-6652
-5694
-4401
-2818
-1004
964
3004
5025
6933
8636
10050
11099
11721
11875
11534
10697
9383
7632
5506
3083
458
-2263
-4972
-7554
-9899
-11905
-13483
-14561
-15086
-15028
-14381
-13165
-11422
-9218
-6637
-3780
-761
2299
5281
8063
10536
12602
14179
15208
15651
15495
14751
13456
11666
9461
6934
4189
1341
-1496
-4210
-6696
-8861
-10626
-11933
-12744
-13042
-12832
-12141
-11015
-9518
-7726
-5725
-3608
-1467
606
2530
4232
5651
6745
7486
7867
7895
7594
7005
6177
5169
4046
2875
1719
639
-313
-1097
-1684
-2058
-2218
-2173
-1948
-1577
-1102
-571
-33
461
867
1143
1260
1196
943
506
-98
-843
-1688
-2586
-3485
-4328
-5059
-5625
-5979
-6085
-5914
-5453
-4703
-3679
-2410
-940
676
2375
4086
5733
7243
8544
9570
10267
10593
10520
10036
9148
7877
6264
4364
2243
-18
-2337
-4623
-6786
-8742
-10412
-11727
-12633
-13090
-13077
-12589
-11641
-10264
-8507
-6434
-4118
-1645
895
3413
5815
8016
9937
11511
12684
13415
13683
13480
12816
11719
10230
8403
6305
4009
1595
-853
-3256
-5532
-7608
-9418
-10906
-12027
-12749
-13055
-12940
-12411
-11492
-10215
-8624
-6773
-4722
-2536
-284
1964
4140
6178
8017
9602
10885
11830
12408
0
0
0
0
0
0
0
0
0
0
0
0
0
0
0
0
0
0
0
0
0
0
0
0
0
0
0
0
0
0
0
0
0
0
0
0
0
0
0
0
0
0
0
0
0
0
0
0
0
0
0
0
0
0
0
0
0
0
0
0
0
0
0
0
0
0
0
-12602
-12369
-11677
-10552
-9037
-7190
-5078
-2782
-388
2014
4336
6490
8395
9982
11192
11980
12319
12197
11622
10617
9221
7489
5488
3296
995
-1326
-3580
-5683
-7555
-9126
-10341
-11155
-11541
-11487
-11000
-10101
-8829
-7237
-5388
-3355
-1218
938
3032
4985
6722
8179
9304
10058
10417
10372
9930
9116
7966
6529
4866
3045
1140
-775
-2626
-4341
-5858
-7122
-8088
-8726
-9018
-8962
-8566
-7855
-6865
-5639
-4233
-2704
-1115
470
1994
3398
4634
5661
6446
6970
7223
7207
6933
6423
5707
4821
3806
2706
1565
427
-667
-1682
-2588
-3360
-3982
-4444
-4743
-4884
-4877
-4736
-4478
-4125
-3696
-3212
-2694
-2157
-1617
-1083
-564
-63
417
878
1323
1753
2170
2576
2970
3347
3702
4025
4302
4519
4659
4704
4636
4439
4101
3613
2971
2178
1244
188
-965
-2185
-3431
-4660
-5824
-6875
-7762
-8440
-8869
-9013
-8849
-8362
-7551
-6428
-5018
-3358
-1499
496
2561
4620
6592
8401
9970
11231
12125
12606
12642
12220
11342
10030
8323
6277
3964
1465
-1127
-3716
-6202
-8489
-10489
-12121
-13320
-14038
-14244
-13929
-13102
-11796
-10061
-7964
-5587
-3023
-372
2263
4780
7085
9089
10720
11921
12651
12894
12648
11937
10799
9292
7487
5464
3314
1126
-1006
-3001
-4779
-6278
-7446
-8250
-8674
-8720
-8406
-7768
-6853
-5720
-4438
-3076
-1706
-397
787
1795
2586
3131
3419
3450
3241
2823
2236
1530
762
-9
-727
-1337
-1790
-2051
-2092
-1902
-1482
-849
-32
926
1974
3052
4096
5041
5824
6390
6689
6687
6361
5705
4729
3459
1938
220
-1625
-3524
-5392
-7148
-8708
-9998
-10952
-11517
-11654
-11343
-10583
-9391
-7804
-5873
-3670
-1274
1222
3725
6135
8359
10307
11902
13081
13795
14015
13731
12954
11712
10053
8042
5754
3276
702
-1871
-4351
-6648
-8680
-10379
-11689
-12572
-13005
-12985
-12524
-11651
-10411
-8859
-7061
-5089
-3020
-930
1107
3025
4761
6265
7498
8432
9053
9358
9358
9071
8526
7760
6813
5729
4554
3332
2104
909
-221
-1260
-2187
-2987
-3654
-4184
-4579
-4847
-4995
-5035
-4978
-4837
-4623
-4346
-4014
-3635
-3215
-2757
-2266
-1745
-1196
-626
-38
558
1157
1746
2313
2844
3324
3738
4072
4310
4443
4461
4358
4134
3792
3340
2790
2159
1467
738
-3
-731
-1419
-2044
-2583
-3019
-3338
-3532
-3599
-3541
-3368
-3093
-2735
-2315
-1856
-1383
-920
-490
-110
201
437
592
665
665
601
491
353
209
80
-10
-44
-7
111
318
611
981
1414
1889
2380
2858
3289
3643
3886
3991
3934
3700
3279
2673
1891
953
-109
-1261
-2457
-3646
-4775
-5793
-6645
-7287
-7678
-7787
-7596
-7098
-6298
-5218
-3891
-2363
-690
1063
2826
4527
6092
7453
8550
9330
9754
9799
9455
8732
7653
6259
4606
2761
798
-1198
-3147
-4963
-6570
-7898
-8892
-9507
-9720
-9520
-8920
-7946
-6644
-5073
-3304
-1418
498
2362
4087
5597
6824
7715
8233
8356
8084
7432
6435
5144
3623
1945
195
-1544
-3188
-4657
-5881
-6799
-7368
-7561
-7368
-6799
-5881
-4657
-3188
-1544
195
1945
3623
5144
6435
7432
8084
8356
8233
7715
6824
5597
4087
2362
498
-1418
-3304
-5073
-6644
-7946
-8920
-9520
-9720
-9507
-8892
-7898
-6570
-4963
-3147
-1198
798
2761
4606
6259
7653
8732
9455
9799
9754
9330
8550
7453
6092
4527
2826
1063
-690
-2363
-3891
-5218
-6298
-7098
-7596
-7787
-7678
-7287
-6645
-5793
-4775
-3646
-2457
-1261
-109
953
1891
2673
3279
3700
3934
3991
3886
3643
3289
2858
2380
1889
1414
981
611
318
111
-7
-44
-10
80
209
353
491
601
665
665
592
437
201
-110
-490
-920
-1383
-1856
-2315
-2735
-3093
-3368
-3541
-3599
-3532
-3338
-3019
-2583
-2044
-1419
-731
-3
738
1467
2159
2790
3340
3792
4134
4358
4461
4443
4310
4072
3738
3324
2844
2313
1746
1157
558
-38
-626
-1196
-1745
-2266
-2757
-3215
-3635
-4014
-4346
-4623
-4837
-4978
-5035
-4995
-4847
-4579
-4184
-3654
-2987
-2187
-1260
-221
909
2104
3332
4554
5729
6813
7760
8526
9071
9358
9358
9053
8432
7498
6265
4761
3025
1107
-930
-3020
-5089
-7061
-8859
-10411
-11651
-12524
-12985
-13005
-12572
-11689
-10379
-8680
-6648
-4351
-1871
702
3276
5754
8042
10053
11712
12954
13731
14015
13795
13081
11902
10307
8359
6135
3725
1222
-1274
-3670
-5873
-7804
-9391
-10583
-11343
-11654
-11517
-10952
-9998
-8708
-7148
-5392
-3524
-1625
220
1938
3459
4729
5705
6361
6687
6689
6390
5824
5041
4096
3052
1974
926
-32
-849
-1482
-1902
-2092
-2051
-1790
-1337
-727
-9
762
1530
2236
2823
3241
3450
3419
3131
2586
1795
787
-397
-1706
-3076
-4438
-5720
-6853
-7768
-8406
-8720
-8674
-8250
-7446
-6278
-4779
-3001
-1006
1126
3314
5464
7487
9292
10799
11937
12648
12894
12651
11921
10720
9089
7085
4780
2263
-372
-3023
-5587
-7964
-10061
-11796
-13102
-13929
-14244
-14038
-13320
-12121
-10489
-8489
-6202
-3716
-1127
1465
3964
6277
8323
10030
11342
12220
12642
12606
12125
11231
9970
8401
6592
4620
2561
496
-1499
-3358
-5018
-6428
-7551
-8362
-8849
-9013
-8869
-8440
-7762
-6875
-5824
-4660
-3431
-2185
-965
188
1244
2178
2971
3613
4101
4439
4636
4704
4659
4519
4302
4025
3702
3347
2970
2576
2170
1753
1323
878
417
-63
-564
-1083
-1617
-2157
-2694
-3212
-3696
-4125
-4478
-4736
-4877
-4884
-4743
-4444
-3982
-3360
-2588
-1682
-667
427
1565
2706
3806
4821
5707
6423
6933
7207
7223
6970
6446
5661
4634
3398
1994
470
-1115
-2704
-4233
-5639
-6865
-7855
-8566
-8962
-9018
-8726
-8088
-7122
-5858
-4341
-2626
-775
1140
3045
4866
6529
7966
9116
9930
10372
10417
10058
9304
8179
6722
4985
3032
938
-1218
-3355
-5388
-7237
-8829
-10101
-11000
-11487
-11541
-11155
-10341
-9126
-7555
-5683
-3580
-1326
995
3296
5488
7489
9221
10617
11622
12197
12319
11980
11192
9982
8395
6490
4336
2014
-388
-2782
-5078
-7190
-9037
-10552
-11677
-12369
0
0
0
0
0
0
0
0
0
0
0
0
0
0
0
0
0
0
0
0
0
0
0
0
0
0
0
0
0
0
0
0
0
0
0
0
0
0
0
0
0
0
0
0
0
0
0
0
0
0
0
0
0
0
0
0
0
0
0
0
0
0
0
0
0
0
0
-7561
-7446
-7105
-6546
-5784
-4840
-3739
-2511
-1191
184
1574
2938
4233
5418
6455
7305
7939
8329
8457
8309
7883
7184
6226
5034
3639
2083
413
-1317
-3050
-4725
-6284
-7666
-8819
-9694
-10253
-10466
-10314
-9794
-8914
-7694
-6171
-4390
-2411
-300
1869
4019
6071
7947
9575
10890
11837
12375
12476
12128
11338
10126
8531
6606
4417
2042
-433
-2921
-5327
-7563
-9545
-11198
-12458
-13276
-13620
-13475
-12845
-11750
-10230
-8341
-6152
-3743
-1204
1372
3891
6260
8393
10213
11655
12670
13222
13297
12897
12040
10764
9120
7174
5001
2683
308
-2036
-4265
-6301
-8072
-9518
-10596
-11272
-11533
-11378
-10824
-9900
-8651
-7130
-5402
-3534
-1599
330
2184
3897
5412
6681
7666
8341
8693
8722
8439
7867
7038
5994
4781
3452
2061
661
-694
-1959
-3089
-4050
-4812
-5358
-5678
-5770
-5643
-5312
-4800
-4137
-3355
-2490
-1581
-664
222
1047
1779
2395
2876
3209
3387
3411
3287
3028
2650
2175
1627
1033
420
-183
-751
-1260
-1688
-2017
-2236
-2337
-2316
-2177
-1927
-1579
-1149
-657
-127
416
950
1447
1884
2241
2499
2644
2667
2565
2338
1995
1546
1009
406
-237
-895
-1539
-2139
-2667
-3099
-3413
-3590
-3619
-3494
-3217
-2794
-2240
-1574
-824
-18
808
1622
2386
3065
3629
4049
4303
4378
4264
3963
3485
2845
2071
1193
249
-719
-1670
-2558
-3343
-3986
-4455
-4725
-4779
-4610
-4222
-3628
-2851
-1925
-889
209
1320
2390
3368
4204
4855
5285
5468
5388
5041
4436
3595
2551
1347
36
-1322
-2666
-3931
-5056
-5982
-6660
-7050
-7125
-6870
-6288
-5393
-4217
-2805
-1213
491
2236
3944
5538
6944
8093
8928
9404
9490
9172
8455
7360
5925
4204
2265
187
-1945
-4043
-6017
-7781
-9258
-10382
-11101
-11382
-11208
-10581
-9524
-8078
-6301
-4264
-2051
247
2536
4723
6717
8437
9814
10795
11342
11436
11081
10295
9118
7605
5824
3854
1782
-304
-2317
-4174
-5801
-7137
-8135
-8763
-9008
-8875
-8384
-7574
-6494
-5207
-3780
-2288
-804
601
1866
2935
3767
4334
4623
4638
4395
3925
3270
2484
1622
746
-84
-814
-1394
-1787
-1964
-1912
-1634
-1144
-471
342
1247
2184
3090
3904
4564
5018
5222
5143
4764
4083
3113
1886
446
-1147
-2826
-4513
-6129
-7592
-8825
-9761
-10340
-10521
-10276
-9596
-8495
-7001
-5164
-3050
-737
1683
4116
6462
8624
10509
12037
13140
13768
13890
13495
12593
11217
9418
7263
4835
2230
-453
-3111
-5642
-7951
-9953
-11574
-12761
-13475
-13699
-13434
-12704
-11547
-10018
-8188
-6134
-3940
-1695
516
2613
4524
6188
7555
8595
9287
9630
9636
9331
8750
7940
6951
5839
4657
3460
2293
1198
206
-658
-1385
-1970
-2420
-2749
-2976
-3126
-3224
-3296
-3366
-3452
-3569
-3722
-3911
-4127
-4355
-4573
-4754
-4870
-4889
-4783
-4525
-4096
-3483
-2682
-1699
-552
731
2115
3554
4993
6377
7646
8741
9606
10194
10465
10390
9954
9158
8014
6553
4818
2865
760
-1420
-3599
-5694
-7626
-9321
-10713
-11749
-12387
-12602
-12387
-11749
-10713
-9321
-7626
-5694
-3599
-1420
760
2865
4818
6553
8014
9158
9954
10390
10465
10194
9606
8741
7646
6377
4993
3554
2115
731
-552
-1699
-2682
-3483
-4096
-4525
-4783
-4889
-4870
-4754
-4573
-4355
-4127
-3911
-3722
-3569
-3452
-3366
-3296
-3224
-3126
-2976
-2749
-2420
-1970
-1385
-658
206
1198
2293
3460
4657
5839
6951
7940
8750
9331
9636
9630
9287
8595
7555
6188
4524
2613
516
-1695
-3940
-6134
-8188
-10018
-11547
-12704
-13434
-13699
-13475
-12761
-11574
-9953
-7951
-5642
-3111
-453
2230
4835
7263
9418
11217
12593
13495
13890
13768
13140
12037
10509
8624
6462
4116
1683
-737
-3050
-5164
-7001
-8495
-9596
-10276
-10521
-10340
-9761
-8825
-7592
-6129
-4513
-2826
-1147
446
1886
3113
4083
4764
5143
5222
5018
4564
3904
3090
2184
1247
342
-471
-1144
-1634
-1912
-1964
-1787
-1394
-814
-84
746
1622
2484
3270
3925
4395
4638
4623
4334
3767
2935
1866
601
-804
-2288
-3780
-5207
-6494
-7574
-8384
-8875
-9008
-8763
-8135
-7137
-5801
-4174
-2317
-304
1782
3854
5824
7605
9118
10295
11081
11436
11342
10795
9814
8437
6717
4723
2536
247
-2051
-4264
-6301
-8078
-9524
-10581
-11208
-11382
-11101
-10382
-9258
-7781
-6017
-4043
-1945
187
2265
4204
5925
7360
8455
9172
9490
9404
8928
8093
6944
5538
3944
2236
491
-1213
-2805
-4217
-5393
-6288
-6870
-7125
-7050
-6660
-5982
-5056
-3931
-2666
-1322
36
1347
2551
3595
4436
5041
5388
5468
5285
4855
4204
3368
2390
1320
209
-889
-1925
-2851
-3628
-4222
-4610
-4779
-4725
-4455
-3986
-3343
-2558
-1670
-719
249
1193
2071
2845
3485
3963
4264
4378
4303
4049
3629
3065
2386
1622
808
-18
-824
-1574
-2240
-2794
-3217
-3494
-3619
-3590
-3413
-3099
-2667
-2139
-1539
-895
-237
406
1009
1546
1995
2338
2565
2667
2644
2499
2241
1884
1447
950
416
-127
-657
-1149
-1579
-1927
-2177
-2316
-2337
-2236
-2017
-1688
-1260
-751
-183
420
1033
1627
2175
2650
3028
3287
3411
3387
3209
2876
2395
1779
1047
222
-664
-1581
-2490
-3355
-4137
-4800
-5312
-5643
-5770
-5678
-5358
-4812
-4050
-3089
-1959
-694
661
2061
3452
4781
5994
7038
7867
8439
8722
8693
8341
7666
6681
5412
3897
2184
330
-1599
-3534
-5402
-7130
-8651
-9900
-10824
-11378
-11533
-11272
-10596
-9518
-8072
-6301
-4265
-2036
308
2683
5001
7174
9120
10764
12040
12897
13297
13222
12670
11655
10213
8393
6260
3891
1372
-1204
-3743
-6152
-8341
-10230
-11750
-12845
-13475
-13620
-13276
-12458
-11198
-9545
-7563
-5327
-2921
-433
2042
4417
6606
8531
10126
11338
12128
12476
12375
11837
10890
9575
7947
6071
4019
1869
-300
-2411
-4390
-6171
-7694
-8914
-9794
-10314
-10466
-10253
-9694
-8819
-7666
-6284
-4725
-3050
-1317
413
2083
3639
5034
6226
7184
7883
8309
8457
8329
7939
7305
6455
5418
4233
2938
1574
184
-1191
-2511
-3739
-4840
-5784
-6546
-7105
-7446
0
0
0
0
0
0
0
0
0
0
0
0
0
0
0
0
0
0
0
0
0
0
0
0
0
0
0
0
0
0
0
0
0
0
0
0
0
0
0
0
0
0
0
0
0
0
0
0
0
0
0
0
0
0
0
0
0
0
0
0
0
0
0
0
0
0
0
7561
7430
7043
6413
5563
4522
3329
2024
655
-729
-2083
-3357
-4507
-5494
-6285
-6853
-7181
-7260
-7088
-6676
-6040
-5206
-4205
-3075
-1857
-597
662
1876
3003
4005
4850
5512
5973
6221
6254
6076
5701
5148
4442
3613
2695
1723
734
-236
-1157
-1998
-2734
-3345
-3818
-4144
-4322
-4357
-4258
-4039
-3717
-3314
-2850
-2348
-1829
-1314
-817
-354
64
434
751
1019
1240
1421
1572
1701
1818
1931
2047
2168
2297
2430
2562
2683
2782
2845
2858
2804
2669
2442
2112
1675
1131
485
-251
-1060
-1918
-2798
-3666
-4487
-5224
-5840
-6301
-6574
-6636
-6466
-6056
-5404
-4520
-3424
-2145
-724
792
2352
3896
5364
6696
7834
8728
9334
9618
9558
9147
8389
7305
5927
4302
2488
551
-1435
-3395
-5253
-6933
-8369
-9502
-10283
-10681
-10678
-10271
-9476
-8324
-6861
-5147
-3251
-1251
771
2735
4559
6171
7507
8514
9157
9414
9282
8775
7921
6766
5368
3795
2121
425
-1215
-2725
-4038
-5098
-5862
-6301
-6404
-6175
-5636
-4825
-3790
-2593
-1304
5
1260
2392
3336
4038
4459
4572
4369
3857
3062
2024
799
-546
-1939
-3301
-4551
-5615
-6424
-6921
-7064
-6827
-6203
-5203
-3860
-2223
-358
1654
3724
5756
7651
9315
10658
11606
12098
12092
11567
10526
8993
7016
4664
2024
-801
-3701
-6556
-9247
-11657
-13680
-15226
-16218
-16606
-16360
-15479
-13985
-11927
-9379
-6432
-3198
199
3632
6966
10072
12828
15126
16878
18014
18491
18290
17419
15914
13834
11259
8290
5041
1635
-1798
-5131
-8242
-11018
-13362
-15194
-16456
-17113
-17154
-16590
-15455
-13806
-11715
-9271
-6571
-3722
-830
1999
4667
7084
9173
10873
12140
12947
13285
13165
12611
11665
10378
8813
7038
5125
3148
1177
-721
-2490
-4079
-5447
-6565
-7415
-7987
-8286
-8322
-8114
-7687
-7072
-6301
-5409
-4432
-3402
-2352
-1310
-300
654
1537
2333
3032
3626
4110
4481
4737
4878
4905
4821
4628
4331
3936
3451
2884
2246
1552
817
59
-701
-1443
-2145
-2783
-3335
-3780
-4101
-4282
-4312
-4187
-3908
-3480
-2917
-2237
-1466
-632
229
1084
1896
2627
3245
3720
4027
4148
4075
3807
3351
2724
1952
1069
112
-873
-1841
-2746
-3542
-4188
-4649
-4896
-4913
-4691
-4233
-3553
-2677
-1640
-485
738
1975
3170
4266
5212
5960
6471
6716
6678
6351
5742
4873
3775
2490
1071
-423
-1932
-3392
-4740
-5919
-6878
-7576
-7981
-8077
-7859
-7334
-6525
-5465
-4198
-2778
-1261
287
1808
3240
4527
5622
6484
7085
7410
7453
7223
6739
6030
5135
4097
2966
1792
624
-489
-1508
-2397
-3130
-3690
-4069
-4268
-4298
-4178
-3933
-3591
-3185
-2746
-2306
-1892
-1527
-1227
-1002
-853
-775
-757
-779
-820
-854
-855
-797
-659
-423
-77
380
947
1609
2345
3126
3915
4672
5354
5918
6320
6525
6500
6223
5684
4881
3828
2548
1080
-528
-2220
-3932
-5595
-7139
-8496
-9603
-10405
-10857
-10927
-10600
-9875
-8766
-7307
-5544
-3539
-1363
902
3173
5361
7383
9159
10620
11706
12376
12602
12376
11706
10620
9159
7383
5361
3173
902
-1363
-3539
-5544
-7307
-8766
-9875
-10600
-10927
-10857
-10405
-9603
-8496
-7139
-5595
-3932
-2220
-528
1080
2548
3828
4881
5684
6223
6500
6525
6320
5918
5354
4672
3915
3126
2345
1609
947
380
-77
-423
-659
-797
-855
-854
-820
-779
-757
-775
-853
-1002
-1227
-1527
-1892
-2306
-2746
-3185
-3591
-3933
-4178
-4298
-4268
-4069
-3690
-3130
-2397
-1508
-489
624
1792
2966
4097
5135
6030
6739
7223
7453
7410
7085
6484
5622
4527
3240
1808
287
-1261
-2778
-4198
-5465
-6525
-7334
-7859
-8077
-7981
-7576
-6878
-5919
-4740
-3392
-1932
-423
1071
2490
3775
4873
5742
6351
6678
6716
6471
5960
5212
4266
3170
1975
738
-485
-1640
-2677
-3553
-4233
-4691
-4913
-4896
-4649
-4188
-3542
-2746
-1841
-873
112
1069
1952
2724
3351
3807
4075
4148
4027
3720
3245
2627
1896
1084
229
-632
-1466
-2237
-2917
-3480
-3908
-4187
-4312
-4282
-4101
-3780
-3335
-2783
-2145
-1443
-701
59
817
1552
2246
2884
3451
3936
4331
4628
4821
4905
4878
4737
4481
4110
3626
3032
2333
1537
654
-300
-1310
-2352
-3402
-4432
-5409
-6301
-7072
-7687
-8114
-8322
-8286
-7987
-7415
-6565
-5447
-4079
-2490
-721
1177
3148
5125
7038
8813
10378
11665
12611
13165
13285
12947
12140
10873
9173
7084
4667
1999
-830
-3722
-6571
-9271
-11715
-13806
-15455
-16590
-17154
-17113
-16456
-15194
-13362
-11018
-8242
-5131
-1798
1635
5041
8290
11259
13834
15914
17419
18290
18491
18014
16878
15126
12828
10072
6966
3632
199
-3198
-6432
-9379
-11927
-13985
-15479
-16360
-16606
-16218
-15226
-13680
-11657
-9247
-6556
-3701
-801
2024
4664
7016
8993
10526
11567
12092
12098
11606
10658
9315
7651
5756
3724
1654
-358
-2223
-3860
-5203
-6203
-6827
-7064
-6921
-6424
-5615
-4551
-3301
-1939
-546
799
2024
3062
3857
4369
4572
4459
4038
3336
2392
1260
5
-1304
-2593
-3790
-4825
-5636
-6175
-6404
-6301
-5862
-5098
-4038
-2725
-1215
425
2121
3795
5368
6766
7921
8775
9282
9414
9157
8514
7507
6171
4559
2735
771
-1251
-3251
-5147
-6861
-8324
-9476
-10271
-10678
-10681
-10283
-9502
-8369
-6933
-5253
-3395
-1435
551
2488
4302
5927
7305
8389
9147
9558
9618
9334
8728
7834
6696
5364
3896
2352
792
-724
-2145
-3424
-4520
-5404
-6056
-6466
-6636
-6574
-6301
-5840
-5224
-4487
-3666
-2798
-1918
-1060
-251
485
1131
1675
2112
2442
2669
2804
2858
2845
2782
2683
2562
2430
2297
2168
2047
1931
1818
1701
1572
1421
1240
1019
751
434
64
-354
-817
-1314
-1829
-2348
-2850
-3314
-3717
-4039
-4258
-4357
-4322
-4144
-3818
-3345
-2734
-1998
-1157
-236
734
1723
2695
3613
4442
5148
5701
6076
6254
6221
5973
5512
4850
4005
3003
1876
662
-597
-1857
-3075
-4205
-5206
-6040
-6676
-7088
-7260
-7181
-6853
-6285
-5494
-4507
-3357
-2083
-729
655
2024
3329
4522
5563
6413
7043
7430
0
0
0
0
0
0
0
0
0
0
0
0
0
0
0
0
0
0
0
0
0
0
0
0
0
0
0
0
0
0
0
0
0
0
0
0
0
0
0
0
0
0
0
0
0
0
0
0
0
0
0
0
0
0
0
0
0
0
0
0
0
0
0
0
0
0
0
-7561
-7468
-7189
-6731
-6103
-5317
-4391
-3345
-2203
-990
263
1527
2767
3951
5045
6016
6833
7471
7905
8117
8096
7836
7341
6619
5690
4578
3315
1940
497
-967
-2406
-3769
-5010
-6085
-6956
-7592
-7971
-8080
-7914
-7481
-6800
-5896
-4806
-3573
-2244
-873
488
1788
2976
4010
4852
5475
5861
6003
5905
5580
5052
4354
3525
2609
1654
706
-188
-988
-1658
-2171
-2510
-2665
-2639
-2445
-2102
-1642
-1100
-516
66
607
1066
1409
1608
1643
1507
1200
735
133
-573
-1346
-2139
-2906
-3596
-4163
-4565
-4764
-4736
-4465
-3947
-3192
-2223
-1072
212
1578
2965
4307
5541
6603
7436
7993
8237
8144
7706
6929
5837
4468
2874
1118
-726
-2582
-4369
-6007
-7424
-8554
-9343
-9754
-9764
-9368
-8580
-7432
-5972
-4262
-2376
-397
1587
3490
5226
6719
7903
8726
9152
9165
8766
7978
6840
5407
3748
1945
84
-1746
-3458
-4971
-6212
-7122
-7661
-7803
-7544
-6898
-5899
-4599
-3063
-1370
394
2141
3780
5228
6409
7261
7736
7807
7464
6719
5604
4168
2479
615
-1334
-3274
-5111
-6752
-8115
-9127
-9734
-9899
-9604
-8855
-7676
-6114
-4233
-2113
154
2471
4734
6842
8700
10223
11342
12003
12172
11839
11014
9728
8034
6001
3713
1265
-1239
-3699
-6012
-8083
-9828
-11180
-12086
-12515
-12454
-11913
-10921
-9527
-7793
-5797
-3625
-1369
878
3027
4995
6708
8106
9145
9797
10052
9917
9416
8587
7483
6163
4695
3149
1595
99
-1277
-2486
-3487
-4253
-4771
-5041
-5074
-4895
-4536
-4038
-3445
-2804
-2160
-1556
-1029
-607
-310
-147
-117
-210
-407
-678
-990
-1307
-1589
-1799
-1903
-1873
-1688
-1337
-819
-143
669
1589
2579
3592
4579
5487
6266
6867
7248
7373
7219
6772
6034
5018
3749
2266
619
-1132
-2925
-4691
-6358
-7859
-9131
-10118
-10776
-11071
-10985
-10512
-9662
-8461
-6947
-5172
-3196
-1089
1075
3220
5269
7152
8801
10161
11186
11841
12107
11978
11463
10583
9371
7874
6143
4241
2231
180
-1844
-3780
-5569
-7157
-8502
-9569
-10333
-10780
-10906
-10716
-10226
-9459
-8445
-7220
-5824
-4300
-2693
-1047
594
2188
3698
5087
6324
7384
8244
8888
9304
9485
9429
9140
8624
7893
6965
5859
4600
3216
1739
202
-1356
-2899
-4387
-5779
-7036
-8122
-9003
-9647
-10031
-10136
-9951
-9473
-8707
-7668
-6379
-4874
-3193
-1383
501
2402
4259
6010
7596
8961
10056
10837
11273
11342
11036
10359
9328
7974
6338
4475
2446
320
-1826
-3920
-5886
-7653
-9157
-10341
-11162
-11589
-11605
-11207
-10410
-9243
-7747
-5978
-4001
-1889
279
2424
4466
6329
7944
9253
10209
10777
10940
10694
10051
9039
7700
6088
4266
2306
284
-1720
-3633
-5381
-6899
-8131
-9033
-9575
-9739
-9525
-8945
-8028
-6812
-5349
-3699
-1931
-113
1681
3383
4927
6253
7313
8068
8493
8575
8315
7728
6840
5691
4329
2811
1198
-443
-2048
-3553
-4900
-6035
-6917
-7511
-7796
-7764
-7418
-6775
-5862
-4717
-3387
-1927
-396
1143
2631
4007
5217
6211
6951
7407
7561
7407
6951
6211
5217
4007
2631
1143
-396
-1927
-3387
-4717
-5862
-6775
-7418
-7764
-7796
-7511
-6917
-6035
-4900
-3553
-2048
-443
1198
2811
4329
5691
6840
7728
8315
8575
8493
8068
7313
6253
4927
3383
1681
-113
-1931
-3699
-5349
-6812
-8028
-8945
-9525
-9739
-9575
-9033
-8131
-6899
-5381
-3633
-1720
284
2306
4266
6088
7700
9039
10051
10694
10940
10777
10209
9253
7944
6329
4466
2424
279
-1889
-4001
-5978
-7747
-9243
-10410
-11207
-11605
-11589
-11162
-10341
-9157
-7653
-5886
-3920
-1826
320
2446
4475
6338
7974
9328
10359
11036
11342
11273
10837
10056
8961
7596
6010
4259
2402
501
-1383
-3193
-4874
-6379
-7668
-8707
-9473
-9951
-10136
-10031
-9647
-9003
-8122
-7036
-5779
-4387
-2899
-1356
202
1739
3216
4600
5859
6965
7893
8624
9140
9429
9485
9304
8888
8244
7384
6324
5087
3698
2188
594
-1047
-2693
-4300
-5824
-7220
-8445
-9459
-10226
-10716
-10906
-10780
-10333
-9569
-8502
-7157
-5569
-3780
-1844
180
2231
4241
6143
7874
9371
10583
11463
11978
12107
11841
11186
10161
8801
7152
5269
3220
1075
-1089
-3196
-5172
-6947
-8461
-9662
-10512
-10985
-11071
-10776
-10118
-9131
-7859
-6358
-4691
-2925
-1132
619
2266
3749
5018
6034
6772
7219
7373
7248
6867
6266
5487
4579
3592
2579
1589
669
-143
-819
-1337
-1688
-1873
-1903
-1799
-1589
-1307
-990
-678
-407
-210
-117
-147
-310
-607
-1029
-1556
-2160
-2804
-3445
-4038
-4536
-4895
-5074
-5041
-4771
-4253
-3487
-2486
-1277
99
1595
3149
4695
6163
7483
8587
9416
9917
10052
9797
9145
8106
6708
4995
3027
878
-1369
-3625
-5797
-7793
-9527
-10921
-11913
-12454
-12515
-12086
-11180
-9828
-8083
-6012
-3699
-1239
1265
3713
6001
8034
9728
11014
11839
12172
12003
11342
10223
8700
6842
4734
2471
154
-2113
-4233
-6114
-7676
-8855
-9604
-9899
-9734
-9127
-8115
-6752
-5111
-3274
-1334
615
2479
4168
5604
6719
7464
7807
7736
7261
6409
5228
3780
2141
394
-1370
-3063
-4599
-5899
-6898
-7544
-7803
-7661
-7122
-6212
-4971
-3458
-1746
84
1945
3748
5407
6840
7978
8766
9165
9152
8726
7903
6719
5226
3490
1587
-397
-2376
-4262
-5972
-7432
-8580
-9368
-9764
-9754
-9343
-8554
-7424
-6007
-4369
-2582
-726
1118
2874
4468
5837
6929
7706
8144
8237
7993
7436
6603
5541
4307
2965
1578
212
-1072
-2223
-3192
-3947
-4465
-4736
-4764
-4565
-4163
-3596
-2906
-2139
-1346
-573
133
735
1200
1507
1643
1608
1409
1066
607
66
-516
-1100
-1642
-2102
-2445
-2639
-2665
-2510
-2171
-1658
-988
-188
706
1654
2609
3525
4354
5052
5580
5905
6003
5861
5475
4852
4010
2976
1788
488
-873
-2244
-3573
-4806
-5896
-6800
-7481
-7914
-8080
-7971
-7592
-6956
-6085
-5010
-3769
-2406
-967
497
1940
3315
4578
5690
6619
7341
7836
8096
8117
7905
7471
6833
6016
5045
3951
2767
1527
263
-990
-2203
-3345
-4391
-5317
-6103
-6731
-7189
-7468
0
0
0
0
0
0
0
0
0
0
0
0
0
0
0
0
0
0
0
0
0
0
0
0
0
0
0
0
0
0
0
0
0
0
0
0
0
0
0
0
0
0
0
0
0
0
0
0
0
0
0
0
0
0
0
0
0
0
0
0
0
0
0
0
0
0
0
