0
4278
8485
12550
16402
19973
23203
26035
28419
30314
31684
32507
32766
32456
31581
30156
28203
25758
22860
19561
15917
11991
7852
3573
-771
-5106
-9352
-13436
-17284
-20829
-24006
-26759
-29038
-30801
-32015
-32660
-32720
-32196
-31094
-29434
-27244
-24563
-21439
-17925
-14087
-9991
-5712
-1327
3083
7441
11667
15683
19415
22796
25762
28259
30239
31667
32514
32764
32412
31462
29931
27847
25247
22178
18696
14865
10755
6443
2009
-2465
-6896
-11201
-15299
-19113
-22570
-25606
-28162
-30190
-31650
-32514
-32764
-32394
-31411
-29832
-27686
-25012
-21861
-18292
-14372
-10175
-5781
-1274
3259
7733
12062
16161
19951
23359
26318
28771
30668
31973
32659
32711
32127
30919
29107
26727
23823
20452
16679
12577
8226
3711
-879
-5455
-9926
-14204
-18204
-21846
-25058
-27775
-29942
-31516
-32464
-32766
-32415
-31417
-29790
-27567
-24790
-21514
-17805
-13736
-9388
-4849
-209
4437
8997
13377
17489
21248
24578
27411
29687
31359
32393
32765
32468
31507
29899
27676
24884
21579
17828
13707
9301
4700
0
-4703
-9311
-13729
-17864
-21629
-24947
-27746
-29968
-31566
-32503
-32761
-32332
-31225
-29460
-27076
-24119
-20653
-16748
-12488
-7961
-3263
1506
6246
10856
15238
19298
22949
26112
28719
30713
32051
32702
32651
31900
30461
28366
25658
22395
18646
14492
10022
5332
524
-4298
-9029
-13567
-17811
-21669
-25055
-27896
-30127
-31699
-32577
-32739
-32182
-30916
-28967
-26379
-23206
-19519
-15397
-10932
-6222
-1372
3511
8320
12945
17284
21240
24723
27655
29968
31611
32545
32748
32214
30954
28995
26381
23169
19431
15252
10724
5950
1038
-3899
-8751
-13405
-17757
-21705
-25159
-28038
-30277
-31822
-32637
-32702
-32014
-30588
-28456
-25665
-22280
-18377
-14047
-9388
-4509
477
5455
10308
14924
19194
23018
26305
28979
30974
32243
32756
32498
31476
29711
27244
24133
20449
16280
11722
6884
1880
-3170
-8148
-12935
-17416
-21484
-25041
-28000
-30291
-31856
-32659
-32677
-31909
-30373
-28105
-25157
-21600
-17520
-13013
-8189
-3163
1941
7001
11893
16499
20705
24407
27516
29953
31659
32589
32721
32049
30590
28377
25463
21921
17836
13307
8448
3377
-1780
-6896
-11843
-16499
-20746
-24479
-27603
-30040
-31727
-32621
-32699
-31957
-30413
-28105
-25088
-21439
-17247
-12618
-7668
-2522
2689
7836
12787
17416
21605
25247
28248
30530
32035
32723
32574
31592
29801
27244
23987
20112
15718
10917
5832
595
-4660
-9798
-14685
-19194
-23208
-26622
-29345
-31307
-32455
-32757
-32206
-30813
-28614
-25665
-22043
-17841
-13169
-8148
-2911
2405
7661
12717
17440
21705
25397
28419
30689
32146
32750
32483
31352
29385
26633
23169
19084
14487
9500
4255
-1105
-6439
-11603
-16457
-20870
-24723
-27911
-30346
-31961
-32712
-32578
-31559
-29684
-27001
-23582
-19519
-14922
-9916
-4636
771
6162
11386
16301
20770
24671
27896
30354
31977
32719
32558
31498
29565
26813
23317
19172
14492
9407
4058
-1405
-6833
-12073
-16978
-21411
-25247
-28377
-30713
-32188
-32760
-32410
-31148
-29007
-26047
-22351
-18021
-13179
-7961
-2516
3003
8440
13640
18454
22745
26389
29282
31340
32503
32737
32033
30409
27913
24613
20604
16000
10932
5547
0
-5550
-10942
-16021
-20637
-24657
-27963
-30458
-32068
-32745
-32468
-31244
-29107
-26118
-22364
-17952
-13013
-7689
-2137
3479
8997
14252
19090
23367
26955
29748
31662
32640
32650
31691
29790
27003
23411
19119
14256
8965
3403
-2262
-7862
-13230
-18204
-22633
-26385
-29345
-31423
-32556
-32707
-31871
-30072
-27362
-23823
-19561
-14703
-9397
-3803
1908
7565
12994
18030
22517
26318
29316
31419
32559
32702
31841
30001
27238
23635
19302
14372
8996
3339
-2422
-8112
-13553
-18577
-23026
-26761
-29667
-31650
-32648
-32629
-31591
-29565
-26615
-22829
-18327
-13249
-7752
-2009
3799
9491
14886
19815
24120
27666
30338
32052
32751
32412
31044
28690
25423
21345
16586
11295
5642
-193
-6025
-11667
-16938
-21669
-25706
-28920
-31206
-32489
-32726
-31909
-30063
-27244
-23544
-19081
-13998
-8460
-2644
3259
9060
14569
19606
24006
27626
30346
32075
32756
32366
30916
28451
25051
20827
15917
10480
4696
-1244
-7147
-12817
-18065
-22719
-26622
-29644
-31684
-32674
-32578
-31398
-29173
-25975
-21909
-17110
-11737
-5969
0
5972
11747
17130
21941
26016
29217
31436
32596
32657
31615
29504
26395
22390
17625
12260
6476
470
-5554
-11392
-16845
-21726
-25867
-29127
-31393
-32585
-32662
-31619
-29491
-26349
-22301
-17483
-12062
-6222
-166
5898
11762
17222
22088
26191
29387
31566
32648
32597
31411
29131
25835
21636
16679
11138
5205
-912
-7001
-12847
-18244
-23003
-26955
-29960
-31912
-32739
-32412
-30940
-28374
-24803
-20353
-15179
-9465
-3413
2763
8843
14612
19863
24407
28083
30758
32334
32755
32003
30103
27124
23169
18381
12929
7010
836
-5370
-11386
-16993
-21989
-26191
-29446
-31636
-32680
-32538
-31214
-28754
-25247
-20819
-15630
-9868
-3744
2518
8692
14551
19879
24480
28184
30855
32393
32739
31880
29845
26709
22585
17625
12011
5950
-333
-6607
-12639
-18204
-23094
-27128
-30152
-32055
-32763
-32248
-30528
-27666
-23767
-18976
-13473
-7461
-1167
5173
11322
17047
22132
26385
29644
31785
32724
32427
30901
28203
24435
19738
14288
8294
1981
-4409
-10635
-16457
-21654
-26025
-29402
-31656
-32697
-32485
-31027
-28377
-24634
-19943
-14481
-8460
-2109
4324
10594
16457
21686
26077
29459
31699
32710
32451
30929
28203
24378
19601
14056
7961
1552
-4919
-11201
-17047
-22227
-26537
-29806
-31906
-32751
-32307
-30590
-27666
-23648
-18696
-13002
-6791
-309
6187
12441
18204
23246
27366
30398
32222
32762
31995
29951
26709
22398
17189
11289
4935
-1619
-8112
-14281
-19879
-24678
-28486
-31147
-32552
-32643
-31416
-28917
-25247
-20553
-15023
-8882
-2378
4225
10659
16662
21989
26421
29777
31918
32756
32254
30432
27362
23169
18024
12137
5748
-879
-7473
-13762
-19485
-24407
-28323
-31070
-32533
-32650
-31414
-28875
-25136
-20353
-14721
-8475
-1874
4807
11292
17307
22602
26955
30182
32146
32765
32010
29911
26556
22083
16679
10571
4016
-2711
-9326
-15551
-21121
-25799
-29387
-31732
-32732
-32344
-30582
-27520
-23286
-18060
-12062
-5547
1206
7911
14280
20041
24947
28786
31393
32653
32513
30975
28105
24024
18906
12972
6476
-301
-7069
-13534
-19415
-24458
-28443
-31196
-32596
-32580
-31148
-28360
-24336
-19250
-13322
-6811
0
6813
13332
19269
24364
28393
31178
32594
32578
31129
28309
24241
19103
13120
6555
-301
-7147
-13680
-19609
-24671
-28641
-31340
-32648
-32505
-30916
-27948
-23735
-18460
-12360
-5706
1206
8067
14569
20421
25359
29162
31656
32728
32328
30473
27244
22786
17298
11027
4255
-2711
-9557
-15974
-21669
-26383
-29901
-32062
-32766
-31979
-29736
-26137
-21345
-15577
-9095
-2195
4807
11593
17850
23291
27666
30771
32464
32665
31362
28614
24546
19345
13249
6538
-477
-7473
-14125
-20126
-25196
-29098
-31650
-32732
-32292
-30349
-26991
-22374
-16712
-10266
-3339
3746
10659
17076
22694
27251
30530
32377
32702
31489
28793
24740
19519
13375
6597
-494
-7565
-14281
-20323
-25404
-29282
-31772
-32753
-32178
-30072
-26533
-21729
-15887
-9285
-2238
4919
11843
18204
23695
28052
31066
32589
32548
30942
27847
23411
17845
11416
4435
-2763
-9830
-16425
-22227
-26955
-30378
-32330
-32713
-31507
-28769
-24631
-19293
-13013
-6096
1120
8285
15047
21076
26077
29802
32068
32763
31850
29372
25451
20276
14101
7230
0
-7232
-14111
-20295
-25478
-29402
-31872
-32764
-32033
-29711
-25913
-20827
-14703
-7845
-595
6688
13640
19914
25196
29220
31785
32759
32093
29819
26047
20967
14832
7950
664
-6656
-13645
-19948
-25247
-29273
-31822
-32763
-32046
-29706
-25861
-20703
-14492
-7543
-209
7138
14125
20396
25629
29557
31977
32766
31880
29363
25342
20022
13674
6622
-771
-8129
-15071
-21240
-26318
-30042
-32219
-32734
-31559
-28754
-24461
-18901
-12360
-5177
2276
9615
16457
22447
27271
30678
32489
32608
31026
27825
23169
17302
10527
3199
-4298
-11573
-18244
-23960
-28419
-31387
-32705
-32302
-30198
-26501
-21406
-15179
-8148
-684
6817
13962
20369
25700
29668
32064
32757
31710
28975
24698
19103
12488
5205
-2358
-9798
-16717
-22745
-27557
-30894
-32577
-32513
-30703
-27244
-22319
-16192
-9191
-1693
5898
13175
19743
25247
29388
31941
32765
31816
29141
24884
19276
12618
5272
-2362
-9871
-16845
-22903
-27714
-31014
-32621
-32445
-30495
-26875
-21781
-15492
-8351
-749
6896
14165
20658
26016
29942
32220
32721
31417
28377
23767
17841
10926
3403
-4310
-11787
-18613
-24407
-28847
-31684
-32759
-32010
-29476
-25298
-19707
-13013
-5590
2148
9769
16845
22980
27828
31116
32659
32366
30254
26438
21133
14635
7310
-430
-8148
-15409
-21801
-26962
-30598
-32502
-32563
-30778
-27244
-22162
-15818
-8572
-836
6950
14343
20920
26305
30190
32350
32661
31103
27762
22829
16586
9388
1649
-6187
-13670
-20369
-25898
-29936
-32249
-32702
-31267
-28024
-23161
-16955
-9766
-2009
5867
13405
20168
25762
29860
32222
32709
31291
28049
23169
16936
9711
1916
-5992
-13553
-20323
-25904
-29968
-32275
-32687
-31179
-27837
-22855
-16527
-9222
-1372
6562
14111
20829
26318
30252
32397
32623
30916
27374
22206
15718
8294
373
-7571
-15067
-21669
-26980
-30683
-32556
-32483
-30469
-26631
-21197
-14492
-6916
1077
9009
16402
22811
27851
31216
32702
32218
29790
25564
19793
12824
5078
-2978
-10856
-18080
-24210
-28873
-31785
-32766
-31757
-28816
-24119
-17952
-10689
-2772
5316
13083
20053
25799
29968
32304
32662
31017
27469
22233
15630
8064
0
-8067
-15639
-22251
-27492
-31038
-32669
-32282
-29899
-25665
-19840
-12785
-4935
3223
11185
18454
24578
29176
31960
32754
31507
28295
23317
16881
9388
1306
-6859
-14599
-21426
-26913
-30713
-32587
-32415
-30206
-26096
-20343
-13307
-5431
2789
10837
18204
24423
29100
31937
32755
31498
28244
23199
16679
9099
938
-7285
-15047
-21854
-27271
-30951
-32659
-32282
-29844
-25497
-19519
-12290
-4271
4023
12062
19330
25359
29762
32252
32670
30984
27303
21861
15008
7184
-1105
-9326
-16947
-23474
-28484
-31650
-32766
-31757
-28687
-23753
-17274
-9670
-1435
6896
14781
21705
27215
30951
32666
32248
29720
25247
19119
11737
3583
-4807
-12886
-20121
-26035
-30239
-32455
-32534
-30469
-26395
-20578
-13400
-5336
3083
11302
18775
25007
29584
32200
32681
30992
27244
21684
14679
6695
-1736
-10055
-17706
-24178
-29038
-31959
-32744
-31340
-27837
-22468
-15592
-7668
771
9163
16942
23583
28641
31772
32764
31548
28203
22955
16155
8261
-193
-8637
-16499
-23246
-28419
-31667
-32766
-31641
-28366
-23161
-16378
-8479
0
8482
16388
23178
28387
31659
32766
31633
28334
23092
16267
8323
-193
-8699
-16610
-23382
-28547
-31748
-32764
-31521
-28105
-22748
-15818
-7793
771
9287
17161
23850
28887
31923
32744
31292
27666
22114
15023
6884
-1736
-10238
-18030
-24565
-29387
-32158
-32681
-30919
-26991
-21173
-13868
-5590
3083
11543
19194
25499
30012
32414
32534
30361
26047
19895
12336
3903
-4807
-13181
-20625
-26610
-30711
-32637
-32248
-29569
-24790
-18247
-10405
-1820
6896
15124
22277
27843
31423
32760
31757
28483
23169
16196
8060
-655
-9326
-17331
-24094
-29127
-32068
-32703
-30984
-27033
-21133
-13707
-5289
3511
12062
19743
25999
30374
32552
32371
29844
25150
18630
10754
2094
-6719
-15047
-22282
-27896
-31478
-32765
-31661
-28244
-22763
-15616
-7324
1506
10228
18204
24847
29668
32313
32585
30461
26096
19809
12062
3423
-5469
-13962
-21426
-27310
-31178
-32740
-31881
-28661
-23317
-16242
-7961
912
9721
17811
24578
29519
32265
32608
30520
26157
19840
12041
3339
-5613
-14150
-21629
-27492
-31296
-32755
-31758
-28377
-22863
-15630
-7219
1736
10564
18599
25234
29968
32443
32468
30041
25342
18725
10689
1842
-7147
-15598
-22868
-28404
-31785
-32751
-31227
-27327
-21345
-13736
-5078
3969
12717
20496
26712
30887
32702
32014
28875
23522
16364
7950
-1077
-10024
-18204
-24986
-29848
-32414
-32483
-30050
-25298
-18593
-10451
-1499
7571
16058
23305
28750
31969
32711
30916
26720
20449
12587
3744
-5391
-14111
-21734
-27666
-31442
-32766
-31533
-27837
-21964
-14372
-5653
3510
12401
20323
26654
30894
32710
31957
28692
23169
15822
7226
-1941
-10958
-19113
-25762
-30378
-32596
-32237
-29328
-24096
-16955
-8469
691
9799
18132
25028
29936
32465
32412
29778
24772
17791
9388
234
-8940
-17404
-24479
-29598
-32350
-32513
-30072
-25219
-18342
-9991
-836
8388
16942
24135
29387
32275
32563
30226
25451
18620
10283
1113
-8148
-16754
-24006
-29316
-32252
-32574
-30254
-25477
-18630
-10266
-1066
8222
16845
24098
29390
32286
32549
30156
25298
18372
9941
695
-8610
-17213
-24407
-29603
-32371
-32482
-29925
-24908
-17841
-9305
0
9307
17850
24924
29942
32491
32356
29546
24293
17028
8351
-1019
-10308
-18745
-25629
-30386
-32621
-32145
-28995
-23432
-15917
-7073
2362
11603
19879
26497
30903
32728
31816
28241
22301
14491
5464
-4023
-13175
-21224
-27492
-31451
-32766
-31324
-27244
-20868
-12732
-3519
5992
15001
22745
28568
31977
32682
30619
25962
19103
10622
1238
-8253
-17047
-24394
-29668
-32420
-32412
-29643
-24347
-16973
-8148
1373
10781
19269
26112
30723
32705
31886
28334
22351
14449
5304
-4298
-13534
-21608
-27826
-31650
-32749
-31026
-26627
-19930
-11510
-2094
7504
16457
23989
29446
32355
32460
29752
24461
17046
8148
-1459
-10942
-19477
-26318
-30870
-32732
-31742
-27983
-21780
-13674
-4371
5316
14541
22496
28484
31977
32669
30495
25645
18541
9807
209
-9410
-18204
-25397
-30356
-32640
-32046
-28625
-22675
-14721
-5464
4278
13645
21806
28038
31787
32719
30748
26047
19032
10324
695
-8997
-17892
-25196
-30256
-32621
-32077
-28669
-22701
-14703
-5389
4409
13816
21989
28193
31872
32694
30582
25725
18555
9715
0
-9718
-18563
-25739
-30598
-32699
-31850
-28126
-21861
-13619
-4144
5708
15047
23026
28920
32194
32549
29951
24631
17073
7961
-1876
-11547
-20168
-26955
-31287
-32766
-31257
-26894
-20073
-11416
-1713
8148
17267
24807
30076
32589
32113
28690
22632
14492
5018
-4919
-14407
-22570
-28657
-32104
-32591
-30072
-24775
-17189
-8012
1907
11653
20323
27113
31393
32763
31094
26539
19519
10683
852
-9060
-18132
-25519
-30530
-32697
-31816
-27965
-21503
-13031
-3339
6667
16052
23938
29584
32459
32292
29097
23169
15065
5543
-4501
-14125
-22423
-28612
-32108
-32578
-29977
-24546
-16798
-7461
2582
12385
21019
27666
31694
32721
30647
25665
18247
9095
-923
-10856
-19760
-26786
-31264
-32766
-31146
-26556
-19431
-10451
-470
9557
18675
26008
30855
32749
31507
27244
20368
11537
1595
-8501
-17784
-25359
-30497
-32702
-31758
-27754
-21074
-12360
-2451
7696
17103
24860
30215
32648
31922
28105
21563
12929
3039
-7147
-16643
-24525
-30025
-32607
-32016
-28309
-21844
-13249
-3359
6859
16412
24364
29939
32588
32050
28377
21924
13322
3413
-6833
-16412
-24382
-29960
-32596
-32028
-28309
-21804
-13150
-3199
7069
16643
24578
30089
32630
31946
28105
21482
12732
2719
-7565
-17103
-24947
-30318
-32680
-31797
-27754
-20951
-12062
-1970
8320
17784
25478
30633
32732
31565
27244
20200
11134
952
-9326
-18675
-26154
-31014
-32765
-31228
-26556
-19215
-9941
333
10578
19760
26955
31436
32749
30759
25665
17979
8475
-1887
-12062
-21019
-27851
-31864
-32650
-30126
-24546
-16475
-6728
3703
13762
22423
28806
32258
32427
29291
23169
14683
4696
-5772
-15653
-23938
-29777
-32571
-32033
-28214
-21503
-12587
-2378
8077
17706
25519
30711
32748
31416
26850
19519
10175
-219
-10594
-19879
-27113
-31549
-32726
-30520
-25157
-17189
-7439
3083
13289
22119
28657
32222
32441
29289
23092
14492
4381
-6187
-16114
-24364
-30076
-32652
-31820
-27666
-20619
-11416
-1017
9491
19008
26537
31287
32757
30792
25595
17709
7961
-2625
-12939
-21894
-28547
-32194
-32451
-29286
-23032
-14346
-4144
6498
16457
24678
30291
32699
31644
27238
19943
10531
0
-10533
-19951
-27251
-31656
-32694
-30254
-24592
-16309
-6286
4409
14637
23305
29487
32519
32077
28203
21312
12137
1660
-8997
-18692
-26385
-31248
-32757
-30748
-25434
-17383
-7461
3266
13645
22556
29038
32390
32248
28625
21909
12824
2351
-8378
-18204
-26061
-31098
-32765
-30880
-25645
-17625
-7689
3083
13524
22496
29023
32393
32235
28565
21780
12618
2077
-8692
-18516
-26318
-31245
-32755
-30681
-25247
-17046
-6975
3863
14280
23132
29446
32527
32033
28015
20915
11510
836
-9932
-19609
-27125
-31650
-32682
-30103
-24198
-15616
-5304
5596
15880
24407
30232
32705
31550
26894
19250
9465
-1373
-12062
-21411
-28379
-32188
-32412
-29022
-22395
-13267
-2656
8253
18244
26197
31222
32754
30619
25054
16679
6433
-4537
-15001
-23783
-29895
-32648
-31731
-27244
-19690
-9916
976
11762
21224
28293
32170
32415
28997
22301
13080
2378
-8595
-18599
-26497
-31393
-32729
-30352
-24528
-15917
-5494
5554
15974
24578
30386
32734
31352
26395
18425
8351
-2679
-13405
-22602
-29217
-32491
-32046
-27932
-20616
-10936
0
10939
20625
27944
32055
32482
29173
22507
13249
2462
-8610
-18692
-26622
-31481
-32707
-30156
-24119
-15293
-4696
6446
16845
25296
30817
32766
30916
25477
17079
6695
-4468
-15115
-24006
-30106
-32702
-31489
-26606
-18620
-8460
2689
13528
22788
29387
32552
31909
27532
19930
9991
-1120
-12103
-21669
-28693
-32350
-32208
-28280
-21025
-11295
-234
10856
20671
28052
32127
32412
28871
21921
12379
1372
-9799
-19815
-27487
-31906
-32545
-29328
-22632
-13249
-2291
8940
19113
27016
31708
32629
29666
23169
13911
2992
-8285
-18577
-26654
-31549
-32677
-29899
-23544
-14372
-3477
7836
18214
26411
31442
32702
30037
23764
14635
3744
-7598
-18030
-26293
-31393
-32711
-30086
-23833
-14703
-3796
7571
18026
26305
31405
32707
30050
23753
14577
3632
-7754
-18204
-26446
-31479
-32688
-29925
-23522
-14256
-3253
8148
18560
26712
31608
32650
29706
23135
13736
2656
-8751
-19090
-27095
-31785
-32581
-29385
-22585
-13013
-1842
9557
19786
27585
31994
32468
28947
21861
12081
809
-10564
-20637
-28166
-32219
-32293
-28377
-20951
-10932
440
11762
21629
28819
32437
32033
27653
19840
9561
-1907
-13142
-22745
-29519
-32621
-31661
-26755
-18514
-7961
3586
14689
23960
30239
32740
31148
25658
16955
6128
-5469
-16384
-25247
-30944
-32759
-30461
-24336
-15151
-4058
7546
18204
26572
31595
32638
29565
22763
13087
1756
-9798
-20118
-27896
-32148
-32332
-28424
-20915
-10754
771
12203
22088
29171
32552
31797
27001
18769
8148
-3511
-14727
-24069
-30346
-32754
-30984
-25260
-16309
-5272
6439
17331
26008
31359
32696
29845
23169
13521
2137
-9523
-19964
-27843
-32146
-32318
-28334
-20703
-10405
1234
12717
22564
29503
32637
31559
26407
17841
6968
-4807
-15965
-25058
-30909
-32757
-30361
-24028
-14577
-3233
8533
19194
27364
31977
32433
28669
21173
10917
-762
-12345
-22321
-29387
-32619
-31592
-26438
-17828
-6884
4961
16161
25247
31028
32744
30168
23635
13998
2522
-9287
-19879
-27860
-32179
-32265
-28105
-20242
-9711
2101
13640
23382
30040
32733
31103
25362
16267
5018
-6896
-17901
-26537
-31659
-32585
-29190
-21921
-11741
0
11743
21929
29201
32589
31641
26480
17791
6728
-5233
-16499
-25566
-31222
-32709
-29826
-22955
-13013
-1327
10537
20994
28641
32450
31909
27088
18630
7668
-4324
-15739
-25041
-30976
-32744
-30105
-23411
-13561
-1880
10055
20637
28436
32397
31982
27244
18822
7852
-4182
-15653
-25007
-30974
-32743
-30072
-23319
-13400
-1660
10308
20879
28612
32455
31881
26966
18377
7282
-4807
-16245
-25468
-31216
-32702
-29720
-22675
-12528
-664
11292
21705
29147
32596
31576
26225
17274
5950
-6193
-17489
-26383
-31650
-32564
-28995
-21433
-10917
1105
12978
23064
29968
32737
30984
24950
15465
3839
-8320
-19330
-27666
-32170
-32217
-27796
-19519
-8531
3643
15314
24860
30951
32739
29972
23032
12884
938
-11141
-21669
-29176
-32613
-31498
-25982
-16835
-5332
6918
18204
26944
31912
32410
28366
20343
9465
-2743
-14569
-24351
-30713
-32759
-30198
-23387
-13283
-1306
10856
21492
29100
32604
31507
25962
16748
5166
-7147
-18454
-27152
-32008
-32332
-28076
-19840
-8789
3510
15314
24947
31038
32720
29752
22551
12140
0
-12143
-22559
-29762
-32723
-31017
-24884
-15198
-3339
8998
20053
28242
32393
31908
26854
17952
6476
-5930
-17489
-26541
-31785
-32465
-28481
-20402
-9388
2978
14918
24714
30951
32730
29790
22554
12062
-172
-12385
-22811
-29942
-32746
-30813
-24421
-14492
-2462
9926
20879
28806
32556
31581
26021
16679
4912
-7571
-18956
-27585
-32200
-32127
-27374
-18630
-7167
5342
17076
26318
31719
32485
28504
20353
9222
-3259
-15267
-25041
-31147
-32687
-29434
-21861
-11077
1334
13553
23783
30517
32764
30189
23169
12736
423
-11953
-22570
-29860
-32743
-30792
-24293
-14202
-2009
10483
21426
29201
32652
31267
25247
15482
3419
-9153
-20369
-28563
-32514
-31633
-26047
-16586
-4654
7973
19415
27967
32350
31910
26709
17520
5712
-6950
-18577
-27428
-32179
-32116
-27244
-18292
-6597
6088
17864
26962
32015
32263
27666
18910
7310
-5391
-17284
-26579
-31872
-32366
-27983
-19380
-7852
4862
16845
26287
31760
32433
28203
19707
8226
-4501
-16550
-26094
-31684
-32472
-28334
-19895
-8434
4310
16402
26003
31651
32486
28377
19946
8475
-4288
-16402
-26016
-31662
-32478
-28334
-19861
-8351
4437
16550
26133
31717
32445
28203
19638
8060
-4756
-16845
-26351
-31812
-32386
-27983
-19276
-7602
5243
17284
26666
31941
32293
27666
18769
6975
-5898
-17864
-27071
-32095
-32157
-27244
-18113
-6176
6719
18577
27557
32265
31968
26709
17302
5205
-7702
-19415
-28111
-32434
-31710
-26047
-16326
-4058
8843
20369
28719
32588
31368
25247
15179
2736
-10137
-21426
-29364
-32705
-30922
-24293
-13853
-1238
11573
22570
30025
32764
30353
23169
12339
-434
-13142
-23783
-30678
-32739
-29638
-21861
-10632
2276
14829
25041
31296
32604
28754
20353
8727
-4282
-16616
-26318
-31849
-32328
-27676
-18630
-6622
6439
18480
27585
32302
31880
26381
16679
4318
-8734
-20396
-28806
-32620
-31227
-24845
-14492
-1820
11144
22329
29942
32763
30335
23047
12062
-859
-13645
-24243
-30951
-32688
-29173
-20967
-9388
3703
16202
26094
31785
32354
27709
18593
6476
-6688
-18775
-27832
-32393
-31718
-25913
-15915
-3339
9779
21317
29402
32723
30737
23764
12933
0
-12935
-23772
-30745
-32720
-29372
-21243
-9654
3510
16105
26077
31798
32332
27590
18342
6096
-7147
-19226
-28162
-32493
-31507
-25362
-15061
-2291
10856
22227
29953
32765
30198
22670
11416
-1716
-14569
-25028
-31370
-32548
-28366
-19509
-7435
5867
18204
27539
32330
31782
25982
15887
3163
-10086
-21669
-29667
-32753
-30413
-23032
-11831
1334
14281
24860
31312
32563
28403
19519
7387
-5976
-18347
-27666
-32377
-31693
-25725
-15465
-2622
10659
22164
29968
32766
30086
22374
10917
-2369
-15261
-25599
-31650
-32396
-27709
-18372
-5950
7473
19643
28516
32596
31195
24546
13765
664
-12550
-23653
-30771
-32702
-29116
-20616
-8634
4807
17440
27128
32230
31881
26137
15968
3092
-10308
-21966
-29901
-32766
-30072
-22272
-10689
2711
15653
25937
31812
32275
27244
17574
4908
-8595
-20637
-29162
-32712
-30681
-23411
-12140
1206
14349
25041
31451
32480
27948
18630
6117
-7445
-19735
-28641
-32634
-31026
-24089
-13013
301
13567
24501
31222
32570
28309
19172
6728
-6876
-19298
-28393
-32589
-31159
-24347
-13326
0
13328
24354
31166
32585
28360
19220
6748
-6896
-19347
-28443
-32604
-31103
-24198
-13087
301
13640
24608
31294
32533
28105
18778
6176
-7504
-19879
-28786
-32669
-30847
-23635
-12290
1206
14493
25247
31583
32389
27520
17828
5008
-8692
-20870
-29387
-32745
-30352
-22624
-10917
2711
15865
26229
31977
32094
26556
16335
3233
-10442
-22277
-30182
-32757
-29546
-21112
-8944
4807
17712
27483
32390
31559
25136
14256
845
-12717
-24026
-31070
-32598
-28334
-19032
-6345
7473
19964
28903
32697
30666
23169
11540
-2148
-15456
-26008
-31918
-32127
-26596
-16309
-3103
10659
22517
30346
32741
29270
20553
8148
-5719
-18563
-28078
-32552
-31179
-24202
-12874
771
14281
25223
31625
32332
27214
17189
4062
-9798
-21894
-30040
-32762
-29565
-21025
-8682
5233
18204
27882
32514
31257
24336
13002
-691
-14262
-25247
-31650
-32307
-27094
-16955
-3732
10171
22227
30239
32747
29289
20494
7961
-6025
-18915
-28356
-32621
-30929
-23586
-11931
1907
15400
26077
31982
32033
26215
15592
2109
-11762
-23479
-30889
-32629
-28377
-18910
-5966
8077
20637
29402
32756
30080
21861
9613
-4409
-17621
-27585
-32459
-31342
-24435
-13013
816
14497
25499
31785
32188
26631
16140
2656
-11322
-23203
-30782
-32650
-28456
-18976
-5969
8148
20755
29503
32763
29925
21514
9095
-5021
-18204
-27995
-32564
-31058
-23753
-12011
1977
15598
26305
32095
31880
25698
14703
952
-12978
-24480
-31393
-32418
-27360
-17165
-3744
10381
22559
30497
32702
28754
19394
6380
-7836
-20580
-29446
-32762
-29899
-21393
-8847
5370
18577
28275
32630
30814
23169
11138
-3003
-16579
-27016
-32334
-31523
-24733
-13249
751
14612
25700
31906
32048
26096
15179
1372
-12698
-24354
-31371
-32412
-27273
-16932
-3359
10856
23003
30758
32638
28280
18514
5205
-9101
-21669
-30089
-32747
-29131
-19930
-6905
7445
20371
29387
32762
29844
21189
8460
-5898
-19125
-28673
-32702
-30433
-22301
-9868
4468
17946
27963
32585
30916
23274
11134
-3159
-16845
-27275
-32428
-31305
-24119
-12260
1977
15833
26622
32247
31615
24845
13249
-923
-14918
-26016
-32055
-31858
-25461
-14105
0
14107
25468
31864
32046
25975
14832
792
-13405
-24986
-31684
-32188
-26395
-15435
-1452
12817
24578
31525
32292
26727
15917
1981
-12345
-24250
-31393
-32366
-26976
-16280
-2378
11993
24006
31293
32415
27148
16527
2644
-11762
-23850
-31230
-32442
-27244
-16660
-2779
11653
23783
31206
32451
27267
16679
2783
-11667
-23806
-31222
-32441
-27217
-16586
-2656
11803
23919
31277
32412
27094
16378
2398
-12062
-24120
-31370
-32361
-26894
-16056
-2009
12441
24407
31496
32285
26615
15616
1488
-12939
-24777
-31650
-32178
-26251
-15055
-836
13553
25223
31826
32033
25797
14372
52
-14280
-25739
-32015
-31841
-25247
-13561
863
15115
26318
32208
31592
24592
12618
-1908
-16052
-26950
-32393
-31276
-23823
-11540
3083
17085
27622
32556
30880
22932
10324
-4384
-18204
-28323
-32682
-30389
-21909
-8965
5807
19399
29038
32755
29790
20744
7461
-7347
-20658
-29748
-32757
-29067
-19428
-5811
8997
21966
30436
32669
28203
17952
4016
-10746
-23305
-31079
-32468
-27184
-16309
-2077
12583
24657
31656
32135
25992
14491
0
-14493
-25999
-32139
-31644
-24613
-12494
2208
16457
27304
32503
30975
23032
10317
-4537
-18454
-28547
-32719
-30103
-21238
-7961
6971
20458
29694
32757
29007
19220
5431
-9491
-22439
-30713
-32587
-27666
-16973
-2736
12073
24364
31568
32177
26060
14492
-108
-14689
-26197
-32222
-31498
-24174
-11781
3083
17304
27896
32634
30520
21996
8847
-6162
-19879
-29416
-32766
-29219
-19519
-5706
9311
22368
30711
32578
27570
16743
2378
-12491
-24723
-31732
-32033
-25558
-13674
1105
15653
26888
32428
31095
23169
10328
-4707
-18745
-28806
-32750
-29736
-20402
-6728
8378
21705
30414
32650
27932
17262
2911
-12062
-24465
-31651
-32083
-25665
-13765
1077
15692
26955
32455
31012
22932
9941
-5180
-19194
-29098
-32765
-29406
-19738
-5832
9326
22486
30817
32526
27244
16102
1495
-13436
-25478
-32035
-31693
-24521
-12062
2999
17416
28078
32680
30226
21243
7668
-7565
-21167
-30192
-32685
-28105
-17438
-2992
12103
24578
31727
31995
25321
13150
-1876
-16499
-27539
-32596
-30567
-21889
-8448
6833
20630
29936
32722
28377
17845
3419
-11753
-24364
-31659
-32040
-25423
-13249
1823
16499
27568
32607
30508
21729
8189
-7147
-20920
-30108
-32693
-28105
-17347
-2779
12401
24860
31856
31850
24838
12360
-2839
-17416
-28160
-32702
-30037
-20749
-6884
8501
22013
30668
32552
27244
15915
1066
-14020
-26008
-32243
-31342
-23500
-10451
4915
19194
29220
32766
29042
18871
4509
-10856
-23813
-31479
-32147
-25665
-13473
1720
16533
27666
32637
30335
21271
7461
-8015
-21705
-30552
-32578
-27327
-15968
-1038
14125
26133
32294
31228
23169
9920
-5554
-19786
-29584
-32748
-28565
-17970
-3339
12043
24723
31849
31816
24627
11897
-3511
-18132
-28673
-32755
-29458
-19519
-5177
10334
23516
31393
32182
25702
13414
-1907
-16800
-27896
-32682
-30072
-20653
-6555
9029
22570
30997
32395
26445
14492
-751
-15827
-27310
-32589
-30461
-21406
-7481
8148
21926
30713
32507
26894
15151
-48
-15238
-26955
-32522
-30664
-21804
-7961
7702
21608
30575
32549
27076
15403
202
-15047
-26852
-32503
-30703
-21861
-8002
7696
21629
30598
32538
27001
15255
0
-15257
-27007
-32541
-30582
-21579
-7602
8129
21989
30779
32468
26664
14703
-655
-15865
-27411
-32621
-30288
-20948
-6758
8997
22672
31098
32318
26047
13736
-1763
-16855
-28038
-32713
-29790
-19946
-5464
10289
23653
31516
32046
25116
12336
-3319
-18204
-28847
-32766
-29042
-18541
-3711
11987
24889
31977
31593
23823
10480
-5316
-19871
-29777
-32711
-27983
-16697
-1495
14059
26318
32404
30885
22114
8148
-7733
-21801
-30745
-32460
-26539
-14372
1180
16457
27860
32699
29832
19930
5325
-10537
-23916
-31650
-31910
-24631
-11530
4298
19113
29409
32747
28334
17210
2009
-13670
-26112
-32365
-30942
-22178
-8148
7817
21929
30833
32412
26285
13907
-1780
-17047
-28259
-32743
-29429
-19103
-4222
11667
24777
31977
31548
23586
9991
-5992
-20546
-30192
-32619
-27244
-15350
219
15739
27492
32660
30001
20149
5464
-10533
-24006
-31719
-31816
-24270
-10892
5106
19879
29873
32681
27625
15917
373
-15261
-27221
-32621
-30156
-20416
-5748
10308
23879
31684
31836
24293
10875
-5173
-19973
-29942
-32665
-27477
-15633
0
15636
27483
32666
29925
19920
5078
-10999
-24407
-31886
-31615
-23656
-9941
6193
20824
30386
32549
26782
14487
-1341
-16845
-28242
-32749
-29262
-18630
-3445
12583
25539
32252
31078
22301
8064
-8148
-22368
-31111
-32231
-25451
-12429
3643
18824
29387
32737
28047
16465
836
-15001
-27152
-32625
-30072
-20115
-5205
10989
24479
31937
31523
23335
9388
-6876
-21447
-30723
-32412
-26092
-13322
2743
18132
29038
32759
28371
16955
1338
-14612
-26944
-32596
-30164
-20247
-5304
10958
24501
31960
31477
23169
9099
-7236
-21774
-30894
-32323
-25702
-12676
3510
18824
29446
32724
27837
16000
166
-15711
-27666
-32707
-29572
-19041
-3744
12491
25602
32304
30916
21780
7184
-9215
-23305
-31551
-31880
-24205
-10451
5930
20824
30486
32483
26311
13518
-2679
-18204
-29147
-32749
-28098
-16364
-502
15488
27574
32702
29574
18976
3583
-12717
-25806
-32371
-30748
-21345
-6538
9926
23879
31785
31636
23467
9346
-7147
-21830
-30974
-32254
-25342
-11991
4409
19692
29968
32623
26976
14462
-1736
-17495
-28798
-32764
-28377
-16752
-852
15267
27492
32699
29554
18857
3339
-13034
-26077
-32450
-30520
-20777
-5712
10817
24578
32042
31291
22515
7961
-8637
-23021
-31496
-31881
-24075
-10079
6509
21426
30833
32307
25463
12062
-4448
-19815
-30076
-32585
-26689
-13907
2465
18204
29244
32732
27762
15616
-569
-16610
-28356
-32765
-28692
-17189
-1231
15047
27428
32699
29490
18630
2932
-13528
-26478
-32552
-30168
-19943
-4530
12062
25519
32337
30737
21133
6022
-10659
-24565
-32068
-31208
-22206
-7407
9326
23628
31760
31593
23169
8686
-8070
-22719
-31423
-31903
-24028
-9858
6896
21846
31070
32147
24790
10926
-5807
-21019
-30711
-32336
-25461
-11891
4807
20244
30356
32478
26047
12755
-3899
-19528
-30012
-32581
-26556
-13521
3083
18877
29687
32654
26991
14192
-2362
-18294
-29387
-32703
-27360
-14769
1736
17784
29119
32734
27666
15255
-1206
-17349
-28887
-32752
-27913
-15652
771
16993
28695
32761
28105
15962
-434
-16717
-28547
-32765
-28244
-16186
193
16523
28443
32766
28334
16326
-48
-16412
-28387
-32766
-28374
-16382
0
0
0
0
0
0
0
0
0
0
0
0
0
0
0
0
0
0
0
0
0
0
0
0
0
0
0
0
0
0
0
0
0
0
0
0
0
0
0
0
0
0
0
0
0
0
0
0
0
0
0
0
0
0
0
0
0
0
0
0
0
0
0
0
0
0
0
0
0
0
0
0
0
0
0
0
0
0
0
0
0
0
0
0
0
0
0
0
0
0
0
0
0
0
0
0
0
0
0
0
0
0
0
0
0
0
0
0
0
0
0
0
0
0
0
0
0
0
0
0
0
0
0
0
0
0
0
0
0
0
0
0
0
0
0
0
0
0
0
0
0
0
0
0
0
0
0
0
0
0
0
0
0
0
0
0
0
0
0
0
0
0
0
0
0
0
0
0
0
0
0
0
0
0
0
0
0
0
0
0
0
0
0
0
0
0
0
0
0
0
0
0
0
0
0
0
0
0
0
0
0
0
0
0
0
0
0
0
0
0
0
0
0
0
0
0
0
0
0
0
0
0
0
0
0
0
0
0
0
0
0
0
0
0
0
0
0
0
0
0
0
0
0
0
0
0
0
0
0
0
0
0
0
0
0
0
0
0
0
0
0
0
0
0
0
0
0
0
0
0
0
0
0
0
0
0
0
0
0
0
0
0
0
0
0
0
0
0
0
0
0
0
0
0
0
0
0
0
0
0
0
0
0
0
0
0
0
0
0
0
0
0
0
0
0
0
0
0
0
0
0
0
0
0
0
0
0
0
0
0
0
0
0
0
0
0
0
0
0
0
0
0
0
0
0
0
0
0
0
0
0
0
0
0
0
0
0
0
0
0
0
0
0
0
0
0
0
0
0
0
0
0
0
0
0
0
0
0
0
0
0
0
0
0
0
0
0
0
0
0
0
0
0
0
0
0
0
0
0
0
0
0
0
0
0
0
0
0
0
0
0
0
0
0
0
0
0
0
0
0
0
0
0
0
0
0
0
0
0
0
0
0
0
0
0
0
0
0
0
0
0
0
0
0
0
0
0
0
0
0
0
0
0
0
0
0
0
0
0
0
0
0
0
0
0
0
0
0
0
0
0
0
0
0
0
0
0
0
0
0
0
0
0
0
0
0
0
0
0
0
0
0
0
0
0
0
0
0
0
0
0
0
0
0
0
0
0
0
0
0
0
0
0
0
0
0
0
0
0
0
0
0
0
0
0
0
0
0
0
0
0
0
0
0
0
0
0
0
0
0
0
0
0
0
0
0
0
0
0
0
0
0
0
0
0
0
0
0
0
0
0
0
0
0
0
0
0
0
0
0
0
0
0
0
0
0
0
0
0
0
0
0
0
0
0
0
0
0
0
0
0
0
0
0
0
0
0
0
0
0
0
0
0
0
0
0
0
0
0
0
0
0
0
0
0
0
0
0
0
0
0
0
0
0
0
0
0
0
0
0
0
0
0
0
0
0
0
0
0
0
0
0
0
0
0
0
0
0
0
0
0
0
0
0
0
0
0
0
0
0
0
0
0
0
0
0
0
0
0
0
0
0
0
0
0
0
0
0
0
0
0
0
0
0
0
0
0
0
0
0
0
0
0
0
0
0
0
0
0
0
0
0
0
0
0
0
0
0
0
0
0
0
0
0
0
0
0
0
0
0
0
0
0
0
0
0
0
0
0
0
0
0
0
0
0
0
0
0
0
0
0
0
0
0
0
0
0
0
0
0
0
0
0
0
0
0
0
0
0
0
0
0
0
0
0
0
0
0
0
0
0
0
0
0
0
0
0
0
0
0
0
0
0
0
0
0
0
0
0
0
0
0
0
0
0
0
0
0
0
0
0
0
0
0
0
0
0
0
0
0
0
0
0
0
0
0
0
0
0
0
0
0
0
0
0
0
0
0
0
0
0
0
0
0
0
0
0
0
0
0
0
0
0
0
0
0
0
0
0
0
0
0
0
0
0
0
0
0
0
0
0
0
0
0
0
0
0
0
0
0
0
0
0
0
0
0
0
0
0
0
0
0
0
0
0
0
0
0
0
0
0
0
0
0
0
0
0
0
0
0
0
0
0
0
0
0
0
0
0
0
0
0
0
0
0
0
0
0
0
0
0
0
0
0
0
0
0
0
0
0
0
0
0
0
0
0
0
0
0
0
0
0
0
0
0
0
0
0
0
0
0
0
0
0
0
0
0
0
0
0
19660
19292
18204
16436
14057
11158
7849
4256
516
-3228
-6836
-10173
-13114
-15550
-17393
-18577
-19063
-18838
-17916
-16339
-14171
-11500
-8432
-5087
-1592
1919
5315
8471
11272
13619
15431
16650
17240
17190
16514
15249
13454
11205
8597
5733
2726
-310
-3264
-6027
-8503
-10610
-12279
-13464
-14134
-14283
-13921
-13078
-11803
-10158
-8215
-6058
-3772
-1446
833
2988
4946
6646
8040
9095
9790
10121
10098
9742
9088
8177
7060
5789
4420
3009
1607
262
-986
-2104
-3067
-3860
-4476
-4915
-5186
-5302
-5283
-5151
-4927
-4634
-4295
-3927
-3545
-3160
-2778
-2400
-2023
-1643
-1251
-838
-394
87
614
1187
1804
2457
3135
3820
4489
5118
5675
6132
6457
6623
6603
6379
5936
5269
4382
3288
2010
580
-959
-2562
-4172
-5730
-7178
-8455
-9506
-10279
-10734
-10838
-10571
-9929
-8917
-7560
-5894
-3969
-1846
402
2699
4961
7106
9052
10723
12052
12984
13476
13502
13053
12138
10783
9031
6942
4587
2050
-578
-3204
-5730
-8064
-10120
-11822
-13106
-13926
-14250
-14068
-13387
-12232
-10648
-8694
-6445
-3986
-1407
1194
3723
6086
8199
9985
11384
12349
12851
12879
12441
11561
10280
8656
6757
4661
2451
215
-1962
-3999
-5821
-7364
-8578
-9425
-9885
-9951
-9636
-8965
-7977
-6723
-5266
-3671
-2009
-352
1232
2680
3938
4958
5710
6171
6335
6209
5812
5174
4336
3347
2259
1131
18
-1023
-1947
-2709
-3276
-3625
-3744
-3633
-3303
-2776
-2084
-1266
-368
561
1471
2311
3036
3605
3984
4149
4086
3792
3276
2557
1662
632
-489
-1653
-2804
-3890
-4858
-5661
-6257
-6612
-6702
-6516
-6051
-5319
-4340
-3149
-1786
-303
1244
2798
4297
5681
6893
7885
8612
9043
9156
8940
8398
7544
6406
5021
3434
1702
-115
-1954
-3750
-5440
-6962
-8263
-9296
-10024
-10420
-10470
-10172
-9534
-8578
-7336
-5850
-4170
-2352
-458
1450
3311
5061
6645
8013
9120
9933
10428
10592
10421
9925
9122
8041
6719
5198
3531
1769
-30
-1811
-3520
-5103
-6515
-7714
-8666
-9346
-9736
-9830
-9627
-9139
-8383
-7387
-6184
-4813
-3317
-1742
-137
1450
2972
4386
5650
6729
7594
8222
8598
8714
8570
8175
7543
6698
5666
4483
3185
1813
410
-980
-2317
-3560
-4673
-5624
-6385
-6937
-7266
-7366
-7237
-6887
-6332
-5593
-4698
-3678
-2570
-1411
-240
904
1983
2964
3816
4513
5036
5372
5515
5466
5234
4831
4280
3605
2837
2007
1150
299
-510
-1251
-1895
-2420
-2809
-3053
-3148
-3097
-2908
-2599
-2189
-1703
-1169
-616
-75
424
856
1199
1433
1545
1530
1388
1126
758
303
-213
-763
-1315
-1836
-2295
-2661
-2906
-3010
-2956
-2736
-2348
-1800
-1107
-292
614
1577
2557
3509
4389
5154
5764
6182
6379
6334
6034
5478
4674
3642
2411
1021
-481
-2042
-3604
-5105
-6486
-7688
-8659
-9352
-9732
-9772
-9460
-8795
-7791
-6475
-4886
-3076
-1105
958
3041
5068
6963
8654
10076
11172
11896
12215
12111
11582
10640
9313
7644
5689
3516
1199
-1179
-3535
-5784
-7846
-9645
-11117
-12209
-12880
-13106
-12880
-12209
-11117
-9645
-7846
-5784
-3535
-1179
1199
3516
5689
7644
9313
10640
11582
12111
12215
11896
11172
10076
8654
6963
5068
3041
958
-1105
-3076
-4886
-6475
-7791
-8795
-9460
-9772
-9732
-9352
-8659
-7688
-6486
-5105
-3604
-2042
-481
1021
2411
3642
4674
5478
6034
6334
6379
6182
5764
5154
4389
3509
2557
1577
614
-292
-1107
-1800
-2348
-2736
-2956
-3010
-2906
-2661
-2295
-1836
-1315
-763
-213
303
758
1126
1388
1530
1545
1433
1199
856
424
-75
-616
-1169
-1703
-2189
-2599
-2908
-3097
-3148
-3053
-2809
-2420
-1895
-1251
-510
299
1150
2007
2837
3605
4280
4831
5234
5466
5515
5372
5036
4513
3816
2964
1983
904
-240
-1411
-2570
-3678
-4698
-5593
-6332
-6887
-7237
-7366
-7266
-6937
-6385
-5624
-4673
-3560
-2317
-980
410
1813
3185
4483
5666
6698
7543
8175
8570
8714
8598
8222
7594
6729
5650
4386
2972
1450
-137
-1742
-3317
-4813
-6184
-7387
-8383
-9139
-9627
-9830
-9736
-9346
-8666
-7714
-6515
-5103
-3520
-1811
-30
1769
3531
5198
6719
8041
9122
9925
10421
10592
10428
9933
9120
8013
6645
5061
3311
1450
-458
-2352
-4170
-5850
-7336
-8578
-9534
-10172
-10470
-10420
-10024
-9296
-8263
-6962
-5440
-3750
-1954
-115
1702
3434
5021
6406
7544
8398
8940
9156
9043
8612
7885
6893
5681
4297
2798
1244
-303
-1786
-3149
-4340
-5319
-6051
-6516
-6702
-6612
-6257
-5661
-4858
-3890
-2804
-1653
-489
632
1662
2557
3276
3792
4086
4149
3984
3605
3036
2311
1471
561
-368
-1266
-2084
-2776
-3303
-3633
-3744
-3625
-3276
-2709
-1947
-1023
18
1131
2259
3347
4336
5174
5812
6209
6335
6171
5710
4958
3938
2680
1232
-352
-2009
-3671
-5266
-6723
-7977
-8965
-9636
-9951
-9885
-9425
-8578
-7364
-5821
-3999
-1962
215
2451
4661
6757
8656
10280
11561
12441
12879
12851
12349
11384
9985
8199
6086
3723
1194
-1407
-3986
-6445
-8694
-10648
-12232
-13387
-14068
-14250
-13926
-13106
-11822
-10120
-8064
-5730
-3204
-578
2050
4587
6942
9031
10783
12138
13053
13502
13476
12984
12052
10723
9052
7106
4961
2699
402
-1846
-3969
-5894
-7560
-8917
-9929
-10571
-10838
-10734
-10279
-9506
-8455
-7178
-5730
-4172
-2562
-959
580
2010
3288
4382
5269
5936
6379
6603
6623
6457
6132
5675
5118
4489
3820
3135
2457
1804
1187
614
87
-394
-838
-1251
-1643
-2023
-2400
-2778
-3160
-3545
-3927
-4295
-4634
-4927
-5151
-5283
-5302
-5186
-4915
-4476
-3860
-3067
-2104
-986
262
1607
3009
4420
5789
7060
8177
9088
9742
10098
10121
9790
9095
8040
6646
4946
2988
833
-1446
-3772
-6058
-8215
-10158
-11803
-13078
-13921
-14283
-14134
-13464
-12279
-10610
-8503
-6027
-3264
-310
2726
5733
8597
11205
13454
15249
16514
17190
17240
16650
15431
13619
11272
8471
5315
1919
-1592
-5087
-8432
-11500
-14171
-16339
-17916
-18838
-19063
-18577
-17393
-15550
-13114
-10173
-6836
-3228
516
4256
7849
11158
14057
16436
18204
19292
0
0
0
0
0
0
0
0
0
0
0
0
0
0
0
0
0
0
0
0
0
0
0
0
0
0
0
0
0
0
0
0
0
0
0
0
0
0
0
0
0
0
0
0
0
0
0
0
0
0
0
0
0
0
0
0
0
0
0
0
0
0
0
0
0
0
0
-13106
-12858
-12121
-10925
-9316
-7355
-5118
-2692
-168
2355
4783
7023
8988
10606
11815
12571
12846
12633
11941
10800
9254
7366
5210
2868
433
-2003
-4346
-6508
-8407
-9972
-11146
-11887
-12170
-11987
-11349
-10285
-8837
-7065
-5040
-2839
-550
1739
3942
5976
7763
9239
10350
11056
11336
11181
10602
9626
8292
6655
4779
2739
612
-1519
-3576
-5480
-7162
-8560
-9624
-10318
-10618
-10518
-10024
-9159
-7957
-6467
-4747
-2861
-881
1119
3066
4889
6523
7908
8998
9754
10151
10178
9838
9144
8123
6816
5269
3540
1691
-212
-2103
-3916
-5587
-7059
-8282
-9216
-9830
-10103
-10029
-9612
-8867
-7819
-6507
-4975
-3274
-1462
399
2250
4028
5675
7138
8368
9325
9978
10306
10299
9956
9288
8316
7072
5593
3928
2129
253
-1640
-3491
-5241
-6833
-8215
-9345
-10183
-10703
-10886
-10724
-10221
-9391
-8257
-6853
-5223
-3416
-1489
498
2483
4404
6197
7807
9179
10269
11041
11467
11532
11232
10574
9576
8270
6694
4899
2940
881
-1213
-3276
-5240
-7042
-8623
-9932
-10925
-11571
-11848
-11747
-11272
-10438
-9273
-7815
-6114
-4224
-2209
-134
1931
3922
5773
7425
8826
9932
10712
11142
11214
10930
10305
9363
8142
6684
5044
3276
1442
-397
-2183
-3858
-5372
-6680
-7746
-8543
-9054
-9272
-9202
-8855
-8255
-7430
-6417
-5255
-3989
-2663
-1321
-6
1242
2392
3413
4285
4991
5523
5879
6064
6088
5964
5710
5346
4892
4371
3802
3203
2591
1978
1374
786
217
-330
-859
-1370
-1866
-2348
-2819
-3276
-3718
-4138
-4527
-4875
-5167
-5387
-5518
-5543
-5446
-5211
-4827
-4287
-3588
-2734
-1736
-610
617
1917
3253
4583
5861
7041
8075
8918
9529
9871
9915
9644
9047
8129
6904
5398
3652
1714
-355
-2492
-4623
-6673
-8569
-10239
-11616
-12643
-13273
-13473
-13223
-12521
-11380
-9830
-7915
-5696
-3245
-643
2018
4649
7155
9446
11438
13057
14243
14949
15146
14824
13991
12674
10919
8787
6353
3703
932
-1859
-4574
-7113
-9388
-11318
-12837
-13894
-14454
-14504
-14047
-13106
-11723
-9954
-7870
-5552
-3088
-573
1900
4244
6374
8216
9712
10814
11494
11738
11553
10959
9993
8705
7158
5420
3567
1675
-179
-1926
-3502
-4851
-5932
-6715
-7185
-7340
-7195
-6772
-6110
-5252
-4251
-3163
-2045
-952
64
959
1697
2251
2605
2755
2708
2483
2107
1613
1043
440
-149
-684
-1123
-1434
-1591
-1578
-1388
-1027
-510
138
884
1686
2500
3276
3966
4524
4909
5086
5030
4728
4177
3387
2379
1188
-141
-1559
-3004
-4414
-5724
-6874
-7806
-8469
-8825
-8845
-8516
-7839
-6828
-5515
-3942
-2168
-257
1715
3673
5537
7230
8681
9828
10619
11017
11001
10565
9721
8499
6942
5109
3072
908
-1296
-3456
-5484
-7300
-8833
-10020
-10817
-11191
-11130
-10639
-9738
-8467
-6880
-5044
-3034
-935
1167
3187
5043
6660
7976
8941
9519
9693
9462
8844
7871
6592
5066
3366
1568
-246
-1998
-3611
-5016
-6154
-6978
-7457
-7576
-7336
-6754
-5864
-4711
-3356
-1864
-309
1233
2689
3988
5069
5880
6383
6553
6383
5880
5069
3988
2689
1233
-309
-1864
-3356
-4711
-5864
-6754
-7336
-7576
-7457
-6978
-6154
-5016
-3611
-1998
-246
1568
3366
5066
6592
7871
8844
9462
9693
9519
8941
7976
6660
5043
3187
1167
-935
-3034
-5044
-6880
-8467
-9738
-10639
-11130
-11191
-10817
-10020
-8833
-7300
-5484
-3456
-1296
908
3072
5109
6942
8499
9721
10565
11001
11017
10619
9828
8681
7230
5537
3673
1715
-257
-2168
-3942
-5515
-6828
-7839
-8516
-8845
-8825
-8469
-7806
-6874
-5724
-4414
-3004
-1559
-141
1188
2379
3387
4177
4728
5030
5086
4909
4524
3966
3276
2500
1686
884
138
-510
-1027
-1388
-1578
-1591
-1434
-1123
-684
-149
440
1043
1613
2107
2483
2708
2755
2605
2251
1697
959
64
-952
-2045
-3163
-4251
-5252
-6110
-6772
-7195
-7340
-7185
-6715
-5932
-4851
-3502
-1926
-179
1675
3567
5420
7158
8705
9993
10959
11553
11738
11494
10814
9712
8216
6374
4244
1900
-573
-3088
-5552
-7870
-9954
-11723
-13106
-14047
-14504
-14454
-13894
-12837
-11318
-9388
-7113
-4574
-1859
932
3703
6353
8787
10919
12674
13991
14824
15146
14949
14243
13057
11438
9446
7155
4649
2018
-643
-3245
-5696
-7915
-9830
-11380
-12521
-13223
-13473
-13273
-12643
-11616
-10239
-8569
-6673
-4623
-2492
-355
1714
3652
5398
6904
8129
9047
9644
9915
9871
9529
8918
8075
7041
5861
4583
3253
1917
617
-610
-1736
-2734
-3588
-4287
-4827
-5211
-5446
-5543
-5518
-5387
-5167
-4875
-4527
-4138
-3718
-3276
-2819
-2348
-1866
-1370
-859
-330
217
786
1374
1978
2591
3203
3802
4371
4892
5346
5710
5964
6088
6064
5879
5523
4991
4285
3413
2392
1242
-6
-1321
-2663
-3989
-5255
-6417
-7430
-8255
-8855
-9202
-9272
-9054
-8543
-7746
-6680
-5372
-3858
-2183
-397
1442
3276
5044
6684
8142
9363
10305
10930
11214
11142
10712
9932
8826
7425
5773
3922
1931
-134
-2209
-4224
-6114
-7815
-9273
-10438
-11272
-11747
-11848
-11571
-10925
-9932
-8623
-7042
-5240
-3276
-1213
881
2940
4899
6694
8270
9576
10574
11232
11532
11467
11041
10269
9179
7807
6197
4404
2483
498
-1489
-3416
-5223
-6853
-8257
-9391
-10221
-10724
-10886
-10703
-10183
-9345
-8215
-6833
-5241
-3491
-1640
253
2129
3928
5593
7072
8316
9288
9956
10299
10306
9978
9325
8368
7138
5675
4028
2250
399
-1462
-3274
-4975
-6507
-7819
-8867
-9612
-10029
-10103
-9830
-9216
-8282
-7059
-5587
-3916
-2103
-212
1691
3540
5269
6816
8123
9144
9838
10178
10151
9754
8998
7908
6523
4889
3066
1119
-881
-2861
-4747
-6467
-7957
-9159
-10024
-10518
-10618
-10318
-9624
-8560
-7162
-5480
-3576
-1519
612
2739
4779
6655
8292
9626
10602
11181
11336
11056
10350
9239
7763
5976
3942
1739
-550
-2839
-5040
-7065
-8837
-10285
-11349
-11987
-12170
-11887
-11146
-9972
-8407
-6508
-4346
-2003
433
2868
5210
7366
9254
10800
11941
12633
12846
12571
11815
10606
8988
7023
4783
2355
-168
-2692
-5118
-7355
-9316
-10925
-12121
-12858
0
0
0
0
0
0
0
0
0
0
0
0
0
0
0
0
0
0
0
0
0
0
0
0
0
0
0
0
0
0
0
0
0
0
0
0
0
0
0
0
0
0
0
0
0
0
0
0
0
0
0
0
0
0
0
0
0
0
0
0
0
0
0
0
0
0
0
-6553
-6392
-5918
-5150
-4124
-2885
-1488
1
1519
2995
4360
5552
6514
7199
7570
7606
7299
6654
5693
4452
2976
1326
-434
-2231
-3991
-5640
-7107
-8327
-9245
-9817
-10013
-9817
-9228
-8262
-6949
-5334
-3475
-1438
700
2860
4961
6920
8662
10119
11231
11952
12251
12112
11534
10534
9143
7409
5391
3159
792
-1626
-4011
-6276
-8342
-10134
-11589
-12655
-13293
-13480
-13210
-12491
-11349
-9822
-7964
-5838
-3518
-1083
1384
3800
6085
8162
9963
11429
12515
13188
13428
13231
12608
11583
10194
8490
6530
4381
2113
-197
-2476
-4652
-6655
-8425
-9908
-11062
-11855
-12267
-12293
-11937
-11216
-10159
-8806
-7202
-5402
-3466
-1455
566
2536
4396
6089
7568
8791
9726
10349
10648
10619
10270
9618
8687
7513
6134
4598
2953
1252
-452
-2108
-3667
-5082
-6313
-7327
-8096
-8602
-8834
-8792
-8481
-7918
-7124
-6129
-4969
-3684
-2316
-912
483
1826
3075
4190
5139
5896
6439
6756
6844
6704
6347
5793
5064
4192
3211
2159
1075
0
-1029
-1975
-2806
-3495
-4021
-4370
-4534
-4515
-4318
-3960
-3461
-2847
-2149
-1400
-635
111
805
1416
1919
2292
2521
2597
2521
2298
1943
1476
923
312
-321
-945
-1524
-2025
-2419
-2681
-2792
-2741
-2523
-2143
-1611
-948
-180
660
1535
2404
3226
3959
4564
5006
5256
5293
5103
4683
4039
3186
2152
970
-317
-1661
-3011
-4310
-5505
-6544
-7378
-7967
-8279
-8291
-7992
-7384
-6479
-5304
-3895
-2298
-570
1227
3029
4768
6377
7793
8960
9830
10365
10540
10342
9775
8853
7606
6076
4316
2388
360
-1693
-3699
-5585
-7282
-8729
-9874
-10675
-11105
-11149
-10808
-10095
-9040
-7682
-6073
-4274
-2350
-371
1589
3464
5188
6702
7956
8914
9546
9841
9796
9423
8746
7798
6623
5271
3797
2257
710
-789
-2190
-3449
-4528
-5399
-6045
-6456
-6635
-6591
-6344
-5919
-5347
-4663
-3902
-3100
-2292
-1509
-778
-118
455
934
1318
1611
1823
1967
2060
2122
2169
2219
2286
2381
2509
2670
2859
3067
3276
3468
3620
3708
3707
3595
3353
2965
2424
1728
883
-93
-1179
-2342
-3543
-4737
-5877
-6910
-7786
-8458
-8883
-9024
-8855
-8361
-7538
-6397
-4962
-3270
-1371
674
2797
4920
6964
8848
10494
11830
12795
13336
13419
13023
12147
10807
9039
6896
4447
1773
-1030
-3864
-6623
-9203
-11505
-13437
-14920
-15891
-16305
-16137
-15384
-14066
-12223
-9916
-7226
-4249
-1091
2132
5301
8299
11013
13340
15193
16500
17210
17297
16755
15603
13885
11664
9023
6062
2892
-368
-3598
-6676
-9488
-11932
-13918
-15376
-16256
-16530
-16195
-15269
-13795
-11834
-9466
-6787
-3901
-920
2040
4870
7465
9731
11589
12977
13852
14192
13997
13286
12100
10496
8546
6334
3953
1499
-930
-3245
-5357
-7193
-8691
-9805
-10505
-10780
-10636
-10096
-9197
-7990
-6537
-4906
-3171
-1406
315
1927
3370
4595
5564
6253
6651
6758
6592
6177
5549
4751
3832
2842
1832
850
-60
-862
-1528
-2037
-2380
-2557
-2578
-2459
-2226
-1909
-1541
-1155
-785
-462
-212
-54
0
-54
-212
-462
-785
-1155
-1541
-1909
-2226
-2459
-2578
-2557
-2380
-2037
-1528
-862
-60
850
1832
2842
3832
4751
5549
6177
6592
6758
6651
6253
5564
4595
3370
1927
315
-1406
-3171
-4906
-6537
-7990
-9197
-10096
-10636
-10780
-10505
-9805
-8691
-7193
-5357
-3245
-930
1499
3953
6334
8546
10496
12100
13286
13997
14192
13852
12977
11589
9731
7465
4870
2040
-920
-3901
-6787
-9466
-11834
-13795
-15269
-16195
-16530
-16256
-15376
-13918
-11932
-9488
-6676
-3598
-368
2892
6062
9023
11664
13885
15603
16755
17297
17210
16500
15193
13340
11013
8299
5301
2132
-1091
-4249
-7226
-9916
-12223
-14066
-15384
-16137
-16305
-15891
-14920
-13437
-11505
-9203
-6623
-3864
-1030
1773
4447
6896
9039
10807
12147
13023
13419
13336
12795
11830
10494
8848
6964
4920
2797
674
-1371
-3270
-4962
-6397
-7538
-8361
-8855
-9024
-8883
-8458
-7786
-6910
-5877
-4737
-3543
-2342
-1179
-93
883
1728
2424
2965
3353
3595
3707
3708
3620
3468
3276
3067
2859
2670
2509
2381
2286
2219
2169
2122
2060
1967
1823
1611
1318
934
455
-118
-778
-1509
-2292
-3100
-3902
-4663
-5347
-5919
-6344
-6591
-6635
-6456
-6045
-5399
-4528
-3449
-2190
-789
710
2257
3797
5271
6623
7798
8746
9423
9796
9841
9546
8914
7956
6702
5188
3464
1589
-371
-2350
-4274
-6073
-7682
-9040
-10095
-10808
-11149
-11105
-10675
-9874
-8729
-7282
-5585
-3699
-1693
360
2388
4316
6076
7606
8853
9775
10342
10540
10365
9830
8960
7793
6377
4768
3029
1227
-570
-2298
-3895
-5304
-6479
-7384
-7992
-8291
-8279
-7967
-7378
-6544
-5505
-4310
-3011
-1661
-317
970
2152
3186
4039
4683
5103
5293
5256
5006
4564
3959
3226
2404
1535
660
-180
-948
-1611
-2143
-2523
-2741
-2792
-2681
-2419
-2025
-1524
-945
-321
312
923
1476
1943
2298
2521
2597
2521
2292
1919
1416
805
111
-635
-1400
-2149
-2847
-3461
-3960
-4318
-4515
-4534
-4370
-4021
-3495
-2806
-1975
-1029
0
1075
2159
3211
4192
5064
5793
6347
6704
6844
6756
6439
5896
5139
4190
3075
1826
483
-912
-2316
-3684
-4969
-6129
-7124
-7918
-8481
-8792
-8834
-8602
-8096
-7327
-6313
-5082
-3667
-2108
-452
1252
2953
4598
6134
7513
8687
9618
10270
10619
10648
10349
9726
8791
7568
6089
4396
2536
566
-1455
-3466
-5402
-7202
-8806
-10159
-11216
-11937
-12293
-12267
-11855
-11062
-9908
-8425
-6655
-4652
-2476
-197
2113
4381
6530
8490
10194
11583
12608
13231
13428
13188
12515
11429
9963
8162
6085
3800
1384
-1083
-3518
-5838
-7964
-9822
-11349
-12491
-13210
-13480
-13293
-12655
-11589
-10134
-8342
-6276
-4011
-1626
792
3159
5391
7409
9143
10534
11534
12112
12251
11952
11231
10119
8662
6920
4961
2860
700
-1438
-3475
-5334
-6949
-8262
-9228
-9817
-10013
-9817
-9245
-8327
-7107
-5640
-3991
-2231
-434
1326
2976
4452
5693
6654
7299
7606
7570
7199
6514
5552
4360
2995
1519
1
-1488
-2885
-4124
-5150
-5918
-6392
0
0
0
0
0
0
0
0
0
0
0
0
0
0
0
0
0
0
0
0
0
0
0
0
0
0
0
0
0
0
0
0
0
0
0
0
0
0
0
0
0
0
0
0
0
0
0
0
0
0
0
0
0
0
0
0
0
0
0
0
0
0
0
0
0
0
0
13106
12826
11998
10657
8858
6678
4208
1551
-1179
-3870
-6408
-8685
-10606
-12090
-13072
-13512
-13388
-12705
-11489
-9789
-7674
-5229
-2555
239
3041
5736
8214
10374
12128
13405
14153
14342
13963
13033
11587
9684
7399
4823
2058
-788
-3604
-6280
-8713
-10810
-12493
-13699
-14386
-14531
-14134
-13215
-11814
-9989
-7814
-5375
-2767
-89
2557
5074
7373
9370
11001
12211
12968
13252
13067
12430
11376
9957
8233
6275
4161
1972
-213
-2317
-4269
-6009
-7483
-8653
-9494
-9993
-10151
-9981
-9507
-8763
-7791
-6639
-5355
-3992
-2599
-1223
94
1319
2420
3379
4181
4822
5301
5627
5811
5867
5813
5667
5444
5162
4831
4462
4061
3629
3167
2671
2136
1557
928
245
-491
-1280
-2114
-2982
-3867
-4746
-5593
-6379
-7070
-7633
-8034
-8241
-8227
-7971
-7457
-6680
-5644
-4363
-2863
-1178
644
2552
4483
6371
8148
9744
11096
12141
12830
13120
12984
12408
11395
9964
8148
6000
3582
973
-1742
-4471
-7118
-9586
-11784
-13629
-15047
-15979
-16383
-16234
-15529
-14283
-12531
-10329
-7749
-4877
-1811
1340
4470
7465
10220
12636
14626
16119
17060
17415
17172
16340
14949
13049
10709
8014
5061
1956
-1189
-4264
-7161
-9778
-12026
-13830
-15131
-15891
-16090
-15731
-14835
-13444
-11617
-9428
-6962
-4313
-1580
1136
3740
6141
8259
10024
11385
12304
12763
12759
12309
11445
10214
8674
6893
4948
2917
878
-1092
-2923
-4554
-5933
-7021
-7790
-8230
-8341
-8139
-7648
-6907
-5960
-4858
-3657
-2412
-1177
-5
1059
1979
2725
3276
3624
3769
3721
3499
3129
2644
2078
1471
860
282
-229
-648
-951
-1124
-1161
-1064
-840
-508
-89
389
896
1399
1864
2259
2558
2735
2772
2658
2390
1970
1411
731
-44
-886
-1758
-2623
-3442
-4179
-4797
-5266
-5558
-5655
-5544
-5221
-4691
-3966
-3068
-2025
-870
354
1608
2846
4021
5091
6015
6757
7288
7584
7632
7425
6967
6271
5355
4250
2989
1614
169
-1298
-2740
-4108
-5357
-6445
-7337
-8002
-8418
-8569
-8452
-8067
-7428
-6553
-5469
-4211
-2818
-1333
197
1725
3204
4587
5831
6899
7755
8375
8739
8836
8662
8222
7531
6608
5481
4186
2760
1249
-302
-1846
-3336
-4725
-5971
-7034
-7882
-8487
-8831
-8900
-8694
-8216
-7481
-6510
-5334
-3988
-2515
-959
628
2198
3700
5086
6309
7331
8117
8640
8882
8834
8497
7880
7003
5895
4591
3135
1575
-35
-1642
-3191
-4629
-5905
-6976
-7804
-8361
-8625
-8589
-8252
-7628
-6737
-5613
-4295
-2831
-1274
318
1891
3384
4745
5922
6874
7566
7973
8080
7885
7397
6636
5630
4420
3053
1583
65
-1440
-2875
-4185
-5319
-6233
-6893
-7275
-7366
-7162
-6674
-5924
-4943
-3772
-2460
-1059
371
1774
3093
4272
5266
6034
6545
6781
6731
6401
5804
4967
3926
2726
1416
52
-1306
-2604
-3787
-4805
-5615
-6183
-6486
-6512
-6260
-5741
-4978
-4003
-2858
-1592
-258
1085
2383
3579
4622
5468
6082
6436
6516
6319
5852
5136
4201
3087
1841
516
-830
-2143
-3366
-4446
-5337
-6003
-6414
-6553
-6414
-6003
-5337
-4446
-3366
-2143
-830
516
1841
3087
4201
5136
5852
6319
6516
6436
6082
5468
4622
3579
2383
1085
-258
-1592
-2858
-4003
-4978
-5741
-6260
-6512
-6486
-6183
-5615
-4805
-3787
-2604
-1306
52
1416
2726
3926
4967
5804
6401
6731
6781
6545
6034
5266
4272
3093
1774
371
-1059
-2460
-3772
-4943
-5924
-6674
-7162
-7366
-7275
-6893
-6233
-5319
-4185
-2875
-1440
65
1583
3053
4420
5630
6636
7397
7885
8080
7973
7566
6874
5922
4745
3384
1891
318
-1274
-2831
-4295
-5613
-6737
-7628
-8252
-8589
-8625
-8361
-7804
-6976
-5905
-4629
-3191
-1642
-35
1575
3135
4591
5895
7003
7880
8497
8834
8882
8640
8117
7331
6309
5086
3700
2198
628
-959
-2515
-3988
-5334
-6510
-7481
-8216
-8694
-8900
-8831
-8487
-7882
-7034
-5971
-4725
-3336
-1846
-302
1249
2760
4186
5481
6608
7531
8222
8662
8836
8739
8375
7755
6899
5831
4587
3204
1725
197
-1333
-2818
-4211
-5469
-6553
-7428
-8067
-8452
-8569
-8418
-8002
-7337
-6445
-5357
-4108
-2740
-1298
169
1614
2989
4250
5355
6271
6967
7425
7632
7584
7288
6757
6015
5091
4021
2846
1608
354
-870
-2025
-3068
-3966
-4691
-5221
-5544
-5655
-5558
-5266
-4797
-4179
-3442
-2623
-1758
-886
-44
731
1411
1970
2390
2658
2772
2735
2558
2259
1864
1399
896
389
-89
-508
-840
-1064
-1161
-1124
-951
-648
-229
282
860
1471
2078
2644
3129
3499
3721
3769
3624
3276
2725
1979
1059
-5
-1177
-2412
-3657
-4858
-5960
-6907
-7648
-8139
-8341
-8230
-7790
-7021
-5933
-4554
-2923
-1092
878
2917
4948
6893
8674
10214
11445
12309
12759
12763
12304
11385
10024
8259
6141
3740
1136
-1580
-4313
-6962
-9428
-11617
-13444
-14835
-15731
-16090
-15891
-15131
-13830
-12026
-9778
-7161
-4264
-1189
1956
5061
8014
10709
13049
14949
16340
17172
17415
17060
16119
14626
12636
10220
7465
4470
1340
-1811
-4877
-7749
-10329
-12531
-14283
-15529
-16234
-16383
-15979
-15047
-13629
-11784
-9586
-7118
-4471
-1742
973
3582
6000
8148
9964
11395
12408
12984
13120
12830
12141
11096
9744
8148
6371
4483
2552
644
-1178
-2863
-4363
-5644
-6680
-7457
-7971
-8227
-8241
-8034
-7633
-7070
-6379
-5593
-4746
-3867
-2982
-2114
-1280
-491
245
928
1557
2136
2671
3167
3629
4061
4462
4831
5162
5444
5667
5813
5867
5811
5627
5301
4822
4181
3379
2420
1319
94
-1223
-2599
-3992
-5355
-6639
-7791
-8763
-9507
-9981
-10151
-9993
-9494
-8653
-7483
-6009
-4269
-2317
-213
1972
4161
6275
8233
9957
11376
12430
13067
13252
12968
12211
11001
9370
7373
5074
2557
-89
-2767
-5375
-7814
-9989
-11814
-13215
-14134
-14531
-14386
-13699
-12493
-10810
-8713
-6280
-3604
-788
2058
4823
7399
9684
11587
13033
13963
14342
14153
13405
12128
10374
8214
5736
3041
239
-2555
-5229
-7674
-9789
-11489
-12705
-13388
-13512
-13072
-12090
-10606
-8685
-6408
-3870
-1179
1551
4208
6678
8858
10657
11998
12826
0
0
0
0
0
0
0
0
0
0
0
0
0
0
0
0
0
0
0
0
0
0
0
0
0
0
0
0
0
0
0
0
0
0
0
0
0
0
0
0
0
0
0
0
0
0
0
0
0
0
0
0
0
0
0
0
0
0
0
0
0
0
0
0
0
0
0
0
43
171
375
639
945
1269
1586
1870
2095
2237
2276
2195
1984
1641
1168
577
-115
-884
-1701
-2531
-3337
-4081
-4725
-5235
-5577
-5727
-5665
-5381
-4874
-4150
-3228
-2133
-901
426
1802
3175
4491
5697
6743
7583
8177
8495
8515
8227
7634
6747
5593
4207
2635
930
-846
-2633
-4362
-5970
-7395
-8583
-9486
-10066
-10298
-10169
-9678
-8838
-7677
-6233
-4555
-2701
-737
1267
3240
5112
6813
8284
9470
10328
10826
10946
10683
10046
9057
7752
6177
4388
2449
429
-1601
-3569
-5405
-7047
-8435
-9524
-10276
-10666
-10683
-10329
-9618
-8578
-7247
-5675
-3917
-2037
-102
1821
3666
5369
6871
8122
9082
9719
10015
9962
9565
8841
7818
6534
5036
3376
1613
-189
-1973
-3674
-5236
-6606
-7738
-8597
-9154
-9393
-9307
-8900
-8190
-7201
-5968
-4535
-2950
-1268
453
2156
3782
5277
6590
7676
8499
9030
9251
9153
8740
8024
7028
5785
4336
2728
1016
-742
-2489
-4163
-5708
-7069
-8198
-9054
-9606
-9830
-9715
-9262
-8481
-7395
-6039
-4454
-2692
-811
1123
3047
4894
6597
8096
9336
10268
10856
11074
10907
10356
9434
8166
6592
4762
2734
579
-1630
-3819
-5907
-7822
-9491
-10853
-11855
-12455
-12627
-12358
-11651
-10526
-9014
-7167
-5043
-2714
-261
2229
4672
6978
9065
10856
12283
13294
13847
13919
13503
12610
11268
9522
7431
5067
2513
-140
-2800
-5371
-7762
-9886
-11667
-13042
-13960
-14390
-14315
-13739
-12684
-11188
-9306
-7107
-4670
-2085
555
3157
5627
7877
9830
11417
12587
13302
13542
13305
12606
11478
9969
8138
6059
3810
1477
-853
-3098
-5178
-7021
-8566
-9766
-10586
-11008
-11029
-10662
-9932
-8881
-7558
-6023
-4342
-2585
-819
886
2472
3883
5074
6011
6672
7048
7141
6966
6548
5921
5125
4207
3215
2198
1203
274
-554
-1251
-1797
-2180
-2397
-2457
-2374
-2170
-1874
-1519
-1137
-764
-431
-166
6
70
18
-149
-427
-799
-1241
-1725
-2219
-2685
-3089
-3395
-3572
-3593
-3440
-3101
-2575
-1869
-1002
0
1101
2260
3428
4554
5587
6475
7172
7637
7838
7753
7369
6689
5725
4503
3062
1449
-277
-2057
-3821
-5501
-7030
-8345
-9392
-10123
-10505
-10516
-10150
-9413
-8327
-6931
-5271
-3407
-1408
653
2699
4656
6449
8012
9286
10227
10800
10986
10782
10198
9261
8009
6494
4776
2924
1008
-896
-2721
-4399
-5869
-7084
-8005
-8606
-8877
-8818
-8446
-7789
-6884
-5779
-4528
-3188
-1818
-476
784
1916
2881
3649
4202
4531
4642
4548
4274
3850
3314
2709
2077
1460
896
421
59
-169
-258
-206
-26
262
632
1049
1475
1868
2189
2398
2463
2358
2065
1578
901
49
-950
-2060
-3235
-4421
-5559
-6591
-7456
-8099
-8472
-8534
-8257
-7629
-6649
-5334
-3716
-1843
224
2414
4645
6829
8878
10703
12222
13361
14059
14269
13963
13133
11791
9968
7718
5110
2234
-812
-3918
-6970
-9853
-12454
-14670
-16410
-17601
-18186
-18133
-17432
-16099
-14172
-11715
-8810
-5558
-2074
1516
5084
8499
11634
14376
16622
18288
19314
19660
19314
18288
16622
14376
11634
8499
5084
1516
-2074
-5558
-8810
-11715
-14172
-16099
-17432
-18133
-18186
-17601
-16410
-14670
-12454
-9853
-6970
-3918
-812
2234
5110
7718
9968
11791
13133
13963
14269
14059
13361
12222
10703
8878
6829
4645
2414
224
-1843
-3716
-5334
-6649
-7629
-8257
-8534
-8472
-8099
-7456
-6591
-5559
-4421
-3235
-2060
-950
49
901
1578
2065
2358
2463
2398
2189
1868
1475
1049
632
262
-26
-206
-258
-169
59
421
896
1460
2077
2709
3314
3850
4274
4548
4642
4531
4202
3649
2881
1916
784
-476
-1818
-3188
-4528
-5779
-6884
-7789
-8446
-8818
-8877
-8606
-8005
-7084
-5869
-4399
-2721
-896
1008
2924
4776
6494
8009
9261
10198
10782
10986
10800
10227
9286
8012
6449
4656
2699
653
-1408
-3407
-5271
-6931
-8327
-9413
-10150
-10516
-10505
-10123
-9392
-8345
-7030
-5501
-3821
-2057
-277
1449
3062
4503
5725
6689
7369
7753
7838
7637
7172
6475
5587
4554
3428
2260
1101
0
-1002
-1869
-2575
-3101
-3440
-3593
-3572
-3395
-3089
-2685
-2219
-1725
-1241
-799
-427
-149
18
70
6
-166
-431
-764
-1137
-1519
-1874
-2170
-2374
-2457
-2397
-2180
-1797
-1251
-554
274
1203
2198
3215
4207
5125
5921
6548
6966
7141
7048
6672
6011
5074
3883
2472
886
-819
-2585
-4342
-6023
-7558
-8881
-9932
-10662
-11029
-11008
-10586
-9766
-8566
-7021
-5178
-3098
-853
1477
3810
6059
8138
9969
11478
12606
13305
13542
13302
12587
11417
9830
7877
5627
3157
555
-2085
-4670
-7107
-9306
-11188
-12684
-13739
-14315
-14390
-13960
-13042
-11667
-9886
-7762
-5371
-2800
-140
2513
5067
7431
9522
11268
12610
13503
13919
13847
13294
12283
10856
9065
6978
4672
2229
-261
-2714
-5043
-7167
-9014
-10526
-11651
-12358
-12627
-12455
-11855
-10853
-9491
-7822
-5907
-3819
-1630
579
2734
4762
6592
8166
9434
10356
10907
11074
10856
10268
9336
8096
6597
4894
3047
1123
-811
-2692
-4454
-6039
-7395
-8481
-9262
-9715
-9830
-9606
-9054
-8198
-7069
-5708
-4163
-2489
-742
1016
2728
4336
5785
7028
8024
8740
9153
9251
9030
8499
7676
6590
5277
3782
2156
453
-1268
-2950
-4535
-5968
-7201
-8190
-8900
-9307
-9393
-9154
-8597
-7738
-6606
-5236
-3674
-1973
-189
1613
3376
5036
6534
7818
8841
9565
9962
10015
9719
9082
8122
6871
5369
3666
1821
-102
-2037
-3917
-5675
-7247
-8578
-9618
-10329
-10683
-10666
-10276
-9524
-8435
-7047
-5405
-3569
-1601
429
2449
4388
6177
7752
9057
10046
10683
10946
10826
10328
9470
8284
6813
5112
3240
1267
-737
-2701
-4555
-6233
-7677
-8838
-9678
-10169
-10298
-10066
-9486
-8583
-7395
-5970
-4362
-2633
-846
930
2635
4207
5593
6747
7634
8227
8515
8495
8177
7583
6743
5697
4491
3175
1802
426
-901
-2133
-3228
-4150
-4874
-5381
-5665
-5727
-5577
-5235
-4725
-4081
-3337
-2531
-1701
-884
-115
577
1168
1641
1984
2195
2276
2237
2095
1870
1586
1269
945
639
375
171
43
0
0
0
0
0
0
0
0
0
0
0
0
0
0
0
0
0
0
0
0
0
0
0
0
0
0
0
0
0
0
0
0
0
0
0
0
0
0
0
0
0
0
0
0
0
0
0
0
0
0
0
0
0
0
0
0
0
0
0
0
0
0
0
0
0
0
0
0
-76
-300
-654
-1114
-1644
-2204
-2749
-3232
-3608
-3834
-3877
-3708
-3312
-2684
-1834
-781
439
1784
3198
4620
5985
7223
8271
9067
9558
9703
9473
8855
7852
6484
4788
2818
639
-1668
-4019
-6319
-8477
-10399
-12002
-13210
-13964
-14219
-13950
-13151
-11840
-10054
-7849
-5301
-2501
449
3439
6356
9085
11520
13563
15129
16154
16592
16418
15635
14265
12358
9981
7223
4186
986
-2255
-5415
-8373
-11015
-13239
-14962
-16118
-16664
-16581
-15874
-14574
-12735
-10430
-7752
-4808
-1714
1407
4435
7252
9750
11834
13429
14476
14942
14817
14113
12868
11139
9003
6553
3892
1132
-1613
-4233
-6621
-8686
-10346
-11541
-12230
-12393
-12034
-11176
-9865
-8164
-6152
-3921
-1570
798
3083
5186
7019
8508
9591
10227
10395
10093
9340
8174
6651
4841
2826
697
-1450
-3523
-5428
-7084
-8418
-9372
-9905
-9995
-9637
-8847
-7658
-6123
-4305
-2283
-143
2025
4129
6080
7794
9199
10236
10857
11037
10765
10050
8918
7413
5594
3532
1307
-991
-3276
-5457
-7447
-9171
-10560
-11561
-12134
-12258
-11927
-11154
-9967
-8410
-6542
-4431
-2156
200
2554
4819
6915
8768
10315
11502
12290
12656
12589
12097
11199
9932
8341
6484
4427
2241
0
-2221
-4350
-6318
-8065
-9537
-10691
-11497
-11935
-11997
-11689
-11026
-10036
-8755
-7228
-5506
-3644
-1700
266
2198
4038
5736
7247
8529
9552
10292
10733
10868
10698
10235
9494
8499
7282
5878
4325
2668
951
-780
-2481
-4107
-5615
-6967
-8128
-9069
-9764
-10196
-10352
-10230
-9830
-9162
-8243
-7095
-5749
-4239
-2605
-890
857
2592
4264
5826
7233
8443
9420
10133
10559
10682
10497
10004
9217
8155
6847
5331
3651
1856
0
-1860
-3669
-5369
-6909
-8240
-9319
-10113
-10596
-10753
-10579
-10080
-9273
-8183
-6846
-5307
-3616
-1827
1
1809
3540
5138
6553
7742
8670
9310
9646
9673
9396
8830
7999
6937
5684
4285
2791
1253
-277
-1751
-3120
-4345
-5390
-6227
-6838
-7211
-7346
-7249
-6933
-6421
-5740
-4920
-3998
-3009
-1990
-976
0
909
1727
2435
3020
3473
3793
3984
4053
4012
3876
3662
3387
3071
2728
2376
2025
1685
1364
1064
786
527
283
46
-188
-430
-685
-956
-1249
-1562
-1892
-2234
-2579
-2914
-3225
-3497
-3711
-3851
-3901
-3845
-3674
-3378
-2956
-2408
-1743
-973
-117
800
1753
2709
3634
4493
5252
5879
6342
6619
6688
6539
6166
5573
4772
3782
2633
1359
0
-1398
-2788
-4120
-5346
-6420
-7302
-7954
-8350
-8471
-8307
-7859
-7138
-6165
-4970
-3592
-2077
-476
1154
2760
4284
5672
6876
7852
8566
8992
9115
8929
8441
7667
6635
5380
3946
2383
745
-910
-2528
-4052
-5431
-6618
-7575
-8271
-8684
-8804
-8628
-8167
-7439
-6472
-5301
-3969
-2521
-1009
517
2005
3408
4679
5779
6675
7340
7757
7917
7819
7470
6888
6095
5119
3997
2766
1468
144
-1162
-2412
-3567
-4593
-5460
-6146
-6632
-6908
-6968
-6815
-6456
-5907
-5185
-4315
-3325
-2245
-1109
50
1199
2305
3334
4259
5054
5696
6168
6456
6553
6456
6168
5696
5054
4259
3334
2305
1199
50
-1109
-2245
-3325
-4315
-5185
-5907
-6456
-6815
-6968
-6908
-6632
-6146
-5460
-4593
-3567
-2412
-1162
144
1468
2766
3997
5119
6095
6888
7470
7819
7917
7757
7340
6675
5779
4679
3408
2005
517
-1009
-2521
-3969
-5301
-6472
-7439
-8167
-8628
-8804
-8684
-8271
-7575
-6618
-5431
-4052
-2528
-910
745
2383
3946
5380
6635
7667
8441
8929
9115
8992
8566
7852
6876
5672
4284
2760
1154
-476
-2077
-3592
-4970
-6165
-7138
-7859
-8307
-8471
-8350
-7954
-7302
-6420
-5346
-4120
-2788
-1398
0
1359
2633
3782
4772
5573
6166
6539
6688
6619
6342
5879
5252
4493
3634
2709
1753
800
-117
-973
-1743
-2408
-2956
-3378
-3674
-3845
-3901
-3851
-3711
-3497
-3225
-2914
-2579
-2234
-1892
-1562
-1249
-956
-685
-430
-188
46
283
527
786
1064
1364
1685
2025
2376
2728
3071
3387
3662
3876
4012
4053
3984
3793
3473
3020
2435
1727
909
0
-976
-1990
-3009
-3998
-4920
-5740
-6421
-6933
-7249
-7346
-7211
-6838
-6227
-5390
-4345
-3120
-1751
-277
1253
2791
4285
5684
6937
7999
8830
9396
9673
9646
9310
8670
7742
6553
5138
3540
1809
1
-1827
-3616
-5307
-6846
-8183
-9273
-10080
-10579
-10753
-10596
-10113
-9319
-8240
-6909
-5369
-3669
-1860
0
1856
3651
5331
6847
8155
9217
10004
10497
10682
10559
10133
9420
8443
7233
5826
4264
2592
857
-890
-2605
-4239
-5749
-7095
-8243
-9162
-9830
-10230
-10352
-10196
-9764
-9069
-8128
-6967
-5615
-4107
-2481
-780
951
2668
4325
5878
7282
8499
9494
10235
10698
10868
10733
10292
9552
8529
7247
5736
4038
2198
266
-1700
-3644
-5506
-7228
-8755
-10036
-11026
-11689
-11997
-11935
-11497
-10691
-9537
-8065
-6318
-4350
-2221
0
2241
4427
6484
8341
9932
11199
12097
12589
12656
12290
11502
10315
8768
6915
4819
2554
200
-2156
-4431
-6542
-8410
-9967
-11154
-11927
-12258
-12134
-11561
-10560
-9171
-7447
-5457
-3276
-991
1307
3532
5594
7413
8918
10050
10765
11037
10857
10236
9199
7794
6080
4129
2025
-143
-2283
-4305
-6123
-7658
-8847
-9637
-9995
-9905
-9372
-8418
-7084
-5428
-3523
-1450
697
2826
4841
6651
8174
9340
10093
10395
10227
9591
8508
7019
5186
3083
798
-1570
-3921
-6152
-8164
-9865
-11176
-12034
-12393
-12230
-11541
-10346
-8686
-6621
-4233
-1613
1132
3892
6553
9003
11139
12868
14113
14817
14942
14476
13429
11834
9750
7252
4435
1407
-1714
-4808
-7752
-10430
-12735
-14574
-15874
-16581
-16664
-16118
-14962
-13239
-11015
-8373
-5415
-2255
986
4186
7223
9981
12358
14265
15635
16418
16592
16154
15129
13563
11520
9085
6356
3439
449
-2501
-5301
-7849
-10054
-11840
-13151
-13950
-14219
-13964
-13210
-12002
-10399
-8477
-6319
-4019
-1668
639
2818
4788
6484
7852
8855
9473
9703
9558
9067
8271
7223
5985
4620
3198
1784
439
-781
-1834
-2684
-3312
-3708
-3877
-3834
-3608
-3232
-2749
-2204
-1644
-1114
-654
-300
-76
0
0
0
0
0
0
0
0
0
0
0
0
0
0
0
0
0
0
0
0
0
0
0
0
0
0
0
0
0
0
0
0
0
0
0
0
0
0
0
0
0
0
0
0
0
0
0
0
0
0
0
0
0
0
0
0
0
0
0
0
0
0
0
0
0
0
0
