0
4278
8485
12550
16402
19973
23203
26035
28419
30314
31684
32507
32766
32456
31581
30156
28203
25758
22860
19561
15917
11991
7852
3573
-771
-5106
-9352
-13436
-17284
-20829
-24006
-26759
-29038
-30801
-32015
-32660
-32720
-32196
-31094
-29434
-27244
-24563
-21439
-17925
-14087
-9991
-5712
-1327
3083
7441
11667
15683
19415
22796
25762
28259
30239
31667
32514
32764
32412
31462
29931
27847
25247
22178
18696
14865
10755
6443
2009
-2465
-6896
-11201
-15299
-19113
-22570
-25606
-28162
-30190
-31650
-32514
-32764
-32394
-31411
-29832
-27686
-25012
-21861
-18292
-14372
-10175
-5781
-1274
3259
7733
12062
16161
19951
23359
26318
28771
30668
31973
32659
32711
32127
30919
29107
26727
23823
20452
16679
12577
8226
3711
-879
-5455
-9926
-14204
-18204
-21846
-25058
-27775
-29942
-31516
-32464
-32766
-32415
-31417
-29790
-27567
-24790
-21514
-17805
-13736
-9388
-4849
-209
4437
8997
13377
17489
21248
24578
27411
29687
31359
32393
32765
32468
31507
29899
27676
24884
21579
17828
13707
9301
4700
0
-4703
-9311
-13729
-17864
-21629
-24947
-27746
-29968
-31566
-32503
-32761
-32332
-31225
-29460
-27076
-24119
-20653
-16748
-12488
-7961
-3263
1506
6246
10856
15238
19298
22949
26112
28719
30713
32051
32702
32651
31900
30461
28366
25658
22395
18646
14492
10022
5332
524
-4298
-9029
-13567
-17811
-21669
-25055
-27896
-30127
-31699
-32577
-32739
-32182
-30916
-28967
-26379
-23206
-19519
-15397
-10932
-6222
-1372
3511
8320
12945
17284
21240
24723
27655
29968
31611
32545
32748
32214
30954
28995
26381
23169
19431
15252
10724
5950
1038
-3899
-8751
-13405
-17757
-21705
-25159
-28038
-30277
-31822
-32637
-32702
-32014
-30588
-28456
-25665
-22280
-18377
-14047
-9388
-4509
477
5455
10308
14924
19194
23018
26305
28979
30974
32243
32756
32498
31476
29711
27244
24133
20449
16280
11722
6884
1880
-3170
-8148
-12935
-17416
-21484
-25041
-28000
-30291
-31856
-32659
-32677
-31909
-30373
-28105
-25157
-21600
-17520
-13013
-8189
-3163
1941
7001
11893
16499
20705
24407
27516
29953
31659
32589
32721
32049
30590
28377
25463
21921
17836
13307
8448
3377
-1780
-6896
-11843
-16499
-20746
-24479
-27603
-30040
-31727
-32621
-32699
-31957
-30413
-28105
-25088
-21439
-17247
-12618
-7668
-2522
2689
7836
12787
17416
21605
25247
28248
30530
32035
32723
32574
31592
29801
27244
23987
20112
15718
10917
5832
595
-4660
-9798
-14685
-19194
-23208
-26622
-29345
-31307
-32455
-32757
-32206
-30813
-28614
-25665
-22043
-17841
-13169
-8148
-2911
2405
7661
12717
17440
21705
25397
28419
30689
32146
32750
32483
31352
29385
26633
23169
19084
14487
9500
4255
-1105
-6439
-11603
-16457
-20870
-24723
-27911
-30346
-31961
-32712
-32578
-31559
-29684
-27001
-23582
-19519
-14922
-9916
-4636
771
6162
11386
16301
20770
24671
27896
30354
31977
32719
32558
31498
29565
26813
23317
19172
14492
9407
4058
-1405
-6833
-12073
-16978
-21411
-25247
-28377
-30713
-32188
-32760
-32410
-31148
-29007
-26047
-22351
-18021
-13179
-7961
-2516
3003
8440
13640
18454
22745
26389
29282
31340
32503
32737
32033
30409
27913
24613
20604
16000
10932
5547
0
-5550
-10942
-16021
-20637
-24657
-27963
-30458
-32068
-32745
-32468
-31244
-29107
-26118
-22364
-17952
-13013
-7689
-2137
3479
8997
14252
19090
23367
26955
29748
31662
32640
32650
31691
29790
27003
23411
19119
14256
8965
3403
-2262
-7862
-13230
-18204
-22633
-26385
-29345
-31423
-32556
-32707
-31871
-30072
-27362
-23823
-19561
-14703
-9397
-3803
1908
7565
12994
18030
22517
26318
29316
31419
32559
32702
31841
30001
27238
23635
19302
14372
8996
3339
-2422
-8112
-13553
-18577
-23026
-26761
-29667
-31650
-32648
-32629
-31591
-29565
-26615
-22829
-18327
-13249
-7752
-2009
3799
9491
14886
19815
24120
27666
30338
32052
32751
32412
31044
28690
25423
21345
16586
11295
5642
-193
-6025
-11667
-16938
-21669
-25706
-28920
-31206
-32489
-32726
-31909
-30063
-27244
-23544
-19081
-13998
-8460
-2644
3259
9060
14569
19606
24006
27626
30346
32075
32756
32366
30916
28451
25051
20827
15917
10480
4696
-1244
-7147
-12817
-18065
-22719
-26622
-29644
-31684
-32674
-32578
-31398
-29173
-25975
-21909
-17110
-11737
-5969
0
5972
11747
17130
21941
26016
29217
31436
32596
32657
31615
29504
26395
22390
17625
12260
6476
470
-5554
-11392
-16845
-21726
-25867
-29127
-31393
-32585
-32662
-31619
-29491
-26349
-22301
-17483
-12062
-6222
-166
5898
11762
17222
22088
26191
29387
31566
32648
32597
31411
29131
25835
21636
16679
11138
5205
-912
-7001
-12847
-18244
-23003
-26955
-29960
-31912
-32739
-32412
-30940
-28374
-24803
-20353
-15179
-9465
-3413
2763
8843
14612
19863
24407
28083
30758
32334
32755
32003
30103
27124
23169
18381
12929
7010
836
-5370
-11386
-16993
-21989
-26191
-29446
-31636
-32680
-32538
-31214
-28754
-25247
-20819
-15630
-9868
-3744
2518
8692
14551
19879
24480
28184
30855
32393
32739
31880
29845
26709
22585
17625
12011
5950
-333
-6607
-12639
-18204
-23094
-27128
-30152
-32055
-32763
-32248
-30528
-27666
-23767
-18976
-13473
-7461
-1167
5173
11322
17047
22132
26385
29644
31785
32724
32427
30901
28203
24435
19738
14288
8294
1981
-4409
-10635
-16457
-21654
-26025
-29402
-31656
-32697
-32485
-31027
-28377
-24634
-19943
-14481
-8460
-2109
4324
10594
16457
21686
26077
29459
31699
32710
32451
30929
28203
24378
19601
14056
7961
1552
-4919
-11201
-17047
-22227
-26537
-29806
-31906
-32751
-32307
-30590
-27666
-23648
-18696
-13002
-6791
-309
6187
12441
18204
23246
27366
30398
32222
32762
31995
29951
26709
22398
17189
11289
4935
-1619
-8112
-14281
-19879
-24678
-28486
-31147
-32552
-32643
-31416
-28917
-25247
-20553
-15023
-8882
-2378
4225
10659
16662
21989
26421
29777
31918
32756
32254
30432
27362
23169
18024
12137
5748
-879
-7473
-13762
-19485
-24407
-28323
-31070
-32533
-32650
-31414
-28875
-25136
-20353
-14721
-8475
-1874
4807
11292
17307
22602
26955
30182
32146
32765
32010
29911
26556
22083
16679
10571
4016
-2711
-9326
-15551
-21121
-25799
-29387
-31732
-32732
-32344
-30582
-27520
-23286
-18060
-12062
-5547
1206
7911
14280
20041
24947
28786
31393
32653
32513
30975
28105
24024
18906
12972
6476
-301
-7069
-13534
-19415
-24458
-28443
-31196
-32596
-32580
-31148
-28360
-24336
-19250
-13322
-6811
0
6813
13332
19269
24364
28393
31178
32594
32578
31129
28309
24241
19103
13120
6555
-301
-7147
-13680
-19609
-24671
-28641
-31340
-32648
-32505
-30916
-27948
-23735
-18460
-12360
-5706
1206
8067
14569
20421
25359
29162
31656
32728
32328
30473
27244
22786
17298
11027
4255
-2711
-9557
-15974
-21669
-26383
-29901
-32062
-32766
-31979
-29736
-26137
-21345
-15577
-9095
-2195
4807
11593
17850
23291
27666
30771
32464
32665
31362
28614
24546
19345
13249
6538
-477
-7473
-14125
-20126
-25196
-29098
-31650
-32732
-32292
-30349
-26991
-22374
-16712
-10266
-3339
3746
10659
17076
22694
27251
30530
32377
32702
31489
28793
24740
19519
13375
6597
-494
-7565
-14281
-20323
-25404
-29282
-31772
-32753
-32178
-30072
-26533
-21729
-15887
-9285
-2238
4919
11843
18204
23695
28052
31066
32589
32548
30942
27847
23411
17845
11416
4435
-2763
-9830
-16425
-22227
-26955
-30378
-32330
-32713
-31507
-28769
-24631
-19293
-13013
-6096
1120
8285
15047
21076
26077
29802
32068
32763
31850
29372
25451
20276
14101
7230
0
-7232
-14111
-20295
-25478
-29402
-31872
-32764
-32033
-29711
-25913
-20827
-14703
-7845
-595
6688
13640
19914
25196
29220
31785
32759
32093
29819
26047
20967
14832
7950
664
-6656
-13645
-19948
-25247
-29273
-31822
-32763
-32046
-29706
-25861
-20703
-14492
-7543
-209
7138
14125
20396
25629
29557
31977
32766
31880
29363
25342
20022
13674
6622
-771
-8129
-15071
-21240
-26318
-30042
-32219
-32734
-31559
-28754
-24461
-18901
-12360
-5177
2276
9615
16457
22447
27271
30678
32489
32608
31026
27825
23169
17302
10527
3199
-4298
-11573
-18244
-23960
-28419
-31387
-32705
-32302
-30198
-26501
-21406
-15179
-8148
-684
6817
13962
20369
25700
29668
32064
32757
31710
28975
24698
19103
12488
5205
-2358
-9798
-16717
-22745
-27557
-30894
-32577
-32513
-30703
-27244
-22319
-16192
-9191
-1693
5898
13175
19743
25247
29388
31941
32765
31816
29141
24884
19276
12618
5272
-2362
-9871
-16845
-22903
-27714
-31014
-32621
-32445
-30495
-26875
-21781
-15492
-8351
-749
6896
14165
20658
26016
29942
32220
32721
31417
28377
23767
17841
10926
3403
-4310
-11787
-18613
-24407
-28847
-31684
-32759
-32010
-29476
-25298
-19707
-13013
-5590
2148
9769
16845
22980
27828
31116
32659
32366
30254
26438
21133
14635
7310
-430
-8148
-15409
-21801
-26962
-30598
-32502
-32563
-30778
-27244
-22162
-15818
-8572
-836
6950
14343
20920
26305
30190
32350
32661
31103
27762
22829
16586
9388
1649
-6187
-13670
-20369
-25898
-29936
-32249
-32702
-31267
-28024
-23161
-16955
-9766
-2009
5867
13405
20168
25762
29860
32222
32709
31291
28049
23169
16936
9711
1916
-5992
-13553
-20323
-25904
-29968
-32275
-32687
-31179
-27837
-22855
-16527
-9222
-1372
6562
14111
20829
26318
30252
32397
32623
30916
27374
22206
15718
8294
373
-7571
-15067
-21669
-26980
-30683
-32556
-32483
-30469
-26631
-21197
-14492
-6916
1077
9009
16402
22811
27851
31216
32702
32218
29790
25564
19793
12824
5078
-2978
-10856
-18080
-24210
-28873
-31785
-32766
-31757
-28816
-24119
-17952
-10689
-2772
5316
13083
20053
25799
29968
32304
32662
31017
27469
22233
15630
8064
0
-8067
-15639
-22251
-27492
-31038
-32669
-32282
-29899
-25665
-19840
-12785
-4935
3223
11185
18454
24578
29176
31960
32754
31507
28295
23317
16881
9388
1306
-6859
-14599
-21426
-26913
-30713
-32587
-32415
-30206
-26096
-20343
-13307
-5431
2789
10837
18204
24423
29100
31937
32755
31498
28244
23199
16679
9099
938
-7285
-15047
-21854
-27271
-30951
-32659
-32282
-29844
-25497
-19519
-12290
-4271
4023
12062
19330
25359
29762
32252
32670
30984
27303
21861
15008
7184
-1105
-9326
-16947
-23474
-28484
-31650
-32766
-31757
-28687
-23753
-17274
-9670
-1435
6896
14781
21705
27215
30951
32666
32248
29720
25247
19119
11737
3583
-4807
-12886
-20121
-26035
-30239
-32455
-32534
-30469
-26395
-20578
-13400
-5336
3083
11302
18775
25007
29584
32200
32681
30992
27244
21684
14679
6695
-1736
-10055
-17706
-24178
-29038
-31959
-32744
-31340
-27837
-22468
-15592
-7668
771
9163
16942
23583
28641
31772
32764
31548
28203
22955
16155
8261
-193
-8637
-16499
-23246
-28419
-31667
-32766
-31641
-28366
-23161
-16378
-8479
0
8482
16388
23178
28387
31659
32766
31633
28334
23092
16267
8323
-193
-8699
-16610
-23382
-28547
-31748
-32764
-31521
-28105
-22748
-15818
-7793
771
9287
17161
23850
28887
31923
32744
31292
27666
22114
15023
6884
-1736
-10238
-18030
-24565
-29387
-32158
-32681
-30919
-26991
-21173
-13868
-5590
3083
11543
19194
25499
30012
32414
32534
30361
26047
19895
12336
3903
-4807
-13181
-20625
-26610
-30711
-32637
-32248
-29569
-24790
-18247
-10405
-1820
6896
15124
22277
27843
31423
32760
31757
28483
23169
16196
8060
-655
-9326
-17331
-24094
-29127
-32068
-32703
-30984
-27033
-21133
-13707
-5289
3511
12062
19743
25999
30374
32552
32371
29844
25150
18630
10754
2094
-6719
-15047
-22282
-27896
-31478
-32765
-31661
-28244
-22763
-15616
-7324
1506
10228
18204
24847
29668
32313
32585
30461
26096
19809
12062
3423
-5469
-13962
-21426
-27310
-31178
-32740
-31881
-28661
-23317
-16242
-7961
912
9721
17811
24578
29519
32265
32608
30520
26157
19840
12041
3339
-5613
-14150
-21629
-27492
-31296
-32755
-31758
-28377
-22863
-15630
-7219
1736
10564
18599
25234
29968
32443
32468
30041
25342
18725
10689
1842
-7147
-15598
-22868
-28404
-31785
-32751
-31227
-27327
-21345
-13736
-5078
3969
12717
20496
26712
30887
32702
32014
28875
23522
16364
7950
-1077
-10024
-18204
-24986
-29848
-32414
-32483
-30050
-25298
-18593
-10451
-1499
7571
16058
23305
28750
31969
32711
30916
26720
20449
12587
3744
-5391
-14111
-21734
-27666
-31442
-32766
-31533
-27837
-21964
-14372
-5653
3510
12401
20323
26654
30894
32710
31957
28692
23169
15822
7226
-1941
-10958
-19113
-25762
-30378
-32596
-32237
-29328
-24096
-16955
-8469
691
9799
18132
25028
29936
32465
32412
29778
24772
17791
9388
234
-8940
-17404
-24479
-29598
-32350
-32513
-30072
-25219
-18342
-9991
-836
8388
16942
24135
29387
32275
32563
30226
25451
18620
10283
1113
-8148
-16754
-24006
-29316
-32252
-32574
-30254
-25477
-18630
-10266
-1066
8222
16845
24098
29390
32286
32549
30156
25298
18372
9941
695
-8610
-17213
-24407
-29603
-32371
-32482
-29925
-24908
-17841
-9305
0
9307
17850
24924
29942
32491
32356
29546
24293
17028
8351
-1019
-10308
-18745
-25629
-30386
-32621
-32145
-28995
-23432
-15917
-7073
2362
11603
19879
26497
30903
32728
31816
28241
22301
14491
5464
-4023
-13175
-21224
-27492
-31451
-32766
-31324
-27244
-20868
-12732
-3519
5992
15001
22745
28568
31977
32682
30619
25962
19103
10622
1238
-8253
-17047
-24394
-29668
-32420
-32412
-29643
-24347
-16973
-8148
1373
10781
19269
26112
30723
32705
31886
28334
22351
14449
5304
-4298
-13534
-21608
-27826
-31650
-32749
-31026
-26627
-19930
-11510
-2094
7504
16457
23989
29446
32355
32460
29752
24461
17046
8148
-1459
-10942
-19477
-26318
-30870
-32732
-31742
-27983
-21780
-13674
-4371
5316
14541
22496
28484
31977
32669
30495
25645
18541
9807
209
-9410
-18204
-25397
-30356
-32640
-32046
-28625
-22675
-14721
-5464
4278
13645
21806
28038
31787
32719
30748
26047
19032
10324
695
-8997
-17892
-25196
-30256
-32621
-32077
-28669
-22701
-14703
-5389
4409
13816
21989
28193
31872
32694
30582
25725
18555
9715
0
-9718
-18563
-25739
-30598
-32699
-31850
-28126
-21861
-13619
-4144
5708
15047
23026
28920
32194
32549
29951
24631
17073
7961
-1876
-11547
-20168
-26955
-31287
-32766
-31257
-26894
-20073
-11416
-1713
8148
17267
24807
30076
32589
32113
28690
22632
14492
5018
-4919
-14407
-22570
-28657
-32104
-32591
-30072
-24775
-17189
-8012
1907
11653
20323
27113
31393
32763
31094
26539
19519
10683
852
-9060
-18132
-25519
-30530
-32697
-31816
-27965
-21503
-13031
-3339
6667
16052
23938
29584
32459
32292
29097
23169
15065
5543
-4501
-14125
-22423
-28612
-32108
-32578
-29977
-24546
-16798
-7461
2582
12385
21019
27666
31694
32721
30647
25665
18247
9095
-923
-10856
-19760
-26786
-31264
-32766
-31146
-26556
-19431
-10451
-470
9557
18675
26008
30855
32749
31507
27244
20368
11537
1595
-8501
-17784
-25359
-30497
-32702
-31758
-27754
-21074
-12360
-2451
7696
17103
24860
30215
32648
31922
28105
21563
12929
3039
-7147
-16643
-24525
-30025
-32607
-32016
-28309
-21844
-13249
-3359
6859
16412
24364
29939
32588
32050
28377
21924
13322
3413
-6833
-16412
-24382
-29960
-32596
-32028
-28309
-21804
-13150
-3199
7069
16643
24578
30089
32630
31946
28105
21482
12732
2719
-7565
-17103
-24947
-30318
-32680
-31797
-27754
-20951
-12062
-1970
8320
17784
25478
30633
32732
31565
27244
20200
11134
952
-9326
-18675
-26154
-31014
-32765
-31228
-26556
-19215
-9941
333
10578
19760
26955
31436
32749
30759
25665
17979
8475
-1887
-12062
-21019
-27851
-31864
-32650
-30126
-24546
-16475
-6728
3703
13762
22423
28806
32258
32427
29291
23169
14683
4696
-5772
-15653
-23938
-29777
-32571
-32033
-28214
-21503
-12587
-2378
8077
17706
25519
30711
32748
31416
26850
19519
10175
-219
-10594
-19879
-27113
-31549
-32726
-30520
-25157
-17189
-7439
3083
13289
22119
28657
32222
32441
29289
23092
14492
4381
-6187
-16114
-24364
-30076
-32652
-31820
-27666
-20619
-11416
-1017
9491
19008
26537
31287
32757
30792
25595
17709
7961
-2625
-12939
-21894
-28547
-32194
-32451
-29286
-23032
-14346
-4144
6498
16457
24678
30291
32699
31644
27238
19943
10531
0
-10533
-19951
-27251
-31656
-32694
-30254
-24592
-16309
-6286
4409
14637
23305
29487
32519
32077
28203
21312
12137
1660
-8997
-18692
-26385
-31248
-32757
-30748
-25434
-17383
-7461
3266
13645
22556
29038
32390
32248
28625
21909
12824
2351
-8378
-18204
-26061
-31098
-32765
-30880
-25645
-17625
-7689
3083
13524
22496
29023
32393
32235
28565
21780
12618
2077
-8692
-18516
-26318
-31245
-32755
-30681
-25247
-17046
-6975
3863
14280
23132
29446
32527
32033
28015
20915
11510
836
-9932
-19609
-27125
-31650
-32682
-30103
-24198
-15616
-5304
5596
15880
24407
30232
32705
31550
26894
19250
9465
-1373
-12062
-21411
-28379
-32188
-32412
-29022
-22395
-13267
-2656
8253
18244
26197
31222
32754
30619
25054
16679
6433
-4537
-15001
-23783
-29895
-32648
-31731
-27244
-19690
-9916
976
11762
21224
28293
32170
32415
28997
22301
13080
2378
-8595
-18599
-26497
-31393
-32729
-30352
-24528
-15917
-5494
5554
15974
24578
30386
32734
31352
26395
18425
8351
-2679
-13405
-22602
-29217
-32491
-32046
-27932
-20616
-10936
0
10939
20625
27944
32055
32482
29173
22507
13249
2462
-8610
-18692
-26622
-31481
-32707
-30156
-24119
-15293
-4696
6446
16845
25296
30817
32766
30916
25477
17079
6695
-4468
-15115
-24006
-30106
-32702
-31489
-26606
-18620
-8460
2689
13528
22788
29387
32552
31909
27532
19930
9991
-1120
-12103
-21669
-28693
-32350
-32208
-28280
-21025
-11295
-234
10856
20671
28052
32127
32412
28871
21921
12379
1372
-9799
-19815
-27487
-31906
-32545
-29328
-22632
-13249
-2291
8940
19113
27016
31708
32629
29666
23169
13911
2992
-8285
-18577
-26654
-31549
-32677
-29899
-23544
-14372
-3477
7836
18214
26411
31442
32702
30037
23764
14635
3744
-7598
-18030
-26293
-31393
-32711
-30086
-23833
-14703
-3796
7571
18026
26305
31405
32707
30050
23753
14577
3632
-7754
-18204
-26446
-31479
-32688
-29925
-23522
-14256
-3253
8148
18560
26712
31608
32650
29706
23135
13736
2656
-8751
-19090
-27095
-31785
-32581
-29385
-22585
-13013
-1842
9557
19786
27585
31994
32468
28947
21861
12081
809
-10564
-20637
-28166
-32219
-32293
-28377
-20951
-10932
440
11762
21629
28819
32437
32033
27653
19840
9561
-1907
-13142
-22745
-29519
-32621
-31661
-26755
-18514
-7961
3586
14689
23960
30239
32740
31148
25658
16955
6128
-5469
-16384
-25247
-30944
-32759
-30461
-24336
-15151
-4058
7546
18204
26572
31595
32638
29565
22763
13087
1756
-9798
-20118
-27896
-32148
-32332
-28424
-20915
-10754
771
12203
22088
29171
32552
31797
27001
18769
8148
-3511
-14727
-24069
-30346
-32754
-30984
-25260
-16309
-5272
6439
17331
26008
31359
32696
29845
23169
13521
2137
-9523
-19964
-27843
-32146
-32318
-28334
-20703
-10405
1234
12717
22564
29503
32637
31559
26407
17841
6968
-4807
-15965
-25058
-30909
-32757
-30361
-24028
-14577
-3233
8533
19194
27364
31977
32433
28669
21173
10917
-762
-12345
-22321
-29387
-32619
-31592
-26438
-17828
-6884
4961
16161
25247
31028
32744
30168
23635
13998
2522
-9287
-19879
-27860
-32179
-32265
-28105
-20242
-9711
2101
13640
23382
30040
32733
31103
25362
16267
5018
-6896
-17901
-26537
-31659
-32585
-29190
-21921
-11741
0
11743
21929
29201
32589
31641
26480
17791
6728
-5233
-16499
-25566
-31222
-32709
-29826
-22955
-13013
-1327
10537
20994
28641
32450
31909
27088
18630
7668
-4324
-15739
-25041
-30976
-32744
-30105
-23411
-13561
-1880
10055
20637
28436
32397
31982
27244
18822
7852
-4182
-15653
-25007
-30974
-32743
-30072
-23319
-13400
-1660
10308
20879
28612
32455
31881
26966
18377
7282
-4807
-16245
-25468
-31216
-32702
-29720
-22675
-12528
-664
11292
21705
29147
32596
31576
26225
17274
5950
-6193
-17489
-26383
-31650
-32564
-28995
-21433
-10917
1105
12978
23064
29968
32737
30984
24950
15465
3839
-8320
-19330
-27666
-32170
-32217
-27796
-19519
-8531
3643
15314
24860
30951
32739
29972
23032
12884
938
-11141
-21669
-29176
-32613
-31498
-25982
-16835
-5332
6918
18204
26944
31912
32410
28366
20343
9465
-2743
-14569
-24351
-30713
-32759
-30198
-23387
-13283
-1306
10856
21492
29100
32604
31507
25962
16748
5166
-7147
-18454
-27152
-32008
-32332
-28076
-19840
-8789
3510
15314
24947
31038
32720
29752
22551
12140
0
-12143
-22559
-29762
-32723
-31017
-24884
-15198
-3339
8998
20053
28242
32393
31908
26854
17952
6476
-5930
-17489
-26541
-31785
-32465
-28481
-20402
-9388
2978
14918
24714
30951
32730
29790
22554
12062
-172
-12385
-22811
-29942
-32746
-30813
-24421
-14492
-2462
9926
20879
28806
32556
31581
26021
16679
4912
-7571
-18956
-27585
-32200
-32127
-27374
-18630
-7167
5342
17076
26318
31719
32485
28504
20353
9222
-3259
-15267
-25041
-31147
-32687
-29434
-21861
-11077
1334
13553
23783
30517
32764
30189
23169
12736
423
-11953
-22570
-29860
-32743
-30792
-24293
-14202
-2009
10483
21426
29201
32652
31267
25247
15482
3419
-9153
-20369
-28563
-32514
-31633
-26047
-16586
-4654
7973
19415
27967
32350
31910
26709
17520
5712
-6950
-18577
-27428
-32179
-32116
-27244
-18292
-6597
6088
17864
26962
32015
32263
27666
18910
7310
-5391
-17284
-26579
-31872
-32366
-27983
-19380
-7852
4862
16845
26287
31760
32433
28203
19707
8226
-4501
-16550
-26094
-31684
-32472
-28334
-19895
-8434
4310
16402
26003
31651
32486
28377
19946
8475
-4288
-16402
-26016
-31662
-32478
-28334
-19861
-8351
4437
16550
26133
31717
32445
28203
19638
8060
-4756
-16845
-26351
-31812
-32386
-27983
-19276
-7602
5243
17284
26666
31941
32293
27666
18769
6975
-5898
-17864
-27071
-32095
-32157
-27244
-18113
-6176
6719
18577
27557
32265
31968
26709
17302
5205
-7702
-19415
-28111
-32434
-31710
-26047
-16326
-4058
8843
20369
28719
32588
31368
25247
15179
2736
-10137
-21426
-29364
-32705
-30922
-24293
-13853
-1238
11573
22570
30025
32764
30353
23169
12339
-434
-13142
-23783
-30678
-32739
-29638
-21861
-10632
2276
14829
25041
31296
32604
28754
20353
8727
-4282
-16616
-26318
-31849
-32328
-27676
-18630
-6622
6439
18480
27585
32302
31880
26381
16679
4318
-8734
-20396
-28806
-32620
-31227
-24845
-14492
-1820
11144
22329
29942
32763
30335
23047
12062
-859
-13645
-24243
-30951
-32688
-29173
-20967
-9388
3703
16202
26094
31785
32354
27709
18593
6476
-6688
-18775
-27832
-32393
-31718
-25913
-15915
-3339
9779
21317
29402
32723
30737
23764
12933
0
-12935
-23772
-30745
-32720
-29372
-21243
-9654
3510
16105
26077
31798
32332
27590
18342
6096
-7147
-19226
-28162
-32493
-31507
-25362
-15061
-2291
10856
22227
29953
32765
30198
22670
11416
-1716
-14569
-25028
-31370
-32548
-28366
-19509
-7435
5867
18204
27539
32330
31782
25982
15887
3163
-10086
-21669
-29667
-32753
-30413
-23032
-11831
1334
14281
24860
31312
32563
28403
19519
7387
-5976
-18347
-27666
-32377
-31693
-25725
-15465
-2622
10659
22164
29968
32766
30086
22374
10917
-2369
-15261
-25599
-31650
-32396
-27709
-18372
-5950
7473
19643
28516
32596
31195
24546
13765
664
-12550
-23653
-30771
-32702
-29116
-20616
-8634
4807
17440
27128
32230
31881
26137
15968
3092
-10308
-21966
-29901
-32766
-30072
-22272
-10689
2711
15653
25937
31812
32275
27244
17574
4908
-8595
-20637
-29162
-32712
-30681
-23411
-12140
1206
14349
25041
31451
32480
27948
18630
6117
-7445
-19735
-28641
-32634
-31026
-24089
-13013
301
13567
24501
31222
32570
28309
19172
6728
-6876
-19298
-28393
-32589
-31159
-24347
-13326
0
13328
24354
31166
32585
28360
19220
6748
-6896
-19347
-28443
-32604
-31103
-24198
-13087
301
13640
24608
31294
32533
28105
18778
6176
-7504
-19879
-28786
-32669
-30847
-23635
-12290
1206
14493
25247
31583
32389
27520
17828
5008
-8692
-20870
-29387
-32745
-30352
-22624
-10917
2711
15865
26229
31977
32094
26556
16335
3233
-10442
-22277
-30182
-32757
-29546
-21112
-8944
4807
17712
27483
32390
31559
25136
14256
845
-12717
-24026
-31070
-32598
-28334
-19032
-6345
7473
19964
28903
32697
30666
23169
11540
-2148
-15456
-26008
-31918
-32127
-26596
-16309
-3103
10659
22517
30346
32741
29270
20553
8148
-5719
-18563
-28078
-32552
-31179
-24202
-12874
771
14281
25223
31625
32332
27214
17189
4062
-9798
-21894
-30040
-32762
-29565
-21025
-8682
5233
18204
27882
32514
31257
24336
13002
-691
-14262
-25247
-31650
-32307
-27094
-16955
-3732
10171
22227
30239
32747
29289
20494
7961
-6025
-18915
-28356
-32621
-30929
-23586
-11931
1907
15400
26077
31982
32033
26215
15592
2109
-11762
-23479
-30889
-32629
-28377
-18910
-5966
8077
20637
29402
32756
30080
21861
9613
-4409
-17621
-27585
-32459
-31342
-24435
-13013
816
14497
25499
31785
32188
26631
16140
2656
-11322
-23203
-30782
-32650
-28456
-18976
-5969
8148
20755
29503
32763
29925
21514
9095
-5021
-18204
-27995
-32564
-31058
-23753
-12011
1977
15598
26305
32095
31880
25698
14703
952
-12978
-24480
-31393
-32418
-27360
-17165
-3744
10381
22559
30497
32702
28754
19394
6380
-7836
-20580
-29446
-32762
-29899
-21393
-8847
5370
18577
28275
32630
30814
23169
11138
-3003
-16579
-27016
-32334
-31523
-24733
-13249
751
14612
25700
31906
32048
26096
15179
1372
-12698
-24354
-31371
-32412
-27273
-16932
-3359
10856
23003
30758
32638
28280
18514
5205
-9101
-21669
-30089
-32747
-29131
-19930
-6905
7445
20371
29387
32762
29844
21189
8460
-5898
-19125
-28673
-32702
-30433
-22301
-9868
4468
17946
27963
32585
30916
23274
11134
-3159
-16845
-27275
-32428
-31305
-24119
-12260
1977
15833
26622
32247
31615
24845
13249
-923
-14918
-26016
-32055
-31858
-25461
-14105
0
14107
25468
31864
32046
25975
14832
792
-13405
-24986
-31684
-32188
-26395
-15435
-1452
12817
24578
31525
32292
26727
15917
1981
-12345
-24250
-31393
-32366
-26976
-16280
-2378
11993
24006
31293
32415
27148
16527
2644
-11762
-23850
-31230
-32442
-27244
-16660
-2779
11653
23783
31206
32451
27267
16679
2783
-11667
-23806
-31222
-32441
-27217
-16586
-2656
11803
23919
31277
32412
27094
16378
2398
-12062
-24120
-31370
-32361
-26894
-16056
-2009
12441
24407
31496
32285
26615
15616
1488
-12939
-24777
-31650
-32178
-26251
-15055
-836
13553
25223
31826
32033
25797
14372
52
-14280
-25739
-32015
-31841
-25247
-13561
863
15115
26318
32208
31592
24592
12618
-1908
-16052
-26950
-32393
-31276
-23823
-11540
3083
17085
27622
32556
30880
22932
10324
-4384
-18204
-28323
-32682
-30389
-21909
-8965
5807
19399
29038
32755
29790
20744
7461
-7347
-20658
-29748
-32757
-29067
-19428
-5811
8997
21966
30436
32669
28203
17952
4016
-10746
-23305
-31079
-32468
-27184
-16309
-2077
12583
24657
31656
32135
25992
14491
0
-14493
-25999
-32139
-31644
-24613
-12494
2208
16457
27304
32503
30975
23032
10317
-4537
-18454
-28547
-32719
-30103
-21238
-7961
6971
20458
29694
32757
29007
19220
5431
-9491
-22439
-30713
-32587
-27666
-16973
-2736
12073
24364
31568
32177
26060
14492
-108
-14689
-26197
-32222
-31498
-24174
-11781
3083
17304
27896
32634
30520
21996
8847
-6162
-19879
-29416
-32766
-29219
-19519
-5706
9311
22368
30711
32578
27570
16743
2378
-12491
-24723
-31732
-32033
-25558
-13674
1105
15653
26888
32428
31095
23169
10328
-4707
-18745
-28806
-32750
-29736
-20402
-6728
8378
21705
30414
32650
27932
17262
2911
-12062
-24465
-31651
-32083
-25665
-13765
1077
15692
26955
32455
31012
22932
9941
-5180
-19194
-29098
-32765
-29406
-19738
-5832
9326
22486
30817
32526
27244
16102
1495
-13436
-25478
-32035
-31693
-24521
-12062
2999
17416
28078
32680
30226
21243
7668
-7565
-21167
-30192
-32685
-28105
-17438
-2992
12103
24578
31727
31995
25321
13150
-1876
-16499
-27539
-32596
-30567
-21889
-8448
6833
20630
29936
32722
28377
17845
3419
-11753
-24364
-31659
-32040
-25423
-13249
1823
16499
27568
32607
30508
21729
8189
-7147
-20920
-30108
-32693
-28105
-17347
-2779
12401
24860
31856
31850
24838
12360
-2839
-17416
-28160
-32702
-30037
-20749
-6884
8501
22013
30668
32552
27244
15915
1066
-14020
-26008
-32243
-31342
-23500
-10451
4915
19194
29220
32766
29042
18871
4509
-10856
-23813
-31479
-32147
-25665
-13473
1720
16533
27666
32637
30335
21271
7461
-8015
-21705
-30552
-32578
-27327
-15968
-1038
14125
26133
32294
31228
23169
9920
-5554
-19786
-29584
-32748
-28565
-17970
-3339
12043
24723
31849
31816
24627
11897
-3511
-18132
-28673
-32755
-29458
-19519
-5177
10334
23516
31393
32182
25702
13414
-1907
-16800
-27896
-32682
-30072
-20653
-6555
9029
22570
30997
32395
26445
14492
-751
-15827
-27310
-32589
-30461
-21406
-7481
8148
21926
30713
32507
26894
15151
-48
-15238
-26955
-32522
-30664
-21804
-7961
7702
21608
30575
32549
27076
15403
202
-15047
-26852
-32503
-30703
-21861
-8002
7696
21629
30598
32538
27001
15255
0
-15257
-27007
-32541
-30582
-21579
-7602
8129
21989
30779
32468
26664
14703
-655
-15865
-27411
-32621
-30288
-20948
-6758
8997
22672
31098
32318
26047
13736
-1763
-16855
-28038
-32713
-29790
-19946
-5464
10289
23653
31516
32046
25116
12336
-3319
-18204
-28847
-32766
-29042
-18541
-3711
11987
24889
31977
31593
23823
10480
-5316
-19871
-29777
-32711
-27983
-16697
-1495
14059
26318
32404
30885
22114
8148
-7733
-21801
-30745
-32460
-26539
-14372
1180
16457
27860
32699
29832
19930
5325
-10537
-23916
-31650
-31910
-24631
-11530
4298
19113
29409
32747
28334
17210
2009
-13670
-26112
-32365
-30942
-22178
-8148
7817
21929
30833
32412
26285
13907
-1780
-17047
-28259
-32743
-29429
-19103
-4222
11667
24777
31977
31548
23586
9991
-5992
-20546
-30192
-32619
-27244
-15350
219
15739
27492
32660
30001
20149
5464
-10533
-24006
-31719
-31816
-24270
-10892
5106
19879
29873
32681
27625
15917
373
-15261
-27221
-32621
-30156
-20416
-5748
10308
23879
31684
31836
24293
10875
-5173
-19973
-29942
-32665
-27477
-15633
0
15636
27483
32666
29925
19920
5078
-10999
-24407
-31886
-31615
-23656
-9941
6193
20824
30386
32549
26782
14487
-1341
-16845
-28242
-32749
-29262
-18630
-3445
12583
25539
32252
31078
22301
8064
-8148
-22368
-31111
-32231
-25451
-12429
3643
18824
29387
32737
28047
16465
836
-15001
-27152
-32625
-30072
-20115
-5205
10989
24479
31937
31523
23335
9388
-6876
-21447
-30723
-32412
-26092
-13322
2743
18132
29038
32759
28371
16955
1338
-14612
-26944
-32596
-30164
-20247
-5304
10958
24501
31960
31477
23169
9099
-7236
-21774
-30894
-32323
-25702
-12676
3510
18824
29446
32724
27837
16000
166
-15711
-27666
-32707
-29572
-19041
-3744
12491
25602
32304
30916
21780
7184
-9215
-23305
-31551
-31880
-24205
-10451
5930
20824
30486
32483
26311
13518
-2679
-18204
-29147
-32749
-28098
-16364
-502
15488
27574
32702
29574
18976
3583
-12717
-25806
-32371
-30748
-21345
-6538
9926
23879
31785
31636
23467
9346
-7147
-21830
-30974
-32254
-25342
-11991
4409
19692
29968
32623
26976
14462
-1736
-17495
-28798
-32764
-28377
-16752
-852
15267
27492
32699
29554
18857
3339
-13034
-26077
-32450
-30520
-20777
-5712
10817
24578
32042
31291
22515
7961
-8637
-23021
-31496
-31881
-24075
-10079
6509
21426
30833
32307
25463
12062
-4448
-19815
-30076
-32585
-26689
-13907
2465
18204
29244
32732
27762
15616
-569
-16610
-28356
-32765
-28692
-17189
-1231
15047
27428
32699
29490
18630
2932
-13528
-26478
-32552
-30168
-19943
-4530
12062
25519
32337
30737
21133
6022
-10659
-24565
-32068
-31208
-22206
-7407
9326
23628
31760
31593
23169
8686
-8070
-22719
-31423
-31903
-24028
-9858
6896
21846
31070
32147
24790
10926
-5807
-21019
-30711
-32336
-25461
-11891
4807
20244
30356
32478
26047
12755
-3899
-19528
-30012
-32581
-26556
-13521
3083
18877
29687
32654
26991
14192
-2362
-18294
-29387
-32703
-27360
-14769
1736
17784
29119
32734
27666
15255
-1206
-17349
-28887
-32752
-27913
-15652
771
16993
28695
32761
28105
15962
-434
-16717
-28547
-32765
-28244
-16186
193
16523
28443
32766
28334
16326
-48
-16412
-28387
-32766
-28374
-16382
0
0
0
0
0
0
0
0
0
0
0
0
0
0
0
0
0
0
0
0
0
0
0
0
0
0
0
0
0
0
0
0
0
0
0
0
0
0
0
0
0
0
0
0
0
0
0
0
0
0
0
0
0
0
0
0
0
0
0
0
0
0
0
0
0
0
0
0
0
0
0
0
0
0
0
0
0
0
0
0
0
0
0
0
0
0
0
0
0
0
0
0
0
0
0
0
0
0
0
0
0
0
0
0
0
0
0
0
0
0
0
0
0
0
0
0
0
0
0
0
0
0
0
0
0
0
0
0
0
0
0
0
0
0
0
0
0
0
0
0
0
0
0
0
0
0
0
0
0
0
0
0
0
0
0
0
0
0
0
0
0
0
0
0
0
0
0
0
0
0
0
0
0
0
0
0
0
0
0
0
0
0
0
0
0
0
0
0
0
0
0
0
0
0
0
0
0
0
0
0
0
0
0
0
0
0
0
0
0
0
0
0
0
0
0
0
0
0
0
0
0
0
0
0
0
0
0
0
0
0
0
0
0
0
0
0
0
0
0
0
0
0
0
0
0
0
0
0
0
0
0
0
0
0
0
0
0
0
0
0
0
0
0
0
0
0
0
0
0
0
0
0
0
0
0
0
0
0
0
0
0
0
0
0
0
0
0
0
0
0
0
0
0
0
0
0
0
0
0
0
0
0
0
0
0
0
0
0
0
0
0
0
0
0
0
0
0
0
0
0
0
0
0
0
0
0
0
0
0
0
0
0
0
0
0
0
0
0
0
0
0
0
0
0
0
0
0
0
0
0
0
0
0
0
0
0
0
0
0
0
0
0
0
0
0
0
0
0
0
0
0
0
0
0
0
0
0
0
0
0
0
0
0
0
0
0
0
0
0
0
0
0
0
0
0
0
0
0
0
0
0
0
0
0
0
0
0
0
0
0
0
0
0
0
0
0
0
0
0
0
0
0
0
0
0
0
0
0
0
0
0
0
0
0
0
0
0
0
0
0
0
0
0
0
0
0
0
0
0
0
0
0
0
0
0
0
0
0
0
0
0
0
0
0
0
0
0
0
0
0
0
0
0
0
0
0
0
0
0
0
0
0
0
0
0
0
0
0
0
0
0
0
0
0
0
0
0
0
0
0
0
0
0
0
0
0
0
0
0
0
0
0
0
0
0
0
0
0
0
0
0
0
0
0
0
0
0
0
0
0
0
0
0
0
0
0
0
0
0
0
0
0
0
0
0
0
0
0
0
0
0
0
0
0
0
0
0
0
0
0
0
0
0
0
0
0
0
0
0
0
0
0
0
0
0
0
0
0
0
0
0
0
0
0
0
0
0
0
0
0
0
0
0
0
0
0
0
0
0
0
0
0
0
0
0
0
0
0
0
0
0
0
0
0
0
0
0
0
0
0
0
0
0
0
0
0
0
0
0
0
0
0
0
0
0
0
0
0
0
0
0
0
0
0
0
0
0
0
0
0
0
0
0
0
0
0
0
0
0
0
0
0
0
0
0
0
0
0
0
0
0
0
0
0
0
0
0
0
0
0
0
0
0
0
0
0
0
0
0
0
0
0
0
0
0
0
0
0
0
0
0
0
0
0
0
0
0
0
0
0
0
0
0
0
0
0
0
0
0
0
0
0
0
0
0
0
0
0
0
0
0
0
0
0
0
0
0
0
0
0
0
0
0
0
0
0
0
0
0
0
0
0
0
0
0
0
0
0
0
0
0
0
0
0
0
0
0
0
0
0
0
0
0
0
0
0
0
0
0
0
0
0
0
0
0
0
0
0
0
0
0
0
0
0
0
0
0
0
0
0
0
0
0
0
0
0
0
0
0
0
0
0
0
0
0
0
0
0
0
0
0
0
0
0
0
0
0
0
0
0
0
0
0
0
0
0
0
0
0
0
0
0
0
0
0
0
0
0
0
0
0
0
0
0
0
0
0
0
0
0
0
0
0
0
0
0
0
0
0
0
0
0
0
0
0
0
0
0
0
0
0
0
0
0
0
0
0
0
0
0
0
0
0
0
0
0
0
0
0
0
0
0
0
0
0
0
0
0
0
0
0
0
0
0
0
0
0
0
0
0
0
0
0
0
0
0
0
0
0
0
0
0
0
0
0
0
0
0
0
0
0
0
0
0
0
0
0
0
0
0
0
0
0
0
0
0
0
0
0
0
19660
19241
18004
16002
13321
10080
6417
2492
-1525
-5463
-9153
-12437
-15176
-17257
-18595
-19136
-18864
-17797
-15987
-13518
-10502
-7073
-3382
411
4143
7657
10805
13459
15513
16888
17537
17445
16627
15130
13032
10431
7447
4214
873
-2431
-5563
-8395
-10814
-12731
-14078
-14815
-14927
-14430
-13361
-11783
-9779
-7445
-4890
-2227
429
2971
5297
7322
8975
10205
10982
11296
11156
10592
9650
8387
6874
5186
3401
1596
-155
-1788
-3247
-4489
-5484
-6212
-6672
-6869
-6823
-6560
-6114
-5522
-4823
-4056
-3257
-2456
-1679
-945
-268
346
898
1391
1833
2234
2603
2949
3276
3588
3882
4151
4384
4564
4672
4689
4592
4364
3987
3451
2752
1895
891
-236
-1457
-2731
-4012
-5248
-6384
-7364
-8136
-8652
-8870
-8762
-8309
-7510
-6377
-4937
-3234
-1325
721
2827
4906
6872
8638
10123
11255
11976
12240
12024
11320
10145
8535
6546
4250
1736
-896
-3539
-6085
-8426
-10462
-12103
-13276
-13926
-14022
-13552
-12531
-10998
-9013
-6654
-4019
-1216
1638
4426
7033
9348
11276
12739
13676
14051
13851
13089
11801
10045
7900
5459
2828
121
-2547
-5065
-7330
-9248
-10747
-11768
-12280
-12270
-11750
-10755
-9339
-7572
-5541
-3340
-1071
1167
3276
5169
6768
8013
8861
9288
9290
8884
8104
7000
5637
4089
2436
760
-856
-2340
-3624
-4657
-5398
-5824
-5929
-5723
-5231
-4493
-3560
-2490
-1350
-205
880
1847
2643
3228
3574
3667
3507
3109
2501
1722
822
-144
-1117
-2038
-2849
-3499
-3947
-4160
-4121
-3823
-3276
-2503
-1539
-430
767
1994
3185
4278
5212
5934
6400
6576
6445
6002
5258
4237
2978
1533
-37
-1665
-3279
-4806
-6175
-7323
-8194
-8742
-8939
-8767
-8227
-7335
-6122
-4634
-2928
-1072
858
2787
4635
6325
7788
8962
9800
10264
10333
10004
9286
8208
6809
5144
3276
1278
-772
-2798
-4722
-6470
-7977
-9186
-10054
-10549
-10655
-10370
-9708
-8695
-7371
-5788
-4006
-2091
-115
1850
3733
5468
6993
8257
9217
9843
10116
10031
9596
8831
7767
6445
4915
3233
1459
-341
-2108
-3780
-5300
-6618
-7691
-8487
-8981
-9161
-9025
-8582
-7853
-6865
-5657
-4273
-2763
-1182
416
1975
3443
4769
5910
6829
7497
7895
8013
7851
7419
6736
5831
4740
3504
2170
787
-592
-1920
-3149
-4236
-5143
-5842
-6310
-6536
-6516
-6257
-5776
-5096
-4248
-3271
-2205
-1096
10
1071
2046
2896
3593
4112
4439
4567
4500
4249
3832
3276
2613
1879
1111
349
-371
-1015
-1554
-1964
-2231
-2347
-2312
-2136
-1835
-1432
-955
-438
83
576
1006
1344
1565
1650
1591
1386
1041
573
5
-630
-1298
-1960
-2573
-3096
-3493
-3731
-3784
-3634
-3275
-2710
-1954
-1032
19
1158
2333
3489
4568
5516
6278
6807
7068
7031
6684
6025
5069
3844
2392
766
-969
-2743
-4480
-6103
-7538
-8716
-9577
-10073
-10172
-9855
-9125
-7999
-6512
-4719
-2685
-490
1779
4030
6168
8103
9751
11039
11906
12311
12229
11657
10611
9128
7265
5091
2695
170
-2380
-4853
-7148
-9171
-10838
-12081
-12847
-13106
-12847
-12081
-10838
-9171
-7148
-4853
-2380
170
2695
5091
7265
9128
10611
11657
12229
12311
11906
11039
9751
8103
6168
4030
1779
-490
-2685
-4719
-6512
-7999
-9125
-9855
-10172
-10073
-9577
-8716
-7538
-6103
-4480
-2743
-969
766
2392
3844
5069
6025
6684
7031
7068
6807
6278
5516
4568
3489
2333
1158
19
-1032
-1954
-2710
-3275
-3634
-3784
-3731
-3493
-3096
-2573
-1960
-1298
-630
5
573
1041
1386
1591
1650
1565
1344
1006
576
83
-438
-955
-1432
-1835
-2136
-2312
-2347
-2231
-1964
-1554
-1015
-371
349
1111
1879
2613
3276
3832
4249
4500
4567
4439
4112
3593
2896
2046
1071
10
-1096
-2205
-3271
-4248
-5096
-5776
-6257
-6516
-6536
-6310
-5842
-5143
-4236
-3149
-1920
-592
787
2170
3504
4740
5831
6736
7419
7851
8013
7895
7497
6829
5910
4769
3443
1975
416
-1182
-2763
-4273
-5657
-6865
-7853
-8582
-9025
-9161
-8981
-8487
-7691
-6618
-5300
-3780
-2108
-341
1459
3233
4915
6445
7767
8831
9596
10031
10116
9843
9217
8257
6993
5468
3733
1850
-115
-2091
-4006
-5788
-7371
-8695
-9708
-10370
-10655
-10549
-10054
-9186
-7977
-6470
-4722
-2798
-772
1278
3276
5144
6809
8208
9286
10004
10333
10264
9800
8962
7788
6325
4635
2787
858
-1072
-2928
-4634
-6122
-7335
-8227
-8767
-8939
-8742
-8194
-7323
-6175
-4806
-3279
-1665
-37
1533
2978
4237
5258
6002
6445
6576
6400
5934
5212
4278
3185
1994
767
-430
-1539
-2503
-3276
-3823
-4121
-4160
-3947
-3499
-2849
-2038
-1117
-144
822
1722
2501
3109
3507
3667
3574
3228
2643
1847
880
-205
-1350
-2490
-3560
-4493
-5231
-5723
-5929
-5824
-5398
-4657
-3624
-2340
-856
760
2436
4089
5637
7000
8104
8884
9290
9288
8861
8013
6768
5169
3276
1167
-1071
-3340
-5541
-7572
-9339
-10755
-11750
-12270
-12280
-11768
-10747
-9248
-7330
-5065
-2547
121
2828
5459
7900
10045
11801
13089
13851
14051
13676
12739
11276
9348
7033
4426
1638
-1216
-4019
-6654
-9013
-10998
-12531
-13552
-14022
-13926
-13276
-12103
-10462
-8426
-6085
-3539
-896
1736
4250
6546
8535
10145
11320
12024
12240
11976
11255
10123
8638
6872
4906
2827
721
-1325
-3234
-4937
-6377
-7510
-8309
-8762
-8870
-8652
-8136
-7364
-6384
-5248
-4012
-2731
-1457
-236
891
1895
2752
3451
3987
4364
4592
4689
4672
4564
4384
4151
3882
3588
3276
2949
2603
2234
1833
1391
898
346
-268
-945
-1679
-2456
-3257
-4056
-4823
-5522
-6114
-6560
-6823
-6869
-6672
-6212
-5484
-4489
-3247
-1788
-155
1596
3401
5186
6874
8387
9650
10592
11156
11296
10982
10205
8975
7322
5297
2971
429
-2227
-4890
-7445
-9779
-11783
-13361
-14430
-14927
-14815
-14078
-12731
-10814
-8395
-5563
-2431
873
4214
7447
10431
13032
15130
16627
17445
17537
16888
15513
13459
10805
7657
4143
411
-3382
-7073
-10502
-13518
-15987
-17797
-18864
-19136
-18595
-17257
-15176
-12437
-9153
-5463
-1525
2492
6417
10080
13321
16002
18004
19241
0
0
0
0
0
0
0
0
0
0
0
0
0
0
0
0
0
0
0
0
0
0
0
0
0
0
0
0
0
0
0
0
0
0
0
0
0
0
0
0
0
0
0
0
0
0
0
0
0
0
0
0
0
0
0
0
0
0
0
0
0
0
0
0
0
0
0
-13106
-12823
-11987
-10633
-8822
-6632
-4159
-1511
1195
3845
6321
8517
10338
11707
12565
12877
12631
11842
10545
8799
6683
4290
1725
-897
-3465
-5866
-7997
-9767
-11103
-11948
-12269
-12057
-11325
-10108
-8463
-6465
-4204
-1780
699
3128
5400
7417
9096
10365
11173
11490
11307
10635
9509
7981
6121
4013
1750
-567
-2841
-4973
-6871
-8458
-9666
-10449
-10776
-10637
-10043
-9023
-7625
-5911
-3957
-1848
323
2467
4492
6315
7858
9061
9876
10271
10234
9769
8899
7662
6114
4319
2354
299
-1758
-3737
-5557
-7145
-8437
-9384
-9950
-10114
-9872
-9236
-8232
-6902
-5301
-3492
-1548
456
2441
4331
6052
7539
8735
9595
10087
10193
9909
9247
8232
6902
5309
3510
1575
-425
-2416
-4324
-6078
-7612
-8870
-9804
-10380
-10574
-10379
-9800
-8857
-7583
-6023
-4232
-2276
-223
1849
3869
5760
7453
8885
10003
10763
11136
11104
10668
9839
8645
7128
5341
3347
1219
-967
-3132
-5195
-7080
-8717
-10043
-11010
-11578
-11725
-11444
-10742
-9645
-8191
-6433
-4435
-2271
-20
2233
4406
6417
8192
9664
10780
11497
11791
11652
11085
10115
8779
7130
5231
3154
980
-1210
-3335
-5315
-7079
-8562
-9714
-10497
-10886
-10874
-10468
-9690
-8578
-7179
-5552
-3762
-1880
22
1874
3609
5166
6494
7552
8311
8755
8879
8692
8214
7476
6517
5381
4117
2778
1415
76
-1193
-2354
-3377
-4235
-4914
-5405
-5710
-5834
-5791
-5600
-5279
-4853
-4344
-3775
-3166
-2535
-1896
-1260
-634
-24
569
1145
1704
2246
2771
3276
3756
4201
4601
4942
5207
5376
5432
5355
5129
4742
4184
3455
2559
1510
329
-953
-2300
-3668
-5005
-6261
-7379
-8306
-8994
-9399
-9486
-9231
-8624
-7667
-6379
-4792
-2953
-923
1227
3419
5567
7584
9384
10888
12026
12737
12982
12734
11988
10760
9086
7021
4638
2025
-718
-3484
-6163
-8645
-10827
-12617
-13936
-14725
-14947
-14584
-13647
-12167
-10201
-7824
-5129
-2226
769
3736
6555
9110
11298
13030
14239
14876
14919
14370
13255
11626
9553
7126
4450
1638
-1192
-3926
-6449
-8663
-10482
-11837
-12683
-12996
-12776
-12046
-10850
-9252
-7330
-5177
-2892
-575
1672
3756
5593
7115
8267
9016
9347
9265
8795
7977
6868
5534
4049
2492
941
-529
-1856
-2981
-3864
-4478
-4810
-4866
-4664
-4236
-3626
-2885
-2069
-1236
-441
263
836
1244
1467
1497
1339
1014
550
-12
-628
-1246
-1814
-2283
-2609
-2757
-2701
-2428
-1940
-1251
-389
606
1684
2787
3853
4817
5619
6204
6524
6546
6250
5632
4705
3498
2057
438
-1285
-3037
-4734
-6294
-7637
-8694
-9403
-9720
-9619
-9090
-8147
-6820
-5161
-3237
-1128
1071
3267
5359
7251
8856
10098
10915
11268
11136
10520
9445
7955
6115
4007
1724
-632
-2955
-5142
-7094
-8723
-9958
-10745
-11050
-10863
-10197
-9086
-7585
-5767
-3719
-1539
670
2807
4771
6475
7842
8813
9349
9432
9068
8281
7119
5645
3938
2086
185
-1668
-3384
-4878
-6078
-6929
-7394
-7455
-7118
-6407
-5366
-4056
-2550
-933
707
2281
3704
4899
5801
6362
6553
6362
5801
4899
3704
2281
707
-933
-2550
-4056
-5366
-6407
-7118
-7455
-7394
-6929
-6078
-4878
-3384
-1668
185
2086
3938
5645
7119
8281
9068
9432
9349
8813
7842
6475
4771
2807
670
-1539
-3719
-5767
-7585
-9086
-10197
-10863
-11050
-10745
-9958
-8723
-7094
-5142
-2955
-632
1724
4007
6115
7955
9445
10520
11136
11268
10915
10098
8856
7251
5359
3267
1071
-1128
-3237
-5161
-6820
-8147
-9090
-9619
-9720
-9403
-8694
-7637
-6294
-4734
-3037
-1285
438
2057
3498
4705
5632
6250
6546
6524
6204
5619
4817
3853
2787
1684
606
-389
-1251
-1940
-2428
-2701
-2757
-2609
-2283
-1814
-1246
-628
-12
550
1014
1339
1497
1467
1244
836
263
-441
-1236
-2069
-2885
-3626
-4236
-4664
-4866
-4810
-4478
-3864
-2981
-1856
-529
941
2492
4049
5534
6868
7977
8795
9265
9347
9016
8267
7115
5593
3756
1672
-575
-2892
-5177
-7330
-9252
-10850
-12046
-12776
-12996
-12683
-11837
-10482
-8663
-6449
-3926
-1192
1638
4450
7126
9553
11626
13255
14370
14919
14876
14239
13030
11298
9110
6555
3736
769
-2226
-5129
-7824
-10201
-12167
-13647
-14584
-14947
-14725
-13936
-12617
-10827
-8645
-6163
-3484
-718
2025
4638
7021
9086
10760
11988
12734
12982
12737
12026
10888
9384
7584
5567
3419
1227
-923
-2953
-4792
-6379
-7667
-8624
-9231
-9486
-9399
-8994
-8306
-7379
-6261
-5005
-3668
-2300
-953
329
1510
2559
3455
4184
4742
5129
5355
5432
5376
5207
4942
4601
4201
3756
3276
2771
2246
1704
1145
569
-24
-634
-1260
-1896
-2535
-3166
-3775
-4344
-4853
-5279
-5600
-5791
-5834
-5710
-5405
-4914
-4235
-3377
-2354
-1193
76
1415
2778
4117
5381
6517
7476
8214
8692
8879
8755
8311
7552
6494
5166
3609
1874
22
-1880
-3762
-5552
-7179
-8578
-9690
-10468
-10874
-10886
-10497
-9714
-8562
-7079
-5315
-3335
-1210
980
3154
5231
7130
8779
10115
11085
11652
11791
11497
10780
9664
8192
6417
4406
2233
-20
-2271
-4435
-6433
-8191
-9645
-10742
-11444
-11725
-11578
-11010
-10043
-8717
-7080
-5195
-3132
-967
1219
3347
5341
7128
8645
9839
10668
11104
11136
10763
10003
8885
7453
5760
3869
1849
-223
-2276
-4232
-6023
-7583
-8857
-9800
-10379
-10574
-10380
-9804
-8870
-7612
-6078
-4324
-2416
-425
1575
3510
5309
6902
8232
9247
9909
10193
10087
9595
8735
7539
6052
4331
2441
456
-1548
-3492
-5301
-6902
-8232
-9236
-9872
-10114
-9950
-9384
-8437
-7145
-5557
-3737
-1758
299
2354
4319
6114
7662
8899
9769
10234
10271
9876
9061
7858
6315
4492
2467
323
-1848
-3957
-5911
-7625
-9023
-10043
-10637
-10776
-10449
-9666
-8458
-6871
-4973
-2841
-567
1750
4013
6121
7981
9509
10635
11307
11490
11173
10365
9096
7417
5400
3128
699
-1780
-4204
-6465
-8463
-10108
-11325
-12057
-12269
-11948
-11103
-9767
-7997
-5866
-3465
-897
1725
4290
6683
8799
10545
11842
12631
12877
12565
11707
10338
8517
6321
3845
1195
-1511
-4159
-6632
-8822
-10633
-11987
-12823
0
0
0
0
0
0
0
0
0
0
0
0
0
0
0
0
0
0
0
0
0
0
0
0
0
0
0
0
0
0
0
0
0
0
0
0
0
0
0
0
0
0
0
0
0
0
0
0
0
0
0
0
0
0
0
0
0
0
0
0
0
0
0
0
0
0
0
-6553
-6373
-5840
-4984
-3845
-2483
-966
626
2216
3718
5055
6155
6959
7419
7507
7211
6537
5512
4177
2592
829
-1031
-2901
-4692
-6317
-7695
-8755
-9441
-9713
-9549
-8946
-7923
-6516
-4782
-2789
-624
1623
3854
5971
7880
9495
10740
11556
11903
11757
11119
10009
8467
6553
4342
1923
-606
-3142
-5581
-7823
-9773
-11352
-12493
-13147
-13286
-12902
-12008
-10640
-8850
-6708
-4299
-1718
933
3552
6036
8289
10223
11764
12856
13458
13549
13128
12216
10850
9085
6992
4652
2155
-401
-2923
-5316
-7491
-9371
-10890
-11994
-12649
-12837
-12557
-11825
-10675
-9156
-7326
-5259
-3032
-728
1567
3773
5812
7612
9115
10271
11045
11418
11382
10947
10134
8981
7534
5849
3990
2025
26
-1935
-3793
-5483
-6950
-8147
-9036
-9593
-9805
-9670
-9201
-8421
-7363
-6070
-4592
-2984
-1308
377
2011
3537
4903
6062
6978
7624
7980
8042
7813
7308
6553
5580
4431
3154
1798
418
-934
-2207
-3356
-4338
-5121
-5679
-5997
-6071
-5903
-5510
-4915
-4147
-3247
-2255
-1217
-180
811
1716
2496
3123
3572
3830
3892
3764
3459
2999
2414
1738
1009
270
-440
-1083
-1624
-2035
-2294
-2389
-2315
-2079
-1693
-1183
-577
88
773
1436
2035
2532
2893
3088
3101
2919
2544
1986
1266
416
-526
-1515
-2501
-3432
-4257
-4928
-5401
-5643
-5630
-5348
-4796
-3989
-2950
-1718
-342
1121
2610
4056
5392
6554
7481
8126
8447
8420
8034
7294
6221
4852
3236
1437
-472
-2414
-4306
-6068
-7620
-8894
-9830
-10382
-10522
-10236
-9531
-8430
-6974
-5219
-3236
-1105
1087
3252
5299
7143
8708
9930
10758
11159
11116
10634
9733
8454
6850
4989
2950
817
-1321
-3379
-5275
-6934
-8293
-9304
-9932
-10162
-9993
-9443
-8545
-7344
-5898
-4274
-2544
-780
944
2563
4015
5249
6228
6925
7326
7435
7263
6836
6189
5363
4406
3367
2294
1235
231
-682
-1479
-2140
-2657
-3028
-3261
-3370
-3374
-3298
-3164
-2997
-2819
-2648
-2496
-2372
-2275
-2201
-2138
-2069
-1977
-1840
-1638
-1352
-967
-476
123
826
1616
2469
3356
4237
5069
5806
6401
6809
6991
6913
6553
5900
4957
3740
2280
623
-1172
-3040
-4903
-6679
-8288
-9649
-10690
-11349
-11578
-11346
-10640
-9469
-7862
-5870
-3560
-1020
1651
4346
6950
9352
11441
13121
14309
14940
14974
14394
13209
11456
9196
6514
3515
319
-2941
-6131
-9115
-11763
-13959
-15606
-16626
-16970
-16616
-15574
-13880
-11601
-8831
-5682
-2285
1216
4675
7946
10890
13381
15315
16610
17212
17097
16271
14773
12667
10048
7028
3739
322
-3076
-6311
-9248
-11764
-13757
-15148
-15885
-15946
-15337
-14094
-12281
-9985
-7311
-4383
-1329
1714
4620
7263
9537
11352
12641
13360
13494
13052
12069
10604
8734
6553
4166
1684
-780
-3120
-5238
-7049
-8484
-9495
-10054
-10155
-9815
-9067
-7964
-6573
-4970
-3240
-1466
267
1883
3314
4506
5417
6023
6317
6305
6012
5471
4730
3841
2862
1850
862
-52
-851
-1503
-1985
-2290
-2419
-2387
-2216
-1937
-1587
-1203
-826
-489
-226
-57
0
-57
-226
-489
-826
-1203
-1587
-1937
-2216
-2387
-2419
-2290
-1985
-1503
-851
-52
862
1850
2862
3841
4730
5471
6012
6305
6317
6023
5417
4506
3314
1883
267
-1466
-3240
-4970
-6573
-7964
-9067
-9815
-10155
-10054
-9495
-8484
-7049
-5238
-3120
-780
1684
4166
6553
8734
10604
12069
13052
13494
13360
12641
11352
9537
7263
4620
1714
-1329
-4383
-7311
-9985
-12281
-14094
-15337
-15946
-15885
-15148
-13757
-11764
-9248
-6311
-3076
322
3739
7028
10048
12667
14773
16271
17097
17212
16610
15315
13381
10890
7946
4675
1216
-2285
-5682
-8831
-11601
-13880
-15574
-16616
-16970
-16626
-15606
-13959
-11763
-9115
-6131
-2941
319
3515
6514
9196
11456
13209
14394
14974
14940
14309
13121
11441
9352
6950
4346
1651
-1020
-3560
-5870
-7862
-9469
-10640
-11346
-11578
-11349
-10690
-9649
-8288
-6679
-4903
-3040
-1172
623
2280
3740
4957
5900
6553
6913
6991
6809
6401
5806
5069
4237
3356
2469
1616
826
123
-476
-967
-1352
-1638
-1840
-1977
-2069
-2138
-2201
-2275
-2372
-2496
-2648
-2819
-2997
-3164
-3298
-3374
-3370
-3261
-3028
-2657
-2140
-1479
-682
231
1235
2294
3367
4406
5363
6189
6836
7263
7435
7326
6925
6228
5249
4015
2563
944
-780
-2544
-4274
-5898
-7344
-8545
-9443
-9993
-10162
-9932
-9304
-8293
-6934
-5275
-3379
-1321
817
2950
4989
6850
8454
9733
10634
11116
11159
10758
9930
8708
7143
5299
3252
1087
-1105
-3236
-5219
-6974
-8430
-9531
-10236
-10522
-10382
-9830
-8894
-7620
-6068
-4306
-2414
-472
1437
3236
4852
6221
7294
8034
8420
8447
8126
7481
6554
5392
4056
2610
1121
-342
-1718
-2950
-3989
-4796
-5348
-5630
-5643
-5401
-4928
-4257
-3432
-2501
-1515
-526
416
1266
1986
2544
2919
3101
3088
2893
2532
2035
1436
773
88
-577
-1183
-1693
-2079
-2315
-2389
-2294
-2035
-1624
-1083
-440
270
1009
1738
2414
2999
3459
3764
3892
3830
3572
3123
2496
1716
811
-180
-1217
-2255
-3247
-4147
-4915
-5510
-5903
-6071
-5997
-5679
-5121
-4338
-3356
-2207
-934
418
1798
3154
4431
5580
6553
7308
7813
8042
7980
7624
6978
6062
4903
3537
2011
377
-1308
-2984
-4592
-6070
-7363
-8421
-9201
-9670
-9805
-9593
-9036
-8147
-6950
-5483
-3793
-1935
26
2025
3990
5849
7534
8981
10134
10947
11382
11418
11045
10271
9115
7612
5812
3773
1567
-728
-3032
-5259
-7326
-9156
-10675
-11825
-12557
-12837
-12649
-11994
-10890
-9371
-7491
-5316
-2923
-401
2155
4652
6992
9085
10850
12216
13128
13549
13458
12856
11764
10223
8289
6036
3552
933
-1718
-4299
-6708
-8850
-10640
-12008
-12902
-13286
-13147
-12493
-11352
-9773
-7823
-5581
-3142
-606
1923
4342
6553
8467
10009
11119
11757
11903
11556
10740
9495
7880
5971
3854
1623
-624
-2789
-4782
-6516
-7923
-8946
-9549
-9713
-9441
-8755
-7695
-6317
-4692
-2901
-1031
829
2592
4177
5512
6537
7211
7507
7419
6959
6155
5055
3718
2216
626
-966
-2483
-3845
-4984
-5840
-6373
0
0
0
0
0
0
0
0
0
0
0
0
0
0
0
0
0
0
0
0
0
0
0
0
0
0
0
0
0
0
0
0
0
0
0
0
0
0
0
0
0
0
0
0
0
0
0
0
0
0
0
0
0
0
0
0
0
0
0
0
0
0
0
0
0
0
0
13106
12790
11856
10348
8338
5922
3215
345
-2550
-5335
-7874
-10048
-11752
-12904
-13448
-13356
-12631
-11305
-9439
-7117
-4448
-1554
1430
4366
7119
9559
11575
13073
13983
14262
13896
12903
11325
9234
6724
3909
914
-2126
-5077
-7807
-10197
-12142
-13558
-14386
-14592
-14172
-13149
-11570
-9509
-7059
-4330
-1441
1481
4314
6937
9242
11136
12547
13423
13738
13490
12700
11413
9695
7625
5298
2817
287
-2186
-4506
-6582
-8340
-9720
-10681
-11201
-11278
-10928
-10183
-9091
-7712
-6114
-4370
-2555
-743
998
2609
4038
5245
6204
6898
7325
7494
7421
7133
6660
6038
5301
4486
3625
2747
1876
1031
224
-535
-1246
-1907
-2520
-3090
-3619
-4108
-4557
-4960
-5309
-5591
-5791
-5890
-5870
-5710
-5393
-4904
-4236
-3385
-2358
-1169
155
1584
3072
4571
6023
7369
8547
9498
10168
10509
10485
10073
9265
8068
6508
4626
2481
145
-2298
-4755
-7128
-9319
-11232
-12779
-13886
-14491
-14554
-14055
-12996
-11405
-9329
-6841
-4029
-1001
2128
5234
8191
10878
13181
15002
16260
16896
16878
16198
14876
12960
10522
7657
4476
1106
-2317
-5658
-8779
-11557
-13878
-15650
-16801
-17288
-17092
-16225
-14725
-12657
-10109
-7186
-4011
-714
2569
5709
8578
11065
13075
14535
15394
15629
15241
14260
12737
10747
8381
5743
2950
118
-2635
-5199
-7476
-9381
-10847
-11828
-12301
-12265
-11739
-10764
-9399
-7716
-5798
-3738
-1627
443
2386
4126
5600
6757
7565
8008
8089
7825
7249
6408
5355
4153
2868
1566
308
-847
-1852
-2671
-3276
-3655
-3807
-3744
-3488
-3071
-2532
-1913
-1260
-617
-27
474
858
1104
1201
1147
953
635
220
-261
-771
-1273
-1727
-2098
-2354
-2471
-2431
-2225
-1855
-1331
-673
89
923
1787
2637
3430
4121
4670
5044
5215
5166
4887
4382
3663
2753
1686
502
-752
-2025
-3263
-4413
-5425
-6252
-6856
-7207
-7284
-7079
-6594
-5843
-4851
-3653
-2294
-823
703
2226
3688
5031
6203
7157
7857
8272
8386
8192
7695
6913
5873
4613
3177
1618
-6
-1638
-3218
-4688
-5995
-7091
-7937
-8502
-8765
-8717
-8358
-7702
-6772
-5601
-4229
-2706
-1085
575
2218
3784
5219
6470
7495
8255
8724
8885
8731
8268
7509
6483
5225
3778
2194
529
-1156
-2803
-4351
-5745
-6933
-7872
-8526
-8870
-8890
-8585
-7965
-7050
-5873
-4479
-2916
-1244
475
2177
3798
5275
6552
7579
8317
8735
8818
8560
7972
7075
5905
4506
2934
1251
-475
-2177
-3787
-5238
-6473
-7442
-8106
-8437
-8423
-8065
-7378
-6392
-5149
-3700
-2107
-438
1235
2844
4320
5600
6630
7368
7783
7858
7593
7000
6108
4957
3600
2097
516
-1071
-2596
-3988
-5188
-6142
-6808
-7158
-7179
-6871
-6251
-5349
-4208
-2883
-1435
67
1553
2955
4208
5252
6042
6539
6724
6588
6139
5400
4407
3207
1860
429
-1016
-2408
-3680
-4771
-5630
-6215
-6499
-6469
-6127
-5489
-4587
-3465
-2175
-782
649
2049
3350
4490
5414
6078
6449
6510
6258
5704
4876
3813
2566
1195
-233
-1651
-2991
-4188
-5184
-5932
-6396
-6553
-6396
-5932
-5184
-4188
-2991
-1651
-233
1195
2566
3813
4876
5704
6258
6510
6449
6078
5414
4490
3350
2049
649
-782
-2175
-3465
-4587
-5489
-6127
-6469
-6499
-6215
-5630
-4771
-3680
-2408
-1016
429
1860
3207
4407
5400
6139
6588
6724
6539
6042
5252
4208
2955
1553
67
-1435
-2883
-4208
-5349
-6251
-6871
-7179
-7158
-6808
-6142
-5188
-3988
-2596
-1071
516
2097
3600
4957
6108
7000
7593
7858
7783
7368
6630
5600
4320
2844
1235
-438
-2107
-3700
-5149
-6392
-7378
-8065
-8423
-8437
-8106
-7442
-6473
-5238
-3787
-2177
-475
1251
2934
4506
5905
7075
7972
8560
8818
8735
8317
7579
6552
5275
3798
2177
475
-1244
-2916
-4479
-5873
-7050
-7965
-8585
-8890
-8870
-8526
-7872
-6933
-5745
-4351
-2803
-1156
529
2194
3778
5225
6483
7509
8268
8731
8885
8724
8255
7495
6470
5219
3784
2218
575
-1085
-2706
-4229
-5601
-6772
-7702
-8358
-8717
-8765
-8502
-7937
-7091
-5995
-4688
-3218
-1638
-6
1618
3177
4613
5873
6913
7695
8192
8386
8272
7857
7157
6203
5031
3688
2226
703
-823
-2294
-3653
-4851
-5843
-6594
-7079
-7284
-7207
-6856
-6252
-5425
-4413
-3263
-2025
-752
502
1686
2753
3663
4382
4887
5166
5215
5044
4670
4121
3430
2637
1787
923
89
-673
-1331
-1855
-2225
-2431
-2471
-2354
-2098
-1727
-1273
-771
-261
220
635
953
1147
1201
1104
858
474
-27
-617
-1260
-1913
-2532
-3071
-3488
-3744
-3807
-3655
-3276
-2671
-1852
-847
308
1566
2868
4153
5355
6408
7249
7825
8089
8008
7565
6757
5600
4126
2386
443
-1627
-3738
-5798
-7716
-9399
-10764
-11739
-12265
-12301
-11828
-10847
-9381
-7476
-5199
-2635
118
2950
5743
8381
10747
12737
14260
15241
15629
15394
14535
13075
11065
8578
5709
2569
-714
-4011
-7186
-10109
-12657
-14725
-16225
-17092
-17288
-16801
-15650
-13878
-11557
-8779
-5658
-2317
1106
4476
7657
10522
12960
14876
16198
16878
16896
16260
15002
13181
10878
8191
5234
2128
-1001
-4029
-6841
-9329
-11405
-12996
-14055
-14554
-14491
-13886
-12779
-11232
-9319
-7128
-4755
-2298
145
2481
4626
6508
8068
9265
10073
10485
10509
10168
9498
8547
7369
6023
4571
3072
1584
155
-1169
-2358
-3385
-4236
-4904
-5393
-5710
-5870
-5890
-5791
-5591
-5309
-4960
-4557
-4108
-3619
-3090
-2520
-1907
-1246
-535
224
1031
1876
2747
3625
4486
5301
6038
6660
7133
7421
7494
7325
6898
6204
5245
4038
2609
998
-743
-2555
-4370
-6114
-7712
-9091
-10183
-10928
-11278
-11201
-10681
-9720
-8340
-6582
-4506
-2186
287
2817
5298
7625
9695
11413
12700
13490
13738
13423
12547
11136
9242
6937
4314
1481
-1441
-4330
-7059
-9509
-11570
-13149
-14172
-14592
-14386
-13558
-12142
-10197
-7807
-5077
-2126
914
3909
6724
9234
11325
12903
13896
14262
13983
13073
11575
9559
7119
4366
1430
-1554
-4448
-7117
-9439
-11305
-12631
-13356
-13448
-12904
-11752
-10048
-7874
-5335
-2550
345
3215
5922
8338
10348
11856
12790
0
0
0
0
0
0
0
0
0
0
0
0
0
0
0
0
0
0
0
0
0
0
0
0
0
0
0
0
0
0
0
0
0
0
0
0
0
0
0
0
0
0
0
0
0
0
0
0
0
0
0
0
0
0
0
0
0
0
0
0
0
0
0
0
0
0
0
6553
6428
6060
5464
4664
3693
2592
1405
179
-1034
-2190
-3244
-4157
-4895
-5435
-5762
-5868
-5758
-5442
-4940
-4280
-3493
-2614
-1682
-733
195
1071
1864
2553
3118
3549
3842
3998
4023
3930
3732
3448
3096
2694
2259
1807
1352
903
466
48
-351
-733
-1098
-1449
-1788
-2114
-2426
-2722
-2995
-3234
-3430
-3568
-3634
-3612
-3489
-3252
-2893
-2408
-1798
-1071
-242
669
1634
2619
3586
4494
5299
5960
6436
6695
6707
6456
5933
5143
4101
2837
1392
-183
-1830
-3479
-5061
-6505
-7741
-8707
-9350
-9626
-9510
-8990
-8073
-6784
-5166
-3276
-1189
1011
3233
5379
7354
9065
10431
11382
11865
11847
11315
10282
8781
6866
4615
2119
-516
-3177
-5746
-8107
-10151
-11782
-12919
-13504
-13501
-12901
-11721
-10005
-7822
-5264
-2438
529
3511
6370
8979
11215
12974
14172
14747
14668
13929
12558
10610
8166
5333
2233
-994
-4207
-7259
-10010
-12334
-14123
-15292
-15781
-15565
-14648
-13064
-10882
-8195
-5121
-1794
1634
5014
8191
11023
13379
15152
16259
16647
16296
15218
13457
11091
8222
4976
1496
-2062
-5543
-8791
-11662
-14027
-15783
-16851
-17183
-16764
-15614
-13782
-11351
-8426
-5138
-1631
1941
5424
8665
11525
13880
15631
16706
17061
16687
15603
13864
11547
8758
5621
2274
-1137
-4467
-7575
-10329
-12618
-14351
-15461
-15912
-15693
-14826
-13358
-11363
-8933
-6180
-3227
-201
2768
5558
8056
10166
11808
12926
13490
13491
12947
11896
10399
8533
6389
4064
1662
-714
-2969
-5013
-6773
-8187
-9214
-9830
-10030
-9828
-9254
-8352
-7178
-5797
-4278
-2694
-1113
399
1786
3001
4007
4781
5312
5600
5657
5506
5176
4703
4123
3476
2801
2130
1494
915
409
-16
-358
-624
-823
-972
-1086
-1185
-1287
-1406
-1553
-1736
-1955
-2205
-2476
-2752
-3012
-3235
-3396
-3471
-3437
-3276
-2976
-2530
-1939
-1213
-369
567
1563
2581
3577
4508
5328
5996
6471
6724
6731
6478
5964
5197
4198
2998
1641
174
-1343
-2854
-4295
-5606
-6732
-7622
-8236
-8545
-8531
-8191
-7534
-6583
-5372
-3950
-2370
-695
1008
2674
4236
5633
6811
7725
8341
8638
8608
8257
7603
6676
5518
4177
2710
1176
-362
-1847
-3223
-4440
-5457
-6241
-6772
-7039
-7044
-6796
-6319
-5641
-4799
-3832
-2786
-1704
-630
397
1343
2178
2880
3435
3836
4082
4182
4147
3996
3747
3425
3051
2647
2233
1826
1437
1076
747
449
180
-67
-303
-535
-773
-1026
-1299
-1595
-1915
-2252
-2599
-2942
-3265
-3550
-3775
-3920
-3964
-3890
-3683
-3333
-2837
-2197
-1423
-532
451
1499
2573
3636
4643
5553
6322
6912
7290
7427
7305
6914
6255
5339
4191
2841
1333
-283
-1952
-3612
-5201
-6657
-7921
-8941
-9670
-10074
-10127
-9820
-9153
-8143
-6819
-5221
-3403
-1427
638
2721
4745
6636
8323
9743
10840
11571
11904
11822
11325
10424
9147
7537
5646
3541
1292
-1020
-3316
-5515
-7538
-9314
-10778
-11877
-12572
-12836
-12658
-12042
-11009
-9593
-7841
-5814
-3581
-1219
1190
3563
5819
7879
9671
11134
12217
12882
13106
12882
12217
11134
9671
7879
5819
3563
1190
-1219
-3581
-5814
-7841
-9593
-11009
-12042
-12658
-12836
-12572
-11877
-10778
-9314
-7538
-5515
-3316
-1020
1292
3541
5646
7537
9147
10424
11325
11822
11904
11571
10840
9743
8323
6636
4745
2721
638
-1427
-3403
-5221
-6819
-8143
-9153
-9820
-10127
-10074
-9670
-8941
-7921
-6657
-5201
-3612
-1952
-283
1333
2841
4191
5339
6255
6914
7305
7427
7290
6912
6322
5553
4643
3636
2573
1499
451
-532
-1423
-2197
-2837
-3333
-3683
-3890
-3964
-3920
-3775
-3550
-3265
-2942
-2599
-2252
-1915
-1595
-1299
-1026
-773
-535
-303
-67
180
449
747
1076
1437
1826
2233
2647
3051
3425
3747
3996
4147
4182
4082
3836
3435
2880
2178
1343
397
-630
-1704
-2786
-3832
-4799
-5641
-6319
-6796
-7044
-7039
-6772
-6241
-5457
-4440
-3223
-1847
-362
1176
2710
4177
5518
6676
7603
8257
8608
8638
8341
7725
6811
5633
4236
2674
1008
-695
-2370
-3950
-5372
-6583
-7534
-8191
-8531
-8545
-8236
-7622
-6732
-5606
-4295
-2854
-1343
174
1641
2998
4198
5197
5964
6478
6731
6724
6471
5996
5328
4508
3577
2581
1563
567
-369
-1213
-1939
-2530
-2976
-3276
-3437
-3471
-3396
-3235
-3012
-2752
-2476
-2205
-1955
-1736
-1553
-1406
-1287
-1185
-1086
-972
-823
-624
-358
-16
409
915
1494
2130
2801
3476
4123
4703
5176
5506
5657
5600
5312
4781
4007
3001
1786
399
-1113
-2694
-4278
-5797
-7178
-8352
-9254
-9828
-10030
-9830
-9214
-8187
-6773
-5013
-2969
-714
1662
4064
6389
8533
10399
11896
12947
13491
13490
12926
11808
10166
8056
5558
2768
-201
-3227
-6180
-8933
-11363
-13358
-14826
-15693
-15912
-15461
-14351
-12618
-10329
-7575
-4467
-1137
2274
5621
8758
11547
13864
15603
16687
17061
16706
15631
13880
11525
8665
5424
1941
-1631
-5138
-8426
-11351
-13782
-15614
-16764
-17183
-16851
-15783
-14027
-11662
-8791
-5543
-2062
1496
4976
8222
11091
13457
15218
16296
16647
16259
15152
13379
11023
8191
5014
1634
-1794
-5121
-8195
-10882
-13064
-14648
-15565
-15781
-15292
-14123
-12334
-10010
-7259
-4207
-994
2233
5333
8166
10610
12558
13929
14668
14747
14172
12974
11215
8979
6370
3511
529
-2438
-5264
-7822
-10005
-11721
-12901
-13501
-13504
-12919
-11782
-10151
-8107
-5746
-3177
-516
2119
4615
6866
8781
10282
11315
11847
11865
11382
10431
9065
7354
5379
3233
1011
-1189
-3276
-5166
-6784
-8073
-8990
-9510
-9626
-9350
-8707
-7741
-6505
-5061
-3479
-1830
-183
1392
2837
4101
5143
5933
6456
6707
6695
6436
5960
5299
4494
3586
2619
1634
669
-242
-1071
-1798
-2408
-2893
-3252
-3489
-3612
-3634
-3568
-3430
-3234
-2995
-2722
-2426
-2114
-1788
-1449
-1098
-733
-351
48
466
903
1352
1807
2259
2694
3096
3448
3732
3930
4023
3998
3842
3549
3118
2553
1864
1071
195
-733
-1682
-2614
-3493
-4280
-4940
-5442
-5758
-5868
-5762
-5435
-4895
-4157
-3244
-2190
-1034
179
1405
2592
3693
4664
5464
6060
6428
0
0
0
0
0
0
0
0
0
0
0
0
0
0
0
0
0
0
0
0
0
0
0
0
0
0
0
0
0
0
0
0
0
0
0
0
0
0
0
0
0
0
0
0
0
0
0
0
0
0
0
0
0
0
0
0
0
0
0
0
0
0
0
0
0
0
0
-6553
-6463
-6197
-5760
-5164
-4423
-3557
-2588
-1539
-439
682
1796
2873
3881
4793
5581
6221
6693
6979
7068
6953
6632
6110
5397
4510
3470
2304
1044
-273
-1612
-2929
-4185
-5338
-6349
-7183
-7808
-8198
-8334
-8204
-7806
-7144
-6233
-5097
-3767
-2283
-691
958
2610
4207
5694
7015
8121
8968
9519
9748
9640
9191
8410
7316
5945
4339
2553
649
-1305
-3240
-5081
-6759
-8209
-9373
-10202
-10660
-10724
-10388
-9658
-8558
-7127
-5415
-3486
-1414
721
2837
4851
6681
8254
9505
10384
10852
10890
10494
9680
8479
6940
5126
3111
980
-1179
-3276
-5223
-6938
-8349
-9397
-10038
-10245
-10013
-9352
-8294
-6887
-5195
-3294
-1270
785
2779
4624
6234
7539
8480
9016
9123
8800
8064
6950
5515
3826
1966
24
-1904
-3727
-5355
-6708
-7720
-8339
-8534
-8294
-7628
-6566
-5159
-3474
-1593
392
2383
4281
5988
7418
8492
9153
9360
9094
8359
7182
5613
3720
1589
-679
-2980
-5201
-7233
-8973
-10330
-11231
-11620
-11468
-10768
-9540
-7829
-5703
-3252
-580
2191
4940
7539
9866
11808
13270
14175
14472
14134
13164
11594
9482
6911
3986
832
-2418
-5623
-8644
-11346
-13606
-15322
-16413
-16825
-16531
-15537
-13880
-11623
-8857
-5696
-2271
1274
4792
8133
11157
13735
15759
17142
17827
17784
17016
15555
13463
10829
7764
4395
863
-2684
-6103
-9253
-12008
-14258
-15917
-16923
-17244
-16876
-15842
-14194
-12010
-9386
-6436
-3285
-65
3093
6064
8733
11000
12784
14026
14691
14769
14275
13245
11738
9830
7609
5176
2634
88
-2361
-4623
-6616
-8275
-9550
-10411
-10845
-10858
-10472
-9727
-8670
-7363
-5871
-4264
-2610
-975
580
2004
3256
4304
5127
5718
6079
6221
6163
5931
5554
5063
4490
3865
3215
2562
1923
1311
734
193
-312
-787
-1237
-1668
-2086
-2494
-2891
-3276
-3641
-3974
-4262
-4488
-4631
-4675
-4599
-4390
-4035
-3528
-2869
-2067
-1136
-101
1009
2158
3303
4400
5401
6261
6937
7391
7594
7524
7171
6536
5634
4488
3137
1628
15
-1638
-3268
-4808
-6193
-7365
-8273
-8875
-9143
-9060
-8626
-7855
-6776
-5429
-3867
-2154
-357
1449
3194
4807
6222
7385
8249
8784
8970
8805
8301
7484
6392
5074
3590
2002
378
-1214
-2714
-4061
-5207
-6112
-6747
-7099
-7163
-6950
-6482
-5790
-4913
-3898
-2793
-1650
-517
559
1539
2390
3087
3614
3965
4142
4154
4021
3764
3411
2989
2528
2054
1591
1160
773
440
163
-59
-237
-381
-505
-624
-754
-907
-1093
-1318
-1581
-1878
-2198
-2524
-2837
-3113
-3326
-3452
-3465
-3345
-3079
-2656
-2076
-1349
-490
472
1506
2569
3615
4594
5456
6153
6640
6881
6847
6523
5905
5004
3843
2460
905
-761
-2471
-4150
-5722
-7115
-8257
-9090
-9565
-9648
-9321
-8586
-7460
-5982
-4206
-2201
-50
2156
4324
6356
8160
9652
10758
11423
11609
11297
10493
9224
7536
5498
3193
720
-1816
-4305
-6637
-8707
-10422
-11702
-12488
-12740
-12442
-11604
-10257
-8457
-6281
-3821
-1185
1513
4155
6626
8816
10629
11985
12823
13106
12823
11985
10629
8816
6626
4155
1513
-1185
-3821
-6281
-8457
-10257
-11604
-12442
-12740
-12488
-11702
-10422
-8707
-6637
-4305
-1816
720
3193
5498
7536
9224
10493
11297
11609
11423
10758
9652
8160
6356
4324
2156
-50
-2201
-4206
-5982
-7460
-8586
-9321
-9648
-9565
-9090
-8257
-7115
-5722
-4150
-2471
-761
905
2460
3843
5004
5905
6523
6847
6881
6640
6153
5456
4594
3615
2569
1506
472
-490
-1349
-2076
-2656
-3079
-3345
-3465
-3452
-3326
-3113
-2837
-2524
-2198
-1878
-1581
-1318
-1093
-907
-754
-624
-505
-381
-237
-59
163
440
773
1160
1591
2054
2528
2989
3411
3764
4021
4154
4142
3965
3614
3087
2390
1539
559
-517
-1650
-2793
-3898
-4913
-5790
-6482
-6950
-7163
-7099
-6747
-6112
-5207
-4061
-2714
-1214
378
2002
3590
5074
6392
7484
8301
8805
8970
8784
8249
7385
6222
4807
3194
1449
-357
-2154
-3867
-5429
-6776
-7855
-8626
-9060
-9143
-8875
-8273
-7365
-6193
-4808
-3268
-1638
15
1628
3137
4488
5634
6536
7171
7524
7594
7391
6937
6261
5401
4400
3303
2158
1009
-101
-1136
-2067
-2869
-3528
-4035
-4390
-4599
-4675
-4631
-4488
-4262
-3974
-3641
-3276
-2891
-2494
-2086
-1668
-1237
-787
-312
193
734
1311
1923
2562
3215
3865
4490
5063
5554
5931
6163
6221
6079
5718
5127
4304
3256
2004
580
-975
-2610
-4264
-5871
-7363
-8670
-9727
-10472
-10858
-10845
-10411
-9550
-8275
-6616
-4623
-2361
88
2634
5176
7609
9830
11738
13245
14275
14769
14691
14026
12784
11000
8733
6064
3093
-65
-3285
-6436
-9386
-12010
-14194
-15842
-16876
-17244
-16923
-15917
-14258
-12008
-9253
-6103
-2684
863
4395
7764
10829
13463
15555
17016
17784
17827
17142
15759
13735
11157
8133
4792
1274
-2271
-5696
-8857
-11623
-13880
-15537
-16531
-16825
-16413
-15322
-13606
-11346
-8644
-5623
-2418
832
3986
6911
9482
11594
13164
14134
14472
14175
13270
11808
9866
7539
4940
2191
-580
-3252
-5703
-7829
-9540
-10768
-11468
-11620
-11231
-10330
-8973
-7233
-5201
-2980
-679
1589
3720
5613
7182
8359
9094
9360
9153
8492
7418
5988
4281
2383
392
-1593
-3474
-5159
-6566
-7628
-8294
-8534
-8339
-7720
-6708
-5355
-3727
-1904
24
1966
3826
5515
6950
8064
8800
9123
9016
8480
7539
6234
4624
2779
785
-1270
-3294
-5195
-6887
-8294
-9352
-10013
-10245
-10038
-9397
-8349
-6938
-5223
-3276
-1179
980
3111
5126
6940
8479
9680
10494
10890
10852
10384
9505
8254
6681
4851
2837
721
-1414
-3486
-5415
-7127
-8558
-9658
-10388
-10724
-10660
-10202
-9373
-8209
-6759
-5081
-3240
-1305
649
2553
4339
5945
7316
8410
9191
9640
9748
9519
8968
8121
7015
5694
4207
2610
958
-691
-2283
-3767
-5097
-6233
-7144
-7806
-8204
-8334
-8198
-7808
-7183
-6349
-5338
-4185
-2929
-1612
-273
1044
2304
3470
4510
5397
6110
6632
6953
7068
6979
6693
6221
5581
4793
3881
2873
1796
682
-439
-1539
-2588
-3557
-4423
-5164
-5760
-6197
-6463
0
0
0
0
0
0
0
0
0
0
0
0
0
0
0
0
0
0
0
0
0
0
0
0
0
0
0
0
0
0
0
0
0
0
0
0
0
0
0
0
0
0
0
0
0
0
0
0
0
0
0
0
0
0
0
0
0
0
0
0
0
0
0
0
0
0
0
