0
4278
8485
12550
16402
19973
23203
26035
28419
30314
31684
32507
32766
32456
31581
30156
28203
25758
22860
19561
15917
11991
7852
3573
-771
-5106
-9352
-13436
-17284
-20829
-24006
-26759
-29038
-30801
-32015
-32660
-32720
-32196
-31094
-29434
-27244
-24563
-21439
-17925
-14087
-9991
-5712
-1327
3083
7441
11667
15683
19415
22796
25762
28259
30239
31667
32514
32764
32412
31462
29931
27847
25247
22178
18696
14865
10755
6443
2009
-2465
-6896
-11201
-15299
-19113
-22570
-25606
-28162
-30190
-31650
-32514
-32764
-32394
-31411
-29832
-27686
-25012
-21861
-18292
-14372
-10175
-5781
-1274
3259
7733
12062
16161
19951
23359
26318
28771
30668
31973
32659
32711
32127
30919
29107
26727
23823
20452
16679
12577
8226
3711
-879
-5455
-9926
-14204
-18204
-21846
-25058
-27775
-29942
-31516
-32464
-32766
-32415
-31417
-29790
-27567
-24790
-21514
-17805
-13736
-9388
-4849
-209
4437
8997
13377
17489
21248
24578
27411
29687
31359
32393
32765
32468
31507
29899
27676
24884
21579
17828
13707
9301
4700
0
-4703
-9311
-13729
-17864
-21629
-24947
-27746
-29968
-31566
-32503
-32761
-32332
-31225
-29460
-27076
-24119
-20653
-16748
-12488
-7961
-3263
1506
6246
10856
15238
19298
22949
26112
28719
30713
32051
32702
32651
31900
30461
28366
25658
22395
18646
14492
10022
5332
524
-4298
-9029
-13567
-17811
-21669
-25055
-27896
-30127
-31699
-32577
-32739
-32182
-30916
-28967
-26379
-23206
-19519
-15397
-10932
-6222
-1372
3511
8320
12945
17284
21240
24723
27655
29968
31611
32545
32748
32214
30954
28995
26381
23169
19431
15252
10724
5950
1038
-3899
-8751
-13405
-17757
-21705
-25159
-28038
-30277
-31822
-32637
-32702
-32014
-30588
-28456
-25665
-22280
-18377
-14047
-9388
-4509
477
5455
10308
14924
19194
23018
26305
28979
30974
32243
32756
32498
31476
29711
27244
24133
20449
16280
11722
6884
1880
-3170
-8148
-12935
-17416
-21484
-25041
-28000
-30291
-31856
-32659
-32677
-31909
-30373
-28105
-25157
-21600
-17520
-13013
-8189
-3163
1941
7001
11893
16499
20705
24407
27516
29953
31659
32589
32721
32049
30590
28377
25463
21921
17836
13307
8448
3377
-1780
-6896
-11843
-16499
-20746
-24479
-27603
-30040
-31727
-32621
-32699
-31957
-30413
-28105
-25088
-21439
-17247
-12618
-7668
-2522
2689
7836
12787
17416
21605
25247
28248
30530
32035
32723
32574
31592
29801
27244
23987
20112
15718
10917
5832
595
-4660
-9798
-14685
-19194
-23208
-26622
-29345
-31307
-32455
-32757
-32206
-30813
-28614
-25665
-22043
-17841
-13169
-8148
-2911
2405
7661
12717
17440
21705
25397
28419
30689
32146
32750
32483
31352
29385
26633
23169
19084
14487
9500
4255
-1105
-6439
-11603
-16457
-20870
-24723
-27911
-30346
-31961
-32712
-32578
-31559
-29684
-27001
-23582
-19519
-14922
-9916
-4636
771
6162
11386
16301
20770
24671
27896
30354
31977
32719
32558
31498
29565
26813
23317
19172
14492
9407
4058
-1405
-6833
-12073
-16978
-21411
-25247
-28377
-30713
-32188
-32760
-32410
-31148
-29007
-26047
-22351
-18021
-13179
-7961
-2516
3003
8440
13640
18454
22745
26389
29282
31340
32503
32737
32033
30409
27913
24613
20604
16000
10932
5547
0
-5550
-10942
-16021
-20637
-24657
-27963
-30458
-32068
-32745
-32468
-31244
-29107
-26118
-22364
-17952
-13013
-7689
-2137
3479
8997
14252
19090
23367
26955
29748
31662
32640
32650
31691
29790
27003
23411
19119
14256
8965
3403
-2262
-7862
-13230
-18204
-22633
-26385
-29345
-31423
-32556
-32707
-31871
-30072
-27362
-23823
-19561
-14703
-9397
-3803
1908
7565
12994
18030
22517
26318
29316
31419
32559
32702
31841
30001
27238
23635
19302
14372
8996
3339
-2422
-8112
-13553
-18577
-23026
-26761
-29667
-31650
-32648
-32629
-31591
-29565
-26615
-22829
-18327
-13249
-7752
-2009
3799
9491
14886
19815
24120
27666
30338
32052
32751
32412
31044
28690
25423
21345
16586
11295
5642
-193
-6025
-11667
-16938
-21669
-25706
-28920
-31206
-32489
-32726
-31909
-30063
-27244
-23544
-19081
-13998
-8460
-2644
3259
9060
14569
19606
24006
27626
30346
32075
32756
32366
30916
28451
25051
20827
15917
10480
4696
-1244
-7147
-12817
-18065
-22719
-26622
-29644
-31684
-32674
-32578
-31398
-29173
-25975
-21909
-17110
-11737
-5969
0
5972
11747
17130
21941
26016
29217
31436
32596
32657
31615
29504
26395
22390
17625
12260
6476
470
-5554
-11392
-16845
-21726
-25867
-29127
-31393
-32585
-32662
-31619
-29491
-26349
-22301
-17483
-12062
-6222
-166
5898
11762
17222
22088
26191
29387
31566
32648
32597
31411
29131
25835
21636
16679
11138
5205
-912
-7001
-12847
-18244
-23003
-26955
-29960
-31912
-32739
-32412
-30940
-28374
-24803
-20353
-15179
-9465
-3413
2763
8843
14612
19863
24407
28083
30758
32334
32755
32003
30103
27124
23169
18381
12929
7010
836
-5370
-11386
-16993
-21989
-26191
-29446
-31636
-32680
-32538
-31214
-28754
-25247
-20819
-15630
-9868
-3744
2518
8692
14551
19879
24480
28184
30855
32393
32739
31880
29845
26709
22585
17625
12011
5950
-333
-6607
-12639
-18204
-23094
-27128
-30152
-32055
-32763
-32248
-30528
-27666
-23767
-18976
-13473
-7461
-1167
5173
11322
17047
22132
26385
29644
31785
32724
32427
30901
28203
24435
19738
14288
8294
1981
-4409
-10635
-16457
-21654
-26025
-29402
-31656
-32697
-32485
-31027
-28377
-24634
-19943
-14481
-8460
-2109
4324
10594
16457
21686
26077
29459
31699
32710
32451
30929
28203
24378
19601
14056
7961
1552
-4919
-11201
-17047
-22227
-26537
-29806
-31906
-32751
-32307
-30590
-27666
-23648
-18696
-13002
-6791
-309
6187
12441
18204
23246
27366
30398
32222
32762
31995
29951
26709
22398
17189
11289
4935
-1619
-8112
-14281
-19879
-24678
-28486
-31147
-32552
-32643
-31416
-28917
-25247
-20553
-15023
-8882
-2378
4225
10659
16662
21989
26421
29777
31918
32756
32254
30432
27362
23169
18024
12137
5748
-879
-7473
-13762
-19485
-24407
-28323
-31070
-32533
-32650
-31414
-28875
-25136
-20353
-14721
-8475
-1874
4807
11292
17307
22602
26955
30182
32146
32765
32010
29911
26556
22083
16679
10571
4016
-2711
-9326
-15551
-21121
-25799
-29387
-31732
-32732
-32344
-30582
-27520
-23286
-18060
-12062
-5547
1206
7911
14280
20041
24947
28786
31393
32653
32513
30975
28105
24024
18906
12972
6476
-301
-7069
-13534
-19415
-24458
-28443
-31196
-32596
-32580
-31148
-28360
-24336
-19250
-13322
-6811
0
6813
13332
19269
24364
28393
31178
32594
32578
31129
28309
24241
19103
13120
6555
-301
-7147
-13680
-19609
-24671
-28641
-31340
-32648
-32505
-30916
-27948
-23735
-18460
-12360
-5706
1206
8067
14569
20421
25359
29162
31656
32728
32328
30473
27244
22786
17298
11027
4255
-2711
-9557
-15974
-21669
-26383
-29901
-32062
-32766
-31979
-29736
-26137
-21345
-15577
-9095
-2195
4807
11593
17850
23291
27666
30771
32464
32665
31362
28614
24546
19345
13249
6538
-477
-7473
-14125
-20126
-25196
-29098
-31650
-32732
-32292
-30349
-26991
-22374
-16712
-10266
-3339
3746
10659
17076
22694
27251
30530
32377
32702
31489
28793
24740
19519
13375
6597
-494
-7565
-14281
-20323
-25404
-29282
-31772
-32753
-32178
-30072
-26533
-21729
-15887
-9285
-2238
4919
11843
18204
23695
28052
31066
32589
32548
30942
27847
23411
17845
11416
4435
-2763
-9830
-16425
-22227
-26955
-30378
-32330
-32713
-31507
-28769
-24631
-19293
-13013
-6096
1120
8285
15047
21076
26077
29802
32068
32763
31850
29372
25451
20276
14101
7230
0
-7232
-14111
-20295
-25478
-29402
-31872
-32764
-32033
-29711
-25913
-20827
-14703
-7845
-595
6688
13640
19914
25196
29220
31785
32759
32093
29819
26047
20967
14832
7950
664
-6656
-13645
-19948
-25247
-29273
-31822
-32763
-32046
-29706
-25861
-20703
-14492
-7543
-209
7138
14125
20396
25629
29557
31977
32766
31880
29363
25342
20022
13674
6622
-771
-8129
-15071
-21240
-26318
-30042
-32219
-32734
-31559
-28754
-24461
-18901
-12360
-5177
2276
9615
16457
22447
27271
30678
32489
32608
31026
27825
23169
17302
10527
3199
-4298
-11573
-18244
-23960
-28419
-31387
-32705
-32302
-30198
-26501
-21406
-15179
-8148
-684
6817
13962
20369
25700
29668
32064
32757
31710
28975
24698
19103
12488
5205
-2358
-9798
-16717
-22745
-27557
-30894
-32577
-32513
-30703
-27244
-22319
-16192
-9191
-1693
5898
13175
19743
25247
29388
31941
32765
31816
29141
24884
19276
12618
5272
-2362
-9871
-16845
-22903
-27714
-31014
-32621
-32445
-30495
-26875
-21781
-15492
-8351
-749
6896
14165
20658
26016
29942
32220
32721
31417
28377
23767
17841
10926
3403
-4310
-11787
-18613
-24407
-28847
-31684
-32759
-32010
-29476
-25298
-19707
-13013
-5590
2148
9769
16845
22980
27828
31116
32659
32366
30254
26438
21133
14635
7310
-430
-8148
-15409
-21801
-26962
-30598
-32502
-32563
-30778
-27244
-22162
-15818
-8572
-836
6950
14343
20920
26305
30190
32350
32661
31103
27762
22829
16586
9388
1649
-6187
-13670
-20369
-25898
-29936
-32249
-32702
-31267
-28024
-23161
-16955
-9766
-2009
5867
13405
20168
25762
29860
32222
32709
31291
28049
23169
16936
9711
1916
-5992
-13553
-20323
-25904
-29968
-32275
-32687
-31179
-27837
-22855
-16527
-9222
-1372
6562
14111
20829
26318
30252
32397
32623
30916
27374
22206
15718
8294
373
-7571
-15067
-21669
-26980
-30683
-32556
-32483
-30469
-26631
-21197
-14492
-6916
1077
9009
16402
22811
27851
31216
32702
32218
29790
25564
19793
12824
5078
-2978
-10856
-18080
-24210
-28873
-31785
-32766
-31757
-28816
-24119
-17952
-10689
-2772
5316
13083
20053
25799
29968
32304
32662
31017
27469
22233
15630
8064
0
-8067
-15639
-22251
-27492
-31038
-32669
-32282
-29899
-25665
-19840
-12785
-4935
3223
11185
18454
24578
29176
31960
32754
31507
28295
23317
16881
9388
1306
-6859
-14599
-21426
-26913
-30713
-32587
-32415
-30206
-26096
-20343
-13307
-5431
2789
10837
18204
24423
29100
31937
32755
31498
28244
23199
16679
9099
938
-7285
-15047
-21854
-27271
-30951
-32659
-32282
-29844
-25497
-19519
-12290
-4271
4023
12062
19330
25359
29762
32252
32670
30984
27303
21861
15008
7184
-1105
-9326
-16947
-23474
-28484
-31650
-32766
-31757
-28687
-23753
-17274
-9670
-1435
6896
14781
21705
27215
30951
32666
32248
29720
25247
19119
11737
3583
-4807
-12886
-20121
-26035
-30239
-32455
-32534
-30469
-26395
-20578
-13400
-5336
3083
11302
18775
25007
29584
32200
32681
30992
27244
21684
14679
6695
-1736
-10055
-17706
-24178
-29038
-31959
-32744
-31340
-27837
-22468
-15592
-7668
771
9163
16942
23583
28641
31772
32764
31548
28203
22955
16155
8261
-193
-8637
-16499
-23246
-28419
-31667
-32766
-31641
-28366
-23161
-16378
-8479
0
8482
16388
23178
28387
31659
32766
31633
28334
23092
16267
8323
-193
-8699
-16610
-23382
-28547
-31748
-32764
-31521
-28105
-22748
-15818
-7793
771
9287
17161
23850
28887
31923
32744
31292
27666
22114
15023
6884
-1736
-10238
-18030
-24565
-29387
-32158
-32681
-30919
-26991
-21173
-13868
-5590
3083
11543
19194
25499
30012
32414
32534
30361
26047
19895
12336
3903
-4807
-13181
-20625
-26610
-30711
-32637
-32248
-29569
-24790
-18247
-10405
-1820
6896
15124
22277
27843
31423
32760
31757
28483
23169
16196
8060
-655
-9326
-17331
-24094
-29127
-32068
-32703
-30984
-27033
-21133
-13707
-5289
3511
12062
19743
25999
30374
32552
32371
29844
25150
18630
10754
2094
-6719
-15047
-22282
-27896
-31478
-32765
-31661
-28244
-22763
-15616
-7324
1506
10228
18204
24847
29668
32313
32585
30461
26096
19809
12062
3423
-5469
-13962
-21426
-27310
-31178
-32740
-31881
-28661
-23317
-16242
-7961
912
9721
17811
24578
29519
32265
32608
30520
26157
19840
12041
3339
-5613
-14150
-21629
-27492
-31296
-32755
-31758
-28377
-22863
-15630
-7219
1736
10564
18599
25234
29968
32443
32468
30041
25342
18725
10689
1842
-7147
-15598
-22868
-28404
-31785
-32751
-31227
-27327
-21345
-13736
-5078
3969
12717
20496
26712
30887
32702
32014
28875
23522
16364
7950
-1077
-10024
-18204
-24986
-29848
-32414
-32483
-30050
-25298
-18593
-10451
-1499
7571
16058
23305
28750
31969
32711
30916
26720
20449
12587
3744
-5391
-14111
-21734
-27666
-31442
-32766
-31533
-27837
-21964
-14372
-5653
3510
12401
20323
26654
30894
32710
31957
28692
23169
15822
7226
-1941
-10958
-19113
-25762
-30378
-32596
-32237
-29328
-24096
-16955
-8469
691
9799
18132
25028
29936
32465
32412
29778
24772
17791
9388
234
-8940
-17404
-24479
-29598
-32350
-32513
-30072
-25219
-18342
-9991
-836
8388
16942
24135
29387
32275
32563
30226
25451
18620
10283
1113
-8148
-16754
-24006
-29316
-32252
-32574
-30254
-25477
-18630
-10266
-1066
8222
16845
24098
29390
32286
32549
30156
25298
18372
9941
695
-8610
-17213
-24407
-29603
-32371
-32482
-29925
-24908
-17841
-9305
0
9307
17850
24924
29942
32491
32356
29546
24293
17028
8351
-1019
-10308
-18745
-25629
-30386
-32621
-32145
-28995
-23432
-15917
-7073
2362
11603
19879
26497
30903
32728
31816
28241
22301
14491
5464
-4023
-13175
-21224
-27492
-31451
-32766
-31324
-27244
-20868
-12732
-3519
5992
15001
22745
28568
31977
32682
30619
25962
19103
10622
1238
-8253
-17047
-24394
-29668
-32420
-32412
-29643
-24347
-16973
-8148
1373
10781
19269
26112
30723
32705
31886
28334
22351
14449
5304
-4298
-13534
-21608
-27826
-31650
-32749
-31026
-26627
-19930
-11510
-2094
7504
16457
23989
29446
32355
32460
29752
24461
17046
8148
-1459
-10942
-19477
-26318
-30870
-32732
-31742
-27983
-21780
-13674
-4371
5316
14541
22496
28484
31977
32669
30495
25645
18541
9807
209
-9410
-18204
-25397
-30356
-32640
-32046
-28625
-22675
-14721
-5464
4278
13645
21806
28038
31787
32719
30748
26047
19032
10324
695
-8997
-17892
-25196
-30256
-32621
-32077
-28669
-22701
-14703
-5389
4409
13816
21989
28193
31872
32694
30582
25725
18555
9715
0
-9718
-18563
-25739
-30598
-32699
-31850
-28126
-21861
-13619
-4144
5708
15047
23026
28920
32194
32549
29951
24631
17073
7961
-1876
-11547
-20168
-26955
-31287
-32766
-31257
-26894
-20073
-11416
-1713
8148
17267
24807
30076
32589
32113
28690
22632
14492
5018
-4919
-14407
-22570
-28657
-32104
-32591
-30072
-24775
-17189
-8012
1907
11653
20323
27113
31393
32763
31094
26539
19519
10683
852
-9060
-18132
-25519
-30530
-32697
-31816
-27965
-21503
-13031
-3339
6667
16052
23938
29584
32459
32292
29097
23169
15065
5543
-4501
-14125
-22423
-28612
-32108
-32578
-29977
-24546
-16798
-7461
2582
12385
21019
27666
31694
32721
30647
25665
18247
9095
-923
-10856
-19760
-26786
-31264
-32766
-31146
-26556
-19431
-10451
-470
9557
18675
26008
30855
32749
31507
27244
20368
11537
1595
-8501
-17784
-25359
-30497
-32702
-31758
-27754
-21074
-12360
-2451
7696
17103
24860
30215
32648
31922
28105
21563
12929
3039
-7147
-16643
-24525
-30025
-32607
-32016
-28309
-21844
-13249
-3359
6859
16412
24364
29939
32588
32050
28377
21924
13322
3413
-6833
-16412
-24382
-29960
-32596
-32028
-28309
-21804
-13150
-3199
7069
16643
24578
30089
32630
31946
28105
21482
12732
2719
-7565
-17103
-24947
-30318
-32680
-31797
-27754
-20951
-12062
-1970
8320
17784
25478
30633
32732
31565
27244
20200
11134
952
-9326
-18675
-26154
-31014
-32765
-31228
-26556
-19215
-9941
333
10578
19760
26955
31436
32749
30759
25665
17979
8475
-1887
-12062
-21019
-27851
-31864
-32650
-30126
-24546
-16475
-6728
3703
13762
22423
28806
32258
32427
29291
23169
14683
4696
-5772
-15653
-23938
-29777
-32571
-32033
-28214
-21503
-12587
-2378
8077
17706
25519
30711
32748
31416
26850
19519
10175
-219
-10594
-19879
-27113
-31549
-32726
-30520
-25157
-17189
-7439
3083
13289
22119
28657
32222
32441
29289
23092
14492
4381
-6187
-16114
-24364
-30076
-32652
-31820
-27666
-20619
-11416
-1017
9491
19008
26537
31287
32757
30792
25595
17709
7961
-2625
-12939
-21894
-28547
-32194
-32451
-29286
-23032
-14346
-4144
6498
16457
24678
30291
32699
31644
27238
19943
10531
0
-10533
-19951
-27251
-31656
-32694
-30254
-24592
-16309
-6286
4409
14637
23305
29487
32519
32077
28203
21312
12137
1660
-8997
-18692
-26385
-31248
-32757
-30748
-25434
-17383
-7461
3266
13645
22556
29038
32390
32248
28625
21909
12824
2351
-8378
-18204
-26061
-31098
-32765
-30880
-25645
-17625
-7689
3083
13524
22496
29023
32393
32235
28565
21780
12618
2077
-8692
-18516
-26318
-31245
-32755
-30681
-25247
-17046
-6975
3863
14280
23132
29446
32527
32033
28015
20915
11510
836
-9932
-19609
-27125
-31650
-32682
-30103
-24198
-15616
-5304
5596
15880
24407
30232
32705
31550
26894
19250
9465
-1373
-12062
-21411
-28379
-32188
-32412
-29022
-22395
-13267
-2656
8253
18244
26197
31222
32754
30619
25054
16679
6433
-4537
-15001
-23783
-29895
-32648
-31731
-27244
-19690
-9916
976
11762
21224
28293
32170
32415
28997
22301
13080
2378
-8595
-18599
-26497
-31393
-32729
-30352
-24528
-15917
-5494
5554
15974
24578
30386
32734
31352
26395
18425
8351
-2679
-13405
-22602
-29217
-32491
-32046
-27932
-20616
-10936
0
10939
20625
27944
32055
32482
29173
22507
13249
2462
-8610
-18692
-26622
-31481
-32707
-30156
-24119
-15293
-4696
6446
16845
25296
30817
32766
30916
25477
17079
6695
-4468
-15115
-24006
-30106
-32702
-31489
-26606
-18620
-8460
2689
13528
22788
29387
32552
31909
27532
19930
9991
-1120
-12103
-21669
-28693
-32350
-32208
-28280
-21025
-11295
-234
10856
20671
28052
32127
32412
28871
21921
12379
1372
-9799
-19815
-27487
-31906
-32545
-29328
-22632
-13249
-2291
8940
19113
27016
31708
32629
29666
23169
13911
2992
-8285
-18577
-26654
-31549
-32677
-29899
-23544
-14372
-3477
7836
18214
26411
31442
32702
30037
23764
14635
3744
-7598
-18030
-26293
-31393
-32711
-30086
-23833
-14703
-3796
7571
18026
26305
31405
32707
30050
23753
14577
3632
-7754
-18204
-26446
-31479
-32688
-29925
-23522
-14256
-3253
8148
18560
26712
31608
32650
29706
23135
13736
2656
-8751
-19090
-27095
-31785
-32581
-29385
-22585
-13013
-1842
9557
19786
27585
31994
32468
28947
21861
12081
809
-10564
-20637
-28166
-32219
-32293
-28377
-20951
-10932
440
11762
21629
28819
32437
32033
27653
19840
9561
-1907
-13142
-22745
-29519
-32621
-31661
-26755
-18514
-7961
3586
14689
23960
30239
32740
31148
25658
16955
6128
-5469
-16384
-25247
-30944
-32759
-30461
-24336
-15151
-4058
7546
18204
26572
31595
32638
29565
22763
13087
1756
-9798
-20118
-27896
-32148
-32332
-28424
-20915
-10754
771
12203
22088
29171
32552
31797
27001
18769
8148
-3511
-14727
-24069
-30346
-32754
-30984
-25260
-16309
-5272
6439
17331
26008
31359
32696
29845
23169
13521
2137
-9523
-19964
-27843
-32146
-32318
-28334
-20703
-10405
1234
12717
22564
29503
32637
31559
26407
17841
6968
-4807
-15965
-25058
-30909
-32757
-30361
-24028
-14577
-3233
8533
19194
27364
31977
32433
28669
21173
10917
-762
-12345
-22321
-29387
-32619
-31592
-26438
-17828
-6884
4961
16161
25247
31028
32744
30168
23635
13998
2522
-9287
-19879
-27860
-32179
-32265
-28105
-20242
-9711
2101
13640
23382
30040
32733
31103
25362
16267
5018
-6896
-17901
-26537
-31659
-32585
-29190
-21921
-11741
0
11743
21929
29201
32589
31641
26480
17791
6728
-5233
-16499
-25566
-31222
-32709
-29826
-22955
-13013
-1327
10537
20994
28641
32450
31909
27088
18630
7668
-4324
-15739
-25041
-30976
-32744
-30105
-23411
-13561
-1880
10055
20637
28436
32397
31982
27244
18822
7852
-4182
-15653
-25007
-30974
-32743
-30072
-23319
-13400
-1660
10308
20879
28612
32455
31881
26966
18377
7282
-4807
-16245
-25468
-31216
-32702
-29720
-22675
-12528
-664
11292
21705
29147
32596
31576
26225
17274
5950
-6193
-17489
-26383
-31650
-32564
-28995
-21433
-10917
1105
12978
23064
29968
32737
30984
24950
15465
3839
-8320
-19330
-27666
-32170
-32217
-27796
-19519
-8531
3643
15314
24860
30951
32739
29972
23032
12884
938
-11141
-21669
-29176
-32613
-31498
-25982
-16835
-5332
6918
18204
26944
31912
32410
28366
20343
9465
-2743
-14569
-24351
-30713
-32759
-30198
-23387
-13283
-1306
10856
21492
29100
32604
31507
25962
16748
5166
-7147
-18454
-27152
-32008
-32332
-28076
-19840
-8789
3510
15314
24947
31038
32720
29752
22551
12140
0
-12143
-22559
-29762
-32723
-31017
-24884
-15198
-3339
8998
20053
28242
32393
31908
26854
17952
6476
-5930
-17489
-26541
-31785
-32465
-28481
-20402
-9388
2978
14918
24714
30951
32730
29790
22554
12062
-172
-12385
-22811
-29942
-32746
-30813
-24421
-14492
-2462
9926
20879
28806
32556
31581
26021
16679
4912
-7571
-18956
-27585
-32200
-32127
-27374
-18630
-7167
5342
17076
26318
31719
32485
28504
20353
9222
-3259
-15267
-25041
-31147
-32687
-29434
-21861
-11077
1334
13553
23783
30517
32764
30189
23169
12736
423
-11953
-22570
-29860
-32743
-30792
-24293
-14202
-2009
10483
21426
29201
32652
31267
25247
15482
3419
-9153
-20369
-28563
-32514
-31633
-26047
-16586
-4654
7973
19415
27967
32350
31910
26709
17520
5712
-6950
-18577
-27428
-32179
-32116
-27244
-18292
-6597
6088
17864
26962
32015
32263
27666
18910
7310
-5391
-17284
-26579
-31872
-32366
-27983
-19380
-7852
4862
16845
26287
31760
32433
28203
19707
8226
-4501
-16550
-26094
-31684
-32472
-28334
-19895
-8434
4310
16402
26003
31651
32486
28377
19946
8475
-4288
-16402
-26016
-31662
-32478
-28334
-19861
-8351
4437
16550
26133
31717
32445
28203
19638
8060
-4756
-16845
-26351
-31812
-32386
-27983
-19276
-7602
5243
17284
26666
31941
32293
27666
18769
6975
-5898
-17864
-27071
-32095
-32157
-27244
-18113
-6176
6719
18577
27557
32265
31968
26709
17302
5205
-7702
-19415
-28111
-32434
-31710
-26047
-16326
-4058
8843
20369
28719
32588
31368
25247
15179
2736
-10137
-21426
-29364
-32705
-30922
-24293
-13853
-1238
11573
22570
30025
32764
30353
23169
12339
-434
-13142
-23783
-30678
-32739
-29638
-21861
-10632
2276
14829
25041
31296
32604
28754
20353
8727
-4282
-16616
-26318
-31849
-32328
-27676
-18630
-6622
6439
18480
27585
32302
31880
26381
16679
4318
-8734
-20396
-28806
-32620
-31227
-24845
-14492
-1820
11144
22329
29942
32763
30335
23047
12062
-859
-13645
-24243
-30951
-32688
-29173
-20967
-9388
3703
16202
26094
31785
32354
27709
18593
6476
-6688
-18775
-27832
-32393
-31718
-25913
-15915
-3339
9779
21317
29402
32723
30737
23764
12933
0
-12935
-23772
-30745
-32720
-29372
-21243
-9654
3510
16105
26077
31798
32332
27590
18342
6096
-7147
-19226
-28162
-32493
-31507
-25362
-15061
-2291
10856
22227
29953
32765
30198
22670
11416
-1716
-14569
-25028
-31370
-32548
-28366
-19509
-7435
5867
18204
27539
32330
31782
25982
15887
3163
-10086
-21669
-29667
-32753
-30413
-23032
-11831
1334
14281
24860
31312
32563
28403
19519
7387
-5976
-18347
-27666
-32377
-31693
-25725
-15465
-2622
10659
22164
29968
32766
30086
22374
10917
-2369
-15261
-25599
-31650
-32396
-27709
-18372
-5950
7473
19643
28516
32596
31195
24546
13765
664
-12550
-23653
-30771
-32702
-29116
-20616
-8634
4807
17440
27128
32230
31881
26137
15968
3092
-10308
-21966
-29901
-32766
-30072
-22272
-10689
2711
15653
25937
31812
32275
27244
17574
4908
-8595
-20637
-29162
-32712
-30681
-23411
-12140
1206
14349
25041
31451
32480
27948
18630
6117
-7445
-19735
-28641
-32634
-31026
-24089
-13013
301
13567
24501
31222
32570
28309
19172
6728
-6876
-19298
-28393
-32589
-31159
-24347
-13326
0
13328
24354
31166
32585
28360
19220
6748
-6896
-19347
-28443
-32604
-31103
-24198
-13087
301
13640
24608
31294
32533
28105
18778
6176
-7504
-19879
-28786
-32669
-30847
-23635
-12290
1206
14493
25247
31583
32389
27520
17828
5008
-8692
-20870
-29387
-32745
-30352
-22624
-10917
2711
15865
26229
31977
32094
26556
16335
3233
-10442
-22277
-30182
-32757
-29546
-21112
-8944
4807
17712
27483
32390
31559
25136
14256
845
-12717
-24026
-31070
-32598
-28334
-19032
-6345
7473
19964
28903
32697
30666
23169
11540
-2148
-15456
-26008
-31918
-32127
-26596
-16309
-3103
10659
22517
30346
32741
29270
20553
8148
-5719
-18563
-28078
-32552
-31179
-24202
-12874
771
14281
25223
31625
32332
27214
17189
4062
-9798
-21894
-30040
-32762
-29565
-21025
-8682
5233
18204
27882
32514
31257
24336
13002
-691
-14262
-25247
-31650
-32307
-27094
-16955
-3732
10171
22227
30239
32747
29289
20494
7961
-6025
-18915
-28356
-32621
-30929
-23586
-11931
1907
15400
26077
31982
32033
26215
15592
2109
-11762
-23479
-30889
-32629
-28377
-18910
-5966
8077
20637
29402
32756
30080
21861
9613
-4409
-17621
-27585
-32459
-31342
-24435
-13013
816
14497
25499
31785
32188
26631
16140
2656
-11322
-23203
-30782
-32650
-28456
-18976
-5969
8148
20755
29503
32763
29925
21514
9095
-5021
-18204
-27995
-32564
-31058
-23753
-12011
1977
15598
26305
32095
31880
25698
14703
952
-12978
-24480
-31393
-32418
-27360
-17165
-3744
10381
22559
30497
32702
28754
19394
6380
-7836
-20580
-29446
-32762
-29899
-21393
-8847
5370
18577
28275
32630
30814
23169
11138
-3003
-16579
-27016
-32334
-31523
-24733
-13249
751
14612
25700
31906
32048
26096
15179
1372
-12698
-24354
-31371
-32412
-27273
-16932
-3359
10856
23003
30758
32638
28280
18514
5205
-9101
-21669
-30089
-32747
-29131
-19930
-6905
7445
20371
29387
32762
29844
21189
8460
-5898
-19125
-28673
-32702
-30433
-22301
-9868
4468
17946
27963
32585
30916
23274
11134
-3159
-16845
-27275
-32428
-31305
-24119
-12260
1977
15833
26622
32247
31615
24845
13249
-923
-14918
-26016
-32055
-31858
-25461
-14105
0
14107
25468
31864
32046
25975
14832
792
-13405
-24986
-31684
-32188
-26395
-15435
-1452
12817
24578
31525
32292
26727
15917
1981
-12345
-24250
-31393
-32366
-26976
-16280
-2378
11993
24006
31293
32415
27148
16527
2644
-11762
-23850
-31230
-32442
-27244
-16660
-2779
11653
23783
31206
32451
27267
16679
2783
-11667
-23806
-31222
-32441
-27217
-16586
-2656
11803
23919
31277
32412
27094
16378
2398
-12062
-24120
-31370
-32361
-26894
-16056
-2009
12441
24407
31496
32285
26615
15616
1488
-12939
-24777
-31650
-32178
-26251
-15055
-836
13553
25223
31826
32033
25797
14372
52
-14280
-25739
-32015
-31841
-25247
-13561
863
15115
26318
32208
31592
24592
12618
-1908
-16052
-26950
-32393
-31276
-23823
-11540
3083
17085
27622
32556
30880
22932
10324
-4384
-18204
-28323
-32682
-30389
-21909
-8965
5807
19399
29038
32755
29790
20744
7461
-7347
-20658
-29748
-32757
-29067
-19428
-5811
8997
21966
30436
32669
28203
17952
4016
-10746
-23305
-31079
-32468
-27184
-16309
-2077
12583
24657
31656
32135
25992
14491
0
-14493
-25999
-32139
-31644
-24613
-12494
2208
16457
27304
32503
30975
23032
10317
-4537
-18454
-28547
-32719
-30103
-21238
-7961
6971
20458
29694
32757
29007
19220
5431
-9491
-22439
-30713
-32587
-27666
-16973
-2736
12073
24364
31568
32177
26060
14492
-108
-14689
-26197
-32222
-31498
-24174
-11781
3083
17304
27896
32634
30520
21996
8847
-6162
-19879
-29416
-32766
-29219
-19519
-5706
9311
22368
30711
32578
27570
16743
2378
-12491
-24723
-31732
-32033
-25558
-13674
1105
15653
26888
32428
31095
23169
10328
-4707
-18745
-28806
-32750
-29736
-20402
-6728
8378
21705
30414
32650
27932
17262
2911
-12062
-24465
-31651
-32083
-25665
-13765
1077
15692
26955
32455
31012
22932
9941
-5180
-19194
-29098
-32765
-29406
-19738
-5832
9326
22486
30817
32526
27244
16102
1495
-13436
-25478
-32035
-31693
-24521
-12062
2999
17416
28078
32680
30226
21243
7668
-7565
-21167
-30192
-32685
-28105
-17438
-2992
12103
24578
31727
31995
25321
13150
-1876
-16499
-27539
-32596
-30567
-21889
-8448
6833
20630
29936
32722
28377
17845
3419
-11753
-24364
-31659
-32040
-25423
-13249
1823
16499
27568
32607
30508
21729
8189
-7147
-20920
-30108
-32693
-28105
-17347
-2779
12401
24860
31856
31850
24838
12360
-2839
-17416
-28160
-32702
-30037
-20749
-6884
8501
22013
30668
32552
27244
15915
1066
-14020
-26008
-32243
-31342
-23500
-10451
4915
19194
29220
32766
29042
18871
4509
-10856
-23813
-31479
-32147
-25665
-13473
1720
16533
27666
32637
30335
21271
7461
-8015
-21705
-30552
-32578
-27327
-15968
-1038
14125
26133
32294
31228
23169
9920
-5554
-19786
-29584
-32748
-28565
-17970
-3339
12043
24723
31849
31816
24627
11897
-3511
-18132
-28673
-32755
-29458
-19519
-5177
10334
23516
31393
32182
25702
13414
-1907
-16800
-27896
-32682
-30072
-20653
-6555
9029
22570
30997
32395
26445
14492
-751
-15827
-27310
-32589
-30461
-21406
-7481
8148
21926
30713
32507
26894
15151
-48
-15238
-26955
-32522
-30664
-21804
-7961
7702
21608
30575
32549
27076
15403
202
-15047
-26852
-32503
-30703
-21861
-8002
7696
21629
30598
32538
27001
15255
0
-15257
-27007
-32541
-30582
-21579
-7602
8129
21989
30779
32468
26664
14703
-655
-15865
-27411
-32621
-30288
-20948
-6758
8997
22672
31098
32318
26047
13736
-1763
-16855
-28038
-32713
-29790
-19946
-5464
10289
23653
31516
32046
25116
12336
-3319
-18204
-28847
-32766
-29042
-18541
-3711
11987
24889
31977
31593
23823
10480
-5316
-19871
-29777
-32711
-27983
-16697
-1495
14059
26318
32404
30885
22114
8148
-7733
-21801
-30745
-32460
-26539
-14372
1180
16457
27860
32699
29832
19930
5325
-10537
-23916
-31650
-31910
-24631
-11530
4298
19113
29409
32747
28334
17210
2009
-13670
-26112
-32365
-30942
-22178
-8148
7817
21929
30833
32412
26285
13907
-1780
-17047
-28259
-32743
-29429
-19103
-4222
11667
24777
31977
31548
23586
9991
-5992
-20546
-30192
-32619
-27244
-15350
219
15739
27492
32660
30001
20149
5464
-10533
-24006
-31719
-31816
-24270
-10892
5106
19879
29873
32681
27625
15917
373
-15261
-27221
-32621
-30156
-20416
-5748
10308
23879
31684
31836
24293
10875
-5173
-19973
-29942
-32665
-27477
-15633
0
15636
27483
32666
29925
19920
5078
-10999
-24407
-31886
-31615
-23656
-9941
6193
20824
30386
32549
26782
14487
-1341
-16845
-28242
-32749
-29262
-18630
-3445
12583
25539
32252
31078
22301
8064
-8148
-22368
-31111
-32231
-25451
-12429
3643
18824
29387
32737
28047
16465
836
-15001
-27152
-32625
-30072
-20115
-5205
10989
24479
31937
31523
23335
9388
-6876
-21447
-30723
-32412
-26092
-13322
2743
18132
29038
32759
28371
16955
1338
-14612
-26944
-32596
-30164
-20247
-5304
10958
24501
31960
31477
23169
9099
-7236
-21774
-30894
-32323
-25702
-12676
3510
18824
29446
32724
27837
16000
166
-15711
-27666
-32707
-29572
-19041
-3744
12491
25602
32304
30916
21780
7184
-9215
-23305
-31551
-31880
-24205
-10451
5930
20824
30486
32483
26311
13518
-2679
-18204
-29147
-32749
-28098
-16364
-502
15488
27574
32702
29574
18976
3583
-12717
-25806
-32371
-30748
-21345
-6538
9926
23879
31785
31636
23467
9346
-7147
-21830
-30974
-32254
-25342
-11991
4409
19692
29968
32623
26976
14462
-1736
-17495
-28798
-32764
-28377
-16752
-852
15267
27492
32699
29554
18857
3339
-13034
-26077
-32450
-30520
-20777
-5712
10817
24578
32042
31291
22515
7961
-8637
-23021
-31496
-31881
-24075
-10079
6509
21426
30833
32307
25463
12062
-4448
-19815
-30076
-32585
-26689
-13907
2465
18204
29244
32732
27762
15616
-569
-16610
-28356
-32765
-28692
-17189
-1231
15047
27428
32699
29490
18630
2932
-13528
-26478
-32552
-30168
-19943
-4530
12062
25519
32337
30737
21133
6022
-10659
-24565
-32068
-31208
-22206
-7407
9326
23628
31760
31593
23169
8686
-8070
-22719
-31423
-31903
-24028
-9858
6896
21846
31070
32147
24790
10926
-5807
-21019
-30711
-32336
-25461
-11891
4807
20244
30356
32478
26047
12755
-3899
-19528
-30012
-32581
-26556
-13521
3083
18877
29687
32654
26991
14192
-2362
-18294
-29387
-32703
-27360
-14769
1736
17784
29119
32734
27666
15255
-1206
-17349
-28887
-32752
-27913
-15652
771
16993
28695
32761
28105
15962
-434
-16717
-28547
-32765
-28244
-16186
193
16523
28443
32766
28334
16326
-48
-16412
-28387
-32766
-28374
-16382
0
0
0
0
0
0
0
0
0
0
0
0
0
0
0
0
0
0
0
0
0
0
0
0
0
0
0
0
0
0
0
0
0
0
0
0
0
0
0
0
0
0
0
0
0
0
0
0
0
0
0
0
0
0
0
0
0
0
0
0
0
0
0
0
0
0
0
0
0
0
0
0
0
0
0
0
0
0
0
0
0
0
0
0
0
0
0
0
0
0
0
0
0
0
0
0
0
0
0
0
0
0
0
0
0
0
0
0
0
0
0
0
0
0
0
0
0
0
0
0
0
0
0
0
0
0
0
0
0
0
0
0
0
0
0
0
0
0
0
0
0
0
0
0
0
0
0
0
0
0
0
0
0
0
0
0
0
0
0
0
0
0
0
0
0
0
0
0
0
0
0
0
0
0
0
0
0
0
0
0
0
0
0
0
0
0
0
0
0
0
0
0
0
0
0
0
0
0
0
0
0
0
0
0
0
0
0
0
0
0
0
0
0
0
0
0
0
0
0
0
0
0
0
0
0
0
0
0
0
0
0
0
0
0
0
0
0
0
0
0
0
0
0
0
0
0
0
0
0
0
0
0
0
0
0
0
0
0
0
0
0
0
0
0
0
0
0
0
0
0
0
0
0
0
0
0
0
0
0
0
0
0
0
0
0
0
0
0
0
0
0
0
0
0
0
0
0
0
0
0
0
0
0
0
0
0
0
0
0
0
0
0
0
0
0
0
0
0
0
0
0
0
0
0
0
0
0
0
0
0
0
0
0
0
0
0
0
0
0
0
0
0
0
0
0
0
0
0
0
0
0
0
0
0
0
0
0
0
0
0
0
0
0
0
0
0
0
0
0
0
0
0
0
0
0
0
0
0
0
0
0
0
0
0
0
0
0
0
0
0
0
0
0
0
0
0
0
0
0
0
0
0
0
0
0
0
0
0
0
0
0
0
0
0
0
0
0
0
0
0
0
0
0
0
0
0
0
0
0
0
0
0
0
0
0
0
0
0
0
0
0
0
0
0
0
0
0
0
0
0
0
0
0
0
0
0
0
0
0
0
0
0
0
0
0
0
0
0
0
0
0
0
0
0
0
0
0
0
0
0
0
0
0
0
0
0
0
0
0
0
0
0
0
0
0
0
0
0
0
0
0
0
0
0
0
0
0
0
0
0
0
0
0
0
0
0
0
0
0
0
0
0
0
0
0
0
0
0
0
0
0
0
0
0
0
0
0
0
0
0
0
0
0
0
0
0
0
0
0
0
0
0
0
0
0
0
0
0
0
0
0
0
0
0
0
0
0
0
0
0
0
0
0
0
0
0
0
0
0
0
0
0
0
0
0
0
0
0
0
0
0
0
0
0
0
0
0
0
0
0
0
0
0
0
0
0
0
0
0
0
0
0
0
0
0
0
0
0
0
0
0
0
0
0
0
0
0
0
0
0
0
0
0
0
0
0
0
0
0
0
0
0
0
0
0
0
0
0
0
0
0
0
0
0
0
0
0
0
0
0
0
0
0
0
0
0
0
0
0
0
0
0
0
0
0
0
0
0
0
0
0
0
0
0
0
0
0
0
0
0
0
0
0
0
0
0
0
0
0
0
0
0
0
0
0
0
0
0
0
0
0
0
0
0
0
0
0
0
0
0
0
0
0
0
0
0
0
0
0
0
0
0
0
0
0
0
0
0
0
0
0
0
0
0
0
0
0
0
0
0
0
0
0
0
0
0
0
0
0
0
0
0
0
0
0
0
0
0
0
0
0
0
0
0
0
0
0
0
0
0
0
0
0
0
0
0
0
0
0
0
0
0
0
0
0
0
0
0
0
0
0
0
0
0
0
0
0
0
0
0
0
0
0
0
0
0
0
0
0
0
0
0
0
0
0
0
0
0
0
0
0
0
0
0
0
0
0
0
0
0
0
0
0
0
0
0
0
0
0
0
0
0
0
0
0
0
0
0
0
0
0
0
0
0
0
0
0
0
0
0
0
0
0
0
0
0
0
0
0
0
0
0
0
0
0
0
0
0
0
0
0
0
0
0
0
0
0
0
0
0
0
0
0
0
0
0
0
0
0
0
0
0
0
0
0
0
0
0
0
0
0
0
0
0
0
0
0
0
0
0
0
0
0
0
0
0
0
0
0
0
0
0
0
0
0
0
0
0
0
0
0
0
0
0
0
0
0
0
0
0
16383
16120
15341
14070
12349
10235
7796
5111
2269
-638
-3517
-6274
-8821
-11076
-12967
-14434
-15432
-15931
-15917
-15394
-14382
-12917
-11050
-8843
-6372
-3718
-970
1783
4452
6950
9199
11129
12679
13805
14475
14674
14403
13675
12524
10992
9136
7023
4726
2323
-103
-2475
-4715
-6754
-8528
-9987
-11090
-11811
-12136
-12067
-11617
-10813
-9693
-8305
-6705
-4953
-3114
-1252
568
2290
3859
5230
6366
7241
7839
8156
8197
7979
7525
6867
6044
5097
4070
3006
1948
935
0
-829
-1532
-2096
-2516
-2793
-2936
-2962
-2890
-2744
-2549
-2333
-2119
-1932
-1789
-1705
-1687
-1738
-1854
-2023
-2231
-2455
-2672
-2856
-2978
-3014
-2939
-2734
-2385
-1886
-1235
-443
474
1493
2581
3700
4807
5856
6801
7593
8191
8556
8656
8469
7982
7194
6116
4771
3192
1425
-475
-2449
-4427
-6339
-8116
-9687
-10991
-11972
-12585
-12797
-12589
-11955
-10908
-9474
-7693
-5621
-3324
-878
1634
4128
6516
8713
10642
12232
13426
14180
14463
14266
13592
12465
10922
9018
6819
4404
1856
-732
-3274
-5679
-7864
-9755
-11289
-12416
-13102
-13330
-13100
-12426
-11343
-9896
-8146
-6162
-4020
-1803
406
2528
4489
6219
7663
8777
9529
9904
9902
9537
8836
7840
6600
5175
3628
2027
439
-1071
-2448
-3638
-4601
-5307
-5738
-5889
-5765
-5387
-4783
-3992
-3059
-2034
-970
79
1064
1938
2661
3202
3538
3657
3558
3250
2750
2088
1297
419
-501
-1419
-2288
-3066
-3712
-4195
-4489
-4578
-4455
-4122
-3590
-2881
-2022
-1048
0
1081
2150
3163
4079
4861
5477
5903
6121
6124
5911
5490
4879
4101
3185
2165
1079
-33
-1135
-2188
-3159
-4016
-4734
-5296
-5688
-5904
-5945
-5817
-5533
-5109
-4566
-3926
-3214
-2455
-1673
-889
-125
602
1280
1897
2448
2927
3335
3672
3941
4146
4292
4381
4418
4403
4336
4217
4042
3807
3508
3139
2697
2177
1579
905
159
-649
-1509
-2401
-3306
-4199
-5052
-5837
-6521
-7076
-7471
-7682
-7688
-7471
-7023
-6344
-5438
-4323
-3022
-1567
0
1635
3286
4898
6417
7787
8956
9878
10512
10829
10807
10437
9724
8681
7338
5735
3920
1952
-102
-2174
-4193
-6088
-7791
-9243
-10389
-11189
-11614
-11647
-11286
-10545
-9451
-8043
-6374
-4504
-2503
-443
1599
3550
5340
6906
8191
9154
9764
10004
9872
9382
8559
7442
6082
4538
2875
1162
-531
-2137
-3594
-4844
-5843
-6556
-6961
-7050
-6828
-6314
-5537
-4541
-3375
-2095
-764
556
1806
2928
3871
4594
5066
5267
5189
4839
4234
3403
2388
1235
0
-1260
-2486
-3620
-4607
-5399
-5958
-6254
-6270
-5998
-5448
-4636
-3594
-2363
-990
468
1954
3405
4762
5970
6976
7738
8224
8410
8287
7856
7131
6137
4910
3494
1940
305
-1350
-2969
-4492
-5866
-7043
-7984
-8658
-9045
-9136
-8932
-8444
-7695
-6714
-5540
-4215
-2787
-1305
181
1624
2981
4212
5283
6168
6848
7313
7559
7591
7418
7058
6533
5865
5084
4218
3294
2339
1380
439
-464
-1315
-2099
-2809
-3437
-3981
-4438
-4810
-5096
-5299
-5420
-5461
-5420
-5299
-5096
-4810
-4438
-3981
-3437
-2809
-2099
-1315
-464
439
1380
2339
3294
4218
5084
5865
6533
7058
7418
7591
7559
7313
6848
6168
5283
4212
2981
1624
181
-1305
-2787
-4215
-5540
-6714
-7695
-8444
-8932
-9136
-9045
-8658
-7984
-7043
-5866
-4492
-2969
-1350
305
1940
3494
4910
6137
7131
7856
8287
8410
8224
7738
6976
5970
4762
3405
1954
468
-990
-2363
-3594
-4636
-5448
-5998
-6270
-6254
-5958
-5399
-4607
-3620
-2486
-1260
0
1235
2388
3403
4234
4839
5189
5267
5066
4594
3871
2928
1806
556
-764
-2095
-3375
-4541
-5537
-6314
-6828
-7050
-6961
-6556
-5843
-4844
-3594
-2137
-531
1162
2875
4538
6082
7442
8559
9382
9872
10004
9764
9154
8191
6906
5340
3550
1599
-443
-2503
-4504
-6374
-8043
-9451
-10545
-11286
-11647
-11614
-11189
-10389
-9243
-7791
-6088
-4193
-2174
-102
1952
3920
5735
7338
8681
9724
10437
10807
10829
10512
9878
8956
7787
6417
4898
3286
1635
0
-1567
-3022
-4323
-5438
-6344
-7023
-7471
-7688
-7682
-7471
-7076
-6521
-5837
-5052
-4199
-3306
-2401
-1509
-649
159
905
1579
2177
2697
3139
3508
3807
4042
4217
4336
4403
4418
4381
4292
4146
3941
3672
3335
2927
2448
1897
1280
602
-125
-889
-1673
-2455
-3214
-3926
-4566
-5109
-5533
-5817
-5945
-5904
-5688
-5296
-4734
-4016
-3159
-2188
-1135
-33
1079
2165
3185
4101
4879
5490
5911
6124
6121
5903
5477
4861
4079
3163
2150
1081
0
-1048
-2022
-2881
-3590
-4122
-4455
-4578
-4489
-4195
-3712
-3066
-2288
-1419
-501
419
1297
2088
2750
3250
3558
3657
3538
3202
2661
1938
1064
79
-970
-2034
-3059
-3992
-4783
-5387
-5765
-5889
-5738
-5307
-4601
-3638
-2448
-1071
439
2027
3628
5175
6600
7840
8836
9537
9902
9904
9529
8777
7663
6219
4489
2528
406
-1803
-4020
-6162
-8146
-9896
-11343
-12426
-13100
-13330
-13102
-12416
-11289
-9755
-7864
-5679
-3274
-732
1856
4404
6819
9018
10922
12465
13592
14266
14463
14180
13426
12232
10642
8713
6516
4128
1634
-878
-3324
-5621
-7693
-9474
-10908
-11955
-12589
-12797
-12585
-11972
-10991
-9687
-8116
-6339
-4427
-2449
-475
1425
3192
4771
6116
7194
7982
8469
8656
8556
8191
7593
6801
5856
4807
3700
2581
1493
474
-443
-1235
-1886
-2385
-2734
-2939
-3014
-2978
-2856
-2672
-2455
-2231
-2023
-1854
-1738
-1687
-1705
-1789
-1932
-2119
-2333
-2549
-2744
-2890
-2962
-2936
-2793
-2516
-2096
-1532
-829
0
935
1948
3006
4070
5097
6044
6867
7525
7979
8197
8156
7839
7241
6366
5230
3859
2290
568
-1252
-3114
-4953
-6705
-8305
-9693
-10813
-11617
-12067
-12136
-11811
-11090
-9987
-8528
-6754
-4715
-2475
-103
2323
4726
7023
9136
10992
12524
13675
14403
14674
14475
13805
12679
11129
9199
6950
4452
1783
-970
-3718
-6372
-8843
-11050
-12917
-14382
-15394
-15917
-15931
-15432
-14434
-12967
-11076
-8821
-6274
-3517
-638
2269
5111
7796
10235
12349
14070
15341
16120
0
0
0
0
0
0
0
0
0
0
0
0
0
0
0
0
0
0
0
0
0
0
0
0
0
0
0
0
0
0
0
0
0
0
0
0
0
0
0
0
0
0
0
0
0
0
0
0
0
0
0
0
0
0
0
0
0
0
0
0
0
0
0
0
0
0
0
-16383
-16079
-15180
-13720
-11754
-9358
-6623
-3654
-562
2534
5519
8281
10718
12740
14274
15266
15684
15518
14779
13501
11740
9565
7065
4339
1490
-1370
-4135
-6702
-8978
-10882
-12347
-13328
-13796
-13743
-13181
-12143
-10678
-8849
-6734
-4420
-1998
436
2793
4985
6933
8572
9847
10721
11174
11202
10816
10044
8929
7524
5891
4100
2224
337
-1491
-3194
-4714
-6002
-7020
-7743
-8158
-8265
-8075
-7611
-6904
-5993
-4924
-3745
-2506
-1254
-36
1106
2140
3035
3772
4338
4729
4948
5004
4912
4692
4366
3957
3489
2986
2466
1949
1446
968
520
104
-282
-644
-987
-1318
-1644
-1971
-2302
-2638
-2976
-3310
-3630
-3923
-4173
-4360
-4467
-4474
-4363
-4119
-3730
-3191
-2501
-1667
-702
371
1527
2730
3941
5117
6212
7179
7975
8557
8890
8945
8703
8155
7303
6161
4754
3119
1305
-633
-2631
-4621
-6531
-8291
-9833
-11094
-12022
-12573
-12716
-12435
-11729
-10611
-9111
-7274
-5156
-2825
-360
2155
4635
6993
9146
11016
12537
13652
14321
14518
14234
13477
12273
10664
8704
6463
4018
1455
-1137
-3671
-6059
-8220
-10084
-11590
-12692
-13359
-13575
-13343
-12679
-11616
-10200
-8489
-6550
-4456
-2286
-115
1978
3927
5668
7148
8327
9177
9684
9845
9674
9195
8442
7460
6298
5011
3656
2289
962
-275
-1383
-2328
-3087
-3646
-4002
-4162
-4139
-3958
-3647
-3240
-2773
-2282
-1804
-1371
-1009
-741
-580
-533
-600
-769
-1025
-1345
-1700
-2061
-2393
-2664
-2843
-2901
-2818
-2576
-2169
-1596
-867
0
980
2042
3144
4244
5297
6255
7072
7708
8126
8295
8195
7813
7150
6214
5026
3617
2027
304
-1497
-3318
-5097
-6773
-8286
-9581
-10610
-11332
-11718
-11748
-11414
-10721
-9687
-8339
-6719
-4873
-2859
-740
1417
3548
5583
7460
9119
10509
11587
12322
12690
12684
12305
11566
10494
9123
7497
5668
3693
1633
-450
-2495
-4442
-6234
-7822
-9163
-10223
-10976
-11407
-11510
-11289
-10757
-9938
-8862
-7565
-6089
-4482
-2792
-1068
639
2284
3821
5211
6421
7421
8191
8718
8993
9019
8803
8359
7707
6873
5886
4778
3584
2341
1084
-150
-1331
-2427
-3411
-4262
-4960
-5495
-5857
-6045
-6063
-5918
-5622
-5192
-4648
-4011
-3306
-2559
-1793
-1033
-302
379
993
1526
1966
2307
2547
2686
2730
2687
2569
2390
2165
1911
1643
1380
1134
919
746
621
547
527
555
626
729
853
983
1104
1200
1254
1254
1187
1042
816
505
113
-352
-882
-1458
-2062
-2671
-3259
-3801
-4270
-4641
-4890
-4997
-4947
-4729
-4339
-3778
-3057
-2189
-1198
-112
1036
2209
3368
4470
5474
6341
7036
7526
7789
7805
7568
7076
6339
5376
4215
2890
1444
-76
-1618
-3130
-4559
-5853
-6966
-7856
-8489
-8842
-8899
-8657
-8121
-7310
-6251
-4982
-3547
-1998
-391
1216
2766
4203
5474
6534
7347
7883
8126
8070
7720
7093
6216
5127
3869
2495
1058
-382
-1770
-3052
-4178
-5105
-5799
-6236
-6402
-6295
-5922
-5305
-4473
-3465
-2325
-1106
139
1356
2492
3497
4328
4948
5331
5461
5331
4948
4328
3497
2492
1356
139
-1106
-2325
-3465
-4473
-5305
-5922
-6295
-6402
-6236
-5799
-5105
-4178
-3052
-1770
-382
1058
2495
3869
5127
6216
7093
7720
8070
8126
7883
7347
6534
5474
4203
2766
1216
-391
-1998
-3547
-4982
-6251
-7310
-8121
-8657
-8899
-8842
-8489
-7856
-6966
-5853
-4559
-3130
-1618
-76
1444
2890
4215
5376
6339
7076
7568
7805
7789
7526
7036
6341
5474
4470
3368
2209
1036
-112
-1198
-2189
-3057
-3778
-4339
-4729
-4947
-4997
-4890
-4641
-4270
-3801
-3259
-2671
-2062
-1458
-882
-352
113
505
816
1042
1187
1254
1254
1200
1104
983
853
729
626
555
527
547
621
746
919
1134
1380
1643
1911
2165
2390
2569
2687
2730
2686
2547
2307
1966
1526
993
379
-302
-1033
-1793
-2559
-3306
-4011
-4648
-5192
-5622
-5918
-6063
-6045
-5857
-5495
-4960
-4262
-3411
-2427
-1331
-150
1084
2341
3584
4778
5886
6873
7707
8359
8803
9019
8993
8718
8191
7421
6421
5211
3821
2284
639
-1068
-2792
-4482
-6089
-7565
-8862
-9938
-10757
-11289
-11510
-11407
-10976
-10223
-9163
-7822
-6234
-4442
-2495
-450
1633
3693
5668
7497
9123
10494
11566
12305
12684
12690
12322
11587
10509
9119
7460
5583
3548
1417
-740
-2859
-4873
-6719
-8339
-9687
-10721
-11414
-11748
-11718
-11332
-10610
-9581
-8286
-6773
-5097
-3318
-1497
304
2027
3617
5026
6214
7150
7813
8195
8295
8126
7708
7072
6255
5297
4244
3144
2042
980
0
-867
-1596
-2169
-2576
-2818
-2901
-2843
-2664
-2393
-2061
-1700
-1345
-1025
-769
-600
-533
-580
-741
-1009
-1371
-1804
-2282
-2773
-3240
-3647
-3958
-4139
-4162
-4002
-3646
-3087
-2328
-1383
-275
962
2289
3656
5011
6298
7460
8442
9195
9674
9845
9684
9177
8327
7148
5668
3927
1978
-115
-2286
-4456
-6550
-8489
-10200
-11616
-12679
-13343
-13575
-13359
-12692
-11590
-10084
-8220
-6059
-3671
-1137
1455
4018
6463
8704
10664
12273
13477
14234
14518
14321
13652
12537
11016
9146
6993
4635
2155
-360
-2825
-5156
-7274
-9111
-10611
-11729
-12435
-12716
-12573
-12022
-11094
-9833
-8291
-6531
-4621
-2631
-633
1305
3119
4754
6161
7303
8155
8703
8945
8890
8557
7975
7179
6212
5117
3941
2730
1527
371
-702
-1667
-2501
-3191
-3730
-4119
-4363
-4474
-4467
-4360
-4173
-3923
-3630
-3310
-2976
-2638
-2302
-1971
-1644
-1318
-987
-644
-282
104
520
968
1446
1949
2466
2986
3489
3957
4366
4692
4912
5004
4948
4729
4338
3772
3035
2140
1106
-36
-1254
-2506
-3745
-4924
-5993
-6904
-7611
-8075
-8265
-8158
-7743
-7020
-6002
-4714
-3194
-1491
337
2224
4100
5891
7524
8929
10044
10816
11202
11174
10721
9847
8572
6933
4985
2793
436
-1998
-4420
-6734
-8849
-10678
-12143
-13181
-13743
-13796
-13328
-12347
-10882
-8978
-6702
-4135
-1370
1490
4339
7065
9565
11740
13501
14779
15518
15684
15266
14274
12740
10718
8281
5519
2534
-562
-3654
-6623
-9358
-11754
-13720
-15180
-16079
0
0
0
0
0
0
0
0
0
0
0
0
0
0
0
0
0
0
0
0
0
0
0
0
0
0
0
0
0
0
0
0
0
0
0
0
0
0
0
0
0
0
0
0
0
0
0
0
0
0
0
0
0
0
0
0
0
0
0
0
0
0
0
0
0
0
0
-10922
-10739
-10198
-9316
-8123
-6658
-4970
-3115
-1155
844
2818
4701
6429
7947
9203
10157
10776
11042
10944
10487
9685
8565
7163
5525
3704
1759
-245
-2247
-4181
-5984
-7600
-8975
-10068
-10842
-11273
-11349
-11066
-10433
-9471
-8209
-6688
-4954
-3062
-1070
959
2965
4884
6658
8232
9557
10594
11310
11683
11701
11365
10682
9674
8371
6811
5041
3114
1088
-977
-3019
-4976
-6790
-8405
-9773
-10852
-11609
-12019
-12070
-11759
-11094
-10093
-8787
-7213
-5418
-3455
-1385
731
2830
4846
6718
8388
9804
10923
11709
12136
12192
11872
11188
10158
8817
7204
5370
3375
1280
-847
-2940
-4931
-6757
-8358
-9685
-10694
-11353
-11644
-11558
-11099
-10285
-9144
-7718
-6055
-4213
-2255
-249
1736
3634
5380
6916
8191
9165
9807
10099
10036
9626
8888
7854
6567
5077
3443
1727
-6
-1692
-3269
-4680
-5874
-6811
-7461
-7805
-7836
-7560
-6996
-6172
-5128
-3910
-2573
-1174
226
1572
2806
3879
4748
5381
5755
5859
5692
5268
4609
3749
2730
1600
411
-780
-1920
-2956
-3841
-4534
-5004
-5229
-5200
-4916
-4391
-3648
-2721
-1652
-489
713
1902
3022
4020
4850
5472
5855
5979
5834
5425
4766
3883
2812
1599
295
-1042
-2357
-3589
-4684
-5594
-6275
-6697
-6837
-6688
-6253
-5547
-4600
-3450
-2145
-740
704
2126
3463
4659
5658
6419
6904
7094
6976
6555
5848
4883
3703
2357
903
-593
-2069
-3457
-4697
-5731
-6513
-7007
-7187
-7043
-6579
-5811
-4773
-3505
-2063
-509
1090
2664
4144
5461
6555
7376
7883
8048
7860
7320
6447
5272
3840
2210
447
-1375
-3182
-4895
-6443
-7756
-8777
-9457
-9765
-9681
-9202
-8343
-7132
-5614
-3846
-1896
161
2245
4273
6165
7846
9247
10313
11000
11279
11138
10580
9626
8312
6688
4815
2765
615
-1552
-3656
-5618
-7366
-8836
-9976
-10749
-11129
-11109
-10695
-9910
-8790
-7384
-5750
-3953
-2065
-159
1694
3429
4982
6303
7351
8098
8527
8636
8436
7949
7210
6259
5147
3927
2654
1383
167
-949
-1925
-2730
-3343
-3754
-3961
-3974
-3813
-3503
-3077
-2573
-2028
-1484
-977
-540
-201
19
109
65
-107
-395
-776
-1223
-1700
-2172
-2600
-2947
-3178
-3263
-3179
-2910
-2451
-1804
-982
-10
1081
2252
3456
4643
5761
6758
7583
8191
8546
8616
8385
7845
7000
5868
4479
2873
1099
-782
-2709
-4614
-6428
-8085
-9523
-10687
-11531
-12019
-12128
-11851
-11189
-10162
-8801
-7148
-5257
-3190
-1013
1199
3378
5451
7351
9018
10401
11459
12162
12493
12447
12032
11269
10190
8835
7253
5499
3631
1710
-204
-2056
-3793
-5367
-6741
-7882
-8771
-9393
-9747
-9836
-9673
-9279
-8678
-7900
-6976
-5940
-4825
-3665
-2488
-1323
-192
882
1888
2811
3644
4382
5022
5563
6008
6356
6610
6770
6837
6810
6688
6469
6149
5728
5201
4570
3834
2998
2069
1056
-25
-1159
-2322
-3490
-4635
-5726
-6731
-7619
-8360
-8924
-9286
-9426
-9329
-8987
-8398
-7571
-6519
-5265
-3838
-2276
-620
1083
2786
4439
5991
7396
8611
9598
10326
10772
10922
10772
10326
9598
8611
7396
5991
4439
2786
1083
-620
-2276
-3838
-5265
-6519
-7571
-8398
-8987
-9329
-9426
-9286
-8924
-8360
-7619
-6731
-5726
-4635
-3490
-2322
-1159
-25
1056
2069
2998
3834
4570
5201
5728
6149
6469
6688
6810
6837
6770
6610
6356
6008
5563
5022
4382
3644
2811
1888
882
-192
-1323
-2488
-3665
-4825
-5940
-6976
-7900
-8678
-9279
-9673
-9836
-9747
-9393
-8771
-7882
-6741
-5367
-3793
-2056
-204
1710
3631
5499
7253
8835
10190
11269
12032
12447
12493
12162
11459
10401
9018
7351
5451
3378
1199
-1013
-3190
-5257
-7148
-8801
-10162
-11189
-11851
-12128
-12019
-11531
-10687
-9523
-8085
-6428
-4614
-2709
-782
1099
2873
4479
5868
7000
7845
8385
8616
8546
8191
7583
6758
5761
4643
3456
2252
1081
-10
-982
-1804
-2451
-2910
-3179
-3263
-3178
-2947
-2600
-2172
-1700
-1223
-776
-395
-107
65
109
19
-201
-540
-977
-1484
-2028
-2573
-3077
-3503
-3813
-3974
-3961
-3754
-3343
-2730
-1925
-949
167
1383
2654
3927
5147
6259
7210
7949
8436
8636
8527
8098
7351
6303
4982
3429
1694
-159
-2065
-3953
-5750
-7384
-8790
-9910
-10695
-11109
-11129
-10749
-9976
-8836
-7366
-5618
-3656
-1552
615
2765
4815
6688
8312
9626
10580
11138
11279
11000
10313
9247
7846
6165
4273
2245
161
-1896
-3846
-5614
-7132
-8343
-9202
-9681
-9765
-9457
-8777
-7756
-6443
-4895
-3182
-1375
447
2210
3840
5272
6447
7320
7860
8048
7883
7376
6555
5461
4144
2664
1090
-509
-2063
-3505
-4773
-5811
-6579
-7043
-7187
-7007
-6513
-5731
-4697
-3457
-2069
-593
903
2357
3703
4883
5848
6555
6976
7094
6904
6419
5658
4659
3463
2126
704
-740
-2145
-3450
-4600
-5547
-6253
-6688
-6837
-6697
-6275
-5594
-4684
-3589
-2357
-1042
295
1599
2812
3883
4766
5425
5834
5979
5855
5472
4850
4020
3022
1902
713
-489
-1652
-2721
-3648
-4391
-4916
-5200
-5229
-5004
-4534
-3841
-2956
-1920
-780
411
1600
2730
3749
4609
5268
5692
5859
5755
5381
4748
3879
2806
1572
226
-1174
-2573
-3910
-5128
-6172
-6996
-7560
-7836
-7805
-7461
-6811
-5874
-4680
-3269
-1692
-6
1727
3443
5077
6567
7854
8888
9626
10036
10099
9807
9165
8191
6916
5380
3634
1736
-249
-2255
-4213
-6055
-7718
-9144
-10285
-11099
-11558
-11644
-11353
-10694
-9685
-8358
-6757
-4931
-2940
-847
1280
3375
5370
7204
8817
10158
11188
11872
12192
12136
11709
10923
9804
8388
6718
4846
2830
731
-1385
-3455
-5418
-7213
-8787
-10093
-11094
-11759
-12070
-12019
-11609
-10852
-9773
-8405
-6790
-4976
-3019
-977
1088
3114
5041
6811
8371
9674
10682
11365
11701
11683
11310
10594
9557
8232
6658
4884
2965
959
-1070
-3062
-4954
-6688
-8209
-9471
-10433
-11066
-11349
-11273
-10842
-10068
-8975
-7600
-5984
-4181
-2247
-245
1759
3704
5525
7163
8565
9685
10487
10944
11042
10776
10157
9203
7947
6429
4701
2818
844
-1155
-3115
-4970
-6658
-8123
-9316
-10198
-10739
0
0
0
0
0
0
0
0
0
0
0
0
0
0
0
0
0
0
0
0
0
0
0
0
0
0
0
0
0
0
0
0
0
0
0
0
0
0
0
0
0
0
0
0
0
0
0
0
0
0
0
0
0
0
0
0
0
0
0
0
0
0
0
0
0
0
0
10922
10723
10133
9176
7887
6318
4528
2585
564
-1457
-3406
-5209
-6800
-8122
-9130
-9791
-10086
-10011
-9575
-8804
-7732
-6409
-4889
-3236
-1516
204
1860
3391
4743
5871
6741
7331
7629
7638
7370
6851
6113
5197
4150
3022
1862
720
-357
-1333
-2172
-2851
-3353
-3673
-3814
-3786
-3611
-3313
-2921
-2471
-1994
-1525
-1093
-724
-437
-247
-159
-170
-272
-448
-677
-933
-1186
-1407
-1566
-1637
-1596
-1428
-1123
-680
-106
584
1367
2212
3082
3935
4729
5419
5964
6324
6468
6372
6021
5410
4547
3450
2150
686
-890
-2525
-4156
-5719
-7148
-8384
-9369
-10057
-10409
-10400
-10018
-9266
-8160
-6733
-5028
-3104
-1026
1130
3289
5368
7291
8983
10379
11424
12077
12310
12110
11485
10453
9054
7336
5365
3213
960
-1310
-3514
-5570
-7403
-8947
-10149
-10967
-11377
-11370
-10954
-10152
-9002
-7556
-5876
-4034
-2104
-164
1707
3440
4970
6240
7209
7847
8140
8089
7709
7029
6091
4946
3655
2282
893
-444
-1671
-2730
-3576
-4175
-4503
-4553
-4330
-3851
-3148
-2264
-1248
-158
944
1998
2942
3723
4294
4616
4664
4427
3905
3114
2084
856
-518
-1977
-3454
-4880
-6185
-7302
-8172
-8741
-8971
-8836
-8323
-7436
-6196
-4639
-2813
-782
1381
3598
5783
7849
9715
11301
12539
13372
13757
13665
13089
12036
10533
8623
6366
3834
1111
-1708
-4529
-7252
-9782
-12028
-13909
-15357
-16317
-16752
-16643
-15989
-14809
-13139
-11033
-8559
-5799
-2843
211
3263
6214
8966
11432
13531
15199
16383
17049
17179
16773
15850
14443
12603
10393
7887
5168
2325
-551
-3371
-6048
-8500
-10656
-12453
-13844
-14794
-15283
-15304
-14868
-13998
-12731
-11113
-9203
-7066
-4770
-2390
0
2331
4533
6544
8310
9785
10934
11732
12167
12236
11947
11321
10386
9179
7743
6129
4388
2575
747
-1042
-2744
-4309
-5696
-6871
-7805
-8479
-8880
-9007
-8863
-8463
-7825
-6976
-5949
-4779
-3508
-2177
-828
495
1754
2912
3934
4792
5465
5935
6194
6240
6077
5716
5176
4478
3653
2730
1745
734
-265
-1220
-2095
-2862
-3493
-3969
-4274
-4400
-4345
-4115
-3720
-3179
-2514
-1753
-926
-67
788
1606
2355
3003
3524
3896
4105
4139
3997
3682
3205
2585
1843
1007
110
-813
-1728
-2598
-3389
-4070
-4612
-4992
-5194
-5208
-5030
-4664
-4121
-3419
-2581
-1636
-618
439
1497
2520
3471
4317
5028
5579
5953
6135
6121
5912
5516
4946
4224
3375
2427
1412
365
-680
-1693
-2640
-3494
-4232
-4833
-5284
-5576
-5706
-5677
-5496
-5175
-4729
-4178
-3542
-2844
-2106
-1350
-597
133
827
1470
2051
2563
3001
3365
3654
3871
4019
4104
4129
4100
4020
3893
3721
3503
3241
2933
2578
2172
1716
1209
651
45
-604
-1288
-1998
-2719
-3435
-4129
-4779
-5363
-5860
-6247
-6502
-6608
-6548
-6312
-5892
-5289
-4508
-3560
-2464
-1244
69
1440
2831
4199
5502
6695
7738
8592
9223
9604
9715
9545
9089
8354
7356
6120
4680
3074
1352
-435
-2234
-3987
-5641
-7142
-8442
-9500
-10281
-10760
-10922
-10760
-10281
-9500
-8442
-7142
-5641
-3987
-2234
-435
1352
3074
4680
6120
7356
8354
9089
9545
9715
9604
9223
8592
7738
6695
5502
4199
2831
1440
69
-1244
-2464
-3560
-4508
-5289
-5892
-6312
-6548
-6608
-6502
-6247
-5860
-5363
-4779
-4129
-3435
-2719
-1998
-1288
-604
45
651
1209
1716
2172
2578
2933
3241
3503
3721
3893
4020
4100
4129
4104
4019
3871
3654
3365
3001
2563
2051
1470
827
133
-597
-1350
-2106
-2844
-3542
-4178
-4729
-5175
-5496
-5677
-5706
-5576
-5284
-4833
-4232
-3494
-2640
-1693
-680
365
1412
2427
3375
4224
4946
5516
5912
6121
6135
5953
5579
5028
4317
3471
2520
1497
439
-618
-1636
-2581
-3419
-4121
-4664
-5030
-5208
-5194
-4992
-4612
-4070
-3389
-2598
-1728
-813
110
1007
1843
2585
3205
3682
3997
4139
4105
3896
3524
3003
2355
1606
788
-67
-926
-1753
-2514
-3179
-3720
-4115
-4345
-4400
-4274
-3969
-3493
-2862
-2095
-1220
-265
734
1745
2730
3653
4478
5176
5716
6077
6240
6194
5935
5465
4792
3934
2912
1754
495
-828
-2177
-3508
-4779
-5949
-6976
-7825
-8463
-8863
-9007
-8880
-8479
-7805
-6871
-5696
-4309
-2744
-1042
747
2575
4388
6129
7743
9179
10386
11321
11947
12236
12167
11732
10934
9785
8310
6544
4533
2331
0
-2390
-4770
-7066
-9203
-11113
-12731
-13998
-14868
-15304
-15283
-14794
-13844
-12453
-10656
-8500
-6048
-3371
-551
2325
5168
7887
10393
12603
14443
15850
16773
17179
17049
16383
15199
13531
11432
8966
6214
3263
211
-2843
-5799
-8559
-11033
-13139
-14809
-15989
-16643
-16752
-16317
-15357
-13909
-12028
-9782
-7252
-4529
-1708
1111
3834
6366
8623
10533
12036
13089
13665
13757
13372
12539
11301
9715
7849
5783
3598
1381
-782
-2813
-4639
-6196
-7436
-8323
-8836
-8971
-8741
-8172
-7302
-6185
-4880
-3454
-1977
-518
856
2084
3114
3905
4427
4664
4616
4294
3723
2942
1998
944
-158
-1248
-2264
-3148
-3851
-4330
-4553
-4503
-4175
-3576
-2730
-1671
-444
893
2282
3655
4946
6091
7029
7709
8089
8140
7847
7209
6240
4970
3440
1707
-164
-2104
-4034
-5876
-7556
-9002
-10152
-10954
-11370
-11377
-10967
-10149
-8947
-7403
-5570
-3514
-1310
960
3213
5365
7336
9054
10453
11485
12110
12310
12077
11424
10379
8983
7291
5368
3289
1130
-1026
-3104
-5028
-6733
-8160
-9266
-10018
-10400
-10409
-10057
-9369
-8384
-7148
-5719
-4156
-2525
-890
686
2150
3450
4547
5410
6021
6372
6468
6324
5964
5419
4729
3935
3082
2212
1367
584
-106
-680
-1123
-1428
-1596
-1637
-1566
-1407
-1186
-933
-677
-448
-272
-170
-159
-247
-437
-724
-1093
-1525
-1994
-2471
-2921
-3313
-3611
-3786
-3814
-3673
-3353
-2851
-2172
-1333
-357
720
1862
3022
4150
5197
6113
6851
7370
7638
7629
7331
6741
5871
4743
3391
1860
204
-1516
-3236
-4889
-6409
-7732
-8804
-9575
-10011
-10086
-9791
-9130
-8122
-6800
-5209
-3406
-1457
564
2585
4528
6318
7887
9176
10133
10723
0
0
0
0
0
0
0
0
0
0
0
0
0
0
0
0
0
0
0
0
0
0
0
0
0
0
0
0
0
0
0
0
0
0
0
0
0
0
0
0
0
0
0
0
0
0
0
0
0
0
0
0
0
0
0
0
0
0
0
0
0
0
0
0
0
0
0
-10922
-10762
-10286
-9509
-8456
-7158
-5657
-3998
-2234
-416
1397
3153
4798
6283
7566
8609
9385
9872
10060
9949
9548
8872
7950
6813
5502
4061
2538
982
-556
-2030
-3396
-4614
-5650
-6477
-7076
-7437
-7557
-7442
-7106
-6570
-5860
-5009
-4052
-3028
-1974
-929
70
994
1812
2503
3050
3445
3683
3770
3714
3531
3241
2869
2439
1978
1515
1073
675
342
86
-82
-160
-148
-55
106
322
569
827
1071
1278
1425
1493
1466
1333
1088
731
269
-285
-914
-1594
-2297
-2993
-3649
-4232
-4710
-5055
-5242
-5251
-5070
-4694
-4125
-3375
-2461
-1411
-258
958
2196
3410
4553
5579
6448
7121
7567
7763
7697
7362
6766
5924
4864
3619
2233
755
-761
-2261
-3690
-4992
-6120
-7030
-7687
-8067
-8154
-7945
-7450
-6686
-5686
-4488
-3139
-1694
-210
1254
2641
3896
4971
5823
6421
6743
6779
6533
6018
5259
4293
3163
1923
626
-667
-1900
-3017
-3969
-4712
-5213
-5451
-5413
-5102
-4533
-3730
-2730
-1580
-331
956
2223
3409
4457
5313
5935
6287
6347
6104
5561
4735
3654
2359
901
-659
-2258
-3829
-5302
-6612
-7699
-8511
-9007
-9158
-8947
-8375
-7454
-6213
-4694
-2949
-1042
954
2967
4919
6733
8339
9673
10681
11321
11565
11400
10827
9867
8550
6924
5047
2986
815
-1385
-3538
-5565
-7395
-8963
-10217
-11113
-11626
-11740
-11460
-10799
-9790
-8475
-6906
-5145
-3259
-1317
608
2453
4153
5654
6910
7887
8563
8927
8983
8743
8233
7487
6548
5461
4277
3048
1822
648
-435
-1394
-2202
-2843
-3308
-3599
-3727
-3707
-3565
-3328
-3027
-2693
-2359
-2052
-1797
-1612
-1510
-1495
-1564
-1708
-1910
-2148
-2395
-2621
-2797
-2892
-2877
-2732
-2436
-1982
-1366
-595
314
1339
2447
3598
4749
5850
6854
7710
8374
8804
8966
8836
8399
7654
6608
5284
3714
1944
26
-1977
-4000
-5971
-7821
-9481
-10888
-11986
-12728
-13079
-13020
-12541
-11651
-10372
-8739
-6802
-4620
-2264
191
2666
5080
7352
9407
11180
12610
13652
14273
14453
14187
13488
12378
10897
9094
7029
4770
2390
-34
-2429
-4721
-6839
-8724
-10322
-11590
-12498
-13026
-13168
-12930
-12328
-11389
-10152
-8659
-6962
-5115
-3174
-1197
759
2644
4407
6007
7405
8574
9490
10139
10515
10617
10453
10036
9383
8517
7465
6257
4923
3497
2012
502
-999
-2462
-3853
-5145
-6309
-7322
-8160
-8806
-9244
-9462
-9453
-9212
-8743
-8051
-7148
-6052
-4786
-3376
-1855
-261
1366
2983
4547
6010
7329
8461
9369
10018
10382
10443
10190
9623
8750
7593
6179
4550
2752
841
-1123
-3078
-4956
-6694
-8229
-9507
-10479
-11106
-11361
-11229
-10710
-9817
-8575
-7026
-5219
-3218
-1093
1081
3225
5262
7115
8715
10000
10921
11442
11540
11209
10461
9320
7829
6043
4028
1862
-372
-2591
-4708
-6640
-8313
-9661
-10631
-11184
-11299
-10971
-10212
-9052
-7537
-5726
-3692
-1516
715
2913
4990
6862
8454
9703
10558
10984
10966
10503
9614
8337
6722
4836
2755
564
-1646
-3789
-5775
-7524
-8964
-10037
-10698
-10922
-10698
-10037
-8964
-7524
-5775
-3789
-1646
564
2755
4836
6722
8337
9614
10503
10966
10984
10558
9703
8454
6862
4990
2913
715
-1516
-3692
-5726
-7537
-9052
-10212
-10971
-11299
-11184
-10631
-9661
-8313
-6640
-4708
-2591
-372
1862
4028
6043
7829
9320
10461
11209
11540
11442
10921
10000
8715
7115
5262
3225
1081
-1093
-3218
-5219
-7026
-8575
-9817
-10710
-11229
-11361
-11106
-10479
-9507
-8229
-6694
-4956
-3078
-1123
841
2752
4550
6179
7593
8750
9623
10190
10443
10382
10018
9369
8461
7329
6010
4547
2983
1366
-261
-1855
-3376
-4786
-6052
-7148
-8051
-8743
-9212
-9453
-9462
-9244
-8806
-8160
-7322
-6309
-5145
-3853
-2462
-999
502
2012
3497
4923
6257
7465
8517
9383
10036
10453
10617
10515
10139
9490
8574
7405
6007
4407
2644
759
-1197
-3174
-5115
-6962
-8659
-10152
-11389
-12328
-12930
-13168
-13026
-12498
-11590
-10322
-8724
-6839
-4721
-2429
-34
2390
4770
7029
9094
10897
12378
13488
14187
14453
14273
13652
12610
11180
9407
7352
5080
2666
191
-2264
-4620
-6802
-8739
-10372
-11651
-12541
-13020
-13079
-12728
-11986
-10888
-9481
-7821
-5971
-4000
-1977
26
1944
3714
5284
6608
7654
8399
8836
8966
8804
8374
7710
6854
5850
4749
3598
2447
1339
314
-595
-1366
-1982
-2436
-2732
-2877
-2892
-2797
-2621
-2395
-2148
-1910
-1708
-1564
-1495
-1510
-1612
-1797
-2052
-2359
-2693
-3027
-3328
-3565
-3707
-3727
-3599
-3308
-2843
-2202
-1394
-435
648
1822
3048
4277
5461
6548
7487
8233
8743
8983
8927
8563
7887
6910
5654
4153
2453
608
-1317
-3259
-5145
-6906
-8475
-9790
-10799
-11460
-11740
-11626
-11113
-10217
-8963
-7395
-5565
-3538
-1385
815
2986
5047
6924
8550
9867
10827
11400
11565
11321
10681
9673
8339
6733
4919
2967
954
-1042
-2949
-4694
-6213
-7454
-8375
-8947
-9158
-9007
-8511
-7699
-6612
-5302
-3829
-2258
-659
901
2359
3654
4735
5561
6104
6347
6287
5935
5313
4457
3409
2223
956
-331
-1580
-2730
-3730
-4533
-5102
-5413
-5451
-5213
-4712
-3969
-3017
-1900
-667
626
1923
3163
4293
5259
6018
6533
6779
6743
6421
5823
4971
3896
2641
1254
-210
-1694
-3139
-4488
-5686
-6686
-7450
-7945
-8154
-8067
-7687
-7030
-6120
-4992
-3690
-2261
-761
755
2233
3619
4864
5924
6766
7362
7697
7763
7567
7121
6448
5579
4553
3410
2196
958
-258
-1411
-2461
-3375
-4125
-4694
-5070
-5251
-5242
-5055
-4710
-4232
-3649
-2993
-2297
-1594
-914
-285
269
731
1088
1333
1466
1493
1425
1278
1071
827
569
322
106
-55
-148
-160
-82
86
342
675
1073
1515
1978
2439
2869
3241
3531
3714
3770
3683
3445
3050
2503
1812
994
70
-929
-1974
-3028
-4052
-5009
-5860
-6570
-7106
-7442
-7557
-7437
-7076
-6477
-5650
-4614
-3396
-2030
-556
982
2538
4061
5502
6813
7950
8872
9548
9949
10060
9872
9385
8609
7566
6283
4798
3153
1397
-416
-2234
-3998
-5657
-7158
-8456
-9509
-10286
-10762
0
0
0
0
0
0
0
0
0
0
0
0
0
0
0
0
0
0
0
0
0
0
0
0
0
0
0
0
0
0
0
0
0
0
0
0
0
0
0
0
0
0
0
0
0
0
0
0
0
0
0
0
0
0
0
0
0
0
0
0
0
0
0
0
0
0
0
