0
4278
8485
12550
16402
19973
23203
26035
28419
30314
31684
32507
32766
32456
31581
30156
28203
25758
22860
19561
15917
11991
7852
3573
-771
-5106
-9352
-13436
-17284
-20829
-24006
-26759
-29038
-30801
-32015
-32660
-32720
-32196
-31094
-29434
-27244
-24563
-21439
-17925
-14087
-9991
-5712
-1327
3083
7441
11667
15683
19415
22796
25762
28259
30239
31667
32514
32764
32412
31462
29931
27847
25247
22178
18696
14865
10755
6443
2009
-2465
-6896
-11201
-15299
-19113
-22570
-25606
-28162
-30190
-31650
-32514
-32764
-32394
-31411
-29832
-27686
-25012
-21861
-18292
-14372
-10175
-5781
-1274
3259
7733
12062
16161
19951
23359
26318
28771
30668
31973
32659
32711
32127
30919
29107
26727
23823
20452
16679
12577
8226
3711
-879
-5455
-9926
-14204
-18204
-21846
-25058
-27775
-29942
-31516
-32464
-32766
-32415
-31417
-29790
-27567
-24790
-21514
-17805
-13736
-9388
-4849
-209
4437
8997
13377
17489
21248
24578
27411
29687
31359
32393
32765
32468
31507
29899
27676
24884
21579
17828
13707
9301
4700
0
-4703
-9311
-13729
-17864
-21629
-24947
-27746
-29968
-31566
-32503
-32761
-32332
-31225
-29460
-27076
-24119
-20653
-16748
-12488
-7961
-3263
1506
6246
10856
15238
19298
22949
26112
28719
30713
32051
32702
32651
31900
30461
28366
25658
22395
18646
14492
10022
5332
524
-4298
-9029
-13567
-17811
-21669
-25055
-27896
-30127
-31699
-32577
-32739
-32182
-30916
-28967
-26379
-23206
-19519
-15397
-10932
-6222
-1372
3511
8320
12945
17284
21240
24723
27655
29968
31611
32545
32748
32214
30954
28995
26381
23169
19431
15252
10724
5950
1038
-3899
-8751
-13405
-17757
-21705
-25159
-28038
-30277
-31822
-32637
-32702
-32014
-30588
-28456
-25665
-22280
-18377
-14047
-9388
-4509
477
5455
10308
14924
19194
23018
26305
28979
30974
32243
32756
32498
31476
29711
27244
24133
20449
16280
11722
6884
1880
-3170
-8148
-12935
-17416
-21484
-25041
-28000
-30291
-31856
-32659
-32677
-31909
-30373
-28105
-25157
-21600
-17520
-13013
-8189
-3163
1941
7001
11893
16499
20705
24407
27516
29953
31659
32589
32721
32049
30590
28377
25463
21921
17836
13307
8448
3377
-1780
-6896
-11843
-16499
-20746
-24479
-27603
-30040
-31727
-32621
-32699
-31957
-30413
-28105
-25088
-21439
-17247
-12618
-7668
-2522
2689
7836
12787
17416
21605
25247
28248
30530
32035
32723
32574
31592
29801
27244
23987
20112
15718
10917
5832
595
-4660
-9798
-14685
-19194
-23208
-26622
-29345
-31307
-32455
-32757
-32206
-30813
-28614
-25665
-22043
-17841
-13169
-8148
-2911
2405
7661
12717
17440
21705
25397
28419
30689
32146
32750
32483
31352
29385
26633
23169
19084
14487
9500
4255
-1105
-6439
-11603
-16457
-20870
-24723
-27911
-30346
-31961
-32712
-32578
-31559
-29684
-27001
-23582
-19519
-14922
-9916
-4636
771
6162
11386
16301
20770
24671
27896
30354
31977
32719
32558
31498
29565
26813
23317
19172
14492
9407
4058
-1405
-6833
-12073
-16978
-21411
-25247
-28377
-30713
-32188
-32760
-32410
-31148
-29007
-26047
-22351
-18021
-13179
-7961
-2516
3003
8440
13640
18454
22745
26389
29282
31340
32503
32737
32033
30409
27913
24613
20604
16000
10932
5547
0
-5550
-10942
-16021
-20637
-24657
-27963
-30458
-32068
-32745
-32468
-31244
-29107
-26118
-22364
-17952
-13013
-7689
-2137
3479
8997
14252
19090
23367
26955
29748
31662
32640
32650
31691
29790
27003
23411
19119
14256
8965
3403
-2262
-7862
-13230
-18204
-22633
-26385
-29345
-31423
-32556
-32707
-31871
-30072
-27362
-23823
-19561
-14703
-9397
-3803
1908
7565
12994
18030
22517
26318
29316
31419
32559
32702
31841
30001
27238
23635
19302
14372
8996
3339
-2422
-8112
-13553
-18577
-23026
-26761
-29667
-31650
-32648
-32629
-31591
-29565
-26615
-22829
-18327
-13249
-7752
-2009
3799
9491
14886
19815
24120
27666
30338
32052
32751
32412
31044
28690
25423
21345
16586
11295
5642
-193
-6025
-11667
-16938
-21669
-25706
-28920
-31206
-32489
-32726
-31909
-30063
-27244
-23544
-19081
-13998
-8460
-2644
3259
9060
14569
19606
24006
27626
30346
32075
32756
32366
30916
28451
25051
20827
15917
10480
4696
-1244
-7147
-12817
-18065
-22719
-26622
-29644
-31684
-32674
-32578
-31398
-29173
-25975
-21909
-17110
-11737
-5969
0
5972
11747
17130
21941
26016
29217
31436
32596
32657
31615
29504
26395
22390
17625
12260
6476
470
-5554
-11392
-16845
-21726
-25867
-29127
-31393
-32585
-32662
-31619
-29491
-26349
-22301
-17483
-12062
-6222
-166
5898
11762
17222
22088
26191
29387
31566
32648
32597
31411
29131
25835
21636
16679
11138
5205
-912
-7001
-12847
-18244
-23003
-26955
-29960
-31912
-32739
-32412
-30940
-28374
-24803
-20353
-15179
-9465
-3413
2763
8843
14612
19863
24407
28083
30758
32334
32755
32003
30103
27124
23169
18381
12929
7010
836
-5370
-11386
-16993
-21989
-26191
-29446
-31636
-32680
-32538
-31214
-28754
-25247
-20819
-15630
-9868
-3744
2518
8692
14551
19879
24480
28184
30855
32393
32739
31880
29845
26709
22585
17625
12011
5950
-333
-6607
-12639
-18204
-23094
-27128
-30152
-32055
-32763
-32248
-30528
-27666
-23767
-18976
-13473
-7461
-1167
5173
11322
17047
22132
26385
29644
31785
32724
32427
30901
28203
24435
19738
14288
8294
1981
-4409
-10635
-16457
-21654
-26025
-29402
-31656
-32697
-32485
-31027
-28377
-24634
-19943
-14481
-8460
-2109
4324
10594
16457
21686
26077
29459
31699
32710
32451
30929
28203
24378
19601
14056
7961
1552
-4919
-11201
-17047
-22227
-26537
-29806
-31906
-32751
-32307
-30590
-27666
-23648
-18696
-13002
-6791
-309
6187
12441
18204
23246
27366
30398
32222
32762
31995
29951
26709
22398
17189
11289
4935
-1619
-8112
-14281
-19879
-24678
-28486
-31147
-32552
-32643
-31416
-28917
-25247
-20553
-15023
-8882
-2378
4225
10659
16662
21989
26421
29777
31918
32756
32254
30432
27362
23169
18024
12137
5748
-879
-7473
-13762
-19485
-24407
-28323
-31070
-32533
-32650
-31414
-28875
-25136
-20353
-14721
-8475
-1874
4807
11292
17307
22602
26955
30182
32146
32765
32010
29911
26556
22083
16679
10571
4016
-2711
-9326
-15551
-21121
-25799
-29387
-31732
-32732
-32344
-30582
-27520
-23286
-18060
-12062
-5547
1206
7911
14280
20041
24947
28786
31393
32653
32513
30975
28105
24024
18906
12972
6476
-301
-7069
-13534
-19415
-24458
-28443
-31196
-32596
-32580
-31148
-28360
-24336
-19250
-13322
-6811
0
6813
13332
19269
24364
28393
31178
32594
32578
31129
28309
24241
19103
13120
6555
-301
-7147
-13680
-19609
-24671
-28641
-31340
-32648
-32505
-30916
-27948
-23735
-18460
-12360
-5706
1206
8067
14569
20421
25359
29162
31656
32728
32328
30473
27244
22786
17298
11027
4255
-2711
-9557
-15974
-21669
-26383
-29901
-32062
-32766
-31979
-29736
-26137
-21345
-15577
-9095
-2195
4807
11593
17850
23291
27666
30771
32464
32665
31362
28614
24546
19345
13249
6538
-477
-7473
-14125
-20126
-25196
-29098
-31650
-32732
-32292
-30349
-26991
-22374
-16712
-10266
-3339
3746
10659
17076
22694
27251
30530
32377
32702
31489
28793
24740
19519
13375
6597
-494
-7565
-14281
-20323
-25404
-29282
-31772
-32753
-32178
-30072
-26533
-21729
-15887
-9285
-2238
4919
11843
18204
23695
28052
31066
32589
32548
30942
27847
23411
17845
11416
4435
-2763
-9830
-16425
-22227
-26955
-30378
-32330
-32713
-31507
-28769
-24631
-19293
-13013
-6096
1120
8285
15047
21076
26077
29802
32068
32763
31850
29372
25451
20276
14101
7230
0
-7232
-14111
-20295
-25478
-29402
-31872
-32764
-32033
-29711
-25913
-20827
-14703
-7845
-595
6688
13640
19914
25196
29220
31785
32759
32093
29819
26047
20967
14832
7950
664
-6656
-13645
-19948
-25247
-29273
-31822
-32763
-32046
-29706
-25861
-20703
-14492
-7543
-209
7138
14125
20396
25629
29557
31977
32766
31880
29363
25342
20022
13674
6622
-771
-8129
-15071
-21240
-26318
-30042
-32219
-32734
-31559
-28754
-24461
-18901
-12360
-5177
2276
9615
16457
22447
27271
30678
32489
32608
31026
27825
23169
17302
10527
3199
-4298
-11573
-18244
-23960
-28419
-31387
-32705
-32302
-30198
-26501
-21406
-15179
-8148
-684
6817
13962
20369
25700
29668
32064
32757
31710
28975
24698
19103
12488
5205
-2358
-9798
-16717
-22745
-27557
-30894
-32577
-32513
-30703
-27244
-22319
-16192
-9191
-1693
5898
13175
19743
25247
29388
31941
32765
31816
29141
24884
19276
12618
5272
-2362
-9871
-16845
-22903
-27714
-31014
-32621
-32445
-30495
-26875
-21781
-15492
-8351
-749
6896
14165
20658
26016
29942
32220
32721
31417
28377
23767
17841
10926
3403
-4310
-11787
-18613
-24407
-28847
-31684
-32759
-32010
-29476
-25298
-19707
-13013
-5590
2148
9769
16845
22980
27828
31116
32659
32366
30254
26438
21133
14635
7310
-430
-8148
-15409
-21801
-26962
-30598
-32502
-32563
-30778
-27244
-22162
-15818
-8572
-836
6950
14343
20920
26305
30190
32350
32661
31103
27762
22829
16586
9388
1649
-6187
-13670
-20369
-25898
-29936
-32249
-32702
-31267
-28024
-23161
-16955
-9766
-2009
5867
13405
20168
25762
29860
32222
32709
31291
28049
23169
16936
9711
1916
-5992
-13553
-20323
-25904
-29968
-32275
-32687
-31179
-27837
-22855
-16527
-9222
-1372
6562
14111
20829
26318
30252
32397
32623
30916
27374
22206
15718
8294
373
-7571
-15067
-21669
-26980
-30683
-32556
-32483
-30469
-26631
-21197
-14492
-6916
1077
9009
16402
22811
27851
31216
32702
32218
29790
25564
19793
12824
5078
-2978
-10856
-18080
-24210
-28873
-31785
-32766
-31757
-28816
-24119
-17952
-10689
-2772
5316
13083
20053
25799
29968
32304
32662
31017
27469
22233
15630
8064
0
-8067
-15639
-22251
-27492
-31038
-32669
-32282
-29899
-25665
-19840
-12785
-4935
3223
11185
18454
24578
29176
31960
32754
31507
28295
23317
16881
9388
1306
-6859
-14599
-21426
-26913
-30713
-32587
-32415
-30206
-26096
-20343
-13307
-5431
2789
10837
18204
24423
29100
31937
32755
31498
28244
23199
16679
9099
938
-7285
-15047
-21854
-27271
-30951
-32659
-32282
-29844
-25497
-19519
-12290
-4271
4023
12062
19330
25359
29762
32252
32670
30984
27303
21861
15008
7184
-1105
-9326
-16947
-23474
-28484
-31650
-32766
-31757
-28687
-23753
-17274
-9670
-1435
6896
14781
21705
27215
30951
32666
32248
29720
25247
19119
11737
3583
-4807
-12886
-20121
-26035
-30239
-32455
-32534
-30469
-26395
-20578
-13400
-5336
3083
11302
18775
25007
29584
32200
32681
30992
27244
21684
14679
6695
-1736
-10055
-17706
-24178
-29038
-31959
-32744
-31340
-27837
-22468
-15592
-7668
771
9163
16942
23583
28641
31772
32764
31548
28203
22955
16155
8261
-193
-8637
-16499
-23246
-28419
-31667
-32766
-31641
-28366
-23161
-16378
-8479
0
8482
16388
23178
28387
31659
32766
31633
28334
23092
16267
8323
-193
-8699
-16610
-23382
-28547
-31748
-32764
-31521
-28105
-22748
-15818
-7793
771
9287
17161
23850
28887
31923
32744
31292
27666
22114
15023
6884
-1736
-10238
-18030
-24565
-29387
-32158
-32681
-30919
-26991
-21173
-13868
-5590
3083
11543
19194
25499
30012
32414
32534
30361
26047
19895
12336
3903
-4807
-13181
-20625
-26610
-30711
-32637
-32248
-29569
-24790
-18247
-10405
-1820
6896
15124
22277
27843
31423
32760
31757
28483
23169
16196
8060
-655
-9326
-17331
-24094
-29127
-32068
-32703
-30984
-27033
-21133
-13707
-5289
3511
12062
19743
25999
30374
32552
32371
29844
25150
18630
10754
2094
-6719
-15047
-22282
-27896
-31478
-32765
-31661
-28244
-22763
-15616
-7324
1506
10228
18204
24847
29668
32313
32585
30461
26096
19809
12062
3423
-5469
-13962
-21426
-27310
-31178
-32740
-31881
-28661
-23317
-16242
-7961
912
9721
17811
24578
29519
32265
32608
30520
26157
19840
12041
3339
-5613
-14150
-21629
-27492
-31296
-32755
-31758
-28377
-22863
-15630
-7219
1736
10564
18599
25234
29968
32443
32468
30041
25342
18725
10689
1842
-7147
-15598
-22868
-28404
-31785
-32751
-31227
-27327
-21345
-13736
-5078
3969
12717
20496
26712
30887
32702
32014
28875
23522
16364
7950
-1077
-10024
-18204
-24986
-29848
-32414
-32483
-30050
-25298
-18593
-10451
-1499
7571
16058
23305
28750
31969
32711
30916
26720
20449
12587
3744
-5391
-14111
-21734
-27666
-31442
-32766
-31533
-27837
-21964
-14372
-5653
3510
12401
20323
26654
30894
32710
31957
28692
23169
15822
7226
-1941
-10958
-19113
-25762
-30378
-32596
-32237
-29328
-24096
-16955
-8469
691
9799
18132
25028
29936
32465
32412
29778
24772
17791
9388
234
-8940
-17404
-24479
-29598
-32350
-32513
-30072
-25219
-18342
-9991
-836
8388
16942
24135
29387
32275
32563
30226
25451
18620
10283
1113
-8148
-16754
-24006
-29316
-32252
-32574
-30254
-25477
-18630
-10266
-1066
8222
16845
24098
29390
32286
32549
30156
25298
18372
9941
695
-8610
-17213
-24407
-29603
-32371
-32482
-29925
-24908
-17841
-9305
0
9307
17850
24924
29942
32491
32356
29546
24293
17028
8351
-1019
-10308
-18745
-25629
-30386
-32621
-32145
-28995
-23432
-15917
-7073
2362
11603
19879
26497
30903
32728
31816
28241
22301
14491
5464
-4023
-13175
-21224
-27492
-31451
-32766
-31324
-27244
-20868
-12732
-3519
5992
15001
22745
28568
31977
32682
30619
25962
19103
10622
1238
-8253
-17047
-24394
-29668
-32420
-32412
-29643
-24347
-16973
-8148
1373
10781
19269
26112
30723
32705
31886
28334
22351
14449
5304
-4298
-13534
-21608
-27826
-31650
-32749
-31026
-26627
-19930
-11510
-2094
7504
16457
23989
29446
32355
32460
29752
24461
17046
8148
-1459
-10942
-19477
-26318
-30870
-32732
-31742
-27983
-21780
-13674
-4371
5316
14541
22496
28484
31977
32669
30495
25645
18541
9807
209
-9410
-18204
-25397
-30356
-32640
-32046
-28625
-22675
-14721
-5464
4278
13645
21806
28038
31787
32719
30748
26047
19032
10324
695
-8997
-17892
-25196
-30256
-32621
-32077
-28669
-22701
-14703
-5389
4409
13816
21989
28193
31872
32694
30582
25725
18555
9715
0
-9718
-18563
-25739
-30598
-32699
-31850
-28126
-21861
-13619
-4144
5708
15047
23026
28920
32194
32549
29951
24631
17073
7961
-1876
-11547
-20168
-26955
-31287
-32766
-31257
-26894
-20073
-11416
-1713
8148
17267
24807
30076
32589
32113
28690
22632
14492
5018
-4919
-14407
-22570
-28657
-32104
-32591
-30072
-24775
-17189
-8012
1907
11653
20323
27113
31393
32763
31094
26539
19519
10683
852
-9060
-18132
-25519
-30530
-32697
-31816
-27965
-21503
-13031
-3339
6667
16052
23938
29584
32459
32292
29097
23169
15065
5543
-4501
-14125
-22423
-28612
-32108
-32578
-29977
-24546
-16798
-7461
2582
12385
21019
27666
31694
32721
30647
25665
18247
9095
-923
-10856
-19760
-26786
-31264
-32766
-31146
-26556
-19431
-10451
-470
9557
18675
26008
30855
32749
31507
27244
20368
11537
1595
-8501
-17784
-25359
-30497
-32702
-31758
-27754
-21074
-12360
-2451
7696
17103
24860
30215
32648
31922
28105
21563
12929
3039
-7147
-16643
-24525
-30025
-32607
-32016
-28309
-21844
-13249
-3359
6859
16412
24364
29939
32588
32050
28377
21924
13322
3413
-6833
-16412
-24382
-29960
-32596
-32028
-28309
-21804
-13150
-3199
7069
16643
24578
30089
32630
31946
28105
21482
12732
2719
-7565
-17103
-24947
-30318
-32680
-31797
-27754
-20951
-12062
-1970
8320
17784
25478
30633
32732
31565
27244
20200
11134
952
-9326
-18675
-26154
-31014
-32765
-31228
-26556
-19215
-9941
333
10578
19760
26955
31436
32749
30759
25665
17979
8475
-1887
-12062
-21019
-27851
-31864
-32650
-30126
-24546
-16475
-6728
3703
13762
22423
28806
32258
32427
29291
23169
14683
4696
-5772
-15653
-23938
-29777
-32571
-32033
-28214
-21503
-12587
-2378
8077
17706
25519
30711
32748
31416
26850
19519
10175
-219
-10594
-19879
-27113
-31549
-32726
-30520
-25157
-17189
-7439
3083
13289
22119
28657
32222
32441
29289
23092
14492
4381
-6187
-16114
-24364
-30076
-32652
-31820
-27666
-20619
-11416
-1017
9491
19008
26537
31287
32757
30792
25595
17709
7961
-2625
-12939
-21894
-28547
-32194
-32451
-29286
-23032
-14346
-4144
6498
16457
24678
30291
32699
31644
27238
19943
10531
0
-10533
-19951
-27251
-31656
-32694
-30254
-24592
-16309
-6286
4409
14637
23305
29487
32519
32077
28203
21312
12137
1660
-8997
-18692
-26385
-31248
-32757
-30748
-25434
-17383
-7461
3266
13645
22556
29038
32390
32248
28625
21909
12824
2351
-8378
-18204
-26061
-31098
-32765
-30880
-25645
-17625
-7689
3083
13524
22496
29023
32393
32235
28565
21780
12618
2077
-8692
-18516
-26318
-31245
-32755
-30681
-25247
-17046
-6975
3863
14280
23132
29446
32527
32033
28015
20915
11510
836
-9932
-19609
-27125
-31650
-32682
-30103
-24198
-15616
-5304
5596
15880
24407
30232
32705
31550
26894
19250
9465
-1373
-12062
-21411
-28379
-32188
-32412
-29022
-22395
-13267
-2656
8253
18244
26197
31222
32754
30619
25054
16679
6433
-4537
-15001
-23783
-29895
-32648
-31731
-27244
-19690
-9916
976
11762
21224
28293
32170
32415
28997
22301
13080
2378
-8595
-18599
-26497
-31393
-32729
-30352
-24528
-15917
-5494
5554
15974
24578
30386
32734
31352
26395
18425
8351
-2679
-13405
-22602
-29217
-32491
-32046
-27932
-20616
-10936
0
10939
20625
27944
32055
32482
29173
22507
13249
2462
-8610
-18692
-26622
-31481
-32707
-30156
-24119
-15293
-4696
6446
16845
25296
30817
32766
30916
25477
17079
6695
-4468
-15115
-24006
-30106
-32702
-31489
-26606
-18620
-8460
2689
13528
22788
29387
32552
31909
27532
19930
9991
-1120
-12103
-21669
-28693
-32350
-32208
-28280
-21025
-11295
-234
10856
20671
28052
32127
32412
28871
21921
12379
1372
-9799
-19815
-27487
-31906
-32545
-29328
-22632
-13249
-2291
8940
19113
27016
31708
32629
29666
23169
13911
2992
-8285
-18577
-26654
-31549
-32677
-29899
-23544
-14372
-3477
7836
18214
26411
31442
32702
30037
23764
14635
3744
-7598
-18030
-26293
-31393
-32711
-30086
-23833
-14703
-3796
7571
18026
26305
31405
32707
30050
23753
14577
3632
-7754
-18204
-26446
-31479
-32688
-29925
-23522
-14256
-3253
8148
18560
26712
31608
32650
29706
23135
13736
2656
-8751
-19090
-27095
-31785
-32581
-29385
-22585
-13013
-1842
9557
19786
27585
31994
32468
28947
21861
12081
809
-10564
-20637
-28166
-32219
-32293
-28377
-20951
-10932
440
11762
21629
28819
32437
32033
27653
19840
9561
-1907
-13142
-22745
-29519
-32621
-31661
-26755
-18514
-7961
3586
14689
23960
30239
32740
31148
25658
16955
6128
-5469
-16384
-25247
-30944
-32759
-30461
-24336
-15151
-4058
7546
18204
26572
31595
32638
29565
22763
13087
1756
-9798
-20118
-27896
-32148
-32332
-28424
-20915
-10754
771
12203
22088
29171
32552
31797
27001
18769
8148
-3511
-14727
-24069
-30346
-32754
-30984
-25260
-16309
-5272
6439
17331
26008
31359
32696
29845
23169
13521
2137
-9523
-19964
-27843
-32146
-32318
-28334
-20703
-10405
1234
12717
22564
29503
32637
31559
26407
17841
6968
-4807
-15965
-25058
-30909
-32757
-30361
-24028
-14577
-3233
8533
19194
27364
31977
32433
28669
21173
10917
-762
-12345
-22321
-29387
-32619
-31592
-26438
-17828
-6884
4961
16161
25247
31028
32744
30168
23635
13998
2522
-9287
-19879
-27860
-32179
-32265
-28105
-20242
-9711
2101
13640
23382
30040
32733
31103
25362
16267
5018
-6896
-17901
-26537
-31659
-32585
-29190
-21921
-11741
0
11743
21929
29201
32589
31641
26480
17791
6728
-5233
-16499
-25566
-31222
-32709
-29826
-22955
-13013
-1327
10537
20994
28641
32450
31909
27088
18630
7668
-4324
-15739
-25041
-30976
-32744
-30105
-23411
-13561
-1880
10055
20637
28436
32397
31982
27244
18822
7852
-4182
-15653
-25007
-30974
-32743
-30072
-23319
-13400
-1660
10308
20879
28612
32455
31881
26966
18377
7282
-4807
-16245
-25468
-31216
-32702
-29720
-22675
-12528
-664
11292
21705
29147
32596
31576
26225
17274
5950
-6193
-17489
-26383
-31650
-32564
-28995
-21433
-10917
1105
12978
23064
29968
32737
30984
24950
15465
3839
-8320
-19330
-27666
-32170
-32217
-27796
-19519
-8531
3643
15314
24860
30951
32739
29972
23032
12884
938
-11141
-21669
-29176
-32613
-31498
-25982
-16835
-5332
6918
18204
26944
31912
32410
28366
20343
9465
-2743
-14569
-24351
-30713
-32759
-30198
-23387
-13283
-1306
10856
21492
29100
32604
31507
25962
16748
5166
-7147
-18454
-27152
-32008
-32332
-28076
-19840
-8789
3510
15314
24947
31038
32720
29752
22551
12140
0
-12143
-22559
-29762
-32723
-31017
-24884
-15198
-3339
8998
20053
28242
32393
31908
26854
17952
6476
-5930
-17489
-26541
-31785
-32465
-28481
-20402
-9388
2978
14918
24714
30951
32730
29790
22554
12062
-172
-12385
-22811
-29942
-32746
-30813
-24421
-14492
-2462
9926
20879
28806
32556
31581
26021
16679
4912
-7571
-18956
-27585
-32200
-32127
-27374
-18630
-7167
5342
17076
26318
31719
32485
28504
20353
9222
-3259
-15267
-25041
-31147
-32687
-29434
-21861
-11077
1334
13553
23783
30517
32764
30189
23169
12736
423
-11953
-22570
-29860
-32743
-30792
-24293
-14202
-2009
10483
21426
29201
32652
31267
25247
15482
3419
-9153
-20369
-28563
-32514
-31633
-26047
-16586
-4654
7973
19415
27967
32350
31910
26709
17520
5712
-6950
-18577
-27428
-32179
-32116
-27244
-18292
-6597
6088
17864
26962
32015
32263
27666
18910
7310
-5391
-17284
-26579
-31872
-32366
-27983
-19380
-7852
4862
16845
26287
31760
32433
28203
19707
8226
-4501
-16550
-26094
-31684
-32472
-28334
-19895
-8434
4310
16402
26003
31651
32486
28377
19946
8475
-4288
-16402
-26016
-31662
-32478
-28334
-19861
-8351
4437
16550
26133
31717
32445
28203
19638
8060
-4756
-16845
-26351
-31812
-32386
-27983
-19276
-7602
5243
17284
26666
31941
32293
27666
18769
6975
-5898
-17864
-27071
-32095
-32157
-27244
-18113
-6176
6719
18577
27557
32265
31968
26709
17302
5205
-7702
-19415
-28111
-32434
-31710
-26047
-16326
-4058
8843
20369
28719
32588
31368
25247
15179
2736
-10137
-21426
-29364
-32705
-30922
-24293
-13853
-1238
11573
22570
30025
32764
30353
23169
12339
-434
-13142
-23783
-30678
-32739
-29638
-21861
-10632
2276
14829
25041
31296
32604
28754
20353
8727
-4282
-16616
-26318
-31849
-32328
-27676
-18630
-6622
6439
18480
27585
32302
31880
26381
16679
4318
-8734
-20396
-28806
-32620
-31227
-24845
-14492
-1820
11144
22329
29942
32763
30335
23047
12062
-859
-13645
-24243
-30951
-32688
-29173
-20967
-9388
3703
16202
26094
31785
32354
27709
18593
6476
-6688
-18775
-27832
-32393
-31718
-25913
-15915
-3339
9779
21317
29402
32723
30737
23764
12933
0
-12935
-23772
-30745
-32720
-29372
-21243
-9654
3510
16105
26077
31798
32332
27590
18342
6096
-7147
-19226
-28162
-32493
-31507
-25362
-15061
-2291
10856
22227
29953
32765
30198
22670
11416
-1716
-14569
-25028
-31370
-32548
-28366
-19509
-7435
5867
18204
27539
32330
31782
25982
15887
3163
-10086
-21669
-29667
-32753
-30413
-23032
-11831
1334
14281
24860
31312
32563
28403
19519
7387
-5976
-18347
-27666
-32377
-31693
-25725
-15465
-2622
10659
22164
29968
32766
30086
22374
10917
-2369
-15261
-25599
-31650
-32396
-27709
-18372
-5950
7473
19643
28516
32596
31195
24546
13765
664
-12550
-23653
-30771
-32702
-29116
-20616
-8634
4807
17440
27128
32230
31881
26137
15968
3092
-10308
-21966
-29901
-32766
-30072
-22272
-10689
2711
15653
25937
31812
32275
27244
17574
4908
-8595
-20637
-29162
-32712
-30681
-23411
-12140
1206
14349
25041
31451
32480
27948
18630
6117
-7445
-19735
-28641
-32634
-31026
-24089
-13013
301
13567
24501
31222
32570
28309
19172
6728
-6876
-19298
-28393
-32589
-31159
-24347
-13326
0
13328
24354
31166
32585
28360
19220
6748
-6896
-19347
-28443
-32604
-31103
-24198
-13087
301
13640
24608
31294
32533
28105
18778
6176
-7504
-19879
-28786
-32669
-30847
-23635
-12290
1206
14493
25247
31583
32389
27520
17828
5008
-8692
-20870
-29387
-32745
-30352
-22624
-10917
2711
15865
26229
31977
32094
26556
16335
3233
-10442
-22277
-30182
-32757
-29546
-21112
-8944
4807
17712
27483
32390
31559
25136
14256
845
-12717
-24026
-31070
-32598
-28334
-19032
-6345
7473
19964
28903
32697
30666
23169
11540
-2148
-15456
-26008
-31918
-32127
-26596
-16309
-3103
10659
22517
30346
32741
29270
20553
8148
-5719
-18563
-28078
-32552
-31179
-24202
-12874
771
14281
25223
31625
32332
27214
17189
4062
-9798
-21894
-30040
-32762
-29565
-21025
-8682
5233
18204
27882
32514
31257
24336
13002
-691
-14262
-25247
-31650
-32307
-27094
-16955
-3732
10171
22227
30239
32747
29289
20494
7961
-6025
-18915
-28356
-32621
-30929
-23586
-11931
1907
15400
26077
31982
32033
26215
15592
2109
-11762
-23479
-30889
-32629
-28377
-18910
-5966
8077
20637
29402
32756
30080
21861
9613
-4409
-17621
-27585
-32459
-31342
-24435
-13013
816
14497
25499
31785
32188
26631
16140
2656
-11322
-23203
-30782
-32650
-28456
-18976
-5969
8148
20755
29503
32763
29925
21514
9095
-5021
-18204
-27995
-32564
-31058
-23753
-12011
1977
15598
26305
32095
31880
25698
14703
952
-12978
-24480
-31393
-32418
-27360
-17165
-3744
10381
22559
30497
32702
28754
19394
6380
-7836
-20580
-29446
-32762
-29899
-21393
-8847
5370
18577
28275
32630
30814
23169
11138
-3003
-16579
-27016
-32334
-31523
-24733
-13249
751
14612
25700
31906
32048
26096
15179
1372
-12698
-24354
-31371
-32412
-27273
-16932
-3359
10856
23003
30758
32638
28280
18514
5205
-9101
-21669
-30089
-32747
-29131
-19930
-6905
7445
20371
29387
32762
29844
21189
8460
-5898
-19125
-28673
-32702
-30433
-22301
-9868
4468
17946
27963
32585
30916
23274
11134
-3159
-16845
-27275
-32428
-31305
-24119
-12260
1977
15833
26622
32247
31615
24845
13249
-923
-14918
-26016
-32055
-31858
-25461
-14105
0
14107
25468
31864
32046
25975
14832
792
-13405
-24986
-31684
-32188
-26395
-15435
-1452
12817
24578
31525
32292
26727
15917
1981
-12345
-24250
-31393
-32366
-26976
-16280
-2378
11993
24006
31293
32415
27148
16527
2644
-11762
-23850
-31230
-32442
-27244
-16660
-2779
11653
23783
31206
32451
27267
16679
2783
-11667
-23806
-31222
-32441
-27217
-16586
-2656
11803
23919
31277
32412
27094
16378
2398
-12062
-24120
-31370
-32361
-26894
-16056
-2009
12441
24407
31496
32285
26615
15616
1488
-12939
-24777
-31650
-32178
-26251
-15055
-836
13553
25223
31826
32033
25797
14372
52
-14280
-25739
-32015
-31841
-25247
-13561
863
15115
26318
32208
31592
24592
12618
-1908
-16052
-26950
-32393
-31276
-23823
-11540
3083
17085
27622
32556
30880
22932
10324
-4384
-18204
-28323
-32682
-30389
-21909
-8965
5807
19399
29038
32755
29790
20744
7461
-7347
-20658
-29748
-32757
-29067
-19428
-5811
8997
21966
30436
32669
28203
17952
4016
-10746
-23305
-31079
-32468
-27184
-16309
-2077
12583
24657
31656
32135
25992
14491
0
-14493
-25999
-32139
-31644
-24613
-12494
2208
16457
27304
32503
30975
23032
10317
-4537
-18454
-28547
-32719
-30103
-21238
-7961
6971
20458
29694
32757
29007
19220
5431
-9491
-22439
-30713
-32587
-27666
-16973
-2736
12073
24364
31568
32177
26060
14492
-108
-14689
-26197
-32222
-31498
-24174
-11781
3083
17304
27896
32634
30520
21996
8847
-6162
-19879
-29416
-32766
-29219
-19519
-5706
9311
22368
30711
32578
27570
16743
2378
-12491
-24723
-31732
-32033
-25558
-13674
1105
15653
26888
32428
31095
23169
10328
-4707
-18745
-28806
-32750
-29736
-20402
-6728
8378
21705
30414
32650
27932
17262
2911
-12062
-24465
-31651
-32083
-25665
-13765
1077
15692
26955
32455
31012
22932
9941
-5180
-19194
-29098
-32765
-29406
-19738
-5832
9326
22486
30817
32526
27244
16102
1495
-13436
-25478
-32035
-31693
-24521
-12062
2999
17416
28078
32680
30226
21243
7668
-7565
-21167
-30192
-32685
-28105
-17438
-2992
12103
24578
31727
31995
25321
13150
-1876
-16499
-27539
-32596
-30567
-21889
-8448
6833
20630
29936
32722
28377
17845
3419
-11753
-24364
-31659
-32040
-25423
-13249
1823
16499
27568
32607
30508
21729
8189
-7147
-20920
-30108
-32693
-28105
-17347
-2779
12401
24860
31856
31850
24838
12360
-2839
-17416
-28160
-32702
-30037
-20749
-6884
8501
22013
30668
32552
27244
15915
1066
-14020
-26008
-32243
-31342
-23500
-10451
4915
19194
29220
32766
29042
18871
4509
-10856
-23813
-31479
-32147
-25665
-13473
1720
16533
27666
32637
30335
21271
7461
-8015
-21705
-30552
-32578
-27327
-15968
-1038
14125
26133
32294
31228
23169
9920
-5554
-19786
-29584
-32748
-28565
-17970
-3339
12043
24723
31849
31816
24627
11897
-3511
-18132
-28673
-32755
-29458
-19519
-5177
10334
23516
31393
32182
25702
13414
-1907
-16800
-27896
-32682
-30072
-20653
-6555
9029
22570
30997
32395
26445
14492
-751
-15827
-27310
-32589
-30461
-21406
-7481
8148
21926
30713
32507
26894
15151
-48
-15238
-26955
-32522
-30664
-21804
-7961
7702
21608
30575
32549
27076
15403
202
-15047
-26852
-32503
-30703
-21861
-8002
7696
21629
30598
32538
27001
15255
0
-15257
-27007
-32541
-30582
-21579
-7602
8129
21989
30779
32468
26664
14703
-655
-15865
-27411
-32621
-30288
-20948
-6758
8997
22672
31098
32318
26047
13736
-1763
-16855
-28038
-32713
-29790
-19946
-5464
10289
23653
31516
32046
25116
12336
-3319
-18204
-28847
-32766
-29042
-18541
-3711
11987
24889
31977
31593
23823
10480
-5316
-19871
-29777
-32711
-27983
-16697
-1495
14059
26318
32404
30885
22114
8148
-7733
-21801
-30745
-32460
-26539
-14372
1180
16457
27860
32699
29832
19930
5325
-10537
-23916
-31650
-31910
-24631
-11530
4298
19113
29409
32747
28334
17210
2009
-13670
-26112
-32365
-30942
-22178
-8148
7817
21929
30833
32412
26285
13907
-1780
-17047
-28259
-32743
-29429
-19103
-4222
11667
24777
31977
31548
23586
9991
-5992
-20546
-30192
-32619
-27244
-15350
219
15739
27492
32660
30001
20149
5464
-10533
-24006
-31719
-31816
-24270
-10892
5106
19879
29873
32681
27625
15917
373
-15261
-27221
-32621
-30156
-20416
-5748
10308
23879
31684
31836
24293
10875
-5173
-19973
-29942
-32665
-27477
-15633
0
15636
27483
32666
29925
19920
5078
-10999
-24407
-31886
-31615
-23656
-9941
6193
20824
30386
32549
26782
14487
-1341
-16845
-28242
-32749
-29262
-18630
-3445
12583
25539
32252
31078
22301
8064
-8148
-22368
-31111
-32231
-25451
-12429
3643
18824
29387
32737
28047
16465
836
-15001
-27152
-32625
-30072
-20115
-5205
10989
24479
31937
31523
23335
9388
-6876
-21447
-30723
-32412
-26092
-13322
2743
18132
29038
32759
28371
16955
1338
-14612
-26944
-32596
-30164
-20247
-5304
10958
24501
31960
31477
23169
9099
-7236
-21774
-30894
-32323
-25702
-12676
3510
18824
29446
32724
27837
16000
166
-15711
-27666
-32707
-29572
-19041
-3744
12491
25602
32304
30916
21780
7184
-9215
-23305
-31551
-31880
-24205
-10451
5930
20824
30486
32483
26311
13518
-2679
-18204
-29147
-32749
-28098
-16364
-502
15488
27574
32702
29574
18976
3583
-12717
-25806
-32371
-30748
-21345
-6538
9926
23879
31785
31636
23467
9346
-7147
-21830
-30974
-32254
-25342
-11991
4409
19692
29968
32623
26976
14462
-1736
-17495
-28798
-32764
-28377
-16752
-852
15267
27492
32699
29554
18857
3339
-13034
-26077
-32450
-30520
-20777
-5712
10817
24578
32042
31291
22515
7961
-8637
-23021
-31496
-31881
-24075
-10079
6509
21426
30833
32307
25463
12062
-4448
-19815
-30076
-32585
-26689
-13907
2465
18204
29244
32732
27762
15616
-569
-16610
-28356
-32765
-28692
-17189
-1231
15047
27428
32699
29490
18630
2932
-13528
-26478
-32552
-30168
-19943
-4530
12062
25519
32337
30737
21133
6022
-10659
-24565
-32068
-31208
-22206
-7407
9326
23628
31760
31593
23169
8686
-8070
-22719
-31423
-31903
-24028
-9858
6896
21846
31070
32147
24790
10926
-5807
-21019
-30711
-32336
-25461
-11891
4807
20244
30356
32478
26047
12755
-3899
-19528
-30012
-32581
-26556
-13521
3083
18877
29687
32654
26991
14192
-2362
-18294
-29387
-32703
-27360
-14769
1736
17784
29119
32734
27666
15255
-1206
-17349
-28887
-32752
-27913
-15652
771
16993
28695
32761
28105
15962
-434
-16717
-28547
-32765
-28244
-16186
193
16523
28443
32766
28334
16326
-48
-16412
-28387
-32766
-28374
-16382
0
0
0
0
0
0
0
0
0
0
0
0
0
0
0
0
0
0
0
0
0
0
0
0
0
0
0
0
0
0
0
0
0
0
0
0
0
0
0
0
0
0
0
0
0
0
0
0
0
0
0
0
0
0
0
0
0
0
0
0
0
0
0
0
0
0
0
0
0
0
0
0
0
0
0
0
0
0
0
0
0
0
0
0
0
0
0
0
0
0
0
0
0
0
0
0
0
0
0
0
0
0
0
0
0
0
0
0
0
0
0
0
0
0
0
0
0
0
0
0
0
0
0
0
0
0
0
0
0
0
0
0
0
0
0
0
0
0
0
0
0
0
0
0
0
0
0
0
0
0
0
0
0
0
0
0
0
0
0
0
0
0
0
0
0
0
0
0
0
0
0
0
0
0
0
0
0
0
0
0
0
0
0
0
0
0
0
0
0
0
0
0
0
0
0
0
0
0
0
0
0
0
0
0
0
0
0
0
0
0
0
0
0
0
0
0
0
0
0
0
0
0
0
0
0
0
0
0
0
0
0
0
0
0
0
0
0
0
0
0
0
0
0
0
0
0
0
0
0
0
0
0
0
0
0
0
0
0
0
0
0
0
0
0
0
0
0
0
0
0
0
0
0
0
0
0
0
0
0
0
0
0
0
0
0
0
0
0
0
0
0
0
0
0
0
0
0
0
0
0
0
0
0
0
0
0
0
0
0
0
0
0
0
0
0
0
0
0
0
0
0
0
0
0
0
0
0
0
0
0
0
0
0
0
0
0
0
0
0
0
0
0
0
0
0
0
0
0
0
0
0
0
0
0
0
0
0
0
0
0
0
0
0
0
0
0
0
0
0
0
0
0
0
0
0
0
0
0
0
0
0
0
0
0
0
0
0
0
0
0
0
0
0
0
0
0
0
0
0
0
0
0
0
0
0
0
0
0
0
0
0
0
0
0
0
0
0
0
0
0
0
0
0
0
0
0
0
0
0
0
0
0
0
0
0
0
0
0
0
0
0
0
0
0
0
0
0
0
0
0
0
0
0
0
0
0
0
0
0
0
0
0
0
0
0
0
0
0
0
0
0
0
0
0
0
0
0
0
0
0
0
0
0
0
0
0
0
0
0
0
0
0
0
0
0
0
0
0
0
0
0
0
0
0
0
0
0
0
0
0
0
0
0
0
0
0
0
0
0
0
0
0
0
0
0
0
0
0
0
0
0
0
0
0
0
0
0
0
0
0
0
0
0
0
0
0
0
0
0
0
0
0
0
0
0
0
0
0
0
0
0
0
0
0
0
0
0
0
0
0
0
0
0
0
0
0
0
0
0
0
0
0
0
0
0
0
0
0
0
0
0
0
0
0
0
0
0
0
0
0
0
0
0
0
0
0
0
0
0
0
0
0
0
0
0
0
0
0
0
0
0
0
0
0
0
0
0
0
0
0
0
0
0
0
0
0
0
0
0
0
0
0
0
0
0
0
0
0
0
0
0
0
0
0
0
0
0
0
0
0
0
0
0
0
0
0
0
0
0
0
0
0
0
0
0
0
0
0
0
0
0
0
0
0
0
0
0
0
0
0
0
0
0
0
0
0
0
0
0
0
0
0
0
0
0
0
0
0
0
0
0
0
0
0
0
0
0
0
0
0
0
0
0
0
0
0
0
0
0
0
0
0
0
0
0
0
0
0
0
0
0
0
0
0
0
0
0
0
0
0
0
0
0
0
0
0
0
0
0
0
0
0
0
0
0
0
0
0
0
0
0
0
0
0
0
0
0
0
0
0
0
0
0
0
0
0
0
0
0
0
0
0
0
0
0
0
0
0
0
0
0
0
0
0
0
0
0
0
0
0
0
0
0
0
0
0
0
0
0
0
0
0
0
0
0
0
0
0
0
0
0
0
0
0
0
0
0
0
0
0
0
0
0
0
0
0
0
0
0
0
0
0
0
0
0
0
0
0
0
0
0
0
0
0
0
0
0
0
0
0
0
0
0
0
0
0
0
0
0
0
0
0
0
0
0
0
0
0
0
0
0
0
0
0
0
0
0
0
0
0
0
0
0
0
0
0
0
0
0
0
0
0
0
0
0
0
0
0
0
0
0
0
0
0
0
0
0
0
0
0
0
0
0
0
0
0
0
0
0
0
0
0
0
0
0
0
0
0
0
0
0
0
0
0
0
0
0
0
0
0
20851
20417
19131
17050
14262
10888
7070
2973
-1230
-5361
-9247
-12725
-15651
-17906
-19399
-20076
-19914
-18930
-17173
-14726
-11701
-8231
-4469
-576
3280
6941
10256
13091
15336
16908
17756
17858
17227
15905
13964
11501
8630
5484
2202
-1075
-4212
-7081
-9570
-11589
-13068
-13966
-14267
-13980
-13141
-11808
-10059
-7984
-5686
-3273
-850
1477
3619
5494
7039
8209
8977
9337
9302
8903
8183
7200
6018
4707
3336
1973
678
-495
-1507
-2330
-2948
-3359
-3572
-3608
-3497
-3274
-2978
-2648
-2321
-2030
-1801
-1650
-1586
-1607
-1702
-1852
-2028
-2200
-2334
-2394
-2348
-2171
-1841
-1348
-692
114
1050
2082
3167
4255
5291
6216
6975
7515
7790
7764
7415
6734
5727
4418
2845
1062
-865
-2862
-4845
-6727
-8425
-9857
-10951
-11648
-11905
-11693
-11008
-9862
-8291
-6346
-4100
-1638
944
3542
6050
8363
10384
12025
13215
13898
14043
13637
12693
11244
9348
7077
4523
1788
-1018
-3782
-6394
-8748
-10751
-12324
-13407
-13960
-13965
-13428
-12376
-10856
-8936
-6698
-4237
-1655
943
3453
5776
7824
9520
10806
11639
11999
11883
11311
10318
8957
7296
5411
3385
1306
-739
-2671
-4416
-5910
-7103
-7961
-8463
-8607
-8404
-7880
-7074
-6035
-4819
-3488
-2105
-732
572
1758
2780
3606
4212
4588
4735
4662
4391
3950
3374
2704
1979
1241
529
-120
-680
-1126
-1444
-1625
-1671
-1590
-1397
-1112
-761
-370
30
413
752
1024
1210
1296
1276
1148
917
594
194
-260
-749
-1245
-1723
-2158
-2525
-2804
-2978
-3035
-2967
-2772
-2454
-2021
-1488
-872
-194
519
1246
1957
2627
3231
3747
4153
4434
4578
4577
4428
4132
3695
3129
2448
1671
820
-81
-1006
-1927
-2817
-3647
-4391
-5024
-5524
-5870
-6049
-6049
-5863
-5491
-4937
-4212
-3332
-2318
-1197
0
1239
2482
3689
4819
5834
6694
7366
7821
8034
7989
7679
7103
6272
5205
3930
2484
912
-736
-2404
-4035
-5570
-6950
-8124
-9042
-9665
-9963
-9917
-9520
-8779
-7713
-6354
-4746
-2942
-1007
990
2978
4883
6631
8157
9401
10312
10854
11003
10751
10103
9083
7727
6086
4220
2202
107
-1984
-3991
-5838
-7454
-8778
-9761
-10367
-10576
-10384
-9802
-8858
-7593
-6062
-4329
-2465
-547
1348
3146
4776
6176
7297
8099
8558
8665
8425
7858
6999
5891
4591
3158
1659
159
-1275
-2587
-3723
-4640
-5308
-5706
-5829
-5685
-5291
-4678
-3886
-2960
-1953
-918
91
1025
1841
2499
2972
3243
3305
3161
2829
2331
1702
981
213
-557
-1284
-1924
-2439
-2798
-2978
-2967
-2760
-2366
-1802
-1095
-279
602
1507
2388
3196
3889
4426
4775
4912
4822
4501
3955
3202
2270
1193
15
-1213
-2443
-3619
-4691
-5609
-6332
-6825
-7062
-7027
-6717
-6137
-5307
-4254
-3015
-1636
-168
1333
2812
4212
5480
6568
7432
8041
8369
8403
8139
7587
6765
5701
4432
3003
1463
-134
-1734
-3280
-4721
-6006
-7094
-7946
-8535
-8843
-8858
-8582
-8025
-7205
-6150
-4895
-3482
-1957
-369
1230
2789
4258
5590
6742
7679
8370
8793
8936
8793
8370
7679
6742
5590
4258
2789
1230
-369
-1957
-3482
-4895
-6150
-7205
-8025
-8582
-8858
-8843
-8535
-7946
-7094
-6006
-4721
-3280
-1734
-134
1463
3003
4432
5701
6765
7587
8139
8403
8369
8041
7432
6568
5480
4212
2812
1333
-168
-1636
-3015
-4254
-5307
-6137
-6717
-7027
-7062
-6825
-6332
-5609
-4691
-3619
-2443
-1213
15
1193
2270
3202
3955
4501
4822
4912
4775
4426
3889
3196
2388
1507
602
-279
-1095
-1802
-2366
-2760
-2967
-2978
-2798
-2439
-1924
-1284
-557
213
981
1702
2331
2829
3161
3305
3243
2972
2499
1841
1025
91
-918
-1953
-2960
-3886
-4678
-5291
-5685
-5829
-5706
-5308
-4640
-3723
-2587
-1275
159
1659
3158
4591
5891
6999
7858
8425
8665
8558
8099
7297
6176
4776
3146
1348
-547
-2465
-4329
-6062
-7593
-8858
-9802
-10384
-10576
-10367
-9761
-8778
-7454
-5838
-3991
-1984
107
2202
4220
6086
7727
9083
10103
10751
11003
10854
10312
9401
8157
6631
4883
2978
990
-1007
-2942
-4746
-6354
-7713
-8779
-9520
-9917
-9963
-9665
-9042
-8124
-6950
-5570
-4035
-2404
-736
912
2484
3930
5205
6272
7103
7679
7989
8034
7821
7366
6694
5834
4819
3689
2482
1239
0
-1197
-2318
-3332
-4212
-4937
-5491
-5863
-6049
-6049
-5870
-5524
-5024
-4391
-3647
-2817
-1927
-1006
-81
820
1671
2448
3129
3695
4132
4428
4577
4578
4434
4153
3747
3231
2627
1957
1246
519
-194
-872
-1488
-2021
-2454
-2772
-2967
-3035
-2978
-2804
-2525
-2158
-1723
-1245
-749
-260
194
594
917
1148
1276
1296
1210
1024
752
413
30
-370
-761
-1112
-1397
-1590
-1671
-1625
-1444
-1126
-680
-120
529
1241
1979
2704
3374
3950
4391
4662
4735
4588
4212
3606
2780
1758
572
-732
-2105
-3488
-4819
-6035
-7074
-7880
-8404
-8607
-8463
-7961
-7103
-5910
-4416
-2671
-739
1306
3385
5411
7296
8957
10318
11311
11883
11999
11639
10806
9520
7824
5776
3453
943
-1655
-4237
-6698
-8936
-10856
-12376
-13428
-13965
-13960
-13407
-12324
-10751
-8748
-6394
-3782
-1018
1788
4523
7077
9348
11244
12693
13637
14043
13898
13215
12025
10384
8363
6050
3542
944
-1638
-4100
-6346
-8291
-9862
-11008
-11693
-11905
-11648
-10951
-9857
-8425
-6727
-4845
-2862
-865
1062
2845
4418
5727
6734
7415
7764
7790
7515
6975
6216
5291
4255
3167
2082
1050
114
-692
-1348
-1841
-2171
-2348
-2394
-2334
-2200
-2028
-1852
-1702
-1607
-1586
-1650
-1801
-2030
-2321
-2648
-2978
-3274
-3497
-3608
-3572
-3359
-2948
-2330
-1507
-495
678
1973
3336
4707
6018
7200
8183
8903
9302
9337
8977
8209
7039
5494
3619
1477
-850
-3273
-5686
-7984
-10059
-11808
-13141
-13980
-14267
-13966
-13068
-11589
-9570
-7081
-4212
-1075
2202
5484
8630
11501
13964
15905
17227
17858
17756
16908
15336
13091
10256
6941
3280
-576
-4469
-8231
-11701
-14726
-17173
-18930
-19914
-20076
-19399
-17906
-15651
-12725
-9247
-5361
-1230
2973
7070
10888
14262
17050
19131
20417
0
0
0
0
0
0
0
0
0
0
0
0
0
0
0
0
0
0
0
0
0
0
0
0
0
0
0
0
0
0
0
0
0
0
0
0
0
0
0
0
0
0
0
0
0
0
0
0
0
0
0
0
0
0
0
0
0
0
0
0
0
0
0
0
0
0
0
-14894
-14574
-13631
-12104
-10061
-7591
-4801
-1815
1238
4227
7022
9503
11564
13118
14101
14473
14224
13368
11947
10027
7695
5057
2228
-666
-3501
-6155
-8513
-10479
-11972
-12934
-13329
-13148
-12407
-11147
-9428
-7333
-4956
-2406
204
2762
5159
7294
9079
10445
11341
11736
11625
11022
9962
8502
6710
4672
2479
228
-1982
-4062
-5924
-7497
-8720
-9551
-9965
-9956
-9535
-8731
-7587
-6162
-4521
-2738
-891
943
2691
4285
5666
6784
7605
8106
8278
8127
7669
6933
5957
4788
3476
2075
641
-773
-2118
-3349
-4427
-5321
-6008
-6474
-6713
-6725
-6520
-6113
-5523
-4775
-3896
-2917
-1867
-779
317
1394
2423
3378
4235
4975
5579
6031
6320
6435
6371
6125
5700
5100
4336
3422
2378
1227
0
-1272
-2554
-3804
-4984
-6050
-6964
-7686
-8183
-8426
-8394
-8075
-7464
-6570
-5411
-4015
-2423
-683
1146
3001
4816
6519
8044
9325
10305
10937
11183
11022
10447
9467
8106
6408
4427
2233
-94
-2468
-4798
-6992
-8962
-10626
-11915
-12771
-13154
-13043
-12434
-11346
-9816
-7898
-5666
-3203
-605
2025
4586
6977
9103
10881
12241
13129
13513
13379
12736
11612
10056
8134
5924
3519
1015
-1486
-3886
-6092
-8021
-9601
-10777
-11513
-11791
-11612
-10998
-9985
-8629
-6995
-5159
-3203
-1212
733
2556
4187
5571
6663
7436
7876
7987
7785
7303
6580
5668
4623
3501
2362
1258
239
-657
-1401
-1974
-2370
-2593
-2658
-2589
-2415
-2173
-1899
-1630
-1401
-1238
-1164
-1191
-1322
-1550
-1858
-2221
-2607
-2978
-3295
-3517
-3607
-3531
-3266
-2796
-2117
-1238
-180
1022
2327
3678
5016
6274
7387
8291
8926
9244
9208
8795
7998
6828
5314
3501
1452
-759
-3047
-5318
-7477
-9429
-11084
-12363
-13200
-13546
-13371
-12666
-11446
-9747
-7626
-5159
-2439
428
3332
6154
8780
11102
13022
14459
15350
15654
15356
14462
13006
11044
8652
5924
2971
-91
-3140
-6055
-8721
-11033
-12901
-14256
-15048
-15252
-14868
-13917
-12446
-10523
-8230
-5666
-2938
-158
2561
5113
7401
9339
10860
11915
12475
12534
12107
11227
9946
8332
6463
4427
2313
211
-1790
-3616
-5199
-6484
-7435
-8030
-8264
-8150
-7714
-6996
-6048
-4928
-3698
-2423
-1165
17
1074
1966
2663
3147
3414
3471
3336
3037
2609
2093
1532
969
446
0
-341
-555
-629
-563
-362
-45
363
831
1324
1800
2223
2554
2762
2819
2709
2423
1961
1335
567
-312
-1266
-2250
-3217
-4116
-4901
-5527
-5955
-6156
-6107
-5800
-5235
-4427
-3401
-2193
-848
580
2035
3456
4783
5957
6927
7649
8087
8219
8034
7534
6735
5666
4366
2885
1281
-382
-2041
-3628
-5081
-6342
-7362
-8099
-8527
-8630
-8403
-7860
-7022
-5924
-4614
-3142
-1570
39
1624
3122
4476
5634
6555
7207
7570
7634
7405
6896
6136
5159
4011
2741
1403
53
-1254
-2467
-3541
-4434
-5118
-5569
-5778
-5743
-5474
-4991
-4322
-3501
-2570
-1571
-552
442
1369
2190
2871
3387
3720
3861
3809
3573
3171
2627
1971
1238
467
-301
-1031
-1684
-2229
-2638
-2892
-2978
-2892
-2638
-2229
-1684
-1031
-301
467
1238
1971
2627
3171
3573
3809
3861
3720
3387
2871
2190
1369
442
-552
-1571
-2570
-3501
-4322
-4991
-5474
-5743
-5778
-5569
-5118
-4434
-3541
-2467
-1254
53
1403
2741
4011
5159
6136
6896
7405
7634
7570
7207
6555
5634
4476
3122
1624
39
-1570
-3142
-4614
-5924
-7022
-7860
-8403
-8630
-8527
-8099
-7362
-6342
-5081
-3628
-2041
-382
1281
2885
4366
5666
6735
7534
8034
8219
8087
7649
6927
5957
4783
3456
2035
580
-848
-2193
-3401
-4427
-5235
-5800
-6107
-6156
-5955
-5527
-4901
-4116
-3217
-2250
-1266
-312
567
1335
1961
2423
2709
2819
2762
2554
2223
1800
1324
831
363
-45
-362
-563
-629
-555
-341
0
446
969
1532
2093
2609
3037
3336
3471
3414
3147
2663
1966
1074
17
-1165
-2423
-3698
-4928
-6048
-6996
-7714
-8150
-8264
-8030
-7435
-6484
-5199
-3616
-1790
211
2313
4427
6463
8332
9946
11227
12107
12534
12475
11915
10860
9339
7401
5113
2561
-158
-2938
-5666
-8230
-10523
-12446
-13917
-14868
-15252
-15048
-14256
-12901
-11033
-8721
-6055
-3140
-91
2971
5924
8652
11044
13006
14462
15356
15654
15350
14459
13022
11102
8780
6154
3332
428
-2439
-5159
-7626
-9747
-11446
-12666
-13371
-13546
-13200
-12363
-11084
-9429
-7477
-5318
-3047
-759
1452
3501
5314
6828
7998
8795
9208
9244
8926
8291
7387
6274
5016
3678
2327
1022
-180
-1238
-2117
-2796
-3266
-3531
-3607
-3517
-3295
-2978
-2607
-2221
-1858
-1550
-1322
-1191
-1164
-1238
-1401
-1630
-1899
-2173
-2415
-2589
-2658
-2593
-2370
-1974
-1401
-657
239
1258
2362
3501
4623
5668
6580
7303
7785
7987
7876
7436
6663
5571
4187
2556
733
-1212
-3203
-5159
-6995
-8629
-9985
-10998
-11612
-11791
-11513
-10777
-9601
-8021
-6092
-3886
-1486
1015
3519
5924
8134
10056
11612
12736
13379
13513
13129
12241
10881
9103
6977
4586
2025
-605
-3203
-5666
-7898
-9816
-11346
-12434
-13043
-13154
-12771
-11915
-10626
-8962
-6992
-4798
-2468
-94
2233
4427
6408
8106
9467
10447
11022
11183
10937
10305
9325
8044
6519
4816
3001
1146
-683
-2423
-4015
-5411
-6570
-7464
-8075
-8394
-8426
-8183
-7686
-6964
-6050
-4984
-3804
-2554
-1272
0
1227
2378
3422
4336
5100
5700
6125
6371
6435
6320
6031
5579
4975
4235
3378
2423
1394
317
-779
-1867
-2917
-3896
-4775
-5523
-6113
-6520
-6725
-6713
-6474
-6008
-5321
-4427
-3349
-2118
-773
641
2075
3476
4788
5957
6933
7669
8127
8278
8106
7605
6784
5666
4285
2691
943
-891
-2738
-4521
-6162
-7587
-8731
-9535
-9956
-9965
-9551
-8720
-7497
-5924
-4062
-1982
228
2479
4672
6710
8502
9962
11022
11625
11736
11341
10445
9079
7294
5159
2762
204
-2406
-4956
-7333
-9428
-11147
-12407
-13148
-13329
-12934
-11972
-10479
-8513
-6155
-3501
-666
2228
5057
7695
10027
11947
13368
14224
14473
14101
13118
11564
9503
7022
4227
1238
-1815
-4801
-7591
-10061
-12104
-13631
-14574
0
0
0
0
0
0
0
0
0
0
0
0
0
0
0
0
0
0
0
0
0
0
0
0
0
0
0
0
0
0
0
0
0
0
0
0
0
0
0
0
0
0
0
0
0
0
0
0
0
0
0
0
0
0
0
0
0
0
0
0
0
0
0
0
0
0
0
-8936
-8703
-8017
-6910
-5437
-3671
-1698
383
2471
4461
6253
7757
8895
9608
9855
9618
8903
7738
6173
4276
2133
-156
-2489
-4756
-6850
-8673
-10136
-11169
-11718
-11752
-11264
-10269
-8806
-6935
-4733
-2296
274
2866
5368
7673
9680
11302
12470
13133
13261
12849
11913
10491
8644
6448
3994
1383
-1279
-3884
-6328
-8514
-10357
-11789
-12756
-13227
-13189
-12653
-11645
-10214
-8421
-6342
-4063
-1674
731
3064
5238
7176
8814
10099
10995
11482
11554
11225
10518
9472
8138
6571
4836
2998
1124
-722
-2480
-4097
-5527
-6733
-7688
-8374
-8783
-8917
-8785
-8405
-7798
-6994
-6022
-4918
-3714
-2448
-1151
141
1400
2597
3705
4702
5568
6284
6836
7213
7406
7409
7221
6843
6282
5547
4653
3619
2467
1227
-70
-1390
-2694
-3943
-5097
-6116
-6965
-7609
-8022
-8182
-8076
-7700
-7059
-6169
-5055
-3750
-2298
-748
844
2422
3925
5296
6480
7431
8108
8483
8538
8269
7685
6808
5671
4321
2812
1206
-430
-2029
-3523
-4851
-5957
-6796
-7335
-7552
-7443
-7016
-6295
-5315
-4126
-2785
-1356
91
1492
2778
3890
4778
5402
5735
5767
5499
4952
4156
3157
2009
775
-477
-1682
-2774
-3694
-4390
-4824
-4971
-4819
-4376
-3660
-2709
-1571
-304
1022
2339
3573
4655
5522
6120
6409
6364
5975
5251
4217
2915
1403
-252
-1973
-3676
-5278
-6698
-7860
-8700
-9169
-9232
-8874
-8099
-6930
-5411
-3601
-1575
581
2775
4908
6885
8615
10016
11023
11582
11664
11257
10373
9042
7317
5268
2978
544
-1932
-4348
-6600
-8593
-10243
-11480
-12254
-12533
-12307
-11587
-10406
-8817
-6889
-4704
-2356
56
2432
4674
6693
8409
9758
10692
11181
11218
10811
9991
8804
7309
5580
3695
1740
-202
-2051
-3734
-5188
-6362
-7222
-7747
-7935
-7797
-7359
-6660
-5749
-4682
-3517
-2316
-1137
-34
948
1775
2420
2871
3126
3196
3101
2870
2538
2143
1728
1329
983
718
555
507
577
756
1027
1364
1737
2106
2434
2681
2810
2791
2599
2222
1656
908
0
-1037
-2163
-3327
-4473
-5541
-6472
-7209
-7701
-7906
-7792
-7342
-6553
-5440
-4032
-2374
-522
1450
3467
5443
7293
8932
10284
11279
11863
11997
11658
10847
9581
7899
5858
3532
1007
-1617
-4239
-6751
-9051
-11041
-12637
-13768
-14383
-14448
-13954
-12914
-11364
-9359
-6976
-4304
-1448
1480
4368
7100
9569
11678
13343
14499
15100
15125
14573
13467
11853
9794
7373
4687
1841
-1054
-3886
-6545
-8932
-10957
-12546
-13642
-14212
-14239
-13730
-12713
-11234
-9358
-7163
-4738
-2180
410
2936
5301
7420
9218
10633
11622
12157
12229
11848
11039
9844
8319
6530
4552
2463
346
-1719
-3659
-5405
-6899
-8094
-8956
-9465
-9615
-9414
-8882
-8051
-6964
-5670
-4225
-2687
-1115
430
1897
3236
4405
5369
6104
6596
6838
6836
6601
6154
5522
4736
3832
2848
1822
790
-211
-1151
-2003
-2745
-3359
-3834
-4166
-4352
-4399
-4314
-4111
-3803
-3409
-2946
-2432
-1885
-1323
-761
-211
312
802
1251
1653
2004
2302
2546
2735
2870
2951
2978
2951
2870
2735
2546
2302
2004
1653
1251
802
312
-211
-761
-1323
-1885
-2432
-2946
-3409
-3803
-4111
-4314
-4399
-4352
-4166
-3834
-3359
-2745
-2003
-1151
-211
790
1822
2848
3832
4736
5522
6154
6601
6836
6838
6596
6104
5369
4405
3236
1897
430
-1115
-2687
-4225
-5670
-6964
-8051
-8882
-9414
-9615
-9465
-8956
-8094
-6899
-5405
-3659
-1719
346
2463
4552
6530
8319
9844
11039
11848
12229
12157
11622
10633
9218
7420
5301
2936
410
-2180
-4738
-7163
-9358
-11234
-12713
-13730
-14239
-14212
-13642
-12546
-10957
-8932
-6545
-3886
-1054
1841
4687
7373
9794
11853
13467
14573
15125
15100
14499
13343
11678
9569
7100
4368
1480
-1448
-4304
-6976
-9359
-11364
-12914
-13954
-14448
-14383
-13768
-12637
-11041
-9051
-6751
-4239
-1617
1007
3532
5858
7899
9581
10847
11658
11997
11863
11279
10284
8932
7293
5443
3467
1450
-522
-2374
-4032
-5440
-6553
-7342
-7792
-7906
-7701
-7209
-6472
-5541
-4473
-3327
-2163
-1037
0
908
1656
2222
2599
2791
2810
2681
2434
2106
1737
1364
1027
756
577
507
555
718
983
1329
1728
2143
2538
2870
3101
3196
3126
2871
2420
1775
948
-34
-1137
-2316
-3517
-4682
-5749
-6660
-7359
-7797
-7935
-7747
-7222
-6362
-5188
-3734
-2051
-202
1740
3695
5580
7309
8804
9991
10811
11218
11181
10692
9758
8409
6693
4674
2432
56
-2356
-4704
-6889
-8817
-10406
-11587
-12307
-12533
-12254
-11480
-10243
-8593
-6600
-4348
-1932
544
2978
5268
7317
9042
10373
11257
11664
11582
11023
10016
8615
6885
4908
2775
581
-1575
-3601
-5411
-6930
-8099
-8874
-9232
-9169
-8700
-7860
-6698
-5278
-3676
-1973
-252
1403
2915
4217
5251
5975
6364
6409
6120
5522
4655
3573
2339
1022
-304
-1571
-2709
-3660
-4376
-4819
-4971
-4824
-4390
-3694
-2774
-1682
-477
775
2009
3157
4156
4952
5499
5767
5735
5402
4778
3890
2778
1492
91
-1356
-2785
-4126
-5315
-6295
-7016
-7443
-7552
-7335
-6796
-5957
-4851
-3523
-2029
-430
1206
2812
4321
5671
6808
7685
8269
8538
8483
8108
7431
6480
5296
3925
2422
844
-748
-2298
-3750
-5055
-6169
-7059
-7700
-8076
-8182
-8022
-7609
-6965
-6116
-5097
-3943
-2694
-1390
-70
1227
2467
3619
4653
5547
6282
6843
7221
7409
7406
7213
6836
6284
5568
4702
3705
2597
1400
141
-1151
-2448
-3714
-4918
-6022
-6994
-7798
-8405
-8785
-8917
-8783
-8374
-7688
-6733
-5527
-4097
-2480
-722
1124
2998
4836
6571
8138
9472
10518
11225
11554
11482
10995
10099
8814
7176
5238
3064
731
-1674
-4063
-6342
-8421
-10214
-11645
-12653
-13189
-13227
-12756
-11789
-10357
-8514
-6328
-3884
-1279
1383
3994
6448
8644
10491
11913
12849
13261
13133
12470
11302
9680
7673
5368
2866
274
-2296
-4733
-6935
-8806
-10269
-11264
-11752
-11718
-11169
-10136
-8673
-6850
-4756
-2489
-156
2133
4276
6173
7738
8903
9618
9855
9608
8895
7757
6253
4461
2471
383
-1698
-3671
-5437
-6910
-8017
-8703
0
0
0
0
0
0
0
0
0
0
0
0
0
0
0
0
0
0
0
0
0
0
0
0
0
0
0
0
0
0
0
0
0
0
0
0
0
0
0
0
0
0
0
0
0
0
0
0
0
0
0
0
0
0
0
0
0
0
0
0
0
0
0
0
0
0
0
8936
8743
8172
7247
6006
4501
2795
960
-926
-2787
-4542
-6116
-7442
-8463
-9133
-9421
-9312
-8807
-7924
-6695
-5168
-3404
-1474
544
2569
4517
6306
7862
9117
10018
10523
10607
10262
9497
8339
6830
5026
2997
823
-1411
-3617
-5707
-7596
-9208
-10477
-11349
-11788
-11772
-11300
-10387
-9067
-7389
-5416
-3225
-901
1468
3789
5974
7938
9604
10909
11805
12257
12249
11785
10883
9581
7931
5998
3858
1593
-708
-2961
-5080
-6989
-8618
-9911
-10827
-11337
-11432
-11117
-10411
-9352
-7986
-6373
-4578
-2671
-727
1182
2991
4637
6068
7241
8127
8706
8974
8936
8610
8025
7213
6219
5086
3862
2594
1326
98
-1053
-2100
-3022
-3803
-4435
-4919
-5259
-5463
-5543
-5515
-5392
-5189
-4918
-4590
-4212
-3789
-3321
-2808
-2249
-1638
-975
-256
515
1335
2195
3081
3972
4846
5672
6419
7053
7537
7839
7926
7774
7363
6683
5734
4528
3087
1446
-348
-2241
-4166
-6055
-7832
-9423
-10758
-11771
-12405
-12618
-12380
-11680
-10523
-8936
-6961
-4661
-2111
598
3367
6090
8661
10974
12932
14451
15459
15906
15761
15018
13695
11833
9495
6765
3746
551
-2694
-5865
-8836
-11486
-13711
-15419
-16540
-17027
-16860
-16044
-14611
-12618
-10145
-7293
-4175
-919
2345
5487
8381
10914
12986
14521
15462
15779
15469
14555
13083
11125
8768
6119
3292
408
-2410
-5051
-7406
-9386
-10917
-11948
-12451
-12422
-11878
-10862
-9432
-7668
-5658
-3501
-1297
851
2851
4618
6082
7188
7901
8206
8108
7632
6819
5725
4419
2978
1483
13
-1353
-2550
-3520
-4218
-4619
-4710
-4500
-4010
-3279
-2356
-1303
-184
929
1971
2877
3592
4071
4284
4214
3861
3240
2382
1331
141
-1122
-2393
-3600
-4677
-5560
-6197
-6546
-6580
-6286
-5668
-4748
-3561
-2156
-595
1053
2713
4307
5762
7007
7981
8636
8936
8862
8410
7597
6451
5019
3359
1539
-363
-2269
-4099
-5777
-7232
-8404
-9245
-9722
-9817
-9528
-8870
-7871
-6575
-5037
-3322
-1499
357
2175
3883
5417
6722
7752
8476
8872
8936
8674
8107
7265
6189
4927
3532
2061
569
-889
-2263
-3509
-4589
-5475
-6145
-6588
-6803
-6795
-6577
-6169
-5593
-4879
-4057
-3155
-2206
-1238
-278
649
1525
2330
3051
3676
4197
4607
4902
5080
5140
5081
4905
4614
4212
3703
3095
2397
1619
777
-110
-1025
-1943
-2839
-3685
-4452
-5112
-5637
-6002
-6186
-6172
-5950
-5515
-4874
-4038
-3030
-1877
-618
703
2040
3341
4554
5627
6513
7171
7565
7672
7478
6984
6200
5151
3875
2419
840
-798
-2428
-3980
-5387
-6586
-7522
-8150
-8439
-8370
-7943
-7171
-6083
-4724
-3151
-1431
360
2145
3843
5378
6678
7685
8351
8642
8544
8060
7208
6026
4567
2897
1092
-765
-2590
-4296
-5805
-7045
-7957
-8498
-8641
-8379
-7722
-6701
-5362
-3768
-1994
-122
1757
3556
5190
6580
7659
8375
8693
8598
8092
7199
5960
4433
2692
817
-1099
-2969
-4701
-6213
-7432
-8299
-8772
-8828
-8463
-7695
-6558
-5107
-3411
-1550
386
2307
4120
5739
7086
8097
8724
8936
8724
8097
7086
5739
4120
2307
386
-1550
-3411
-5107
-6558
-7695
-8463
-8828
-8772
-8299
-7432
-6213
-4701
-2969
-1099
817
2692
4433
5960
7199
8092
8598
8693
8375
7659
6580
5190
3556
1757
-122
-1994
-3768
-5362
-6701
-7722
-8379
-8641
-8498
-7957
-7045
-5805
-4296
-2590
-765
1092
2897
4567
6026
7208
8060
8544
8642
8351
7685
6678
5378
3843
2145
360
-1431
-3151
-4724
-6083
-7171
-7943
-8370
-8439
-8150
-7522
-6586
-5387
-3980
-2428
-798
840
2419
3875
5151
6200
6984
7478
7672
7565
7171
6513
5627
4554
3341
2040
703
-618
-1877
-3030
-4038
-4874
-5515
-5950
-6172
-6186
-6002
-5637
-5112
-4452
-3685
-2839
-1943
-1025
-110
777
1619
2397
3095
3703
4212
4614
4905
5081
5140
5080
4902
4607
4197
3676
3051
2330
1525
649
-278
-1238
-2206
-3155
-4057
-4879
-5593
-6169
-6577
-6795
-6803
-6588
-6145
-5475
-4589
-3509
-2263
-889
569
2061
3532
4927
6189
7265
8107
8674
8936
8872
8476
7752
6722
5417
3883
2175
357
-1499
-3322
-5037
-6575
-7871
-8870
-9528
-9817
-9722
-9245
-8404
-7232
-5777
-4099
-2269
-363
1539
3359
5019
6451
7597
8410
8862
8936
8636
7981
7007
5762
4307
2713
1053
-595
-2156
-3561
-4748
-5668
-6286
-6580
-6546
-6197
-5560
-4677
-3600
-2393
-1122
141
1331
2382
3240
3861
4214
4284
4071
3592
2877
1971
929
-184
-1303
-2356
-3279
-4010
-4500
-4710
-4619
-4218
-3520
-2550
-1353
13
1483
2978
4419
5725
6819
7632
8108
8206
7901
7188
6082
4618
2851
851
-1297
-3501
-5658
-7668
-9432
-10862
-11878
-12422
-12451
-11948
-10917
-9386
-7406
-5051
-2410
408
3292
6119
8768
11125
13083
14555
15469
15779
15462
14521
12986
10914
8381
5487
2345
-919
-4175
-7293
-10145
-12618
-14611
-16044
-16860
-17027
-16540
-15419
-13711
-11486
-8836
-5865
-2694
551
3746
6765
9495
11833
13695
15018
15761
15906
15459
14451
12932
10974
8661
6090
3367
598
-2111
-4661
-6961
-8936
-10523
-11680
-12380
-12618
-12405
-11771
-10758
-9423
-7832
-6055
-4166
-2241
-348
1446
3087
4528
5734
6683
7363
7774
7926
7839
7537
7053
6419
5672
4846
3972
3081
2195
1335
515
-256
-975
-1638
-2249
-2808
-3321
-3789
-4212
-4590
-4918
-5189
-5392
-5515
-5543
-5463
-5259
-4919
-4435
-3803
-3022
-2100
-1053
98
1326
2594
3862
5086
6219
7213
8025
8610
8936
8974
8706
8127
7241
6068
4637
2991
1182
-727
-2671
-4578
-6373
-7986
-9352
-10411
-11117
-11432
-11337
-10827
-9911
-8618
-6989
-5080
-2961
-708
1593
3858
5998
7931
9581
10883
11785
12249
12257
11805
10909
9604
7938
5974
3789
1468
-901
-3225
-5416
-7389
-9067
-10387
-11300
-11772
-11788
-11349
-10477
-9208
-7596
-5707
-3617
-1411
823
2997
5026
6830
8339
9497
10262
10607
10523
10018
9117
7862
6306
4517
2569
544
-1474
-3404
-5168
-6695
-7924
-8807
-9312
-9421
-9133
-8463
-7442
-6116
-4542
-2787
-926
960
2795
4501
6006
7247
8172
8743
0
0
0
0
0
0
0
0
0
0
0
0
0
0
0
0
0
0
0
0
0
0
0
0
0
0
0
0
0
0
0
0
0
0
0
0
0
0
0
0
0
0
0
0
0
0
0
0
0
0
0
0
0
0
0
0
0
0
0
0
0
0
0
0
0
0
0
-2978
-2859
-2510
-1950
-1215
-349
594
1556
2476
3294
3953
4407
4618
4560
4225
3616
2755
1675
425
-935
-2342
-3721
-5000
-6110
-6985
-7572
-7830
-7730
-7264
-6439
-5280
-3830
-2145
-296
1636
3567
5408
7074
8485
9571
10275
10557
10395
9787
8751
7323
5559
3529
1318
-983
-3277
-5464
-7452
-9154
-10495
-11416
-11876
-11852
-11345
-10373
-8977
-7214
-5157
-2893
-515
1877
4186
6317
8182
9708
10834
11518
11737
11486
10782
9660
8170
6378
4361
2205
0
-2166
-4207
-6043
-7606
-8839
-9701
-10167
-10229
-9895
-9189
-8150
-6827
-5283
-3582
-1797
0
1740
3360
4800
6013
6962
7622
7980
8034
7796
7287
6538
5585
4473
3248
1959
653
-624
-1830
-2929
-3889
-4686
-5303
-5728
-5957
-5993
-5844
-5520
-5040
-4422
-3689
-2864
-1971
-1035
-82
864
1780
2643
3431
4123
4702
5151
5455
5602
5584
5396
5037
4510
3825
2993
2036
976
-156
-1327
-2499
-3632
-4684
-5613
-6380
-6947
-7283
-7363
-7172
-6702
-5957
-4953
-3715
-2282
-699
976
2681
4351
5915
7306
8460
9319
9838
9980
9725
9069
8022
6613
4887
2905
739
-1526
-3802
-5993
-8006
-9752
-11150
-12132
-12646
-12657
-12150
-11135
-9639
-7714
-5429
-2870
-139
2654
5398
7974
10275
12199
13659
14588
14939
14688
13837
12412
10467
8073
5326
2335
-778
-3888
-6865
-9586
-11937
-13820
-15155
-15884
-15975
-15425
-14253
-12508
-10262
-7607
-4654
-1523
1654
4749
7635
10195
12326
13945
14989
15423
15234
14439
13079
11216
8936
6339
3537
650
-2201
-4902
-7342
-9428
-11081
-12244
-12883
-12985
-12562
-11647
-10296
-8578
-6580
-4395
-2123
135
2285
4240
5924
7277
8255
8836
9014
8802
8232
7351
6216
4896
3463
1993
557
-775
-1949
-2916
-3643
-4112
-4317
-4271
-3996
-3528
-2911
-2196
-1437
-688
0
582
1021
1292
1379
1281
1008
581
33
-594
-1256
-1903
-2484
-2953
-3267
-3394
-3309
-3003
-2476
-1743
-829
224
1373
2559
3724
4805
5744
6484
6979
7192
7097
6684
5957
4937
3656
2163
515
-1218
-2966
-4651
-6200
-7542
-8615
-9366
-9758
-9766
-9385
-8623
-7507
-6078
-4393
-2519
-530
1492
3466
5310
6952
8323
9369
10051
10341
10232
9732
8864
7668
6196
4512
2686
793
-1089
-2886
-4530
-5957
-7118
-7975
-8502
-8690
-8545
-8083
-7338
-6350
-5171
-3856
-2467
-1064
295
1559
2679
3620
4353
4864
5147
5208
5064
4740
4267
3682
3024
2335
1652
1010
440
-36
-404
-655
-792
-824
-766
-640
-472
-291
-124
0
58
32
-91
-318
-646
-1064
-1556
-2097
-2656
-3200
-3692
-4095
-4375
-4501
-4447
-4197
-3740
-3078
-2221
-1193
-22
1249
2575
3903
5176
6339
7335
8115
8633
8854
8754
8321
7555
6472
5099
3476
1658
-293
-2310
-4317
-6238
-7996
-9521
-10748
-11624
-12104
-12162
-11785
-10975
-9752
-8153
-6228
-4041
-1667
810
3303
5722
7978
9986
11670
12966
13822
14202
14087
13476
12386
10852
8925
6671
4167
1502
-1231
-3935
-6513
-8875
-10935
-12619
-13867
-14635
-14894
-14635
-13867
-12619
-10935
-8875
-6513
-3935
-1231
1502
4167
6671
8925
10852
12386
13476
14087
14202
13822
12966
11670
9986
7978
5722
3303
810
-1667
-4041
-6228
-8153
-9752
-10975
-11785
-12162
-12104
-11624
-10748
-9521
-7996
-6238
-4317
-2310
-293
1658
3476
5099
6472
7555
8321
8754
8854
8633
8115
7335
6339
5176
3903
2575
1249
-22
-1193
-2221
-3078
-3740
-4197
-4447
-4501
-4375
-4095
-3692
-3200
-2656
-2097
-1556
-1064
-646
-318
-91
32
58
0
-124
-291
-472
-640
-766
-824
-792
-655
-404
-36
440
1010
1652
2335
3024
3682
4267
4740
5064
5208
5147
4864
4353
3620
2679
1559
295
-1064
-2467
-3856
-5171
-6350
-7338
-8083
-8545
-8690
-8502
-7975
-7118
-5957
-4530
-2886
-1089
793
2686
4512
6196
7668
8864
9732
10232
10341
10051
9369
8323
6952
5310
3466
1492
-530
-2519
-4393
-6078
-7507
-8623
-9385
-9766
-9758
-9366
-8615
-7542
-6200
-4651
-2966
-1218
515
2163
3656
4937
5957
6684
7097
7192
6979
6484
5744
4805
3724
2559
1373
224
-829
-1743
-2476
-3003
-3309
-3394
-3267
-2953
-2484
-1903
-1256
-594
33
581
1008
1281
1379
1292
1021
582
0
-688
-1437
-2196
-2911
-3528
-3996
-4271
-4317
-4112
-3643
-2916
-1949
-775
557
1993
3463
4896
6216
7351
8232
8802
9014
8836
8255
7277
5924
4240
2285
135
-2123
-4395
-6580
-8578
-10296
-11647
-12562
-12985
-12883
-12244
-11081
-9428
-7342
-4902
-2201
650
3537
6339
8936
11216
13079
14439
15234
15423
14989
13945
12326
10195
7635
4749
1654
-1523
-4654
-7607
-10262
-12508
-14253
-15425
-15975
-15884
-15155
-13820
-11937
-9586
-6865
-3888
-778
2335
5326
8073
10467
12412
13837
14688
14939
14588
13659
12199
10275
7974
5398
2654
-139
-2870
-5429
-7714
-9639
-11135
-12150
-12657
-12646
-12132
-11150
-9752
-8006
-5993
-3802
-1526
739
2905
4887
6613
8022
9069
9725
9980
9838
9319
8460
7306
5915
4351
2681
976
-699
-2282
-3715
-4953
-5957
-6702
-7172
-7363
-7283
-6947
-6380
-5613
-4684
-3632
-2499
-1327
-156
976
2036
2993
3825
4510
5037
5396
5584
5602
5455
5151
4702
4123
3431
2643
1780
864
-82
-1035
-1971
-2864
-3689
-4422
-5040
-5520
-5844
-5993
-5957
-5728
-5303
-4686
-3889
-2929
-1830
-624
653
1959
3248
4473
5585
6538
7287
7796
8034
7980
7622
6962
6013
4800
3360
1740
0
-1797
-3582
-5283
-6827
-8150
-9189
-9895
-10229
-10167
-9701
-8839
-7606
-6043
-4207
-2166
0
2205
4361
6378
8170
9660
10782
11486
11737
11518
10834
9708
8182
6317
4186
1877
-515
-2893
-5157
-7214
-8977
-10373
-11345
-11852
-11876
-11416
-10495
-9154
-7452
-5464
-3277
-983
1318
3529
5559
7323
8751
9787
10395
10557
10275
9571
8485
7074
5408
3567
1636
-296
-2145
-3830
-5280
-6439
-7264
-7730
-7830
-7572
-6985
-6110
-5000
-3721
-2342
-935
425
1675
2755
3616
4225
4560
4618
4407
3953
3294
2476
1556
594
-349
-1215
-1950
-2510
-2859
0
0
0
0
0
0
0
0
0
0
0
0
0
0
0
0
0
0
0
0
0
0
0
0
0
0
0
0
0
0
0
0
0
0
0
0
0
0
0
0
0
0
0
0
0
0
0
0
0
0
0
0
0
0
0
0
0
0
0
0
0
0
0
0
0
0
0
-8936
-8783
-8330
-7594
-6603
-5394
-4011
-2506
-934
648
2186
3626
4919
6023
6905
7540
7914
8022
7869
7469
6844
6026
5048
3950
2772
1557
343
-830
-1932
-2932
-3808
-4542
-5124
-5547
-5812
-5923
-5887
-5715
-5421
-5018
-4520
-3942
-3297
-2598
-1857
-1084
-290
513
1318
2110
2879
3610
4288
4896
5417
5831
6121
6268
6256
6072
5708
5160
4429
3524
2463
1269
-27
-1388
-2770
-4125
-5402
-6552
-7524
-8272
-8758
-8948
-8822
-8371
-7597
-6516
-5159
-3568
-1796
90
2023
3925
5719
7330
8687
9729
10406
10682
10536
9966
8988
7635
5957
4020
1901
-312
-2527
-4649
-6586
-8253
-9576
-10494
-10964
-10963
-10487
-9555
-8206
-6498
-4506
-2318
-32
2247
4417
6378
8039
9323
10170
10538
10410
9790
8707
7209
5366
3266
1007
-1302
-3552
-5633
-7443
-8894
-9911
-10442
-10457
-9950
-8940
-7471
-5611
-3444
-1072
1389
3825
6113
8142
9809
11026
11727
11870
11437
10439
8912
6920
4549
1903
-897
-3725
-6448
-8936
-11070
-12744
-13872
-14392
-14269
-13497
-12099
-10128
-7661
-4803
-1673
1592
4852
7960
10779
13181
15055
16312
16892
16761
15917
14389
12237
9548
6431
3016
-553
-4128
-7558
-10698
-13416
-15597
-17149
-18008
-18137
-17533
-16221
-14258
-11727
-8733
-5402
-1872
1710
5201
8459
11354
13774
15626
16844
17387
17244
16432
14995
13001
10542
7725
4669
1500
-1651
-4664
-7421
-9822
-11783
-13241
-14154
-14504
-14299
-13567
-12355
-10730
-8772
-6572
-4224
-1827
525
2744
4753
6485
7891
8936
9603
9892
9817
9406
8699
7747
6603
5326
3976
2609
1276
23
-1113
-2107
-2939
-3601
-4094
-4425
-4608
-4664
-4613
-4478
-4281
-4043
-3779
-3503
-3222
-2938
-2651
-2353
-2038
-1696
-1314
-886
-402
138
735
1383
2069
2775
3480
4156
4775
5305
5714
5976
6063
5957
5645
5121
4390
3466
2372
1139
-191
-1575
-2960
-4293
-5520
-6590
-7456
-8077
-8422
-8469
-8209
-7646
-6793
-5679
-4342
-2830
-1199
488
2169
3779
5255
6540
7585
8349
8805
8936
8739
8224
7414
6343
5055
3604
2047
446
-1137
-2644
-4017
-5209
-6178
-6895
-7341
-7507
-7397
-7027
-6420
-5611
-4638
-3546
-2383
-1197
-33
1064
2060
2922
3627
4160
4514
4689
4695
4547
4265
3873
3398
2867
2308
1744
1200
691
231
-169
-510
-790
-1014
-1190
-1330
-1443
-1541
-1634
-1730
-1836
-1952
-2078
-2208
-2334
-2445
-2527
-2565
-2545
-2452
-2275
-2006
-1639
-1176
-622
11
708
1445
2197
2935
3626
4240
4744
5109
5312
5333
5159
4785
4215
3461
2542
1487
331
-884
-2115
-3313
-4430
-5419
-6238
-6849
-7222
-7334
-7175
-6744
-6049
-5112
-3963
-2643
-1197
319
1851
3339
4724
5954
6978
7754
8249
8442
8321
7888
7156
6151
4907
3471
1895
239
-1436
-3068
-4594
-5956
-7102
-7989
-8582
-8858
-8806
-8427
-7734
-6754
-5522
-4083
-2492
-807
909
2592
4181
5616
6844
7820
8507
8881
8927
8645
8044
7148
5988
4609
3060
1400
-310
-2010
-3635
-5126
-6429
-7495
-8286
-8772
-8936
-8772
-8286
-7495
-6429
-5126
-3635
-2010
-310
1400
3060
4609
5988
7148
8044
8645
8927
8881
8507
7820
6844
5616
4181
2592
909
-807
-2492
-4083
-5522
-6754
-7734
-8427
-8806
-8858
-8582
-7989
-7102
-5956
-4594
-3068
-1436
239
1895
3471
4907
6151
7156
7888
8321
8442
8249
7754
6978
5954
4724
3339
1851
319
-1197
-2643
-3963
-5112
-6049
-6744
-7175
-7334
-7222
-6849
-6238
-5419
-4430
-3313
-2115
-884
331
1487
2542
3461
4215
4785
5159
5333
5312
5109
4744
4240
3626
2935
2197
1445
708
11
-622
-1176
-1639
-2006
-2275
-2452
-2545
-2565
-2527
-2445
-2334
-2208
-2078
-1952
-1836
-1730
-1634
-1541
-1443
-1330
-1190
-1014
-790
-510
-169
231
691
1200
1744
2308
2867
3398
3873
4265
4547
4695
4689
4514
4160
3627
2922
2060
1064
-33
-1197
-2383
-3546
-4638
-5611
-6420
-7027
-7397
-7507
-7341
-6895
-6178
-5209
-4017
-2644
-1137
446
2047
3604
5055
6343
7414
8224
8739
8936
8805
8349
7585
6540
5255
3779
2169
488
-1199
-2830
-4342
-5679
-6793
-7646
-8209
-8469
-8422
-8077
-7456
-6590
-5520
-4293
-2960
-1575
-191
1139
2372
3466
4390
5121
5645
5957
6063
5976
5714
5305
4775
4156
3480
2775
2069
1383
735
138
-402
-886
-1314
-1696
-2038
-2353
-2651
-2938
-3222
-3503
-3779
-4043
-4281
-4478
-4613
-4664
-4608
-4425
-4094
-3601
-2939
-2107
-1113
23
1276
2609
3976
5326
6603
7747
8699
9406
9817
9892
9603
8936
7891
6485
4753
2744
525
-1827
-4224
-6572
-8772
-10730
-12355
-13567
-14299
-14504
-14154
-13241
-11783
-9822
-7421
-4664
-1651
1500
4669
7725
10542
13001
14995
16432
17244
17387
16844
15626
13774
11354
8459
5201
1710
-1872
-5402
-8733
-11727
-14258
-16221
-17533
-18137
-18008
-17149
-15597
-13416
-10698
-7558
-4128
-553
3016
6431
9548
12237
14389
15917
16761
16892
16312
15055
13181
10779
7960
4852
1592
-1673
-4803
-7661
-10128
-12099
-13497
-14269
-14392
-13872
-12744
-11070
-8936
-6448
-3725
-897
1903
4549
6920
8912
10439
11437
11870
11727
11026
9809
8142
6113
3825
1389
-1072
-3444
-5611
-7471
-8940
-9950
-10457
-10442
-9911
-8894
-7443
-5633
-3552
-1302
1007
3266
5366
7209
8707
9790
10410
10538
10170
9323
8039
6378
4417
2247
-32
-2318
-4506
-6498
-8206
-9555
-10487
-10963
-10964
-10494
-9576
-8253
-6586
-4649
-2527
-312
1901
4020
5957
7635
8988
9966
10536
10682
10406
9729
8687
7330
5719
3925
2023
90
-1796
-3568
-5159
-6516
-7597
-8371
-8822
-8948
-8758
-8272
-7524
-6552
-5402
-4125
-2770
-1388
-27
1269
2463
3524
4429
5160
5708
6072
6256
6268
6121
5831
5417
4896
4288
3610
2879
2110
1318
513
-290
-1084
-1857
-2598
-3297
-3942
-4520
-5018
-5421
-5715
-5887
-5923
-5812
-5547
-5124
-4542
-3808
-2932
-1932
-830
343
1557
2772
3950
5048
6026
6844
7469
7869
8022
7914
7540
6905
6023
4919
3626
2186
648
-934
-2506
-4011
-5394
-6603
-7594
-8330
-8783
0
0
0
0
0
0
0
0
0
0
0
0
0
0
0
0
0
0
0
0
0
0
0
0
0
0
0
0
0
0
0
0
0
0
0
0
0
0
0
0
0
0
0
0
0
0
0
0
0
0
0
0
0
0
0
0
0
0
0
0
0
0
0
0
0
0
0
