0
4278
8485
12550
16402
19973
23203
26035
28419
30314
31684
32507
32766
32456
31581
30156
28203
25758
22860
19561
15917
11991
7852
3573
-771
-5106
-9352
-13436
-17284
-20829
-24006
-26759
-29038
-30801
-32015
-32660
-32720
-32196
-31094
-29434
-27244
-24563
-21439
-17925
-14087
-9991
-5712
-1327
3083
7441
11667
15683
19415
22796
25762
28259
30239
31667
32514
32764
32412
31462
29931
27847
25247
22178
18696
14865
10755
6443
2009
-2465
-6896
-11201
-15299
-19113
-22570
-25606
-28162
-30190
-31650
-32514
-32764
-32394
-31411
-29832
-27686
-25012
-21861
-18292
-14372
-10175
-5781
-1274
3259
7733
12062
16161
19951
23359
26318
28771
30668
31973
32659
32711
32127
30919
29107
26727
23823
20452
16679
12577
8226
3711
-879
-5455
-9926
-14204
-18204
-21846
-25058
-27775
-29942
-31516
-32464
-32766
-32415
-31417
-29790
-27567
-24790
-21514
-17805
-13736
-9388
-4849
-209
4437
8997
13377
17489
21248
24578
27411
29687
31359
32393
32765
32468
31507
29899
27676
24884
21579
17828
13707
9301
4700
0
-4703
-9311
-13729
-17864
-21629
-24947
-27746
-29968
-31566
-32503
-32761
-32332
-31225
-29460
-27076
-24119
-20653
-16748
-12488
-7961
-3263
1506
6246
10856
15238
19298
22949
26112
28719
30713
32051
32702
32651
31900
30461
28366
25658
22395
18646
14492
10022
5332
524
-4298
-9029
-13567
-17811
-21669
-25055
-27896
-30127
-31699
-32577
-32739
-32182
-30916
-28967
-26379
-23206
-19519
-15397
-10932
-6222
-1372
3511
8320
12945
17284
21240
24723
27655
29968
31611
32545
32748
32214
30954
28995
26381
23169
19431
15252
10724
5950
1038
-3899
-8751
-13405
-17757
-21705
-25159
-28038
-30277
-31822
-32637
-32702
-32014
-30588
-28456
-25665
-22280
-18377
-14047
-9388
-4509
477
5455
10308
14924
19194
23018
26305
28979
30974
32243
32756
32498
31476
29711
27244
24133
20449
16280
11722
6884
1880
-3170
-8148
-12935
-17416
-21484
-25041
-28000
-30291
-31856
-32659
-32677
-31909
-30373
-28105
-25157
-21600
-17520
-13013
-8189
-3163
1941
7001
11893
16499
20705
24407
27516
29953
31659
32589
32721
32049
30590
28377
25463
21921
17836
13307
8448
3377
-1780
-6896
-11843
-16499
-20746
-24479
-27603
-30040
-31727
-32621
-32699
-31957
-30413
-28105
-25088
-21439
-17247
-12618
-7668
-2522
2689
7836
12787
17416
21605
25247
28248
30530
32035
32723
32574
31592
29801
27244
23987
20112
15718
10917
5832
595
-4660
-9798
-14685
-19194
-23208
-26622
-29345
-31307
-32455
-32757
-32206
-30813
-28614
-25665
-22043
-17841
-13169
-8148
-2911
2405
7661
12717
17440
21705
25397
28419
30689
32146
32750
32483
31352
29385
26633
23169
19084
14487
9500
4255
-1105
-6439
-11603
-16457
-20870
-24723
-27911
-30346
-31961
-32712
-32578
-31559
-29684
-27001
-23582
-19519
-14922
-9916
-4636
771
6162
11386
16301
20770
24671
27896
30354
31977
32719
32558
31498
29565
26813
23317
19172
14492
9407
4058
-1405
-6833
-12073
-16978
-21411
-25247
-28377
-30713
-32188
-32760
-32410
-31148
-29007
-26047
-22351
-18021
-13179
-7961
-2516
3003
8440
13640
18454
22745
26389
29282
31340
32503
32737
32033
30409
27913
24613
20604
16000
10932
5547
0
-5550
-10942
-16021
-20637
-24657
-27963
-30458
-32068
-32745
-32468
-31244
-29107
-26118
-22364
-17952
-13013
-7689
-2137
3479
8997
14252
19090
23367
26955
29748
31662
32640
32650
31691
29790
27003
23411
19119
14256
8965
3403
-2262
-7862
-13230
-18204
-22633
-26385
-29345
-31423
-32556
-32707
-31871
-30072
-27362
-23823
-19561
-14703
-9397
-3803
1908
7565
12994
18030
22517
26318
29316
31419
32559
32702
31841
30001
27238
23635
19302
14372
8996
3339
-2422
-8112
-13553
-18577
-23026
-26761
-29667
-31650
-32648
-32629
-31591
-29565
-26615
-22829
-18327
-13249
-7752
-2009
3799
9491
14886
19815
24120
27666
30338
32052
32751
32412
31044
28690
25423
21345
16586
11295
5642
-193
-6025
-11667
-16938
-21669
-25706
-28920
-31206
-32489
-32726
-31909
-30063
-27244
-23544
-19081
-13998
-8460
-2644
3259
9060
14569
19606
24006
27626
30346
32075
32756
32366
30916
28451
25051
20827
15917
10480
4696
-1244
-7147
-12817
-18065
-22719
-26622
-29644
-31684
-32674
-32578
-31398
-29173
-25975
-21909
-17110
-11737
-5969
0
5972
11747
17130
21941
26016
29217
31436
32596
32657
31615
29504
26395
22390
17625
12260
6476
470
-5554
-11392
-16845
-21726
-25867
-29127
-31393
-32585
-32662
-31619
-29491
-26349
-22301
-17483
-12062
-6222
-166
5898
11762
17222
22088
26191
29387
31566
32648
32597
31411
29131
25835
21636
16679
11138
5205
-912
-7001
-12847
-18244
-23003
-26955
-29960
-31912
-32739
-32412
-30940
-28374
-24803
-20353
-15179
-9465
-3413
2763
8843
14612
19863
24407
28083
30758
32334
32755
32003
30103
27124
23169
18381
12929
7010
836
-5370
-11386
-16993
-21989
-26191
-29446
-31636
-32680
-32538
-31214
-28754
-25247
-20819
-15630
-9868
-3744
2518
8692
14551
19879
24480
28184
30855
32393
32739
31880
29845
26709
22585
17625
12011
5950
-333
-6607
-12639
-18204
-23094
-27128
-30152
-32055
-32763
-32248
-30528
-27666
-23767
-18976
-13473
-7461
-1167
5173
11322
17047
22132
26385
29644
31785
32724
32427
30901
28203
24435
19738
14288
8294
1981
-4409
-10635
-16457
-21654
-26025
-29402
-31656
-32697
-32485
-31027
-28377
-24634
-19943
-14481
-8460
-2109
4324
10594
16457
21686
26077
29459
31699
32710
32451
30929
28203
24378
19601
14056
7961
1552
-4919
-11201
-17047
-22227
-26537
-29806
-31906
-32751
-32307
-30590
-27666
-23648
-18696
-13002
-6791
-309
6187
12441
18204
23246
27366
30398
32222
32762
31995
29951
26709
22398
17189
11289
4935
-1619
-8112
-14281
-19879
-24678
-28486
-31147
-32552
-32643
-31416
-28917
-25247
-20553
-15023
-8882
-2378
4225
10659
16662
21989
26421
29777
31918
32756
32254
30432
27362
23169
18024
12137
5748
-879
-7473
-13762
-19485
-24407
-28323
-31070
-32533
-32650
-31414
-28875
-25136
-20353
-14721
-8475
-1874
4807
11292
17307
22602
26955
30182
32146
32765
32010
29911
26556
22083
16679
10571
4016
-2711
-9326
-15551
-21121
-25799
-29387
-31732
-32732
-32344
-30582
-27520
-23286
-18060
-12062
-5547
1206
7911
14280
20041
24947
28786
31393
32653
32513
30975
28105
24024
18906
12972
6476
-301
-7069
-13534
-19415
-24458
-28443
-31196
-32596
-32580
-31148
-28360
-24336
-19250
-13322
-6811
0
6813
13332
19269
24364
28393
31178
32594
32578
31129
28309
24241
19103
13120
6555
-301
-7147
-13680
-19609
-24671
-28641
-31340
-32648
-32505
-30916
-27948
-23735
-18460
-12360
-5706
1206
8067
14569
20421
25359
29162
31656
32728
32328
30473
27244
22786
17298
11027
4255
-2711
-9557
-15974
-21669
-26383
-29901
-32062
-32766
-31979
-29736
-26137
-21345
-15577
-9095
-2195
4807
11593
17850
23291
27666
30771
32464
32665
31362
28614
24546
19345
13249
6538
-477
-7473
-14125
-20126
-25196
-29098
-31650
-32732
-32292
-30349
-26991
-22374
-16712
-10266
-3339
3746
10659
17076
22694
27251
30530
32377
32702
31489
28793
24740
19519
13375
6597
-494
-7565
-14281
-20323
-25404
-29282
-31772
-32753
-32178
-30072
-26533
-21729
-15887
-9285
-2238
4919
11843
18204
23695
28052
31066
32589
32548
30942
27847
23411
17845
11416
4435
-2763
-9830
-16425
-22227
-26955
-30378
-32330
-32713
-31507
-28769
-24631
-19293
-13013
-6096
1120
8285
15047
21076
26077
29802
32068
32763
31850
29372
25451
20276
14101
7230
0
-7232
-14111
-20295
-25478
-29402
-31872
-32764
-32033
-29711
-25913
-20827
-14703
-7845
-595
6688
13640
19914
25196
29220
31785
32759
32093
29819
26047
20967
14832
7950
664
-6656
-13645
-19948
-25247
-29273
-31822
-32763
-32046
-29706
-25861
-20703
-14492
-7543
-209
7138
14125
20396
25629
29557
31977
32766
31880
29363
25342
20022
13674
6622
-771
-8129
-15071
-21240
-26318
-30042
-32219
-32734
-31559
-28754
-24461
-18901
-12360
-5177
2276
9615
16457
22447
27271
30678
32489
32608
31026
27825
23169
17302
10527
3199
-4298
-11573
-18244
-23960
-28419
-31387
-32705
-32302
-30198
-26501
-21406
-15179
-8148
-684
6817
13962
20369
25700
29668
32064
32757
31710
28975
24698
19103
12488
5205
-2358
-9798
-16717
-22745
-27557
-30894
-32577
-32513
-30703
-27244
-22319
-16192
-9191
-1693
5898
13175
19743
25247
29388
31941
32765
31816
29141
24884
19276
12618
5272
-2362
-9871
-16845
-22903
-27714
-31014
-32621
-32445
-30495
-26875
-21781
-15492
-8351
-749
6896
14165
20658
26016
29942
32220
32721
31417
28377
23767
17841
10926
3403
-4310
-11787
-18613
-24407
-28847
-31684
-32759
-32010
-29476
-25298
-19707
-13013
-5590
2148
9769
16845
22980
27828
31116
32659
32366
30254
26438
21133
14635
7310
-430
-8148
-15409
-21801
-26962
-30598
-32502
-32563
-30778
-27244
-22162
-15818
-8572
-836
6950
14343
20920
26305
30190
32350
32661
31103
27762
22829
16586
9388
1649
-6187
-13670
-20369
-25898
-29936
-32249
-32702
-31267
-28024
-23161
-16955
-9766
-2009
5867
13405
20168
25762
29860
32222
32709
31291
28049
23169
16936
9711
1916
-5992
-13553
-20323
-25904
-29968
-32275
-32687
-31179
-27837
-22855
-16527
-9222
-1372
6562
14111
20829
26318
30252
32397
32623
30916
27374
22206
15718
8294
373
-7571
-15067
-21669
-26980
-30683
-32556
-32483
-30469
-26631
-21197
-14492
-6916
1077
9009
16402
22811
27851
31216
32702
32218
29790
25564
19793
12824
5078
-2978
-10856
-18080
-24210
-28873
-31785
-32766
-31757
-28816
-24119
-17952
-10689
-2772
5316
13083
20053
25799
29968
32304
32662
31017
27469
22233
15630
8064
0
-8067
-15639
-22251
-27492
-31038
-32669
-32282
-29899
-25665
-19840
-12785
-4935
3223
11185
18454
24578
29176
31960
32754
31507
28295
23317
16881
9388
1306
-6859
-14599
-21426
-26913
-30713
-32587
-32415
-30206
-26096
-20343
-13307
-5431
2789
10837
18204
24423
29100
31937
32755
31498
28244
23199
16679
9099
938
-7285
-15047
-21854
-27271
-30951
-32659
-32282
-29844
-25497
-19519
-12290
-4271
4023
12062
19330
25359
29762
32252
32670
30984
27303
21861
15008
7184
-1105
-9326
-16947
-23474
-28484
-31650
-32766
-31757
-28687
-23753
-17274
-9670
-1435
6896
14781
21705
27215
30951
32666
32248
29720
25247
19119
11737
3583
-4807
-12886
-20121
-26035
-30239
-32455
-32534
-30469
-26395
-20578
-13400
-5336
3083
11302
18775
25007
29584
32200
32681
30992
27244
21684
14679
6695
-1736
-10055
-17706
-24178
-29038
-31959
-32744
-31340
-27837
-22468
-15592
-7668
771
9163
16942
23583
28641
31772
32764
31548
28203
22955
16155
8261
-193
-8637
-16499
-23246
-28419
-31667
-32766
-31641
-28366
-23161
-16378
-8479
0
8482
16388
23178
28387
31659
32766
31633
28334
23092
16267
8323
-193
-8699
-16610
-23382
-28547
-31748
-32764
-31521
-28105
-22748
-15818
-7793
771
9287
17161
23850
28887
31923
32744
31292
27666
22114
15023
6884
-1736
-10238
-18030
-24565
-29387
-32158
-32681
-30919
-26991
-21173
-13868
-5590
3083
11543
19194
25499
30012
32414
32534
30361
26047
19895
12336
3903
-4807
-13181
-20625
-26610
-30711
-32637
-32248
-29569
-24790
-18247
-10405
-1820
6896
15124
22277
27843
31423
32760
31757
28483
23169
16196
8060
-655
-9326
-17331
-24094
-29127
-32068
-32703
-30984
-27033
-21133
-13707
-5289
3511
12062
19743
25999
30374
32552
32371
29844
25150
18630
10754
2094
-6719
-15047
-22282
-27896
-31478
-32765
-31661
-28244
-22763
-15616
-7324
1506
10228
18204
24847
29668
32313
32585
30461
26096
19809
12062
3423
-5469
-13962
-21426
-27310
-31178
-32740
-31881
-28661
-23317
-16242
-7961
912
9721
17811
24578
29519
32265
32608
30520
26157
19840
12041
3339
-5613
-14150
-21629
-27492
-31296
-32755
-31758
-28377
-22863
-15630
-7219
1736
10564
18599
25234
29968
32443
32468
30041
25342
18725
10689
1842
-7147
-15598
-22868
-28404
-31785
-32751
-31227
-27327
-21345
-13736
-5078
3969
12717
20496
26712
30887
32702
32014
28875
23522
16364
7950
-1077
-10024
-18204
-24986
-29848
-32414
-32483
-30050
-25298
-18593
-10451
-1499
7571
16058
23305
28750
31969
32711
30916
26720
20449
12587
3744
-5391
-14111
-21734
-27666
-31442
-32766
-31533
-27837
-21964
-14372
-5653
3510
12401
20323
26654
30894
32710
31957
28692
23169
15822
7226
-1941
-10958
-19113
-25762
-30378
-32596
-32237
-29328
-24096
-16955
-8469
691
9799
18132
25028
29936
32465
32412
29778
24772
17791
9388
234
-8940
-17404
-24479
-29598
-32350
-32513
-30072
-25219
-18342
-9991
-836
8388
16942
24135
29387
32275
32563
30226
25451
18620
10283
1113
-8148
-16754
-24006
-29316
-32252
-32574
-30254
-25477
-18630
-10266
-1066
8222
16845
24098
29390
32286
32549
30156
25298
18372
9941
695
-8610
-17213
-24407
-29603
-32371
-32482
-29925
-24908
-17841
-9305
0
9307
17850
24924
29942
32491
32356
29546
24293
17028
8351
-1019
-10308
-18745
-25629
-30386
-32621
-32145
-28995
-23432
-15917
-7073
2362
11603
19879
26497
30903
32728
31816
28241
22301
14491
5464
-4023
-13175
-21224
-27492
-31451
-32766
-31324
-27244
-20868
-12732
-3519
5992
15001
22745
28568
31977
32682
30619
25962
19103
10622
1238
-8253
-17047
-24394
-29668
-32420
-32412
-29643
-24347
-16973
-8148
1373
10781
19269
26112
30723
32705
31886
28334
22351
14449
5304
-4298
-13534
-21608
-27826
-31650
-32749
-31026
-26627
-19930
-11510
-2094
7504
16457
23989
29446
32355
32460
29752
24461
17046
8148
-1459
-10942
-19477
-26318
-30870
-32732
-31742
-27983
-21780
-13674
-4371
5316
14541
22496
28484
31977
32669
30495
25645
18541
9807
209
-9410
-18204
-25397
-30356
-32640
-32046
-28625
-22675
-14721
-5464
4278
13645
21806
28038
31787
32719
30748
26047
19032
10324
695
-8997
-17892
-25196
-30256
-32621
-32077
-28669
-22701
-14703
-5389
4409
13816
21989
28193
31872
32694
30582
25725
18555
9715
0
-9718
-18563
-25739
-30598
-32699
-31850
-28126
-21861
-13619
-4144
5708
15047
23026
28920
32194
32549
29951
24631
17073
7961
-1876
-11547
-20168
-26955
-31287
-32766
-31257
-26894
-20073
-11416
-1713
8148
17267
24807
30076
32589
32113
28690
22632
14492
5018
-4919
-14407
-22570
-28657
-32104
-32591
-30072
-24775
-17189
-8012
1907
11653
20323
27113
31393
32763
31094
26539
19519
10683
852
-9060
-18132
-25519
-30530
-32697
-31816
-27965
-21503
-13031
-3339
6667
16052
23938
29584
32459
32292
29097
23169
15065
5543
-4501
-14125
-22423
-28612
-32108
-32578
-29977
-24546
-16798
-7461
2582
12385
21019
27666
31694
32721
30647
25665
18247
9095
-923
-10856
-19760
-26786
-31264
-32766
-31146
-26556
-19431
-10451
-470
9557
18675
26008
30855
32749
31507
27244
20368
11537
1595
-8501
-17784
-25359
-30497
-32702
-31758
-27754
-21074
-12360
-2451
7696
17103
24860
30215
32648
31922
28105
21563
12929
3039
-7147
-16643
-24525
-30025
-32607
-32016
-28309
-21844
-13249
-3359
6859
16412
24364
29939
32588
32050
28377
21924
13322
3413
-6833
-16412
-24382
-29960
-32596
-32028
-28309
-21804
-13150
-3199
7069
16643
24578
30089
32630
31946
28105
21482
12732
2719
-7565
-17103
-24947
-30318
-32680
-31797
-27754
-20951
-12062
-1970
8320
17784
25478
30633
32732
31565
27244
20200
11134
952
-9326
-18675
-26154
-31014
-32765
-31228
-26556
-19215
-9941
333
10578
19760
26955
31436
32749
30759
25665
17979
8475
-1887
-12062
-21019
-27851
-31864
-32650
-30126
-24546
-16475
-6728
3703
13762
22423
28806
32258
32427
29291
23169
14683
4696
-5772
-15653
-23938
-29777
-32571
-32033
-28214
-21503
-12587
-2378
8077
17706
25519
30711
32748
31416
26850
19519
10175
-219
-10594
-19879
-27113
-31549
-32726
-30520
-25157
-17189
-7439
3083
13289
22119
28657
32222
32441
29289
23092
14492
4381
-6187
-16114
-24364
-30076
-32652
-31820
-27666
-20619
-11416
-1017
9491
19008
26537
31287
32757
30792
25595
17709
7961
-2625
-12939
-21894
-28547
-32194
-32451
-29286
-23032
-14346
-4144
6498
16457
24678
30291
32699
31644
27238
19943
10531
0
-10533
-19951
-27251
-31656
-32694
-30254
-24592
-16309
-6286
4409
14637
23305
29487
32519
32077
28203
21312
12137
1660
-8997
-18692
-26385
-31248
-32757
-30748
-25434
-17383
-7461
3266
13645
22556
29038
32390
32248
28625
21909
12824
2351
-8378
-18204
-26061
-31098
-32765
-30880
-25645
-17625
-7689
3083
13524
22496
29023
32393
32235
28565
21780
12618
2077
-8692
-18516
-26318
-31245
-32755
-30681
-25247
-17046
-6975
3863
14280
23132
29446
32527
32033
28015
20915
11510
836
-9932
-19609
-27125
-31650
-32682
-30103
-24198
-15616
-5304
5596
15880
24407
30232
32705
31550
26894
19250
9465
-1373
-12062
-21411
-28379
-32188
-32412
-29022
-22395
-13267
-2656
8253
18244
26197
31222
32754
30619
25054
16679
6433
-4537
-15001
-23783
-29895
-32648
-31731
-27244
-19690
-9916
976
11762
21224
28293
32170
32415
28997
22301
13080
2378
-8595
-18599
-26497
-31393
-32729
-30352
-24528
-15917
-5494
5554
15974
24578
30386
32734
31352
26395
18425
8351
-2679
-13405
-22602
-29217
-32491
-32046
-27932
-20616
-10936
0
10939
20625
27944
32055
32482
29173
22507
13249
2462
-8610
-18692
-26622
-31481
-32707
-30156
-24119
-15293
-4696
6446
16845
25296
30817
32766
30916
25477
17079
6695
-4468
-15115
-24006
-30106
-32702
-31489
-26606
-18620
-8460
2689
13528
22788
29387
32552
31909
27532
19930
9991
-1120
-12103
-21669
-28693
-32350
-32208
-28280
-21025
-11295
-234
10856
20671
28052
32127
32412
28871
21921
12379
1372
-9799
-19815
-27487
-31906
-32545
-29328
-22632
-13249
-2291
8940
19113
27016
31708
32629
29666
23169
13911
2992
-8285
-18577
-26654
-31549
-32677
-29899
-23544
-14372
-3477
7836
18214
26411
31442
32702
30037
23764
14635
3744
-7598
-18030
-26293
-31393
-32711
-30086
-23833
-14703
-3796
7571
18026
26305
31405
32707
30050
23753
14577
3632
-7754
-18204
-26446
-31479
-32688
-29925
-23522
-14256
-3253
8148
18560
26712
31608
32650
29706
23135
13736
2656
-8751
-19090
-27095
-31785
-32581
-29385
-22585
-13013
-1842
9557
19786
27585
31994
32468
28947
21861
12081
809
-10564
-20637
-28166
-32219
-32293
-28377
-20951
-10932
440
11762
21629
28819
32437
32033
27653
19840
9561
-1907
-13142
-22745
-29519
-32621
-31661
-26755
-18514
-7961
3586
14689
23960
30239
32740
31148
25658
16955
6128
-5469
-16384
-25247
-30944
-32759
-30461
-24336
-15151
-4058
7546
18204
26572
31595
32638
29565
22763
13087
1756
-9798
-20118
-27896
-32148
-32332
-28424
-20915
-10754
771
12203
22088
29171
32552
31797
27001
18769
8148
-3511
-14727
-24069
-30346
-32754
-30984
-25260
-16309
-5272
6439
17331
26008
31359
32696
29845
23169
13521
2137
-9523
-19964
-27843
-32146
-32318
-28334
-20703
-10405
1234
12717
22564
29503
32637
31559
26407
17841
6968
-4807
-15965
-25058
-30909
-32757
-30361
-24028
-14577
-3233
8533
19194
27364
31977
32433
28669
21173
10917
-762
-12345
-22321
-29387
-32619
-31592
-26438
-17828
-6884
4961
16161
25247
31028
32744
30168
23635
13998
2522
-9287
-19879
-27860
-32179
-32265
-28105
-20242
-9711
2101
13640
23382
30040
32733
31103
25362
16267
5018
-6896
-17901
-26537
-31659
-32585
-29190
-21921
-11741
0
11743
21929
29201
32589
31641
26480
17791
6728
-5233
-16499
-25566
-31222
-32709
-29826
-22955
-13013
-1327
10537
20994
28641
32450
31909
27088
18630
7668
-4324
-15739
-25041
-30976
-32744
-30105
-23411
-13561
-1880
10055
20637
28436
32397
31982
27244
18822
7852
-4182
-15653
-25007
-30974
-32743
-30072
-23319
-13400
-1660
10308
20879
28612
32455
31881
26966
18377
7282
-4807
-16245
-25468
-31216
-32702
-29720
-22675
-12528
-664
11292
21705
29147
32596
31576
26225
17274
5950
-6193
-17489
-26383
-31650
-32564
-28995
-21433
-10917
1105
12978
23064
29968
32737
30984
24950
15465
3839
-8320
-19330
-27666
-32170
-32217
-27796
-19519
-8531
3643
15314
24860
30951
32739
29972
23032
12884
938
-11141
-21669
-29176
-32613
-31498
-25982
-16835
-5332
6918
18204
26944
31912
32410
28366
20343
9465
-2743
-14569
-24351
-30713
-32759
-30198
-23387
-13283
-1306
10856
21492
29100
32604
31507
25962
16748
5166
-7147
-18454
-27152
-32008
-32332
-28076
-19840
-8789
3510
15314
24947
31038
32720
29752
22551
12140
0
-12143
-22559
-29762
-32723
-31017
-24884
-15198
-3339
8998
20053
28242
32393
31908
26854
17952
6476
-5930
-17489
-26541
-31785
-32465
-28481
-20402
-9388
2978
14918
24714
30951
32730
29790
22554
12062
-172
-12385
-22811
-29942
-32746
-30813
-24421
-14492
-2462
9926
20879
28806
32556
31581
26021
16679
4912
-7571
-18956
-27585
-32200
-32127
-27374
-18630
-7167
5342
17076
26318
31719
32485
28504
20353
9222
-3259
-15267
-25041
-31147
-32687
-29434
-21861
-11077
1334
13553
23783
30517
32764
30189
23169
12736
423
-11953
-22570
-29860
-32743
-30792
-24293
-14202
-2009
10483
21426
29201
32652
31267
25247
15482
3419
-9153
-20369
-28563
-32514
-31633
-26047
-16586
-4654
7973
19415
27967
32350
31910
26709
17520
5712
-6950
-18577
-27428
-32179
-32116
-27244
-18292
-6597
6088
17864
26962
32015
32263
27666
18910
7310
-5391
-17284
-26579
-31872
-32366
-27983
-19380
-7852
4862
16845
26287
31760
32433
28203
19707
8226
-4501
-16550
-26094
-31684
-32472
-28334
-19895
-8434
4310
16402
26003
31651
32486
28377
19946
8475
-4288
-16402
-26016
-31662
-32478
-28334
-19861
-8351
4437
16550
26133
31717
32445
28203
19638
8060
-4756
-16845
-26351
-31812
-32386
-27983
-19276
-7602
5243
17284
26666
31941
32293
27666
18769
6975
-5898
-17864
-27071
-32095
-32157
-27244
-18113
-6176
6719
18577
27557
32265
31968
26709
17302
5205
-7702
-19415
-28111
-32434
-31710
-26047
-16326
-4058
8843
20369
28719
32588
31368
25247
15179
2736
-10137
-21426
-29364
-32705
-30922
-24293
-13853
-1238
11573
22570
30025
32764
30353
23169
12339
-434
-13142
-23783
-30678
-32739
-29638
-21861
-10632
2276
14829
25041
31296
32604
28754
20353
8727
-4282
-16616
-26318
-31849
-32328
-27676
-18630
-6622
6439
18480
27585
32302
31880
26381
16679
4318
-8734
-20396
-28806
-32620
-31227
-24845
-14492
-1820
11144
22329
29942
32763
30335
23047
12062
-859
-13645
-24243
-30951
-32688
-29173
-20967
-9388
3703
16202
26094
31785
32354
27709
18593
6476
-6688
-18775
-27832
-32393
-31718
-25913
-15915
-3339
9779
21317
29402
32723
30737
23764
12933
0
-12935
-23772
-30745
-32720
-29372
-21243
-9654
3510
16105
26077
31798
32332
27590
18342
6096
-7147
-19226
-28162
-32493
-31507
-25362
-15061
-2291
10856
22227
29953
32765
30198
22670
11416
-1716
-14569
-25028
-31370
-32548
-28366
-19509
-7435
5867
18204
27539
32330
31782
25982
15887
3163
-10086
-21669
-29667
-32753
-30413
-23032
-11831
1334
14281
24860
31312
32563
28403
19519
7387
-5976
-18347
-27666
-32377
-31693
-25725
-15465
-2622
10659
22164
29968
32766
30086
22374
10917
-2369
-15261
-25599
-31650
-32396
-27709
-18372
-5950
7473
19643
28516
32596
31195
24546
13765
664
-12550
-23653
-30771
-32702
-29116
-20616
-8634
4807
17440
27128
32230
31881
26137
15968
3092
-10308
-21966
-29901
-32766
-30072
-22272
-10689
2711
15653
25937
31812
32275
27244
17574
4908
-8595
-20637
-29162
-32712
-30681
-23411
-12140
1206
14349
25041
31451
32480
27948
18630
6117
-7445
-19735
-28641
-32634
-31026
-24089
-13013
301
13567
24501
31222
32570
28309
19172
6728
-6876
-19298
-28393
-32589
-31159
-24347
-13326
0
13328
24354
31166
32585
28360
19220
6748
-6896
-19347
-28443
-32604
-31103
-24198
-13087
301
13640
24608
31294
32533
28105
18778
6176
-7504
-19879
-28786
-32669
-30847
-23635
-12290
1206
14493
25247
31583
32389
27520
17828
5008
-8692
-20870
-29387
-32745
-30352
-22624
-10917
2711
15865
26229
31977
32094
26556
16335
3233
-10442
-22277
-30182
-32757
-29546
-21112
-8944
4807
17712
27483
32390
31559
25136
14256
845
-12717
-24026
-31070
-32598
-28334
-19032
-6345
7473
19964
28903
32697
30666
23169
11540
-2148
-15456
-26008
-31918
-32127
-26596
-16309
-3103
10659
22517
30346
32741
29270
20553
8148
-5719
-18563
-28078
-32552
-31179
-24202
-12874
771
14281
25223
31625
32332
27214
17189
4062
-9798
-21894
-30040
-32762
-29565
-21025
-8682
5233
18204
27882
32514
31257
24336
13002
-691
-14262
-25247
-31650
-32307
-27094
-16955
-3732
10171
22227
30239
32747
29289
20494
7961
-6025
-18915
-28356
-32621
-30929
-23586
-11931
1907
15400
26077
31982
32033
26215
15592
2109
-11762
-23479
-30889
-32629
-28377
-18910
-5966
8077
20637
29402
32756
30080
21861
9613
-4409
-17621
-27585
-32459
-31342
-24435
-13013
816
14497
25499
31785
32188
26631
16140
2656
-11322
-23203
-30782
-32650
-28456
-18976
-5969
8148
20755
29503
32763
29925
21514
9095
-5021
-18204
-27995
-32564
-31058
-23753
-12011
1977
15598
26305
32095
31880
25698
14703
952
-12978
-24480
-31393
-32418
-27360
-17165
-3744
10381
22559
30497
32702
28754
19394
6380
-7836
-20580
-29446
-32762
-29899
-21393
-8847
5370
18577
28275
32630
30814
23169
11138
-3003
-16579
-27016
-32334
-31523
-24733
-13249
751
14612
25700
31906
32048
26096
15179
1372
-12698
-24354
-31371
-32412
-27273
-16932
-3359
10856
23003
30758
32638
28280
18514
5205
-9101
-21669
-30089
-32747
-29131
-19930
-6905
7445
20371
29387
32762
29844
21189
8460
-5898
-19125
-28673
-32702
-30433
-22301
-9868
4468
17946
27963
32585
30916
23274
11134
-3159
-16845
-27275
-32428
-31305
-24119
-12260
1977
15833
26622
32247
31615
24845
13249
-923
-14918
-26016
-32055
-31858
-25461
-14105
0
14107
25468
31864
32046
25975
14832
792
-13405
-24986
-31684
-32188
-26395
-15435
-1452
12817
24578
31525
32292
26727
15917
1981
-12345
-24250
-31393
-32366
-26976
-16280
-2378
11993
24006
31293
32415
27148
16527
2644
-11762
-23850
-31230
-32442
-27244
-16660
-2779
11653
23783
31206
32451
27267
16679
2783
-11667
-23806
-31222
-32441
-27217
-16586
-2656
11803
23919
31277
32412
27094
16378
2398
-12062
-24120
-31370
-32361
-26894
-16056
-2009
12441
24407
31496
32285
26615
15616
1488
-12939
-24777
-31650
-32178
-26251
-15055
-836
13553
25223
31826
32033
25797
14372
52
-14280
-25739
-32015
-31841
-25247
-13561
863
15115
26318
32208
31592
24592
12618
-1908
-16052
-26950
-32393
-31276
-23823
-11540
3083
17085
27622
32556
30880
22932
10324
-4384
-18204
-28323
-32682
-30389
-21909
-8965
5807
19399
29038
32755
29790
20744
7461
-7347
-20658
-29748
-32757
-29067
-19428
-5811
8997
21966
30436
32669
28203
17952
4016
-10746
-23305
-31079
-32468
-27184
-16309
-2077
12583
24657
31656
32135
25992
14491
0
-14493
-25999
-32139
-31644
-24613
-12494
2208
16457
27304
32503
30975
23032
10317
-4537
-18454
-28547
-32719
-30103
-21238
-7961
6971
20458
29694
32757
29007
19220
5431
-9491
-22439
-30713
-32587
-27666
-16973
-2736
12073
24364
31568
32177
26060
14492
-108
-14689
-26197
-32222
-31498
-24174
-11781
3083
17304
27896
32634
30520
21996
8847
-6162
-19879
-29416
-32766
-29219
-19519
-5706
9311
22368
30711
32578
27570
16743
2378
-12491
-24723
-31732
-32033
-25558
-13674
1105
15653
26888
32428
31095
23169
10328
-4707
-18745
-28806
-32750
-29736
-20402
-6728
8378
21705
30414
32650
27932
17262
2911
-12062
-24465
-31651
-32083
-25665
-13765
1077
15692
26955
32455
31012
22932
9941
-5180
-19194
-29098
-32765
-29406
-19738
-5832
9326
22486
30817
32526
27244
16102
1495
-13436
-25478
-32035
-31693
-24521
-12062
2999
17416
28078
32680
30226
21243
7668
-7565
-21167
-30192
-32685
-28105
-17438
-2992
12103
24578
31727
31995
25321
13150
-1876
-16499
-27539
-32596
-30567
-21889
-8448
6833
20630
29936
32722
28377
17845
3419
-11753
-24364
-31659
-32040
-25423
-13249
1823
16499
27568
32607
30508
21729
8189
-7147
-20920
-30108
-32693
-28105
-17347
-2779
12401
24860
31856
31850
24838
12360
-2839
-17416
-28160
-32702
-30037
-20749
-6884
8501
22013
30668
32552
27244
15915
1066
-14020
-26008
-32243
-31342
-23500
-10451
4915
19194
29220
32766
29042
18871
4509
-10856
-23813
-31479
-32147
-25665
-13473
1720
16533
27666
32637
30335
21271
7461
-8015
-21705
-30552
-32578
-27327
-15968
-1038
14125
26133
32294
31228
23169
9920
-5554
-19786
-29584
-32748
-28565
-17970
-3339
12043
24723
31849
31816
24627
11897
-3511
-18132
-28673
-32755
-29458
-19519
-5177
10334
23516
31393
32182
25702
13414
-1907
-16800
-27896
-32682
-30072
-20653
-6555
9029
22570
30997
32395
26445
14492
-751
-15827
-27310
-32589
-30461
-21406
-7481
8148
21926
30713
32507
26894
15151
-48
-15238
-26955
-32522
-30664
-21804
-7961
7702
21608
30575
32549
27076
15403
202
-15047
-26852
-32503
-30703
-21861
-8002
7696
21629
30598
32538
27001
15255
0
-15257
-27007
-32541
-30582
-21579
-7602
8129
21989
30779
32468
26664
14703
-655
-15865
-27411
-32621
-30288
-20948
-6758
8997
22672
31098
32318
26047
13736
-1763
-16855
-28038
-32713
-29790
-19946
-5464
10289
23653
31516
32046
25116
12336
-3319
-18204
-28847
-32766
-29042
-18541
-3711
11987
24889
31977
31593
23823
10480
-5316
-19871
-29777
-32711
-27983
-16697
-1495
14059
26318
32404
30885
22114
8148
-7733
-21801
-30745
-32460
-26539
-14372
1180
16457
27860
32699
29832
19930
5325
-10537
-23916
-31650
-31910
-24631
-11530
4298
19113
29409
32747
28334
17210
2009
-13670
-26112
-32365
-30942
-22178
-8148
7817
21929
30833
32412
26285
13907
-1780
-17047
-28259
-32743
-29429
-19103
-4222
11667
24777
31977
31548
23586
9991
-5992
-20546
-30192
-32619
-27244
-15350
219
15739
27492
32660
30001
20149
5464
-10533
-24006
-31719
-31816
-24270
-10892
5106
19879
29873
32681
27625
15917
373
-15261
-27221
-32621
-30156
-20416
-5748
10308
23879
31684
31836
24293
10875
-5173
-19973
-29942
-32665
-27477
-15633
0
15636
27483
32666
29925
19920
5078
-10999
-24407
-31886
-31615
-23656
-9941
6193
20824
30386
32549
26782
14487
-1341
-16845
-28242
-32749
-29262
-18630
-3445
12583
25539
32252
31078
22301
8064
-8148
-22368
-31111
-32231
-25451
-12429
3643
18824
29387
32737
28047
16465
836
-15001
-27152
-32625
-30072
-20115
-5205
10989
24479
31937
31523
23335
9388
-6876
-21447
-30723
-32412
-26092
-13322
2743
18132
29038
32759
28371
16955
1338
-14612
-26944
-32596
-30164
-20247
-5304
10958
24501
31960
31477
23169
9099
-7236
-21774
-30894
-32323
-25702
-12676
3510
18824
29446
32724
27837
16000
166
-15711
-27666
-32707
-29572
-19041
-3744
12491
25602
32304
30916
21780
7184
-9215
-23305
-31551
-31880
-24205
-10451
5930
20824
30486
32483
26311
13518
-2679
-18204
-29147
-32749
-28098
-16364
-502
15488
27574
32702
29574
18976
3583
-12717
-25806
-32371
-30748
-21345
-6538
9926
23879
31785
31636
23467
9346
-7147
-21830
-30974
-32254
-25342
-11991
4409
19692
29968
32623
26976
14462
-1736
-17495
-28798
-32764
-28377
-16752
-852
15267
27492
32699
29554
18857
3339
-13034
-26077
-32450
-30520
-20777
-5712
10817
24578
32042
31291
22515
7961
-8637
-23021
-31496
-31881
-24075
-10079
6509
21426
30833
32307
25463
12062
-4448
-19815
-30076
-32585
-26689
-13907
2465
18204
29244
32732
27762
15616
-569
-16610
-28356
-32765
-28692
-17189
-1231
15047
27428
32699
29490
18630
2932
-13528
-26478
-32552
-30168
-19943
-4530
12062
25519
32337
30737
21133
6022
-10659
-24565
-32068
-31208
-22206
-7407
9326
23628
31760
31593
23169
8686
-8070
-22719
-31423
-31903
-24028
-9858
6896
21846
31070
32147
24790
10926
-5807
-21019
-30711
-32336
-25461
-11891
4807
20244
30356
32478
26047
12755
-3899
-19528
-30012
-32581
-26556
-13521
3083
18877
29687
32654
26991
14192
-2362
-18294
-29387
-32703
-27360
-14769
1736
17784
29119
32734
27666
15255
-1206
-17349
-28887
-32752
-27913
-15652
771
16993
28695
32761
28105
15962
-434
-16717
-28547
-32765
-28244
-16186
193
16523
28443
32766
28334
16326
-48
-16412
-28387
-32766
-28374
-16382
0
0
0
0
0
0
0
0
0
0
0
0
0
0
0
0
0
0
0
0
0
0
0
0
0
0
0
0
0
0
0
0
0
0
0
0
0
0
0
0
0
0
0
0
0
0
0
0
0
0
0
0
0
0
0
0
0
0
0
0
0
0
0
0
0
0
0
0
0
0
0
0
0
0
0
0
0
0
0
0
0
0
0
0
0
0
0
0
0
0
0
0
0
0
0
0
0
0
0
0
0
0
0
0
0
0
0
0
0
0
0
0
0
0
0
0
0
0
0
0
0
0
0
0
0
0
0
0
0
0
0
0
0
0
0
0
0
0
0
0
0
0
0
0
0
0
0
0
0
0
0
0
0
0
0
0
0
0
0
0
0
0
0
0
0
0
0
0
0
0
0
0
0
0
0
0
0
0
0
0
0
0
0
0
0
0
0
0
0
0
0
0
0
0
0
0
0
0
0
0
0
0
0
0
0
0
0
0
0
0
0
0
0
0
0
0
0
0
0
0
0
0
0
0
0
0
0
0
0
0
0
0
0
0
0
0
0
0
0
0
0
0
0
0
0
0
0
0
0
0
0
0
0
0
0
0
0
0
0
0
0
0
0
0
0
0
0
0
0
0
0
0
0
0
0
0
0
0
0
0
0
0
0
0
0
0
0
0
0
0
0
0
0
0
0
0
0
0
0
0
0
0
0
0
0
0
0
0
0
0
0
0
0
0
0
0
0
0
0
0
0
0
0
0
0
0
0
0
0
0
0
0
0
0
0
0
0
0
0
0
0
0
0
0
0
0
0
0
0
0
0
0
0
0
0
0
0
0
0
0
0
0
0
0
0
0
0
0
0
0
0
0
0
0
0
0
0
0
0
0
0
0
0
0
0
0
0
0
0
0
0
0
0
0
0
0
0
0
0
0
0
0
0
0
0
0
0
0
0
0
0
0
0
0
0
0
0
0
0
0
0
0
0
0
0
0
0
0
0
0
0
0
0
0
0
0
0
0
0
0
0
0
0
0
0
0
0
0
0
0
0
0
0
0
0
0
0
0
0
0
0
0
0
0
0
0
0
0
0
0
0
0
0
0
0
0
0
0
0
0
0
0
0
0
0
0
0
0
0
0
0
0
0
0
0
0
0
0
0
0
0
0
0
0
0
0
0
0
0
0
0
0
0
0
0
0
0
0
0
0
0
0
0
0
0
0
0
0
0
0
0
0
0
0
0
0
0
0
0
0
0
0
0
0
0
0
0
0
0
0
0
0
0
0
0
0
0
0
0
0
0
0
0
0
0
0
0
0
0
0
0
0
0
0
0
0
0
0
0
0
0
0
0
0
0
0
0
0
0
0
0
0
0
0
0
0
0
0
0
0
0
0
0
0
0
0
0
0
0
0
0
0
0
0
0
0
0
0
0
0
0
0
0
0
0
0
0
0
0
0
0
0
0
0
0
0
0
0
0
0
0
0
0
0
0
0
0
0
0
0
0
0
0
0
0
0
0
0
0
0
0
0
0
0
0
0
0
0
0
0
0
0
0
0
0
0
0
0
0
0
0
0
0
0
0
0
0
0
0
0
0
0
0
0
0
0
0
0
0
0
0
0
0
0
0
0
0
0
0
0
0
0
0
0
0
0
0
0
0
0
0
0
0
0
0
0
0
0
0
0
0
0
0
0
0
0
0
0
0
0
0
0
0
0
0
0
0
0
0
0
0
0
0
0
0
0
0
0
0
0
0
0
0
0
0
0
0
0
0
0
0
0
0
0
0
0
0
0
0
0
0
0
0
0
0
0
0
0
0
0
0
0
0
0
0
0
0
0
0
0
0
0
0
0
0
0
0
0
0
0
0
0
0
0
0
0
0
0
0
0
0
0
0
0
0
0
0
0
0
0
0
0
0
0
0
0
0
0
0
0
0
0
0
0
0
0
0
0
0
0
0
0
0
0
0
0
0
0
0
0
0
0
0
0
0
0
0
0
0
0
0
0
0
0
0
0
0
0
0
0
0
0
0
0
0
0
0
0
0
0
0
0
0
0
0
0
0
0
0
0
0
0
0
0
0
0
0
0
0
0
0
0
0
0
0
0
0
0
0
0
0
0
0
0
0
0
0
0
0
0
0
0
0
0
0
0
0
0
0
0
0
0
0
0
0
0
0
0
0
0
0
0
0
0
0
0
0
0
0
0
21844
21374
19985
17736
14724
11079
6957
2535
-1996
-6442
-10611
-14326
-17425
-19776
-21279
-21867
-21517
-20243
-18100
-15181
-11609
-7539
-3146
1383
5854
10075
13866
17064
19533
21167
21898
21693
20562
18555
15756
12286
8293
3948
-564
-5051
-9322
-13196
-16508
-19119
-20917
-21828
-21814
-20877
-19058
-16436
-13121
-9257
-5006
-550
3923
8225
12174
15605
18375
20368
21503
21735
21055
19497
17126
14047
10389
6308
1976
-2423
-6707
-10698
-14230
-17157
-19361
-20753
-21278
-20921
-19699
-17669
-14920
-11568
-7758
-3648
587
4774
8739
12320
15371
17772
19428
20277
20290
19473
17868
15546
12609
9184
5416
1461
-2516
-6354
-9896
-13002
-15549
-17440
-18606
-19007
-18637
-17520
-15710
-13291
-10368
-7065
-3523
112
3693
7075
10127
12729
14783
16218
16984
17062
16462
15218
13393
11070
8351
5352
2198
-981
-4060
-6919
-9448
-11553
-13162
-14222
-14704
-14601
-13933
-12739
-11080
-9032
-6687
-4143
-1506
1119
3630
5933
7944
9595
10832
11621
11945
11809
11231
10251
8918
7297
5461
3486
1452
-559
-2477
-4230
-5762
-7024
-7982
-8613
-8910
-8877
-8532
-7902
-7025
-5944
-4709
-3372
-1986
-601
733
1977
3092
4050
4829
5414
5801
5990
5989
5812
5477
5004
4418
3742
3001
2220
1420
621
-157
-902
-1599
-2238
-2810
-3308
-3726
-4060
-4307
-4461
-4522
-4485
-4349
-4112
-3776
-3340
-2810
-2190
-1490
-722
98
954
1823
2680
3500
4254
4915
5455
5848
6074
6112
5952
5586
5017
4252
3308
2210
989
-315
-1661
-3000
-4283
-5461
-6484
-7309
-7896
-8216
-8245
-7973
-7399
-6535
-5404
-4041
-2490
-805
952
2718
4425
6007
7398
8542
9388
9897
10043
9813
9206
8241
6946
5367
3559
1588
-471
-2542
-4545
-6400
-8034
-9382
-10388
-11009
-11217
-10999
-10361
-9322
-7921
-6207
-4245
-2109
118
2354
4510
6504
8257
9702
10782
11454
11691
11485
10842
9787
8361
6619
4628
2465
213
-2040
-4210
-6212
-7972
-9422
-10509
-11195
-11454
-11280
-10684
-9690
-8341
-6690
-4803
-2754
-622
1510
3563
5461
7132
8518
9570
10254
10549
10449
9966
9123
7958
6521
4868
3066
1185
-704
-2533
-4235
-5749
-7025
-8022
-8709
-9070
-9099
-8804
-8204
-7328
-6216
-4913
-3472
-1947
-395
1127
2570
3885
5031
5973
6686
7154
7370
7335
7060
6563
5867
5005
4008
2916
1766
597
-554
-1653
-2668
-3571
-4342
-4961
-5417
-5703
-5817
-5763
-5547
-5181
-4680
-4060
-3340
-2542
-1687
-798
102
994
1853
2660
3396
4042
4584
5005
5296
5447
5452
5307
5013
4574
3997
3295
2481
1575
601
-417
-1450
-2469
-3442
-4337
-5123
-5772
-6257
-6557
-6654
-6538
-6204
-5655
-4901
-3960
-2858
-1626
-303
1068
2442
3770
5004
6096
7004
7689
8119
8273
8136
7705
6988
6004
4781
3358
1784
111
-1599
-3286
-4886
-6337
-7582
-8572
-9264
-9627
-9640
-9298
-8608
-7589
-6274
-4709
-2949
-1058
895
2839
4698
6401
7884
9086
9961
10471
10595
10323
9664
8640
7286
5651
3797
1793
-287
-2364
-4360
-6199
-7809
-9131
-10113
-10718
-10922
-10718
-10113
-9131
-7809
-6199
-4360
-2364
-287
1793
3797
5651
7286
8640
9664
10323
10595
10471
9961
9086
7884
6401
4698
2839
895
-1058
-2949
-4709
-6274
-7589
-8608
-9298
-9640
-9627
-9264
-8572
-7582
-6337
-4886
-3286
-1599
111
1784
3358
4781
6004
6988
7705
8136
8273
8119
7689
7004
6096
5004
3770
2442
1068
-303
-1626
-2858
-3960
-4901
-5655
-6204
-6538
-6654
-6557
-6257
-5772
-5123
-4337
-3442
-2469
-1450
-417
601
1575
2481
3295
3997
4574
5013
5307
5452
5447
5296
5005
4584
4042
3396
2660
1853
994
102
-798
-1687
-2542
-3340
-4060
-4680
-5181
-5547
-5763
-5817
-5703
-5417
-4961
-4342
-3571
-2668
-1653
-554
597
1766
2916
4008
5005
5867
6563
7060
7335
7370
7154
6686
5973
5031
3885
2570
1127
-395
-1947
-3472
-4913
-6216
-7328
-8204
-8804
-9099
-9070
-8709
-8022
-7025
-5749
-4235
-2533
-704
1185
3066
4868
6521
7958
9123
9966
10449
10549
10254
9570
8518
7132
5461
3563
1510
-622
-2754
-4803
-6690
-8341
-9690
-10684
-11280
-11454
-11195
-10509
-9422
-7972
-6212
-4210
-2040
213
2465
4628
6619
8361
9787
10842
11485
11691
11454
10782
9702
8257
6504
4510
2354
118
-2109
-4245
-6207
-7921
-9322
-10361
-10999
-11217
-11009
-10388
-9382
-8034
-6400
-4545
-2542
-471
1588
3559
5367
6946
8241
9206
9813
10043
9897
9388
8542
7398
6007
4425
2718
952
-805
-2490
-4041
-5404
-6535
-7399
-7973
-8245
-8216
-7896
-7309
-6484
-5461
-4283
-3000
-1661
-315
989
2210
3308
4252
5017
5586
5952
6112
6074
5848
5455
4915
4254
3500
2680
1823
954
98
-722
-1490
-2190
-2810
-3340
-3776
-4112
-4349
-4485
-4522
-4461
-4307
-4060
-3726
-3308
-2810
-2238
-1599
-902
-157
621
1420
2220
3001
3742
4418
5004
5477
5812
5989
5990
5801
5414
4829
4050
3092
1977
733
-601
-1986
-3372
-4709
-5944
-7025
-7902
-8532
-8877
-8910
-8613
-7982
-7024
-5762
-4230
-2477
-559
1452
3486
5461
7297
8918
10251
11231
11809
11945
11621
10832
9595
7944
5933
3630
1119
-1506
-4143
-6687
-9032
-11080
-12739
-13933
-14601
-14704
-14222
-13162
-11553
-9448
-6919
-4060
-981
2198
5352
8351
11070
13393
15218
16462
17062
16984
16218
14783
12729
10127
7075
3693
112
-3523
-7065
-10368
-13291
-15710
-17520
-18637
-19007
-18606
-17440
-15549
-13002
-9896
-6354
-2516
1461
5416
9184
12609
15546
17868
19473
20290
20277
19428
17772
15371
12320
8739
4774
587
-3648
-7758
-11568
-14920
-17669
-19699
-20921
-21278
-20753
-19361
-17157
-14230
-10698
-6707
-2423
1976
6308
10389
14047
17126
19497
21055
21735
21503
20368
18375
15605
12174
8225
3923
-550
-5006
-9257
-13121
-16436
-19058
-20877
-21814
-21828
-20917
-19119
-16508
-13196
-9322
-5051
-564
3948
8293
12286
15756
18555
20562
21693
21898
21167
19533
17064
13866
10075
5854
1383
-3146
-7539
-11609
-15181
-18100
-20243
-21517
-21867
-21279
-19776
-17425
-14326
-10611
-6442
-1996
2535
6957
11079
14724
17736
19985
21374
0
0
0
0
0
0
0
0
0
0
0
0
0
0
0
0
0
0
0
0
0
0
0
0
0
0
0
0
0
0
0
0
0
0
0
0
0
0
0
0
0
0
0
0
0
0
0
0
0
0
0
0
0
0
0
0
0
0
0
0
0
0
0
0
0
0
0
-10922
-10675
-9946
-8768
-7195
-5298
-3163
-887
1425
3671
5748
7561
9028
10085
10682
10794
10416
9567
8285
6631
4680
2521
255
-2015
-4187
-6161
-7847
-9169
-10066
-10499
-10449
-9919
-8935
-7543
-5808
-3811
-1645
589
2790
4855
6688
8205
9336
10029
10253
9997
9275
8119
6585
4744
2682
495
-1712
-3839
-5785
-7458
-8780
-9687
-10138
-10109
-9600
-8635
-7257
-5530
-3534
-1362
883
3099
5179
7025
8549
9676
10352
10541
10232
9434
8182
6531
4555
2344
0
-2369
-4653
-6745
-8543
-9962
-10931
-11400
-11342
-10754
-9656
-8094
-6134
-3861
-1377
1206
3773
6204
8387
10218
11609
12492
12818
12566
11739
10367
8505
6229
3637
840
-2037
-4870
-7529
-9894
-11855
-13320
-14218
-14499
-14145
-13162
-11584
-9475
-6919
-4022
-907
2291
5436
8389
11021
13211
14861
15892
16252
15919
14898
13226
10967
8212
5073
1680
-1823
-5290
-8572
-11528
-14030
-15966
-17250
-17822
-17650
-16737
-15113
-12842
-10014
-6743
-3162
580
4329
7929
11227
14086
16383
18020
18924
19054
18402
16988
14870
12129
8877
5245
1381
-2556
-6407
-10013
-13226
-15913
-17963
-19291
-19842
-19591
-18548
-16753
-14279
-11226
-7717
-3893
89
4072
7893
11399
14449
16920
18715
19762
20021
19483
18172
16142
13475
10281
6688
2841
-1106
-4997
-8677
-12002
-14841
-17085
-18649
-19474
-19533
-18827
-17390
-15283
-12594
-9431
-5921
-2206
1568
5254
8709
11802
14413
16448
17832
18518
18487
17748
16335
14312
11762
8789
5513
2062
-1429
-4828
-8006
-10844
-13239
-15107
-16383
-17028
-17025
-16386
-15142
-13349
-11083
-8436
-5513
-2426
705
3766
6643
9234
11447
13206
14457
15160
15301
14883
13933
12494
10627
8407
5921
3264
534
-2170
-4752
-7123
-9203
-10923
-12229
-13083
-13465
-13369
-12808
-11811
-10419
-8690
-6688
-4488
-2168
189
2505
4699
6701
8446
9879
10958
11652
11945
11833
11326
10446
9228
7717
5966
4036
1992
-97
-2164
-4140
-5964
-7575
-8925
-9971
-10682
-11036
-11025
-10650
-9926
-8877
-7539
-5955
-4178
-2266
-281
1711
3646
5461
7094
8493
9609
10406
10855
10941
10658
10014
9029
7734
6171
4391
2453
422
-1632
-3642
-5537
-7250
-8721
-9897
-10736
-11204
-11283
-10967
-10264
-9195
-7796
-6113
-4204
-2136
19
2184
4283
6238
7978
9439
10567
11317
11661
11584
11087
10184
8908
7303
5427
3348
1142
-1109
-3323
-5418
-7315
-8944
-10242
-11161
-11667
-11739
-11376
-10590
-9411
-7884
-6067
-4028
-1845
398
2618
4731
6656
8321
9665
10637
11202
11342
11053
10350
9261
7832
6120
4192
2125
0
-2102
-4101
-5921
-7493
-8760
-9677
-10213
-10352
-10095
-9458
-8471
-7177
-5632
-3899
-2051
-159
1700
3456
5042
6401
7483
8254
8689
8780
8531
7962
7102
5993
4686
3238
1710
165
-1335
-2733
-3977
-5022
-5834
-6388
-6673
-6688
-6442
-5957
-5262
-4394
-3396
-2316
-1201
-98
946
1894
2710
3369
3851
4147
4257
4187
3954
3580
3090
2516
1891
1247
617
28
-493
-929
-1265
-1495
-1618
-1639
-1570
-1425
-1225
-990
-743
-506
-298
-137
-34
0
-34
-137
-298
-506
-743
-990
-1225
-1425
-1570
-1639
-1618
-1495
-1265
-929
-493
28
617
1247
1891
2516
3090
3580
3954
4187
4257
4147
3851
3369
2710
1894
946
-98
-1201
-2316
-3396
-4394
-5262
-5957
-6442
-6688
-6673
-6388
-5834
-5022
-3977
-2733
-1335
165
1710
3238
4686
5993
7102
7962
8531
8780
8689
8254
7483
6401
5042
3456
1700
-159
-2051
-3899
-5632
-7177
-8471
-9458
-10095
-10352
-10213
-9677
-8760
-7493
-5921
-4101
-2102
0
2125
4192
6120
7832
9261
10350
11053
11342
11202
10637
9665
8321
6656
4731
2618
398
-1845
-4028
-6067
-7884
-9411
-10590
-11376
-11739
-11667
-11161
-10242
-8944
-7315
-5418
-3323
-1109
1142
3348
5427
7303
8908
10184
11087
11584
11661
11317
10567
9439
7978
6238
4283
2184
19
-2136
-4204
-6113
-7796
-9195
-10264
-10967
-11283
-11204
-10736
-9897
-8721
-7250
-5537
-3642
-1632
422
2453
4391
6171
7734
9029
10014
10658
10941
10855
10406
9609
8493
7094
5461
3646
1711
-281
-2266
-4178
-5955
-7539
-8877
-9926
-10650
-11025
-11036
-10682
-9971
-8925
-7575
-5964
-4140
-2164
-97
1992
4036
5966
7717
9228
10446
11326
11833
11945
11652
10958
9879
8446
6701
4699
2505
189
-2168
-4488
-6688
-8690
-10419
-11811
-12808
-13369
-13465
-13083
-12229
-10923
-9203
-7123
-4752
-2170
534
3264
5921
8407
10627
12494
13933
14883
15301
15160
14457
13206
11447
9234
6643
3766
705
-2426
-5513
-8436
-11083
-13349
-15142
-16386
-17025
-17028
-16383
-15107
-13239
-10844
-8006
-4828
-1429
2062
5513
8789
11762
14312
16335
17748
18487
18518
17832
16448
14413
11802
8709
5254
1568
-2206
-5921
-9431
-12594
-15283
-17390
-18827
-19533
-19474
-18649
-17085
-14841
-12002
-8677
-4997
-1106
2841
6688
10281
13475
16142
18172
19483
20021
19762
18715
16920
14449
11399
7893
4072
89
-3893
-7717
-11226
-14279
-16753
-18548
-19591
-19842
-19291
-17963
-15913
-13226
-10013
-6407
-2556
1381
5245
8877
12129
14870
16988
18402
19054
18924
18020
16383
14086
11227
7929
4329
580
-3162
-6743
-10014
-12842
-15113
-16737
-17650
-17822
-17250
-15966
-14030
-11528
-8572
-5290
-1823
1680
5073
8212
10967
13226
14898
15919
16252
15892
14861
13211
11021
8389
5436
2291
-907
-4022
-6919
-9475
-11584
-13162
-14145
-14499
-14218
-13320
-11855
-9894
-7529
-4870
-2037
840
3637
6229
8505
10367
11739
12566
12818
12492
11609
10218
8387
6204
3773
1206
-1377
-3861
-6134
-8094
-9656
-10754
-11342
-11400
-10931
-9962
-8543
-6745
-4653
-2369
0
2344
4555
6531
8182
9434
10232
10541
10352
9676
8549
7025
5179
3099
883
-1362
-3534
-5530
-7257
-8635
-9600
-10109
-10138
-9687
-8780
-7458
-5785
-3839
-1712
495
2682
4744
6585
8119
9275
9997
10253
10029
9336
8205
6688
4855
2790
589
-1645
-3811
-5808
-7543
-8935
-9919
-10449
-10499
-10066
-9169
-7847
-6161
-4187
-2015
255
2521
4680
6631
8285
9567
10416
10794
10682
10085
9028
7561
5748
3671
1425
-887
-3163
-5298
-7195
-8768
-9946
-10675
0
0
0
0
0
0
0
0
0
0
0
0
0
0
0
0
0
0
0
0
0
0
0
0
0
0
0
0
0
0
0
0
0
0
0
0
0
0
0
0
0
0
0
0
0
0
0
0
0
0
0
0
0
0
0
0
0
0
0
0
0
0
0
0
0
0
0
0
-19
-78
-170
-291
-431
-580
-726
-859
-964
-1032
-1053
-1019
-924
-766
-545
-267
62
431
828
1235
1635
2009
2338
2604
2789
2878
2860
2726
2474
2104
1623
1042
379
-344
-1106
-1876
-2624
-3318
-3929
-4426
-4783
-4977
-4992
-4817
-4447
-3887
-3148
-2251
-1221
-91
1096
2301
3477
4575
5549
6356
6957
7318
7415
7232
6765
6020
5013
3773
2339
759
-911
-2611
-4276
-5838
-7233
-8401
-9287
-9848
-10049
-9871
-9306
-8365
-7070
-5461
-3589
-1521
669
2902
5090
7146
8986
10532
11715
12478
12778
12592
11914
10755
9150
7148
4818
2243
-481
-3254
-5967
-8512
-10785
-12691
-14146
-15083
-15453
-15230
-14409
-13010
-11076
-8671
-5880
-2806
436
3723
6925
9915
12571
14783
16456
17515
17906
17605
16610
14950
12679
9879
6650
3115
-592
-4329
-7946
-11301
-14257
-16692
-18503
-19612
-19964
-19538
-18341
-16412
-13818
-10655
-7041
-3115
970
5057
8982
12589
15732
18283
20137
21214
21465
20875
19459
17270
14388
10922
7006
2794
-1550
-5856
-9951
-13674
-16874
-19422
-21215
-22179
-22273
-21491
-19859
-17442
-14334
-10655
-6550
-2183
2274
6644
10755
14443
17560
19984
21619
22399
22295
21312
19490
16904
13656
9879
5723
1354
-3052
-7321
-11284
-14784
-17685
-19872
-21264
-21808
-21488
-20322
-18360
-15686
-12411
-8671
-4616
-411
3774
7774
11432
14604
17168
19028
20117
20399
19871
18563
16536
13879
10705
7148
3355
-520
-4322
-7899
-11112
-13837
-15973
-17442
-18198
-18220
-17521
-16139
-14142
-11620
-8685
-5461
-2082
1310
4584
7607
10265
12457
14107
15159
15585
15382
14574
13206
11348
9087
6525
3773
947
-1836
-4467
-6842
-8872
-10487
-11633
-12278
-12412
-12047
-11214
-9962
-8358
-6479
-4413
-2251
-84
1996
3910
5586
6963
7999
8665
8950
8861
8419
7660
6631
5391
4001
2529
1042
-394
-1724
-2895
-3868
-4613
-5112
-5361
-5367
-5148
-4730
-4149
-3445
-2662
-1843
-1032
-267
417
995
1447
1763
1941
1988
1918
1749
1508
1221
917
624
368
168
42
0
42
167
362
611
892
1181
1450
1672
1821
1876
1819
1640
1333
904
364
-267
-964
-1693
-2420
-3104
-3707
-4191
-4523
-4674
-4624
-4362
-3885
-3204
-2336
-1312
-170
1042
2276
3474
4581
5543
6310
6839
7097
7060
6720
6079
5155
3979
2592
1049
-588
-2251
-3868
-5368
-6682
-7748
-8515
-8940
-8997
-8675
-7980
-6931
-5568
-3942
-2117
-168
1823
3773
5597
7215
8553
9550
10159
10347
10100
9423
8339
6889
5131
3137
988
-1222
-3404
-5461
-7304
-8853
-10038
-10806
-11120
-10963
-10339
-9271
-7802
-5993
-3919
-1668
662
2975
5168
7148
8828
10134
11008
11412
11326
10753
9716
8260
6445
4351
2068
-304
-2664
-4909
-6941
-8671
-10023
-10938
-11376
-11318
-10767
-9746
-8301
-6495
-4408
-2131
235
2586
4820
6836
8548
9879
10771
11185
11104
10532
9494
8038
6228
4145
1883
-457
-2773
-4960
-6922
-8571
-9834
-10655
-10997
-10848
-10212
-9120
-7620
-5781
-3684
-1424
897
3176
5311
7206
8776
9950
10676
10922
10676
9950
8776
7206
5311
3176
897
-1424
-3684
-5781
-7620
-9120
-10212
-10848
-10997
-10655
-9834
-8571
-6922
-4960
-2773
-457
1883
4145
6228
8038
9494
10532
11104
11185
10771
9879
8548
6836
4820
2586
235
-2131
-4408
-6495
-8301
-9746
-10767
-11318
-11376
-10938
-10023
-8671
-6941
-4909
-2664
-304
2068
4351
6445
8260
9716
10753
11326
11412
11008
10134
8828
7148
5168
2975
662
-1668
-3919
-5993
-7802
-9271
-10339
-10963
-11120
-10806
-10038
-8853
-7304
-5461
-3404
-1222
988
3137
5131
6889
8339
9423
10100
10347
10159
9550
8553
7215
5597
3773
1823
-168
-2117
-3942
-5568
-6931
-7980
-8675
-8997
-8940
-8515
-7748
-6682
-5368
-3868
-2251
-588
1049
2592
3979
5155
6079
6720
7060
7097
6839
6310
5543
4581
3474
2276
1042
-170
-1312
-2336
-3204
-3885
-4362
-4624
-4674
-4523
-4191
-3707
-3104
-2420
-1693
-964
-267
364
904
1333
1640
1819
1876
1821
1672
1450
1181
892
611
362
167
42
0
42
168
368
624
917
1221
1508
1749
1918
1988
1941
1763
1447
995
417
-267
-1032
-1843
-2662
-3445
-4149
-4730
-5148
-5367
-5361
-5112
-4613
-3868
-2895
-1724
-394
1042
2529
4001
5391
6631
7660
8419
8861
8950
8665
7999
6963
5586
3910
1996
-84
-2251
-4413
-6479
-8358
-9962
-11214
-12047
-12412
-12278
-11633
-10487
-8872
-6842
-4467
-1836
947
3773
6525
9087
11348
13206
14574
15382
15585
15159
14107
12457
10265
7607
4584
1310
-2082
-5461
-8685
-11620
-14142
-16139
-17521
-18220
-18198
-17442
-15973
-13837
-11112
-7899
-4322
-520
3355
7148
10705
13879
16536
18563
19871
20399
20117
19028
17168
14604
11432
7774
3774
-411
-4616
-8671
-12411
-15686
-18360
-20322
-21488
-21808
-21264
-19872
-17685
-14784
-11284
-7321
-3052
1354
5723
9879
13656
16904
19490
21312
22295
22399
21619
19984
17560
14443
10755
6644
2274
-2183
-6550
-10655
-14334
-17442
-19859
-21491
-22273
-22179
-21215
-19422
-16874
-13674
-9951
-5856
-1550
2794
7006
10922
14388
17270
19459
20875
21465
21214
20137
18283
15732
12589
8982
5057
970
-3115
-7041
-10655
-13818
-16412
-18341
-19538
-19964
-19612
-18503
-16692
-14257
-11301
-7946
-4329
-592
3115
6650
9879
12679
14950
16610
17605
17906
17515
16456
14783
12571
9915
6925
3723
436
-2806
-5880
-8671
-11076
-13010
-14409
-15230
-15453
-15083
-14146
-12691
-10785
-8512
-5967
-3254
-481
2243
4818
7148
9150
10755
11914
12592
12778
12478
11715
10532
8986
7146
5090
2902
669
-1521
-3589
-5461
-7070
-8365
-9306
-9871
-10049
-9848
-9287
-8401
-7233
-5838
-4276
-2611
-911
759
2339
3773
5013
6020
6765
7232
7415
7318
6957
6356
5549
4575
3477
2301
1096
-91
-1221
-2251
-3148
-3887
-4447
-4817
-4992
-4977
-4783
-4426
-3929
-3318
-2624
-1876
-1106
-344
379
1042
1623
2104
2474
2726
2860
2878
2789
2604
2338
2009
1635
1235
828
431
62
-267
-545
-766
-924
-1019
-1053
-1032
-964
-859
-726
-580
-431
-291
-170
-78
-19
0
0
0
0
0
0
0
0
0
0
0
0
0
0
0
0
0
0
0
0
0
0
0
0
0
0
0
0
0
0
0
0
0
0
0
0
0
0
0
0
0
0
0
0
0
0
0
0
0
0
0
0
0
0
0
0
0
0
0
0
0
0
0
0
0
0
0
21844
21445
20263
18340
15748
12579
8951
4994
854
-3318
-7370
-11155
-14532
-17380
-19592
-21088
-21813
-21739
-20868
-19231
-16889
-13925
-10448
-6586
-2479
1721
5860
9787
13355
16434
18909
20688
21704
21920
21327
19944
17824
15043
11704
7930
3861
-351
-4553
-8585
-12299
-15556
-18233
-20231
-21475
-21917
-21541
-20360
-18418
-15789
-12570
-8883
-4865
-669
3547
7625
11412
14764
17555
19681
21060
21641
21404
20359
18546
16035
12923
9330
5393
1264
-2900
-6940
-10702
-14043
-16835
-18975
-20381
-21002
-20819
-19839
-18105
-15687
-12680
-9203
-5393
-1399
2624
6520
10140
13345
16012
18042
19360
19919
19703
18727
17033
14693
11805
8484
4865
1093
-2684
-6318
-9667
-12603
-15014
-16811
-17929
-18332
-18012
-16989
-15312
-13056
-10316
-7209
-3861
-409
3006
6253
9202
11740
13771
15223
16046
16216
15737
14640
12979
10830
8289
5466
2479
-546
-3487
-6225
-8654
-10679
-12227
-13244
-13699
-13587
-12924
-11749
-10124
-8126
-5846
-3386
-854
1643
4003
6128
7937
9360
10349
10873
10922
10508
9663
8434
6887
5097
3150
1136
-854
-2735
-4428
-5862
-6982
-7749
-8139
-8148
-7789
-7089
-6092
-4856
-3445
-1932
-392
1101
2479
3678
4647
5345
5747
5844
5639
5153
4418
3479
2390
1211
6
-1160
-2229
-3145
-3861
-4343
-4569
-4528
-4227
-3683
-2929
-2005
-963
139
1243
2288
3216
3975
4523
4826
4865
4634
4138
3401
2455
1345
126
-1141
-2393
-3565
-4595
-5427
-6014
-6319
-6321
-6010
-5393
-4492
-3343
-1993
-503
1059
2623
4114
5461
6595
7460
8008
8205
8035
7497
6605
5393
3909
2213
377
-1519
-3392
-5157
-6735
-8051
-9043
-9659
-9868
-9652
-9013
-7974
-6573
-4865
-2922
-822
1342
3481
5500
7311
8833
9997
10750
11054
10892
10267
9200
7735
5931
3861
1613
-718
-3034
-5237
-7231
-8931
-10263
-11168
-11607
-11560
-11026
-10028
-8608
-6823
-4751
-2479
-102
2276
4558
6644
8449
9894
10919
11483
11562
11156
10282
8980
7307
5337
3154
854
-1465
-3706
-5772
-7576
-9045
-10117
-10750
-10922
-10629
-9888
-8736
-7226
-5428
-3422
-1296
854
2938
4865
6555
7937
8954
9570
9761
9527
8885
7868
6528
4928
3145
1259
-643
-2479
-4166
-5633
-6817
-7672
-8165
-8281
-8022
-7407
-6471
-5264
-3846
-2287
-661
954
2485
3861
5022
5918
6511
6780
6719
6337
5659
4724
3580
2289
915
-471
-1805
-3018
-4055
-4865
-5413
-5673
-5638
-5312
-4715
-3880
-2853
-1687
-443
815
2022
3117
4044
4754
5212
5393
5288
4901
4251
3369
2301
1098
-178
-1463
-2691
-3800
-4730
-5433
-5870
-6014
-5854
-5393
-4650
-3655
-2454
-1102
336
1793
3197
4479
5574
6427
6990
7232
7135
6696
5930
4865
3548
2034
390
-1308
-2985
-4561
-5961
-7119
-7977
-8489
-8627
-8378
-7746
-6754
-5441
-3861
-2081
-178
1764
3661
5426
6979
8248
9173
9709
9827
9517
8788
7667
6199
4445
2479
385
-1746
-3823
-5754
-7454
-8846
-9869
-10476
-10636
-10342
-9602
-8446
-6923
-5097
-3044
-854
1380
3562
5598
7400
8889
10002
10689
10922
10689
10002
8889
7400
5598
3562
1380
-854
-3044
-5097
-6923
-8446
-9602
-10342
-10636
-10476
-9869
-8846
-7454
-5754
-3823
-1746
385
2479
4445
6199
7667
8788
9517
9827
9709
9173
8248
6979
5426
3661
1764
-178
-2081
-3861
-5441
-6754
-7746
-8378
-8627
-8489
-7977
-7119
-5961
-4561
-2985
-1308
390
2034
3548
4865
5930
6696
7135
7232
6990
6427
5574
4479
3197
1793
336
-1102
-2454
-3655
-4650
-5393
-5854
-6014
-5870
-5433
-4730
-3800
-2691
-1463
-178
1098
2301
3369
4251
4901
5288
5393
5212
4754
4044
3117
2022
815
-443
-1687
-2853
-3880
-4715
-5312
-5638
-5673
-5413
-4865
-4055
-3018
-1805
-471
915
2289
3580
4724
5659
6337
6719
6780
6511
5918
5022
3861
2485
954
-661
-2287
-3846
-5264
-6471
-7407
-8022
-8281
-8165
-7672
-6817
-5633
-4166
-2479
-643
1259
3145
4928
6528
7868
8885
9527
9761
9570
8954
7937
6555
4865
2938
854
-1296
-3422
-5428
-7226
-8736
-9888
-10629
-10922
-10750
-10117
-9045
-7576
-5772
-3706
-1465
854
3154
5337
7307
8980
10282
11156
11562
11483
10919
9894
8449
6644
4558
2276
-102
-2479
-4751
-6823
-8608
-10028
-11026
-11560
-11607
-11168
-10263
-8931
-7231
-5237
-3034
-718
1613
3861
5931
7735
9200
10267
10892
11054
10750
9997
8833
7311
5500
3481
1342
-822
-2922
-4865
-6573
-7974
-9013
-9652
-9868
-9659
-9043
-8051
-6735
-5157
-3392
-1519
377
2213
3909
5393
6605
7497
8035
8205
8008
7460
6595
5461
4114
2623
1059
-503
-1993
-3343
-4492
-5393
-6010
-6321
-6319
-6014
-5427
-4595
-3565
-2393
-1141
126
1345
2455
3401
4138
4634
4865
4826
4523
3975
3216
2288
1243
139
-963
-2005
-2929
-3683
-4227
-4528
-4569
-4343
-3861
-3145
-2229
-1160
6
1211
2390
3479
4418
5153
5639
5844
5747
5345
4647
3678
2479
1101
-392
-1932
-3445
-4856
-6092
-7089
-7789
-8148
-8139
-7749
-6982
-5862
-4428
-2735
-854
1136
3150
5097
6887
8434
9663
10508
10922
10873
10349
9360
7937
6128
4003
1643
-854
-3386
-5846
-8126
-10124
-11749
-12924
-13587
-13699
-13244
-12227
-10679
-8654
-6225
-3487
-546
2479
5466
8289
10830
12979
14640
15737
16216
16046
15223
13771
11740
9202
6253
3006
-409
-3861
-7209
-10316
-13056
-15312
-16989
-18012
-18332
-17929
-16811
-15014
-12603
-9667
-6318
-2684
1093
4865
8484
11805
14693
17033
18727
19703
19919
19360
18042
16012
13345
10140
6520
2624
-1399
-5393
-9203
-12680
-15687
-18105
-19839
-20819
-21002
-20381
-18975
-16835
-14043
-10702
-6940
-2900
1264
5393
9330
12923
16035
18546
20359
21404
21641
21060
19681
17555
14764
11412
7625
3547
-669
-4865
-8883
-12570
-15789
-18418
-20360
-21541
-21917
-21475
-20231
-18233
-15556
-12299
-8585
-4553
-351
3861
7930
11704
15043
17824
19944
21327
21920
21704
20688
18909
16434
13355
9787
5860
1721
-2479
-6586
-10448
-13925
-16889
-19231
-20868
-21739
-21813
-21088
-19592
-17380
-14532
-11155
-7370
-3318
854
4994
8951
12579
15748
18340
20263
21445
0
0
0
0
0
0
0
0
0
0
0
0
0
0
0
0
0
0
0
0
0
0
0
0
0
0
0
0
0
0
0
0
0
0
0
0
0
0
0
0
0
0
0
0
0
0
0
0
0
0
0
0
0
0
0
0
0
0
0
0
0
0
0
0
0
0
0
-10922
-10648
-9840
-8537
-6801
-4717
-2384
83
2567
4945
7101
8927
10332
11243
11612
11415
10655
9360
7588
5417
2944
284
-2438
-5096
-7563
-9718
-11455
-12687
-13347
-13394
-12816
-11630
-9879
-7635
-4991
-2064
1019
4120
7099
9818
12149
13982
15225
15812
15705
14899
13417
11313
8671
5598
2222
-1311
-4851
-8243
-11337
-13992
-16088
-17525
-18232
-18167
-17323
-15726
-13434
-10536
-7148
-3410
524
4490
8318
11846
14919
17404
19188
20191
20360
19682
18176
15899
12938
9411
5461
1249
-3051
-7262
-11207
-14722
-17658
-19890
-21320
-21886
-21559
-20348
-18299
-15492
-12039
-8079
-3773
703
5170
9442
13345
16719
19426
21354
22423
22589
21845
20220
17780
14624
10880
6699
2251
-2284
-6723
-10888
-14611
-17744
-20162
-21770
-22507
-22345
-21295
-19403
-16748
-13439
-9613
-5424
-1042
3356
7597
11512
14949
17774
19879
21186
21651
21261
20040
18044
15359
12096
8391
4395
267
-3828
-7731
-11290
-14370
-16855
-18657
-19713
-19992
-19494
-18249
-16316
-13781
-10751
-7351
-3719
0
3661
7124
10259
12949
15100
16639
17517
17713
17234
16111
14400
12178
9540
6596
3464
267
-2872
-5837
-8519
-10824
-12675
-14014
-14802
-15026
-14689
-13821
-12468
-10692
-8570
-6191
-3649
-1042
1531
3982
6222
8178
9788
11004
11796
12149
12065
11561
10669
9433
7908
6156
4247
2251
239
-1718
-3559
-5225
-6666
-7842
-8725
-9297
-9549
-9485
-9118
-8472
-7575
-6464
-5182
-3773
-2284
-763
743
2192
3542
4755
5802
6655
7295
7708
7888
7833
7549
7047
6344
5461
4423
3261
2008
697
-632
-1945
-3203
-4371
-5414
-6301
-7003
-7499
-7770
-7804
-7596
-7148
-6470
-5577
-4493
-3248
-1879
-426
1064
2546
3969
5285
6447
7412
8144
8610
8790
8671
8249
7533
6541
5302
3855
2248
533
-1227
-2972
-4639
-6164
-7488
-8561
-9338
-9784
-9879
-9612
-8988
-8024
-6752
-5214
-3464
-1567
409
2390
4301
6069
7625
8907
9864
10455
10655
10452
9851
8871
7549
5931
4079
2062
-41
-2151
-4186
-6066
-7718
-9076
-10087
-10711
-10922
-10711
-10086
-9070
-7704
-6041
-4146
-2093
36
2159
4191
6053
7672
8985
9942
10505
10655
10387
9714
8665
7284
5627
3763
1765
-283
-2304
-4215
-5941
-7416
-8583
-9400
-9836
-9879
-9531
-8811
-7752
-6400
-4813
-3059
-1208
662
2478
4167
5663
6909
7859
8480
8752
8671
8245
7498
6467
5199
3748
2178
554
-1055
-2588
-3981
-5183
-6148
-6843
-7245
-7346
-7148
-6668
-5931
-4974
-3843
-2589
-1265
70
1364
2564
3622
4501
5168
5603
5795
5744
5461
4963
4280
3446
2500
1487
451
-563
-1516
-2368
-3088
-3650
-4037
-4241
-4258
-4098
-3773
-3305
-2720
-2048
-1321
-574
160
851
1471
1997
2409
2697
2854
2879
2779
2564
2251
1858
1408
924
430
-51
-500
-897
-1227
-1480
-1649
-1731
-1729
-1649
-1500
-1293
-1042
-764
-473
-184
88
332
539
700
812
874
886
853
780
677
550
411
267
128
1
-106
-192
-252
-287
-296
-284
-254
-211
-162
-112
-67
-31
-8
0
-8
-31
-67
-112
-162
-211
-254
-284
-296
-287
-252
-192
-106
1
128
267
411
550
677
780
853
886
874
812
700
539
332
88
-184
-473
-764
-1042
-1293
-1500
-1649
-1729
-1731
-1649
-1480
-1227
-897
-500
-51
430
924
1408
1858
2251
2564
2779
2879
2854
2697
2409
1997
1471
851
160
-574
-1321
-2048
-2720
-3305
-3773
-4098
-4258
-4241
-4037
-3650
-3088
-2368
-1516
-563
451
1487
2500
3446
4280
4963
5461
5744
5795
5603
5168
4501
3622
2564
1364
70
-1265
-2589
-3843
-4974
-5931
-6668
-7148
-7346
-7245
-6843
-6148
-5183
-3981
-2588
-1055
554
2178
3748
5199
6467
7498
8245
8671
8752
8480
7859
6909
5663
4167
2478
662
-1208
-3059
-4813
-6400
-7752
-8811
-9531
-9879
-9836
-9400
-8583
-7416
-5941
-4215
-2304
-283
1765
3763
5627
7284
8665
9714
10387
10655
10505
9942
8985
7672
6053
4191
2159
36
-2093
-4146
-6041
-7704
-9070
-10086
-10711
-10922
-10711
-10087
-9076
-7718
-6066
-4186
-2151
-41
2062
4079
5931
7549
8871
9851
10452
10655
10455
9864
8907
7625
6069
4301
2390
409
-1567
-3464
-5214
-6752
-8024
-8988
-9612
-9879
-9784
-9338
-8561
-7488
-6164
-4639
-2972
-1227
533
2248
3855
5302
6541
7533
8249
8671
8790
8610
8144
7412
6447
5285
3969
2546
1064
-426
-1879
-3248
-4493
-5577
-6470
-7148
-7596
-7804
-7770
-7499
-7003
-6301
-5414
-4371
-3203
-1945
-632
697
2008
3261
4423
5461
6344
7047
7549
7833
7888
7708
7295
6655
5802
4755
3542
2192
743
-763
-2284
-3773
-5182
-6464
-7575
-8472
-9118
-9485
-9549
-9297
-8725
-7842
-6666
-5225
-3559
-1718
239
2251
4247
6156
7908
9433
10669
11561
12065
12149
11796
11004
9788
8178
6222
3982
1531
-1042
-3649
-6191
-8570
-10692
-12468
-13821
-14689
-15026
-14802
-14014
-12675
-10824
-8519
-5837
-2872
267
3464
6596
9540
12178
14400
16111
17234
17713
17517
16639
15100
12949
10259
7124
3661
0
-3719
-7351
-10751
-13781
-16316
-18249
-19494
-19992
-19713
-18657
-16855
-14370
-11290
-7731
-3828
267
4395
8391
12096
15359
18044
20040
21261
21651
21186
19879
17774
14949
11512
7597
3356
-1042
-5424
-9613
-13439
-16748
-19403
-21295
-22345
-22507
-21770
-20162
-17744
-14611
-10888
-6723
-2284
2251
6699
10880
14624
17780
20220
21845
22589
22423
21354
19426
16719
13345
9442
5170
703
-3773
-8079
-12039
-15492
-18299
-20348
-21559
-21886
-21320
-19890
-17658
-14722
-11207
-7262
-3051
1249
5461
9411
12938
15899
18176
19682
20360
20191
19188
17404
14919
11846
8318
4490
524
-3410
-7148
-10536
-13434
-15726
-17323
-18167
-18232
-17525
-16088
-13992
-11337
-8243
-4851
-1311
2222
5598
8671
11313
13417
14899
15705
15812
15225
13982
12149
9818
7099
4120
1019
-2064
-4991
-7635
-9879
-11630
-12816
-13394
-13347
-12687
-11455
-9718
-7563
-5096
-2438
284
2944
5417
7588
9360
10655
11415
11612
11243
10332
8927
7101
4945
2567
83
-2384
-4717
-6801
-8537
-9840
-10648
0
0
0
0
0
0
0
0
0
0
0
0
0
0
0
0
0
0
0
0
0
0
0
0
0
0
0
0
0
0
0
0
0
0
0
0
0
0
0
0
0
0
0
0
0
0
0
0
0
0
0
0
0
0
0
0
0
0
0
0
0
0
0
0
0
0
0
-10922
-10747
-10228
-9380
-8229
-6811
-5170
-3356
-1425
560
2539
4449
6227
7815
9161
10219
10950
11329
11338
10972
10239
9158
7759
6085
4187
2126
-32
-2216
-4354
-6370
-8196
-9765
-11021
-11913
-12407
-12478
-12117
-11330
-10137
-8573
-6688
-4543
-2208
234
2701
5104
7357
9377
11087
12422
13329
13768
13716
13170
12141
10662
8780
6558
4074
1415
-1321
-4038
-6634
-9012
-11082
-12763
-13990
-14713
-14900
-14539
-13638
-12226
-10352
-8082
-5497
-2692
230
3160
5989
8609
10922
12838
14283
15202
15556
15329
14530
13184
11342
9072
6457
3597
598
-2425
-5359
-8093
-10523
-12558
-14119
-15148
-15607
-15479
-14769
-13506
-11739
-9536
-6981
-4174
-1220
1765
4672
7388
9812
11854
13439
14508
15026
14976
14364
13217
11584
9531
7137
4498
1716
-1103
-3852
-6429
-8737
-10693
-12227
-13286
-13836
-13864
-13375
-12395
-10967
-9152
-7024
-4668
-2174
360
2840
5175
7279
9079
10513
11535
12115
12240
11914
11160
10014
8527
6761
4787
2683
527
-1597
-3617
-5461
-7065
-8379
-9362
-9989
-10246
-10135
-9669
-8877
-7795
-6470
-4957
-3313
-1600
119
1786
3346
4748
5949
6917
7625
8060
8216
8097
7717
7097
6266
5258
4110
2864
1561
245
-1042
-2266
-3389
-4381
-5218
-5878
-6347
-6618
-6688
-6559
-6240
-5743
-5085
-4287
-3374
-2371
-1306
-210
887
1957
2970
3897
4714
5395
5921
6276
6447
6426
6210
5802
5210
4448
3534
2494
1356
152
-1079
-2301
-3474
-4557
-5513
-6306
-6904
-7281
-7418
-7304
-6935
-6315
-5461
-4394
-3148
-1762
-283
1239
2749
4193
5513
6659
7582
8244
8612
8666
8396
7806
6910
5735
4322
2720
986
-813
-2611
-4337
-5921
-7300
-8414
-9215
-9667
-9746
-9442
-8761
-7726
-6373
-4750
-2920
-954
1070
3073
4972
6688
8150
9295
10073
10449
10402
9930
9050
7793
6208
4358
2318
170
-1995
-4090
-6024
-7717
-9096
-10100
-10685
-10824
-10509
-9751
-8579
-7041
-5200
-3135
-932
1315
3511
5561
7376
8877
9998
10690
10920
10678
9973
8833
7307
5461
3374
1136
-1152
-3393
-5487
-7342
-8874
-10014
-10711
-10933
-10669
-9927
-8740
-7159
-5254
-3107
-816
1518
3791
5900
7748
9253
10343
10967
11095
10718
9851
8529
6810
4770
2499
98
-2322
-4654
-6790
-8631
-10090
-11098
-11606
-11584
-11031
-9965
-8431
-6494
-4239
-1764
818
3392
5842
8053
9922
11360
12297
12685
12498
11739
10435
8638
6423
3886
1136
-1703
-4507
-7148
-9505
-11468
-12943
-13857
-14162
-13836
-12885
-11342
-9269
-6751
-3894
-820
2336
5436
8342
10922
13057
14646
15613
15905
15502
14411
12672
10352
7545
4369
957
-2543
-5982
-9207
-12075
-14457
-16243
-17348
-17717
-17323
-16177
-14318
-11818
-8780
-5327
-1605
2228
6010
9577
12772
15456
17507
18831
19365
19079
17976
16097
13516
10336
6688
2724
-1389
-5478
-9368
-12893
-15899
-18255
-19857
-20631
-20539
-19580
-17789
-15237
-12027
-8292
-4187
115
4435
8590
12403
15712
18376
20279
21338
21506
20773
19166
16752
13629
9927
5802
1425
-3018
-7343
-11366
-14918
-17850
-20037
-21388
-21844
-21388
-20037
-17850
-14918
-11366
-7343
-3018
1425
5802
9927
13629
16752
19166
20773
21506
21338
20279
18376
15712
12403
8590
4435
115
-4187
-8292
-12027
-15237
-17789
-19580
-20539
-20631
-19857
-18255
-15899
-12893
-9368
-5478
-1389
2724
6688
10336
13516
16097
17976
19079
19365
18831
17507
15456
12772
9577
6010
2228
-1605
-5327
-8780
-11818
-14318
-16177
-17323
-17717
-17348
-16243
-14457
-12075
-9207
-5982
-2543
957
4369
7545
10352
12672
14411
15502
15905
15613
14646
13057
10922
8342
5436
2336
-820
-3894
-6751
-9269
-11342
-12885
-13836
-14162
-13857
-12943
-11468
-9505
-7148
-4507
-1703
1136
3886
6423
8638
10435
11739
12498
12685
12297
11360
9922
8053
5842
3392
818
-1764
-4239
-6494
-8431
-9965
-11031
-11584
-11606
-11098
-10090
-8631
-6790
-4654
-2322
98
2499
4770
6810
8529
9851
10718
11095
10967
10343
9253
7748
5900
3791
1518
-816
-3107
-5254
-7159
-8740
-9927
-10669
-10933
-10711
-10014
-8874
-7342
-5487
-3393
-1152
1136
3374
5461
7307
8833
9973
10678
10920
10690
9998
8877
7376
5561
3511
1315
-932
-3135
-5200
-7041
-8579
-9751
-10509
-10824
-10685
-10100
-9096
-7717
-6024
-4090
-1995
170
2318
4358
6208
7793
9050
9930
10402
10449
10073
9295
8150
6688
4972
3073
1070
-954
-2920
-4750
-6373
-7726
-8761
-9442
-9746
-9667
-9215
-8414
-7300
-5921
-4337
-2611
-813
986
2720
4322
5735
6910
7806
8396
8666
8612
8244
7582
6659
5513
4193
2749
1239
-283
-1762
-3148
-4394
-5461
-6315
-6935
-7304
-7418
-7281
-6904
-6306
-5513
-4557
-3474
-2301
-1079
152
1356
2494
3534
4448
5210
5802
6210
6426
6447
6276
5921
5395
4714
3897
2970
1957
887
-210
-1306
-2371
-3374
-4287
-5085
-5743
-6240
-6559
-6688
-6618
-6347
-5878
-5218
-4381
-3389
-2266
-1042
245
1561
2864
4110
5258
6266
7097
7717
8097
8216
8060
7625
6917
5949
4748
3346
1786
119
-1600
-3313
-4957
-6470
-7795
-8877
-9669
-10135
-10246
-9989
-9362
-8379
-7065
-5461
-3617
-1597
527
2683
4787
6761
8527
10014
11160
11914
12240
12115
11535
10513
9079
7279
5175
2840
360
-2174
-4668
-7024
-9152
-10967
-12395
-13375
-13864
-13836
-13286
-12227
-10693
-8737
-6429
-3852
-1103
1716
4498
7137
9531
11584
13217
14364
14976
15026
14508
13439
11854
9812
7388
4672
1765
-1220
-4174
-6981
-9536
-11739
-13506
-14769
-15479
-15607
-15148
-14119
-12558
-10523
-8093
-5359
-2425
598
3597
6457
9072
11342
13184
14530
15329
15556
15202
14283
12838
10922
8609
5989
3160
230
-2692
-5497
-8082
-10352
-12226
-13638
-14539
-14900
-14713
-13990
-12763
-11082
-9012
-6634
-4038
-1321
1415
4074
6558
8780
10662
12141
13170
13716
13768
13329
12422
11087
9377
7357
5104
2701
234
-2208
-4543
-6688
-8573
-10137
-11330
-12117
-12478
-12407
-11913
-11021
-9765
-8196
-6370
-4354
-2216
-32
2126
4187
6085
7759
9158
10239
10972
11338
11329
10950
10219
9161
7815
6227
4449
2539
560
-1425
-3356
-5170
-6811
-8229
-9380
-10228
-10747
0
0
0
0
0
0
0
0
0
0
0
0
0
0
0
0
0
0
0
0
0
0
0
0
0
0
0
0
0
0
0
0
0
0
0
0
0
0
0
0
0
0
0
0
0
0
0
0
0
0
0
0
0
0
0
0
0
0
0
0
0
0
0
0
0
0
0
-10922
-10676
-9950
-8776
-7206
-5311
-3176
-897
1424
3684
5781
7620
9120
10212
10848
10997
10655
9834
8571
6922
4960
2773
457
-1883
-4145
-6228
-8038
-9494
-10532
-11104
-11185
-10771
-9879
-8548
-6836
-4820
-2586
-235
2131
4408
6495
8301
9746
10767
11318
11376
10938
10023
8671
6941
4909
2664
304
-2068
-4351
-6445
-8260
-9716
-10753
-11326
-11412
-11008
-10134
-8828
-7148
-5168
-2975
-662
1668
3919
5993
7802
9271
10339
10963
11120
10806
10038
8853
7304
5461
3404
1222
-988
-3137
-5131
-6889
-8339
-9423
-10100
-10347
-10159
-9550
-8553
-7215
-5597
-3773
-1823
168
2117
3942
5568
6931
7980
8675
8997
8940
8515
7748
6682
5368
3868
2251
588
-1049
-2592
-3979
-5155
-6079
-6720
-7060
-7097
-6839
-6310
-5543
-4581
-3474
-2276
-1042
170
1312
2336
3204
3885
4362
4624
4674
4523
4191
3707
3104
2420
1693
964
267
-364
-904
-1333
-1640
-1819
-1876
-1821
-1672
-1450
-1181
-892
-611
-362
-167
-42
0
-42
-168
-368
-624
-917
-1221
-1508
-1749
-1918
-1988
-1941
-1763
-1447
-995
-417
267
1032
1843
2662
3445
4149
4730
5148
5367
5361
5112
4613
3868
2895
1724
394
-1042
-2529
-4001
-5391
-6631
-7660
-8419
-8861
-8950
-8665
-7999
-6963
-5586
-3910
-1996
84
2251
4413
6479
8358
9962
11214
12047
12412
12278
11633
10487
8872
6842
4467
1836
-947
-3773
-6525
-9087
-11348
-13206
-14574
-15382
-15585
-15159
-14107
-12457
-10265
-7607
-4584
-1310
2082
5461
8685
11620
14142
16139
17521
18220
18198
17442
15973
13837
11112
7899
4322
520
-3355
-7148
-10705
-13879
-16536
-18563
-19871
-20399
-20117
-19028
-17168
-14604
-11432
-7774
-3774
411
4616
8671
12411
15686
18360
20322
21488
21808
21264
19872
17685
14784
11284
7321
3052
-1354
-5723
-9879
-13656
-16904
-19490
-21312
-22295
-22399
-21619
-19984
-17560
-14443
-10755
-6644
-2274
2183
6550
10655
14334
17442
19859
21491
22273
22179
21215
19422
16874
13674
9951
5856
1550
-2794
-7006
-10922
-14388
-17270
-19459
-20875
-21465
-21214
-20137
-18283
-15732
-12589
-8982
-5057
-970
3115
7041
10655
13818
16412
18341
19538
19964
19612
18503
16692
14257
11301
7946
4329
592
-3115
-6650
-9879
-12679
-14950
-16610
-17605
-17906
-17515
-16456
-14783
-12571
-9915
-6925
-3723
-436
2806
5880
8671
11076
13010
14409
15230
15453
15083
14146
12691
10785
8512
5967
3254
481
-2243
-4818
-7148
-9150
-10755
-11914
-12592
-12778
-12478
-11715
-10532
-8986
-7146
-5090
-2902
-669
1521
3589
5461
7070
8365
9306
9871
10049
9848
9287
8401
7233
5838
4276
2611
911
-759
-2339
-3773
-5013
-6020
-6765
-7232
-7415
-7318
-6957
-6356
-5549
-4575
-3477
-2301
-1096
91
1221
2251
3148
3887
4447
4817
4992
4977
4783
4426
3929
3318
2624
1876
1106
344
-379
-1042
-1623
-2104
-2474
-2726
-2860
-2878
-2789
-2604
-2338
-2009
-1635
-1235
-828
-431
-62
267
545
766
924
1019
1053
1032
964
859
726
580
431
291
170
78
19
0
19
78
170
291
431
580
726
859
964
1032
1053
1019
924
766
545
267
-62
-431
-828
-1235
-1635
-2009
-2338
-2604
-2789
-2878
-2860
-2726
-2474
-2104
-1623
-1042
-379
344
1106
1876
2624
3318
3929
4426
4783
4977
4992
4817
4447
3887
3148
2251
1221
91
-1096
-2301
-3477
-4575
-5549
-6356
-6957
-7318
-7415
-7232
-6765
-6020
-5013
-3773
-2339
-759
911
2611
4276
5838
7233
8401
9287
9848
10049
9871
9306
8365
7070
5461
3589
1521
-669
-2902
-5090
-7146
-8986
-10532
-11715
-12478
-12778
-12592
-11914
-10755
-9150
-7148
-4818
-2243
481
3254
5967
8512
10785
12691
14146
15083
15453
15230
14409
13010
11076
8671
5880
2806
-436
-3723
-6925
-9915
-12571
-14783
-16456
-17515
-17906
-17605
-16610
-14950
-12679
-9879
-6650
-3115
592
4329
7946
11301
14257
16692
18503
19612
19964
19538
18341
16412
13818
10655
7041
3115
-970
-5057
-8982
-12589
-15732
-18283
-20137
-21214
-21465
-20875
-19459
-17270
-14388
-10922
-7006
-2794
1550
5856
9951
13674
16874
19422
21215
22179
22273
21491
19859
17442
14334
10655
6550
2183
-2274
-6644
-10755
-14443
-17560
-19984
-21619
-22399
-22295
-21312
-19490
-16904
-13656
-9879
-5723
-1354
3052
7321
11284
14784
17685
19872
21264
21808
21488
20322
18360
15686
12411
8671
4616
411
-3774
-7774
-11432
-14604
-17168
-19028
-20117
-20399
-19871
-18563
-16536
-13879
-10705
-7148
-3355
520
4322
7899
11112
13837
15973
17442
18198
18220
17521
16139
14142
11620
8685
5461
2082
-1310
-4584
-7607
-10265
-12457
-14107
-15159
-15585
-15382
-14574
-13206
-11348
-9087
-6525
-3773
-947
1836
4467
6842
8872
10487
11633
12278
12412
12047
11214
9962
8358
6479
4413
2251
84
-1996
-3910
-5586
-6963
-7999
-8665
-8950
-8861
-8419
-7660
-6631
-5391
-4001
-2529
-1042
394
1724
2895
3868
4613
5112
5361
5367
5148
4730
4149
3445
2662
1843
1032
267
-417
-995
-1447
-1763
-1941
-1988
-1918
-1749
-1508
-1221
-917
-624
-368
-168
-42
0
-42
-167
-362
-611
-892
-1181
-1450
-1672
-1821
-1876
-1819
-1640
-1333
-904
-364
267
964
1693
2420
3104
3707
4191
4523
4674
4624
4362
3885
3204
2336
1312
170
-1042
-2276
-3474
-4581
-5543
-6310
-6839
-7097
-7060
-6720
-6079
-5155
-3979
-2592
-1049
588
2251
3868
5368
6682
7748
8515
8940
8997
8675
7980
6931
5568
3942
2117
168
-1823
-3773
-5597
-7215
-8553
-9550
-10159
-10347
-10100
-9423
-8339
-6889
-5131
-3137
-988
1222
3404
5461
7304
8853
10038
10806
11120
10963
10339
9271
7802
5993
3919
1668
-662
-2975
-5168
-7148
-8828
-10134
-11008
-11412
-11326
-10753
-9716
-8260
-6445
-4351
-2068
304
2664
4909
6941
8671
10023
10938
11376
11318
10767
9746
8301
6495
4408
2131
-235
-2586
-4820
-6836
-8548
-9879
-10771
-11185
-11104
-10532
-9494
-8038
-6228
-4145
-1883
457
2773
4960
6922
8571
9834
10655
10997
10848
10212
9120
7620
5781
3684
1424
-897
-3176
-5311
-7206
-8776
-9950
-10676
0
0
0
0
0
0
0
0
0
0
0
0
0
0
0
0
0
0
0
0
0
0
0
0
0
0
0
0
0
0
0
0
0
0
0
0
0
0
0
0
0
0
0
0
0
0
0
0
0
0
0
0
0
0
0
0
0
0
0
0
0
0
0
0
0
0
0
-10922
-10648
-9840
-8537
-6801
-4717
-2384
83
2567
4945
7101
8927
10332
11243
11612
11415
10655
9360
7588
5417
2944
284
-2438
-5096
-7563
-9718
-11455
-12687
-13347
-13394
-12816
-11630
-9879
-7635
-4991
-2064
1019
4120
7099
9818
12149
13982
15225
15812
15705
14899
13417
11313
8671
5598
2222
-1311
-4851
-8243
-11337
-13992
-16088
-17525
-18232
-18167
-17323
-15726
-13434
-10536
-7148
-3410
524
4490
8318
11846
14919
17404
19188
20191
20360
19682
18176
15899
12938
9411
5461
1249
-3051
-7262
-11207
-14722
-17658
-19890
-21320
-21886
-21559
-20348
-18299
-15492
-12039
-8079
-3773
703
5170
9442
13345
16719
19426
21354
22423
22589
21845
20220
17780
14624
10880
6699
2251
-2284
-6723
-10888
-14611
-17744
-20162
-21770
-22507
-22345
-21295
-19403
-16748
-13439
-9613
-5424
-1042
3356
7597
11512
14949
17774
19879
21186
21651
21261
20040
18044
15359
12096
8391
4395
267
-3828
-7731
-11290
-14370
-16855
-18657
-19713
-19992
-19494
-18249
-16316
-13781
-10751
-7351
-3719
0
3661
7124
10259
12949
15100
16639
17517
17713
17234
16111
14400
12178
9540
6596
3464
267
-2872
-5837
-8519
-10824
-12675
-14014
-14802
-15026
-14689
-13821
-12468
-10692
-8570
-6191
-3649
-1042
1531
3982
6222
8178
9788
11004
11796
12149
12065
11561
10669
9433
7908
6156
4247
2251
239
-1718
-3559
-5225
-6666
-7842
-8725
-9297
-9549
-9485
-9118
-8472
-7575
-6464
-5182
-3773
-2284
-763
743
2192
3542
4755
5802
6655
7295
7708
7888
7833
7549
7047
6344
5461
4423
3261
2008
697
-632
-1945
-3203
-4371
-5414
-6301
-7003
-7499
-7770
-7804
-7596
-7148
-6470
-5577
-4493
-3248
-1879
-426
1064
2546
3969
5285
6447
7412
8144
8610
8790
8671
8249
7533
6541
5302
3855
2248
533
-1227
-2972
-4639
-6164
-7488
-8561
-9338
-9784
-9879
-9612
-8988
-8024
-6752
-5214
-3464
-1567
409
2390
4301
6069
7625
8907
9864
10455
10655
10452
9851
8871
7549
5931
4079
2062
-41
-2151
-4186
-6066
-7718
-9076
-10087
-10711
-10922
-10711
-10086
-9070
-7704
-6041
-4146
-2093
36
2159
4191
6053
7672
8985
9942
10505
10655
10387
9714
8665
7284
5627
3763
1765
-283
-2304
-4215
-5941
-7416
-8583
-9400
-9836
-9879
-9531
-8811
-7752
-6400
-4813
-3059
-1208
662
2478
4167
5663
6909
7859
8480
8752
8671
8245
7498
6467
5199
3748
2178
554
-1055
-2588
-3981
-5183
-6148
-6843
-7245
-7346
-7148
-6668
-5931
-4974
-3843
-2589
-1265
70
1364
2564
3622
4501
5168
5603
5795
5744
5461
4963
4280
3446
2500
1487
451
-563
-1516
-2368
-3088
-3650
-4037
-4241
-4258
-4098
-3773
-3305
-2720
-2048
-1321
-574
160
851
1471
1997
2409
2697
2854
2879
2779
2564
2251
1858
1408
924
430
-51
-500
-897
-1227
-1480
-1649
-1731
-1729
-1649
-1500
-1293
-1042
-764
-473
-184
88
332
539
700
812
874
886
853
780
677
550
411
267
128
1
-106
-192
-252
-287
-296
-284
-254
-211
-162
-112
-67
-31
-8
0
-8
-31
-67
-112
-162
-211
-254
-284
-296
-287
-252
-192
-106
1
128
267
411
550
677
780
853
886
874
812
700
539
332
88
-184
-473
-764
-1042
-1293
-1500
-1649
-1729
-1731
-1649
-1480
-1227
-897
-500
-51
430
924
1408
1858
2251
2564
2779
2879
2854
2697
2409
1997
1471
851
160
-574
-1321
-2048
-2720
-3305
-3773
-4098
-4258
-4241
-4037
-3650
-3088
-2368
-1516
-563
451
1487
2500
3446
4280
4963
5461
5744
5795
5603
5168
4501
3622
2564
1364
70
-1265
-2589
-3843
-4974
-5931
-6668
-7148
-7346
-7245
-6843
-6148
-5183
-3981
-2588
-1055
554
2178
3748
5199
6467
7498
8245
8671
8752
8480
7859
6909
5663
4167
2478
662
-1208
-3059
-4813
-6400
-7752
-8811
-9531
-9879
-9836
-9400
-8583
-7416
-5941
-4215
-2304
-283
1765
3763
5627
7284
8665
9714
10387
10655
10505
9942
8985
7672
6053
4191
2159
36
-2093
-4146
-6041
-7704
-9070
-10086
-10711
-10922
-10711
-10087
-9076
-7718
-6066
-4186
-2151
-41
2062
4079
5931
7549
8871
9851
10452
10655
10455
9864
8907
7625
6069
4301
2390
409
-1567
-3464
-5214
-6752
-8024
-8988
-9612
-9879
-9784
-9338
-8561
-7488
-6164
-4639
-2972
-1227
533
2248
3855
5302
6541
7533
8249
8671
8790
8610
8144
7412
6447
5285
3969
2546
1064
-426
-1879
-3248
-4493
-5577
-6470
-7148
-7596
-7804
-7770
-7499
-7003
-6301
-5414
-4371
-3203
-1945
-632
697
2008
3261
4423
5461
6344
7047
7549
7833
7888
7708
7295
6655
5802
4755
3542
2192
743
-763
-2284
-3773
-5182
-6464
-7575
-8472
-9118
-9485
-9549
-9297
-8725
-7842
-6666
-5225
-3559
-1718
239
2251
4247
6156
7908
9433
10669
11561
12065
12149
11796
11004
9788
8178
6222
3982
1531
-1042
-3649
-6191
-8570
-10692
-12468
-13821
-14689
-15026
-14802
-14014
-12675
-10824
-8519
-5837
-2872
267
3464
6596
9540
12178
14400
16111
17234
17713
17517
16639
15100
12949
10259
7124
3661
0
-3719
-7351
-10751
-13781
-16316
-18249
-19494
-19992
-19713
-18657
-16855
-14370
-11290
-7731
-3828
267
4395
8391
12096
15359
18044
20040
21261
21651
21186
19879
17774
14949
11512
7597
3356
-1042
-5424
-9613
-13439
-16748
-19403
-21295
-22345
-22507
-21770
-20162
-17744
-14611
-10888
-6723
-2284
2251
6699
10880
14624
17780
20220
21845
22589
22423
21354
19426
16719
13345
9442
5170
703
-3773
-8079
-12039
-15492
-18299
-20348
-21559
-21886
-21320
-19890
-17658
-14722
-11207
-7262
-3051
1249
5461
9411
12938
15899
18176
19682
20360
20191
19188
17404
14919
11846
8318
4490
524
-3410
-7148
-10536
-13434
-15726
-17323
-18167
-18232
-17525
-16088
-13992
-11337
-8243
-4851
-1311
2222
5598
8671
11313
13417
14899
15705
15812
15225
13982
12149
9818
7099
4120
1019
-2064
-4991
-7635
-9879
-11630
-12816
-13394
-13347
-12687
-11455
-9718
-7563
-5096
-2438
284
2944
5417
7588
9360
10655
11415
11612
11243
10332
8927
7101
4945
2567
83
-2384
-4717
-6801
-8537
-9840
-10648
0
0
0
0
0
0
0
0
0
0
0
0
0
0
0
0
0
0
0
0
0
0
0
0
0
0
0
0
0
0
0
0
0
0
0
0
0
0
0
0
0
0
0
0
0
0
0
0
0
0
0
0
0
0
0
0
0
0
0
0
0
0
0
0
0
0
0
-10922
-10732
-10169
-9252
-8014
-6499
-4760
-2857
-859
1166
3146
5014
6703
8157
9324
10166
10655
10774
10522
9909
8958
7703
6189
4469
2604
658
-1301
-3207
-4996
-6607
-7986
-9089
-9879
-10332
-10435
-10187
-9599
-8692
-7498
-6060
-4426
-2652
-798
1075
2906
4634
6203
7563
8671
9491
9998
10178
10025
9545
8755
7680
6356
4826
3138
1347
-490
-2315
-4070
-5699
-7148
-8372
-9331
-9993
-10335
-10344
-10017
-9364
-8401
-7156
-5668
-3981
-2148
-225
1725
3642
5461
7122
8569
9751
10625
11158
11326
11117
10532
9584
8298
6710
4869
2832
665
-1562
-3773
-5893
-7846
-9563
-10977
-12035
-12692
-12916
-12691
-12015
-10903
-9385
-7507
-5328
-2919
-363
2251
4832
7284
9518
11446
12993
14095
14702
14783
14326
13335
11838
9881
7528
4859
1967
-1042
-4061
-6975
-9674
-12052
-14014
-15481
-16388
-16692
-16373
-15432
-13896
-11815
-9260
-6321
-3105
267
3671
6975
10052
12780
15050
16768
17863
18283
18006
17034
15397
13151
10378
7179
3675
0
-3705
-7296
-10632
-13579
-16019
-17854
-19005
-19422
-19084
-18000
-16205
-13767
-10778
-7352
-3621
267
4161
7907
11355
14368
16823
18622
19691
19984
19488
18219
16227
13589
10409
6813
2944
-1042
-4989
-8736
-12133
-15044
-17352
-18964
-19816
-19872
-19133
-17629
-15420
-12598
-9278
-5595
-1699
2251
6095
9679
12855
15498
17500
18784
19299
19028
17986
16219
13803
10839
7454
3788
-6
-3773
-7357
-10611
-13403
-15622
-17180
-18017
-18103
-17442
-16067
-14041
-11452
-8415
-5060
-1529
2027
5461
8629
11401
13665
15330
16333
16637
16238
15159
13454
11203
8505
5483
2266
-1003
-4186
-7148
-9765
-11927
-13548
-14565
-14941
-14667
-13764
-12278
-10282
-7867
-5146
-2239
723
3610
6298
8671
10627
12087
12992
13309
13031
12178
10795
8950
6730
4239
1592
-1091
-3690
-6089
-8182
-9879
-11106
-11815
-11977
-11591
-10681
-9292
-7492
-5367
-3017
-550
1918
4277
6419
8247
9680
10655
11129
11086
10529
9486
8009
6168
4048
1749
-622
-2958
-5150
-7098
-8713
-9921
-10669
-10922
-10669
-9923
-8719
-7112
-5175
-2998
-680
1672
3952
6056
7887
9363
10415
10995
11076
10655
9748
8397
6661
4618
2360
-12
-2392
-4674
-6755
-8542
-9954
-10927
-11417
-11403
-10882
-9879
-8436
-6616
-4499
-2179
242
2659
4966
7060
8851
10259
11223
11702
11673
11139
10124
8671
6844
4722
2399
-25
-2446
-4760
-6866
-8675
-10111
-11111
-11636
-11665
-11198
-10259
-8888
-7148
-5114
-2875
-528
1827
4091
6167
7969
9423
10470
11069
11199
10860
10070
8868
7308
5461
3407
1237
-957
-3083
-5052
-6783
-8208
-9271
-9933
-10173
-9987
-9392
-8418
-7115
-5543
-3773
-1883
43
1927
3689
5258
6573
7586
8260
8576
8531
8137
7418
6416
5180
3770
2251
689
-847
-2295
-3595
-4699
-5567
-6171
-6495
-6539
-6311
-5833
-5136
-4261
-3253
-2164
-1042
58
1094
2023
2808
3426
3858
4097
4145
4014
3722
3294
2762
2159
1519
878
267
-285
-757
-1130
-1397
-1552
-1601
-1553
-1424
-1233
-1003
-756
-516
-305
-140
-35
0
-35
-140
-305
-516
-756
-1003
-1233
-1424
-1553
-1601
-1552
-1397
-1130
-757
-285
267
878
1519
2159
2762
3294
3722
4014
4145
4097
3858
3426
2808
2023
1094
58
-1042
-2164
-3253
-4261
-5136
-5833
-6311
-6539
-6495
-6171
-5567
-4699
-3595
-2295
-847
689
2251
3770
5180
6416
7418
8137
8531
8576
8260
7586
6573
5258
3689
1927
43
-1883
-3773
-5543
-7115
-8418
-9392
-9987
-10173
-9933
-9271
-8208
-6783
-5052
-3083
-957
1237
3407
5461
7308
8868
10070
10860
11199
11069
10470
9423
7969
6167
4091
1827
-528
-2875
-5114
-7148
-8888
-10259
-11198
-11665
-11636
-11111
-10111
-8675
-6866
-4760
-2446
-25
2399
4722
6844
8671
10124
11139
11673
11702
11223
10259
8851
7060
4966
2659
242
-2179
-4499
-6616
-8436
-9879
-10882
-11403
-11417
-10927
-9954
-8542
-6755
-4674
-2392
-12
2360
4618
6661
8397
9748
10655
11076
10995
10415
9363
7887
6056
3952
1672
-680
-2998
-5175
-7112
-8719
-9923
-10669
-10922
-10669
-9921
-8713
-7098
-5150
-2958
-622
1749
4048
6168
8009
9486
10529
11086
11129
10655
9680
8247
6419
4277
1918
-550
-3017
-5367
-7492
-9292
-10681
-11591
-11977
-11815
-11106
-9879
-8182
-6089
-3690
-1091
1592
4239
6730
8950
10795
12178
13031
13309
12992
12087
10627
8671
6298
3610
723
-2239
-5146
-7867
-10282
-12278
-13764
-14667
-14941
-14565
-13548
-11927
-9765
-7148
-4186
-1003
2266
5483
8505
11203
13454
15159
16238
16637
16333
15330
13665
11401
8629
5461
2027
-1529
-5060
-8415
-11452
-14041
-16067
-17442
-18103
-18017
-17180
-15622
-13403
-10611
-7357
-3773
-6
3788
7454
10839
13803
16219
17986
19028
19299
18784
17500
15498
12855
9679
6095
2251
-1699
-5595
-9278
-12598
-15420
-17629
-19133
-19872
-19816
-18964
-17352
-15044
-12133
-8736
-4989
-1042
2944
6813
10409
13589
16227
18219
19488
19984
19691
18622
16823
14368
11355
7907
4161
267
-3621
-7352
-10778
-13767
-16205
-18000
-19084
-19422
-19005
-17854
-16019
-13579
-10632
-7296
-3705
0
3675
7179
10378
13151
15397
17034
18006
18283
17863
16768
15050
12780
10052
6975
3671
267
-3105
-6321
-9260
-11815
-13896
-15432
-16373
-16692
-16388
-15481
-14014
-12052
-9674
-6975
-4061
-1042
1967
4859
7528
9881
11838
13335
14326
14783
14702
14095
12993
11446
9518
7284
4832
2251
-363
-2919
-5328
-7507
-9385
-10903
-12015
-12691
-12916
-12692
-12035
-10977
-9563
-7846
-5893
-3773
-1562
665
2832
4869
6710
8298
9584
10532
11117
11326
11158
10625
9751
8569
7122
5461
3642
1725
-225
-2148
-3981
-5668
-7156
-8401
-9364
-10017
-10344
-10335
-9993
-9331
-8372
-7148
-5699
-4070
-2315
-490
1347
3138
4826
6356
7680
8755
9545
10025
10178
9998
9491
8671
7563
6203
4634
2906
1075
-798
-2652
-4426
-6060
-7498
-8692
-9599
-10187
-10435
-10332
-9879
-9089
-7986
-6607
-4996
-3207
-1301
658
2604
4469
6189
7703
8958
9909
10522
10774
10655
10166
9324
8157
6703
5014
3146
1166
-859
-2857
-4760
-6499
-8014
-9252
-10169
-10732
0
0
0
0
0
0
0
0
0
0
0
0
0
0
0
0
0
0
0
0
0
0
0
0
0
0
0
0
0
0
0
0
0
0
0
0
0
0
0
0
0
0
0
0
0
0
0
0
0
0
0
0
0
0
0
0
0
0
0
0
0
0
0
0
0
0
0
