0
4278
8485
12550
16402
19973
23203
26035
28419
30314
31684
32507
32766
32456
31581
30156
28203
25758
22860
19561
15917
11991
7852
3573
-771
-5106
-9352
-13436
-17284
-20829
-24006
-26759
-29038
-30801
-32015
-32660
-32720
-32196
-31094
-29434
-27244
-24563
-21439
-17925
-14087
-9991
-5712
-1327
3083
7441
11667
15683
19415
22796
25762
28259
30239
31667
32514
32764
32412
31462
29931
27847
25247
22178
18696
14865
10755
6443
2009
-2465
-6896
-11201
-15299
-19113
-22570
-25606
-28162
-30190
-31650
-32514
-32764
-32394
-31411
-29832
-27686
-25012
-21861
-18292
-14372
-10175
-5781
-1274
3259
7733
12062
16161
19951
23359
26318
28771
30668
31973
32659
32711
32127
30919
29107
26727
23823
20452
16679
12577
8226
3711
-879
-5455
-9926
-14204
-18204
-21846
-25058
-27775
-29942
-31516
-32464
-32766
-32415
-31417
-29790
-27567
-24790
-21514
-17805
-13736
-9388
-4849
-209
4437
8997
13377
17489
21248
24578
27411
29687
31359
32393
32765
32468
31507
29899
27676
24884
21579
17828
13707
9301
4700
0
-4703
-9311
-13729
-17864
-21629
-24947
-27746
-29968
-31566
-32503
-32761
-32332
-31225
-29460
-27076
-24119
-20653
-16748
-12488
-7961
-3263
1506
6246
10856
15238
19298
22949
26112
28719
30713
32051
32702
32651
31900
30461
28366
25658
22395
18646
14492
10022
5332
524
-4298
-9029
-13567
-17811
-21669
-25055
-27896
-30127
-31699
-32577
-32739
-32182
-30916
-28967
-26379
-23206
-19519
-15397
-10932
-6222
-1372
3511
8320
12945
17284
21240
24723
27655
29968
31611
32545
32748
32214
30954
28995
26381
23169
19431
15252
10724
5950
1038
-3899
-8751
-13405
-17757
-21705
-25159
-28038
-30277
-31822
-32637
-32702
-32014
-30588
-28456
-25665
-22280
-18377
-14047
-9388
-4509
477
5455
10308
14924
19194
23018
26305
28979
30974
32243
32756
32498
31476
29711
27244
24133
20449
16280
11722
6884
1880
-3170
-8148
-12935
-17416
-21484
-25041
-28000
-30291
-31856
-32659
-32677
-31909
-30373
-28105
-25157
-21600
-17520
-13013
-8189
-3163
1941
7001
11893
16499
20705
24407
27516
29953
31659
32589
32721
32049
30590
28377
25463
21921
17836
13307
8448
3377
-1780
-6896
-11843
-16499
-20746
-24479
-27603
-30040
-31727
-32621
-32699
-31957
-30413
-28105
-25088
-21439
-17247
-12618
-7668
-2522
2689
7836
12787
17416
21605
25247
28248
30530
32035
32723
32574
31592
29801
27244
23987
20112
15718
10917
5832
595
-4660
-9798
-14685
-19194
-23208
-26622
-29345
-31307
-32455
-32757
-32206
-30813
-28614
-25665
-22043
-17841
-13169
-8148
-2911
2405
7661
12717
17440
21705
25397
28419
30689
32146
32750
32483
31352
29385
26633
23169
19084
14487
9500
4255
-1105
-6439
-11603
-16457
-20870
-24723
-27911
-30346
-31961
-32712
-32578
-31559
-29684
-27001
-23582
-19519
-14922
-9916
-4636
771
6162
11386
16301
20770
24671
27896
30354
31977
32719
32558
31498
29565
26813
23317
19172
14492
9407
4058
-1405
-6833
-12073
-16978
-21411
-25247
-28377
-30713
-32188
-32760
-32410
-31148
-29007
-26047
-22351
-18021
-13179
-7961
-2516
3003
8440
13640
18454
22745
26389
29282
31340
32503
32737
32033
30409
27913
24613
20604
16000
10932
5547
0
-5550
-10942
-16021
-20637
-24657
-27963
-30458
-32068
-32745
-32468
-31244
-29107
-26118
-22364
-17952
-13013
-7689
-2137
3479
8997
14252
19090
23367
26955
29748
31662
32640
32650
31691
29790
27003
23411
19119
14256
8965
3403
-2262
-7862
-13230
-18204
-22633
-26385
-29345
-31423
-32556
-32707
-31871
-30072
-27362
-23823
-19561
-14703
-9397
-3803
1908
7565
12994
18030
22517
26318
29316
31419
32559
32702
31841
30001
27238
23635
19302
14372
8996
3339
-2422
-8112
-13553
-18577
-23026
-26761
-29667
-31650
-32648
-32629
-31591
-29565
-26615
-22829
-18327
-13249
-7752
-2009
3799
9491
14886
19815
24120
27666
30338
32052
32751
32412
31044
28690
25423
21345
16586
11295
5642
-193
-6025
-11667
-16938
-21669
-25706
-28920
-31206
-32489
-32726
-31909
-30063
-27244
-23544
-19081
-13998
-8460
-2644
3259
9060
14569
19606
24006
27626
30346
32075
32756
32366
30916
28451
25051
20827
15917
10480
4696
-1244
-7147
-12817
-18065
-22719
-26622
-29644
-31684
-32674
-32578
-31398
-29173
-25975
-21909
-17110
-11737
-5969
0
5972
11747
17130
21941
26016
29217
31436
32596
32657
31615
29504
26395
22390
17625
12260
6476
470
-5554
-11392
-16845
-21726
-25867
-29127
-31393
-32585
-32662
-31619
-29491
-26349
-22301
-17483
-12062
-6222
-166
5898
11762
17222
22088
26191
29387
31566
32648
32597
31411
29131
25835
21636
16679
11138
5205
-912
-7001
-12847
-18244
-23003
-26955
-29960
-31912
-32739
-32412
-30940
-28374
-24803
-20353
-15179
-9465
-3413
2763
8843
14612
19863
24407
28083
30758
32334
32755
32003
30103
27124
23169
18381
12929
7010
836
-5370
-11386
-16993
-21989
-26191
-29446
-31636
-32680
-32538
-31214
-28754
-25247
-20819
-15630
-9868
-3744
2518
8692
14551
19879
24480
28184
30855
32393
32739
31880
29845
26709
22585
17625
12011
5950
-333
-6607
-12639
-18204
-23094
-27128
-30152
-32055
-32763
-32248
-30528
-27666
-23767
-18976
-13473
-7461
-1167
5173
11322
17047
22132
26385
29644
31785
32724
32427
30901
28203
24435
19738
14288
8294
1981
-4409
-10635
-16457
-21654
-26025
-29402
-31656
-32697
-32485
-31027
-28377
-24634
-19943
-14481
-8460
-2109
4324
10594
16457
21686
26077
29459
31699
32710
32451
30929
28203
24378
19601
14056
7961
1552
-4919
-11201
-17047
-22227
-26537
-29806
-31906
-32751
-32307
-30590
-27666
-23648
-18696
-13002
-6791
-309
6187
12441
18204
23246
27366
30398
32222
32762
31995
29951
26709
22398
17189
11289
4935
-1619
-8112
-14281
-19879
-24678
-28486
-31147
-32552
-32643
-31416
-28917
-25247
-20553
-15023
-8882
-2378
4225
10659
16662
21989
26421
29777
31918
32756
32254
30432
27362
23169
18024
12137
5748
-879
-7473
-13762
-19485
-24407
-28323
-31070
-32533
-32650
-31414
-28875
-25136
-20353
-14721
-8475
-1874
4807
11292
17307
22602
26955
30182
32146
32765
32010
29911
26556
22083
16679
10571
4016
-2711
-9326
-15551
-21121
-25799
-29387
-31732
-32732
-32344
-30582
-27520
-23286
-18060
-12062
-5547
1206
7911
14280
20041
24947
28786
31393
32653
32513
30975
28105
24024
18906
12972
6476
-301
-7069
-13534
-19415
-24458
-28443
-31196
-32596
-32580
-31148
-28360
-24336
-19250
-13322
-6811
0
6813
13332
19269
24364
28393
31178
32594
32578
31129
28309
24241
19103
13120
6555
-301
-7147
-13680
-19609
-24671
-28641
-31340
-32648
-32505
-30916
-27948
-23735
-18460
-12360
-5706
1206
8067
14569
20421
25359
29162
31656
32728
32328
30473
27244
22786
17298
11027
4255
-2711
-9557
-15974
-21669
-26383
-29901
-32062
-32766
-31979
-29736
-26137
-21345
-15577
-9095
-2195
4807
11593
17850
23291
27666
30771
32464
32665
31362
28614
24546
19345
13249
6538
-477
-7473
-14125
-20126
-25196
-29098
-31650
-32732
-32292
-30349
-26991
-22374
-16712
-10266
-3339
3746
10659
17076
22694
27251
30530
32377
32702
31489
28793
24740
19519
13375
6597
-494
-7565
-14281
-20323
-25404
-29282
-31772
-32753
-32178
-30072
-26533
-21729
-15887
-9285
-2238
4919
11843
18204
23695
28052
31066
32589
32548
30942
27847
23411
17845
11416
4435
-2763
-9830
-16425
-22227
-26955
-30378
-32330
-32713
-31507
-28769
-24631
-19293
-13013
-6096
1120
8285
15047
21076
26077
29802
32068
32763
31850
29372
25451
20276
14101
7230
0
-7232
-14111
-20295
-25478
-29402
-31872
-32764
-32033
-29711
-25913
-20827
-14703
-7845
-595
6688
13640
19914
25196
29220
31785
32759
32093
29819
26047
20967
14832
7950
664
-6656
-13645
-19948
-25247
-29273
-31822
-32763
-32046
-29706
-25861
-20703
-14492
-7543
-209
7138
14125
20396
25629
29557
31977
32766
31880
29363
25342
20022
13674
6622
-771
-8129
-15071
-21240
-26318
-30042
-32219
-32734
-31559
-28754
-24461
-18901
-12360
-5177
2276
9615
16457
22447
27271
30678
32489
32608
31026
27825
23169
17302
10527
3199
-4298
-11573
-18244
-23960
-28419
-31387
-32705
-32302
-30198
-26501
-21406
-15179
-8148
-684
6817
13962
20369
25700
29668
32064
32757
31710
28975
24698
19103
12488
5205
-2358
-9798
-16717
-22745
-27557
-30894
-32577
-32513
-30703
-27244
-22319
-16192
-9191
-1693
5898
13175
19743
25247
29388
31941
32765
31816
29141
24884
19276
12618
5272
-2362
-9871
-16845
-22903
-27714
-31014
-32621
-32445
-30495
-26875
-21781
-15492
-8351
-749
6896
14165
20658
26016
29942
32220
32721
31417
28377
23767
17841
10926
3403
-4310
-11787
-18613
-24407
-28847
-31684
-32759
-32010
-29476
-25298
-19707
-13013
-5590
2148
9769
16845
22980
27828
31116
32659
32366
30254
26438
21133
14635
7310
-430
-8148
-15409
-21801
-26962
-30598
-32502
-32563
-30778
-27244
-22162
-15818
-8572
-836
6950
14343
20920
26305
30190
32350
32661
31103
27762
22829
16586
9388
1649
-6187
-13670
-20369
-25898
-29936
-32249
-32702
-31267
-28024
-23161
-16955
-9766
-2009
5867
13405
20168
25762
29860
32222
32709
31291
28049
23169
16936
9711
1916
-5992
-13553
-20323
-25904
-29968
-32275
-32687
-31179
-27837
-22855
-16527
-9222
-1372
6562
14111
20829
26318
30252
32397
32623
30916
27374
22206
15718
8294
373
-7571
-15067
-21669
-26980
-30683
-32556
-32483
-30469
-26631
-21197
-14492
-6916
1077
9009
16402
22811
27851
31216
32702
32218
29790
25564
19793
12824
5078
-2978
-10856
-18080
-24210
-28873
-31785
-32766
-31757
-28816
-24119
-17952
-10689
-2772
5316
13083
20053
25799
29968
32304
32662
31017
27469
22233
15630
8064
0
-8067
-15639
-22251
-27492
-31038
-32669
-32282
-29899
-25665
-19840
-12785
-4935
3223
11185
18454
24578
29176
31960
32754
31507
28295
23317
16881
9388
1306
-6859
-14599
-21426
-26913
-30713
-32587
-32415
-30206
-26096
-20343
-13307
-5431
2789
10837
18204
24423
29100
31937
32755
31498
28244
23199
16679
9099
938
-7285
-15047
-21854
-27271
-30951
-32659
-32282
-29844
-25497
-19519
-12290
-4271
4023
12062
19330
25359
29762
32252
32670
30984
27303
21861
15008
7184
-1105
-9326
-16947
-23474
-28484
-31650
-32766
-31757
-28687
-23753
-17274
-9670
-1435
6896
14781
21705
27215
30951
32666
32248
29720
25247
19119
11737
3583
-4807
-12886
-20121
-26035
-30239
-32455
-32534
-30469
-26395
-20578
-13400
-5336
3083
11302
18775
25007
29584
32200
32681
30992
27244
21684
14679
6695
-1736
-10055
-17706
-24178
-29038
-31959
-32744
-31340
-27837
-22468
-15592
-7668
771
9163
16942
23583
28641
31772
32764
31548
28203
22955
16155
8261
-193
-8637
-16499
-23246
-28419
-31667
-32766
-31641
-28366
-23161
-16378
-8479
0
8482
16388
23178
28387
31659
32766
31633
28334
23092
16267
8323
-193
-8699
-16610
-23382
-28547
-31748
-32764
-31521
-28105
-22748
-15818
-7793
771
9287
17161
23850
28887
31923
32744
31292
27666
22114
15023
6884
-1736
-10238
-18030
-24565
-29387
-32158
-32681
-30919
-26991
-21173
-13868
-5590
3083
11543
19194
25499
30012
32414
32534
30361
26047
19895
12336
3903
-4807
-13181
-20625
-26610
-30711
-32637
-32248
-29569
-24790
-18247
-10405
-1820
6896
15124
22277
27843
31423
32760
31757
28483
23169
16196
8060
-655
-9326
-17331
-24094
-29127
-32068
-32703
-30984
-27033
-21133
-13707
-5289
3511
12062
19743
25999
30374
32552
32371
29844
25150
18630
10754
2094
-6719
-15047
-22282
-27896
-31478
-32765
-31661
-28244
-22763
-15616
-7324
1506
10228
18204
24847
29668
32313
32585
30461
26096
19809
12062
3423
-5469
-13962
-21426
-27310
-31178
-32740
-31881
-28661
-23317
-16242
-7961
912
9721
17811
24578
29519
32265
32608
30520
26157
19840
12041
3339
-5613
-14150
-21629
-27492
-31296
-32755
-31758
-28377
-22863
-15630
-7219
1736
10564
18599
25234
29968
32443
32468
30041
25342
18725
10689
1842
-7147
-15598
-22868
-28404
-31785
-32751
-31227
-27327
-21345
-13736
-5078
3969
12717
20496
26712
30887
32702
32014
28875
23522
16364
7950
-1077
-10024
-18204
-24986
-29848
-32414
-32483
-30050
-25298
-18593
-10451
-1499
7571
16058
23305
28750
31969
32711
30916
26720
20449
12587
3744
-5391
-14111
-21734
-27666
-31442
-32766
-31533
-27837
-21964
-14372
-5653
3510
12401
20323
26654
30894
32710
31957
28692
23169
15822
7226
-1941
-10958
-19113
-25762
-30378
-32596
-32237
-29328
-24096
-16955
-8469
691
9799
18132
25028
29936
32465
32412
29778
24772
17791
9388
234
-8940
-17404
-24479
-29598
-32350
-32513
-30072
-25219
-18342
-9991
-836
8388
16942
24135
29387
32275
32563
30226
25451
18620
10283
1113
-8148
-16754
-24006
-29316
-32252
-32574
-30254
-25477
-18630
-10266
-1066
8222
16845
24098
29390
32286
32549
30156
25298
18372
9941
695
-8610
-17213
-24407
-29603
-32371
-32482
-29925
-24908
-17841
-9305
0
9307
17850
24924
29942
32491
32356
29546
24293
17028
8351
-1019
-10308
-18745
-25629
-30386
-32621
-32145
-28995
-23432
-15917
-7073
2362
11603
19879
26497
30903
32728
31816
28241
22301
14491
5464
-4023
-13175
-21224
-27492
-31451
-32766
-31324
-27244
-20868
-12732
-3519
5992
15001
22745
28568
31977
32682
30619
25962
19103
10622
1238
-8253
-17047
-24394
-29668
-32420
-32412
-29643
-24347
-16973
-8148
1373
10781
19269
26112
30723
32705
31886
28334
22351
14449
5304
-4298
-13534
-21608
-27826
-31650
-32749
-31026
-26627
-19930
-11510
-2094
7504
16457
23989
29446
32355
32460
29752
24461
17046
8148
-1459
-10942
-19477
-26318
-30870
-32732
-31742
-27983
-21780
-13674
-4371
5316
14541
22496
28484
31977
32669
30495
25645
18541
9807
209
-9410
-18204
-25397
-30356
-32640
-32046
-28625
-22675
-14721
-5464
4278
13645
21806
28038
31787
32719
30748
26047
19032
10324
695
-8997
-17892
-25196
-30256
-32621
-32077
-28669
-22701
-14703
-5389
4409
13816
21989
28193
31872
32694
30582
25725
18555
9715
0
-9718
-18563
-25739
-30598
-32699
-31850
-28126
-21861
-13619
-4144
5708
15047
23026
28920
32194
32549
29951
24631
17073
7961
-1876
-11547
-20168
-26955
-31287
-32766
-31257
-26894
-20073
-11416
-1713
8148
17267
24807
30076
32589
32113
28690
22632
14492
5018
-4919
-14407
-22570
-28657
-32104
-32591
-30072
-24775
-17189
-8012
1907
11653
20323
27113
31393
32763
31094
26539
19519
10683
852
-9060
-18132
-25519
-30530
-32697
-31816
-27965
-21503
-13031
-3339
6667
16052
23938
29584
32459
32292
29097
23169
15065
5543
-4501
-14125
-22423
-28612
-32108
-32578
-29977
-24546
-16798
-7461
2582
12385
21019
27666
31694
32721
30647
25665
18247
9095
-923
-10856
-19760
-26786
-31264
-32766
-31146
-26556
-19431
-10451
-470
9557
18675
26008
30855
32749
31507
27244
20368
11537
1595
-8501
-17784
-25359
-30497
-32702
-31758
-27754
-21074
-12360
-2451
7696
17103
24860
30215
32648
31922
28105
21563
12929
3039
-7147
-16643
-24525
-30025
-32607
-32016
-28309
-21844
-13249
-3359
6859
16412
24364
29939
32588
32050
28377
21924
13322
3413
-6833
-16412
-24382
-29960
-32596
-32028
-28309
-21804
-13150
-3199
7069
16643
24578
30089
32630
31946
28105
21482
12732
2719
-7565
-17103
-24947
-30318
-32680
-31797
-27754
-20951
-12062
-1970
8320
17784
25478
30633
32732
31565
27244
20200
11134
952
-9326
-18675
-26154
-31014
-32765
-31228
-26556
-19215
-9941
333
10578
19760
26955
31436
32749
30759
25665
17979
8475
-1887
-12062
-21019
-27851
-31864
-32650
-30126
-24546
-16475
-6728
3703
13762
22423
28806
32258
32427
29291
23169
14683
4696
-5772
-15653
-23938
-29777
-32571
-32033
-28214
-21503
-12587
-2378
8077
17706
25519
30711
32748
31416
26850
19519
10175
-219
-10594
-19879
-27113
-31549
-32726
-30520
-25157
-17189
-7439
3083
13289
22119
28657
32222
32441
29289
23092
14492
4381
-6187
-16114
-24364
-30076
-32652
-31820
-27666
-20619
-11416
-1017
9491
19008
26537
31287
32757
30792
25595
17709
7961
-2625
-12939
-21894
-28547
-32194
-32451
-29286
-23032
-14346
-4144
6498
16457
24678
30291
32699
31644
27238
19943
10531
0
-10533
-19951
-27251
-31656
-32694
-30254
-24592
-16309
-6286
4409
14637
23305
29487
32519
32077
28203
21312
12137
1660
-8997
-18692
-26385
-31248
-32757
-30748
-25434
-17383
-7461
3266
13645
22556
29038
32390
32248
28625
21909
12824
2351
-8378
-18204
-26061
-31098
-32765
-30880
-25645
-17625
-7689
3083
13524
22496
29023
32393
32235
28565
21780
12618
2077
-8692
-18516
-26318
-31245
-32755
-30681
-25247
-17046
-6975
3863
14280
23132
29446
32527
32033
28015
20915
11510
836
-9932
-19609
-27125
-31650
-32682
-30103
-24198
-15616
-5304
5596
15880
24407
30232
32705
31550
26894
19250
9465
-1373
-12062
-21411
-28379
-32188
-32412
-29022
-22395
-13267
-2656
8253
18244
26197
31222
32754
30619
25054
16679
6433
-4537
-15001
-23783
-29895
-32648
-31731
-27244
-19690
-9916
976
11762
21224
28293
32170
32415
28997
22301
13080
2378
-8595
-18599
-26497
-31393
-32729
-30352
-24528
-15917
-5494
5554
15974
24578
30386
32734
31352
26395
18425
8351
-2679
-13405
-22602
-29217
-32491
-32046
-27932
-20616
-10936
0
10939
20625
27944
32055
32482
29173
22507
13249
2462
-8610
-18692
-26622
-31481
-32707
-30156
-24119
-15293
-4696
6446
16845
25296
30817
32766
30916
25477
17079
6695
-4468
-15115
-24006
-30106
-32702
-31489
-26606
-18620
-8460
2689
13528
22788
29387
32552
31909
27532
19930
9991
-1120
-12103
-21669
-28693
-32350
-32208
-28280
-21025
-11295
-234
10856
20671
28052
32127
32412
28871
21921
12379
1372
-9799
-19815
-27487
-31906
-32545
-29328
-22632
-13249
-2291
8940
19113
27016
31708
32629
29666
23169
13911
2992
-8285
-18577
-26654
-31549
-32677
-29899
-23544
-14372
-3477
7836
18214
26411
31442
32702
30037
23764
14635
3744
-7598
-18030
-26293
-31393
-32711
-30086
-23833
-14703
-3796
7571
18026
26305
31405
32707
30050
23753
14577
3632
-7754
-18204
-26446
-31479
-32688
-29925
-23522
-14256
-3253
8148
18560
26712
31608
32650
29706
23135
13736
2656
-8751
-19090
-27095
-31785
-32581
-29385
-22585
-13013
-1842
9557
19786
27585
31994
32468
28947
21861
12081
809
-10564
-20637
-28166
-32219
-32293
-28377
-20951
-10932
440
11762
21629
28819
32437
32033
27653
19840
9561
-1907
-13142
-22745
-29519
-32621
-31661
-26755
-18514
-7961
3586
14689
23960
30239
32740
31148
25658
16955
6128
-5469
-16384
-25247
-30944
-32759
-30461
-24336
-15151
-4058
7546
18204
26572
31595
32638
29565
22763
13087
1756
-9798
-20118
-27896
-32148
-32332
-28424
-20915
-10754
771
12203
22088
29171
32552
31797
27001
18769
8148
-3511
-14727
-24069
-30346
-32754
-30984
-25260
-16309
-5272
6439
17331
26008
31359
32696
29845
23169
13521
2137
-9523
-19964
-27843
-32146
-32318
-28334
-20703
-10405
1234
12717
22564
29503
32637
31559
26407
17841
6968
-4807
-15965
-25058
-30909
-32757
-30361
-24028
-14577
-3233
8533
19194
27364
31977
32433
28669
21173
10917
-762
-12345
-22321
-29387
-32619
-31592
-26438
-17828
-6884
4961
16161
25247
31028
32744
30168
23635
13998
2522
-9287
-19879
-27860
-32179
-32265
-28105
-20242
-9711
2101
13640
23382
30040
32733
31103
25362
16267
5018
-6896
-17901
-26537
-31659
-32585
-29190
-21921
-11741
0
11743
21929
29201
32589
31641
26480
17791
6728
-5233
-16499
-25566
-31222
-32709
-29826
-22955
-13013
-1327
10537
20994
28641
32450
31909
27088
18630
7668
-4324
-15739
-25041
-30976
-32744
-30105
-23411
-13561
-1880
10055
20637
28436
32397
31982
27244
18822
7852
-4182
-15653
-25007
-30974
-32743
-30072
-23319
-13400
-1660
10308
20879
28612
32455
31881
26966
18377
7282
-4807
-16245
-25468
-31216
-32702
-29720
-22675
-12528
-664
11292
21705
29147
32596
31576
26225
17274
5950
-6193
-17489
-26383
-31650
-32564
-28995
-21433
-10917
1105
12978
23064
29968
32737
30984
24950
15465
3839
-8320
-19330
-27666
-32170
-32217
-27796
-19519
-8531
3643
15314
24860
30951
32739
29972
23032
12884
938
-11141
-21669
-29176
-32613
-31498
-25982
-16835
-5332
6918
18204
26944
31912
32410
28366
20343
9465
-2743
-14569
-24351
-30713
-32759
-30198
-23387
-13283
-1306
10856
21492
29100
32604
31507
25962
16748
5166
-7147
-18454
-27152
-32008
-32332
-28076
-19840
-8789
3510
15314
24947
31038
32720
29752
22551
12140
0
-12143
-22559
-29762
-32723
-31017
-24884
-15198
-3339
8998
20053
28242
32393
31908
26854
17952
6476
-5930
-17489
-26541
-31785
-32465
-28481
-20402
-9388
2978
14918
24714
30951
32730
29790
22554
12062
-172
-12385
-22811
-29942
-32746
-30813
-24421
-14492
-2462
9926
20879
28806
32556
31581
26021
16679
4912
-7571
-18956
-27585
-32200
-32127
-27374
-18630
-7167
5342
17076
26318
31719
32485
28504
20353
9222
-3259
-15267
-25041
-31147
-32687
-29434
-21861
-11077
1334
13553
23783
30517
32764
30189
23169
12736
423
-11953
-22570
-29860
-32743
-30792
-24293
-14202
-2009
10483
21426
29201
32652
31267
25247
15482
3419
-9153
-20369
-28563
-32514
-31633
-26047
-16586
-4654
7973
19415
27967
32350
31910
26709
17520
5712
-6950
-18577
-27428
-32179
-32116
-27244
-18292
-6597
6088
17864
26962
32015
32263
27666
18910
7310
-5391
-17284
-26579
-31872
-32366
-27983
-19380
-7852
4862
16845
26287
31760
32433
28203
19707
8226
-4501
-16550
-26094
-31684
-32472
-28334
-19895
-8434
4310
16402
26003
31651
32486
28377
19946
8475
-4288
-16402
-26016
-31662
-32478
-28334
-19861
-8351
4437
16550
26133
31717
32445
28203
19638
8060
-4756
-16845
-26351
-31812
-32386
-27983
-19276
-7602
5243
17284
26666
31941
32293
27666
18769
6975
-5898
-17864
-27071
-32095
-32157
-27244
-18113
-6176
6719
18577
27557
32265
31968
26709
17302
5205
-7702
-19415
-28111
-32434
-31710
-26047
-16326
-4058
8843
20369
28719
32588
31368
25247
15179
2736
-10137
-21426
-29364
-32705
-30922
-24293
-13853
-1238
11573
22570
30025
32764
30353
23169
12339
-434
-13142
-23783
-30678
-32739
-29638
-21861
-10632
2276
14829
25041
31296
32604
28754
20353
8727
-4282
-16616
-26318
-31849
-32328
-27676
-18630
-6622
6439
18480
27585
32302
31880
26381
16679
4318
-8734
-20396
-28806
-32620
-31227
-24845
-14492
-1820
11144
22329
29942
32763
30335
23047
12062
-859
-13645
-24243
-30951
-32688
-29173
-20967
-9388
3703
16202
26094
31785
32354
27709
18593
6476
-6688
-18775
-27832
-32393
-31718
-25913
-15915
-3339
9779
21317
29402
32723
30737
23764
12933
0
-12935
-23772
-30745
-32720
-29372
-21243
-9654
3510
16105
26077
31798
32332
27590
18342
6096
-7147
-19226
-28162
-32493
-31507
-25362
-15061
-2291
10856
22227
29953
32765
30198
22670
11416
-1716
-14569
-25028
-31370
-32548
-28366
-19509
-7435
5867
18204
27539
32330
31782
25982
15887
3163
-10086
-21669
-29667
-32753
-30413
-23032
-11831
1334
14281
24860
31312
32563
28403
19519
7387
-5976
-18347
-27666
-32377
-31693
-25725
-15465
-2622
10659
22164
29968
32766
30086
22374
10917
-2369
-15261
-25599
-31650
-32396
-27709
-18372
-5950
7473
19643
28516
32596
31195
24546
13765
664
-12550
-23653
-30771
-32702
-29116
-20616
-8634
4807
17440
27128
32230
31881
26137
15968
3092
-10308
-21966
-29901
-32766
-30072
-22272
-10689
2711
15653
25937
31812
32275
27244
17574
4908
-8595
-20637
-29162
-32712
-30681
-23411
-12140
1206
14349
25041
31451
32480
27948
18630
6117
-7445
-19735
-28641
-32634
-31026
-24089
-13013
301
13567
24501
31222
32570
28309
19172
6728
-6876
-19298
-28393
-32589
-31159
-24347
-13326
0
13328
24354
31166
32585
28360
19220
6748
-6896
-19347
-28443
-32604
-31103
-24198
-13087
301
13640
24608
31294
32533
28105
18778
6176
-7504
-19879
-28786
-32669
-30847
-23635
-12290
1206
14493
25247
31583
32389
27520
17828
5008
-8692
-20870
-29387
-32745
-30352
-22624
-10917
2711
15865
26229
31977
32094
26556
16335
3233
-10442
-22277
-30182
-32757
-29546
-21112
-8944
4807
17712
27483
32390
31559
25136
14256
845
-12717
-24026
-31070
-32598
-28334
-19032
-6345
7473
19964
28903
32697
30666
23169
11540
-2148
-15456
-26008
-31918
-32127
-26596
-16309
-3103
10659
22517
30346
32741
29270
20553
8148
-5719
-18563
-28078
-32552
-31179
-24202
-12874
771
14281
25223
31625
32332
27214
17189
4062
-9798
-21894
-30040
-32762
-29565
-21025
-8682
5233
18204
27882
32514
31257
24336
13002
-691
-14262
-25247
-31650
-32307
-27094
-16955
-3732
10171
22227
30239
32747
29289
20494
7961
-6025
-18915
-28356
-32621
-30929
-23586
-11931
1907
15400
26077
31982
32033
26215
15592
2109
-11762
-23479
-30889
-32629
-28377
-18910
-5966
8077
20637
29402
32756
30080
21861
9613
-4409
-17621
-27585
-32459
-31342
-24435
-13013
816
14497
25499
31785
32188
26631
16140
2656
-11322
-23203
-30782
-32650
-28456
-18976
-5969
8148
20755
29503
32763
29925
21514
9095
-5021
-18204
-27995
-32564
-31058
-23753
-12011
1977
15598
26305
32095
31880
25698
14703
952
-12978
-24480
-31393
-32418
-27360
-17165
-3744
10381
22559
30497
32702
28754
19394
6380
-7836
-20580
-29446
-32762
-29899
-21393
-8847
5370
18577
28275
32630
30814
23169
11138
-3003
-16579
-27016
-32334
-31523
-24733
-13249
751
14612
25700
31906
32048
26096
15179
1372
-12698
-24354
-31371
-32412
-27273
-16932
-3359
10856
23003
30758
32638
28280
18514
5205
-9101
-21669
-30089
-32747
-29131
-19930
-6905
7445
20371
29387
32762
29844
21189
8460
-5898
-19125
-28673
-32702
-30433
-22301
-9868
4468
17946
27963
32585
30916
23274
11134
-3159
-16845
-27275
-32428
-31305
-24119
-12260
1977
15833
26622
32247
31615
24845
13249
-923
-14918
-26016
-32055
-31858
-25461
-14105
0
14107
25468
31864
32046
25975
14832
792
-13405
-24986
-31684
-32188
-26395
-15435
-1452
12817
24578
31525
32292
26727
15917
1981
-12345
-24250
-31393
-32366
-26976
-16280
-2378
11993
24006
31293
32415
27148
16527
2644
-11762
-23850
-31230
-32442
-27244
-16660
-2779
11653
23783
31206
32451
27267
16679
2783
-11667
-23806
-31222
-32441
-27217
-16586
-2656
11803
23919
31277
32412
27094
16378
2398
-12062
-24120
-31370
-32361
-26894
-16056
-2009
12441
24407
31496
32285
26615
15616
1488
-12939
-24777
-31650
-32178
-26251
-15055
-836
13553
25223
31826
32033
25797
14372
52
-14280
-25739
-32015
-31841
-25247
-13561
863
15115
26318
32208
31592
24592
12618
-1908
-16052
-26950
-32393
-31276
-23823
-11540
3083
17085
27622
32556
30880
22932
10324
-4384
-18204
-28323
-32682
-30389
-21909
-8965
5807
19399
29038
32755
29790
20744
7461
-7347
-20658
-29748
-32757
-29067
-19428
-5811
8997
21966
30436
32669
28203
17952
4016
-10746
-23305
-31079
-32468
-27184
-16309
-2077
12583
24657
31656
32135
25992
14491
0
-14493
-25999
-32139
-31644
-24613
-12494
2208
16457
27304
32503
30975
23032
10317
-4537
-18454
-28547
-32719
-30103
-21238
-7961
6971
20458
29694
32757
29007
19220
5431
-9491
-22439
-30713
-32587
-27666
-16973
-2736
12073
24364
31568
32177
26060
14492
-108
-14689
-26197
-32222
-31498
-24174
-11781
3083
17304
27896
32634
30520
21996
8847
-6162
-19879
-29416
-32766
-29219
-19519
-5706
9311
22368
30711
32578
27570
16743
2378
-12491
-24723
-31732
-32033
-25558
-13674
1105
15653
26888
32428
31095
23169
10328
-4707
-18745
-28806
-32750
-29736
-20402
-6728
8378
21705
30414
32650
27932
17262
2911
-12062
-24465
-31651
-32083
-25665
-13765
1077
15692
26955
32455
31012
22932
9941
-5180
-19194
-29098
-32765
-29406
-19738
-5832
9326
22486
30817
32526
27244
16102
1495
-13436
-25478
-32035
-31693
-24521
-12062
2999
17416
28078
32680
30226
21243
7668
-7565
-21167
-30192
-32685
-28105
-17438
-2992
12103
24578
31727
31995
25321
13150
-1876
-16499
-27539
-32596
-30567
-21889
-8448
6833
20630
29936
32722
28377
17845
3419
-11753
-24364
-31659
-32040
-25423
-13249
1823
16499
27568
32607
30508
21729
8189
-7147
-20920
-30108
-32693
-28105
-17347
-2779
12401
24860
31856
31850
24838
12360
-2839
-17416
-28160
-32702
-30037
-20749
-6884
8501
22013
30668
32552
27244
15915
1066
-14020
-26008
-32243
-31342
-23500
-10451
4915
19194
29220
32766
29042
18871
4509
-10856
-23813
-31479
-32147
-25665
-13473
1720
16533
27666
32637
30335
21271
7461
-8015
-21705
-30552
-32578
-27327
-15968
-1038
14125
26133
32294
31228
23169
9920
-5554
-19786
-29584
-32748
-28565
-17970
-3339
12043
24723
31849
31816
24627
11897
-3511
-18132
-28673
-32755
-29458
-19519
-5177
10334
23516
31393
32182
25702
13414
-1907
-16800
-27896
-32682
-30072
-20653
-6555
9029
22570
30997
32395
26445
14492
-751
-15827
-27310
-32589
-30461
-21406
-7481
8148
21926
30713
32507
26894
15151
-48
-15238
-26955
-32522
-30664
-21804
-7961
7702
21608
30575
32549
27076
15403
202
-15047
-26852
-32503
-30703
-21861
-8002
7696
21629
30598
32538
27001
15255
0
-15257
-27007
-32541
-30582
-21579
-7602
8129
21989
30779
32468
26664
14703
-655
-15865
-27411
-32621
-30288
-20948
-6758
8997
22672
31098
32318
26047
13736
-1763
-16855
-28038
-32713
-29790
-19946
-5464
10289
23653
31516
32046
25116
12336
-3319
-18204
-28847
-32766
-29042
-18541
-3711
11987
24889
31977
31593
23823
10480
-5316
-19871
-29777
-32711
-27983
-16697
-1495
14059
26318
32404
30885
22114
8148
-7733
-21801
-30745
-32460
-26539
-14372
1180
16457
27860
32699
29832
19930
5325
-10537
-23916
-31650
-31910
-24631
-11530
4298
19113
29409
32747
28334
17210
2009
-13670
-26112
-32365
-30942
-22178
-8148
7817
21929
30833
32412
26285
13907
-1780
-17047
-28259
-32743
-29429
-19103
-4222
11667
24777
31977
31548
23586
9991
-5992
-20546
-30192
-32619
-27244
-15350
219
15739
27492
32660
30001
20149
5464
-10533
-24006
-31719
-31816
-24270
-10892
5106
19879
29873
32681
27625
15917
373
-15261
-27221
-32621
-30156
-20416
-5748
10308
23879
31684
31836
24293
10875
-5173
-19973
-29942
-32665
-27477
-15633
0
15636
27483
32666
29925
19920
5078
-10999
-24407
-31886
-31615
-23656
-9941
6193
20824
30386
32549
26782
14487
-1341
-16845
-28242
-32749
-29262
-18630
-3445
12583
25539
32252
31078
22301
8064
-8148
-22368
-31111
-32231
-25451
-12429
3643
18824
29387
32737
28047
16465
836
-15001
-27152
-32625
-30072
-20115
-5205
10989
24479
31937
31523
23335
9388
-6876
-21447
-30723
-32412
-26092
-13322
2743
18132
29038
32759
28371
16955
1338
-14612
-26944
-32596
-30164
-20247
-5304
10958
24501
31960
31477
23169
9099
-7236
-21774
-30894
-32323
-25702
-12676
3510
18824
29446
32724
27837
16000
166
-15711
-27666
-32707
-29572
-19041
-3744
12491
25602
32304
30916
21780
7184
-9215
-23305
-31551
-31880
-24205
-10451
5930
20824
30486
32483
26311
13518
-2679
-18204
-29147
-32749
-28098
-16364
-502
15488
27574
32702
29574
18976
3583
-12717
-25806
-32371
-30748
-21345
-6538
9926
23879
31785
31636
23467
9346
-7147
-21830
-30974
-32254
-25342
-11991
4409
19692
29968
32623
26976
14462
-1736
-17495
-28798
-32764
-28377
-16752
-852
15267
27492
32699
29554
18857
3339
-13034
-26077
-32450
-30520
-20777
-5712
10817
24578
32042
31291
22515
7961
-8637
-23021
-31496
-31881
-24075
-10079
6509
21426
30833
32307
25463
12062
-4448
-19815
-30076
-32585
-26689
-13907
2465
18204
29244
32732
27762
15616
-569
-16610
-28356
-32765
-28692
-17189
-1231
15047
27428
32699
29490
18630
2932
-13528
-26478
-32552
-30168
-19943
-4530
12062
25519
32337
30737
21133
6022
-10659
-24565
-32068
-31208
-22206
-7407
9326
23628
31760
31593
23169
8686
-8070
-22719
-31423
-31903
-24028
-9858
6896
21846
31070
32147
24790
10926
-5807
-21019
-30711
-32336
-25461
-11891
4807
20244
30356
32478
26047
12755
-3899
-19528
-30012
-32581
-26556
-13521
3083
18877
29687
32654
26991
14192
-2362
-18294
-29387
-32703
-27360
-14769
1736
17784
29119
32734
27666
15255
-1206
-17349
-28887
-32752
-27913
-15652
771
16993
28695
32761
28105
15962
-434
-16717
-28547
-32765
-28244
-16186
193
16523
28443
32766
28334
16326
-48
-16412
-28387
-32766
-28374
-16382
0
0
0
0
0
0
0
0
0
0
0
0
0
0
0
0
0
0
0
0
0
0
0
0
0
0
0
0
0
0
0
0
0
0
0
0
0
0
0
0
0
0
0
0
0
0
0
0
0
0
0
0
0
0
0
0
0
0
0
0
0
0
0
0
0
0
0
0
0
0
0
0
0
0
0
0
0
0
0
0
0
0
0
0
0
0
0
0
0
0
0
0
0
0
0
0
0
0
0
0
0
0
0
0
0
0
0
0
0
0
0
0
0
0
0
0
0
0
0
0
0
0
0
0
0
0
0
0
0
0
0
0
0
0
0
0
0
0
0
0
0
0
0
0
0
0
0
0
0
0
0
0
0
0
0
0
0
0
0
0
0
0
0
0
0
0
0
0
0
0
0
0
0
0
0
0
0
0
0
0
0
0
0
0
0
0
0
0
0
0
0
0
0
0
0
0
0
0
0
0
0
0
0
0
0
0
0
0
0
0
0
0
0
0
0
0
0
0
0
0
0
0
0
0
0
0
0
0
0
0
0
0
0
0
0
0
0
0
0
0
0
0
0
0
0
0
0
0
0
0
0
0
0
0
0
0
0
0
0
0
0
0
0
0
0
0
0
0
0
0
0
0
0
0
0
0
0
0
0
0
0
0
0
0
0
0
0
0
0
0
0
0
0
0
0
0
0
0
0
0
0
0
0
0
0
0
0
0
0
0
0
0
0
0
0
0
0
0
0
0
0
0
0
0
0
0
0
0
0
0
0
0
0
0
0
0
0
0
0
0
0
0
0
0
0
0
0
0
0
0
0
0
0
0
0
0
0
0
0
0
0
0
0
0
0
0
0
0
0
0
0
0
0
0
0
0
0
0
0
0
0
0
0
0
0
0
0
0
0
0
0
0
0
0
0
0
0
0
0
0
0
0
0
0
0
0
0
0
0
0
0
0
0
0
0
0
0
0
0
0
0
0
0
0
0
0
0
0
0
0
0
0
0
0
0
0
0
0
0
0
0
0
0
0
0
0
0
0
0
0
0
0
0
0
0
0
0
0
0
0
0
0
0
0
0
0
0
0
0
0
0
0
0
0
0
0
0
0
0
0
0
0
0
0
0
0
0
0
0
0
0
0
0
0
0
0
0
0
0
0
0
0
0
0
0
0
0
0
0
0
0
0
0
0
0
0
0
0
0
0
0
0
0
0
0
0
0
0
0
0
0
0
0
0
0
0
0
0
0
0
0
0
0
0
0
0
0
0
0
0
0
0
0
0
0
0
0
0
0
0
0
0
0
0
0
0
0
0
0
0
0
0
0
0
0
0
0
0
0
0
0
0
0
0
0
0
0
0
0
0
0
0
0
0
0
0
0
0
0
0
0
0
0
0
0
0
0
0
0
0
0
0
0
0
0
0
0
0
0
0
0
0
0
0
0
0
0
0
0
0
0
0
0
0
0
0
0
0
0
0
0
0
0
0
0
0
0
0
0
0
0
0
0
0
0
0
0
0
0
0
0
0
0
0
0
0
0
0
0
0
0
0
0
0
0
0
0
0
0
0
0
0
0
0
0
0
0
0
0
0
0
0
0
0
0
0
0
0
0
0
0
0
0
0
0
0
0
0
0
0
0
0
0
0
0
0
0
0
0
0
0
0
0
0
0
0
0
0
0
0
0
0
0
0
0
0
0
0
0
0
0
0
0
0
0
0
0
0
0
0
0
0
0
0
0
0
0
0
0
0
0
0
0
0
0
0
0
0
0
0
0
0
0
0
0
0
0
0
0
0
0
0
0
0
0
0
0
0
0
0
0
0
0
0
0
0
0
0
0
0
0
0
0
0
0
0
0
0
0
0
0
0
0
0
0
0
0
0
0
0
0
0
0
0
0
0
0
0
0
0
0
0
0
0
0
0
0
0
0
0
0
0
0
0
0
0
0
0
0
0
0
0
0
0
0
0
0
0
0
0
0
0
0
0
0
0
0
0
0
0
0
0
0
0
0
0
0
0
0
0
0
0
0
0
0
0
0
0
0
0
0
0
0
0
0
0
0
0
0
0
0
0
0
0
0
0
0
0
0
0
0
0
0
0
0
0
0
0
0
0
0
0
0
0
0
0
0
0
0
0
0
0
0
0
0
0
0
0
0
0
0
0
0
0
0
0
0
0
0
0
0
0
0
0
0
0
0
0
0
0
14043
13840
13240
12258
10923
9272
7352
5218
2930
553
-1843
-4192
-6427
-8482
-10299
-11824
-13013
-13831
-14254
-14266
-13867
-13066
-11884
-10353
-8516
-6424
-4136
-1716
766
3241
5636
7882
9914
11672
13103
14164
14822
15055
14854
14222
13173
11736
9948
7860
5529
3020
406
-2238
-4837
-7316
-9601
-11625
-13326
-14654
-15566
-16034
-16039
-15580
-14665
-13317
-11573
-9480
-7097
-4491
-1735
1089
3903
6623
9170
11467
13447
15050
16225
16938
17162
16890
16125
14888
13210
11140
8734
6062
3200
230
-2760
-5686
-8459
-11000
-13231
-15088
-16513
-17464
-17912
-17841
-17251
-16159
-14595
-12603
-10241
-7577
-4688
-1658
1423
4466
7383
10087
12500
14549
16177
17334
17987
18118
17723
16815
15421
13582
11354
8802
6004
3040
0
-3028
-5956
-8697
-11173
-13311
-15052
-16345
-17157
-17466
-17267
-16568
-15395
-13786
-11791
-9472
-6901
-4155
-1317
1528
4298
6911
9292
11375
13101
14425
15312
15742
15710
15223
14303
12983
11309
9337
7130
4757
2292
-189
-2616
-4915
-7021
-8876
-10431
-11646
-12493
-12956
-13030
-12723
-12054
-11054
-9761
-8223
-6493
-4629
-2691
-741
1163
2964
4613
6063
7278
8230
8900
9279
9368
9176
8722
8032
7139
6080
4898
3637
2340
1052
-185
-1336
-2367
-3252
-3971
-4510
-4863
-5033
-5027
-4859
-4548
-4118
-3597
-3012
-2393
-1770
-1170
-617
-132
267
572
775
876
880
797
640
427
179
-81
-332
-552
-719
-817
-829
-747
-564
-282
94
556
1085
1663
2266
2866
3436
3947
4371
4681
4854
4871
4719
4389
3880
3197
2354
1368
267
-918
-2154
-3398
-4610
-5746
-6765
-7626
-8293
-8736
-8928
-8854
-8503
-7877
-6983
-5841
-4477
-2926
-1232
557
2389
4208
5955
7575
9013
10221
11155
11779
12067
12001
11577
10799
9684
8259
6562
4640
2547
344
-1903
-4128
-6263
-8242
-10003
-11491
-12657
-13463
-13882
-13896
-13502
-12709
-11537
-10020
-8200
-6131
-3873
-1494
936
3345
5660
7812
9737
11377
12683
13618
14152
14272
13976
13273
12187
10752
9012
7021
4841
2538
181
-2157
-4410
-6509
-8394
-10012
-11316
-12273
-12859
-13062
-12881
-12328
-11426
-10208
-8717
-7002
-5119
-3129
-1093
926
2868
4676
6300
7695
8825
9663
10193
10408
10310
9914
9241
8322
7193
5898
4482
2994
1484
0
-1413
-2715
-3869
-4845
-5622
-6186
-6528
-6651
-6564
-6282
-5827
-5225
-4507
-3706
-2857
-1992
-1145
-345
380
1010
1529
1926
2196
2340
2365
2282
2108
1862
1566
1244
919
614
351
146
14
-33
6
133
344
627
967
1347
1744
2135
2494
2797
3021
3144
3149
3022
2755
2346
1798
1120
329
-552
-1499
-2481
-3462
-4408
-5280
-6043
-6663
-7109
-7355
-7381
-7174
-6728
-6047
-5140
-4027
-2736
-1299
242
1842
3453
5022
6499
7833
8976
9887
10529
10874
10902
10602
9976
9033
7795
6293
4566
2663
638
-1448
-3535
-5557
-7452
-9160
-10626
-11801
-12645
-13127
-13229
-12942
-12270
-11229
-9846
-8160
-6218
-4078
-1801
543
2887
5160
7292
9219
10883
12233
13228
13837
14043
13837
13228
12233
10883
9219
7292
5160
2887
543
-1801
-4078
-6218
-8160
-9846
-11229
-12270
-12942
-13229
-13127
-12645
-11801
-10626
-9160
-7452
-5557
-3535
-1448
638
2663
4566
6293
7795
9033
9976
10602
10902
10874
10529
9887
8976
7833
6499
5022
3453
1842
242
-1299
-2736
-4027
-5140
-6047
-6728
-7174
-7381
-7355
-7109
-6663
-6043
-5280
-4408
-3462
-2481
-1499
-552
329
1120
1798
2346
2755
3022
3149
3144
3021
2797
2494
2135
1744
1347
967
627
344
133
6
-33
14
146
351
614
919
1244
1566
1862
2108
2282
2365
2340
2196
1926
1529
1010
380
-345
-1145
-1992
-2857
-3706
-4507
-5225
-5827
-6282
-6564
-6651
-6528
-6186
-5622
-4845
-3869
-2715
-1413
0
1484
2994
4482
5898
7193
8322
9241
9914
10310
10408
10193
9663
8825
7695
6300
4676
2868
926
-1093
-3129
-5119
-7002
-8717
-10208
-11426
-12328
-12881
-13062
-12859
-12273
-11316
-10012
-8394
-6509
-4410
-2157
181
2538
4841
7021
9012
10752
12187
13273
13976
14272
14152
13618
12683
11377
9737
7812
5660
3345
936
-1494
-3873
-6131
-8200
-10020
-11537
-12709
-13502
-13896
-13882
-13463
-12657
-11491
-10003
-8242
-6263
-4128
-1903
344
2547
4640
6562
8259
9684
10799
11577
12001
12067
11779
11155
10221
9013
7575
5955
4208
2389
557
-1232
-2926
-4477
-5841
-6983
-7877
-8503
-8854
-8928
-8736
-8293
-7626
-6765
-5746
-4610
-3398
-2154
-918
267
1368
2354
3197
3880
4389
4719
4871
4854
4681
4371
3947
3436
2866
2266
1663
1085
556
94
-282
-564
-747
-829
-817
-719
-552
-332
-81
179
427
640
797
880
876
775
572
267
-132
-617
-1170
-1770
-2393
-3012
-3597
-4118
-4548
-4859
-5027
-5033
-4863
-4510
-3971
-3252
-2367
-1336
-185
1052
2340
3637
4898
6080
7139
8032
8722
9176
9368
9279
8900
8230
7278
6063
4613
2964
1163
-741
-2691
-4629
-6493
-8223
-9761
-11054
-12054
-12723
-13030
-12956
-12493
-11646
-10431
-8876
-7021
-4915
-2616
-189
2292
4757
7130
9337
11309
12983
14303
15223
15710
15742
15312
14425
13101
11375
9292
6911
4298
1528
-1317
-4155
-6901
-9472
-11791
-13786
-15395
-16568
-17267
-17466
-17157
-16345
-15052
-13311
-11173
-8697
-5956
-3028
0
3040
6004
8802
11354
13582
15421
16815
17723
18118
17987
17334
16177
14549
12500
10087
7383
4466
1423
-1658
-4688
-7577
-10241
-12603
-14595
-16159
-17251
-17841
-17912
-17464
-16513
-15088
-13231
-11000
-8459
-5686
-2760
230
3200
6062
8734
11140
13210
14888
16125
16890
17162
16938
16225
15050
13447
11467
9170
6623
3903
1089
-1735
-4491
-7097
-9480
-11573
-13317
-14665
-15580
-16039
-16034
-15566
-14654
-13326
-11625
-9601
-7316
-4837
-2238
406
3020
5529
7860
9948
11736
13173
14222
14854
15055
14822
14164
13103
11672
9914
7882
5636
3241
766
-1716
-4136
-6424
-8516
-10353
-11884
-13066
-13867
-14266
-14254
-13831
-13013
-11824
-10299
-8482
-6427
-4192
-1843
553
2930
5218
7352
9272
10923
12258
13240
13840
0
0
0
0
0
0
0
0
0
0
0
0
0
0
0
0
0
0
0
0
0
0
0
0
0
0
0
0
0
0
0
0
0
0
0
0
0
0
0
0
0
0
0
0
0
0
0
0
0
0
0
0
0
0
0
0
0
0
0
0
0
0
0
0
0
0
0
-14043
-13807
-13107
-11968
-10428
-8538
-6363
-3977
-1459
1104
3628
6025
8217
10128
11695
12865
13600
13874
13680
13025
11932
10439
8597
6469
4129
1655
-867
-3352
-5716
-7879
-9767
-11317
-12476
-13206
-13483
-13299
-12661
-11591
-10128
-8321
-6234
-3939
-1515
954
3386
5694
7801
9635
11131
12241
12924
13160
12939
12269
11175
9694
7876
5786
3494
1081
-1371
-3777
-6054
-8124
-9914
-11363
-12419
-13046
-13221
-12938
-12204
-11045
-9498
-7616
-5463
-3111
-641
1863
4316
6633
8734
10548
12010
13069
13687
13842
13524
12744
11524
9905
7937
5686
3227
639
-1989
-4571
-7021
-9255
-11198
-12783
-13955
-14674
-14913
-14660
-13923
-12721
-11092
-9088
-6770
-4214
-1501
1280
4042
6693
9147
11325
13154
14574
15538
16013
15981
15442
14411
12917
11008
8743
6191
3432
552
-2357
-5206
-7906
-10371
-12524
-14298
-15638
-16501
-16860
-16704
-16038
-14882
-13271
-11256
-8897
-6269
-3450
-526
2412
5277
7982
10447
12597
14369
15712
16586
16969
16850
16237
15149
13621
11702
9450
6935
4230
1419
-1417
-4195
-6835
-9260
-11403
-13203
-14614
-15597
-16129
-16200
-15812
-14983
-13741
-12127
-10190
-7990
-5593
-3069
-489
2072
4544
6860
8958
10784
12291
13443
14216
14595
14576
14168
13389
12266
10837
9146
7243
5182
3022
821
-1361
-3470
-5453
-7260
-8849
-10185
-11239
-11992
-12431
-12554
-12363
-11873
-11101
-10074
-8822
-7381
-5790
-4090
-2324
-535
1234
2945
4558
6039
7358
8487
9407
10100
10557
10770
10741
10473
9976
9265
8356
7272
6038
4681
3229
1715
171
-1372
-2883
-4329
-5680
-6909
-7990
-8899
-9617
-10128
-10418
-10481
-10313
-9914
-9291
-8454
-7420
-6206
-4839
-3346
-1757
-109
1563
3221
4827
6343
7730
8954
9984
10789
11348
11641
11656
11387
10836
10011
8927
7605
6076
4372
2535
608
-1360
-3321
-5225
-7021
-8661
-10100
-11297
-12218
-12834
-13125
-13079
-12692
-11970
-10929
-9592
-7990
-6165
-4162
-2032
166
2377
4541
6598
8492
10171
11588
12702
13483
13906
13958
13636
12948
11911
10552
8907
7021
4945
2736
454
-1837
-4076
-6201
-8154
-9881
-11335
-12476
-13275
-13711
-13774
-13462
-12788
-11771
-10443
-8841
-7013
-5010
-2890
-711
1464
3577
5570
7388
8984
10317
11352
12065
12442
12476
12172
11544
10614
9414
7980
6357
4594
2742
852
-1019
-2825
-4514
-6044
-7376
-8479
-9327
-9905
-10203
-10221
-9966
-9454
-8705
-7748
-6616
-5344
-3971
-2540
-1091
336
1705
2979
4128
5126
5952
6592
7037
7282
7331
7192
6878
6405
5794
5069
4254
3377
2463
1538
627
-247
-1066
-1812
-2471
-3033
-3491
-3842
-4086
-4225
-4265
-4214
-4080
-3875
-3610
-3296
-2945
-2567
-2173
-1772
-1371
-976
-593
-225
124
455
766
1058
1330
1583
1817
2032
2228
2402
2554
2681
2779
2844
2874
2863
2808
2704
2551
2344
2084
1772
1410
1001
552
70
-435
-953
-1473
-1982
-2466
-2912
-3307
-3638
-3894
-4065
-4144
-4124
-4004
-3783
-3464
-3052
-2555
-1986
-1357
-683
16
726
1427
2099
2724
3286
3769
4159
4446
4621
4681
4621
4446
4159
3769
3286
2724
2099
1427
726
16
-683
-1357
-1986
-2555
-3052
-3464
-3783
-4004
-4124
-4144
-4065
-3894
-3638
-3307
-2912
-2466
-1982
-1473
-953
-435
70
552
1001
1410
1772
2084
2344
2551
2704
2808
2863
2874
2844
2779
2681
2554
2402
2228
2032
1817
1583
1330
1058
766
455
124
-225
-593
-976
-1371
-1772
-2173
-2567
-2945
-3296
-3610
-3875
-4080
-4214
-4265
-4225
-4086
-3842
-3491
-3033
-2471
-1812
-1066
-247
627
1538
2463
3377
4254
5069
5794
6405
6878
7192
7331
7282
7037
6592
5952
5126
4128
2979
1705
336
-1091
-2540
-3971
-5344
-6616
-7748
-8705
-9454
-9966
-10221
-10203
-9905
-9327
-8479
-7376
-6044
-4514
-2825
-1019
852
2742
4594
6357
7980
9414
10614
11544
12172
12476
12442
12065
11352
10317
8984
7388
5570
3577
1464
-711
-2890
-5010
-7013
-8841
-10443
-11771
-12788
-13462
-13774
-13711
-13275
-12476
-11335
-9881
-8154
-6201
-4076
-1837
454
2736
4945
7021
8907
10552
11911
12948
13636
13958
13906
13483
12702
11588
10171
8492
6598
4541
2377
166
-2032
-4162
-6165
-7990
-9592
-10929
-11970
-12692
-13079
-13125
-12834
-12218
-11297
-10100
-8661
-7021
-5225
-3321
-1360
608
2535
4372
6076
7605
8927
10011
10836
11387
11656
11641
11348
10789
9984
8954
7730
6343
4827
3221
1563
-109
-1757
-3346
-4839
-6206
-7420
-8454
-9291
-9914
-10313
-10481
-10418
-10128
-9617
-8899
-7990
-6909
-5680
-4329
-2883
-1372
171
1715
3229
4681
6038
7272
8356
9265
9976
10473
10741
10770
10557
10100
9407
8487
7358
6039
4558
2945
1234
-535
-2324
-4090
-5790
-7381
-8822
-10074
-11101
-11873
-12363
-12554
-12431
-11992
-11239
-10185
-8849
-7260
-5453
-3470
-1361
821
3022
5182
7243
9146
10837
12266
13389
14168
14576
14595
14216
13443
12291
10784
8958
6860
4544
2072
-489
-3069
-5593
-7990
-10190
-12127
-13741
-14983
-15812
-16200
-16129
-15597
-14614
-13203
-11403
-9260
-6835
-4195
-1417
1419
4230
6935
9450
11702
13621
15149
16237
16850
16969
16586
15712
14369
12597
10447
7982
5277
2412
-526
-3450
-6269
-8897
-11256
-13271
-14882
-16038
-16704
-16860
-16501
-15638
-14298
-12524
-10371
-7906
-5206
-2357
552
3432
6191
8743
11008
12917
14411
15442
15981
16013
15538
14574
13154
11325
9147
6693
4042
1280
-1501
-4214
-6770
-9088
-11092
-12721
-13923
-14660
-14913
-14674
-13955
-12783
-11198
-9255
-7021
-4571
-1989
639
3227
5686
7937
9905
11524
12744
13524
13842
13687
13069
12010
10548
8734
6633
4316
1863
-641
-3111
-5463
-7616
-9498
-11045
-12204
-12938
-13221
-13046
-12419
-11363
-9914
-8124
-6054
-3777
-1371
1081
3494
5786
7876
9694
11175
12269
12939
13160
12924
12241
11131
9635
7801
5694
3386
954
-1515
-3939
-6234
-8321
-10128
-11591
-12661
-13299
-13483
-13206
-12476
-11317
-9767
-7879
-5716
-3352
-867
1655
4129
6469
8597
10439
11932
13025
13680
13874
13600
12865
11695
10128
8217
6025
3628
1104
-1459
-3977
-6363
-8538
-10428
-11968
-13107
-13807
0
0
0
0
0
0
0
0
0
0
0
0
0
0
0
0
0
0
0
0
0
0
0
0
0
0
0
0
0
0
0
0
0
0
0
0
0
0
0
0
0
0
0
0
0
0
0
0
0
0
0
0
0
0
0
0
0
0
0
0
0
0
0
0
0
0
0
14043
13837
13228
12233
10883
9219
7292
5160
2887
543
-1801
-4078
-6218
-8160
-9846
-11229
-12270
-12942
-13229
-13127
-12645
-11801
-10626
-9160
-7452
-5557
-3535
-1448
638
2663
4566
6293
7795
9033
9976
10602
10902
10874
10529
9887
8976
7833
6499
5022
3453
1842
242
-1299
-2736
-4027
-5140
-6047
-6728
-7174
-7381
-7355
-7109
-6663
-6043
-5280
-4408
-3462
-2481
-1499
-552
329
1120
1798
2346
2755
3022
3149
3144
3021
2797
2494
2135
1744
1347
967
627
344
133
6
-33
14
146
351
614
919
1244
1566
1862
2108
2282
2365
2340
2196
1926
1529
1010
380
-345
-1145
-1992
-2857
-3706
-4507
-5225
-5827
-6282
-6564
-6651
-6528
-6186
-5622
-4845
-3869
-2715
-1413
0
1484
2994
4482
5898
7193
8322
9241
9914
10310
10408
10193
9663
8825
7695
6300
4676
2868
926
-1093
-3129
-5119
-7002
-8717
-10208
-11426
-12328
-12881
-13062
-12859
-12273
-11316
-10012
-8394
-6509
-4410
-2157
181
2538
4841
7021
9012
10752
12187
13273
13976
14272
14152
13618
12683
11377
9737
7812
5660
3345
936
-1494
-3873
-6131
-8200
-10020
-11537
-12709
-13502
-13896
-13882
-13463
-12657
-11491
-10003
-8242
-6263
-4128
-1903
344
2547
4640
6562
8259
9684
10799
11577
12001
12067
11779
11155
10221
9013
7575
5955
4208
2389
557
-1232
-2926
-4477
-5841
-6983
-7877
-8503
-8854
-8928
-8736
-8293
-7626
-6765
-5746
-4610
-3398
-2154
-918
267
1368
2354
3197
3880
4389
4719
4871
4854
4681
4371
3947
3436
2866
2266
1663
1085
556
94
-282
-564
-747
-829
-817
-719
-552
-332
-81
179
427
640
797
880
876
775
572
267
-132
-617
-1170
-1770
-2393
-3012
-3597
-4118
-4548
-4859
-5027
-5033
-4863
-4510
-3971
-3252
-2367
-1336
-185
1052
2340
3637
4898
6080
7139
8032
8722
9176
9368
9279
8900
8230
7278
6063
4613
2964
1163
-741
-2691
-4629
-6493
-8223
-9761
-11054
-12054
-12723
-13030
-12956
-12493
-11646
-10431
-8876
-7021
-4915
-2616
-189
2292
4757
7130
9337
11309
12983
14303
15223
15710
15742
15312
14425
13101
11375
9292
6911
4298
1528
-1317
-4155
-6901
-9472
-11791
-13786
-15395
-16568
-17267
-17466
-17157
-16345
-15052
-13311
-11173
-8697
-5956
-3028
0
3040
6004
8802
11354
13582
15421
16815
17723
18118
17987
17334
16177
14549
12500
10087
7383
4466
1423
-1658
-4688
-7577
-10241
-12603
-14595
-16159
-17251
-17841
-17912
-17464
-16513
-15088
-13231
-11000
-8459
-5686
-2760
230
3200
6062
8734
11140
13210
14888
16125
16890
17162
16938
16225
15050
13447
11467
9170
6623
3903
1089
-1735
-4491
-7097
-9480
-11573
-13317
-14665
-15580
-16039
-16034
-15566
-14654
-13326
-11625
-9601
-7316
-4837
-2238
406
3020
5529
7860
9948
11736
13173
14222
14854
15055
14822
14164
13103
11672
9914
7882
5636
3241
766
-1716
-4136
-6424
-8516
-10353
-11884
-13066
-13867
-14266
-14254
-13831
-13013
-11824
-10299
-8482
-6427
-4192
-1843
553
2930
5218
7352
9272
10923
12258
13240
13840
14043
13840
13240
12258
10923
9272
7352
5218
2930
553
-1843
-4192
-6427
-8482
-10299
-11824
-13013
-13831
-14254
-14266
-13867
-13066
-11884
-10353
-8516
-6424
-4136
-1716
766
3241
5636
7882
9914
11672
13103
14164
14822
15055
14854
14222
13173
11736
9948
7860
5529
3020
406
-2238
-4837
-7316
-9601
-11625
-13326
-14654
-15566
-16034
-16039
-15580
-14665
-13317
-11573
-9480
-7097
-4491
-1735
1089
3903
6623
9170
11467
13447
15050
16225
16938
17162
16890
16125
14888
13210
11140
8734
6062
3200
230
-2760
-5686
-8459
-11000
-13231
-15088
-16513
-17464
-17912
-17841
-17251
-16159
-14595
-12603
-10241
-7577
-4688
-1658
1423
4466
7383
10087
12500
14549
16177
17334
17987
18118
17723
16815
15421
13582
11354
8802
6004
3040
0
-3028
-5956
-8697
-11173
-13311
-15052
-16345
-17157
-17466
-17267
-16568
-15395
-13786
-11791
-9472
-6901
-4155
-1317
1528
4298
6911
9292
11375
13101
14425
15312
15742
15710
15223
14303
12983
11309
9337
7130
4757
2292
-189
-2616
-4915
-7021
-8876
-10431
-11646
-12493
-12956
-13030
-12723
-12054
-11054
-9761
-8223
-6493
-4629
-2691
-741
1163
2964
4613
6063
7278
8230
8900
9279
9368
9176
8722
8032
7139
6080
4898
3637
2340
1052
-185
-1336
-2367
-3252
-3971
-4510
-4863
-5033
-5027
-4859
-4548
-4118
-3597
-3012
-2393
-1770
-1170
-617
-132
267
572
775
876
880
797
640
427
179
-81
-332
-552
-719
-817
-829
-747
-564
-282
94
556
1085
1663
2266
2866
3436
3947
4371
4681
4854
4871
4719
4389
3880
3197
2354
1368
267
-918
-2154
-3398
-4610
-5746
-6765
-7626
-8293
-8736
-8928
-8854
-8503
-7877
-6983
-5841
-4477
-2926
-1232
557
2389
4208
5955
7575
9013
10221
11155
11779
12067
12001
11577
10799
9684
8259
6562
4640
2547
344
-1903
-4128
-6263
-8242
-10003
-11491
-12657
-13463
-13882
-13896
-13502
-12709
-11537
-10020
-8200
-6131
-3873
-1494
936
3345
5660
7812
9737
11377
12683
13618
14152
14272
13976
13273
12187
10752
9012
7021
4841
2538
181
-2157
-4410
-6509
-8394
-10012
-11316
-12273
-12859
-13062
-12881
-12328
-11426
-10208
-8717
-7002
-5119
-3129
-1093
926
2868
4676
6300
7695
8825
9663
10193
10408
10310
9914
9241
8322
7193
5898
4482
2994
1484
0
-1413
-2715
-3869
-4845
-5622
-6186
-6528
-6651
-6564
-6282
-5827
-5225
-4507
-3706
-2857
-1992
-1145
-345
380
1010
1529
1926
2196
2340
2365
2282
2108
1862
1566
1244
919
614
351
146
14
-33
6
133
344
627
967
1347
1744
2135
2494
2797
3021
3144
3149
3022
2755
2346
1798
1120
329
-552
-1499
-2481
-3462
-4408
-5280
-6043
-6663
-7109
-7355
-7381
-7174
-6728
-6047
-5140
-4027
-2736
-1299
242
1842
3453
5022
6499
7833
8976
9887
10529
10874
10902
10602
9976
9033
7795
6293
4566
2663
638
-1448
-3535
-5557
-7452
-9160
-10626
-11801
-12645
-13127
-13229
-12942
-12270
-11229
-9846
-8160
-6218
-4078
-1801
543
2887
5160
7292
9219
10883
12233
13228
13837
0
0
0
0
0
0
0
0
0
0
0
0
0
0
0
0
0
0
0
0
0
0
0
0
0
0
0
0
0
0
0
0
0
0
0
0
0
0
0
0
0
0
0
0
0
0
0
0
0
0
0
0
0
0
0
0
0
0
0
0
0
0
0
0
0
0
0
4681
4643
4532
4348
4092
3766
3372
2915
2397
1826
1207
549
-138
-846
-1560
-2270
-2959
-3614
-4219
-4758
-5217
-5582
-5839
-5978
-5988
-5864
-5601
-5200
-4664
-3999
-3217
-2332
-1361
-326
749
1840
2919
3958
4928
5802
6553
7159
7599
7857
7920
7781
7440
6898
6167
5261
4201
3011
1721
363
-1026
-2411
-3754
-5017
-6166
-7167
-7990
-8613
-9014
-9180
-9105
-8787
-8234
-7458
-6478
-5321
-4015
-2597
-1105
421
1941
3412
4794
6049
7143
8046
8734
9189
9399
9358
9069
8542
7791
6839
5713
4445
3070
1627
156
-1303
-2713
-4034
-5233
-6279
-7147
-7815
-8270
-8504
-8513
-8303
-7884
-7270
-6483
-5547
-4491
-3345
-2142
-914
305
1485
2597
3614
4512
5275
5886
6336
6619
6736
6690
6488
6143
5668
5081
4402
3650
2846
2011
1166
330
-478
-1245
-1955
-2598
-3165
-3648
-4044
-4351
-4568
-4697
-4742
-4705
-4593
-4410
-4163
-3856
-3497
-3091
-2644
-2160
-1646
-1106
-546
27
610
1194
1774
2340
2885
3399
3873
4297
4659
4950
5159
5276
5293
5204
5003
4687
4256
3712
3062
2313
1479
574
-382
-1371
-2367
-3348
-4286
-5156
-5932
-6589
-7105
-7461
-7640
-7630
-7424
-7021
-6424
-5641
-4689
-3587
-2360
-1037
346
1756
3153
4500
5757
6887
7857
8636
9197
9521
9594
9409
8966
8273
7345
6204
4879
3405
1820
168
-1505
-3155
-4733
-6194
-7498
-8604
-9482
-10105
-10454
-10517
-10292
-9784
-9006
-7980
-6734
-5304
-3729
-2055
-328
1402
3087
4681
6137
7416
8484
9310
9876
10165
10174
9905
9368
8582
7573
6371
5014
3542
1997
426
-1128
-2622
-4015
-5271
-6357
-7248
-7923
-8369
-8581
-8558
-8309
-7848
-7194
-6372
-5410
-4340
-3196
-2011
-820
343
1450
2474
3389
4179
4827
5326
5669
5859
5900
5800
5573
5233
4798
4286
3717
3109
2480
1848
1226
628
63
-460
-939
-1371
-1754
-2092
-2388
-2644
-2866
-3059
-3225
-3368
-3489
-3589
-3664
-3713
-3729
-3707
-3639
-3517
-3333
-3079
-2750
-2340
-1847
-1272
-618
107
893
1727
2588
3458
4310
5121
5861
6505
7024
7394
7592
7598
7400
6988
6360
5520
4479
3256
1877
374
-1216
-2850
-4482
-6062
-7541
-8870
-10001
-10893
-11506
-11811
-11786
-11418
-10703
-9651
-8280
-6619
-4709
-2597
-341
1995
4345
6637
8801
10766
12468
13847
14852
15442
15589
15276
14501
13275
11625
9591
7225
4593
1768
-1167
-4127
-7021
-9759
-12256
-14429
-16206
-17526
-18340
-18614
-18330
-17488
-16105
-14213
-11864
-9121
-6064
-2782
627
4061
7414
10583
13466
15972
18019
19538
20476
20797
20486
19544
17995
15879
13258
10207
6816
3189
-565
-4330
-7990
-11431
-14542
-17226
-19394
-20977
-21921
-22191
-21776
-20683
-18943
-16606
-13741
-10436
-6791
-2918
1062
5025
8848
12409
15596
18308
20456
21971
22804
22926
22329
21032
19071
16508
13420
9904
6069
2035
-2070
-6118
-9981
-13536
-16671
-19284
-21294
-22635
-23264
-23160
-22324
-20783
-18584
-15796
-12507
-8820
-4852
-728
3420
7463
11271
14725
17714
20143
21936
23034
23405
23034
21936
20143
17714
14725
11271
7463
3420
-728
-4852
-8820
-12507
-15796
-18584
-20783
-22324
-23160
-23264
-22635
-21294
-19284
-16671
-13536
-9981
-6118
-2070
2035
6069
9904
13420
16508
19071
21032
22329
22926
22804
21971
20456
18308
15596
12409
8848
5025
1062
-2918
-6791
-10436
-13741
-16606
-18943
-20683
-21776
-22191
-21921
-20977
-19394
-17226
-14542
-11431
-7990
-4330
-565
3189
6816
10207
13258
15879
17995
19544
20486
20797
20476
19538
18019
15972
13466
10583
7414
4061
627
-2782
-6064
-9121
-11864
-14213
-16105
-17488
-18330
-18614
-18340
-17526
-16206
-14429
-12256
-9759
-7021
-4127
-1167
1768
4593
7225
9591
11625
13275
14501
15276
15589
15442
14852
13847
12468
10766
8801
6637
4345
1995
-341
-2597
-4709
-6619
-8280
-9651
-10703
-11418
-11786
-11811
-11506
-10893
-10001
-8870
-7541
-6062
-4482
-2850
-1216
374
1877
3256
4479
5520
6360
6988
7400
7598
7592
7394
7024
6505
5861
5121
4310
3458
2588
1727
893
107
-618
-1272
-1847
-2340
-2750
-3079
-3333
-3517
-3639
-3707
-3729
-3713
-3664
-3589
-3489
-3368
-3225
-3059
-2866
-2644
-2388
-2092
-1754
-1371
-939
-460
63
628
1226
1848
2480
3109
3717
4286
4798
5233
5573
5800
5900
5859
5669
5326
4827
4179
3389
2474
1450
343
-820
-2011
-3196
-4340
-5410
-6372
-7194
-7848
-8309
-8558
-8581
-8369
-7923
-7248
-6357
-5271
-4015
-2622
-1128
426
1997
3542
5014
6371
7573
8582
9368
9905
10174
10165
9876
9310
8484
7416
6137
4681
3087
1402
-328
-2055
-3729
-5304
-6734
-7980
-9006
-9784
-10292
-10517
-10454
-10105
-9482
-8604
-7498
-6194
-4733
-3155
-1505
168
1820
3405
4879
6204
7345
8273
8966
9409
9594
9521
9197
8636
7857
6887
5757
4500
3153
1756
346
-1037
-2360
-3587
-4689
-5641
-6424
-7021
-7424
-7630
-7640
-7461
-7105
-6589
-5932
-5156
-4286
-3348
-2367
-1371
-382
574
1479
2313
3062
3712
4256
4687
5003
5204
5293
5276
5159
4950
4659
4297
3873
3399
2885
2340
1774
1194
610
27
-546
-1106
-1646
-2160
-2644
-3091
-3497
-3856
-4163
-4410
-4593
-4705
-4742
-4697
-4568
-4351
-4044
-3648
-3165
-2598
-1955
-1245
-478
330
1166
2011
2846
3650
4402
5081
5668
6143
6488
6690
6736
6619
6336
5886
5275
4512
3614
2597
1485
305
-914
-2142
-3345
-4491
-5547
-6483
-7270
-7884
-8303
-8513
-8504
-8270
-7815
-7147
-6279
-5233
-4034
-2713
-1303
156
1627
3070
4445
5713
6839
7791
8542
9069
9358
9399
9189
8734
8046
7143
6049
4794
3412
1941
421
-1105
-2597
-4015
-5321
-6478
-7458
-8234
-8787
-9105
-9180
-9014
-8613
-7990
-7167
-6166
-5017
-3754
-2411
-1026
363
1721
3011
4201
5261
6167
6898
7440
7781
7920
7857
7599
7159
6553
5802
4928
3958
2919
1840
749
-326
-1361
-2332
-3217
-3999
-4664
-5200
-5601
-5864
-5988
-5978
-5839
-5582
-5217
-4758
-4219
-3614
-2959
-2270
-1560
-846
-138
549
1207
1826
2397
2915
3372
3766
4092
4348
4532
4643
0
0
0
0
0
0
0
0
0
0
0
0
0
0
0
0
0
0
0
0
0
0
0
0
0
0
0
0
0
0
0
0
0
0
0
0
0
0
0
0
0
0
0
0
0
0
0
0
0
0
0
0
0
0
0
0
0
0
0
0
0
0
0
0
0
0
0
-4681
-4675
-4657
-4622
-4562
-4466
-4323
-4119
-3842
-3478
-3018
-2454
-1781
-1001
-117
857
1909
3017
4154
5290
6392
7422
8344
9120
9715
10095
10232
10103
9694
8996
8011
6750
5233
3490
1560
-509
-2665
-4848
-6994
-9038
-10915
-12562
-13919
-14935
-15566
-15777
-15548
-14868
-13741
-12186
-10234
-7931
-5332
-2506
468
3511
6532
9442
12153
14578
16640
18269
19407
20011
20050
19512
18402
16740
14567
11936
8918
5594
2059
-1587
-5238
-8788
-12129
-15161
-17789
-19933
-21523
-22506
-22847
-22529
-21556
-19950
-17753
-15025
-11843
-8297
-4489
-530
3463
7374
11088
14493
17488
19983
21904
23191
23806
23729
22961
21526
19464
16837
13722
10212
6411
2432
-1607
-5588
-9391
-12906
-16029
-18670
-20752
-22216
-23022
-23151
-22601
-21395
-19571
-17188
-14322
-11061
-7505
-3763
52
3827
7450
10813
13821
16386
18438
19922
20799
21051
20679
19702
18158
16100
13598
10734
7598
4290
911
-2435
-5650
-8637
-11312
-13598
-15435
-16774
-17584
-17852
-17580
-16787
-15509
-13793
-11702
-9308
-6690
-3935
-1128
1640
4289
6738
8917
10765
12234
13288
13905
14077
13811
13127
12058
10649
8953
7032
4953
2787
605
-1522
-3531
-5359
-6953
-8270
-9276
-9949
-10277
-10262
-9914
-9257
-8322
-7149
-5786
-4284
-2698
-1084
501
2008
3387
4596
5598
6368
6885
7142
7138
6882
6392
5693
4816
3799
2681
1507
321
-834
-1919
-2895
-3730
-4398
-4878
-5158
-5233
-5105
-4784
-4287
-3634
-2855
-1981
-1045
-84
866
1770
2595
3313
3897
4328
4592
4681
4592
4332
3911
3345
2656
1868
1011
116
-786
-1664
-2486
-3225
-3855
-4354
-4707
-4902
-4932
-4797
-4502
-4058
-3478
-2783
-1996
-1143
-250
652
1536
2374
3139
3809
4363
4785
5062
5188
5159
4977
4650
4189
3607
2924
2161
1339
484
-378
-1226
-2034
-2780
-3445
-4011
-4464
-4793
-4992
-5057
-4988
-4790
-4469
-4037
-3506
-2892
-2211
-1482
-724
42
801
1532
2218
2845
3397
3864
4235
4504
4667
4720
4665
4504
4241
3884
3441
2922
2340
1706
1035
341
-361
-1058
-1734
-2375
-2967
-3498
-3956
-4331
-4613
-4796
-4874
-4845
-4705
-4458
-4106
-3654
-3111
-2487
-1794
-1046
-259
548
1360
2155
2916
3621
4254
4797
5233
5549
5735
5781
5682
5439
5052
4528
3877
3113
2253
1317
329
-687
-1705
-2698
-3637
-4496
-5251
-5877
-6357
-6672
-6812
-6769
-6540
-6130
-5545
-4800
-3913
-2906
-1805
-642
552
1744
2900
3987
4971
5823
6518
7034
7354
7467
7368
7057
6543
5838
4961
3939
2799
1575
302
-981
-2238
-3431
-4523
-5483
-6282
-6894
-7302
-7493
-7462
-7209
-6743
-6077
-5233
-4236
-3118
-1913
-658
607
1845
3017
4087
5022
5795
6382
6766
6937
6891
6631
6167
5516
4701
3748
2690
1562
400
-757
-1872
-2910
-3838
-4626
-5251
-5694
-5942
-5989
-5838
-5495
-4974
-4295
-3483
-2567
-1580
-556
468
1459
2382
3207
3905
4453
4835
5039
5059
4897
4560
4061
3421
2664
1817
911
-18
-940
-1820
-2626
-3329
-3904
-4330
-4592
-4681
-4592
-4330
-3904
-3329
-2626
-1820
-940
-18
911
1817
2664
3421
4061
4560
4897
5059
5039
4835
4453
3905
3207
2382
1459
468
-556
-1580
-2567
-3483
-4295
-4974
-5495
-5838
-5989
-5942
-5694
-5251
-4626
-3838
-2910
-1872
-757
400
1562
2690
3748
4701
5516
6167
6631
6891
6937
6766
6382
5795
5022
4087
3017
1845
607
-658
-1913
-3118
-4236
-5233
-6077
-6743
-7209
-7462
-7493
-7302
-6894
-6282
-5483
-4523
-3431
-2238
-981
302
1575
2799
3939
4961
5838
6543
7057
7368
7467
7354
7034
6518
5823
4971
3987
2900
1744
552
-642
-1805
-2906
-3913
-4800
-5545
-6130
-6540
-6769
-6812
-6672
-6357
-5877
-5251
-4496
-3637
-2698
-1705
-687
329
1317
2253
3113
3877
4528
5052
5439
5682
5781
5735
5549
5233
4797
4254
3621
2916
2155
1360
548
-259
-1046
-1794
-2487
-3111
-3654
-4106
-4458
-4705
-4845
-4874
-4796
-4613
-4331
-3956
-3498
-2967
-2375
-1734
-1058
-361
341
1035
1706
2340
2922
3441
3884
4241
4504
4665
4720
4667
4504
4235
3864
3397
2845
2218
1532
801
42
-724
-1482
-2211
-2892
-3506
-4037
-4469
-4790
-4988
-5057
-4992
-4793
-4464
-4011
-3445
-2780
-2034
-1226
-378
484
1339
2161
2924
3607
4189
4650
4977
5159
5188
5062
4785
4363
3809
3139
2374
1536
652
-250
-1143
-1996
-2783
-3478
-4058
-4502
-4797
-4932
-4902
-4707
-4354
-3855
-3225
-2486
-1664
-786
116
1011
1868
2656
3345
3911
4332
4592
4681
4592
4328
3897
3313
2595
1770
866
-84
-1045
-1981
-2855
-3634
-4287
-4784
-5105
-5233
-5158
-4878
-4398
-3730
-2895
-1919
-834
321
1507
2681
3799
4816
5693
6392
6882
7138
7142
6885
6368
5598
4596
3387
2008
501
-1084
-2698
-4284
-5786
-7149
-8322
-9257
-9914
-10262
-10277
-9949
-9276
-8270
-6953
-5359
-3531
-1522
605
2787
4953
7032
8953
10649
12058
13127
13811
14077
13905
13288
12234
10765
8917
6738
4289
1640
-1128
-3935
-6690
-9308
-11702
-13793
-15509
-16787
-17580
-17852
-17584
-16774
-15435
-13598
-11312
-8637
-5650
-2435
911
4290
7598
10734
13598
16100
18158
19702
20679
21051
20799
19922
18438
16386
13821
10813
7450
3827
52
-3763
-7505
-11061
-14322
-17188
-19571
-21395
-22601
-23151
-23022
-22216
-20752
-18670
-16029
-12906
-9391
-5588
-1607
2432
6411
10212
13722
16837
19464
21526
22961
23729
23806
23191
21904
19983
17488
14493
11088
7374
3463
-530
-4489
-8297
-11843
-15025
-17753
-19950
-21556
-22529
-22847
-22506
-21523
-19933
-17789
-15161
-12129
-8788
-5238
-1587
2059
5594
8918
11936
14567
16740
18402
19512
20050
20011
19407
18269
16640
14578
12153
9442
6532
3511
468
-2506
-5332
-7931
-10234
-12186
-13741
-14868
-15548
-15777
-15566
-14935
-13919
-12562
-10915
-9038
-6994
-4848
-2665
-509
1560
3490
5233
6750
8011
8996
9694
10103
10232
10095
9715
9120
8344
7422
6392
5290
4154
3017
1909
857
-117
-1001
-1781
-2454
-3018
-3478
-3842
-4119
-4323
-4466
-4562
-4622
-4657
-4675
0
0
0
0
0
0
0
0
0
0
0
0
0
0
0
0
0
0
0
0
0
0
0
0
0
0
0
0
0
0
0
0
0
0
0
0
0
0
0
0
0
0
0
0
0
0
0
0
0
0
0
0
0
0
0
0
0
0
0
0
0
0
0
0
0
0
0
14043
13808
13111
11975
10438
8552
6380
3994
1473
-1096
-3630
-6044
-8257
-10195
-11793
-12999
-13771
-14086
-13931
-13313
-12251
-10782
-8955
-6830
-4478
-1977
588
3135
5579
7838
9837
11512
12807
13680
14102
14061
13557
12610
11251
9524
7489
5211
2768
239
-2292
-4744
-7036
-9092
-10848
-12247
-13244
-13808
-13924
-13590
-12818
-11635
-10084
-8215
-6092
-3785
-1371
1072
3465
5730
7795
9594
11072
12184
12896
13189
13058
12512
11572
10273
8660
6790
4726
2537
295
-1925
-4053
-6022
-7770
-9244
-10399
-11204
-11638
-11692
-11373
-10696
-9690
-8395
-6857
-5131
-3279
-1363
552
2405
4135
5687
7016
8082
8856
9320
9467
9299
8831
8088
7101
5911
4565
3113
1609
105
-1344
-2693
-3896
-4915
-5722
-6294
-6619
-6695
-6526
-6129
-5526
-4747
-3829
-2811
-1735
-647
411
1399
2279
3019
3594
3985
4182
4182
3991
3622
3097
2440
1685
867
24
-804
-1582
-2272
-2843
-3269
-3528
-3606
-3499
-3207
-2740
-2115
-1357
-496
433
1392
2340
3236
4039
4712
5223
5542
5651
5535
5190
4620
3838
2865
1730
469
-873
-2254
-3623
-4929
-6123
-7158
-7990
-8584
-8910
-8946
-8682
-8115
-7255
-6121
-4742
-3157
-1412
439
2340
4230
6045
7726
9214
10456
11406
12025
12286
12173
11679
10811
9590
8044
6215
4155
1923
-414
-2789
-5128
-7358
-9410
-11217
-12721
-13872
-14629
-14963
-14859
-14314
-13338
-11955
-10202
-8126
-5786
-3248
-587
2121
4797
7360
9736
11851
13643
15057
16048
16586
16652
16241
15364
14043
12314
10227
7839
5220
2443
-412
-3265
-6033
-8638
-11006
-13068
-14767
-16055
-16896
-17267
-17157
-16571
-15527
-14055
-12198
-10007
-7546
-4885
-2097
739
3545
6244
8763
11032
12991
14590
15786
16549
16863
16722
16134
15118
13705
11937
9863
7544
5042
2426
-232
-2863
-5396
-7767
-9914
-11783
-13329
-14514
-15312
-15707
-15692
-15273
-14466
-13296
-11798
-10013
-7990
-5785
-3455
-1061
1335
3674
5898
7951
9786
11358
12632
13579
14180
14424
14309
13841
13037
11919
10518
8871
7021
5014
2900
732
-1436
-3555
-5573
-7442
-9117
-10561
-11741
-12628
-13206
-13460
-13387
-12990
-12279
-11275
-10000
-8488
-6774
-4901
-2913
-860
1209
3245
5199
7022
8672
10107
11293
12201
12807
13097
13064
12707
12034
11063
9815
8322
6619
4750
2761
700
-1378
-3424
-5385
-7209
-8852
-10269
-11423
-12286
-12832
-13048
-12927
-12471
-11691
-10608
-9248
-7647
-5847
-3896
-1844
253
2340
4361
6263
7993
9505
10759
11720
12363
12671
12635
12258
11551
10534
9235
7692
5949
4053
2060
24
-1996
-3946
-5770
-7417
-8843
-10009
-10883
-11443
-11676
-11577
-11153
-10419
-9399
-8126
-6639
-4983
-3209
-1371
478
2283
3992
5556
6930
8076
8965
9572
9886
9900
9620
9060
8242
7195
5955
4565
3070
1519
-37
-1553
-2981
-4276
-5402
-6326
-7024
-7477
-7678
-7626
-7328
-6800
-6066
-5154
-4100
-2942
-1723
-485
727
1875
2919
3825
4564
5113
5459
5593
5514
5229
4755
4111
3325
2429
1458
451
-554
-1518
-2406
-3183
-3819
-4292
-4582
-4681
-4582
-4292
-3819
-3183
-2406
-1518
-554
451
1458
2429
3325
4111
4755
5229
5514
5593
5459
5113
4564
3825
2919
1875
727
-485
-1723
-2942
-4100
-5154
-6066
-6800
-7328
-7626
-7678
-7477
-7024
-6326
-5402
-4276
-2981
-1553
-37
1519
3070
4565
5955
7195
8242
9060
9620
9900
9886
9572
8965
8076
6930
5556
3992
2283
478
-1371
-3209
-4983
-6639
-8126
-9399
-10419
-11153
-11577
-11676
-11443
-10883
-10009
-8843
-7417
-5770
-3946
-1996
24
2060
4053
5949
7692
9235
10534
11551
12258
12635
12671
12363
11720
10759
9505
7993
6263
4361
2340
253
-1844
-3896
-5847
-7647
-9248
-10608
-11691
-12471
-12927
-13048
-12832
-12286
-11423
-10269
-8852
-7209
-5385
-3424
-1378
700
2761
4750
6619
8322
9815
11063
12034
12707
13064
13097
12807
12201
11293
10107
8672
7022
5199
3245
1209
-860
-2913
-4901
-6774
-8488
-10000
-11275
-12279
-12990
-13387
-13460
-13206
-12628
-11741
-10561
-9117
-7442
-5573
-3555
-1436
732
2900
5014
7021
8871
10518
11919
13037
13841
14309
14424
14180
13579
12632
11358
9786
7951
5898
3674
1335
-1061
-3455
-5785
-7990
-10013
-11798
-13296
-14466
-15273
-15692
-15707
-15312
-14514
-13329
-11783
-9914
-7767
-5396
-2863
-232
2426
5042
7544
9863
11937
13705
15118
16134
16722
16863
16549
15786
14590
12991
11032
8763
6244
3545
739
-2097
-4885
-7546
-10007
-12198
-14055
-15527
-16571
-17157
-17267
-16896
-16055
-14767
-13068
-11006
-8638
-6033
-3265
-412
2443
5220
7839
10227
12314
14043
15364
16241
16652
16586
16048
15057
13643
11851
9736
7360
4797
2121
-587
-3248
-5786
-8126
-10202
-11955
-13338
-14314
-14859
-14963
-14629
-13872
-12721
-11217
-9410
-7358
-5128
-2789
-414
1923
4155
6215
8044
9590
10811
11679
12173
12286
12025
11406
10456
9214
7726
6045
4230
2340
439
-1412
-3157
-4742
-6121
-7255
-8115
-8682
-8946
-8910
-8584
-7990
-7158
-6123
-4929
-3623
-2254
-873
469
1730
2865
3838
4620
5190
5535
5651
5542
5223
4712
4039
3236
2340
1392
433
-496
-1357
-2115
-2740
-3207
-3499
-3606
-3528
-3269
-2843
-2272
-1582
-804
24
867
1685
2440
3097
3622
3991
4182
4182
3985
3594
3019
2279
1399
411
-647
-1735
-2811
-3829
-4747
-5526
-6129
-6526
-6695
-6619
-6294
-5722
-4915
-3896
-2693
-1344
105
1609
3113
4565
5911
7101
8088
8831
9299
9467
9320
8856
8082
7016
5687
4135
2405
552
-1363
-3279
-5131
-6857
-8395
-9690
-10696
-11373
-11692
-11638
-11204
-10399
-9244
-7770
-6022
-4053
-1925
295
2537
4726
6790
8660
10273
11572
12512
13058
13189
12896
12184
11072
9594
7795
5730
3465
1072
-1371
-3785
-6092
-8215
-10084
-11635
-12818
-13590
-13924
-13808
-13244
-12247
-10848
-9092
-7036
-4744
-2292
239
2768
5211
7489
9524
11251
12610
13557
14061
14102
13680
12807
11512
9837
7838
5579
3135
588
-1977
-4478
-6830
-8955
-10782
-12251
-13313
-13931
-14086
-13771
-12999
-11793
-10195
-8257
-6044
-3630
-1096
1473
3994
6380
8552
10438
11975
13111
13808
0
0
0
0
0
0
0
0
0
0
0
0
0
0
0
0
0
0
0
0
0
0
0
0
0
0
0
0
0
0
0
0
0
0
0
0
0
0
0
0
0
0
0
0
0
0
0
0
0
0
0
0
0
0
0
0
0
0
0
0
0
0
0
0
0
0
0
4681
4611
4403
4065
3607
3046
2400
1690
941
176
-579
-1302
-1968
-2558
-3055
-3444
-3717
-3868
-3896
-3805
-3602
-3299
-2911
-2454
-1950
-1416
-876
-348
148
597
983
1297
1531
1681
1748
1737
1655
1513
1324
1104
869
635
419
236
98
16
-2
44
156
331
558
827
1122
1427
1722
1986
2201
2347
2406
2364
2211
1940
1548
1041
426
-282
-1064
-1897
-2752
-3599
-4404
-5135
-5758
-6243
-6560
-6687
-6605
-6301
-5771
-5018
-4053
-2896
-1572
-116
1431
3024
4613
6147
7572
8837
9893
10697
11211
11405
11258
10761
9914
8729
7229
5449
3434
1236
-1080
-3449
-5800
-8058
-10151
-12009
-13567
-14768
-15564
-15919
-15809
-15224
-14168
-12661
-10737
-8443
-5840
-2999
0
3070
6119
9056
11789
14232
16304
17937
19071
19665
19690
19134
18005
16326
14140
11502
8484
5172
1660
-1949
-5552
-9039
-12305
-15250
-17782
-19822
-21304
-22178
-22411
-21990
-20923
-19234
-16969
-14190
-10976
-7419
-3622
304
4244
8081
11702
14998
17870
20233
22014
23158
23631
23417
22521
20969
18804
16092
12911
9355
5530
1548
-2472
-6414
-10161
-13603
-16640
-19183
-21159
-22513
-23207
-23224
-22567
-21259
-19343
-16878
-13941
-10622
-7021
-3246
589
4373
7995
11349
14339
16881
18906
20360
21206
21428
21026
20020
18449
16365
13839
10950
7790
4455
1047
-2332
-5585
-8617
-11344
-13689
-15592
-17005
-17897
-18251
-18069
-17367
-16178
-14549
-12537
-10211
-7648
-4930
-2140
635
3315
5823
8089
10052
11664
12887
13696
14080
14043
13597
12772
11604
10142
8438
6555
4554
2502
462
-1504
-3340
-4997
-6431
-7607
-8504
-9105
-9406
-9414
-9143
-8615
-7861
-6918
-5825
-4625
-3364
-2086
-832
357
1448
2411
3224
3870
4339
4630
4746
4698
4502
4177
3749
3243
2687
2109
1534
987
489
59
-290
-552
-721
-800
-793
-712
-568
-380
-165
58
269
450
584
658
659
582
423
184
-128
-506
-934
-1394
-1868
-2334
-2769
-3150
-3458
-3671
-3773
-3753
-3600
-3312
-2890
-2340
-1674
-909
-67
828
1748
2663
3541
4352
5065
5653
6092
6361
6445
6335
6028
5527
4842
3990
2991
1875
671
-583
-1851
-3093
-4271
-5346
-6284
-7054
-7627
-7985
-8111
-8000
-7650
-7069
-6272
-5281
-4123
-2831
-1443
0
1455
2879
4228
5462
6543
7438
8119
8566
8763
8705
8393
7835
7048
6055
4886
3575
2162
688
-802
-2265
-3657
-4938
-6071
-7021
-7763
-8275
-8544
-8563
-8333
-7864
-7170
-6274
-5204
-3992
-2676
-1296
107
1494
2822
4053
5153
6091
6842
7385
7708
7803
7672
7322
6764
6020
5112
4071
2928
1718
477
-757
-1950
-3067
-4077
-4953
-5672
-6215
-6569
-6729
-6692
-6463
-6052
-5474
-4750
-3902
-2957
-1944
-894
161
1194
2174
3073
3868
4538
5066
5439
5649
5694
5575
5299
4875
4320
3650
2886
2053
1174
276
-616
-1477
-2284
-3014
-3647
-4168
-4564
-4824
-4943
-4920
-4757
-4461
-4040
-3508
-2881
-2177
-1416
-621
186
983
1749
2460
3099
3647
4090
4415
4614
4681
4614
4415
4090
3647
3099
2460
1749
983
186
-621
-1416
-2177
-2881
-3508
-4040
-4461
-4757
-4920
-4943
-4824
-4564
-4168
-3647
-3014
-2284
-1477
-616
276
1174
2053
2886
3650
4320
4875
5299
5575
5694
5649
5439
5066
4538
3868
3073
2174
1194
161
-894
-1944
-2957
-3902
-4750
-5474
-6052
-6463
-6692
-6729
-6569
-6215
-5672
-4953
-4077
-3067
-1950
-757
477
1718
2928
4071
5112
6020
6764
7322
7672
7803
7708
7385
6842
6091
5153
4053
2822
1494
107
-1296
-2676
-3992
-5204
-6274
-7170
-7864
-8333
-8563
-8544
-8275
-7763
-7021
-6071
-4938
-3657
-2265
-802
688
2162
3575
4886
6055
7048
7835
8393
8705
8763
8566
8119
7438
6543
5462
4228
2879
1455
0
-1443
-2831
-4123
-5281
-6272
-7069
-7650
-8000
-8111
-7985
-7627
-7054
-6284
-5346
-4271
-3093
-1851
-583
671
1875
2991
3990
4842
5527
6028
6335
6445
6361
6092
5653
5065
4352
3541
2663
1748
828
-67
-909
-1674
-2340
-2890
-3312
-3600
-3753
-3773
-3671
-3458
-3150
-2769
-2334
-1868
-1394
-934
-506
-128
184
423
582
659
658
584
450
269
58
-165
-380
-568
-712
-793
-800
-721
-552
-290
59
489
987
1534
2109
2687
3243
3749
4177
4502
4698
4746
4630
4339
3870
3224
2411
1448
357
-832
-2086
-3364
-4625
-5825
-6918
-7861
-8615
-9143
-9414
-9406
-9105
-8504
-7607
-6431
-4997
-3340
-1504
462
2502
4554
6555
8438
10142
11604
12772
13597
14043
14080
13696
12887
11664
10052
8089
5823
3315
635
-2140
-4930
-7648
-10211
-12537
-14549
-16178
-17367
-18069
-18251
-17897
-17005
-15592
-13689
-11344
-8617
-5585
-2332
1047
4455
7790
10950
13839
16365
18449
20020
21026
21428
21206
20360
18906
16881
14339
11349
7995
4373
589
-3246
-7021
-10622
-13941
-16878
-19343
-21259
-22567
-23224
-23207
-22513
-21159
-19183
-16640
-13603
-10161
-6414
-2472
1548
5530
9355
12911
16092
18804
20969
22521
23417
23631
23158
22014
20233
17870
14998
11702
8081
4244
304
-3622
-7419
-10976
-14190
-16969
-19234
-20923
-21990
-22411
-22178
-21304
-19822
-17782
-15250
-12305
-9039
-5552
-1949
1660
5172
8484
11502
14140
16326
18005
19134
19690
19665
19071
17937
16304
14232
11789
9056
6119
3070
0
-2999
-5840
-8443
-10737
-12661
-14168
-15224
-15809
-15919
-15564
-14768
-13567
-12009
-10151
-8058
-5800
-3449
-1080
1236
3434
5449
7229
8729
9914
10761
11258
11405
11211
10697
9893
8837
7572
6147
4613
3024
1431
-116
-1572
-2896
-4053
-5018
-5771
-6301
-6605
-6687
-6560
-6243
-5758
-5135
-4404
-3599
-2752
-1897
-1064
-282
426
1041
1548
1940
2211
2364
2406
2347
2201
1986
1722
1427
1122
827
558
331
156
44
-2
16
98
236
419
635
869
1104
1324
1513
1655
1737
1748
1681
1531
1297
983
597
148
-348
-876
-1416
-1950
-2454
-2911
-3299
-3602
-3805
-3896
-3868
-3717
-3444
-3055
-2558
-1968
-1302
-579
176
941
1690
2400
3046
3607
4065
4403
4611
0
0
0
0
0
0
0
0
0
0
0
0
0
0
0
0
0
0
0
0
0
0
0
0
0
0
0
0
0
0
0
0
0
0
0
0
0
0
0
0
0
0
0
0
0
0
0
0
0
0
0
0
0
0
0
0
0
0
0
0
0
0
0
0
0
0
0
-4681
-4642
-4528
-4339
-4077
-3747
-3351
-2895
-2385
-1828
-1231
-602
48
711
1376
2032
2667
3271
3831
4337
4776
5139
5415
5597
5676
5648
5507
5251
4881
4399
3809
3120
2340
1482
561
-405
-1401
-2403
-3391
-4341
-5231
-6037
-6739
-7314
-7743
-8012
-8105
-8013
-7730
-7256
-6592
-5747
-4734
-3570
-2279
-886
577
2078
3580
5046
6437
7716
8844
9789
10519
11007
11232
11180
10841
10214
9306
8132
6712
5077
3263
1311
-730
-2810
-4875
-6868
-8734
-10421
-11876
-13054
-13917
-14431
-14574
-14332
-13701
-12688
-11312
-9600
-7592
-5334
-2883
-302
2340
4974
7527
9925
12101
13987
15528
16672
17380
17625
17390
16674
15487
13855
11814
9417
6723
3803
736
-2394
-5501
-8497
-11296
-13815
-15981
-17728
-19000
-19756
-19969
-19625
-18728
-17298
-15369
-12991
-10228
-7153
-3853
-418
3053
6464
9715
12713
15370
17607
19359
20571
21206
21242
20675
19519
17805
15579
12904
9855
6518
2991
-626
-4229
-7714
-10979
-13930
-16481
-18558
-20101
-21064
-21421
-21161
-20294
-18845
-16858
-14392
-11520
-8327
-4909
-1365
2199
5681
8977
11993
14640
16844
18543
19689
20253
20223
19603
18416
16703
14519
11933
9024
5883
2605
-711
-3966
-7064
-9914
-12434
-14553
-16213
-17369
-17994
-18076
-17620
-16648
-15197
-13318
-11074
-8539
-5794
-2927
-25
2820
5526
8011
10203
12042
13476
14471
15005
15070
14675
13841
12604
11011
9120
6996
4711
2340
-39
-2352
-4529
-6503
-8217
-9624
-10686
-11379
-11691
-11623
-11186
-10406
-9318
-7965
-6400
-4681
-2867
-1023
790
2514
4093
5479
6631
7518
8119
8423
8427
8143
7590
6795
5793
4628
3345
1994
624
-714
-1974
-3114
-4095
-4887
-5466
-5820
-5940
-5831
-5502
-4974
-4271
-3425
-2473
-1454
-408
622
1599
2485
3248
3860
4301
4556
4620
4493
4184
3706
3083
2340
1508
622
-282
-1171
-2007
-2759
-3398
-3899
-4243
-4417
-4416
-4241
-3897
-3400
-2769
-2027
-1205
-334
553
1423
2243
2980
3609
4105
4449
4629
4638
4477
4152
3674
3063
2340
1533
673
-209
-1082
-1912
-2670
-3328
-3862
-4253
-4489
-4562
-4469
-4217
-3816
-3281
-2634
-1900
-1107
-286
533
1320
2045
2682
3207
3603
3856
3958
3907
3708
3369
2907
2340
1693
993
267
-453
-1141
-1768
-2308
-2742
-3050
-3222
-3252
-3137
-2885
-2506
-2016
-1437
-792
-109
580
1249
1868
2408
2845
3158
3332
3356
3227
2945
2520
1965
1301
552
-251
-1079
-1897
-2671
-3368
-3956
-4408
-4701
-4816
-4744
-4479
-4024
-3391
-2597
-1665
-627
482
1625
2759
3842
4833
5691
6381
6871
7138
7163
6938
6461
5742
4797
3652
2340
902
-616
-2166
-3695
-5151
-6481
-7638
-8578
-9262
-9662
-9757
-9535
-8996
-8149
-7017
-5629
-4024
-2251
-363
1578
3514
5380
7114
8657
9958
10968
11650
11977
11933
11512
10722
9583
8126
6392
4434
2309
83
-2173
-4390
-6498
-8429
-10119
-11513
-12565
-13238
-13507
-13362
-12803
-11846
-10516
-8853
-6908
-4739
-2413
-3
2417
4773
6990
8999
10736
12148
13189
13828
14043
13828
13189
12148
10736
8999
6990
4773
2417
-3
-2413
-4739
-6908
-8853
-10516
-11846
-12803
-13362
-13507
-13238
-12565
-11513
-10119
-8429
-6498
-4390
-2173
83
2309
4434
6392
8126
9583
10722
11512
11933
11977
11650
10968
9958
8657
7114
5380
3514
1578
-363
-2251
-4024
-5629
-7017
-8149
-8996
-9535
-9757
-9662
-9262
-8578
-7638
-6481
-5151
-3695
-2166
-616
902
2340
3652
4797
5742
6461
6938
7163
7138
6871
6381
5691
4833
3842
2759
1625
482
-627
-1665
-2597
-3391
-4024
-4479
-4744
-4816
-4701
-4408
-3956
-3368
-2671
-1897
-1079
-251
552
1301
1965
2520
2945
3227
3356
3332
3158
2845
2408
1868
1249
580
-109
-792
-1437
-2016
-2506
-2885
-3137
-3252
-3222
-3050
-2742
-2308
-1768
-1141
-453
267
993
1693
2340
2907
3369
3708
3907
3958
3856
3603
3207
2682
2045
1320
533
-286
-1107
-1900
-2634
-3281
-3816
-4217
-4469
-4562
-4489
-4253
-3862
-3328
-2670
-1912
-1082
-209
673
1533
2340
3063
3674
4152
4477
4638
4629
4449
4105
3609
2980
2243
1423
553
-334
-1205
-2027
-2769
-3400
-3897
-4241
-4416
-4417
-4243
-3899
-3398
-2759
-2007
-1171
-282
622
1508
2340
3083
3706
4184
4493
4620
4556
4301
3860
3248
2485
1599
622
-408
-1454
-2473
-3425
-4271
-4974
-5502
-5831
-5940
-5820
-5466
-4887
-4095
-3114
-1974
-714
624
1994
3345
4628
5793
6795
7590
8143
8427
8423
8119
7518
6631
5479
4093
2514
790
-1023
-2867
-4681
-6400
-7965
-9318
-10406
-11186
-11623
-11691
-11379
-10686
-9624
-8217
-6503
-4529
-2352
-39
2340
4711
6996
9120
11011
12604
13841
14675
15070
15005
14471
13476
12042
10203
8011
5526
2820
-25
-2927
-5794
-8539
-11074
-13318
-15197
-16648
-17620
-18076
-17994
-17369
-16213
-14553
-12434
-9914
-7064
-3966
-711
2605
5883
9024
11933
14519
16703
18416
19603
20223
20253
19689
18543
16844
14640
11993
8977
5681
2199
-1365
-4909
-8327
-11520
-14392
-16858
-18845
-20294
-21161
-21421
-21064
-20101
-18558
-16481
-13930
-10979
-7714
-4229
-626
2991
6518
9855
12904
15579
17805
19519
20675
21242
21206
20571
19359
17607
15370
12713
9715
6464
3053
-418
-3853
-7153
-10228
-12991
-15369
-17298
-18728
-19625
-19969
-19756
-19000
-17728
-15981
-13815
-11296
-8497
-5501
-2394
736
3803
6723
9417
11814
13855
15487
16674
17390
17625
17380
16672
15528
13987
12101
9925
7527
4974
2340
-302
-2883
-5334
-7592
-9600
-11312
-12688
-13701
-14332
-14574
-14431
-13917
-13054
-11876
-10421
-8734
-6868
-4875
-2810
-730
1311
3263
5077
6712
8132
9306
10214
10841
11180
11232
11007
10519
9789
8844
7716
6437
5046
3580
2078
577
-886
-2279
-3570
-4734
-5747
-6592
-7256
-7730
-8013
-8105
-8012
-7743
-7314
-6739
-6037
-5231
-4341
-3391
-2403
-1401
-405
561
1482
2340
3120
3809
4399
4881
5251
5507
5648
5676
5597
5415
5139
4776
4337
3831
3271
2667
2032
1376
711
48
-602
-1231
-1828
-2385
-2895
-3351
-3747
-4077
-4339
-4528
-4642
0
0
0
0
0
0
0
0
0
0
0
0
0
0
0
0
0
0
0
0
0
0
0
0
0
0
0
0
0
0
0
0
0
0
0
0
0
0
0
0
0
0
0
0
0
0
0
0
0
0
0
0
0
0
0
0
0
0
0
0
0
0
0
0
0
0
0
