0
4278
8485
12550
16402
19973
23203
26035
28419
30314
31684
32507
32766
32456
31581
30156
28203
25758
22860
19561
15917
11991
7852
3573
-771
-5106
-9352
-13436
-17284
-20829
-24006
-26759
-29038
-30801
-32015
-32660
-32720
-32196
-31094
-29434
-27244
-24563
-21439
-17925
-14087
-9991
-5712
-1327
3083
7441
11667
15683
19415
22796
25762
28259
30239
31667
32514
32764
32412
31462
29931
27847
25247
22178
18696
14865
10755
6443
2009
-2465
-6896
-11201
-15299
-19113
-22570
-25606
-28162
-30190
-31650
-32514
-32764
-32394
-31411
-29832
-27686
-25012
-21861
-18292
-14372
-10175
-5781
-1274
3259
7733
12062
16161
19951
23359
26318
28771
30668
31973
32659
32711
32127
30919
29107
26727
23823
20452
16679
12577
8226
3711
-879
-5455
-9926
-14204
-18204
-21846
-25058
-27775
-29942
-31516
-32464
-32766
-32415
-31417
-29790
-27567
-24790
-21514
-17805
-13736
-9388
-4849
-209
4437
8997
13377
17489
21248
24578
27411
29687
31359
32393
32765
32468
31507
29899
27676
24884
21579
17828
13707
9301
4700
0
-4703
-9311
-13729
-17864
-21629
-24947
-27746
-29968
-31566
-32503
-32761
-32332
-31225
-29460
-27076
-24119
-20653
-16748
-12488
-7961
-3263
1506
6246
10856
15238
19298
22949
26112
28719
30713
32051
32702
32651
31900
30461
28366
25658
22395
18646
14492
10022
5332
524
-4298
-9029
-13567
-17811
-21669
-25055
-27896
-30127
-31699
-32577
-32739
-32182
-30916
-28967
-26379
-23206
-19519
-15397
-10932
-6222
-1372
3511
8320
12945
17284
21240
24723
27655
29968
31611
32545
32748
32214
30954
28995
26381
23169
19431
15252
10724
5950
1038
-3899
-8751
-13405
-17757
-21705
-25159
-28038
-30277
-31822
-32637
-32702
-32014
-30588
-28456
-25665
-22280
-18377
-14047
-9388
-4509
477
5455
10308
14924
19194
23018
26305
28979
30974
32243
32756
32498
31476
29711
27244
24133
20449
16280
11722
6884
1880
-3170
-8148
-12935
-17416
-21484
-25041
-28000
-30291
-31856
-32659
-32677
-31909
-30373
-28105
-25157
-21600
-17520
-13013
-8189
-3163
1941
7001
11893
16499
20705
24407
27516
29953
31659
32589
32721
32049
30590
28377
25463
21921
17836
13307
8448
3377
-1780
-6896
-11843
-16499
-20746
-24479
-27603
-30040
-31727
-32621
-32699
-31957
-30413
-28105
-25088
-21439
-17247
-12618
-7668
-2522
2689
7836
12787
17416
21605
25247
28248
30530
32035
32723
32574
31592
29801
27244
23987
20112
15718
10917
5832
595
-4660
-9798
-14685
-19194
-23208
-26622
-29345
-31307
-32455
-32757
-32206
-30813
-28614
-25665
-22043
-17841
-13169
-8148
-2911
2405
7661
12717
17440
21705
25397
28419
30689
32146
32750
32483
31352
29385
26633
23169
19084
14487
9500
4255
-1105
-6439
-11603
-16457
-20870
-24723
-27911
-30346
-31961
-32712
-32578
-31559
-29684
-27001
-23582
-19519
-14922
-9916
-4636
771
6162
11386
16301
20770
24671
27896
30354
31977
32719
32558
31498
29565
26813
23317
19172
14492
9407
4058
-1405
-6833
-12073
-16978
-21411
-25247
-28377
-30713
-32188
-32760
-32410
-31148
-29007
-26047
-22351
-18021
-13179
-7961
-2516
3003
8440
13640
18454
22745
26389
29282
31340
32503
32737
32033
30409
27913
24613
20604
16000
10932
5547
0
-5550
-10942
-16021
-20637
-24657
-27963
-30458
-32068
-32745
-32468
-31244
-29107
-26118
-22364
-17952
-13013
-7689
-2137
3479
8997
14252
19090
23367
26955
29748
31662
32640
32650
31691
29790
27003
23411
19119
14256
8965
3403
-2262
-7862
-13230
-18204
-22633
-26385
-29345
-31423
-32556
-32707
-31871
-30072
-27362
-23823
-19561
-14703
-9397
-3803
1908
7565
12994
18030
22517
26318
29316
31419
32559
32702
31841
30001
27238
23635
19302
14372
8996
3339
-2422
-8112
-13553
-18577
-23026
-26761
-29667
-31650
-32648
-32629
-31591
-29565
-26615
-22829
-18327
-13249
-7752
-2009
3799
9491
14886
19815
24120
27666
30338
32052
32751
32412
31044
28690
25423
21345
16586
11295
5642
-193
-6025
-11667
-16938
-21669
-25706
-28920
-31206
-32489
-32726
-31909
-30063
-27244
-23544
-19081
-13998
-8460
-2644
3259
9060
14569
19606
24006
27626
30346
32075
32756
32366
30916
28451
25051
20827
15917
10480
4696
-1244
-7147
-12817
-18065
-22719
-26622
-29644
-31684
-32674
-32578
-31398
-29173
-25975
-21909
-17110
-11737
-5969
0
5972
11747
17130
21941
26016
29217
31436
32596
32657
31615
29504
26395
22390
17625
12260
6476
470
-5554
-11392
-16845
-21726
-25867
-29127
-31393
-32585
-32662
-31619
-29491
-26349
-22301
-17483
-12062
-6222
-166
5898
11762
17222
22088
26191
29387
31566
32648
32597
31411
29131
25835
21636
16679
11138
5205
-912
-7001
-12847
-18244
-23003
-26955
-29960
-31912
-32739
-32412
-30940
-28374
-24803
-20353
-15179
-9465
-3413
2763
8843
14612
19863
24407
28083
30758
32334
32755
32003
30103
27124
23169
18381
12929
7010
836
-5370
-11386
-16993
-21989
-26191
-29446
-31636
-32680
-32538
-31214
-28754
-25247
-20819
-15630
-9868
-3744
2518
8692
14551
19879
24480
28184
30855
32393
32739
31880
29845
26709
22585
17625
12011
5950
-333
-6607
-12639
-18204
-23094
-27128
-30152
-32055
-32763
-32248
-30528
-27666
-23767
-18976
-13473
-7461
-1167
5173
11322
17047
22132
26385
29644
31785
32724
32427
30901
28203
24435
19738
14288
8294
1981
-4409
-10635
-16457
-21654
-26025
-29402
-31656
-32697
-32485
-31027
-28377
-24634
-19943
-14481
-8460
-2109
4324
10594
16457
21686
26077
29459
31699
32710
32451
30929
28203
24378
19601
14056
7961
1552
-4919
-11201
-17047
-22227
-26537
-29806
-31906
-32751
-32307
-30590
-27666
-23648
-18696
-13002
-6791
-309
6187
12441
18204
23246
27366
30398
32222
32762
31995
29951
26709
22398
17189
11289
4935
-1619
-8112
-14281
-19879
-24678
-28486
-31147
-32552
-32643
-31416
-28917
-25247
-20553
-15023
-8882
-2378
4225
10659
16662
21989
26421
29777
31918
32756
32254
30432
27362
23169
18024
12137
5748
-879
-7473
-13762
-19485
-24407
-28323
-31070
-32533
-32650
-31414
-28875
-25136
-20353
-14721
-8475
-1874
4807
11292
17307
22602
26955
30182
32146
32765
32010
29911
26556
22083
16679
10571
4016
-2711
-9326
-15551
-21121
-25799
-29387
-31732
-32732
-32344
-30582
-27520
-23286
-18060
-12062
-5547
1206
7911
14280
20041
24947
28786
31393
32653
32513
30975
28105
24024
18906
12972
6476
-301
-7069
-13534
-19415
-24458
-28443
-31196
-32596
-32580
-31148
-28360
-24336
-19250
-13322
-6811
0
6813
13332
19269
24364
28393
31178
32594
32578
31129
28309
24241
19103
13120
6555
-301
-7147
-13680
-19609
-24671
-28641
-31340
-32648
-32505
-30916
-27948
-23735
-18460
-12360
-5706
1206
8067
14569
20421
25359
29162
31656
32728
32328
30473
27244
22786
17298
11027
4255
-2711
-9557
-15974
-21669
-26383
-29901
-32062
-32766
-31979
-29736
-26137
-21345
-15577
-9095
-2195
4807
11593
17850
23291
27666
30771
32464
32665
31362
28614
24546
19345
13249
6538
-477
-7473
-14125
-20126
-25196
-29098
-31650
-32732
-32292
-30349
-26991
-22374
-16712
-10266
-3339
3746
10659
17076
22694
27251
30530
32377
32702
31489
28793
24740
19519
13375
6597
-494
-7565
-14281
-20323
-25404
-29282
-31772
-32753
-32178
-30072
-26533
-21729
-15887
-9285
-2238
4919
11843
18204
23695
28052
31066
32589
32548
30942
27847
23411
17845
11416
4435
-2763
-9830
-16425
-22227
-26955
-30378
-32330
-32713
-31507
-28769
-24631
-19293
-13013
-6096
1120
8285
15047
21076
26077
29802
32068
32763
31850
29372
25451
20276
14101
7230
0
-7232
-14111
-20295
-25478
-29402
-31872
-32764
-32033
-29711
-25913
-20827
-14703
-7845
-595
6688
13640
19914
25196
29220
31785
32759
32093
29819
26047
20967
14832
7950
664
-6656
-13645
-19948
-25247
-29273
-31822
-32763
-32046
-29706
-25861
-20703
-14492
-7543
-209
7138
14125
20396
25629
29557
31977
32766
31880
29363
25342
20022
13674
6622
-771
-8129
-15071
-21240
-26318
-30042
-32219
-32734
-31559
-28754
-24461
-18901
-12360
-5177
2276
9615
16457
22447
27271
30678
32489
32608
31026
27825
23169
17302
10527
3199
-4298
-11573
-18244
-23960
-28419
-31387
-32705
-32302
-30198
-26501
-21406
-15179
-8148
-684
6817
13962
20369
25700
29668
32064
32757
31710
28975
24698
19103
12488
5205
-2358
-9798
-16717
-22745
-27557
-30894
-32577
-32513
-30703
-27244
-22319
-16192
-9191
-1693
5898
13175
19743
25247
29388
31941
32765
31816
29141
24884
19276
12618
5272
-2362
-9871
-16845
-22903
-27714
-31014
-32621
-32445
-30495
-26875
-21781
-15492
-8351
-749
6896
14165
20658
26016
29942
32220
32721
31417
28377
23767
17841
10926
3403
-4310
-11787
-18613
-24407
-28847
-31684
-32759
-32010
-29476
-25298
-19707
-13013
-5590
2148
9769
16845
22980
27828
31116
32659
32366
30254
26438
21133
14635
7310
-430
-8148
-15409
-21801
-26962
-30598
-32502
-32563
-30778
-27244
-22162
-15818
-8572
-836
6950
14343
20920
26305
30190
32350
32661
31103
27762
22829
16586
9388
1649
-6187
-13670
-20369
-25898
-29936
-32249
-32702
-31267
-28024
-23161
-16955
-9766
-2009
5867
13405
20168
25762
29860
32222
32709
31291
28049
23169
16936
9711
1916
-5992
-13553
-20323
-25904
-29968
-32275
-32687
-31179
-27837
-22855
-16527
-9222
-1372
6562
14111
20829
26318
30252
32397
32623
30916
27374
22206
15718
8294
373
-7571
-15067
-21669
-26980
-30683
-32556
-32483
-30469
-26631
-21197
-14492
-6916
1077
9009
16402
22811
27851
31216
32702
32218
29790
25564
19793
12824
5078
-2978
-10856
-18080
-24210
-28873
-31785
-32766
-31757
-28816
-24119
-17952
-10689
-2772
5316
13083
20053
25799
29968
32304
32662
31017
27469
22233
15630
8064
0
-8067
-15639
-22251
-27492
-31038
-32669
-32282
-29899
-25665
-19840
-12785
-4935
3223
11185
18454
24578
29176
31960
32754
31507
28295
23317
16881
9388
1306
-6859
-14599
-21426
-26913
-30713
-32587
-32415
-30206
-26096
-20343
-13307
-5431
2789
10837
18204
24423
29100
31937
32755
31498
28244
23199
16679
9099
938
-7285
-15047
-21854
-27271
-30951
-32659
-32282
-29844
-25497
-19519
-12290
-4271
4023
12062
19330
25359
29762
32252
32670
30984
27303
21861
15008
7184
-1105
-9326
-16947
-23474
-28484
-31650
-32766
-31757
-28687
-23753
-17274
-9670
-1435
6896
14781
21705
27215
30951
32666
32248
29720
25247
19119
11737
3583
-4807
-12886
-20121
-26035
-30239
-32455
-32534
-30469
-26395
-20578
-13400
-5336
3083
11302
18775
25007
29584
32200
32681
30992
27244
21684
14679
6695
-1736
-10055
-17706
-24178
-29038
-31959
-32744
-31340
-27837
-22468
-15592
-7668
771
9163
16942
23583
28641
31772
32764
31548
28203
22955
16155
8261
-193
-8637
-16499
-23246
-28419
-31667
-32766
-31641
-28366
-23161
-16378
-8479
0
8482
16388
23178
28387
31659
32766
31633
28334
23092
16267
8323
-193
-8699
-16610
-23382
-28547
-31748
-32764
-31521
-28105
-22748
-15818
-7793
771
9287
17161
23850
28887
31923
32744
31292
27666
22114
15023
6884
-1736
-10238
-18030
-24565
-29387
-32158
-32681
-30919
-26991
-21173
-13868
-5590
3083
11543
19194
25499
30012
32414
32534
30361
26047
19895
12336
3903
-4807
-13181
-20625
-26610
-30711
-32637
-32248
-29569
-24790
-18247
-10405
-1820
6896
15124
22277
27843
31423
32760
31757
28483
23169
16196
8060
-655
-9326
-17331
-24094
-29127
-32068
-32703
-30984
-27033
-21133
-13707
-5289
3511
12062
19743
25999
30374
32552
32371
29844
25150
18630
10754
2094
-6719
-15047
-22282
-27896
-31478
-32765
-31661
-28244
-22763
-15616
-7324
1506
10228
18204
24847
29668
32313
32585
30461
26096
19809
12062
3423
-5469
-13962
-21426
-27310
-31178
-32740
-31881
-28661
-23317
-16242
-7961
912
9721
17811
24578
29519
32265
32608
30520
26157
19840
12041
3339
-5613
-14150
-21629
-27492
-31296
-32755
-31758
-28377
-22863
-15630
-7219
1736
10564
18599
25234
29968
32443
32468
30041
25342
18725
10689
1842
-7147
-15598
-22868
-28404
-31785
-32751
-31227
-27327
-21345
-13736
-5078
3969
12717
20496
26712
30887
32702
32014
28875
23522
16364
7950
-1077
-10024
-18204
-24986
-29848
-32414
-32483
-30050
-25298
-18593
-10451
-1499
7571
16058
23305
28750
31969
32711
30916
26720
20449
12587
3744
-5391
-14111
-21734
-27666
-31442
-32766
-31533
-27837
-21964
-14372
-5653
3510
12401
20323
26654
30894
32710
31957
28692
23169
15822
7226
-1941
-10958
-19113
-25762
-30378
-32596
-32237
-29328
-24096
-16955
-8469
691
9799
18132
25028
29936
32465
32412
29778
24772
17791
9388
234
-8940
-17404
-24479
-29598
-32350
-32513
-30072
-25219
-18342
-9991
-836
8388
16942
24135
29387
32275
32563
30226
25451
18620
10283
1113
-8148
-16754
-24006
-29316
-32252
-32574
-30254
-25477
-18630
-10266
-1066
8222
16845
24098
29390
32286
32549
30156
25298
18372
9941
695
-8610
-17213
-24407
-29603
-32371
-32482
-29925
-24908
-17841
-9305
0
9307
17850
24924
29942
32491
32356
29546
24293
17028
8351
-1019
-10308
-18745
-25629
-30386
-32621
-32145
-28995
-23432
-15917
-7073
2362
11603
19879
26497
30903
32728
31816
28241
22301
14491
5464
-4023
-13175
-21224
-27492
-31451
-32766
-31324
-27244
-20868
-12732
-3519
5992
15001
22745
28568
31977
32682
30619
25962
19103
10622
1238
-8253
-17047
-24394
-29668
-32420
-32412
-29643
-24347
-16973
-8148
1373
10781
19269
26112
30723
32705
31886
28334
22351
14449
5304
-4298
-13534
-21608
-27826
-31650
-32749
-31026
-26627
-19930
-11510
-2094
7504
16457
23989
29446
32355
32460
29752
24461
17046
8148
-1459
-10942
-19477
-26318
-30870
-32732
-31742
-27983
-21780
-13674
-4371
5316
14541
22496
28484
31977
32669
30495
25645
18541
9807
209
-9410
-18204
-25397
-30356
-32640
-32046
-28625
-22675
-14721
-5464
4278
13645
21806
28038
31787
32719
30748
26047
19032
10324
695
-8997
-17892
-25196
-30256
-32621
-32077
-28669
-22701
-14703
-5389
4409
13816
21989
28193
31872
32694
30582
25725
18555
9715
0
-9718
-18563
-25739
-30598
-32699
-31850
-28126
-21861
-13619
-4144
5708
15047
23026
28920
32194
32549
29951
24631
17073
7961
-1876
-11547
-20168
-26955
-31287
-32766
-31257
-26894
-20073
-11416
-1713
8148
17267
24807
30076
32589
32113
28690
22632
14492
5018
-4919
-14407
-22570
-28657
-32104
-32591
-30072
-24775
-17189
-8012
1907
11653
20323
27113
31393
32763
31094
26539
19519
10683
852
-9060
-18132
-25519
-30530
-32697
-31816
-27965
-21503
-13031
-3339
6667
16052
23938
29584
32459
32292
29097
23169
15065
5543
-4501
-14125
-22423
-28612
-32108
-32578
-29977
-24546
-16798
-7461
2582
12385
21019
27666
31694
32721
30647
25665
18247
9095
-923
-10856
-19760
-26786
-31264
-32766
-31146
-26556
-19431
-10451
-470
9557
18675
26008
30855
32749
31507
27244
20368
11537
1595
-8501
-17784
-25359
-30497
-32702
-31758
-27754
-21074
-12360
-2451
7696
17103
24860
30215
32648
31922
28105
21563
12929
3039
-7147
-16643
-24525
-30025
-32607
-32016
-28309
-21844
-13249
-3359
6859
16412
24364
29939
32588
32050
28377
21924
13322
3413
-6833
-16412
-24382
-29960
-32596
-32028
-28309
-21804
-13150
-3199
7069
16643
24578
30089
32630
31946
28105
21482
12732
2719
-7565
-17103
-24947
-30318
-32680
-31797
-27754
-20951
-12062
-1970
8320
17784
25478
30633
32732
31565
27244
20200
11134
952
-9326
-18675
-26154
-31014
-32765
-31228
-26556
-19215
-9941
333
10578
19760
26955
31436
32749
30759
25665
17979
8475
-1887
-12062
-21019
-27851
-31864
-32650
-30126
-24546
-16475
-6728
3703
13762
22423
28806
32258
32427
29291
23169
14683
4696
-5772
-15653
-23938
-29777
-32571
-32033
-28214
-21503
-12587
-2378
8077
17706
25519
30711
32748
31416
26850
19519
10175
-219
-10594
-19879
-27113
-31549
-32726
-30520
-25157
-17189
-7439
3083
13289
22119
28657
32222
32441
29289
23092
14492
4381
-6187
-16114
-24364
-30076
-32652
-31820
-27666
-20619
-11416
-1017
9491
19008
26537
31287
32757
30792
25595
17709
7961
-2625
-12939
-21894
-28547
-32194
-32451
-29286
-23032
-14346
-4144
6498
16457
24678
30291
32699
31644
27238
19943
10531
0
-10533
-19951
-27251
-31656
-32694
-30254
-24592
-16309
-6286
4409
14637
23305
29487
32519
32077
28203
21312
12137
1660
-8997
-18692
-26385
-31248
-32757
-30748
-25434
-17383
-7461
3266
13645
22556
29038
32390
32248
28625
21909
12824
2351
-8378
-18204
-26061
-31098
-32765
-30880
-25645
-17625
-7689
3083
13524
22496
29023
32393
32235
28565
21780
12618
2077
-8692
-18516
-26318
-31245
-32755
-30681
-25247
-17046
-6975
3863
14280
23132
29446
32527
32033
28015
20915
11510
836
-9932
-19609
-27125
-31650
-32682
-30103
-24198
-15616
-5304
5596
15880
24407
30232
32705
31550
26894
19250
9465
-1373
-12062
-21411
-28379
-32188
-32412
-29022
-22395
-13267
-2656
8253
18244
26197
31222
32754
30619
25054
16679
6433
-4537
-15001
-23783
-29895
-32648
-31731
-27244
-19690
-9916
976
11762
21224
28293
32170
32415
28997
22301
13080
2378
-8595
-18599
-26497
-31393
-32729
-30352
-24528
-15917
-5494
5554
15974
24578
30386
32734
31352
26395
18425
8351
-2679
-13405
-22602
-29217
-32491
-32046
-27932
-20616
-10936
0
10939
20625
27944
32055
32482
29173
22507
13249
2462
-8610
-18692
-26622
-31481
-32707
-30156
-24119
-15293
-4696
6446
16845
25296
30817
32766
30916
25477
17079
6695
-4468
-15115
-24006
-30106
-32702
-31489
-26606
-18620
-8460
2689
13528
22788
29387
32552
31909
27532
19930
9991
-1120
-12103
-21669
-28693
-32350
-32208
-28280
-21025
-11295
-234
10856
20671
28052
32127
32412
28871
21921
12379
1372
-9799
-19815
-27487
-31906
-32545
-29328
-22632
-13249
-2291
8940
19113
27016
31708
32629
29666
23169
13911
2992
-8285
-18577
-26654
-31549
-32677
-29899
-23544
-14372
-3477
7836
18214
26411
31442
32702
30037
23764
14635
3744
-7598
-18030
-26293
-31393
-32711
-30086
-23833
-14703
-3796
7571
18026
26305
31405
32707
30050
23753
14577
3632
-7754
-18204
-26446
-31479
-32688
-29925
-23522
-14256
-3253
8148
18560
26712
31608
32650
29706
23135
13736
2656
-8751
-19090
-27095
-31785
-32581
-29385
-22585
-13013
-1842
9557
19786
27585
31994
32468
28947
21861
12081
809
-10564
-20637
-28166
-32219
-32293
-28377
-20951
-10932
440
11762
21629
28819
32437
32033
27653
19840
9561
-1907
-13142
-22745
-29519
-32621
-31661
-26755
-18514
-7961
3586
14689
23960
30239
32740
31148
25658
16955
6128
-5469
-16384
-25247
-30944
-32759
-30461
-24336
-15151
-4058
7546
18204
26572
31595
32638
29565
22763
13087
1756
-9798
-20118
-27896
-32148
-32332
-28424
-20915
-10754
771
12203
22088
29171
32552
31797
27001
18769
8148
-3511
-14727
-24069
-30346
-32754
-30984
-25260
-16309
-5272
6439
17331
26008
31359
32696
29845
23169
13521
2137
-9523
-19964
-27843
-32146
-32318
-28334
-20703
-10405
1234
12717
22564
29503
32637
31559
26407
17841
6968
-4807
-15965
-25058
-30909
-32757
-30361
-24028
-14577
-3233
8533
19194
27364
31977
32433
28669
21173
10917
-762
-12345
-22321
-29387
-32619
-31592
-26438
-17828
-6884
4961
16161
25247
31028
32744
30168
23635
13998
2522
-9287
-19879
-27860
-32179
-32265
-28105
-20242
-9711
2101
13640
23382
30040
32733
31103
25362
16267
5018
-6896
-17901
-26537
-31659
-32585
-29190
-21921
-11741
0
11743
21929
29201
32589
31641
26480
17791
6728
-5233
-16499
-25566
-31222
-32709
-29826
-22955
-13013
-1327
10537
20994
28641
32450
31909
27088
18630
7668
-4324
-15739
-25041
-30976
-32744
-30105
-23411
-13561
-1880
10055
20637
28436
32397
31982
27244
18822
7852
-4182
-15653
-25007
-30974
-32743
-30072
-23319
-13400
-1660
10308
20879
28612
32455
31881
26966
18377
7282
-4807
-16245
-25468
-31216
-32702
-29720
-22675
-12528
-664
11292
21705
29147
32596
31576
26225
17274
5950
-6193
-17489
-26383
-31650
-32564
-28995
-21433
-10917
1105
12978
23064
29968
32737
30984
24950
15465
3839
-8320
-19330
-27666
-32170
-32217
-27796
-19519
-8531
3643
15314
24860
30951
32739
29972
23032
12884
938
-11141
-21669
-29176
-32613
-31498
-25982
-16835
-5332
6918
18204
26944
31912
32410
28366
20343
9465
-2743
-14569
-24351
-30713
-32759
-30198
-23387
-13283
-1306
10856
21492
29100
32604
31507
25962
16748
5166
-7147
-18454
-27152
-32008
-32332
-28076
-19840
-8789
3510
15314
24947
31038
32720
29752
22551
12140
0
-12143
-22559
-29762
-32723
-31017
-24884
-15198
-3339
8998
20053
28242
32393
31908
26854
17952
6476
-5930
-17489
-26541
-31785
-32465
-28481
-20402
-9388
2978
14918
24714
30951
32730
29790
22554
12062
-172
-12385
-22811
-29942
-32746
-30813
-24421
-14492
-2462
9926
20879
28806
32556
31581
26021
16679
4912
-7571
-18956
-27585
-32200
-32127
-27374
-18630
-7167
5342
17076
26318
31719
32485
28504
20353
9222
-3259
-15267
-25041
-31147
-32687
-29434
-21861
-11077
1334
13553
23783
30517
32764
30189
23169
12736
423
-11953
-22570
-29860
-32743
-30792
-24293
-14202
-2009
10483
21426
29201
32652
31267
25247
15482
3419
-9153
-20369
-28563
-32514
-31633
-26047
-16586
-4654
7973
19415
27967
32350
31910
26709
17520
5712
-6950
-18577
-27428
-32179
-32116
-27244
-18292
-6597
6088
17864
26962
32015
32263
27666
18910
7310
-5391
-17284
-26579
-31872
-32366
-27983
-19380
-7852
4862
16845
26287
31760
32433
28203
19707
8226
-4501
-16550
-26094
-31684
-32472
-28334
-19895
-8434
4310
16402
26003
31651
32486
28377
19946
8475
-4288
-16402
-26016
-31662
-32478
-28334
-19861
-8351
4437
16550
26133
31717
32445
28203
19638
8060
-4756
-16845
-26351
-31812
-32386
-27983
-19276
-7602
5243
17284
26666
31941
32293
27666
18769
6975
-5898
-17864
-27071
-32095
-32157
-27244
-18113
-6176
6719
18577
27557
32265
31968
26709
17302
5205
-7702
-19415
-28111
-32434
-31710
-26047
-16326
-4058
8843
20369
28719
32588
31368
25247
15179
2736
-10137
-21426
-29364
-32705
-30922
-24293
-13853
-1238
11573
22570
30025
32764
30353
23169
12339
-434
-13142
-23783
-30678
-32739
-29638
-21861
-10632
2276
14829
25041
31296
32604
28754
20353
8727
-4282
-16616
-26318
-31849
-32328
-27676
-18630
-6622
6439
18480
27585
32302
31880
26381
16679
4318
-8734
-20396
-28806
-32620
-31227
-24845
-14492
-1820
11144
22329
29942
32763
30335
23047
12062
-859
-13645
-24243
-30951
-32688
-29173
-20967
-9388
3703
16202
26094
31785
32354
27709
18593
6476
-6688
-18775
-27832
-32393
-31718
-25913
-15915
-3339
9779
21317
29402
32723
30737
23764
12933
0
-12935
-23772
-30745
-32720
-29372
-21243
-9654
3510
16105
26077
31798
32332
27590
18342
6096
-7147
-19226
-28162
-32493
-31507
-25362
-15061
-2291
10856
22227
29953
32765
30198
22670
11416
-1716
-14569
-25028
-31370
-32548
-28366
-19509
-7435
5867
18204
27539
32330
31782
25982
15887
3163
-10086
-21669
-29667
-32753
-30413
-23032
-11831
1334
14281
24860
31312
32563
28403
19519
7387
-5976
-18347
-27666
-32377
-31693
-25725
-15465
-2622
10659
22164
29968
32766
30086
22374
10917
-2369
-15261
-25599
-31650
-32396
-27709
-18372
-5950
7473
19643
28516
32596
31195
24546
13765
664
-12550
-23653
-30771
-32702
-29116
-20616
-8634
4807
17440
27128
32230
31881
26137
15968
3092
-10308
-21966
-29901
-32766
-30072
-22272
-10689
2711
15653
25937
31812
32275
27244
17574
4908
-8595
-20637
-29162
-32712
-30681
-23411
-12140
1206
14349
25041
31451
32480
27948
18630
6117
-7445
-19735
-28641
-32634
-31026
-24089
-13013
301
13567
24501
31222
32570
28309
19172
6728
-6876
-19298
-28393
-32589
-31159
-24347
-13326
0
13328
24354
31166
32585
28360
19220
6748
-6896
-19347
-28443
-32604
-31103
-24198
-13087
301
13640
24608
31294
32533
28105
18778
6176
-7504
-19879
-28786
-32669
-30847
-23635
-12290
1206
14493
25247
31583
32389
27520
17828
5008
-8692
-20870
-29387
-32745
-30352
-22624
-10917
2711
15865
26229
31977
32094
26556
16335
3233
-10442
-22277
-30182
-32757
-29546
-21112
-8944
4807
17712
27483
32390
31559
25136
14256
845
-12717
-24026
-31070
-32598
-28334
-19032
-6345
7473
19964
28903
32697
30666
23169
11540
-2148
-15456
-26008
-31918
-32127
-26596
-16309
-3103
10659
22517
30346
32741
29270
20553
8148
-5719
-18563
-28078
-32552
-31179
-24202
-12874
771
14281
25223
31625
32332
27214
17189
4062
-9798
-21894
-30040
-32762
-29565
-21025
-8682
5233
18204
27882
32514
31257
24336
13002
-691
-14262
-25247
-31650
-32307
-27094
-16955
-3732
10171
22227
30239
32747
29289
20494
7961
-6025
-18915
-28356
-32621
-30929
-23586
-11931
1907
15400
26077
31982
32033
26215
15592
2109
-11762
-23479
-30889
-32629
-28377
-18910
-5966
8077
20637
29402
32756
30080
21861
9613
-4409
-17621
-27585
-32459
-31342
-24435
-13013
816
14497
25499
31785
32188
26631
16140
2656
-11322
-23203
-30782
-32650
-28456
-18976
-5969
8148
20755
29503
32763
29925
21514
9095
-5021
-18204
-27995
-32564
-31058
-23753
-12011
1977
15598
26305
32095
31880
25698
14703
952
-12978
-24480
-31393
-32418
-27360
-17165
-3744
10381
22559
30497
32702
28754
19394
6380
-7836
-20580
-29446
-32762
-29899
-21393
-8847
5370
18577
28275
32630
30814
23169
11138
-3003
-16579
-27016
-32334
-31523
-24733
-13249
751
14612
25700
31906
32048
26096
15179
1372
-12698
-24354
-31371
-32412
-27273
-16932
-3359
10856
23003
30758
32638
28280
18514
5205
-9101
-21669
-30089
-32747
-29131
-19930
-6905
7445
20371
29387
32762
29844
21189
8460
-5898
-19125
-28673
-32702
-30433
-22301
-9868
4468
17946
27963
32585
30916
23274
11134
-3159
-16845
-27275
-32428
-31305
-24119
-12260
1977
15833
26622
32247
31615
24845
13249
-923
-14918
-26016
-32055
-31858
-25461
-14105
0
14107
25468
31864
32046
25975
14832
792
-13405
-24986
-31684
-32188
-26395
-15435
-1452
12817
24578
31525
32292
26727
15917
1981
-12345
-24250
-31393
-32366
-26976
-16280
-2378
11993
24006
31293
32415
27148
16527
2644
-11762
-23850
-31230
-32442
-27244
-16660
-2779
11653
23783
31206
32451
27267
16679
2783
-11667
-23806
-31222
-32441
-27217
-16586
-2656
11803
23919
31277
32412
27094
16378
2398
-12062
-24120
-31370
-32361
-26894
-16056
-2009
12441
24407
31496
32285
26615
15616
1488
-12939
-24777
-31650
-32178
-26251
-15055
-836
13553
25223
31826
32033
25797
14372
52
-14280
-25739
-32015
-31841
-25247
-13561
863
15115
26318
32208
31592
24592
12618
-1908
-16052
-26950
-32393
-31276
-23823
-11540
3083
17085
27622
32556
30880
22932
10324
-4384
-18204
-28323
-32682
-30389
-21909
-8965
5807
19399
29038
32755
29790
20744
7461
-7347
-20658
-29748
-32757
-29067
-19428
-5811
8997
21966
30436
32669
28203
17952
4016
-10746
-23305
-31079
-32468
-27184
-16309
-2077
12583
24657
31656
32135
25992
14491
0
-14493
-25999
-32139
-31644
-24613
-12494
2208
16457
27304
32503
30975
23032
10317
-4537
-18454
-28547
-32719
-30103
-21238
-7961
6971
20458
29694
32757
29007
19220
5431
-9491
-22439
-30713
-32587
-27666
-16973
-2736
12073
24364
31568
32177
26060
14492
-108
-14689
-26197
-32222
-31498
-24174
-11781
3083
17304
27896
32634
30520
21996
8847
-6162
-19879
-29416
-32766
-29219
-19519
-5706
9311
22368
30711
32578
27570
16743
2378
-12491
-24723
-31732
-32033
-25558
-13674
1105
15653
26888
32428
31095
23169
10328
-4707
-18745
-28806
-32750
-29736
-20402
-6728
8378
21705
30414
32650
27932
17262
2911
-12062
-24465
-31651
-32083
-25665
-13765
1077
15692
26955
32455
31012
22932
9941
-5180
-19194
-29098
-32765
-29406
-19738
-5832
9326
22486
30817
32526
27244
16102
1495
-13436
-25478
-32035
-31693
-24521
-12062
2999
17416
28078
32680
30226
21243
7668
-7565
-21167
-30192
-32685
-28105
-17438
-2992
12103
24578
31727
31995
25321
13150
-1876
-16499
-27539
-32596
-30567
-21889
-8448
6833
20630
29936
32722
28377
17845
3419
-11753
-24364
-31659
-32040
-25423
-13249
1823
16499
27568
32607
30508
21729
8189
-7147
-20920
-30108
-32693
-28105
-17347
-2779
12401
24860
31856
31850
24838
12360
-2839
-17416
-28160
-32702
-30037
-20749
-6884
8501
22013
30668
32552
27244
15915
1066
-14020
-26008
-32243
-31342
-23500
-10451
4915
19194
29220
32766
29042
18871
4509
-10856
-23813
-31479
-32147
-25665
-13473
1720
16533
27666
32637
30335
21271
7461
-8015
-21705
-30552
-32578
-27327
-15968
-1038
14125
26133
32294
31228
23169
9920
-5554
-19786
-29584
-32748
-28565
-17970
-3339
12043
24723
31849
31816
24627
11897
-3511
-18132
-28673
-32755
-29458
-19519
-5177
10334
23516
31393
32182
25702
13414
-1907
-16800
-27896
-32682
-30072
-20653
-6555
9029
22570
30997
32395
26445
14492
-751
-15827
-27310
-32589
-30461
-21406
-7481
8148
21926
30713
32507
26894
15151
-48
-15238
-26955
-32522
-30664
-21804
-7961
7702
21608
30575
32549
27076
15403
202
-15047
-26852
-32503
-30703
-21861
-8002
7696
21629
30598
32538
27001
15255
0
-15257
-27007
-32541
-30582
-21579
-7602
8129
21989
30779
32468
26664
14703
-655
-15865
-27411
-32621
-30288
-20948
-6758
8997
22672
31098
32318
26047
13736
-1763
-16855
-28038
-32713
-29790
-19946
-5464
10289
23653
31516
32046
25116
12336
-3319
-18204
-28847
-32766
-29042
-18541
-3711
11987
24889
31977
31593
23823
10480
-5316
-19871
-29777
-32711
-27983
-16697
-1495
14059
26318
32404
30885
22114
8148
-7733
-21801
-30745
-32460
-26539
-14372
1180
16457
27860
32699
29832
19930
5325
-10537
-23916
-31650
-31910
-24631
-11530
4298
19113
29409
32747
28334
17210
2009
-13670
-26112
-32365
-30942
-22178
-8148
7817
21929
30833
32412
26285
13907
-1780
-17047
-28259
-32743
-29429
-19103
-4222
11667
24777
31977
31548
23586
9991
-5992
-20546
-30192
-32619
-27244
-15350
219
15739
27492
32660
30001
20149
5464
-10533
-24006
-31719
-31816
-24270
-10892
5106
19879
29873
32681
27625
15917
373
-15261
-27221
-32621
-30156
-20416
-5748
10308
23879
31684
31836
24293
10875
-5173
-19973
-29942
-32665
-27477
-15633
0
15636
27483
32666
29925
19920
5078
-10999
-24407
-31886
-31615
-23656
-9941
6193
20824
30386
32549
26782
14487
-1341
-16845
-28242
-32749
-29262
-18630
-3445
12583
25539
32252
31078
22301
8064
-8148
-22368
-31111
-32231
-25451
-12429
3643
18824
29387
32737
28047
16465
836
-15001
-27152
-32625
-30072
-20115
-5205
10989
24479
31937
31523
23335
9388
-6876
-21447
-30723
-32412
-26092
-13322
2743
18132
29038
32759
28371
16955
1338
-14612
-26944
-32596
-30164
-20247
-5304
10958
24501
31960
31477
23169
9099
-7236
-21774
-30894
-32323
-25702
-12676
3510
18824
29446
32724
27837
16000
166
-15711
-27666
-32707
-29572
-19041
-3744
12491
25602
32304
30916
21780
7184
-9215
-23305
-31551
-31880
-24205
-10451
5930
20824
30486
32483
26311
13518
-2679
-18204
-29147
-32749
-28098
-16364
-502
15488
27574
32702
29574
18976
3583
-12717
-25806
-32371
-30748
-21345
-6538
9926
23879
31785
31636
23467
9346
-7147
-21830
-30974
-32254
-25342
-11991
4409
19692
29968
32623
26976
14462
-1736
-17495
-28798
-32764
-28377
-16752
-852
15267
27492
32699
29554
18857
3339
-13034
-26077
-32450
-30520
-20777
-5712
10817
24578
32042
31291
22515
7961
-8637
-23021
-31496
-31881
-24075
-10079
6509
21426
30833
32307
25463
12062
-4448
-19815
-30076
-32585
-26689
-13907
2465
18204
29244
32732
27762
15616
-569
-16610
-28356
-32765
-28692
-17189
-1231
15047
27428
32699
29490
18630
2932
-13528
-26478
-32552
-30168
-19943
-4530
12062
25519
32337
30737
21133
6022
-10659
-24565
-32068
-31208
-22206
-7407
9326
23628
31760
31593
23169
8686
-8070
-22719
-31423
-31903
-24028
-9858
6896
21846
31070
32147
24790
10926
-5807
-21019
-30711
-32336
-25461
-11891
4807
20244
30356
32478
26047
12755
-3899
-19528
-30012
-32581
-26556
-13521
3083
18877
29687
32654
26991
14192
-2362
-18294
-29387
-32703
-27360
-14769
1736
17784
29119
32734
27666
15255
-1206
-17349
-28887
-32752
-27913
-15652
771
16993
28695
32761
28105
15962
-434
-16717
-28547
-32765
-28244
-16186
193
16523
28443
32766
28334
16326
-48
-16412
-28387
-32766
-28374
-16382
0
0
0
0
0
0
0
0
0
0
0
0
0
0
0
0
0
0
0
0
0
0
0
0
0
0
0
0
0
0
0
0
0
0
0
0
0
0
0
0
0
0
0
0
0
0
0
0
0
0
0
0
0
0
0
0
0
0
0
0
0
0
0
0
0
0
0
0
0
0
0
0
0
0
0
0
0
0
0
0
0
0
0
0
0
0
0
0
0
0
0
0
0
0
0
0
0
0
0
0
0
0
0
0
0
0
0
0
0
0
0
0
0
0
0
0
0
0
0
0
0
0
0
0
0
0
0
0
0
0
0
0
0
0
0
0
0
0
0
0
0
0
0
0
0
0
0
0
0
0
0
0
0
0
0
0
0
0
0
0
0
0
0
0
0
0
0
0
0
0
0
0
0
0
0
0
0
0
0
0
0
0
0
0
0
0
0
0
0
0
0
0
0
0
0
0
0
0
0
0
0
0
0
0
0
0
0
0
0
0
0
0
0
0
0
0
0
0
0
0
0
0
0
0
0
0
0
0
0
0
0
0
0
0
0
0
0
0
0
0
0
0
0
0
0
0
0
0
0
0
0
0
0
0
0
0
0
0
0
0
0
0
0
0
0
0
0
0
0
0
0
0
0
0
0
0
0
0
0
0
0
0
0
0
0
0
0
0
0
0
0
0
0
0
0
0
0
0
0
0
0
0
0
0
0
0
0
0
0
0
0
0
0
0
0
0
0
0
0
0
0
0
0
0
0
0
0
0
0
0
0
0
0
0
0
0
0
0
0
0
0
0
0
0
0
0
0
0
0
0
0
0
0
0
0
0
0
0
0
0
0
0
0
0
0
0
0
0
0
0
0
0
0
0
0
0
0
0
0
0
0
0
0
0
0
0
0
0
0
0
0
0
0
0
0
0
0
0
0
0
0
0
0
0
0
0
0
0
0
0
0
0
0
0
0
0
0
0
0
0
0
0
0
0
0
0
0
0
0
0
0
0
0
0
0
0
0
0
0
0
0
0
0
0
0
0
0
0
0
0
0
0
0
0
0
0
0
0
0
0
0
0
0
0
0
0
0
0
0
0
0
0
0
0
0
0
0
0
0
0
0
0
0
0
0
0
0
0
0
0
0
0
0
0
0
0
0
0
0
0
0
0
0
0
0
0
0
0
0
0
0
0
0
0
0
0
0
0
0
0
0
0
0
0
0
0
0
0
0
0
0
0
0
0
0
0
0
0
0
0
0
0
0
0
0
0
0
0
0
0
0
0
0
0
0
0
0
0
0
0
0
0
0
0
0
0
0
0
0
0
0
0
0
0
0
0
0
0
0
0
0
0
0
0
0
0
0
0
0
0
0
0
0
0
0
0
0
0
0
0
0
0
0
0
0
0
0
0
0
0
0
0
0
0
0
0
0
0
0
0
0
0
0
0
0
0
0
0
0
0
0
0
0
0
0
0
0
0
0
0
0
0
0
0
0
0
0
0
0
0
0
0
0
0
0
0
0
0
0
0
0
0
0
0
0
0
0
0
0
0
0
0
0
0
0
0
0
0
0
0
0
0
0
0
0
0
0
0
0
0
0
0
0
0
0
0
0
0
0
0
0
0
0
0
0
0
0
0
0
0
0
0
0
0
0
0
0
0
0
0
0
0
0
0
0
0
0
0
0
0
0
0
0
0
0
0
0
0
0
0
0
0
0
0
0
0
0
0
0
0
0
0
0
0
0
0
0
0
0
0
0
0
0
0
0
0
0
0
0
0
0
0
0
0
0
0
0
0
0
0
0
0
0
0
0
0
0
0
0
0
0
0
0
0
0
0
0
0
0
0
0
0
0
0
0
0
0
0
0
0
0
0
0
0
0
0
0
0
0
0
0
0
0
0
0
0
0
0
0
0
0
0
0
0
0
0
0
0
0
0
0
0
0
0
0
0
0
0
0
0
0
0
0
0
0
0
0
0
0
0
0
0
0
0
0
0
0
0
0
0
0
0
0
0
0
0
0
0
0
0
0
0
0
0
0
0
0
0
0
0
0
0
0
0
0
0
0
0
0
0
0
0
0
0
0
0
0
0
0
0
0
0
0
0
0
0
0
0
0
0
0
0
0
0
0
0
0
0
0
0
0
0
0
0
0
0
0
0
0
0
0
0
0
0
0
0
0
0
0
0
0
0
0
0
0
0
0
0
0
0
19660
19248
18031
16058
13413
10205
6569
2656
-1370
-5342
-9093
-12467
-15323
-17540
-19026
-19719
-19588
-18638
-16908
-14470
-11423
-7895
-4032
5
4050
7933
11493
14581
17067
18849
19850
20028
19373
17913
15705
12841
9438
5635
1591
-2528
-6553
-10316
-13662
-16451
-18567
-19923
-20459
-20154
-19018
-17097
-14467
-11237
-7537
-3520
650
4804
8770
12385
15501
17990
19749
20705
20818
20082
18527
16214
13237
9717
5796
1634
-2600
-6735
-10603
-14047
-16926
-19124
-20551
-21150
-20896
-19799
-17904
-15286
-12053
-8333
-4278
-50
4179
8242
11973
15224
17865
19790
20924
21221
20671
19297
17157
14335
10947
7129
3034
-1173
-5327
-9261
-12820
-15863
-18270
-19949
-20835
-20895
-20131
-18575
-16293
-13377
-9946
-6136
-2101
1999
6004
9755
13106
15928
18112
19577
20268
20164
19274
17637
15323
12427
9065
5374
1499
-2406
-6191
-9707
-12820
-15412
-17387
-18674
-19228
-19034
-18108
-16493
-14257
-11493
-8315
-4848
-1231
2396
5892
9125
11973
14331
16113
17260
17734
17526
16653
15158
13106
10584
7694
4553
1283
-1987
-5136
-8043
-10603
-12724
-14333
-15377
-15826
-15674
-14938
-13655
-11884
-9701
-7196
-4469
-1627
1221
3968
6515
8770
10655
12108
13084
13560
13527
13000
12009
10603
8844
6804
4566
2218
-152
-2457
-4616
-6553
-8205
-9520
-10461
-11005
-11144
-10886
-10252
-9278
-8008
-6497
-4806
-3001
-1149
684
2437
4050
5474
6666
7596
8242
8593
8648
8419
7923
7188
6248
5141
3911
2600
1255
-81
-1370
-2571
-3654
-4591
-5361
-5948
-6344
-6545
-6553
-6376
-6027
-5520
-4876
-4115
-3261
-2337
-1370
-382
599
1553
2456
3289
4032
4668
5183
5564
5802
5889
5822
5601
5227
4707
4050
3270
2383
1411
376
-694
-1772
-2827
-3828
-4743
-5541
-6194
-6677
-6968
-7051
-6914
-6553
-5972
-5180
-4196
-3045
-1760
-377
1059
2503
3905
5215
6386
7372
8133
8636
8853
8770
8379
7686
6706
5466
4003
2363
601
-1222
-3044
-4798
-6420
-7846
-9021
-9896
-10432
-10603
-10395
-9806
-8852
-7561
-5972
-4138
-2124
0
2158
4271
6260
8049
9569
10760
11574
11973
11939
11466
10566
9267
7614
5662
3481
1150
-1245
-3618
-5879
-7944
-9732
-11177
-12220
-12820
-12951
-12605
-11792
-10538
-8889
-6902
-4650
-2216
309
2835
5265
7509
9483
11112
12336
13106
13395
13189
12497
11343
9771
7837
5615
3186
642
-1923
-4415
-6740
-8813
-10557
-11909
-12820
-13257
-13205
-12669
-11670
-10248
-8457
-6364
-4050
-1600
893
3339
5648
7735
9524
10954
11973
12549
12663
12316
11526
10324
8760
6893
4797
2549
233
-2064
-4261
-6280
-8048
-9505
-10603
-11307
-11597
-11469
-10933
-10016
-8756
-7204
-5420
-3472
-1432
624
2624
4499
6184
7623
8770
9590
10062
10175
9934
9355
8465
7301
5911
4348
2668
934
-795
-2460
-4007
-5385
-6553
-7476
-8131
-8502
-8585
-8384
-7915
-7199
-6266
-5154
-3902
-2554
-1157
244
1606
2887
4050
5061
5895
6530
6953
7157
7141
6912
6481
5866
5089
4176
3155
2058
916
-236
-1370
-2452
-3454
-4349
-5115
-5732
-6184
-6460
-6553
-6460
-6184
-5732
-5115
-4349
-3454
-2452
-1370
-236
916
2058
3155
4176
5089
5866
6481
6912
7141
7157
6953
6530
5895
5061
4050
2887
1606
244
-1157
-2554
-3902
-5154
-6266
-7199
-7915
-8384
-8585
-8502
-8131
-7476
-6553
-5385
-4007
-2460
-795
934
2668
4348
5911
7301
8465
9355
9934
10175
10062
9590
8770
7623
6184
4499
2624
624
-1432
-3472
-5420
-7204
-8756
-10016
-10933
-11469
-11597
-11307
-10603
-9505
-8048
-6280
-4261
-2064
233
2549
4797
6893
8760
10324
11526
12316
12663
12549
11973
10954
9524
7735
5648
3339
893
-1600
-4050
-6364
-8457
-10248
-11670
-12669
-13205
-13257
-12820
-11909
-10557
-8813
-6740
-4415
-1923
642
3186
5615
7837
9771
11343
12497
13189
13395
13106
12336
11112
9483
7509
5265
2835
309
-2216
-4650
-6902
-8889
-10538
-11792
-12605
-12951
-12820
-12220
-11177
-9732
-7944
-5879
-3618
-1245
1150
3481
5662
7614
9267
10566
11466
11939
11973
11574
10760
9569
8049
6260
4271
2158
0
-2124
-4138
-5972
-7561
-8852
-9806
-10395
-10603
-10432
-9896
-9021
-7846
-6420
-4798
-3044
-1222
601
2363
4003
5466
6706
7686
8379
8770
8853
8636
8133
7372
6386
5215
3905
2503
1059
-377
-1760
-3045
-4196
-5180
-5972
-6553
-6914
-7051
-6968
-6677
-6194
-5541
-4743
-3828
-2827
-1772
-694
376
1411
2383
3270
4050
4707
5227
5601
5822
5889
5802
5564
5183
4668
4032
3289
2456
1553
599
-382
-1370
-2337
-3261
-4115
-4876
-5520
-6027
-6376
-6553
-6545
-6344
-5948
-5361
-4591
-3654
-2571
-1370
-81
1255
2600
3911
5141
6248
7188
7923
8419
8648
8593
8242
7596
6666
5474
4050
2437
684
-1149
-3001
-4806
-6497
-8008
-9278
-10252
-10886
-11144
-11005
-10461
-9520
-8205
-6553
-4616
-2457
-152
2218
4566
6804
8844
10603
12009
13000
13527
13560
13084
12108
10655
8770
6515
3968
1221
-1627
-4469
-7196
-9701
-11884
-13655
-14938
-15674
-15826
-15377
-14333
-12724
-10603
-8043
-5136
-1987
1283
4553
7694
10584
13106
15158
16653
17526
17734
17260
16113
14331
11973
9125
5892
2396
-1231
-4848
-8315
-11493
-14257
-16493
-18108
-19034
-19228
-18674
-17387
-15412
-12820
-9707
-6191
-2406
1499
5374
9065
12427
15323
17637
19274
20164
20268
19577
18112
15928
13106
9755
6004
1999
-2101
-6136
-9946
-13377
-16293
-18575
-20131
-20895
-20835
-19949
-18270
-15863
-12820
-9261
-5327
-1173
3034
7129
10947
14335
17157
19297
20671
21221
20924
19790
17865
15224
11973
8242
4179
-50
-4278
-8333
-12053
-15286
-17904
-19799
-20896
-21150
-20551
-19124
-16926
-14047
-10603
-6735
-2600
1634
5796
9717
13237
16214
18527
20082
20818
20705
19749
17990
15501
12385
8770
4804
650
-3520
-7537
-11237
-14467
-17097
-19018
-20154
-20459
-19923
-18567
-16451
-13662
-10316
-6553
-2528
1591
5635
9438
12841
15705
17913
19373
20028
19850
18849
17067
14581
11493
7933
4050
5
-4032
-7895
-11423
-14470
-16908
-18638
-19588
-19719
-19026
-17540
-15323
-12467
-9093
-5342
-1370
2656
6569
10205
13413
16058
18031
19248
0
0
0
0
0
0
0
0
0
0
0
0
0
0
0
0
0
0
0
0
0
0
0
0
0
0
0
0
0
0
0
0
0
0
0
0
0
0
0
0
0
0
0
0
0
0
0
0
0
0
0
0
0
0
0
0
0
0
0
0
0
0
0
0
0
0
0
-6553
-6409
-5984
-5297
-4378
-3268
-2017
-679
685
2017
3256
4349
5247
5910
6310
6431
6266
5826
5130
4210
3108
1874
563
-764
-2050
-3236
-4270
-5106
-5707
-6046
-6111
-5898
-5420
-4698
-3767
-2671
-1460
-190
1080
2293
3392
4327
5055
5544
5770
5726
5412
4844
4050
3066
1939
723
-525
-1747
-2885
-3884
-4697
-5284
-5617
-5679
-5466
-4986
-4260
-3323
-2216
-993
290
1572
2791
3888
4810
5509
5950
6108
5971
5541
4835
3882
2723
1409
0
-1439
-2841
-4138
-5268
-6175
-6810
-7138
-7138
-6802
-6139
-5171
-3936
-2486
-882
805
2503
4131
5616
6885
7877
8539
8833
8738
8248
7375
6149
4615
2834
880
-1166
-3218
-5183
-6974
-8509
-9713
-10528
-10908
-10826
-10275
-9267
-7837
-6034
-3929
-1603
847
3321
5714
7923
9849
11406
12518
13131
13207
12731
11714
10185
8200
5830
3168
320
-2601
-5474
-8180
-10603
-12638
-14192
-15194
-15593
-15360
-14495
-13022
-10992
-8477
-5573
-2393
939
4289
7521
10502
13106
15222
16757
17640
17826
17297
16065
14169
11678
8683
5299
1656
-2101
-5824
-9363
-12574
-15323
-17496
-18998
-19762
-19749
-18952
-17393
-15126
-12236
-8830
-5038
-1009
3100
7127
10911
14300
17157
19362
20824
21478
21292
20268
18438
15870
12660
8928
4820
494
-3879
-8131
-12091
-15604
-18527
-20743
-22161
-22722
-22399
-21200
-19170
-16383
-12945
-8989
-4666
-145
4397
8786
12848
16424
19373
21580
22955
23444
23027
21716
19563
16650
13088
9016
4591
-14
-4624
-9058
-13144
-16724
-19660
-21838
-23174
-23618
-23153
-21799
-19607
-16666
-13088
-9014
-4602
-22
4548
8934
12966
16490
19373
21506
22810
23237
22774
21444
19300
16430
12945
8983
4698
255
-4173
-8420
-12322
-15733
-18527
-20599
-21876
-22314
-21903
-20665
-18652
-15947
-12660
-8918
-4869
-669
3520
7542
11243
14488
17157
19154
20410
20887
20572
19488
17682
15231
12236
8814
5100
1238
-2624
-6344
-9781
-12810
-15323
-17232
-18473
-19010
-18831
-17954
-16421
-14300
-11678
-8661
-5367
-1924
1536
4887
8005
10777
13106
14914
16143
16756
16743
16116
14908
13175
10992
8447
5641
2682
-317
-3246
-6000
-8481
-10603
-12298
-13512
-14212
-14385
-14035
-13188
-11885
-10185
-8159
-5888
-3458
-963
1506
3864
6027
7923
9492
10687
11476
11841
11782
11312
10461
9267
7785
6073
4198
2230
241
-1699
-3527
-5183
-6615
-7781
-8650
-9203
-9430
-9336
-8934
-8248
-7310
-6159
-4842
-3406
-1904
-385
1098
2503
3784
4907
5840
6562
7056
7315
7340
7138
6722
6113
5334
4416
3389
2287
1146
0
-1118
-2178
-3150
-4008
-4732
-5305
-5713
-5950
-6012
-5901
-5623
-5188
-4611
-3909
-3103
-2216
-1273
-300
675
1627
2529
3356
4086
4697
5172
5497
5662
5662
5495
5164
4678
4050
3296
2437
1498
506
-509
-1518
-2489
-3392
-4198
-4880
-5416
-5787
-5978
-5981
-5794
-5420
-4868
-4154
-3299
-2329
-1274
-169
951
2050
3091
4038
4860
5527
6016
6309
6394
6266
5929
5392
4672
3792
2781
1672
503
-685
-1856
-2967
-3981
-4863
-5583
-6116
-6443
-6553
-6443
-6116
-5583
-4863
-3981
-2967
-1856
-685
503
1672
2781
3792
4672
5392
5929
6266
6394
6309
6016
5527
4860
4038
3091
2050
951
-169
-1274
-2329
-3299
-4154
-4868
-5420
-5794
-5981
-5978
-5787
-5416
-4880
-4198
-3392
-2489
-1518
-509
506
1498
2437
3296
4050
4678
5164
5495
5662
5662
5497
5172
4697
4086
3356
2529
1627
675
-300
-1273
-2216
-3103
-3909
-4611
-5188
-5623
-5901
-6012
-5950
-5713
-5305
-4732
-4008
-3150
-2178
-1118
0
1146
2287
3389
4416
5334
6113
6722
7138
7340
7315
7056
6562
5840
4907
3784
2503
1098
-385
-1904
-3406
-4842
-6159
-7310
-8248
-8934
-9336
-9430
-9203
-8650
-7781
-6615
-5183
-3527
-1699
241
2230
4198
6073
7785
9267
10461
11312
11782
11841
11476
10687
9492
7923
6027
3864
1506
-963
-3458
-5888
-8159
-10185
-11885
-13188
-14035
-14385
-14212
-13512
-12298
-10603
-8481
-6000
-3246
-317
2682
5641
8447
10992
13175
14908
16116
16743
16756
16143
14914
13106
10777
8005
4887
1536
-1924
-5367
-8661
-11678
-14300
-16421
-17954
-18831
-19010
-18473
-17232
-15323
-12810
-9781
-6344
-2624
1238
5100
8814
12236
15231
17682
19488
20572
20887
20410
19154
17157
14488
11243
7542
3520
-669
-4869
-8918
-12660
-15947
-18652
-20665
-21903
-22314
-21876
-20599
-18527
-15733
-12322
-8420
-4173
255
4698
8983
12945
16430
19300
21444
22774
23237
22810
21506
19373
16490
12966
8934
4548
-22
-4602
-9014
-13088
-16666
-19607
-21799
-23153
-23618
-23174
-21838
-19660
-16724
-13144
-9058
-4624
-14
4591
9016
13088
16650
19563
21716
23027
23444
22955
21580
19373
16424
12848
8786
4397
-145
-4666
-8989
-12945
-16383
-19170
-21200
-22399
-22722
-22161
-20743
-18527
-15604
-12091
-8131
-3879
494
4820
8928
12660
15870
18438
20268
21292
21478
20824
19362
17157
14300
10911
7127
3100
-1009
-5038
-8830
-12236
-15126
-17393
-18952
-19749
-19762
-18998
-17496
-15323
-12574
-9363
-5824
-2101
1656
5299
8683
11678
14169
16065
17297
17826
17640
16757
15222
13106
10502
7521
4289
939
-2393
-5573
-8477
-10992
-13022
-14495
-15360
-15593
-15194
-14192
-12638
-10603
-8180
-5474
-2601
320
3168
5830
8200
10185
11714
12731
13207
13131
12518
11406
9849
7923
5714
3321
847
-1603
-3929
-6034
-7837
-9267
-10275
-10826
-10908
-10528
-9713
-8509
-6974
-5183
-3218
-1166
880
2834
4615
6149
7375
8248
8738
8833
8539
7877
6885
5616
4131
2503
805
-882
-2486
-3936
-5171
-6139
-6802
-7138
-7138
-6810
-6175
-5268
-4138
-2841
-1439
0
1409
2723
3882
4835
5541
5971
6108
5950
5509
4810
3888
2791
1572
290
-993
-2216
-3323
-4260
-4986
-5466
-5679
-5617
-5284
-4697
-3884
-2885
-1747
-525
723
1939
3066
4050
4844
5412
5726
5770
5544
5055
4327
3392
2293
1080
-190
-1460
-2671
-3767
-4698
-5420
-5898
-6111
-6046
-5707
-5106
-4270
-3236
-2050
-764
563
1874
3108
4210
5130
5826
6266
6431
6310
5910
5247
4349
3256
2017
685
-679
-2017
-3268
-4378
-5297
-5984
-6409
0
0
0
0
0
0
0
0
0
0
0
0
0
0
0
0
0
0
0
0
0
0
0
0
0
0
0
0
0
0
0
0
0
0
0
0
0
0
0
0
0
0
0
0
0
0
0
0
0
0
0
0
0
0
0
0
0
0
0
0
0
0
0
0
0
0
0
6553
6443
6116
5583
4863
3981
2967
1856
685
-503
-1672
-2781
-3792
-4672
-5392
-5929
-6266
-6394
-6309
-6016
-5527
-4860
-4038
-3091
-2050
-951
169
1274
2329
3299
4154
4868
5420
5794
5981
5978
5787
5416
4880
4198
3392
2489
1518
509
-506
-1498
-2437
-3296
-4050
-4678
-5164
-5495
-5662
-5662
-5497
-5172
-4697
-4086
-3356
-2529
-1627
-675
300
1273
2216
3103
3909
4611
5188
5623
5901
6012
5950
5713
5305
4732
4008
3150
2178
1118
0
-1146
-2287
-3389
-4416
-5334
-6113
-6722
-7138
-7340
-7315
-7056
-6562
-5840
-4907
-3784
-2503
-1098
385
1904
3406
4842
6159
7310
8248
8934
9336
9430
9203
8650
7781
6615
5183
3527
1699
-241
-2230
-4198
-6073
-7785
-9267
-10461
-11312
-11782
-11841
-11476
-10687
-9492
-7923
-6027
-3864
-1506
963
3458
5888
8159
10185
11885
13188
14035
14385
14212
13512
12298
10603
8481
6000
3246
317
-2682
-5641
-8447
-10992
-13175
-14908
-16116
-16743
-16756
-16143
-14914
-13106
-10777
-8005
-4887
-1536
1924
5367
8661
11678
14300
16421
17954
18831
19010
18473
17232
15323
12810
9781
6344
2624
-1238
-5100
-8814
-12236
-15231
-17682
-19488
-20572
-20887
-20410
-19154
-17157
-14488
-11243
-7542
-3520
669
4869
8918
12660
15947
18652
20665
21903
22314
21876
20599
18527
15733
12322
8420
4173
-255
-4698
-8983
-12945
-16430
-19300
-21444
-22774
-23237
-22810
-21506
-19373
-16490
-12966
-8934
-4548
22
4602
9014
13088
16666
19607
21799
23153
23618
23174
21838
19660
16724
13144
9058
4624
14
-4591
-9016
-13088
-16650
-19563
-21716
-23027
-23444
-22955
-21580
-19373
-16424
-12848
-8786
-4397
145
4666
8989
12945
16383
19170
21200
22399
22722
22161
20743
18527
15604
12091
8131
3879
-494
-4820
-8928
-12660
-15870
-18438
-20268
-21292
-21478
-20824
-19362
-17157
-14300
-10911
-7127
-3100
1009
5038
8830
12236
15126
17393
18952
19749
19762
18998
17496
15323
12574
9363
5824
2101
-1656
-5299
-8683
-11678
-14169
-16065
-17297
-17826
-17640
-16757
-15222
-13106
-10502
-7521
-4289
-939
2393
5573
8477
10992
13022
14495
15360
15593
15194
14192
12638
10603
8180
5474
2601
-320
-3168
-5830
-8200
-10185
-11714
-12731
-13207
-13131
-12518
-11406
-9849
-7923
-5714
-3321
-847
1603
3929
6034
7837
9267
10275
10826
10908
10528
9713
8509
6974
5183
3218
1166
-880
-2834
-4615
-6149
-7375
-8248
-8738
-8833
-8539
-7877
-6885
-5616
-4131
-2503
-805
882
2486
3936
5171
6139
6802
7138
7138
6810
6175
5268
4138
2841
1439
0
-1409
-2723
-3882
-4835
-5541
-5971
-6108
-5950
-5509
-4810
-3888
-2791
-1572
-290
993
2216
3323
4260
4986
5466
5679
5617
5284
4697
3884
2885
1747
525
-723
-1939
-3066
-4050
-4844
-5412
-5726
-5770
-5544
-5055
-4327
-3392
-2293
-1080
190
1460
2671
3767
4698
5420
5898
6111
6046
5707
5106
4270
3236
2050
764
-563
-1874
-3108
-4210
-5130
-5826
-6266
-6431
-6310
-5910
-5247
-4349
-3256
-2017
-685
679
2017
3268
4378
5297
5984
6409
6553
6409
5984
5297
4378
3268
2017
679
-685
-2017
-3256
-4349
-5247
-5910
-6310
-6431
-6266
-5826
-5130
-4210
-3108
-1874
-563
764
2050
3236
4270
5106
5707
6046
6111
5898
5420
4698
3767
2671
1460
190
-1080
-2293
-3392
-4327
-5055
-5544
-5770
-5726
-5412
-4844
-4050
-3066
-1939
-723
525
1747
2885
3884
4697
5284
5617
5679
5466
4986
4260
3323
2216
993
-290
-1572
-2791
-3888
-4810
-5509
-5950
-6108
-5971
-5541
-4835
-3882
-2723
-1409
0
1439
2841
4138
5268
6175
6810
7138
7138
6802
6139
5171
3936
2486
882
-805
-2503
-4131
-5616
-6885
-7877
-8539
-8833
-8738
-8248
-7375
-6149
-4615
-2834
-880
1166
3218
5183
6974
8509
9713
10528
10908
10826
10275
9267
7837
6034
3929
1603
-847
-3321
-5714
-7923
-9849
-11406
-12518
-13131
-13207
-12731
-11714
-10185
-8200
-5830
-3168
-320
2601
5474
8180
10603
12638
14192
15194
15593
15360
14495
13022
10992
8477
5573
2393
-939
-4289
-7521
-10502
-13106
-15222
-16757
-17640
-17826
-17297
-16065
-14169
-11678
-8683
-5299
-1656
2101
5824
9363
12574
15323
17496
18998
19762
19749
18952
17393
15126
12236
8830
5038
1009
-3100
-7127
-10911
-14300
-17157
-19362
-20824
-21478
-21292
-20268
-18438
-15870
-12660
-8928
-4820
-494
3879
8131
12091
15604
18527
20743
22161
22722
22399
21200
19170
16383
12945
8989
4666
145
-4397
-8786
-12848
-16424
-19373
-21580
-22955
-23444
-23027
-21716
-19563
-16650
-13088
-9016
-4591
14
4624
9058
13144
16724
19660
21838
23174
23618
23153
21799
19607
16666
13088
9014
4602
22
-4548
-8934
-12966
-16490
-19373
-21506
-22810
-23237
-22774
-21444
-19300
-16430
-12945
-8983
-4698
-255
4173
8420
12322
15733
18527
20599
21876
22314
21903
20665
18652
15947
12660
8918
4869
669
-3520
-7542
-11243
-14488
-17157
-19154
-20410
-20887
-20572
-19488
-17682
-15231
-12236
-8814
-5100
-1238
2624
6344
9781
12810
15323
17232
18473
19010
18831
17954
16421
14300
11678
8661
5367
1924
-1536
-4887
-8005
-10777
-13106
-14914
-16143
-16756
-16743
-16116
-14908
-13175
-10992
-8447
-5641
-2682
317
3246
6000
8481
10603
12298
13512
14212
14385
14035
13188
11885
10185
8159
5888
3458
963
-1506
-3864
-6027
-7923
-9492
-10687
-11476
-11841
-11782
-11312
-10461
-9267
-7785
-6073
-4198
-2230
-241
1699
3527
5183
6615
7781
8650
9203
9430
9336
8934
8248
7310
6159
4842
3406
1904
385
-1098
-2503
-3784
-4907
-5840
-6562
-7056
-7315
-7340
-7138
-6722
-6113
-5334
-4416
-3389
-2287
-1146
0
1118
2178
3150
4008
4732
5305
5713
5950
6012
5901
5623
5188
4611
3909
3103
2216
1273
300
-675
-1627
-2529
-3356
-4086
-4697
-5172
-5497
-5662
-5662
-5495
-5164
-4678
-4050
-3296
-2437
-1498
-506
509
1518
2489
3392
4198
4880
5416
5787
5978
5981
5794
5420
4868
4154
3299
2329
1274
169
-951
-2050
-3091
-4038
-4860
-5527
-6016
-6309
-6394
-6266
-5929
-5392
-4672
-3792
-2781
-1672
-503
685
1856
2967
3981
4863
5583
6116
6443
0
0
0
0
0
0
0
0
0
0
0
0
0
0
0
0
0
0
0
0
0
0
0
0
0
0
0
0
0
0
0
0
0
0
0
0
0
0
0
0
0
0
0
0
0
0
0
0
0
0
0
0
0
0
0
0
0
0
0
0
0
0
0
0
0
0
0
19660
19248
18031
16058
13413
10205
6569
2656
-1370
-5342
-9093
-12467
-15323
-17540
-19026
-19719
-19588
-18638
-16908
-14470
-11423
-7895
-4032
5
4050
7933
11493
14581
17067
18849
19850
20028
19373
17913
15705
12841
9438
5635
1591
-2528
-6553
-10316
-13662
-16451
-18567
-19923
-20459
-20154
-19018
-17097
-14467
-11237
-7537
-3520
650
4804
8770
12385
15501
17990
19749
20705
20818
20082
18527
16214
13237
9717
5796
1634
-2600
-6735
-10603
-14047
-16926
-19124
-20551
-21150
-20896
-19799
-17904
-15286
-12053
-8333
-4278
-50
4179
8242
11973
15224
17865
19790
20924
21221
20671
19297
17157
14335
10947
7129
3034
-1173
-5327
-9261
-12820
-15863
-18270
-19949
-20835
-20895
-20131
-18575
-16293
-13377
-9946
-6136
-2101
1999
6004
9755
13106
15928
18112
19577
20268
20164
19274
17637
15323
12427
9065
5374
1499
-2406
-6191
-9707
-12820
-15412
-17387
-18674
-19228
-19034
-18108
-16493
-14257
-11493
-8315
-4848
-1231
2396
5892
9125
11973
14331
16113
17260
17734
17526
16653
15158
13106
10584
7694
4553
1283
-1987
-5136
-8043
-10603
-12724
-14333
-15377
-15826
-15674
-14938
-13655
-11884
-9701
-7196
-4469
-1627
1221
3968
6515
8770
10655
12108
13084
13560
13527
13000
12009
10603
8844
6804
4566
2218
-152
-2457
-4616
-6553
-8205
-9520
-10461
-11005
-11144
-10886
-10252
-9278
-8008
-6497
-4806
-3001
-1149
684
2437
4050
5474
6666
7596
8242
8593
8648
8419
7923
7188
6248
5141
3911
2600
1255
-81
-1370
-2571
-3654
-4591
-5361
-5948
-6344
-6545
-6553
-6376
-6027
-5520
-4876
-4115
-3261
-2337
-1370
-382
599
1553
2456
3289
4032
4668
5183
5564
5802
5889
5822
5601
5227
4707
4050
3270
2383
1411
376
-694
-1772
-2827
-3828
-4743
-5541
-6194
-6677
-6968
-7051
-6914
-6553
-5972
-5180
-4196
-3045
-1760
-377
1059
2503
3905
5215
6386
7372
8133
8636
8853
8770
8379
7686
6706
5466
4003
2363
601
-1222
-3044
-4798
-6420
-7846
-9021
-9896
-10432
-10603
-10395
-9806
-8852
-7561
-5972
-4138
-2124
0
2158
4271
6260
8049
9569
10760
11574
11973
11939
11466
10566
9267
7614
5662
3481
1150
-1245
-3618
-5879
-7944
-9732
-11177
-12220
-12820
-12951
-12605
-11792
-10538
-8889
-6902
-4650
-2216
309
2835
5265
7509
9483
11112
12336
13106
13395
13189
12497
11343
9771
7837
5615
3186
642
-1923
-4415
-6740
-8813
-10557
-11909
-12820
-13257
-13205
-12669
-11670
-10248
-8457
-6364
-4050
-1600
893
3339
5648
7735
9524
10954
11973
12549
12663
12316
11526
10324
8760
6893
4797
2549
233
-2064
-4261
-6280
-8048
-9505
-10603
-11307
-11597
-11469
-10933
-10016
-8756
-7204
-5420
-3472
-1432
624
2624
4499
6184
7623
8770
9590
10062
10175
9934
9355
8465
7301
5911
4348
2668
934
-795
-2460
-4007
-5385
-6553
-7476
-8131
-8502
-8585
-8384
-7915
-7199
-6266
-5154
-3902
-2554
-1157
244
1606
2887
4050
5061
5895
6530
6953
7157
7141
6912
6481
5866
5089
4176
3155
2058
916
-236
-1370
-2452
-3454
-4349
-5115
-5732
-6184
-6460
-6553
-6460
-6184
-5732
-5115
-4349
-3454
-2452
-1370
-236
916
2058
3155
4176
5089
5866
6481
6912
7141
7157
6953
6530
5895
5061
4050
2887
1606
244
-1157
-2554
-3902
-5154
-6266
-7199
-7915
-8384
-8585
-8502
-8131
-7476
-6553
-5385
-4007
-2460
-795
934
2668
4348
5911
7301
8465
9355
9934
10175
10062
9590
8770
7623
6184
4499
2624
624
-1432
-3472
-5420
-7204
-8756
-10016
-10933
-11469
-11597
-11307
-10603
-9505
-8048
-6280
-4261
-2064
233
2549
4797
6893
8760
10324
11526
12316
12663
12549
11973
10954
9524
7735
5648
3339
893
-1600
-4050
-6364
-8457
-10248
-11670
-12669
-13205
-13257
-12820
-11909
-10557
-8813
-6740
-4415
-1923
642
3186
5615
7837
9771
11343
12497
13189
13395
13106
12336
11112
9483
7509
5265
2835
309
-2216
-4650
-6902
-8889
-10538
-11792
-12605
-12951
-12820
-12220
-11177
-9732
-7944
-5879
-3618
-1245
1150
3481
5662
7614
9267
10566
11466
11939
11973
11574
10760
9569
8049
6260
4271
2158
0
-2124
-4138
-5972
-7561
-8852
-9806
-10395
-10603
-10432
-9896
-9021
-7846
-6420
-4798
-3044
-1222
601
2363
4003
5466
6706
7686
8379
8770
8853
8636
8133
7372
6386
5215
3905
2503
1059
-377
-1760
-3045
-4196
-5180
-5972
-6553
-6914
-7051
-6968
-6677
-6194
-5541
-4743
-3828
-2827
-1772
-694
376
1411
2383
3270
4050
4707
5227
5601
5822
5889
5802
5564
5183
4668
4032
3289
2456
1553
599
-382
-1370
-2337
-3261
-4115
-4876
-5520
-6027
-6376
-6553
-6545
-6344
-5948
-5361
-4591
-3654
-2571
-1370
-81
1255
2600
3911
5141
6248
7188
7923
8419
8648
8593
8242
7596
6666
5474
4050
2437
684
-1149
-3001
-4806
-6497
-8008
-9278
-10252
-10886
-11144
-11005
-10461
-9520
-8205
-6553
-4616
-2457
-152
2218
4566
6804
8844
10603
12009
13000
13527
13560
13084
12108
10655
8770
6515
3968
1221
-1627
-4469
-7196
-9701
-11884
-13655
-14938
-15674
-15826
-15377
-14333
-12724
-10603
-8043
-5136
-1987
1283
4553
7694
10584
13106
15158
16653
17526
17734
17260
16113
14331
11973
9125
5892
2396
-1231
-4848
-8315
-11493
-14257
-16493
-18108
-19034
-19228
-18674
-17387
-15412
-12820
-9707
-6191
-2406
1499
5374
9065
12427
15323
17637
19274
20164
20268
19577
18112
15928
13106
9755
6004
1999
-2101
-6136
-9946
-13377
-16293
-18575
-20131
-20895
-20835
-19949
-18270
-15863
-12820
-9261
-5327
-1173
3034
7129
10947
14335
17157
19297
20671
21221
20924
19790
17865
15224
11973
8242
4179
-50
-4278
-8333
-12053
-15286
-17904
-19799
-20896
-21150
-20551
-19124
-16926
-14047
-10603
-6735
-2600
1634
5796
9717
13237
16214
18527
20082
20818
20705
19749
17990
15501
12385
8770
4804
650
-3520
-7537
-11237
-14467
-17097
-19018
-20154
-20459
-19923
-18567
-16451
-13662
-10316
-6553
-2528
1591
5635
9438
12841
15705
17913
19373
20028
19850
18849
17067
14581
11493
7933
4050
5
-4032
-7895
-11423
-14470
-16908
-18638
-19588
-19719
-19026
-17540
-15323
-12467
-9093
-5342
-1370
2656
6569
10205
13413
16058
18031
19248
0
0
0
0
0
0
0
0
0
0
0
0
0
0
0
0
0
0
0
0
0
0
0
0
0
0
0
0
0
0
0
0
0
0
0
0
0
0
0
0
0
0
0
0
0
0
0
0
0
0
0
0
0
0
0
0
0
0
0
0
0
0
0
0
0
0
0
19660
19248
18031
16058
13413
10205
6569
2656
-1370
-5342
-9093
-12467
-15323
-17540
-19026
-19719
-19588
-18638
-16908
-14470
-11423
-7895
-4032
5
4050
7933
11493
14581
17067
18849
19850
20028
19373
17913
15705
12841
9438
5635
1591
-2528
-6553
-10316
-13662
-16451
-18567
-19923
-20459
-20154
-19018
-17097
-14467
-11237
-7537
-3520
650
4804
8770
12385
15501
17990
19749
20705
20818
20082
18527
16214
13237
9717
5796
1634
-2600
-6735
-10603
-14047
-16926
-19124
-20551
-21150
-20896
-19799
-17904
-15286
-12053
-8333
-4278
-50
4179
8242
11973
15224
17865
19790
20924
21221
20671
19297
17157
14335
10947
7129
3034
-1173
-5327
-9261
-12820
-15863
-18270
-19949
-20835
-20895
-20131
-18575
-16293
-13377
-9946
-6136
-2101
1999
6004
9755
13106
15928
18112
19577
20268
20164
19274
17637
15323
12427
9065
5374
1499
-2406
-6191
-9707
-12820
-15412
-17387
-18674
-19228
-19034
-18108
-16493
-14257
-11493
-8315
-4848
-1231
2396
5892
9125
11973
14331
16113
17260
17734
17526
16653
15158
13106
10584
7694
4553
1283
-1987
-5136
-8043
-10603
-12724
-14333
-15377
-15826
-15674
-14938
-13655
-11884
-9701
-7196
-4469
-1627
1221
3968
6515
8770
10655
12108
13084
13560
13527
13000
12009
10603
8844
6804
4566
2218
-152
-2457
-4616
-6553
-8205
-9520
-10461
-11005
-11144
-10886
-10252
-9278
-8008
-6497
-4806
-3001
-1149
684
2437
4050
5474
6666
7596
8242
8593
8648
8419
7923
7188
6248
5141
3911
2600
1255
-81
-1370
-2571
-3654
-4591
-5361
-5948
-6344
-6545
-6553
-6376
-6027
-5520
-4876
-4115
-3261
-2337
-1370
-382
599
1553
2456
3289
4032
4668
5183
5564
5802
5889
5822
5601
5227
4707
4050
3270
2383
1411
376
-694
-1772
-2827
-3828
-4743
-5541
-6194
-6677
-6968
-7051
-6914
-6553
-5972
-5180
-4196
-3045
-1760
-377
1059
2503
3905
5215
6386
7372
8133
8636
8853
8770
8379
7686
6706
5466
4003
2363
601
-1222
-3044
-4798
-6420
-7846
-9021
-9896
-10432
-10603
-10395
-9806
-8852
-7561
-5972
-4138
-2124
0
2158
4271
6260
8049
9569
10760
11574
11973
11939
11466
10566
9267
7614
5662
3481
1150
-1245
-3618
-5879
-7944
-9732
-11177
-12220
-12820
-12951
-12605
-11792
-10538
-8889
-6902
-4650
-2216
309
2835
5265
7509
9483
11112
12336
13106
13395
13189
12497
11343
9771
7837
5615
3186
642
-1923
-4415
-6740
-8813
-10557
-11909
-12820
-13257
-13205
-12669
-11670
-10248
-8457
-6364
-4050
-1600
893
3339
5648
7735
9524
10954
11973
12549
12663
12316
11526
10324
8760
6893
4797
2549
233
-2064
-4261
-6280
-8048
-9505
-10603
-11307
-11597
-11469
-10933
-10016
-8756
-7204
-5420
-3472
-1432
624
2624
4499
6184
7623
8770
9590
10062
10175
9934
9355
8465
7301
5911
4348
2668
934
-795
-2460
-4007
-5385
-6553
-7476
-8131
-8502
-8585
-8384
-7915
-7199
-6266
-5154
-3902
-2554
-1157
244
1606
2887
4050
5061
5895
6530
6953
7157
7141
6912
6481
5866
5089
4176
3155
2058
916
-236
-1370
-2452
-3454
-4349
-5115
-5732
-6184
-6460
-6553
-6460
-6184
-5732
-5115
-4349
-3454
-2452
-1370
-236
916
2058
3155
4176
5089
5866
6481
6912
7141
7157
6953
6530
5895
5061
4050
2887
1606
244
-1157
-2554
-3902
-5154
-6266
-7199
-7915
-8384
-8585
-8502
-8131
-7476
-6553
-5385
-4007
-2460
-795
934
2668
4348
5911
7301
8465
9355
9934
10175
10062
9590
8770
7623
6184
4499
2624
624
-1432
-3472
-5420
-7204
-8756
-10016
-10933
-11469
-11597
-11307
-10603
-9505
-8048
-6280
-4261
-2064
233
2549
4797
6893
8760
10324
11526
12316
12663
12549
11973
10954
9524
7735
5648
3339
893
-1600
-4050
-6364
-8457
-10248
-11670
-12669
-13205
-13257
-12820
-11909
-10557
-8813
-6740
-4415
-1923
642
3186
5615
7837
9771
11343
12497
13189
13395
13106
12336
11112
9483
7509
5265
2835
309
-2216
-4650
-6902
-8889
-10538
-11792
-12605
-12951
-12820
-12220
-11177
-9732
-7944
-5879
-3618
-1245
1150
3481
5662
7614
9267
10566
11466
11939
11973
11574
10760
9569
8049
6260
4271
2158
0
-2124
-4138
-5972
-7561
-8852
-9806
-10395
-10603
-10432
-9896
-9021
-7846
-6420
-4798
-3044
-1222
601
2363
4003
5466
6706
7686
8379
8770
8853
8636
8133
7372
6386
5215
3905
2503
1059
-377
-1760
-3045
-4196
-5180
-5972
-6553
-6914
-7051
-6968
-6677
-6194
-5541
-4743
-3828
-2827
-1772
-694
376
1411
2383
3270
4050
4707
5227
5601
5822
5889
5802
5564
5183
4668
4032
3289
2456
1553
599
-382
-1370
-2337
-3261
-4115
-4876
-5520
-6027
-6376
-6553
-6545
-6344
-5948
-5361
-4591
-3654
-2571
-1370
-81
1255
2600
3911
5141
6248
7188
7923
8419
8648
8593
8242
7596
6666
5474
4050
2437
684
-1149
-3001
-4806
-6497
-8008
-9278
-10252
-10886
-11144
-11005
-10461
-9520
-8205
-6553
-4616
-2457
-152
2218
4566
6804
8844
10603
12009
13000
13527
13560
13084
12108
10655
8770
6515
3968
1221
-1627
-4469
-7196
-9701
-11884
-13655
-14938
-15674
-15826
-15377
-14333
-12724
-10603
-8043
-5136
-1987
1283
4553
7694
10584
13106
15158
16653
17526
17734
17260
16113
14331
11973
9125
5892
2396
-1231
-4848
-8315
-11493
-14257
-16493
-18108
-19034
-19228
-18674
-17387
-15412
-12820
-9707
-6191
-2406
1499
5374
9065
12427
15323
17637
19274
20164
20268
19577
18112
15928
13106
9755
6004
1999
-2101
-6136
-9946
-13377
-16293
-18575
-20131
-20895
-20835
-19949
-18270
-15863
-12820
-9261
-5327
-1173
3034
7129
10947
14335
17157
19297
20671
21221
20924
19790
17865
15224
11973
8242
4179
-50
-4278
-8333
-12053
-15286
-17904
-19799
-20896
-21150
-20551
-19124
-16926
-14047
-10603
-6735
-2600
1634
5796
9717
13237
16214
18527
20082
20818
20705
19749
17990
15501
12385
8770
4804
650
-3520
-7537
-11237
-14467
-17097
-19018
-20154
-20459
-19923
-18567
-16451
-13662
-10316
-6553
-2528
1591
5635
9438
12841
15705
17913
19373
20028
19850
18849
17067
14581
11493
7933
4050
5
-4032
-7895
-11423
-14470
-16908
-18638
-19588
-19719
-19026
-17540
-15323
-12467
-9093
-5342
-1370
2656
6569
10205
13413
16058
18031
19248
0
0
0
0
0
0
0
0
0
0
0
0
0
0
0
0
0
0
0
0
0
0
0
0
0
0
0
0
0
0
0
0
0
0
0
0
0
0
0
0
0
0
0
0
0
0
0
0
0
0
0
0
0
0
0
0
0
0
0
0
0
0
0
0
0
0
0
-6553
-6410
-5988
-5306
-4391
-3284
-2033
-690
684
2032
3296
4420
5356
6063
6509
6675
6553
6147
5473
4559
3444
2175
806
-605
-1999
-3316
-4499
-5497
-6266
-6773
-6995
-6921
-6553
-5904
-5002
-3881
-2589
-1180
289
1756
3161
4442
5547
6429
7049
7380
7408
7129
6553
5703
4613
3326
1895
377
-1165
-2669
-4073
-5319
-6356
-7140
-7640
-7834
-7712
-7280
-6553
-5560
-4340
-2942
-1421
161
1743
3260
4653
5865
6849
7564
7984
8090
7880
7361
6553
5489
4211
2768
1218
-378
-1960
-3465
-4835
-6017
-6967
-7649
-8036
-8117
-7887
-7359
-6553
-5501
-4246
-2835
-1323
231
1769
3235
4572
5731
6671
7358
7768
7890
7720
7268
6553
5604
4458
3160
1758
304
-1147
-2545
-3838
-4983
-5939
-6674
-7166
-7400
-7371
-7084
-6553
-5799
-4852
-3748
-2527
-1233
88
1392
2634
3773
4772
5601
6233
6651
6844
6810
6553
6084
5422
4591
3619
2540
1388
202
-981
-2125
-3196
-4160
-4989
-5659
-6151
-6452
-6553
-6452
-6154
-5667
-5006
-4190
-3244
-2196
-1074
86
1254
2393
3471
4454
5313
6020
6553
6892
7024
6942
6642
6131
5419
4523
3466
2276
988
-360
-1730
-3077
-4358
-5530
-6553
-7388
-8003
-8371
-8472
-8294
-7835
-7100
-6106
-4878
-3450
-1864
-170
1578
3321
5000
6553
7922
9054
9901
10425
10597
10399
9829
8895
7619
6036
4196
2155
-15
-2244
-4450
-6553
-8473
-10135
-11471
-12423
-12946
-13010
-12600
-11718
-10386
-8641
-6538
-4145
-1545
1170
3903
6553
9017
11201
13015
14383
15245
15557
15296
14458
13065
11155
8792
6055
3039
-145
-3383
-6553
-9533
-12206
-14466
-16221
-17394
-17930
-17800
-16995
-15536
-13468
-10859
-7800
-4400
-784
2913
6553
9995
13105
15761
17853
19295
20022
19998
19213
17689
15473
12643
9299
5564
1576
-2514
-6553
-10384
-13857
-16836
-19202
-20858
-21732
-21785
-21006
-19418
-17074
-14059
-10481
-6476
-2192
2207
6553
10679
14423
17640
20201
22004
22975
23070
22281
20634
18187
15031
11283
7085
2598
-2007
-6553
-10864
-14773
-18126
-20793
-22669
-23678
-23779
-22965
-21267
-18747
-15502
-11656
-7356
-2769
1927
6553
10928
14882
18263
20938
22805
23791
23859
23006
21266
18708
15432
11567
7263
2689
-1976
-6553
-10862
-14738
-18029
-20611
-22386
-23286
-23281
-22374
-20605
-18046
-14801
-11000
-6794
-2350
2157
6553
10665
14334
17420
19806
21404
22157
22041
21068
19283
16763
13612
9960
5954
1755
-2469
-6553
-10338
-13677
-16444
-18535
-19876
-20422
-20161
-19112
-17326
-14883
-11887
-8466
-4759
-917
2903
6553
9888
12781
15123
16828
17839
18125
17687
16553
14782
12454
9673
6558
3241
-140
-3449
-6553
-9329
-11672
-13495
-14734
-15349
-15330
-14689
-13467
-11725
-9547
-7032
-4292
-1444
1388
4091
6553
8677
10382
11608
12313
12482
12121
11259
9945
8248
6250
4046
1737
-574
-2788
-4808
-6553
-7952
-8952
-9521
-9644
-9328
-8600
-7504
-6100
-4461
-2668
-810
1025
2753
4294
5579
6553
7176
7427
7300
6810
5988
4880
3546
2055
486
-1082
-2571
-3906
-5020
-5857
-6377
-6553
-6377
-5857
-5020
-3906
-2571
-1082
486
2055
3546
4880
5988
6810
7300
7427
7176
6553
5579
4294
2753
1025
-810
-2668
-4461
-6100
-7504
-8600
-9328
-9644
-9521
-8952
-7952
-6553
-4808
-2788
-574
1737
4046
6250
8248
9945
11259
12121
12482
12313
11608
10382
8677
6553
4091
1388
-1444
-4292
-7032
-9547
-11725
-13467
-14689
-15330
-15349
-14734
-13495
-11672
-9329
-6553
-3449
-140
3241
6558
9673
12454
14782
16553
17687
18125
17839
16828
15123
12781
9888
6553
2903
-917
-4759
-8466
-11887
-14883
-17326
-19112
-20161
-20422
-19876
-18535
-16444
-13677
-10338
-6553
-2469
1755
5954
9960
13612
16763
19283
21068
22041
22157
21404
19806
17420
14334
10665
6553
2157
-2350
-6794
-11000
-14801
-18046
-20605
-22374
-23281
-23286
-22386
-20611
-18029
-14738
-10862
-6553
-1976
2689
7263
11567
15432
18708
21266
23006
23859
23791
22805
20938
18263
14882
10928
6553
1927
-2769
-7356
-11656
-15502
-18747
-21267
-22965
-23779
-23678
-22669
-20793
-18126
-14773
-10864
-6553
-2007
2598
7085
11283
15031
18187
20634
22281
23070
22975
22004
20201
17640
14423
10679
6553
2207
-2192
-6476
-10481
-14059
-17074
-19418
-21006
-21785
-21732
-20858
-19202
-16836
-13857
-10384
-6553
-2514
1576
5564
9299
12643
15473
17689
19213
19998
20022
19295
17853
15761
13105
9995
6553
2913
-784
-4400
-7800
-10859
-13468
-15536
-16995
-17800
-17930
-17394
-16221
-14466
-12206
-9533
-6553
-3383
-145
3039
6055
8792
11155
13065
14458
15296
15557
15245
14383
13015
11201
9017
6553
3903
1170
-1545
-4145
-6538
-8641
-10386
-11718
-12600
-13010
-12946
-12423
-11471
-10135
-8473
-6553
-4450
-2244
-15
2155
4196
6036
7619
8895
9829
10399
10597
10425
9901
9054
7922
6553
5000
3321
1578
-170
-1864
-3450
-4878
-6106
-7100
-7835
-8294
-8472
-8371
-8003
-7388
-6553
-5530
-4358
-3077
-1730
-360
988
2276
3466
4523
5419
6131
6642
6942
7024
6892
6553
6020
5313
4454
3471
2393
1254
86
-1074
-2196
-3244
-4190
-5006
-5667
-6154
-6452
-6553
-6452
-6151
-5659
-4989
-4160
-3196
-2125
-981
202
1388
2540
3619
4591
5422
6084
6553
6810
6844
6651
6233
5601
4772
3773
2634
1392
88
-1233
-2527
-3748
-4852
-5799
-6553
-7084
-7371
-7400
-7166
-6674
-5939
-4983
-3838
-2545
-1147
304
1758
3160
4458
5604
6553
7268
7720
7890
7768
7358
6671
5731
4572
3235
1769
231
-1323
-2835
-4246
-5501
-6553
-7359
-7887
-8117
-8036
-7649
-6967
-6017
-4835
-3465
-1960
-378
1218
2768
4211
5489
6553
7361
7880
8090
7984
7564
6849
5865
4653
3260
1743
161
-1421
-2942
-4340
-5560
-6553
-7280
-7712
-7834
-7640
-7140
-6356
-5319
-4073
-2669
-1165
377
1895
3326
4613
5703
6553
7129
7408
7380
7049
6429
5547
4442
3161
1756
289
-1180
-2589
-3881
-5002
-5904
-6553
-6921
-6995
-6773
-6266
-5497
-4499
-3316
-1999
-605
806
2175
3444
4559
5473
6147
6553
6675
6509
6063
5356
4420
3296
2032
684
-690
-2033
-3284
-4391
-5306
-5988
-6410
0
0
0
0
0
0
0
0
0
0
0
0
0
0
0
0
0
0
0
0
0
0
0
0
0
0
0
0
0
0
0
0
0
0
0
0
0
0
0
0
0
0
0
0
0
0
0
0
0
0
0
0
0
0
0
0
0
0
0
0
0
0
0
0
0
0
0
6553
6377
5857
5020
3906
2571
1082
-486
-2055
-3546
-4880
-5988
-6810
-7300
-7427
-7176
-6553
-5579
-4294
-2753
-1025
810
2668
4461
6100
7504
8600
9328
9644
9521
8952
7952
6553
4808
2788
574
-1737
-4046
-6250
-8248
-9945
-11259
-12121
-12482
-12313
-11608
-10382
-8677
-6553
-4091
-1388
1444
4292
7032
9547
11725
13467
14689
15330
15349
14734
13495
11672
9329
6553
3449
140
-3241
-6558
-9673
-12454
-14782
-16553
-17687
-18125
-17839
-16828
-15123
-12781
-9888
-6553
-2903
917
4759
8466
11887
14883
17326
19112
20161
20422
19876
18535
16444
13677
10338
6553
2469
-1755
-5954
-9960
-13612
-16763
-19283
-21068
-22041
-22157
-21404
-19806
-17420
-14334
-10665
-6553
-2157
2350
6794
11000
14801
18046
20605
22374
23281
23286
22386
20611
18029
14738
10862
6553
1976
-2689
-7263
-11567
-15432
-18708
-21266
-23006
-23859
-23791
-22805
-20938
-18263
-14882
-10928
-6553
-1927
2769
7356
11656
15502
18747
21267
22965
23779
23678
22669
20793
18126
14773
10864
6553
2007
-2598
-7085
-11283
-15031
-18187
-20634
-22281
-23070
-22975
-22004
-20201
-17640
-14423
-10679
-6553
-2207
2192
6476
10481
14059
17074
19418
21006
21785
21732
20858
19202
16836
13857
10384
6553
2514
-1576
-5564
-9299
-12643
-15473
-17689
-19213
-19998
-20022
-19295
-17853
-15761
-13105
-9995
-6553
-2913
784
4400
7800
10859
13468
15536
16995
17800
17930
17394
16221
14466
12206
9533
6553
3383
145
-3039
-6055
-8792
-11155
-13065
-14458
-15296
-15557
-15245
-14383
-13015
-11201
-9017
-6553
-3903
-1170
1545
4145
6538
8641
10386
11718
12600
13010
12946
12423
11471
10135
8473
6553
4450
2244
15
-2155
-4196
-6036
-7619
-8895
-9829
-10399
-10597
-10425
-9901
-9054
-7922
-6553
-5000
-3321
-1578
170
1864
3450
4878
6106
7100
7835
8294
8472
8371
8003
7388
6553
5530
4358
3077
1730
360
-988
-2276
-3466
-4523
-5419
-6131
-6642
-6942
-7024
-6892
-6553
-6020
-5313
-4454
-3471
-2393
-1254
-86
1074
2196
3244
4190
5006
5667
6154
6452
6553
6452
6151
5659
4989
4160
3196
2125
981
-202
-1388
-2540
-3619
-4591
-5422
-6084
-6553
-6810
-6844
-6651
-6233
-5601
-4772
-3773
-2634
-1392
-88
1233
2527
3748
4852
5799
6553
7084
7371
7400
7166
6674
5939
4983
3838
2545
1147
-304
-1758
-3160
-4458
-5604
-6553
-7268
-7720
-7890
-7768
-7358
-6671
-5731
-4572
-3235
-1769
-231
1323
2835
4246
5501
6553
7359
7887
8117
8036
7649
6967
6017
4835
3465
1960
378
-1218
-2768
-4211
-5489
-6553
-7361
-7880
-8090
-7984
-7564
-6849
-5865
-4653
-3260
-1743
-161
1421
2942
4340
5560
6553
7280
7712
7834
7640
7140
6356
5319
4073
2669
1165
-377
-1895
-3326
-4613
-5703
-6553
-7129
-7408
-7380
-7049
-6429
-5547
-4442
-3161
-1756
-289
1180
2589
3881
5002
5904
6553
6921
6995
6773
6266
5497
4499
3316
1999
605
-806
-2175
-3444
-4559
-5473
-6147
-6553
-6675
-6509
-6063
-5356
-4420
-3296
-2032
-684
690
2033
3284
4391
5306
5988
6410
6553
6410
5988
5306
4391
3284
2033
690
-684
-2032
-3296
-4420
-5356
-6063
-6509
-6675
-6553
-6147
-5473
-4559
-3444
-2175
-806
605
1999
3316
4499
5497
6266
6773
6995
6921
6553
5904
5002
3881
2589
1180
-289
-1756
-3161
-4442
-5547
-6429
-7049
-7380
-7408
-7129
-6553
-5703
-4613
-3326
-1895
-377
1165
2669
4073
5319
6356
7140
7640
7834
7712
7280
6553
5560
4340
2942
1421
-161
-1743
-3260
-4653
-5865
-6849
-7564
-7984
-8090
-7880
-7361
-6553
-5489
-4211
-2768
-1218
378
1960
3465
4835
6017
6967
7649
8036
8117
7887
7359
6553
5501
4246
2835
1323
-231
-1769
-3235
-4572
-5731
-6671
-7358
-7768
-7890
-7720
-7268
-6553
-5604
-4458
-3160
-1758
-304
1147
2545
3838
4983
5939
6674
7166
7400
7371
7084
6553
5799
4852
3748
2527
1233
-88
-1392
-2634
-3773
-4772
-5601
-6233
-6651
-6844
-6810
-6553
-6084
-5422
-4591
-3619
-2540
-1388
-202
981
2125
3196
4160
4989
5659
6151
6452
6553
6452
6154
5667
5006
4190
3244
2196
1074
-86
-1254
-2393
-3471
-4454
-5313
-6020
-6553
-6892
-7024
-6942
-6642
-6131
-5419
-4523
-3466
-2276
-988
360
1730
3077
4358
5530
6553
7388
8003
8371
8472
8294
7835
7100
6106
4878
3450
1864
170
-1578
-3321
-5000
-6553
-7922
-9054
-9901
-10425
-10597
-10399
-9829
-8895
-7619
-6036
-4196
-2155
15
2244
4450
6553
8473
10135
11471
12423
12946
13010
12600
11718
10386
8641
6538
4145
1545
-1170
-3903
-6553
-9017
-11201
-13015
-14383
-15245
-15557
-15296
-14458
-13065
-11155
-8792
-6055
-3039
145
3383
6553
9533
12206
14466
16221
17394
17930
17800
16995
15536
13468
10859
7800
4400
784
-2913
-6553
-9995
-13105
-15761
-17853
-19295
-20022
-19998
-19213
-17689
-15473
-12643
-9299
-5564
-1576
2514
6553
10384
13857
16836
19202
20858
21732
21785
21006
19418
17074
14059
10481
6476
2192
-2207
-6553
-10679
-14423
-17640
-20201
-22004
-22975
-23070
-22281
-20634
-18187
-15031
-11283
-7085
-2598
2007
6553
10864
14773
18126
20793
22669
23678
23779
22965
21267
18747
15502
11656
7356
2769
-1927
-6553
-10928
-14882
-18263
-20938
-22805
-23791
-23859
-23006
-21266
-18708
-15432
-11567
-7263
-2689
1976
6553
10862
14738
18029
20611
22386
23286
23281
22374
20605
18046
14801
11000
6794
2350
-2157
-6553
-10665
-14334
-17420
-19806
-21404
-22157
-22041
-21068
-19283
-16763
-13612
-9960
-5954
-1755
2469
6553
10338
13677
16444
18535
19876
20422
20161
19112
17326
14883
11887
8466
4759
917
-2903
-6553
-9888
-12781
-15123
-16828
-17839
-18125
-17687
-16553
-14782
-12454
-9673
-6558
-3241
140
3449
6553
9329
11672
13495
14734
15349
15330
14689
13467
11725
9547
7032
4292
1444
-1388
-4091
-6553
-8677
-10382
-11608
-12313
-12482
-12121
-11259
-9945
-8248
-6250
-4046
-1737
574
2788
4808
6553
7952
8952
9521
9644
9328
8600
7504
6100
4461
2668
810
-1025
-2753
-4294
-5579
-6553
-7176
-7427
-7300
-6810
-5988
-4880
-3546
-2055
-486
1082
2571
3906
5020
5857
6377
0
0
0
0
0
0
0
0
0
0
0
0
0
0
0
0
0
0
0
0
0
0
0
0
0
0
0
0
0
0
0
0
0
0
0
0
0
0
0
0
0
0
0
0
0
0
0
0
0
0
0
0
0
0
0
0
0
0
0
0
0
0
0
0
0
0
0
19660
19264
18093
16195
13646
10550
7032
3236
-685
-4574
-8272
-11631
-14514
-16808
-18419
-19286
-19373
-18681
-17239
-15108
-12376
-9156
-5579
-1792
2050
5793
9286
12388
14975
16944
18220
18753
18527
17553
15877
13569
10728
7471
3935
263
-3392
-6884
-10071
-12825
-15038
-16624
-17521
-17699
-17157
-15921
-14049
-11621
-8742
-5534
-2130
1327
4697
7841
10633
12961
14734
15883
16369
16178
15323
13848
11818
9325
6476
3393
205
-2952
-5950
-8665
-10987
-12823
-14103
-14780
-14832
-14264
-13106
-11415
-9267
-6759
-3999
-1106
1794
4581
7138
9359
11154
12452
13204
13384
12991
12048
10603
8723
6492
4012
1390
-1257
-3817
-6181
-8248
-9932
-11164
-11897
-12102
-11777
-10942
-9636
-7923
-5880
-3599
-1183
1260
3626
5810
7718
9267
10394
11050
11210
10871
10050
8787
7140
5183
3005
702
-1620
-3863
-5925
-7716
-9157
-10185
-10757
-10846
-10450
-9587
-8296
-6634
-4674
-2503
-216
2083
4296
6325
8078
9479
10465
10992
11034
10589
9674
8328
6608
4587
2352
0
-2367
-4648
-6742
-8558
-10015
-11049
-11612
-11678
-11240
-10314
-8938
-7166
-5073
-2745
-280
2216
4641
6889
8864
10481
11670
12377
12569
12236
11387
10054
8291
6167
3770
1197
-1445
-4050
-6507
-8715
-10580
-12025
-12986
-13423
-13313
-12660
-11485
-9836
-7776
-5388
-2766
-17
2749
5420
7888
10052
11824
13131
13918
14154
13826
12945
11546
9682
7427
4870
2111
-738
-3569
-6266
-8725
-10846
-12546
-13759
-14435
-14548
-14093
-13088
-11573
-9607
-7266
-4643
-1839
1035
3869
6553
8983
11065
12720
13885
14517
14592
14109
13088
11571
9618
7304
4719
1963
-857
-3635
-6266
-8651
-10700
-12339
-13506
-14162
-14285
-13873
-12945
-11540
-9714
-7537
-5094
-2477
213
2878
5420
7744
9767
11416
12635
13383
13636
13390
12660
11475
9885
7951
5747
3355
865
-1633
-4050
-6299
-8301
-9989
-11304
-12206
-12666
-12674
-12236
-11371
-10116
-8520
-6642
-4553
-2327
-44
2216
4377
6364
8112
9563
10672
11405
11743
11678
11218
10383
9206
7731
6010
4103
2077
0
-2059
-4033
-5858
-7475
-8834
-9892
-10618
-10992
-11004
-10656
-9964
-8950
-7650
-6108
-4373
-2503
-556
1403
3315
5117
6753
8172
9328
10185
10716
10903
10740
10231
9391
8245
6827
5183
3362
1421
-578
-2573
-4500
-6297
-7904
-9267
-10342
-11088
-11479
-11498
-11139
-10409
-9327
-7923
-6239
-4327
-2247
-64
2149
4321
6377
8248
9867
11175
12123
12674
12802
12494
11755
10603
9070
7201
5057
2705
225
-2300
-4783
-7138
-9279
-11128
-12616
-13683
-14287
-14397
-14001
-13106
-11736
-9930
-7747
-5259
-2549
289
3156
5950
8569
10916
12904
14456
15509
16018
15958
15323
14128
12409
10222
7640
4752
1659
-1529
-4697
-7729
-10513
-12944
-14930
-16392
-17273
-17533
-17157
-16151
-14546
-12396
-9774
-6772
-3497
-67
3392
6755
9896
12698
15055
16876
18091
18649
18527
17723
16263
14197
11597
8556
5185
1605
-2050
-5648
-9054
-12142
-14795
-16914
-18418
-19249
-19373
-18784
-17501
-15570
-13060
-10063
-6688
-3061
685
4413
7983
11263
14131
16481
18225
19298
19660
19298
18225
16481
14131
11263
7983
4413
685
-3061
-6688
-10063
-13060
-15570
-17501
-18784
-19373
-19249
-18418
-16914
-14795
-12142
-9054
-5648
-2050
1605
5185
8556
11597
14197
16263
17723
18527
18649
18091
16876
15055
12698
9896
6755
3392
-67
-3497
-6772
-9774
-12396
-14546
-16151
-17157
-17533
-17273
-16392
-14930
-12944
-10513
-7729
-4697
-1529
1659
4752
7640
10222
12409
14128
15323
15958
16018
15509
14456
12904
10916
8569
5950
3156
289
-2549
-5259
-7747
-9930
-11736
-13106
-14001
-14397
-14287
-13683
-12616
-11128
-9279
-7138
-4783
-2300
225
2705
5057
7201
9070
10603
11755
12494
12802
12674
12123
11175
9867
8248
6377
4321
2149
-64
-2247
-4327
-6239
-7923
-9327
-10409
-11139
-11498
-11479
-11088
-10342
-9267
-7904
-6297
-4500
-2573
-578
1421
3362
5183
6827
8245
9391
10231
10740
10903
10716
10185
9328
8172
6753
5117
3315
1403
-556
-2503
-4373
-6108
-7650
-8950
-9964
-10656
-11004
-10992
-10618
-9892
-8834
-7475
-5858
-4033
-2059
0
2077
4103
6010
7731
9206
10383
11218
11678
11743
11405
10672
9563
8112
6364
4377
2216
-44
-2327
-4553
-6642
-8520
-10116
-11371
-12236
-12674
-12666
-12206
-11304
-9989
-8301
-6299
-4050
-1633
865
3355
5747
7951
9885
11475
12660
13390
13636
13383
12635
11416
9767
7744
5420
2878
213
-2477
-5094
-7537
-9714
-11540
-12945
-13873
-14285
-14162
-13506
-12339
-10700
-8651
-6266
-3635
-857
1963
4719
7304
9618
11571
13088
14109
14592
14517
13885
12720
11065
8983
6553
3869
1035
-1839
-4643
-7266
-9607
-11573
-13088
-14093
-14548
-14435
-13759
-12546
-10846
-8725
-6266
-3569
-738
2111
4870
7427
9682
11546
12945
13826
14154
13918
13131
11824
10052
7888
5420
2749
-17
-2766
-5388
-7776
-9836
-11485
-12660
-13313
-13423
-12986
-12025
-10580
-8715
-6507
-4050
-1445
1197
3770
6167
8291
10054
11387
12236
12569
12377
11670
10481
8864
6889
4641
2216
-280
-2745
-5073
-7166
-8938
-10314
-11240
-11678
-11612
-11049
-10015
-8558
-6742
-4648
-2367
0
2352
4587
6608
8328
9674
10589
11034
10992
10465
9479
8078
6325
4296
2083
-216
-2503
-4674
-6634
-8296
-9587
-10450
-10846
-10757
-10185
-9157
-7716
-5925
-3863
-1620
702
3005
5183
7140
8787
10050
10871
11210
11050
10394
9267
7718
5810
3626
1260
-1183
-3599
-5880
-7923
-9636
-10942
-11777
-12102
-11897
-11164
-9932
-8248
-6181
-3817
-1257
1390
4012
6492
8723
10603
12048
12991
13384
13204
12452
11154
9359
7138
4581
1794
-1106
-3999
-6759
-9267
-11415
-13106
-14264
-14832
-14780
-14103
-12823
-10987
-8665
-5950
-2952
205
3393
6476
9325
11818
13848
15323
16178
16369
15883
14734
12961
10633
7841
4697
1327
-2130
-5534
-8742
-11621
-14049
-15921
-17157
-17699
-17521
-16624
-15038
-12825
-10071
-6884
-3392
263
3935
7471
10728
13569
15877
17553
18527
18753
18220
16944
14975
12388
9286
5793
2050
-1792
-5579
-9156
-12376
-15108
-17239
-18681
-19373
-19286
-18419
-16808
-14514
-11631
-8272
-4574
-685
3236
7032
10550
13646
16195
18093
19264
0
0
0
0
0
0
0
0
0
0
0
0
0
0
0
0
0
0
0
0
0
0
0
0
0
0
0
0
0
0
0
0
0
0
0
0
0
0
0
0
0
0
0
0
0
0
0
0
0
0
0
0
0
0
0
0
0
0
0
0
0
0
0
0
0
0
0
-19660
-19298
-18225
-16481
-14131
-11263
-7983
-4413
-685
3061
6688
10063
13060
15570
17501
18784
19373
19249
18418
16914
14795
12142
9054
5648
2050
-1605
-5185
-8556
-11597
-14197
-16263
-17723
-18527
-18649
-18091
-16876
-15055
-12698
-9896
-6755
-3392
67
3497
6772
9774
12396
14546
16151
17157
17533
17273
16392
14930
12944
10513
7729
4697
1529
-1659
-4752
-7640
-10222
-12409
-14128
-15323
-15958
-16018
-15509
-14456
-12904
-10916
-8569
-5950
-3156
-289
2549
5259
7747
9930
11736
13106
14001
14397
14287
13683
12616
11128
9279
7138
4783
2300
-225
-2705
-5057
-7201
-9070
-10603
-11755
-12494
-12802
-12674
-12123
-11175
-9867
-8248
-6377
-4321
-2149
64
2247
4327
6239
7923
9327
10409
11139
11498
11479
11088
10342
9267
7904
6297
4500
2573
578
-1421
-3362
-5183
-6827
-8245
-9391
-10231
-10740
-10903
-10716
-10185
-9328
-8172
-6753
-5117
-3315
-1403
556
2503
4373
6108
7650
8950
9964
10656
11004
10992
10618
9892
8834
7475
5858
4033
2059
0
-2077
-4103
-6010
-7731
-9206
-10383
-11218
-11678
-11743
-11405
-10672
-9563
-8112
-6364
-4377
-2216
44
2327
4553
6642
8520
10116
11371
12236
12674
12666
12206
11304
9989
8301
6299
4050
1633
-865
-3355
-5747
-7951
-9885
-11475
-12660
-13390
-13636
-13383
-12635
-11416
-9767
-7744
-5420
-2878
-213
2477
5094
7537
9714
11540
12945
13873
14285
14162
13506
12339
10700
8651
6266
3635
857
-1963
-4719
-7304
-9618
-11571
-13088
-14109
-14592
-14517
-13885
-12720
-11065
-8983
-6553
-3869
-1035
1839
4643
7266
9607
11573
13088
14093
14548
14435
13759
12546
10846
8725
6266
3569
738
-2111
-4870
-7427
-9682
-11546
-12945
-13826
-14154
-13918
-13131
-11824
-10052
-7888
-5420
-2749
17
2766
5388
7776
9836
11485
12660
13313
13423
12986
12025
10580
8715
6507
4050
1445
-1197
-3770
-6167
-8291
-10054
-11387
-12236
-12569
-12377
-11670
-10481
-8864
-6889
-4641
-2216
280
2745
5073
7166
8938
10314
11240
11678
11612
11049
10015
8558
6742
4648
2367
0
-2352
-4587
-6608
-8328
-9674
-10589
-11034
-10992
-10465
-9479
-8078
-6325
-4296
-2083
216
2503
4674
6634
8296
9587
10450
10846
10757
10185
9157
7716
5925
3863
1620
-702
-3005
-5183
-7140
-8787
-10050
-10871
-11210
-11050
-10394
-9267
-7718
-5810
-3626
-1260
1183
3599
5880
7923
9636
10942
11777
12102
11897
11164
9932
8248
6181
3817
1257
-1390
-4012
-6492
-8723
-10603
-12048
-12991
-13384
-13204
-12452
-11154
-9359
-7138
-4581
-1794
1106
3999
6759
9267
11415
13106
14264
14832
14780
14103
12823
10987
8665
5950
2952
-205
-3393
-6476
-9325
-11818
-13848
-15323
-16178
-16369
-15883
-14734
-12961
-10633
-7841
-4697
-1327
2130
5534
8742
11621
14049
15921
17157
17699
17521
16624
15038
12825
10071
6884
3392
-263
-3935
-7471
-10728
-13569
-15877
-17553
-18527
-18753
-18220
-16944
-14975
-12388
-9286
-5793
-2050
1792
5579
9156
12376
15108
17239
18681
19373
19286
18419
16808
14514
11631
8272
4574
685
-3236
-7032
-10550
-13646
-16195
-18093
-19264
-19660
-19264
-18093
-16195
-13646
-10550
-7032
-3236
685
4574
8272
11631
14514
16808
18419
19286
19373
18681
17239
15108
12376
9156
5579
1792
-2050
-5793
-9286
-12388
-14975
-16944
-18220
-18753
-18527
-17553
-15877
-13569
-10728
-7471
-3935
-263
3392
6884
10071
12825
15038
16624
17521
17699
17157
15921
14049
11621
8742
5534
2130
-1327
-4697
-7841
-10633
-12961
-14734
-15883
-16369
-16178
-15323
-13848
-11818
-9325
-6476
-3393
-205
2952
5950
8665
10987
12823
14103
14780
14832
14264
13106
11415
9267
6759
3999
1106
-1794
-4581
-7138
-9359
-11154
-12452
-13204
-13384
-12991
-12048
-10603
-8723
-6492
-4012
-1390
1257
3817
6181
8248
9932
11164
11897
12102
11777
10942
9636
7923
5880
3599
1183
-1260
-3626
-5810
-7718
-9267
-10394
-11050
-11210
-10871
-10050
-8787
-7140
-5183
-3005
-702
1620
3863
5925
7716
9157
10185
10757
10846
10450
9587
8296
6634
4674
2503
216
-2083
-4296
-6325
-8078
-9479
-10465
-10992
-11034
-10589
-9674
-8328
-6608
-4587
-2352
0
2367
4648
6742
8558
10015
11049
11612
11678
11240
10314
8938
7166
5073
2745
280
-2216
-4641
-6889
-8864
-10481
-11670
-12377
-12569
-12236
-11387
-10054
-8291
-6167
-3770
-1197
1445
4050
6507
8715
10580
12025
12986
13423
13313
12660
11485
9836
7776
5388
2766
17
-2749
-5420
-7888
-10052
-11824
-13131
-13918
-14154
-13826
-12945
-11546
-9682
-7427
-4870
-2111
738
3569
6266
8725
10846
12546
13759
14435
14548
14093
13088
11573
9607
7266
4643
1839
-1035
-3869
-6553
-8983
-11065
-12720
-13885
-14517
-14592
-14109
-13088
-11571
-9618
-7304
-4719
-1963
857
3635
6266
8651
10700
12339
13506
14162
14285
13873
12945
11540
9714
7537
5094
2477
-213
-2878
-5420
-7744
-9767
-11416
-12635
-13383
-13636
-13390
-12660
-11475
-9885
-7951
-5747
-3355
-865
1633
4050
6299
8301
9989
11304
12206
12666
12674
12236
11371
10116
8520
6642
4553
2327
44
-2216
-4377
-6364
-8112
-9563
-10672
-11405
-11743
-11678
-11218
-10383
-9206
-7731
-6010
-4103
-2077
0
2059
4033
5858
7475
8834
9892
10618
10992
11004
10656
9964
8950
7650
6108
4373
2503
556
-1403
-3315
-5117
-6753
-8172
-9328
-10185
-10716
-10903
-10740
-10231
-9391
-8245
-6827
-5183
-3362
-1421
578
2573
4500
6297
7904
9267
10342
11088
11479
11498
11139
10409
9327
7923
6239
4327
2247
64
-2149
-4321
-6377
-8248
-9867
-11175
-12123
-12674
-12802
-12494
-11755
-10603
-9070
-7201
-5057
-2705
-225
2300
4783
7138
9279
11128
12616
13683
14287
14397
14001
13106
11736
9930
7747
5259
2549
-289
-3156
-5950
-8569
-10916
-12904
-14456
-15509
-16018
-15958
-15323
-14128
-12409
-10222
-7640
-4752
-1659
1529
4697
7729
10513
12944
14930
16392
17273
17533
17157
16151
14546
12396
9774
6772
3497
67
-3392
-6755
-9896
-12698
-15055
-16876
-18091
-18649
-18527
-17723
-16263
-14197
-11597
-8556
-5185
-1605
2050
5648
9054
12142
14795
16914
18418
19249
19373
18784
17501
15570
13060
10063
6688
3061
-685
-4413
-7983
-11263
-14131
-16481
-18225
-19298
0
0
0
0
0
0
0
0
0
0
0
0
0
0
0
0
0
0
0
0
0
0
0
0
0
0
0
0
0
0
0
0
0
0
0
0
0
0
0
0
0
0
0
0
0
0
0
0
0
0
0
0
0
0
0
0
0
0
0
0
0
0
0
0
0
0
0
-6553
-6460
-6184
-5732
-5115
-4349
-3454
-2452
-1370
-236
916
2058
3155
4176
5089
5866
6481
6912
7141
7157
6953
6530
5895
5061
4050
2887
1606
244
-1157
-2554
-3902
-5154
-6266
-7199
-7915
-8384
-8585
-8502
-8131
-7476
-6553
-5385
-4007
-2460
-795
934
2668
4348
5911
7301
8465
9355
9934
10175
10062
9590
8770
7623
6184
4499
2624
624
-1432
-3472
-5420
-7204
-8756
-10016
-10933
-11469
-11597
-11307
-10603
-9505
-8048
-6280
-4261
-2064
233
2549
4797
6893
8760
10324
11526
12316
12663
12549
11973
10954
9524
7735
5648
3339
893
-1600
-4050
-6364
-8457
-10248
-11670
-12669
-13205
-13257
-12820
-11909
-10557
-8813
-6740
-4415
-1923
642
3186
5615
7837
9771
11343
12497
13189
13395
13106
12336
11112
9483
7509
5265
2835
309
-2216
-4650
-6902
-8889
-10538
-11792
-12605
-12951
-12820
-12220
-11177
-9732
-7944
-5879
-3618
-1245
1150
3481
5662
7614
9267
10566
11466
11939
11973
11574
10760
9569
8049
6260
4271
2158
0
-2124
-4138
-5972
-7561
-8852
-9806
-10395
-10603
-10432
-9896
-9021
-7846
-6420
-4798
-3044
-1222
601
2363
4003
5466
6706
7686
8379
8770
8853
8636
8133
7372
6386
5215
3905
2503
1059
-377
-1760
-3045
-4196
-5180
-5972
-6553
-6914
-7051
-6968
-6677
-6194
-5541
-4743
-3828
-2827
-1772
-694
376
1411
2383
3270
4050
4707
5227
5601
5822
5889
5802
5564
5183
4668
4032
3289
2456
1553
599
-382
-1370
-2337
-3261
-4115
-4876
-5520
-6027
-6376
-6553
-6545
-6344
-5948
-5361
-4591
-3654
-2571
-1370
-81
1255
2600
3911
5141
6248
7188
7923
8419
8648
8593
8242
7596
6666
5474
4050
2437
684
-1149
-3001
-4806
-6497
-8008
-9278
-10252
-10886
-11144
-11005
-10461
-9520
-8205
-6553
-4616
-2457
-152
2218
4566
6804
8844
10603
12009
13000
13527
13560
13084
12108
10655
8770
6515
3968
1221
-1627
-4469
-7196
-9701
-11884
-13655
-14938
-15674
-15826
-15377
-14333
-12724
-10603
-8043
-5136
-1987
1283
4553
7694
10584
13106
15158
16653
17526
17734
17260
16113
14331
11973
9125
5892
2396
-1231
-4848
-8315
-11493
-14257
-16493
-18108
-19034
-19228
-18674
-17387
-15412
-12820
-9707
-6191
-2406
1499
5374
9065
12427
15323
17637
19274
20164
20268
19577
18112
15928
13106
9755
6004
1999
-2101
-6136
-9946
-13377
-16293
-18575
-20131
-20895
-20835
-19949
-18270
-15863
-12820
-9261
-5327
-1173
3034
7129
10947
14335
17157
19297
20671
21221
20924
19790
17865
15224
11973
8242
4179
-50
-4278
-8333
-12053
-15286
-17904
-19799
-20896
-21150
-20551
-19124
-16926
-14047
-10603
-6735
-2600
1634
5796
9717
13237
16214
18527
20082
20818
20705
19749
17990
15501
12385
8770
4804
650
-3520
-7537
-11237
-14467
-17097
-19018
-20154
-20459
-19923
-18567
-16451
-13662
-10316
-6553
-2528
1591
5635
9438
12841
15705
17913
19373
20028
19850
18849
17067
14581
11493
7933
4050
5
-4032
-7895
-11423
-14470
-16908
-18638
-19588
-19719
-19026
-17540
-15323
-12467
-9093
-5342
-1370
2656
6569
10205
13413
16058
18031
19248
19660
19248
18031
16058
13413
10205
6569
2656
-1370
-5342
-9093
-12467
-15323
-17540
-19026
-19719
-19588
-18638
-16908
-14470
-11423
-7895
-4032
5
4050
7933
11493
14581
17067
18849
19850
20028
19373
17913
15705
12841
9438
5635
1591
-2528
-6553
-10316
-13662
-16451
-18567
-19923
-20459
-20154
-19018
-17097
-14467
-11237
-7537
-3520
650
4804
8770
12385
15501
17990
19749
20705
20818
20082
18527
16214
13237
9717
5796
1634
-2600
-6735
-10603
-14047
-16926
-19124
-20551
-21150
-20896
-19799
-17904
-15286
-12053
-8333
-4278
-50
4179
8242
11973
15224
17865
19790
20924
21221
20671
19297
17157
14335
10947
7129
3034
-1173
-5327
-9261
-12820
-15863
-18270
-19949
-20835
-20895
-20131
-18575
-16293
-13377
-9946
-6136
-2101
1999
6004
9755
13106
15928
18112
19577
20268
20164
19274
17637
15323
12427
9065
5374
1499
-2406
-6191
-9707
-12820
-15412
-17387
-18674
-19228
-19034
-18108
-16493
-14257
-11493
-8315
-4848
-1231
2396
5892
9125
11973
14331
16113
17260
17734
17526
16653
15158
13106
10584
7694
4553
1283
-1987
-5136
-8043
-10603
-12724
-14333
-15377
-15826
-15674
-14938
-13655
-11884
-9701
-7196
-4469
-1627
1221
3968
6515
8770
10655
12108
13084
13560
13527
13000
12009
10603
8844
6804
4566
2218
-152
-2457
-4616
-6553
-8205
-9520
-10461
-11005
-11144
-10886
-10252
-9278
-8008
-6497
-4806
-3001
-1149
684
2437
4050
5474
6666
7596
8242
8593
8648
8419
7923
7188
6248
5141
3911
2600
1255
-81
-1370
-2571
-3654
-4591
-5361
-5948
-6344
-6545
-6553
-6376
-6027
-5520
-4876
-4115
-3261
-2337
-1370
-382
599
1553
2456
3289
4032
4668
5183
5564
5802
5889
5822
5601
5227
4707
4050
3270
2383
1411
376
-694
-1772
-2827
-3828
-4743
-5541
-6194
-6677
-6968
-7051
-6914
-6553
-5972
-5180
-4196
-3045
-1760
-377
1059
2503
3905
5215
6386
7372
8133
8636
8853
8770
8379
7686
6706
5466
4003
2363
601
-1222
-3044
-4798
-6420
-7846
-9021
-9896
-10432
-10603
-10395
-9806
-8852
-7561
-5972
-4138
-2124
0
2158
4271
6260
8049
9569
10760
11574
11973
11939
11466
10566
9267
7614
5662
3481
1150
-1245
-3618
-5879
-7944
-9732
-11177
-12220
-12820
-12951
-12605
-11792
-10538
-8889
-6902
-4650
-2216
309
2835
5265
7509
9483
11112
12336
13106
13395
13189
12497
11343
9771
7837
5615
3186
642
-1923
-4415
-6740
-8813
-10557
-11909
-12820
-13257
-13205
-12669
-11670
-10248
-8457
-6364
-4050
-1600
893
3339
5648
7735
9524
10954
11973
12549
12663
12316
11526
10324
8760
6893
4797
2549
233
-2064
-4261
-6280
-8048
-9505
-10603
-11307
-11597
-11469
-10933
-10016
-8756
-7204
-5420
-3472
-1432
624
2624
4499
6184
7623
8770
9590
10062
10175
9934
9355
8465
7301
5911
4348
2668
934
-795
-2460
-4007
-5385
-6553
-7476
-8131
-8502
-8585
-8384
-7915
-7199
-6266
-5154
-3902
-2554
-1157
244
1606
2887
4050
5061
5895
6530
6953
7157
7141
6912
6481
5866
5089
4176
3155
2058
916
-236
-1370
-2452
-3454
-4349
-5115
-5732
-6184
-6460
0
0
0
0
0
0
0
0
0
0
0
0
0
0
0
0
0
0
0
0
0
0
0
0
0
0
0
0
0
0
0
0
0
0
0
0
0
0
0
0
0
0
0
0
0
0
0
0
0
0
0
0
0
0
0
0
0
0
0
0
0
0
0
0
0
0
0
-6553
-6444
-6120
-5591
-4876
-3997
-2982
-1866
-684
524
1719
2861
3911
4834
5599
6179
6553
6707
6635
6338
5822
5105
4209
3162
1999
759
-516
-1784
-3001
-4124
-5113
-5933
-6553
-6950
-7106
-7016
-6677
-6101
-5305
-4313
-3161
-1885
-532
852
2218
3517
4700
5725
6553
7151
7495
7571
7372
6904
6180
5226
4073
2762
1340
-140
-1627
-3063
-4396
-5574
-6553
-7294
-7768
-7955
-7846
-7443
-6758
-5817
-4653
-3308
-1833
-283
1283
2806
4228
5493
6553
7365
7897
8129
8049
7660
6975
6022
4835
3460
1952
367
-1231
-2780
-4221
-5495
-6553
-7352
-7862
-8062
-7944
-7512
-6785
-5792
-4572
-3174
-1655
-76
1499
3007
4388
5586
6553
7250
7650
7737
7509
6977
6163
5102
3838
2426
923
-607
-2101
-3497
-4737
-5770
-6553
-7055
-7256
-7149
-6740
-6048
-5104
-3949
-2634
-1216
242
1680
3034
4246
5264
6044
6553
6770
6686
6306
5648
4741
3626
2354
981
-431
-1819
-3121
-4278
-5238
-5957
-6402
-6553
-6402
-5954
-5230
-4261
-3091
-1770
-360
1074
2470
3761
4887
5796
6443
6795
6834
6553
5962
5084
3955
2624
1149
-403
-1966
-3466
-4833
-6004
-6921
-7537
-7820
-7750
-7324
-6553
-5466
-4105
-2526
-795
1013
2819
4543
6106
7435
8466
9146
9438
9319
8787
7854
6553
4932
3054
996
-1157
-3315
-5384
-7272
-8895
-10176
-11052
-11477
-11423
-10882
-9864
-8404
-6553
-4381
-1973
573
3155
5665
7994
10043
11718
12943
13657
13820
13413
12443
10938
8950
6553
3837
907
-2117
-5115
-7963
-10541
-12739
-14458
-15622
-16171
-16074
-15323
-13937
-11963
-9471
-6553
-3321
97
3568
6953
10112
12915
15243
16995
18093
18484
18141
17067
15298
12893
9941
6553
2859
-996
-4863
-8585
-12013
-15006
-17441
-19213
-20246
-20489
-19925
-18567
-16462
-13685
-10340
-6553
-2470
1748
5938
9934
13576
16717
19228
21006
21975
22090
21340
19749
17373
14301
10647
6553
2175
-2314
-6742
-10933
-14722
-17959
-20513
-22281
-23191
-23203
-22313
-20551
-17983
-14707
-10847
-6553
-1990
2663
7228
11526
15387
18662
21222
22965
23824
23763
22784
20924
18254
14878
10927
6553
1926
-2773
-7365
-11670
-15523
-18776
-21302
-23006
-23823
-23724
-22714
-20835
-18161
-14798
-10878
-6553
-1992
2628
7131
11343
15104
18270
20724
22374
23162
23062
22083
20268
17692
14459
10697
6553
2189
-2225
-6522
-10538
-14122
-17141
-19484
-21068
-21840
-21779
-20894
-19228
-16852
-13864
-10385
-6553
-2516
1568
5546
9267
12594
15406
17604
19112
19883
19898
19169
17734
15657
13027
9951
6553
2965
-672
-4225
-7561
-10557
-13109
-15130
-16553
-17339
-17470
-16955
-15826
-14139
-11968
-9405
-6553
-3525
-436
2597
5466
8068
10314
12132
13467
14282
14563
14314
13560
12342
10720
8763
6553
4177
1726
-710
-3045
-5201
-7106
-8702
-9945
-10805
-11266
-11328
-11005
-10323
-9320
-8045
-6553
-4902
-3156
-1376
376
2046
3584
4947
6100
7018
7684
8092
8242
8144
7814
7275
6553
5677
4681
3596
2456
1293
135
-989
-2055
-3043
-3933
-4710
-5361
-5877
-6251
-6477
-6553
-6477
-6251
-5877
-5361
-4710
-3933
-3043
-2055
-989
135
1293
2456
3596
4681
5677
6553
7275
7814
8144
8242
8092
7684
7018
6100
4947
3584
2046
376
-1376
-3156
-4902
-6553
-8045
-9320
-10323
-11005
-11328
-11266
-10805
-9945
-8702
-7106
-5201
-3045
-710
1726
4177
6553
8763
10720
12342
13560
14314
14563
14282
13467
12132
10314
8068
5466
2597
-436
-3525
-6553
-9405
-11968
-14139
-15826
-16955
-17470
-17339
-16553
-15130
-13109
-10557
-7561
-4225
-672
2965
6553
9951
13027
15657
17734
19169
19898
19883
19112
17604
15406
12594
9267
5546
1568
-2516
-6553
-10385
-13864
-16852
-19228
-20894
-21779
-21840
-21068
-19484
-17141
-14122
-10538
-6522
-2225
2189
6553
10697
14459
17692
20268
22083
23062
23162
22374
20724
18270
15104
11343
7131
2628
-1992
-6553
-10878
-14798
-18161
-20835
-22714
-23724
-23823
-23006
-21302
-18776
-15523
-11670
-7365
-2773
1926
6553
10927
14878
18254
20924
22784
23763
23824
22965
21222
18662
15387
11526
7228
2663
-1990
-6553
-10847
-14707
-17983
-20551
-22313
-23203
-23191
-22281
-20513
-17959
-14722
-10933
-6742
-2314
2175
6553
10647
14301
17373
19749
21340
22090
21975
21006
19228
16717
13576
9934
5938
1748
-2470
-6553
-10340
-13685
-16462
-18567
-19925
-20489
-20246
-19213
-17441
-15006
-12013
-8585
-4863
-996
2859
6553
9941
12893
15298
17067
18141
18484
18093
16995
15243
12915
10112
6953
3568
97
-3321
-6553
-9471
-11963
-13937
-15323
-16074
-16171
-15622
-14458
-12739
-10541
-7963
-5115
-2117
907
3837
6553
8950
10938
12443
13413
13820
13657
12943
11718
10043
7994
5665
3155
573
-1973
-4381
-6553
-8404
-9864
-10882
-11423
-11477
-11052
-10176
-8895
-7272
-5384
-3315
-1157
996
3054
4932
6553
7854
8787
9319
9438
9146
8466
7435
6106
4543
2819
1013
-795
-2526
-4105
-5466
-6553
-7324
-7750
-7820
-7537
-6921
-6004
-4833
-3466
-1966
-403
1149
2624
3955
5084
5962
6553
6834
6795
6443
5796
4887
3761
2470
1074
-360
-1770
-3091
-4261
-5230
-5954
-6402
-6553
-6402
-5957
-5238
-4278
-3121
-1819
-431
981
2354
3626
4741
5648
6306
6686
6770
6553
6044
5264
4246
3034
1680
242
-1216
-2634
-3949
-5104
-6048
-6740
-7149
-7256
-7055
-6553
-5770
-4737
-3497
-2101
-607
923
2426
3838
5102
6163
6977
7509
7737
7650
7250
6553
5586
4388
3007
1499
-76
-1655
-3174
-4572
-5792
-6785
-7512
-7944
-8062
-7862
-7352
-6553
-5495
-4221
-2780
-1231
367
1952
3460
4835
6022
6975
7660
8049
8129
7897
7365
6553
5493
4228
2806
1283
-283
-1833
-3308
-4653
-5817
-6758
-7443
-7846
-7955
-7768
-7294
-6553
-5574
-4396
-3063
-1627
-140
1340
2762
4073
5226
6180
6904
7372
7571
7495
7151
6553
5725
4700
3517
2218
852
-532
-1885
-3161
-4313
-5305
-6101
-6677
-7016
-7106
-6950
-6553
-5933
-5113
-4124
-3001
-1784
-516
759
1999
3162
4209
5105
5822
6338
6635
6707
6553
6179
5599
4834
3911
2861
1719
524
-684
-1866
-2982
-3997
-4876
-5591
-6120
-6444
0
0
0
0
0
0
0
0
0
0
0
0
0
0
0
0
0
0
0
0
0
0
0
0
0
0
0
0
0
0
0
0
0
0
0
0
0
0
0
0
0
0
0
0
0
0
0
0
0
0
0
0
0
0
0
0
0
0
0
0
0
0
0
0
0
0
0
