0
4278
8485
12550
16402
19973
23203
26035
28419
30314
31684
32507
32766
32456
31581
30156
28203
25758
22860
19561
15917
11991
7852
3573
-771
-5106
-9352
-13436
-17284
-20829
-24006
-26759
-29038
-30801
-32015
-32660
-32720
-32196
-31094
-29434
-27244
-24563
-21439
-17925
-14087
-9991
-5712
-1327
3083
7441
11667
15683
19415
22796
25762
28259
30239
31667
32514
32764
32412
31462
29931
27847
25247
22178
18696
14865
10755
6443
2009
-2465
-6896
-11201
-15299
-19113
-22570
-25606
-28162
-30190
-31650
-32514
-32764
-32394
-31411
-29832
-27686
-25012
-21861
-18292
-14372
-10175
-5781
-1274
3259
7733
12062
16161
19951
23359
26318
28771
30668
31973
32659
32711
32127
30919
29107
26727
23823
20452
16679
12577
8226
3711
-879
-5455
-9926
-14204
-18204
-21846
-25058
-27775
-29942
-31516
-32464
-32766
-32415
-31417
-29790
-27567
-24790
-21514
-17805
-13736
-9388
-4849
-209
4437
8997
13377
17489
21248
24578
27411
29687
31359
32393
32765
32468
31507
29899
27676
24884
21579
17828
13707
9301
4700
0
-4703
-9311
-13729
-17864
-21629
-24947
-27746
-29968
-31566
-32503
-32761
-32332
-31225
-29460
-27076
-24119
-20653
-16748
-12488
-7961
-3263
1506
6246
10856
15238
19298
22949
26112
28719
30713
32051
32702
32651
31900
30461
28366
25658
22395
18646
14492
10022
5332
524
-4298
-9029
-13567
-17811
-21669
-25055
-27896
-30127
-31699
-32577
-32739
-32182
-30916
-28967
-26379
-23206
-19519
-15397
-10932
-6222
-1372
3511
8320
12945
17284
21240
24723
27655
29968
31611
32545
32748
32214
30954
28995
26381
23169
19431
15252
10724
5950
1038
-3899
-8751
-13405
-17757
-21705
-25159
-28038
-30277
-31822
-32637
-32702
-32014
-30588
-28456
-25665
-22280
-18377
-14047
-9388
-4509
477
5455
10308
14924
19194
23018
26305
28979
30974
32243
32756
32498
31476
29711
27244
24133
20449
16280
11722
6884
1880
-3170
-8148
-12935
-17416
-21484
-25041
-28000
-30291
-31856
-32659
-32677
-31909
-30373
-28105
-25157
-21600
-17520
-13013
-8189
-3163
1941
7001
11893
16499
20705
24407
27516
29953
31659
32589
32721
32049
30590
28377
25463
21921
17836
13307
8448
3377
-1780
-6896
-11843
-16499
-20746
-24479
-27603
-30040
-31727
-32621
-32699
-31957
-30413
-28105
-25088
-21439
-17247
-12618
-7668
-2522
2689
7836
12787
17416
21605
25247
28248
30530
32035
32723
32574
31592
29801
27244
23987
20112
15718
10917
5832
595
-4660
-9798
-14685
-19194
-23208
-26622
-29345
-31307
-32455
-32757
-32206
-30813
-28614
-25665
-22043
-17841
-13169
-8148
-2911
2405
7661
12717
17440
21705
25397
28419
30689
32146
32750
32483
31352
29385
26633
23169
19084
14487
9500
4255
-1105
-6439
-11603
-16457
-20870
-24723
-27911
-30346
-31961
-32712
-32578
-31559
-29684
-27001
-23582
-19519
-14922
-9916
-4636
771
6162
11386
16301
20770
24671
27896
30354
31977
32719
32558
31498
29565
26813
23317
19172
14492
9407
4058
-1405
-6833
-12073
-16978
-21411
-25247
-28377
-30713
-32188
-32760
-32410
-31148
-29007
-26047
-22351
-18021
-13179
-7961
-2516
3003
8440
13640
18454
22745
26389
29282
31340
32503
32737
32033
30409
27913
24613
20604
16000
10932
5547
0
-5550
-10942
-16021
-20637
-24657
-27963
-30458
-32068
-32745
-32468
-31244
-29107
-26118
-22364
-17952
-13013
-7689
-2137
3479
8997
14252
19090
23367
26955
29748
31662
32640
32650
31691
29790
27003
23411
19119
14256
8965
3403
-2262
-7862
-13230
-18204
-22633
-26385
-29345
-31423
-32556
-32707
-31871
-30072
-27362
-23823
-19561
-14703
-9397
-3803
1908
7565
12994
18030
22517
26318
29316
31419
32559
32702
31841
30001
27238
23635
19302
14372
8996
3339
-2422
-8112
-13553
-18577
-23026
-26761
-29667
-31650
-32648
-32629
-31591
-29565
-26615
-22829
-18327
-13249
-7752
-2009
3799
9491
14886
19815
24120
27666
30338
32052
32751
32412
31044
28690
25423
21345
16586
11295
5642
-193
-6025
-11667
-16938
-21669
-25706
-28920
-31206
-32489
-32726
-31909
-30063
-27244
-23544
-19081
-13998
-8460
-2644
3259
9060
14569
19606
24006
27626
30346
32075
32756
32366
30916
28451
25051
20827
15917
10480
4696
-1244
-7147
-12817
-18065
-22719
-26622
-29644
-31684
-32674
-32578
-31398
-29173
-25975
-21909
-17110
-11737
-5969
0
5972
11747
17130
21941
26016
29217
31436
32596
32657
31615
29504
26395
22390
17625
12260
6476
470
-5554
-11392
-16845
-21726
-25867
-29127
-31393
-32585
-32662
-31619
-29491
-26349
-22301
-17483
-12062
-6222
-166
5898
11762
17222
22088
26191
29387
31566
32648
32597
31411
29131
25835
21636
16679
11138
5205
-912
-7001
-12847
-18244
-23003
-26955
-29960
-31912
-32739
-32412
-30940
-28374
-24803
-20353
-15179
-9465
-3413
2763
8843
14612
19863
24407
28083
30758
32334
32755
32003
30103
27124
23169
18381
12929
7010
836
-5370
-11386
-16993
-21989
-26191
-29446
-31636
-32680
-32538
-31214
-28754
-25247
-20819
-15630
-9868
-3744
2518
8692
14551
19879
24480
28184
30855
32393
32739
31880
29845
26709
22585
17625
12011
5950
-333
-6607
-12639
-18204
-23094
-27128
-30152
-32055
-32763
-32248
-30528
-27666
-23767
-18976
-13473
-7461
-1167
5173
11322
17047
22132
26385
29644
31785
32724
32427
30901
28203
24435
19738
14288
8294
1981
-4409
-10635
-16457
-21654
-26025
-29402
-31656
-32697
-32485
-31027
-28377
-24634
-19943
-14481
-8460
-2109
4324
10594
16457
21686
26077
29459
31699
32710
32451
30929
28203
24378
19601
14056
7961
1552
-4919
-11201
-17047
-22227
-26537
-29806
-31906
-32751
-32307
-30590
-27666
-23648
-18696
-13002
-6791
-309
6187
12441
18204
23246
27366
30398
32222
32762
31995
29951
26709
22398
17189
11289
4935
-1619
-8112
-14281
-19879
-24678
-28486
-31147
-32552
-32643
-31416
-28917
-25247
-20553
-15023
-8882
-2378
4225
10659
16662
21989
26421
29777
31918
32756
32254
30432
27362
23169
18024
12137
5748
-879
-7473
-13762
-19485
-24407
-28323
-31070
-32533
-32650
-31414
-28875
-25136
-20353
-14721
-8475
-1874
4807
11292
17307
22602
26955
30182
32146
32765
32010
29911
26556
22083
16679
10571
4016
-2711
-9326
-15551
-21121
-25799
-29387
-31732
-32732
-32344
-30582
-27520
-23286
-18060
-12062
-5547
1206
7911
14280
20041
24947
28786
31393
32653
32513
30975
28105
24024
18906
12972
6476
-301
-7069
-13534
-19415
-24458
-28443
-31196
-32596
-32580
-31148
-28360
-24336
-19250
-13322
-6811
0
6813
13332
19269
24364
28393
31178
32594
32578
31129
28309
24241
19103
13120
6555
-301
-7147
-13680
-19609
-24671
-28641
-31340
-32648
-32505
-30916
-27948
-23735
-18460
-12360
-5706
1206
8067
14569
20421
25359
29162
31656
32728
32328
30473
27244
22786
17298
11027
4255
-2711
-9557
-15974
-21669
-26383
-29901
-32062
-32766
-31979
-29736
-26137
-21345
-15577
-9095
-2195
4807
11593
17850
23291
27666
30771
32464
32665
31362
28614
24546
19345
13249
6538
-477
-7473
-14125
-20126
-25196
-29098
-31650
-32732
-32292
-30349
-26991
-22374
-16712
-10266
-3339
3746
10659
17076
22694
27251
30530
32377
32702
31489
28793
24740
19519
13375
6597
-494
-7565
-14281
-20323
-25404
-29282
-31772
-32753
-32178
-30072
-26533
-21729
-15887
-9285
-2238
4919
11843
18204
23695
28052
31066
32589
32548
30942
27847
23411
17845
11416
4435
-2763
-9830
-16425
-22227
-26955
-30378
-32330
-32713
-31507
-28769
-24631
-19293
-13013
-6096
1120
8285
15047
21076
26077
29802
32068
32763
31850
29372
25451
20276
14101
7230
0
-7232
-14111
-20295
-25478
-29402
-31872
-32764
-32033
-29711
-25913
-20827
-14703
-7845
-595
6688
13640
19914
25196
29220
31785
32759
32093
29819
26047
20967
14832
7950
664
-6656
-13645
-19948
-25247
-29273
-31822
-32763
-32046
-29706
-25861
-20703
-14492
-7543
-209
7138
14125
20396
25629
29557
31977
32766
31880
29363
25342
20022
13674
6622
-771
-8129
-15071
-21240
-26318
-30042
-32219
-32734
-31559
-28754
-24461
-18901
-12360
-5177
2276
9615
16457
22447
27271
30678
32489
32608
31026
27825
23169
17302
10527
3199
-4298
-11573
-18244
-23960
-28419
-31387
-32705
-32302
-30198
-26501
-21406
-15179
-8148
-684
6817
13962
20369
25700
29668
32064
32757
31710
28975
24698
19103
12488
5205
-2358
-9798
-16717
-22745
-27557
-30894
-32577
-32513
-30703
-27244
-22319
-16192
-9191
-1693
5898
13175
19743
25247
29388
31941
32765
31816
29141
24884
19276
12618
5272
-2362
-9871
-16845
-22903
-27714
-31014
-32621
-32445
-30495
-26875
-21781
-15492
-8351
-749
6896
14165
20658
26016
29942
32220
32721
31417
28377
23767
17841
10926
3403
-4310
-11787
-18613
-24407
-28847
-31684
-32759
-32010
-29476
-25298
-19707
-13013
-5590
2148
9769
16845
22980
27828
31116
32659
32366
30254
26438
21133
14635
7310
-430
-8148
-15409
-21801
-26962
-30598
-32502
-32563
-30778
-27244
-22162
-15818
-8572
-836
6950
14343
20920
26305
30190
32350
32661
31103
27762
22829
16586
9388
1649
-6187
-13670
-20369
-25898
-29936
-32249
-32702
-31267
-28024
-23161
-16955
-9766
-2009
5867
13405
20168
25762
29860
32222
32709
31291
28049
23169
16936
9711
1916
-5992
-13553
-20323
-25904
-29968
-32275
-32687
-31179
-27837
-22855
-16527
-9222
-1372
6562
14111
20829
26318
30252
32397
32623
30916
27374
22206
15718
8294
373
-7571
-15067
-21669
-26980
-30683
-32556
-32483
-30469
-26631
-21197
-14492
-6916
1077
9009
16402
22811
27851
31216
32702
32218
29790
25564
19793
12824
5078
-2978
-10856
-18080
-24210
-28873
-31785
-32766
-31757
-28816
-24119
-17952
-10689
-2772
5316
13083
20053
25799
29968
32304
32662
31017
27469
22233
15630
8064
0
-8067
-15639
-22251
-27492
-31038
-32669
-32282
-29899
-25665
-19840
-12785
-4935
3223
11185
18454
24578
29176
31960
32754
31507
28295
23317
16881
9388
1306
-6859
-14599
-21426
-26913
-30713
-32587
-32415
-30206
-26096
-20343
-13307
-5431
2789
10837
18204
24423
29100
31937
32755
31498
28244
23199
16679
9099
938
-7285
-15047
-21854
-27271
-30951
-32659
-32282
-29844
-25497
-19519
-12290
-4271
4023
12062
19330
25359
29762
32252
32670
30984
27303
21861
15008
7184
-1105
-9326
-16947
-23474
-28484
-31650
-32766
-31757
-28687
-23753
-17274
-9670
-1435
6896
14781
21705
27215
30951
32666
32248
29720
25247
19119
11737
3583
-4807
-12886
-20121
-26035
-30239
-32455
-32534
-30469
-26395
-20578
-13400
-5336
3083
11302
18775
25007
29584
32200
32681
30992
27244
21684
14679
6695
-1736
-10055
-17706
-24178
-29038
-31959
-32744
-31340
-27837
-22468
-15592
-7668
771
9163
16942
23583
28641
31772
32764
31548
28203
22955
16155
8261
-193
-8637
-16499
-23246
-28419
-31667
-32766
-31641
-28366
-23161
-16378
-8479
0
8482
16388
23178
28387
31659
32766
31633
28334
23092
16267
8323
-193
-8699
-16610
-23382
-28547
-31748
-32764
-31521
-28105
-22748
-15818
-7793
771
9287
17161
23850
28887
31923
32744
31292
27666
22114
15023
6884
-1736
-10238
-18030
-24565
-29387
-32158
-32681
-30919
-26991
-21173
-13868
-5590
3083
11543
19194
25499
30012
32414
32534
30361
26047
19895
12336
3903
-4807
-13181
-20625
-26610
-30711
-32637
-32248
-29569
-24790
-18247
-10405
-1820
6896
15124
22277
27843
31423
32760
31757
28483
23169
16196
8060
-655
-9326
-17331
-24094
-29127
-32068
-32703
-30984
-27033
-21133
-13707
-5289
3511
12062
19743
25999
30374
32552
32371
29844
25150
18630
10754
2094
-6719
-15047
-22282
-27896
-31478
-32765
-31661
-28244
-22763
-15616
-7324
1506
10228
18204
24847
29668
32313
32585
30461
26096
19809
12062
3423
-5469
-13962
-21426
-27310
-31178
-32740
-31881
-28661
-23317
-16242
-7961
912
9721
17811
24578
29519
32265
32608
30520
26157
19840
12041
3339
-5613
-14150
-21629
-27492
-31296
-32755
-31758
-28377
-22863
-15630
-7219
1736
10564
18599
25234
29968
32443
32468
30041
25342
18725
10689
1842
-7147
-15598
-22868
-28404
-31785
-32751
-31227
-27327
-21345
-13736
-5078
3969
12717
20496
26712
30887
32702
32014
28875
23522
16364
7950
-1077
-10024
-18204
-24986
-29848
-32414
-32483
-30050
-25298
-18593
-10451
-1499
7571
16058
23305
28750
31969
32711
30916
26720
20449
12587
3744
-5391
-14111
-21734
-27666
-31442
-32766
-31533
-27837
-21964
-14372
-5653
3510
12401
20323
26654
30894
32710
31957
28692
23169
15822
7226
-1941
-10958
-19113
-25762
-30378
-32596
-32237
-29328
-24096
-16955
-8469
691
9799
18132
25028
29936
32465
32412
29778
24772
17791
9388
234
-8940
-17404
-24479
-29598
-32350
-32513
-30072
-25219
-18342
-9991
-836
8388
16942
24135
29387
32275
32563
30226
25451
18620
10283
1113
-8148
-16754
-24006
-29316
-32252
-32574
-30254
-25477
-18630
-10266
-1066
8222
16845
24098
29390
32286
32549
30156
25298
18372
9941
695
-8610
-17213
-24407
-29603
-32371
-32482
-29925
-24908
-17841
-9305
0
9307
17850
24924
29942
32491
32356
29546
24293
17028
8351
-1019
-10308
-18745
-25629
-30386
-32621
-32145
-28995
-23432
-15917
-7073
2362
11603
19879
26497
30903
32728
31816
28241
22301
14491
5464
-4023
-13175
-21224
-27492
-31451
-32766
-31324
-27244
-20868
-12732
-3519
5992
15001
22745
28568
31977
32682
30619
25962
19103
10622
1238
-8253
-17047
-24394
-29668
-32420
-32412
-29643
-24347
-16973
-8148
1373
10781
19269
26112
30723
32705
31886
28334
22351
14449
5304
-4298
-13534
-21608
-27826
-31650
-32749
-31026
-26627
-19930
-11510
-2094
7504
16457
23989
29446
32355
32460
29752
24461
17046
8148
-1459
-10942
-19477
-26318
-30870
-32732
-31742
-27983
-21780
-13674
-4371
5316
14541
22496
28484
31977
32669
30495
25645
18541
9807
209
-9410
-18204
-25397
-30356
-32640
-32046
-28625
-22675
-14721
-5464
4278
13645
21806
28038
31787
32719
30748
26047
19032
10324
695
-8997
-17892
-25196
-30256
-32621
-32077
-28669
-22701
-14703
-5389
4409
13816
21989
28193
31872
32694
30582
25725
18555
9715
0
-9718
-18563
-25739
-30598
-32699
-31850
-28126
-21861
-13619
-4144
5708
15047
23026
28920
32194
32549
29951
24631
17073
7961
-1876
-11547
-20168
-26955
-31287
-32766
-31257
-26894
-20073
-11416
-1713
8148
17267
24807
30076
32589
32113
28690
22632
14492
5018
-4919
-14407
-22570
-28657
-32104
-32591
-30072
-24775
-17189
-8012
1907
11653
20323
27113
31393
32763
31094
26539
19519
10683
852
-9060
-18132
-25519
-30530
-32697
-31816
-27965
-21503
-13031
-3339
6667
16052
23938
29584
32459
32292
29097
23169
15065
5543
-4501
-14125
-22423
-28612
-32108
-32578
-29977
-24546
-16798
-7461
2582
12385
21019
27666
31694
32721
30647
25665
18247
9095
-923
-10856
-19760
-26786
-31264
-32766
-31146
-26556
-19431
-10451
-470
9557
18675
26008
30855
32749
31507
27244
20368
11537
1595
-8501
-17784
-25359
-30497
-32702
-31758
-27754
-21074
-12360
-2451
7696
17103
24860
30215
32648
31922
28105
21563
12929
3039
-7147
-16643
-24525
-30025
-32607
-32016
-28309
-21844
-13249
-3359
6859
16412
24364
29939
32588
32050
28377
21924
13322
3413
-6833
-16412
-24382
-29960
-32596
-32028
-28309
-21804
-13150
-3199
7069
16643
24578
30089
32630
31946
28105
21482
12732
2719
-7565
-17103
-24947
-30318
-32680
-31797
-27754
-20951
-12062
-1970
8320
17784
25478
30633
32732
31565
27244
20200
11134
952
-9326
-18675
-26154
-31014
-32765
-31228
-26556
-19215
-9941
333
10578
19760
26955
31436
32749
30759
25665
17979
8475
-1887
-12062
-21019
-27851
-31864
-32650
-30126
-24546
-16475
-6728
3703
13762
22423
28806
32258
32427
29291
23169
14683
4696
-5772
-15653
-23938
-29777
-32571
-32033
-28214
-21503
-12587
-2378
8077
17706
25519
30711
32748
31416
26850
19519
10175
-219
-10594
-19879
-27113
-31549
-32726
-30520
-25157
-17189
-7439
3083
13289
22119
28657
32222
32441
29289
23092
14492
4381
-6187
-16114
-24364
-30076
-32652
-31820
-27666
-20619
-11416
-1017
9491
19008
26537
31287
32757
30792
25595
17709
7961
-2625
-12939
-21894
-28547
-32194
-32451
-29286
-23032
-14346
-4144
6498
16457
24678
30291
32699
31644
27238
19943
10531
0
-10533
-19951
-27251
-31656
-32694
-30254
-24592
-16309
-6286
4409
14637
23305
29487
32519
32077
28203
21312
12137
1660
-8997
-18692
-26385
-31248
-32757
-30748
-25434
-17383
-7461
3266
13645
22556
29038
32390
32248
28625
21909
12824
2351
-8378
-18204
-26061
-31098
-32765
-30880
-25645
-17625
-7689
3083
13524
22496
29023
32393
32235
28565
21780
12618
2077
-8692
-18516
-26318
-31245
-32755
-30681
-25247
-17046
-6975
3863
14280
23132
29446
32527
32033
28015
20915
11510
836
-9932
-19609
-27125
-31650
-32682
-30103
-24198
-15616
-5304
5596
15880
24407
30232
32705
31550
26894
19250
9465
-1373
-12062
-21411
-28379
-32188
-32412
-29022
-22395
-13267
-2656
8253
18244
26197
31222
32754
30619
25054
16679
6433
-4537
-15001
-23783
-29895
-32648
-31731
-27244
-19690
-9916
976
11762
21224
28293
32170
32415
28997
22301
13080
2378
-8595
-18599
-26497
-31393
-32729
-30352
-24528
-15917
-5494
5554
15974
24578
30386
32734
31352
26395
18425
8351
-2679
-13405
-22602
-29217
-32491
-32046
-27932
-20616
-10936
0
10939
20625
27944
32055
32482
29173
22507
13249
2462
-8610
-18692
-26622
-31481
-32707
-30156
-24119
-15293
-4696
6446
16845
25296
30817
32766
30916
25477
17079
6695
-4468
-15115
-24006
-30106
-32702
-31489
-26606
-18620
-8460
2689
13528
22788
29387
32552
31909
27532
19930
9991
-1120
-12103
-21669
-28693
-32350
-32208
-28280
-21025
-11295
-234
10856
20671
28052
32127
32412
28871
21921
12379
1372
-9799
-19815
-27487
-31906
-32545
-29328
-22632
-13249
-2291
8940
19113
27016
31708
32629
29666
23169
13911
2992
-8285
-18577
-26654
-31549
-32677
-29899
-23544
-14372
-3477
7836
18214
26411
31442
32702
30037
23764
14635
3744
-7598
-18030
-26293
-31393
-32711
-30086
-23833
-14703
-3796
7571
18026
26305
31405
32707
30050
23753
14577
3632
-7754
-18204
-26446
-31479
-32688
-29925
-23522
-14256
-3253
8148
18560
26712
31608
32650
29706
23135
13736
2656
-8751
-19090
-27095
-31785
-32581
-29385
-22585
-13013
-1842
9557
19786
27585
31994
32468
28947
21861
12081
809
-10564
-20637
-28166
-32219
-32293
-28377
-20951
-10932
440
11762
21629
28819
32437
32033
27653
19840
9561
-1907
-13142
-22745
-29519
-32621
-31661
-26755
-18514
-7961
3586
14689
23960
30239
32740
31148
25658
16955
6128
-5469
-16384
-25247
-30944
-32759
-30461
-24336
-15151
-4058
7546
18204
26572
31595
32638
29565
22763
13087
1756
-9798
-20118
-27896
-32148
-32332
-28424
-20915
-10754
771
12203
22088
29171
32552
31797
27001
18769
8148
-3511
-14727
-24069
-30346
-32754
-30984
-25260
-16309
-5272
6439
17331
26008
31359
32696
29845
23169
13521
2137
-9523
-19964
-27843
-32146
-32318
-28334
-20703
-10405
1234
12717
22564
29503
32637
31559
26407
17841
6968
-4807
-15965
-25058
-30909
-32757
-30361
-24028
-14577
-3233
8533
19194
27364
31977
32433
28669
21173
10917
-762
-12345
-22321
-29387
-32619
-31592
-26438
-17828
-6884
4961
16161
25247
31028
32744
30168
23635
13998
2522
-9287
-19879
-27860
-32179
-32265
-28105
-20242
-9711
2101
13640
23382
30040
32733
31103
25362
16267
5018
-6896
-17901
-26537
-31659
-32585
-29190
-21921
-11741
0
11743
21929
29201
32589
31641
26480
17791
6728
-5233
-16499
-25566
-31222
-32709
-29826
-22955
-13013
-1327
10537
20994
28641
32450
31909
27088
18630
7668
-4324
-15739
-25041
-30976
-32744
-30105
-23411
-13561
-1880
10055
20637
28436
32397
31982
27244
18822
7852
-4182
-15653
-25007
-30974
-32743
-30072
-23319
-13400
-1660
10308
20879
28612
32455
31881
26966
18377
7282
-4807
-16245
-25468
-31216
-32702
-29720
-22675
-12528
-664
11292
21705
29147
32596
31576
26225
17274
5950
-6193
-17489
-26383
-31650
-32564
-28995
-21433
-10917
1105
12978
23064
29968
32737
30984
24950
15465
3839
-8320
-19330
-27666
-32170
-32217
-27796
-19519
-8531
3643
15314
24860
30951
32739
29972
23032
12884
938
-11141
-21669
-29176
-32613
-31498
-25982
-16835
-5332
6918
18204
26944
31912
32410
28366
20343
9465
-2743
-14569
-24351
-30713
-32759
-30198
-23387
-13283
-1306
10856
21492
29100
32604
31507
25962
16748
5166
-7147
-18454
-27152
-32008
-32332
-28076
-19840
-8789
3510
15314
24947
31038
32720
29752
22551
12140
0
-12143
-22559
-29762
-32723
-31017
-24884
-15198
-3339
8998
20053
28242
32393
31908
26854
17952
6476
-5930
-17489
-26541
-31785
-32465
-28481
-20402
-9388
2978
14918
24714
30951
32730
29790
22554
12062
-172
-12385
-22811
-29942
-32746
-30813
-24421
-14492
-2462
9926
20879
28806
32556
31581
26021
16679
4912
-7571
-18956
-27585
-32200
-32127
-27374
-18630
-7167
5342
17076
26318
31719
32485
28504
20353
9222
-3259
-15267
-25041
-31147
-32687
-29434
-21861
-11077
1334
13553
23783
30517
32764
30189
23169
12736
423
-11953
-22570
-29860
-32743
-30792
-24293
-14202
-2009
10483
21426
29201
32652
31267
25247
15482
3419
-9153
-20369
-28563
-32514
-31633
-26047
-16586
-4654
7973
19415
27967
32350
31910
26709
17520
5712
-6950
-18577
-27428
-32179
-32116
-27244
-18292
-6597
6088
17864
26962
32015
32263
27666
18910
7310
-5391
-17284
-26579
-31872
-32366
-27983
-19380
-7852
4862
16845
26287
31760
32433
28203
19707
8226
-4501
-16550
-26094
-31684
-32472
-28334
-19895
-8434
4310
16402
26003
31651
32486
28377
19946
8475
-4288
-16402
-26016
-31662
-32478
-28334
-19861
-8351
4437
16550
26133
31717
32445
28203
19638
8060
-4756
-16845
-26351
-31812
-32386
-27983
-19276
-7602
5243
17284
26666
31941
32293
27666
18769
6975
-5898
-17864
-27071
-32095
-32157
-27244
-18113
-6176
6719
18577
27557
32265
31968
26709
17302
5205
-7702
-19415
-28111
-32434
-31710
-26047
-16326
-4058
8843
20369
28719
32588
31368
25247
15179
2736
-10137
-21426
-29364
-32705
-30922
-24293
-13853
-1238
11573
22570
30025
32764
30353
23169
12339
-434
-13142
-23783
-30678
-32739
-29638
-21861
-10632
2276
14829
25041
31296
32604
28754
20353
8727
-4282
-16616
-26318
-31849
-32328
-27676
-18630
-6622
6439
18480
27585
32302
31880
26381
16679
4318
-8734
-20396
-28806
-32620
-31227
-24845
-14492
-1820
11144
22329
29942
32763
30335
23047
12062
-859
-13645
-24243
-30951
-32688
-29173
-20967
-9388
3703
16202
26094
31785
32354
27709
18593
6476
-6688
-18775
-27832
-32393
-31718
-25913
-15915
-3339
9779
21317
29402
32723
30737
23764
12933
0
-12935
-23772
-30745
-32720
-29372
-21243
-9654
3510
16105
26077
31798
32332
27590
18342
6096
-7147
-19226
-28162
-32493
-31507
-25362
-15061
-2291
10856
22227
29953
32765
30198
22670
11416
-1716
-14569
-25028
-31370
-32548
-28366
-19509
-7435
5867
18204
27539
32330
31782
25982
15887
3163
-10086
-21669
-29667
-32753
-30413
-23032
-11831
1334
14281
24860
31312
32563
28403
19519
7387
-5976
-18347
-27666
-32377
-31693
-25725
-15465
-2622
10659
22164
29968
32766
30086
22374
10917
-2369
-15261
-25599
-31650
-32396
-27709
-18372
-5950
7473
19643
28516
32596
31195
24546
13765
664
-12550
-23653
-30771
-32702
-29116
-20616
-8634
4807
17440
27128
32230
31881
26137
15968
3092
-10308
-21966
-29901
-32766
-30072
-22272
-10689
2711
15653
25937
31812
32275
27244
17574
4908
-8595
-20637
-29162
-32712
-30681
-23411
-12140
1206
14349
25041
31451
32480
27948
18630
6117
-7445
-19735
-28641
-32634
-31026
-24089
-13013
301
13567
24501
31222
32570
28309
19172
6728
-6876
-19298
-28393
-32589
-31159
-24347
-13326
0
13328
24354
31166
32585
28360
19220
6748
-6896
-19347
-28443
-32604
-31103
-24198
-13087
301
13640
24608
31294
32533
28105
18778
6176
-7504
-19879
-28786
-32669
-30847
-23635
-12290
1206
14493
25247
31583
32389
27520
17828
5008
-8692
-20870
-29387
-32745
-30352
-22624
-10917
2711
15865
26229
31977
32094
26556
16335
3233
-10442
-22277
-30182
-32757
-29546
-21112
-8944
4807
17712
27483
32390
31559
25136
14256
845
-12717
-24026
-31070
-32598
-28334
-19032
-6345
7473
19964
28903
32697
30666
23169
11540
-2148
-15456
-26008
-31918
-32127
-26596
-16309
-3103
10659
22517
30346
32741
29270
20553
8148
-5719
-18563
-28078
-32552
-31179
-24202
-12874
771
14281
25223
31625
32332
27214
17189
4062
-9798
-21894
-30040
-32762
-29565
-21025
-8682
5233
18204
27882
32514
31257
24336
13002
-691
-14262
-25247
-31650
-32307
-27094
-16955
-3732
10171
22227
30239
32747
29289
20494
7961
-6025
-18915
-28356
-32621
-30929
-23586
-11931
1907
15400
26077
31982
32033
26215
15592
2109
-11762
-23479
-30889
-32629
-28377
-18910
-5966
8077
20637
29402
32756
30080
21861
9613
-4409
-17621
-27585
-32459
-31342
-24435
-13013
816
14497
25499
31785
32188
26631
16140
2656
-11322
-23203
-30782
-32650
-28456
-18976
-5969
8148
20755
29503
32763
29925
21514
9095
-5021
-18204
-27995
-32564
-31058
-23753
-12011
1977
15598
26305
32095
31880
25698
14703
952
-12978
-24480
-31393
-32418
-27360
-17165
-3744
10381
22559
30497
32702
28754
19394
6380
-7836
-20580
-29446
-32762
-29899
-21393
-8847
5370
18577
28275
32630
30814
23169
11138
-3003
-16579
-27016
-32334
-31523
-24733
-13249
751
14612
25700
31906
32048
26096
15179
1372
-12698
-24354
-31371
-32412
-27273
-16932
-3359
10856
23003
30758
32638
28280
18514
5205
-9101
-21669
-30089
-32747
-29131
-19930
-6905
7445
20371
29387
32762
29844
21189
8460
-5898
-19125
-28673
-32702
-30433
-22301
-9868
4468
17946
27963
32585
30916
23274
11134
-3159
-16845
-27275
-32428
-31305
-24119
-12260
1977
15833
26622
32247
31615
24845
13249
-923
-14918
-26016
-32055
-31858
-25461
-14105
0
14107
25468
31864
32046
25975
14832
792
-13405
-24986
-31684
-32188
-26395
-15435
-1452
12817
24578
31525
32292
26727
15917
1981
-12345
-24250
-31393
-32366
-26976
-16280
-2378
11993
24006
31293
32415
27148
16527
2644
-11762
-23850
-31230
-32442
-27244
-16660
-2779
11653
23783
31206
32451
27267
16679
2783
-11667
-23806
-31222
-32441
-27217
-16586
-2656
11803
23919
31277
32412
27094
16378
2398
-12062
-24120
-31370
-32361
-26894
-16056
-2009
12441
24407
31496
32285
26615
15616
1488
-12939
-24777
-31650
-32178
-26251
-15055
-836
13553
25223
31826
32033
25797
14372
52
-14280
-25739
-32015
-31841
-25247
-13561
863
15115
26318
32208
31592
24592
12618
-1908
-16052
-26950
-32393
-31276
-23823
-11540
3083
17085
27622
32556
30880
22932
10324
-4384
-18204
-28323
-32682
-30389
-21909
-8965
5807
19399
29038
32755
29790
20744
7461
-7347
-20658
-29748
-32757
-29067
-19428
-5811
8997
21966
30436
32669
28203
17952
4016
-10746
-23305
-31079
-32468
-27184
-16309
-2077
12583
24657
31656
32135
25992
14491
0
-14493
-25999
-32139
-31644
-24613
-12494
2208
16457
27304
32503
30975
23032
10317
-4537
-18454
-28547
-32719
-30103
-21238
-7961
6971
20458
29694
32757
29007
19220
5431
-9491
-22439
-30713
-32587
-27666
-16973
-2736
12073
24364
31568
32177
26060
14492
-108
-14689
-26197
-32222
-31498
-24174
-11781
3083
17304
27896
32634
30520
21996
8847
-6162
-19879
-29416
-32766
-29219
-19519
-5706
9311
22368
30711
32578
27570
16743
2378
-12491
-24723
-31732
-32033
-25558
-13674
1105
15653
26888
32428
31095
23169
10328
-4707
-18745
-28806
-32750
-29736
-20402
-6728
8378
21705
30414
32650
27932
17262
2911
-12062
-24465
-31651
-32083
-25665
-13765
1077
15692
26955
32455
31012
22932
9941
-5180
-19194
-29098
-32765
-29406
-19738
-5832
9326
22486
30817
32526
27244
16102
1495
-13436
-25478
-32035
-31693
-24521
-12062
2999
17416
28078
32680
30226
21243
7668
-7565
-21167
-30192
-32685
-28105
-17438
-2992
12103
24578
31727
31995
25321
13150
-1876
-16499
-27539
-32596
-30567
-21889
-8448
6833
20630
29936
32722
28377
17845
3419
-11753
-24364
-31659
-32040
-25423
-13249
1823
16499
27568
32607
30508
21729
8189
-7147
-20920
-30108
-32693
-28105
-17347
-2779
12401
24860
31856
31850
24838
12360
-2839
-17416
-28160
-32702
-30037
-20749
-6884
8501
22013
30668
32552
27244
15915
1066
-14020
-26008
-32243
-31342
-23500
-10451
4915
19194
29220
32766
29042
18871
4509
-10856
-23813
-31479
-32147
-25665
-13473
1720
16533
27666
32637
30335
21271
7461
-8015
-21705
-30552
-32578
-27327
-15968
-1038
14125
26133
32294
31228
23169
9920
-5554
-19786
-29584
-32748
-28565
-17970
-3339
12043
24723
31849
31816
24627
11897
-3511
-18132
-28673
-32755
-29458
-19519
-5177
10334
23516
31393
32182
25702
13414
-1907
-16800
-27896
-32682
-30072
-20653
-6555
9029
22570
30997
32395
26445
14492
-751
-15827
-27310
-32589
-30461
-21406
-7481
8148
21926
30713
32507
26894
15151
-48
-15238
-26955
-32522
-30664
-21804
-7961
7702
21608
30575
32549
27076
15403
202
-15047
-26852
-32503
-30703
-21861
-8002
7696
21629
30598
32538
27001
15255
0
-15257
-27007
-32541
-30582
-21579
-7602
8129
21989
30779
32468
26664
14703
-655
-15865
-27411
-32621
-30288
-20948
-6758
8997
22672
31098
32318
26047
13736
-1763
-16855
-28038
-32713
-29790
-19946
-5464
10289
23653
31516
32046
25116
12336
-3319
-18204
-28847
-32766
-29042
-18541
-3711
11987
24889
31977
31593
23823
10480
-5316
-19871
-29777
-32711
-27983
-16697
-1495
14059
26318
32404
30885
22114
8148
-7733
-21801
-30745
-32460
-26539
-14372
1180
16457
27860
32699
29832
19930
5325
-10537
-23916
-31650
-31910
-24631
-11530
4298
19113
29409
32747
28334
17210
2009
-13670
-26112
-32365
-30942
-22178
-8148
7817
21929
30833
32412
26285
13907
-1780
-17047
-28259
-32743
-29429
-19103
-4222
11667
24777
31977
31548
23586
9991
-5992
-20546
-30192
-32619
-27244
-15350
219
15739
27492
32660
30001
20149
5464
-10533
-24006
-31719
-31816
-24270
-10892
5106
19879
29873
32681
27625
15917
373
-15261
-27221
-32621
-30156
-20416
-5748
10308
23879
31684
31836
24293
10875
-5173
-19973
-29942
-32665
-27477
-15633
0
15636
27483
32666
29925
19920
5078
-10999
-24407
-31886
-31615
-23656
-9941
6193
20824
30386
32549
26782
14487
-1341
-16845
-28242
-32749
-29262
-18630
-3445
12583
25539
32252
31078
22301
8064
-8148
-22368
-31111
-32231
-25451
-12429
3643
18824
29387
32737
28047
16465
836
-15001
-27152
-32625
-30072
-20115
-5205
10989
24479
31937
31523
23335
9388
-6876
-21447
-30723
-32412
-26092
-13322
2743
18132
29038
32759
28371
16955
1338
-14612
-26944
-32596
-30164
-20247
-5304
10958
24501
31960
31477
23169
9099
-7236
-21774
-30894
-32323
-25702
-12676
3510
18824
29446
32724
27837
16000
166
-15711
-27666
-32707
-29572
-19041
-3744
12491
25602
32304
30916
21780
7184
-9215
-23305
-31551
-31880
-24205
-10451
5930
20824
30486
32483
26311
13518
-2679
-18204
-29147
-32749
-28098
-16364
-502
15488
27574
32702
29574
18976
3583
-12717
-25806
-32371
-30748
-21345
-6538
9926
23879
31785
31636
23467
9346
-7147
-21830
-30974
-32254
-25342
-11991
4409
19692
29968
32623
26976
14462
-1736
-17495
-28798
-32764
-28377
-16752
-852
15267
27492
32699
29554
18857
3339
-13034
-26077
-32450
-30520
-20777
-5712
10817
24578
32042
31291
22515
7961
-8637
-23021
-31496
-31881
-24075
-10079
6509
21426
30833
32307
25463
12062
-4448
-19815
-30076
-32585
-26689
-13907
2465
18204
29244
32732
27762
15616
-569
-16610
-28356
-32765
-28692
-17189
-1231
15047
27428
32699
29490
18630
2932
-13528
-26478
-32552
-30168
-19943
-4530
12062
25519
32337
30737
21133
6022
-10659
-24565
-32068
-31208
-22206
-7407
9326
23628
31760
31593
23169
8686
-8070
-22719
-31423
-31903
-24028
-9858
6896
21846
31070
32147
24790
10926
-5807
-21019
-30711
-32336
-25461
-11891
4807
20244
30356
32478
26047
12755
-3899
-19528
-30012
-32581
-26556
-13521
3083
18877
29687
32654
26991
14192
-2362
-18294
-29387
-32703
-27360
-14769
1736
17784
29119
32734
27666
15255
-1206
-17349
-28887
-32752
-27913
-15652
771
16993
28695
32761
28105
15962
-434
-16717
-28547
-32765
-28244
-16186
193
16523
28443
32766
28334
16326
-48
-16412
-28387
-32766
-28374
-16382
0
0
0
0
0
0
0
0
0
0
0
0
0
0
0
0
0
0
0
0
0
0
0
0
0
0
0
0
0
0
0
0
0
0
0
0
0
0
0
0
0
0
0
0
0
0
0
0
0
0
0
0
0
0
0
0
0
0
0
0
0
0
0
0
0
0
0
0
0
0
0
0
0
0
0
0
0
0
0
0
0
0
0
0
0
0
0
0
0
0
0
0
0
0
0
0
0
0
0
0
0
0
0
0
0
0
0
0
0
0
0
0
0
0
0
0
0
0
0
0
0
0
0
0
0
0
0
0
0
0
0
0
0
0
0
0
0
0
0
0
0
0
0
0
0
0
0
0
0
0
0
0
0
0
0
0
0
0
0
0
0
0
0
0
0
0
0
0
0
0
0
0
0
0
0
0
0
0
0
0
0
0
0
0
0
0
0
0
0
0
0
0
0
0
0
0
0
0
0
0
0
0
0
0
0
0
0
0
0
0
0
0
0
0
0
0
0
0
0
0
0
0
0
0
0
0
0
0
0
0
0
0
0
0
0
0
0
0
0
0
0
0
0
0
0
0
0
0
0
0
0
0
0
0
0
0
0
0
0
0
0
0
0
0
0
0
0
0
0
0
0
0
0
0
0
0
0
0
0
0
0
0
0
0
0
0
0
0
0
0
0
0
0
0
0
0
0
0
0
0
0
0
0
0
0
0
0
0
0
0
0
0
0
0
0
0
0
0
0
0
0
0
0
0
0
0
0
0
0
0
0
0
0
0
0
0
0
0
0
0
0
0
0
0
0
0
0
0
0
0
0
0
0
0
0
0
0
0
0
0
0
0
0
0
0
0
0
0
0
0
0
0
0
0
0
0
0
0
0
0
0
0
0
0
0
0
0
0
0
0
0
0
0
0
0
0
0
0
0
0
0
0
0
0
0
0
0
0
0
0
0
0
0
0
0
0
0
0
0
0
0
0
0
0
0
0
0
0
0
0
0
0
0
0
0
0
0
0
0
0
0
0
0
0
0
0
0
0
0
0
0
0
0
0
0
0
0
0
0
0
0
0
0
0
0
0
0
0
0
0
0
0
0
0
0
0
0
0
0
0
0
0
0
0
0
0
0
0
0
0
0
0
0
0
0
0
0
0
0
0
0
0
0
0
0
0
0
0
0
0
0
0
0
0
0
0
0
0
0
0
0
0
0
0
0
0
0
0
0
0
0
0
0
0
0
0
0
0
0
0
0
0
0
0
0
0
0
0
0
0
0
0
0
0
0
0
0
0
0
0
0
0
0
0
0
0
0
0
0
0
0
0
0
0
0
0
0
0
0
0
0
0
0
0
0
0
0
0
0
0
0
0
0
0
0
0
0
0
0
0
0
0
0
0
0
0
0
0
0
0
0
0
0
0
0
0
0
0
0
0
0
0
0
0
0
0
0
0
0
0
0
0
0
0
0
0
0
0
0
0
0
0
0
0
0
0
0
0
0
0
0
0
0
0
0
0
0
0
0
0
0
0
0
0
0
0
0
0
0
0
0
0
0
0
0
0
0
0
0
0
0
0
0
0
0
0
0
0
0
0
0
0
0
0
0
0
0
0
0
0
0
0
0
0
0
0
0
0
0
0
0
0
0
0
0
0
0
0
0
0
0
0
0
0
0
0
0
0
0
0
0
0
0
0
0
0
0
0
0
0
0
0
0
0
0
0
0
0
0
0
0
0
0
0
0
0
0
0
0
0
0
0
0
0
0
0
0
0
0
0
0
0
0
0
0
0
0
0
0
0
0
0
0
0
0
0
0
0
0
0
0
0
0
0
0
0
0
0
0
0
0
0
0
0
0
0
0
0
0
0
0
0
0
0
0
0
0
0
0
0
0
0
0
0
0
0
0
0
0
0
0
0
0
0
0
0
0
0
0
0
0
0
0
0
0
0
0
0
0
0
0
0
0
0
0
0
0
0
0
0
0
0
0
0
0
0
0
0
0
0
0
0
0
0
0
0
0
0
0
0
0
0
0
0
0
0
0
0
0
0
0
0
0
0
0
0
0
0
0
0
0
0
0
0
0
0
0
0
0
0
0
0
0
0
0
0
0
0
0
0
0
0
0
0
0
0
0
0
0
0
0
0
0
0
0
0
0
0
0
0
0
0
0
0
0
0
0
0
0
0
0
0
0
0
0
0
0
0
0
0
5782
5727
5560
5279
4878
4353
3702
2926
2032
1032
-49
-1185
-2338
-3466
-4521
-5457
-6228
-6792
-7117
-7181
-6974
-6500
-5778
-4838
-3723
-2484
-1178
134
1397
2556
3564
4385
4995
5380
5538
5481
5228
4805
4247
3589
2868
2121
1381
679
40
-514
-971
-1322
-1562
-1695
-1727
-1673
-1550
-1379
-1185
-995
-835
-731
-703
-768
-933
-1195
-1542
-1950
-2384
-2801
-3152
-3387
-3457
-3321
-2952
-2337
-1485
-426
790
2094
3400
4615
5644
6399
6806
6814
6402
5581
4395
2920
1259
-463
-2117
-3571
-4710
-5441
-5704
-5481
-4796
-3715
-2339
-799
757
2179
3328
4088
4380
4167
3463
2328
865
-788
-2477
-4036
-5313
-6179
-6542
-6359
-5638
-4437
-2861
-1051
829
2611
4137
5272
5923
6045
5646
4786
3570
2139
655
-719
-1831
-2560
-2826
-2598
-1900
-810
552
2035
3470
4688
5537
5900
5704
4930
3613
1844
-246
-2494
-4718
-6740
-8398
-9561
-10144
-10107
-9467
-8285
-6663
-4734
-2643
-538
1445
3198
4642
5734
6468
6870
6988
6886
6632
6287
5897
5488
5062
4603
4075
3435
2640
1659
479
-888
-2400
-3983
-5542
-6960
-8117
-8897
-9204
-8972
-8179
-6845
-5043
-2885
-525
1863
4098
6003
7429
8263
8445
7969
6888
5306
3372
1261
-837
-2741
-4289
-5360
-5880
-5829
-5242
-4207
-2848
-1317
224
1621
2739
3483
3798
3679
3169
2349
1335
258
-748
-1563
-2090
-2268
-2078
-1545
-732
263
1326
2330
3153
3695
3882
3679
3089
2158
963
-389
-1779
-3084
-4188
-4996
-5444
-5500
-5169
-4491
-3535
-2390
-1159
56
1161
2078
2752
3157
3292
3180
2867
2409
1872
1318
803
369
44
-160
-252
-246
-170
-55
71
185
269
316
329
318
299
290
305
355
442
561
697
826
920
952
893
723
432
19
-501
-1104
-1754
-2407
-3017
-3536
-3923
-4145
-4180
-4019
-3666
-3136
-2455
-1656
-777
144
1071
1971
2814
3577
4241
4789
5208
5486
5609
5565
5343
4935
4336
3550
2590
1481
260
-1021
-2304
-3519
-4594
-5460
-6057
-6339
-6282
-5885
-5171
-4191
-3018
-1741
-459
726
1724
2457
2873
2952
2703
2168
1418
545
-345
-1145
-1755
-2093
-2104
-1766
-1093
-135
1028
2292
3539
4646
5500
6005
6097
5744
4953
3769
2270
563
-1228
-2972
-4542
-5824
-6729
-7198
-7204
-6758
-5902
-4707
-3264
-1678
-57
1491
2875
4017
4862
5375
5547
5387
4926
4205
3278
2205
1047
-134
-1281
-2338
-3260
-4003
-4536
-4833
-4878
-4667
-4207
-3517
-2627
-1582
-437
744
1895
2945
3829
4490
4885
4990
4802
4338
3639
2762
1778
765
-195
-1035
-1694
-2133
-2338
-2316
-2099
-1735
-1290
-831
-428
-136
3
-29
-230
-570
-1002
-1463
-1885
-2200
-2351
-2301
-2034
-1562
-924
-181
588
1299
1867
2223
2317
2129
1674
998
180
-678
-1465
-2067
-2382
-2334
-1883
-1032
171
1637
3238
4821
6222
7281
7862
7863
7229
5963
4126
1833
-753
-3443
-6023
-8290
-10057
-11179
-11564
-11179
-10057
-8290
-6023
-3443
-753
1833
4126
5963
7229
7863
7862
7281
6222
4821
3238
1637
171
-1032
-1883
-2334
-2382
-2067
-1465
-678
180
998
1674
2129
2317
2223
1867
1299
588
-181
-924
-1562
-2034
-2301
-2351
-2200
-1885
-1463
-1002
-570
-230
-29
3
-136
-428
-831
-1290
-1735
-2099
-2316
-2338
-2133
-1694
-1035
-195
765
1778
2762
3639
4338
4802
4990
4885
4490
3829
2945
1895
744
-437
-1582
-2627
-3517
-4207
-4667
-4878
-4833
-4536
-4003
-3260
-2338
-1281
-134
1047
2205
3278
4205
4926
5387
5547
5375
4862
4017
2875
1491
-57
-1678
-3264
-4707
-5902
-6758
-7204
-7198
-6729
-5824
-4542
-2972
-1228
563
2270
3769
4953
5744
6097
6005
5500
4646
3539
2292
1028
-135
-1093
-1766
-2104
-2093
-1755
-1145
-345
545
1418
2168
2703
2952
2873
2457
1724
726
-459
-1741
-3018
-4191
-5171
-5885
-6282
-6339
-6057
-5460
-4594
-3519
-2304
-1021
260
1481
2590
3550
4336
4935
5343
5565
5609
5486
5208
4789
4241
3577
2814
1971
1071
144
-777
-1656
-2455
-3136
-3666
-4019
-4180
-4145
-3923
-3536
-3017
-2407
-1754
-1104
-501
19
432
723
893
952
920
826
697
561
442
355
305
290
299
318
329
316
269
185
71
-55
-170
-246
-252
-160
44
369
803
1318
1872
2409
2867
3180
3292
3157
2752
2078
1161
56
-1159
-2390
-3535
-4491
-5169
-5500
-5444
-4996
-4188
-3084
-1779
-389
963
2158
3089
3679
3882
3695
3153
2330
1326
263
-732
-1545
-2078
-2268
-2090
-1563
-748
258
1335
2349
3169
3679
3798
3483
2739
1621
224
-1317
-2848
-4207
-5242
-5829
-5880
-5360
-4289
-2741
-837
1261
3372
5306
6888
7969
8445
8263
7429
6003
4098
1863
-525
-2885
-5043
-6845
-8179
-8972
-9204
-8897
-8117
-6960
-5542
-3983
-2400
-888
479
1659
2640
3435
4075
4603
5062
5488
5897
6287
6632
6886
6988
6870
6468
5734
4642
3198
1445
-538
-2643
-4734
-6663
-8285
-9467
-10107
-10144
-9561
-8398
-6740
-4718
-2494
-246
1844
3613
4930
5704
5900
5537
4688
3470
2035
552
-810
-1900
-2598
-2826
-2560
-1831
-719
655
2139
3570
4786
5646
6045
5923
5272
4137
2611
829
-1051
-2861
-4437
-5638
-6359
-6542
-6179
-5313
-4036
-2477
-788
865
2328
3463
4167
4380
4088
3328
2179
757
-799
-2339
-3715
-4796
-5481
-5704
-5441
-4710
-3571
-2117
-463
1259
2920
4395
5581
6402
6814
6806
6399
5644
4615
3400
2094
790
-426
-1485
-2337
-2952
-3321
-3457
-3387
-3152
-2801
-2384
-1950
-1542
-1195
-933
-768
-703
-731
-835
-995
-1185
-1379
-1550
-1673
-1727
-1695
-1562
-1322
-971
-514
40
679
1381
2121
2868
3589
4247
4805
5228
5481
5538
5380
4995
4385
3564
2556
1397
134
-1178
-2484
-3723
-4838
-5778
-6500
-6974
-7181
-7117
-6792
-6228
-5457
-4521
-3466
-2338
-1185
-49
1032
2032
2926
3702
4353
4878
5279
5560
5727
0
0
0
0
0
0
0
0
0
0
0
0
0
0
0
0
0
0
0
0
0
0
0
0
0
0
0
0
0
0
0
0
0
0
0
0
0
0
0
0
0
0
0
0
0
0
0
0
0
0
0
0
0
0
0
0
0
0
0
0
0
0
0
0
0
0
0
-1927
-1992
-2176
-2446
-2752
-3032
-3219
-3251
-3075
-2656
-1984
-1071
41
1291
2599
3871
5013
5936
6563
6843
6746
6277
5465
4369
3068
1655
228
-1116
-2296
-3248
-3929
-4326
-4451
-4340
-4044
-3630
-3164
-2710
-2319
-2024
-1838
-1752
-1736
-1744
-1721
-1610
-1359
-931
-308
503
1472
2542
3636
4666
5537
6158
6456
6376
5895
5024
3805
2315
655
-1057
-2696
-4141
-5285
-6048
-6380
-6271
-5746
-4865
-3719
-2417
-1079
176
1245
2047
2530
2676
2503
2062
1427
693
-40
-677
-1134
-1351
-1296
-971
-405
340
1187
2042
2811
3406
3757
3819
3575
3038
2251
1282
215
-855
-1837
-2647
-3221
-3518
-3524
-3257
-2756
-2085
-1322
-549
151
709
1071
1205
1103
782
282
-341
-1020
-1681
-2254
-2676
-2898
-2890
-2638
-2152
-1453
-584
406
1461
2522
3529
4431
5179
5735
6069
6162
5999
5580
4908
4000
2878
1578
142
-1374
-2908
-4388
-5738
-6883
-7751
-8278
-8420
-8151
-7471
-6406
-5013
-3373
-1587
227
1949
3461
4663
5477
5858
5800
5332
4524
3475
2304
1144
124
-644
-1076
-1124
-782
-92
864
1970
3088
4068
4771
5076
4900
4208
3014
1387
-555
-2660
-4748
-6632
-8136
-9114
-9462
-9132
-8136
-6547
-4495
-2152
282
2600
4605
6127
7047
7299
6885
5866
4362
2538
584
-1298
-2919
-4121
-4788
-4863
-4347
-3303
-1845
-129
1666
3357
4774
5775
6263
6196
5584
4494
3036
1357
-382
-2017
-3400
-4412
-4978
-5067
-4700
-3941
-2891
-1677
-437
695
1604
2201
2437
2300
1819
1060
112
-917
-1918
-2789
-3445
-3827
-3909
-3692
-3209
-2515
-1678
-775
120
948
1663
2242
2680
2994
3212
3373
3512
3659
3833
4032
4238
4416
4518
4486
4265
3808
3084
2085
828
-641
-2251
-3909
-5509
-6939
-8094
-8883
-9238
-9125
-8541
-7520
-6127
-4455
-2613
-723
1097
2741
4120
5171
5863
6193
6186
5891
5373
4706
3966
3220
2525
1921
1427
1047
766
558
391
229
43
-189
-481
-831
-1226
-1641
-2047
-2408
-2692
-2870
-2922
-2839
-2622
-2286
-1854
-1357
-830
-310
168
578
897
1112
1217
1215
1116
936
691
402
89
-227
-531
-803
-1028
-1191
-1276
-1272
-1166
-952
-624
-186
351
971
1645
2335
2997
3582
4037
4315
4373
4182
3728
3014
2065
925
-342
-1661
-2948
-4113
-5076
-5765
-6127
-6132
-5775
-5079
-4089
-2873
-1515
-108
1253
2481
3499
4248
4690
4810
4616
4137
3418
2515
1494
421
-640
-1631
-2503
-3217
-3741
-4057
-4151
-4020
-3664
-3092
-2317
-1361
-252
970
2257
3550
4779
5868
6736
7307
7512
7296
6629
5507
3959
2048
-130
-2451
-4770
-6929
-8773
-10159
-10971
-11131
-10607
-9415
-7626
-5356
-2762
-28
2652
5086
7104
8569
9392
9537
9024
7927
6368
4500
2498
537
-1219
-2638
-3625
-4135
-4170
-3782
-3062
-2128
-1115
-156
632
1159
1371
1257
845
202
-576
-1380
-2097
-2623
-2878
-2814
-2423
-1732
-808
254
1345
2347
3153
3674
3854
3674
3153
2347
1345
254
-808
-1732
-2423
-2814
-2878
-2623
-2097
-1380
-576
202
845
1257
1371
1159
632
-156
-1115
-2128
-3062
-3782
-4170
-4135
-3625
-2638
-1219
537
2498
4500
6368
7927
9024
9537
9392
8569
7104
5086
2652
-28
-2762
-5356
-7626
-9415
-10607
-11131
-10971
-10159
-8773
-6929
-4770
-2451
-130
2048
3959
5507
6629
7296
7512
7307
6736
5868
4779
3550
2257
970
-252
-1361
-2317
-3092
-3664
-4020
-4151
-4057
-3741
-3217
-2503
-1631
-640
421
1494
2515
3418
4137
4616
4810
4690
4248
3499
2481
1253
-108
-1515
-2873
-4089
-5079
-5775
-6132
-6127
-5765
-5076
-4113
-2948
-1661
-342
925
2065
3014
3728
4182
4373
4315
4037
3582
2997
2335
1645
971
351
-186
-624
-952
-1166
-1272
-1276
-1191
-1028
-803
-531
-227
89
402
691
936
1116
1215
1217
1112
897
578
168
-310
-830
-1357
-1854
-2286
-2622
-2839
-2922
-2870
-2692
-2408
-2047
-1641
-1226
-831
-481
-189
43
229
391
558
766
1047
1427
1921
2525
3220
3966
4706
5373
5891
6186
6193
5863
5171
4120
2741
1097
-723
-2613
-4455
-6127
-7520
-8541
-9125
-9238
-8883
-8094
-6939
-5509
-3909
-2251
-641
828
2085
3084
3808
4265
4486
4518
4416
4238
4032
3833
3659
3512
3373
3212
2994
2680
2242
1663
948
120
-775
-1678
-2515
-3209
-3692
-3909
-3827
-3445
-2789
-1918
-917
112
1060
1819
2300
2437
2201
1604
695
-437
-1677
-2891
-3941
-4700
-5067
-4978
-4412
-3400
-2017
-382
1357
3036
4494
5584
6196
6263
5775
4774
3357
1666
-129
-1845
-3303
-4347
-4863
-4788
-4121
-2919
-1298
584
2538
4362
5866
6885
7299
7047
6127
4605
2600
282
-2152
-4495
-6547
-8136
-9132
-9462
-9114
-8136
-6632
-4748
-2660
-555
1387
3014
4208
4900
5076
4771
4068
3088
1970
864
-92
-782
-1124
-1076
-644
124
1144
2304
3475
4524
5332
5800
5858
5477
4663
3461
1949
227
-1587
-3373
-5013
-6406
-7471
-8151
-8420
-8278
-7751
-6883
-5738
-4388
-2908
-1374
142
1578
2878
4000
4908
5580
5999
6162
6069
5735
5179
4431
3529
2522
1461
406
-584
-1453
-2152
-2638
-2890
-2898
-2676
-2254
-1681
-1020
-341
282
782
1103
1205
1071
709
151
-549
-1322
-2085
-2756
-3257
-3524
-3518
-3221
-2647
-1837
-855
215
1282
2251
3038
3575
3819
3757
3406
2811
2042
1187
340
-405
-971
-1296
-1351
-1134
-677
-40
693
1427
2062
2503
2676
2530
2047
1245
176
-1079
-2417
-3719
-4865
-5746
-6271
-6380
-6048
-5285
-4141
-2696
-1057
655
2315
3805
5024
5895
6376
6456
6158
5537
4666
3636
2542
1472
503
-308
-931
-1359
-1610
-1721
-1744
-1736
-1752
-1838
-2024
-2319
-2710
-3164
-3630
-4044
-4340
-4451
-4326
-3929
-3248
-2296
-1116
228
1655
3068
4369
5465
6277
6746
6843
6563
5936
5013
3871
2599
1291
41
-1071
-1984
-2656
-3075
-3251
-3219
-3032
-2752
-2446
-2176
-1992
0
0
0
0
0
0
0
0
0
0
0
0
0
0
0
0
0
0
0
0
0
0
0
0
0
0
0
0
0
0
0
0
0
0
0
0
0
0
0
0
0
0
0
0
0
0
0
0
0
0
0
0
0
0
0
0
0
0
0
0
0
0
0
0
0
0
0
-1927
-1735
-1179
-323
737
1882
2980
3900
4529
4781
4606
3996
2985
1648
90
-1562
-3172
-4608
-5754
-6522
-6856
-6740
-6195
-5277
-4071
-2678
-1210
224
1529
2625
3459
4004
4259
4243
3997
3568
3012
2381
1722
1071
456
-107
-609
-1046
-1414
-1710
-1925
-2046
-2057
-1940
-1681
-1270
-710
-18
772
1611
2435
3169
3735
4058
4077
3751
3067
2044
734
-779
-2387
-3962
-5369
-6481
-7186
-7405
-7094
-6257
-4940
-3235
-1269
808
2832
4643
6100
7091
7546
7443
6808
5713
4269
2614
899
-726
-2129
-3202
-3878
-4129
-3975
-3471
-2707
-1792
-845
20
707
1146
1298
1164
775
197
-487
-1183
-1795
-2238
-2449
-2391
-2057
-1472
-687
225
1180
2090
2872
3460
3806
3888
3707
3290
2680
1933
1109
269
-536
-1268
-1901
-2426
-2844
-3164
-3401
-3566
-3663
-3690
-3631
-3462
-3156
-2680
-2012
-1139
-68
1170
2524
3915
5246
6408
7289
7787
7819
7334
6319
4806
2872
637
-1747
-4108
-6264
-8042
-9295
-9914
-9842
-9078
-7676
-5748
-3446
-958
1518
3789
5681
7058
7834
7977
7514
6526
5136
3496
1774
133
-1285
-2370
-3057
-3329
-3216
-2792
-2159
-1440
-759
-227
70
87
-182
-700
-1388
-2141
-2835
-3346
-3563
-3407
-2835
-1854
-519
1068
2770
4426
5868
6936
7502
7478
6830
5583
3821
1680
-661
-3003
-5137
-6870
-8040
-8537
-8307
-7367
-5794
-3728
-1351
1121
3470
5481
6975
7819
7939
7326
6039
4195
1962
-458
-2853
-5011
-6746
-7910
-8409
-8209
-7336
-5873
-3953
-1744
566
2790
4749
6298
7330
7787
7661
6994
5871
4411
2755
1049
-563
-1959
-3041
-3746
-4052
-3971
-3552
-2868
-2014
-1090
-198
571
1149
1485
1561
1381
977
399
-287
-1011
-1702
-2294
-2737
-2997
-3058
-2924
-2616
-2170
-1629
-1043
-458
83
552
930
1213
1411
1546
1648
1749
1884
2080
2353
2709
3137
3611
4091
4526
4857
5026
4977
4665
4060
3153
1957
507
-1136
-2897
-4681
-6386
-7910
-9155
-10037
-10493
-10482
-9993
-9045
-7683
-5977
-4018
-1909
239
2319
4231
5891
7234
8219
8829
9068
8964
8558
7905
7065
6098
5061
4003
2960
1960
1017
137
-682
-1447
-2165
-2840
-3473
-4060
-4590
-5046
-5408
-5656
-5770
-5733
-5539
-5184
-4679
-4040
-3294
-2471
-1607
-736
105
891
1600
2216
2733
3153
3480
3724
3896
4003
4051
4041
3970
3830
3611
3302
2897
2391
1790
1105
360
-415
-1183
-1900
-2525
-3016
-3342
-3482
-3428
-3186
-2780
-2245
-1629
-986
-369
167
582
844
939
869
651
321
-77
-494
-877
-1180
-1364
-1406
-1297
-1045
-675
-222
268
747
1167
1489
1684
1735
1646
1432
1122
757
382
43
-220
-378
-409
-312
-97
210
575
954
1304
1582
1754
1797
1700
1468
1117
676
181
-328
-814
-1243
-1589
-1838
-1987
-2043
-2023
-1950
-1850
-1748
-1661
-1604
-1578
-1576
-1582
-1573
-1524
-1407
-1202
-893
-476
38
633
1277
1929
2546
3083
3500
3764
3854
3764
3500
3083
2546
1929
1277
633
38
-476
-893
-1202
-1407
-1524
-1573
-1582
-1576
-1578
-1604
-1661
-1748
-1850
-1950
-2023
-2043
-1987
-1838
-1589
-1243
-814
-328
181
676
1117
1468
1700
1797
1754
1582
1304
954
575
210
-97
-312
-409
-378
-220
43
382
757
1122
1432
1646
1735
1684
1489
1167
747
268
-222
-675
-1045
-1297
-1406
-1364
-1180
-877
-494
-77
321
651
869
939
844
582
167
-369
-986
-1629
-2245
-2780
-3186
-3428
-3482
-3342
-3016
-2525
-1900
-1183
-415
360
1105
1790
2391
2897
3302
3611
3830
3970
4041
4051
4003
3896
3724
3480
3153
2733
2216
1600
891
105
-736
-1607
-2471
-3294
-4040
-4679
-5184
-5539
-5733
-5770
-5656
-5408
-5046
-4590
-4060
-3473
-2840
-2165
-1447
-682
137
1017
1960
2960
4003
5061
6098
7065
7905
8558
8964
9068
8829
8219
7234
5891
4231
2319
239
-1909
-4018
-5977
-7683
-9045
-9993
-10482
-10493
-10037
-9155
-7910
-6386
-4681
-2897
-1136
507
1957
3153
4060
4665
4977
5026
4857
4526
4091
3611
3137
2709
2353
2080
1884
1749
1648
1546
1411
1213
930
552
83
-458
-1043
-1629
-2170
-2616
-2924
-3058
-2997
-2737
-2294
-1702
-1011
-287
399
977
1381
1561
1485
1149
571
-198
-1090
-2014
-2868
-3552
-3971
-4052
-3746
-3041
-1959
-563
1049
2755
4411
5871
6994
7661
7787
7330
6298
4749
2790
566
-1744
-3953
-5873
-7336
-8209
-8409
-7910
-6746
-5011
-2853
-458
1962
4195
6039
7326
7939
7819
6975
5481
3470
1121
-1351
-3728
-5794
-7367
-8307
-8537
-8040
-6870
-5137
-3003
-661
1680
3821
5583
6830
7478
7502
6936
5868
4426
2770
1068
-519
-1854
-2835
-3407
-3563
-3346
-2835
-2141
-1388
-700
-182
87
70
-227
-759
-1440
-2159
-2792
-3216
-3329
-3057
-2370
-1285
133
1774
3496
5136
6526
7514
7977
7834
7058
5681
3789
1518
-958
-3446
-5748
-7676
-9078
-9842
-9914
-9295
-8042
-6264
-4108
-1747
637
2872
4806
6319
7334
7819
7787
7289
6408
5246
3915
2524
1170
-68
-1139
-2012
-2680
-3156
-3462
-3631
-3690
-3663
-3566
-3401
-3164
-2844
-2426
-1901
-1268
-536
269
1109
1933
2680
3290
3707
3888
3806
3460
2872
2090
1180
225
-687
-1472
-2057
-2391
-2449
-2238
-1795
-1183
-487
197
775
1164
1298
1146
707
20
-845
-1792
-2707
-3471
-3975
-4129
-3878
-3202
-2129
-726
899
2614
4269
5713
6808
7443
7546
7091
6100
4643
2832
808
-1269
-3235
-4940
-6257
-7094
-7405
-7186
-6481
-5369
-3962
-2387
-779
734
2044
3067
3751
4077
4058
3735
3169
2435
1611
772
-18
-710
-1270
-1681
-1940
-2057
-2046
-1925
-1710
-1414
-1046
-609
-107
456
1071
1722
2381
3012
3568
3997
4243
4259
4004
3459
2625
1529
224
-1210
-2678
-4071
-5277
-6195
-6740
-6856
-6522
-5754
-4608
-3172
-1562
90
1648
2985
3996
4606
4781
4529
3900
2980
1882
737
-323
-1179
-1735
0
0
0
0
0
0
0
0
0
0
0
0
0
0
0
0
0
0
0
0
0
0
0
0
0
0
0
0
0
0
0
0
0
0
0
0
0
0
0
0
0
0
0
0
0
0
0
0
0
0
0
0
0
0
0
0
0
0
0
0
0
0
0
0
0
0
0
