0
4278
8485
12550
16402
19973
23203
26035
28419
30314
31684
32507
32766
32456
31581
30156
28203
25758
22860
19561
15917
11991
7852
3573
-771
-5106
-9352
-13436
-17284
-20829
-24006
-26759
-29038
-30801
-32015
-32660
-32720
-32196
-31094
-29434
-27244
-24563
-21439
-17925
-14087
-9991
-5712
-1327
3083
7441
11667
15683
19415
22796
25762
28259
30239
31667
32514
32764
32412
31462
29931
27847
25247
22178
18696
14865
10755
6443
2009
-2465
-6896
-11201
-15299
-19113
-22570
-25606
-28162
-30190
-31650
-32514
-32764
-32394
-31411
-29832
-27686
-25012
-21861
-18292
-14372
-10175
-5781
-1274
3259
7733
12062
16161
19951
23359
26318
28771
30668
31973
32659
32711
32127
30919
29107
26727
23823
20452
16679
12577
8226
3711
-879
-5455
-9926
-14204
-18204
-21846
-25058
-27775
-29942
-31516
-32464
-32766
-32415
-31417
-29790
-27567
-24790
-21514
-17805
-13736
-9388
-4849
-209
4437
8997
13377
17489
21248
24578
27411
29687
31359
32393
32765
32468
31507
29899
27676
24884
21579
17828
13707
9301
4700
0
-4703
-9311
-13729
-17864
-21629
-24947
-27746
-29968
-31566
-32503
-32761
-32332
-31225
-29460
-27076
-24119
-20653
-16748
-12488
-7961
-3263
1506
6246
10856
15238
19298
22949
26112
28719
30713
32051
32702
32651
31900
30461
28366
25658
22395
18646
14492
10022
5332
524
-4298
-9029
-13567
-17811
-21669
-25055
-27896
-30127
-31699
-32577
-32739
-32182
-30916
-28967
-26379
-23206
-19519
-15397
-10932
-6222
-1372
3511
8320
12945
17284
21240
24723
27655
29968
31611
32545
32748
32214
30954
28995
26381
23169
19431
15252
10724
5950
1038
-3899
-8751
-13405
-17757
-21705
-25159
-28038
-30277
-31822
-32637
-32702
-32014
-30588
-28456
-25665
-22280
-18377
-14047
-9388
-4509
477
5455
10308
14924
19194
23018
26305
28979
30974
32243
32756
32498
31476
29711
27244
24133
20449
16280
11722
6884
1880
-3170
-8148
-12935
-17416
-21484
-25041
-28000
-30291
-31856
-32659
-32677
-31909
-30373
-28105
-25157
-21600
-17520
-13013
-8189
-3163
1941
7001
11893
16499
20705
24407
27516
29953
31659
32589
32721
32049
30590
28377
25463
21921
17836
13307
8448
3377
-1780
-6896
-11843
-16499
-20746
-24479
-27603
-30040
-31727
-32621
-32699
-31957
-30413
-28105
-25088
-21439
-17247
-12618
-7668
-2522
2689
7836
12787
17416
21605
25247
28248
30530
32035
32723
32574
31592
29801
27244
23987
20112
15718
10917
5832
595
-4660
-9798
-14685
-19194
-23208
-26622
-29345
-31307
-32455
-32757
-32206
-30813
-28614
-25665
-22043
-17841
-13169
-8148
-2911
2405
7661
12717
17440
21705
25397
28419
30689
32146
32750
32483
31352
29385
26633
23169
19084
14487
9500
4255
-1105
-6439
-11603
-16457
-20870
-24723
-27911
-30346
-31961
-32712
-32578
-31559
-29684
-27001
-23582
-19519
-14922
-9916
-4636
771
6162
11386
16301
20770
24671
27896
30354
31977
32719
32558
31498
29565
26813
23317
19172
14492
9407
4058
-1405
-6833
-12073
-16978
-21411
-25247
-28377
-30713
-32188
-32760
-32410
-31148
-29007
-26047
-22351
-18021
-13179
-7961
-2516
3003
8440
13640
18454
22745
26389
29282
31340
32503
32737
32033
30409
27913
24613
20604
16000
10932
5547
0
-5550
-10942
-16021
-20637
-24657
-27963
-30458
-32068
-32745
-32468
-31244
-29107
-26118
-22364
-17952
-13013
-7689
-2137
3479
8997
14252
19090
23367
26955
29748
31662
32640
32650
31691
29790
27003
23411
19119
14256
8965
3403
-2262
-7862
-13230
-18204
-22633
-26385
-29345
-31423
-32556
-32707
-31871
-30072
-27362
-23823
-19561
-14703
-9397
-3803
1908
7565
12994
18030
22517
26318
29316
31419
32559
32702
31841
30001
27238
23635
19302
14372
8996
3339
-2422
-8112
-13553
-18577
-23026
-26761
-29667
-31650
-32648
-32629
-31591
-29565
-26615
-22829
-18327
-13249
-7752
-2009
3799
9491
14886
19815
24120
27666
30338
32052
32751
32412
31044
28690
25423
21345
16586
11295
5642
-193
-6025
-11667
-16938
-21669
-25706
-28920
-31206
-32489
-32726
-31909
-30063
-27244
-23544
-19081
-13998
-8460
-2644
3259
9060
14569
19606
24006
27626
30346
32075
32756
32366
30916
28451
25051
20827
15917
10480
4696
-1244
-7147
-12817
-18065
-22719
-26622
-29644
-31684
-32674
-32578
-31398
-29173
-25975
-21909
-17110
-11737
-5969
0
5972
11747
17130
21941
26016
29217
31436
32596
32657
31615
29504
26395
22390
17625
12260
6476
470
-5554
-11392
-16845
-21726
-25867
-29127
-31393
-32585
-32662
-31619
-29491
-26349
-22301
-17483
-12062
-6222
-166
5898
11762
17222
22088
26191
29387
31566
32648
32597
31411
29131
25835
21636
16679
11138
5205
-912
-7001
-12847
-18244
-23003
-26955
-29960
-31912
-32739
-32412
-30940
-28374
-24803
-20353
-15179
-9465
-3413
2763
8843
14612
19863
24407
28083
30758
32334
32755
32003
30103
27124
23169
18381
12929
7010
836
-5370
-11386
-16993
-21989
-26191
-29446
-31636
-32680
-32538
-31214
-28754
-25247
-20819
-15630
-9868
-3744
2518
8692
14551
19879
24480
28184
30855
32393
32739
31880
29845
26709
22585
17625
12011
5950
-333
-6607
-12639
-18204
-23094
-27128
-30152
-32055
-32763
-32248
-30528
-27666
-23767
-18976
-13473
-7461
-1167
5173
11322
17047
22132
26385
29644
31785
32724
32427
30901
28203
24435
19738
14288
8294
1981
-4409
-10635
-16457
-21654
-26025
-29402
-31656
-32697
-32485
-31027
-28377
-24634
-19943
-14481
-8460
-2109
4324
10594
16457
21686
26077
29459
31699
32710
32451
30929
28203
24378
19601
14056
7961
1552
-4919
-11201
-17047
-22227
-26537
-29806
-31906
-32751
-32307
-30590
-27666
-23648
-18696
-13002
-6791
-309
6187
12441
18204
23246
27366
30398
32222
32762
31995
29951
26709
22398
17189
11289
4935
-1619
-8112
-14281
-19879
-24678
-28486
-31147
-32552
-32643
-31416
-28917
-25247
-20553
-15023
-8882
-2378
4225
10659
16662
21989
26421
29777
31918
32756
32254
30432
27362
23169
18024
12137
5748
-879
-7473
-13762
-19485
-24407
-28323
-31070
-32533
-32650
-31414
-28875
-25136
-20353
-14721
-8475
-1874
4807
11292
17307
22602
26955
30182
32146
32765
32010
29911
26556
22083
16679
10571
4016
-2711
-9326
-15551
-21121
-25799
-29387
-31732
-32732
-32344
-30582
-27520
-23286
-18060
-12062
-5547
1206
7911
14280
20041
24947
28786
31393
32653
32513
30975
28105
24024
18906
12972
6476
-301
-7069
-13534
-19415
-24458
-28443
-31196
-32596
-32580
-31148
-28360
-24336
-19250
-13322
-6811
0
6813
13332
19269
24364
28393
31178
32594
32578
31129
28309
24241
19103
13120
6555
-301
-7147
-13680
-19609
-24671
-28641
-31340
-32648
-32505
-30916
-27948
-23735
-18460
-12360
-5706
1206
8067
14569
20421
25359
29162
31656
32728
32328
30473
27244
22786
17298
11027
4255
-2711
-9557
-15974
-21669
-26383
-29901
-32062
-32766
-31979
-29736
-26137
-21345
-15577
-9095
-2195
4807
11593
17850
23291
27666
30771
32464
32665
31362
28614
24546
19345
13249
6538
-477
-7473
-14125
-20126
-25196
-29098
-31650
-32732
-32292
-30349
-26991
-22374
-16712
-10266
-3339
3746
10659
17076
22694
27251
30530
32377
32702
31489
28793
24740
19519
13375
6597
-494
-7565
-14281
-20323
-25404
-29282
-31772
-32753
-32178
-30072
-26533
-21729
-15887
-9285
-2238
4919
11843
18204
23695
28052
31066
32589
32548
30942
27847
23411
17845
11416
4435
-2763
-9830
-16425
-22227
-26955
-30378
-32330
-32713
-31507
-28769
-24631
-19293
-13013
-6096
1120
8285
15047
21076
26077
29802
32068
32763
31850
29372
25451
20276
14101
7230
0
-7232
-14111
-20295
-25478
-29402
-31872
-32764
-32033
-29711
-25913
-20827
-14703
-7845
-595
6688
13640
19914
25196
29220
31785
32759
32093
29819
26047
20967
14832
7950
664
-6656
-13645
-19948
-25247
-29273
-31822
-32763
-32046
-29706
-25861
-20703
-14492
-7543
-209
7138
14125
20396
25629
29557
31977
32766
31880
29363
25342
20022
13674
6622
-771
-8129
-15071
-21240
-26318
-30042
-32219
-32734
-31559
-28754
-24461
-18901
-12360
-5177
2276
9615
16457
22447
27271
30678
32489
32608
31026
27825
23169
17302
10527
3199
-4298
-11573
-18244
-23960
-28419
-31387
-32705
-32302
-30198
-26501
-21406
-15179
-8148
-684
6817
13962
20369
25700
29668
32064
32757
31710
28975
24698
19103
12488
5205
-2358
-9798
-16717
-22745
-27557
-30894
-32577
-32513
-30703
-27244
-22319
-16192
-9191
-1693
5898
13175
19743
25247
29388
31941
32765
31816
29141
24884
19276
12618
5272
-2362
-9871
-16845
-22903
-27714
-31014
-32621
-32445
-30495
-26875
-21781
-15492
-8351
-749
6896
14165
20658
26016
29942
32220
32721
31417
28377
23767
17841
10926
3403
-4310
-11787
-18613
-24407
-28847
-31684
-32759
-32010
-29476
-25298
-19707
-13013
-5590
2148
9769
16845
22980
27828
31116
32659
32366
30254
26438
21133
14635
7310
-430
-8148
-15409
-21801
-26962
-30598
-32502
-32563
-30778
-27244
-22162
-15818
-8572
-836
6950
14343
20920
26305
30190
32350
32661
31103
27762
22829
16586
9388
1649
-6187
-13670
-20369
-25898
-29936
-32249
-32702
-31267
-28024
-23161
-16955
-9766
-2009
5867
13405
20168
25762
29860
32222
32709
31291
28049
23169
16936
9711
1916
-5992
-13553
-20323
-25904
-29968
-32275
-32687
-31179
-27837
-22855
-16527
-9222
-1372
6562
14111
20829
26318
30252
32397
32623
30916
27374
22206
15718
8294
373
-7571
-15067
-21669
-26980
-30683
-32556
-32483
-30469
-26631
-21197
-14492
-6916
1077
9009
16402
22811
27851
31216
32702
32218
29790
25564
19793
12824
5078
-2978
-10856
-18080
-24210
-28873
-31785
-32766
-31757
-28816
-24119
-17952
-10689
-2772
5316
13083
20053
25799
29968
32304
32662
31017
27469
22233
15630
8064
0
-8067
-15639
-22251
-27492
-31038
-32669
-32282
-29899
-25665
-19840
-12785
-4935
3223
11185
18454
24578
29176
31960
32754
31507
28295
23317
16881
9388
1306
-6859
-14599
-21426
-26913
-30713
-32587
-32415
-30206
-26096
-20343
-13307
-5431
2789
10837
18204
24423
29100
31937
32755
31498
28244
23199
16679
9099
938
-7285
-15047
-21854
-27271
-30951
-32659
-32282
-29844
-25497
-19519
-12290
-4271
4023
12062
19330
25359
29762
32252
32670
30984
27303
21861
15008
7184
-1105
-9326
-16947
-23474
-28484
-31650
-32766
-31757
-28687
-23753
-17274
-9670
-1435
6896
14781
21705
27215
30951
32666
32248
29720
25247
19119
11737
3583
-4807
-12886
-20121
-26035
-30239
-32455
-32534
-30469
-26395
-20578
-13400
-5336
3083
11302
18775
25007
29584
32200
32681
30992
27244
21684
14679
6695
-1736
-10055
-17706
-24178
-29038
-31959
-32744
-31340
-27837
-22468
-15592
-7668
771
9163
16942
23583
28641
31772
32764
31548
28203
22955
16155
8261
-193
-8637
-16499
-23246
-28419
-31667
-32766
-31641
-28366
-23161
-16378
-8479
0
8482
16388
23178
28387
31659
32766
31633
28334
23092
16267
8323
-193
-8699
-16610
-23382
-28547
-31748
-32764
-31521
-28105
-22748
-15818
-7793
771
9287
17161
23850
28887
31923
32744
31292
27666
22114
15023
6884
-1736
-10238
-18030
-24565
-29387
-32158
-32681
-30919
-26991
-21173
-13868
-5590
3083
11543
19194
25499
30012
32414
32534
30361
26047
19895
12336
3903
-4807
-13181
-20625
-26610
-30711
-32637
-32248
-29569
-24790
-18247
-10405
-1820
6896
15124
22277
27843
31423
32760
31757
28483
23169
16196
8060
-655
-9326
-17331
-24094
-29127
-32068
-32703
-30984
-27033
-21133
-13707
-5289
3511
12062
19743
25999
30374
32552
32371
29844
25150
18630
10754
2094
-6719
-15047
-22282
-27896
-31478
-32765
-31661
-28244
-22763
-15616
-7324
1506
10228
18204
24847
29668
32313
32585
30461
26096
19809
12062
3423
-5469
-13962
-21426
-27310
-31178
-32740
-31881
-28661
-23317
-16242
-7961
912
9721
17811
24578
29519
32265
32608
30520
26157
19840
12041
3339
-5613
-14150
-21629
-27492
-31296
-32755
-31758
-28377
-22863
-15630
-7219
1736
10564
18599
25234
29968
32443
32468
30041
25342
18725
10689
1842
-7147
-15598
-22868
-28404
-31785
-32751
-31227
-27327
-21345
-13736
-5078
3969
12717
20496
26712
30887
32702
32014
28875
23522
16364
7950
-1077
-10024
-18204
-24986
-29848
-32414
-32483
-30050
-25298
-18593
-10451
-1499
7571
16058
23305
28750
31969
32711
30916
26720
20449
12587
3744
-5391
-14111
-21734
-27666
-31442
-32766
-31533
-27837
-21964
-14372
-5653
3510
12401
20323
26654
30894
32710
31957
28692
23169
15822
7226
-1941
-10958
-19113
-25762
-30378
-32596
-32237
-29328
-24096
-16955
-8469
691
9799
18132
25028
29936
32465
32412
29778
24772
17791
9388
234
-8940
-17404
-24479
-29598
-32350
-32513
-30072
-25219
-18342
-9991
-836
8388
16942
24135
29387
32275
32563
30226
25451
18620
10283
1113
-8148
-16754
-24006
-29316
-32252
-32574
-30254
-25477
-18630
-10266
-1066
8222
16845
24098
29390
32286
32549
30156
25298
18372
9941
695
-8610
-17213
-24407
-29603
-32371
-32482
-29925
-24908
-17841
-9305
0
9307
17850
24924
29942
32491
32356
29546
24293
17028
8351
-1019
-10308
-18745
-25629
-30386
-32621
-32145
-28995
-23432
-15917
-7073
2362
11603
19879
26497
30903
32728
31816
28241
22301
14491
5464
-4023
-13175
-21224
-27492
-31451
-32766
-31324
-27244
-20868
-12732
-3519
5992
15001
22745
28568
31977
32682
30619
25962
19103
10622
1238
-8253
-17047
-24394
-29668
-32420
-32412
-29643
-24347
-16973
-8148
1373
10781
19269
26112
30723
32705
31886
28334
22351
14449
5304
-4298
-13534
-21608
-27826
-31650
-32749
-31026
-26627
-19930
-11510
-2094
7504
16457
23989
29446
32355
32460
29752
24461
17046
8148
-1459
-10942
-19477
-26318
-30870
-32732
-31742
-27983
-21780
-13674
-4371
5316
14541
22496
28484
31977
32669
30495
25645
18541
9807
209
-9410
-18204
-25397
-30356
-32640
-32046
-28625
-22675
-14721
-5464
4278
13645
21806
28038
31787
32719
30748
26047
19032
10324
695
-8997
-17892
-25196
-30256
-32621
-32077
-28669
-22701
-14703
-5389
4409
13816
21989
28193
31872
32694
30582
25725
18555
9715
0
-9718
-18563
-25739
-30598
-32699
-31850
-28126
-21861
-13619
-4144
5708
15047
23026
28920
32194
32549
29951
24631
17073
7961
-1876
-11547
-20168
-26955
-31287
-32766
-31257
-26894
-20073
-11416
-1713
8148
17267
24807
30076
32589
32113
28690
22632
14492
5018
-4919
-14407
-22570
-28657
-32104
-32591
-30072
-24775
-17189
-8012
1907
11653
20323
27113
31393
32763
31094
26539
19519
10683
852
-9060
-18132
-25519
-30530
-32697
-31816
-27965
-21503
-13031
-3339
6667
16052
23938
29584
32459
32292
29097
23169
15065
5543
-4501
-14125
-22423
-28612
-32108
-32578
-29977
-24546
-16798
-7461
2582
12385
21019
27666
31694
32721
30647
25665
18247
9095
-923
-10856
-19760
-26786
-31264
-32766
-31146
-26556
-19431
-10451
-470
9557
18675
26008
30855
32749
31507
27244
20368
11537
1595
-8501
-17784
-25359
-30497
-32702
-31758
-27754
-21074
-12360
-2451
7696
17103
24860
30215
32648
31922
28105
21563
12929
3039
-7147
-16643
-24525
-30025
-32607
-32016
-28309
-21844
-13249
-3359
6859
16412
24364
29939
32588
32050
28377
21924
13322
3413
-6833
-16412
-24382
-29960
-32596
-32028
-28309
-21804
-13150
-3199
7069
16643
24578
30089
32630
31946
28105
21482
12732
2719
-7565
-17103
-24947
-30318
-32680
-31797
-27754
-20951
-12062
-1970
8320
17784
25478
30633
32732
31565
27244
20200
11134
952
-9326
-18675
-26154
-31014
-32765
-31228
-26556
-19215
-9941
333
10578
19760
26955
31436
32749
30759
25665
17979
8475
-1887
-12062
-21019
-27851
-31864
-32650
-30126
-24546
-16475
-6728
3703
13762
22423
28806
32258
32427
29291
23169
14683
4696
-5772
-15653
-23938
-29777
-32571
-32033
-28214
-21503
-12587
-2378
8077
17706
25519
30711
32748
31416
26850
19519
10175
-219
-10594
-19879
-27113
-31549
-32726
-30520
-25157
-17189
-7439
3083
13289
22119
28657
32222
32441
29289
23092
14492
4381
-6187
-16114
-24364
-30076
-32652
-31820
-27666
-20619
-11416
-1017
9491
19008
26537
31287
32757
30792
25595
17709
7961
-2625
-12939
-21894
-28547
-32194
-32451
-29286
-23032
-14346
-4144
6498
16457
24678
30291
32699
31644
27238
19943
10531
0
-10533
-19951
-27251
-31656
-32694
-30254
-24592
-16309
-6286
4409
14637
23305
29487
32519
32077
28203
21312
12137
1660
-8997
-18692
-26385
-31248
-32757
-30748
-25434
-17383
-7461
3266
13645
22556
29038
32390
32248
28625
21909
12824
2351
-8378
-18204
-26061
-31098
-32765
-30880
-25645
-17625
-7689
3083
13524
22496
29023
32393
32235
28565
21780
12618
2077
-8692
-18516
-26318
-31245
-32755
-30681
-25247
-17046
-6975
3863
14280
23132
29446
32527
32033
28015
20915
11510
836
-9932
-19609
-27125
-31650
-32682
-30103
-24198
-15616
-5304
5596
15880
24407
30232
32705
31550
26894
19250
9465
-1373
-12062
-21411
-28379
-32188
-32412
-29022
-22395
-13267
-2656
8253
18244
26197
31222
32754
30619
25054
16679
6433
-4537
-15001
-23783
-29895
-32648
-31731
-27244
-19690
-9916
976
11762
21224
28293
32170
32415
28997
22301
13080
2378
-8595
-18599
-26497
-31393
-32729
-30352
-24528
-15917
-5494
5554
15974
24578
30386
32734
31352
26395
18425
8351
-2679
-13405
-22602
-29217
-32491
-32046
-27932
-20616
-10936
0
10939
20625
27944
32055
32482
29173
22507
13249
2462
-8610
-18692
-26622
-31481
-32707
-30156
-24119
-15293
-4696
6446
16845
25296
30817
32766
30916
25477
17079
6695
-4468
-15115
-24006
-30106
-32702
-31489
-26606
-18620
-8460
2689
13528
22788
29387
32552
31909
27532
19930
9991
-1120
-12103
-21669
-28693
-32350
-32208
-28280
-21025
-11295
-234
10856
20671
28052
32127
32412
28871
21921
12379
1372
-9799
-19815
-27487
-31906
-32545
-29328
-22632
-13249
-2291
8940
19113
27016
31708
32629
29666
23169
13911
2992
-8285
-18577
-26654
-31549
-32677
-29899
-23544
-14372
-3477
7836
18214
26411
31442
32702
30037
23764
14635
3744
-7598
-18030
-26293
-31393
-32711
-30086
-23833
-14703
-3796
7571
18026
26305
31405
32707
30050
23753
14577
3632
-7754
-18204
-26446
-31479
-32688
-29925
-23522
-14256
-3253
8148
18560
26712
31608
32650
29706
23135
13736
2656
-8751
-19090
-27095
-31785
-32581
-29385
-22585
-13013
-1842
9557
19786
27585
31994
32468
28947
21861
12081
809
-10564
-20637
-28166
-32219
-32293
-28377
-20951
-10932
440
11762
21629
28819
32437
32033
27653
19840
9561
-1907
-13142
-22745
-29519
-32621
-31661
-26755
-18514
-7961
3586
14689
23960
30239
32740
31148
25658
16955
6128
-5469
-16384
-25247
-30944
-32759
-30461
-24336
-15151
-4058
7546
18204
26572
31595
32638
29565
22763
13087
1756
-9798
-20118
-27896
-32148
-32332
-28424
-20915
-10754
771
12203
22088
29171
32552
31797
27001
18769
8148
-3511
-14727
-24069
-30346
-32754
-30984
-25260
-16309
-5272
6439
17331
26008
31359
32696
29845
23169
13521
2137
-9523
-19964
-27843
-32146
-32318
-28334
-20703
-10405
1234
12717
22564
29503
32637
31559
26407
17841
6968
-4807
-15965
-25058
-30909
-32757
-30361
-24028
-14577
-3233
8533
19194
27364
31977
32433
28669
21173
10917
-762
-12345
-22321
-29387
-32619
-31592
-26438
-17828
-6884
4961
16161
25247
31028
32744
30168
23635
13998
2522
-9287
-19879
-27860
-32179
-32265
-28105
-20242
-9711
2101
13640
23382
30040
32733
31103
25362
16267
5018
-6896
-17901
-26537
-31659
-32585
-29190
-21921
-11741
0
11743
21929
29201
32589
31641
26480
17791
6728
-5233
-16499
-25566
-31222
-32709
-29826
-22955
-13013
-1327
10537
20994
28641
32450
31909
27088
18630
7668
-4324
-15739
-25041
-30976
-32744
-30105
-23411
-13561
-1880
10055
20637
28436
32397
31982
27244
18822
7852
-4182
-15653
-25007
-30974
-32743
-30072
-23319
-13400
-1660
10308
20879
28612
32455
31881
26966
18377
7282
-4807
-16245
-25468
-31216
-32702
-29720
-22675
-12528
-664
11292
21705
29147
32596
31576
26225
17274
5950
-6193
-17489
-26383
-31650
-32564
-28995
-21433
-10917
1105
12978
23064
29968
32737
30984
24950
15465
3839
-8320
-19330
-27666
-32170
-32217
-27796
-19519
-8531
3643
15314
24860
30951
32739
29972
23032
12884
938
-11141
-21669
-29176
-32613
-31498
-25982
-16835
-5332
6918
18204
26944
31912
32410
28366
20343
9465
-2743
-14569
-24351
-30713
-32759
-30198
-23387
-13283
-1306
10856
21492
29100
32604
31507
25962
16748
5166
-7147
-18454
-27152
-32008
-32332
-28076
-19840
-8789
3510
15314
24947
31038
32720
29752
22551
12140
0
-12143
-22559
-29762
-32723
-31017
-24884
-15198
-3339
8998
20053
28242
32393
31908
26854
17952
6476
-5930
-17489
-26541
-31785
-32465
-28481
-20402
-9388
2978
14918
24714
30951
32730
29790
22554
12062
-172
-12385
-22811
-29942
-32746
-30813
-24421
-14492
-2462
9926
20879
28806
32556
31581
26021
16679
4912
-7571
-18956
-27585
-32200
-32127
-27374
-18630
-7167
5342
17076
26318
31719
32485
28504
20353
9222
-3259
-15267
-25041
-31147
-32687
-29434
-21861
-11077
1334
13553
23783
30517
32764
30189
23169
12736
423
-11953
-22570
-29860
-32743
-30792
-24293
-14202
-2009
10483
21426
29201
32652
31267
25247
15482
3419
-9153
-20369
-28563
-32514
-31633
-26047
-16586
-4654
7973
19415
27967
32350
31910
26709
17520
5712
-6950
-18577
-27428
-32179
-32116
-27244
-18292
-6597
6088
17864
26962
32015
32263
27666
18910
7310
-5391
-17284
-26579
-31872
-32366
-27983
-19380
-7852
4862
16845
26287
31760
32433
28203
19707
8226
-4501
-16550
-26094
-31684
-32472
-28334
-19895
-8434
4310
16402
26003
31651
32486
28377
19946
8475
-4288
-16402
-26016
-31662
-32478
-28334
-19861
-8351
4437
16550
26133
31717
32445
28203
19638
8060
-4756
-16845
-26351
-31812
-32386
-27983
-19276
-7602
5243
17284
26666
31941
32293
27666
18769
6975
-5898
-17864
-27071
-32095
-32157
-27244
-18113
-6176
6719
18577
27557
32265
31968
26709
17302
5205
-7702
-19415
-28111
-32434
-31710
-26047
-16326
-4058
8843
20369
28719
32588
31368
25247
15179
2736
-10137
-21426
-29364
-32705
-30922
-24293
-13853
-1238
11573
22570
30025
32764
30353
23169
12339
-434
-13142
-23783
-30678
-32739
-29638
-21861
-10632
2276
14829
25041
31296
32604
28754
20353
8727
-4282
-16616
-26318
-31849
-32328
-27676
-18630
-6622
6439
18480
27585
32302
31880
26381
16679
4318
-8734
-20396
-28806
-32620
-31227
-24845
-14492
-1820
11144
22329
29942
32763
30335
23047
12062
-859
-13645
-24243
-30951
-32688
-29173
-20967
-9388
3703
16202
26094
31785
32354
27709
18593
6476
-6688
-18775
-27832
-32393
-31718
-25913
-15915
-3339
9779
21317
29402
32723
30737
23764
12933
0
-12935
-23772
-30745
-32720
-29372
-21243
-9654
3510
16105
26077
31798
32332
27590
18342
6096
-7147
-19226
-28162
-32493
-31507
-25362
-15061
-2291
10856
22227
29953
32765
30198
22670
11416
-1716
-14569
-25028
-31370
-32548
-28366
-19509
-7435
5867
18204
27539
32330
31782
25982
15887
3163
-10086
-21669
-29667
-32753
-30413
-23032
-11831
1334
14281
24860
31312
32563
28403
19519
7387
-5976
-18347
-27666
-32377
-31693
-25725
-15465
-2622
10659
22164
29968
32766
30086
22374
10917
-2369
-15261
-25599
-31650
-32396
-27709
-18372
-5950
7473
19643
28516
32596
31195
24546
13765
664
-12550
-23653
-30771
-32702
-29116
-20616
-8634
4807
17440
27128
32230
31881
26137
15968
3092
-10308
-21966
-29901
-32766
-30072
-22272
-10689
2711
15653
25937
31812
32275
27244
17574
4908
-8595
-20637
-29162
-32712
-30681
-23411
-12140
1206
14349
25041
31451
32480
27948
18630
6117
-7445
-19735
-28641
-32634
-31026
-24089
-13013
301
13567
24501
31222
32570
28309
19172
6728
-6876
-19298
-28393
-32589
-31159
-24347
-13326
0
13328
24354
31166
32585
28360
19220
6748
-6896
-19347
-28443
-32604
-31103
-24198
-13087
301
13640
24608
31294
32533
28105
18778
6176
-7504
-19879
-28786
-32669
-30847
-23635
-12290
1206
14493
25247
31583
32389
27520
17828
5008
-8692
-20870
-29387
-32745
-30352
-22624
-10917
2711
15865
26229
31977
32094
26556
16335
3233
-10442
-22277
-30182
-32757
-29546
-21112
-8944
4807
17712
27483
32390
31559
25136
14256
845
-12717
-24026
-31070
-32598
-28334
-19032
-6345
7473
19964
28903
32697
30666
23169
11540
-2148
-15456
-26008
-31918
-32127
-26596
-16309
-3103
10659
22517
30346
32741
29270
20553
8148
-5719
-18563
-28078
-32552
-31179
-24202
-12874
771
14281
25223
31625
32332
27214
17189
4062
-9798
-21894
-30040
-32762
-29565
-21025
-8682
5233
18204
27882
32514
31257
24336
13002
-691
-14262
-25247
-31650
-32307
-27094
-16955
-3732
10171
22227
30239
32747
29289
20494
7961
-6025
-18915
-28356
-32621
-30929
-23586
-11931
1907
15400
26077
31982
32033
26215
15592
2109
-11762
-23479
-30889
-32629
-28377
-18910
-5966
8077
20637
29402
32756
30080
21861
9613
-4409
-17621
-27585
-32459
-31342
-24435
-13013
816
14497
25499
31785
32188
26631
16140
2656
-11322
-23203
-30782
-32650
-28456
-18976
-5969
8148
20755
29503
32763
29925
21514
9095
-5021
-18204
-27995
-32564
-31058
-23753
-12011
1977
15598
26305
32095
31880
25698
14703
952
-12978
-24480
-31393
-32418
-27360
-17165
-3744
10381
22559
30497
32702
28754
19394
6380
-7836
-20580
-29446
-32762
-29899
-21393
-8847
5370
18577
28275
32630
30814
23169
11138
-3003
-16579
-27016
-32334
-31523
-24733
-13249
751
14612
25700
31906
32048
26096
15179
1372
-12698
-24354
-31371
-32412
-27273
-16932
-3359
10856
23003
30758
32638
28280
18514
5205
-9101
-21669
-30089
-32747
-29131
-19930
-6905
7445
20371
29387
32762
29844
21189
8460
-5898
-19125
-28673
-32702
-30433
-22301
-9868
4468
17946
27963
32585
30916
23274
11134
-3159
-16845
-27275
-32428
-31305
-24119
-12260
1977
15833
26622
32247
31615
24845
13249
-923
-14918
-26016
-32055
-31858
-25461
-14105
0
14107
25468
31864
32046
25975
14832
792
-13405
-24986
-31684
-32188
-26395
-15435
-1452
12817
24578
31525
32292
26727
15917
1981
-12345
-24250
-31393
-32366
-26976
-16280
-2378
11993
24006
31293
32415
27148
16527
2644
-11762
-23850
-31230
-32442
-27244
-16660
-2779
11653
23783
31206
32451
27267
16679
2783
-11667
-23806
-31222
-32441
-27217
-16586
-2656
11803
23919
31277
32412
27094
16378
2398
-12062
-24120
-31370
-32361
-26894
-16056
-2009
12441
24407
31496
32285
26615
15616
1488
-12939
-24777
-31650
-32178
-26251
-15055
-836
13553
25223
31826
32033
25797
14372
52
-14280
-25739
-32015
-31841
-25247
-13561
863
15115
26318
32208
31592
24592
12618
-1908
-16052
-26950
-32393
-31276
-23823
-11540
3083
17085
27622
32556
30880
22932
10324
-4384
-18204
-28323
-32682
-30389
-21909
-8965
5807
19399
29038
32755
29790
20744
7461
-7347
-20658
-29748
-32757
-29067
-19428
-5811
8997
21966
30436
32669
28203
17952
4016
-10746
-23305
-31079
-32468
-27184
-16309
-2077
12583
24657
31656
32135
25992
14491
0
-14493
-25999
-32139
-31644
-24613
-12494
2208
16457
27304
32503
30975
23032
10317
-4537
-18454
-28547
-32719
-30103
-21238
-7961
6971
20458
29694
32757
29007
19220
5431
-9491
-22439
-30713
-32587
-27666
-16973
-2736
12073
24364
31568
32177
26060
14492
-108
-14689
-26197
-32222
-31498
-24174
-11781
3083
17304
27896
32634
30520
21996
8847
-6162
-19879
-29416
-32766
-29219
-19519
-5706
9311
22368
30711
32578
27570
16743
2378
-12491
-24723
-31732
-32033
-25558
-13674
1105
15653
26888
32428
31095
23169
10328
-4707
-18745
-28806
-32750
-29736
-20402
-6728
8378
21705
30414
32650
27932
17262
2911
-12062
-24465
-31651
-32083
-25665
-13765
1077
15692
26955
32455
31012
22932
9941
-5180
-19194
-29098
-32765
-29406
-19738
-5832
9326
22486
30817
32526
27244
16102
1495
-13436
-25478
-32035
-31693
-24521
-12062
2999
17416
28078
32680
30226
21243
7668
-7565
-21167
-30192
-32685
-28105
-17438
-2992
12103
24578
31727
31995
25321
13150
-1876
-16499
-27539
-32596
-30567
-21889
-8448
6833
20630
29936
32722
28377
17845
3419
-11753
-24364
-31659
-32040
-25423
-13249
1823
16499
27568
32607
30508
21729
8189
-7147
-20920
-30108
-32693
-28105
-17347
-2779
12401
24860
31856
31850
24838
12360
-2839
-17416
-28160
-32702
-30037
-20749
-6884
8501
22013
30668
32552
27244
15915
1066
-14020
-26008
-32243
-31342
-23500
-10451
4915
19194
29220
32766
29042
18871
4509
-10856
-23813
-31479
-32147
-25665
-13473
1720
16533
27666
32637
30335
21271
7461
-8015
-21705
-30552
-32578
-27327
-15968
-1038
14125
26133
32294
31228
23169
9920
-5554
-19786
-29584
-32748
-28565
-17970
-3339
12043
24723
31849
31816
24627
11897
-3511
-18132
-28673
-32755
-29458
-19519
-5177
10334
23516
31393
32182
25702
13414
-1907
-16800
-27896
-32682
-30072
-20653
-6555
9029
22570
30997
32395
26445
14492
-751
-15827
-27310
-32589
-30461
-21406
-7481
8148
21926
30713
32507
26894
15151
-48
-15238
-26955
-32522
-30664
-21804
-7961
7702
21608
30575
32549
27076
15403
202
-15047
-26852
-32503
-30703
-21861
-8002
7696
21629
30598
32538
27001
15255
0
-15257
-27007
-32541
-30582
-21579
-7602
8129
21989
30779
32468
26664
14703
-655
-15865
-27411
-32621
-30288
-20948
-6758
8997
22672
31098
32318
26047
13736
-1763
-16855
-28038
-32713
-29790
-19946
-5464
10289
23653
31516
32046
25116
12336
-3319
-18204
-28847
-32766
-29042
-18541
-3711
11987
24889
31977
31593
23823
10480
-5316
-19871
-29777
-32711
-27983
-16697
-1495
14059
26318
32404
30885
22114
8148
-7733
-21801
-30745
-32460
-26539
-14372
1180
16457
27860
32699
29832
19930
5325
-10537
-23916
-31650
-31910
-24631
-11530
4298
19113
29409
32747
28334
17210
2009
-13670
-26112
-32365
-30942
-22178
-8148
7817
21929
30833
32412
26285
13907
-1780
-17047
-28259
-32743
-29429
-19103
-4222
11667
24777
31977
31548
23586
9991
-5992
-20546
-30192
-32619
-27244
-15350
219
15739
27492
32660
30001
20149
5464
-10533
-24006
-31719
-31816
-24270
-10892
5106
19879
29873
32681
27625
15917
373
-15261
-27221
-32621
-30156
-20416
-5748
10308
23879
31684
31836
24293
10875
-5173
-19973
-29942
-32665
-27477
-15633
0
15636
27483
32666
29925
19920
5078
-10999
-24407
-31886
-31615
-23656
-9941
6193
20824
30386
32549
26782
14487
-1341
-16845
-28242
-32749
-29262
-18630
-3445
12583
25539
32252
31078
22301
8064
-8148
-22368
-31111
-32231
-25451
-12429
3643
18824
29387
32737
28047
16465
836
-15001
-27152
-32625
-30072
-20115
-5205
10989
24479
31937
31523
23335
9388
-6876
-21447
-30723
-32412
-26092
-13322
2743
18132
29038
32759
28371
16955
1338
-14612
-26944
-32596
-30164
-20247
-5304
10958
24501
31960
31477
23169
9099
-7236
-21774
-30894
-32323
-25702
-12676
3510
18824
29446
32724
27837
16000
166
-15711
-27666
-32707
-29572
-19041
-3744
12491
25602
32304
30916
21780
7184
-9215
-23305
-31551
-31880
-24205
-10451
5930
20824
30486
32483
26311
13518
-2679
-18204
-29147
-32749
-28098
-16364
-502
15488
27574
32702
29574
18976
3583
-12717
-25806
-32371
-30748
-21345
-6538
9926
23879
31785
31636
23467
9346
-7147
-21830
-30974
-32254
-25342
-11991
4409
19692
29968
32623
26976
14462
-1736
-17495
-28798
-32764
-28377
-16752
-852
15267
27492
32699
29554
18857
3339
-13034
-26077
-32450
-30520
-20777
-5712
10817
24578
32042
31291
22515
7961
-8637
-23021
-31496
-31881
-24075
-10079
6509
21426
30833
32307
25463
12062
-4448
-19815
-30076
-32585
-26689
-13907
2465
18204
29244
32732
27762
15616
-569
-16610
-28356
-32765
-28692
-17189
-1231
15047
27428
32699
29490
18630
2932
-13528
-26478
-32552
-30168
-19943
-4530
12062
25519
32337
30737
21133
6022
-10659
-24565
-32068
-31208
-22206
-7407
9326
23628
31760
31593
23169
8686
-8070
-22719
-31423
-31903
-24028
-9858
6896
21846
31070
32147
24790
10926
-5807
-21019
-30711
-32336
-25461
-11891
4807
20244
30356
32478
26047
12755
-3899
-19528
-30012
-32581
-26556
-13521
3083
18877
29687
32654
26991
14192
-2362
-18294
-29387
-32703
-27360
-14769
1736
17784
29119
32734
27666
15255
-1206
-17349
-28887
-32752
-27913
-15652
771
16993
28695
32761
28105
15962
-434
-16717
-28547
-32765
-28244
-16186
193
16523
28443
32766
28334
16326
-48
-16412
-28387
-32766
-28374
-16382
0
0
0
0
0
0
0
0
0
0
0
0
0
0
0
0
0
0
0
0
0
0
0
0
0
0
0
0
0
0
0
0
0
0
0
0
0
0
0
0
0
0
0
0
0
0
0
0
0
0
0
0
0
0
0
0
0
0
0
0
0
0
0
0
0
0
0
0
0
0
0
0
0
0
0
0
0
0
0
0
0
0
0
0
0
0
0
0
0
0
0
0
0
0
0
0
0
0
0
0
0
0
0
0
0
0
0
0
0
0
0
0
0
0
0
0
0
0
0
0
0
0
0
0
0
0
0
0
0
0
0
0
0
0
0
0
0
0
0
0
0
0
0
0
0
0
0
0
0
0
0
0
0
0
0
0
0
0
0
0
0
0
0
0
0
0
0
0
0
0
0
0
0
0
0
0
0
0
0
0
0
0
0
0
0
0
0
0
0
0
0
0
0
0
0
0
0
0
0
0
0
0
0
0
0
0
0
0
0
0
0
0
0
0
0
0
0
0
0
0
0
0
0
0
0
0
0
0
0
0
0
0
0
0
0
0
0
0
0
0
0
0
0
0
0
0
0
0
0
0
0
0
0
0
0
0
0
0
0
0
0
0
0
0
0
0
0
0
0
0
0
0
0
0
0
0
0
0
0
0
0
0
0
0
0
0
0
0
0
0
0
0
0
0
0
0
0
0
0
0
0
0
0
0
0
0
0
0
0
0
0
0
0
0
0
0
0
0
0
0
0
0
0
0
0
0
0
0
0
0
0
0
0
0
0
0
0
0
0
0
0
0
0
0
0
0
0
0
0
0
0
0
0
0
0
0
0
0
0
0
0
0
0
0
0
0
0
0
0
0
0
0
0
0
0
0
0
0
0
0
0
0
0
0
0
0
0
0
0
0
0
0
0
0
0
0
0
0
0
0
0
0
0
0
0
0
0
0
0
0
0
0
0
0
0
0
0
0
0
0
0
0
0
0
0
0
0
0
0
0
0
0
0
0
0
0
0
0
0
0
0
0
0
0
0
0
0
0
0
0
0
0
0
0
0
0
0
0
0
0
0
0
0
0
0
0
0
0
0
0
0
0
0
0
0
0
0
0
0
0
0
0
0
0
0
0
0
0
0
0
0
0
0
0
0
0
0
0
0
0
0
0
0
0
0
0
0
0
0
0
0
0
0
0
0
0
0
0
0
0
0
0
0
0
0
0
0
0
0
0
0
0
0
0
0
0
0
0
0
0
0
0
0
0
0
0
0
0
0
0
0
0
0
0
0
0
0
0
0
0
0
0
0
0
0
0
0
0
0
0
0
0
0
0
0
0
0
0
0
0
0
0
0
0
0
0
0
0
0
0
0
0
0
0
0
0
0
0
0
0
0
0
0
0
0
0
0
0
0
0
0
0
0
0
0
0
0
0
0
0
0
0
0
0
0
0
0
0
0
0
0
0
0
0
0
0
0
0
0
0
0
0
0
0
0
0
0
0
0
0
0
0
0
0
0
0
0
0
0
0
0
0
0
0
0
0
0
0
0
0
0
0
0
0
0
0
0
0
0
0
0
0
0
0
0
0
0
0
0
0
0
0
0
0
0
0
0
0
0
0
0
0
0
0
0
0
0
0
0
0
0
0
0
0
0
0
0
0
0
0
0
0
0
0
0
0
0
0
0
0
0
0
0
0
0
0
0
0
0
0
0
0
0
0
0
0
0
0
0
0
0
0
0
0
0
0
0
0
0
0
0
0
0
0
0
0
0
0
0
0
0
0
0
0
0
0
0
0
0
0
0
0
0
0
0
0
0
0
0
0
0
0
0
0
0
0
0
0
0
0
0
0
0
0
0
0
0
0
0
0
0
0
0
0
0
0
0
0
0
0
0
0
0
0
0
0
0
0
0
0
0
0
0
0
0
0
0
0
0
0
0
0
0
0
0
0
0
0
0
0
0
0
0
0
0
0
0
0
0
0
0
0
0
0
0
0
0
0
0
0
0
0
0
0
0
0
0
0
0
0
0
0
0
0
0
0
0
0
0
0
0
0
0
0
0
0
0
0
0
0
0
0
0
0
0
0
0
0
0
0
0
0
0
0
0
0
0
0
0
0
0
0
0
0
0
0
0
0
0
0
0
0
0
0
0
0
0
0
0
0
0
0
0
0
0
0
0
0
0
0
0
0
0
0
0
0
0
0
0
0
6143
6087
5916
5626
5209
4658
3969
3140
2179
1100
-71
-1303
-2551
-3767
-4897
-5889
-6693
-7265
-7573
-7599
-7335
-6794
-5998
-4987
-3808
-2516
-1170
169
1448
2616
3632
4464
5093
5508
5709
5704
5508
5142
4632
4006
3294
2527
1736
952
206
-473
-1062
-1539
-1886
-2096
-2167
-2108
-1935
-1676
-1364
-1039
-744
-521
-406
-427
-599
-922
-1377
-1931
-2533
-3122
-3628
-3981
-4116
-3982
-3547
-2800
-1761
-476
982
2521
4032
5399
6512
7272
7606
7469
6856
5796
4361
2651
794
-1066
-2786
-4230
-5285
-5869
-5942
-5508
-4617
-3357
-1852
-247
1303
2650
3664
4246
4337
3926
3048
1785
253
-1402
-3026
-4463
-5575
-6254
-6432
-6088
-5247
-3984
-2409
-661
1105
2737
4095
5071
5591
5629
5206
4386
3273
1995
696
-481
-1410
-1990
-2161
-1906
-1252
-273
924
2206
3428
4445
5130
5384
5147
4403
3182
1559
-354
-2419
-4483
-6391
-7999
-9189
-9875
-10011
-9592
-8656
-7275
-5547
-3591
-1530
511
2429
4132
5557
6668
7454
7924
8105
8035
7754
7300
6704
5986
5157
4221
3175
2017
750
-612
-2042
-3496
-4913
-6222
-7339
-8181
-8670
-8746
-8370
-7531
-6255
-4601
-2662
-558
1573
3584
5332
6691
7562
7882
7633
6841
5576
3947
2092
164
-1677
-3285
-4535
-5336
-5640
-5443
-4787
-3753
-2455
-1024
399
1682
2711
3404
3712
3630
3193
2471
1560
575
-366
-1153
-1697
-1937
-1846
-1438
-760
107
1062
1992
2782
3331
3560
3424
2910
2047
899
-440
-1858
-3230
-4432
-5356
-5917
-6061
-5773
-5074
-4023
-2706
-1233
274
1696
2924
3869
4468
4696
4556
4087
3355
2444
1449
469
-406
-1106
-1576
-1793
-1757
-1493
-1049
-485
129
725
1243
1633
1865
1927
1825
1584
1240
837
420
32
-296
-544
-707
-794
-827
-836
-858
-927
-1072
-1310
-1646
-2067
-2546
-3039
-3496
-3856
-4063
-4065
-3823
-3316
-2542
-1523
-301
1060
2485
3886
5174
6263
7080
7566
7686
7426
6798
5840
4607
3174
1623
44
-1475
-2856
-4030
-4945
-5570
-5889
-5911
-5658
-5168
-4491
-3684
-2806
-1916
-1068
-308
326
811
1132
1290
1293
1164
932
633
307
-3
-259
-422
-465
-364
-112
288
821
1459
2159
2871
3536
4095
4489
4663
4578
4206
3542
2599
1415
46
-1428
-2919
-4327
-5552
-6502
-7095
-7275
-7010
-6299
-5174
-3699
-1963
-80
1822
3613
5166
6368
7131
7400
7152
6405
5212
3660
1864
-46
-1932
-3658
-5102
-6167
-6785
-6921
-6582
-5806
-4665
-3255
-1689
-86
1437
2778
3854
4606
5009
5063
4800
4274
3555
2725
1863
1047
338
-218
-599
-804
-851
-776
-624
-449
-301
-224
-249
-393
-652
-1008
-1426
-1860
-2259
-2570
-2749
-2762
-2591
-2238
-1721
-1081
-369
350
1012
1552
1916
2066
1984
1676
1169
513
-221
-956
-1607
-2091
-2338
-2296
-1938
-1263
-302
885
2216
3588
4886
5997
6811
7239
7217
6710
5722
4291
2493
431
-1766
-3958
-6000
-7755
-9102
-9950
-10239
-9950
-9102
-7755
-6000
-3958
-1766
431
2493
4291
5722
6710
7217
7239
6811
5997
4886
3588
2216
885
-302
-1263
-1938
-2296
-2338
-2091
-1607
-956
-221
513
1169
1676
1984
2066
1916
1552
1012
350
-369
-1081
-1721
-2238
-2591
-2762
-2749
-2570
-2259
-1860
-1426
-1008
-652
-393
-249
-224
-301
-449
-624
-776
-851
-804
-599
-218
338
1047
1863
2725
3555
4274
4800
5063
5009
4606
3854
2778
1437
-86
-1689
-3255
-4665
-5806
-6582
-6921
-6785
-6167
-5102
-3658
-1932
-46
1864
3660
5212
6405
7152
7400
7131
6368
5166
3613
1822
-80
-1963
-3699
-5174
-6299
-7010
-7275
-7095
-6502
-5552
-4327
-2919
-1428
46
1415
2599
3542
4206
4578
4663
4489
4095
3536
2871
2159
1459
821
288
-112
-364
-465
-422
-259
-3
307
633
932
1164
1293
1290
1132
811
326
-308
-1068
-1916
-2806
-3684
-4491
-5168
-5658
-5911
-5889
-5570
-4945
-4030
-2856
-1475
44
1623
3174
4607
5840
6798
7426
7686
7566
7080
6263
5174
3886
2485
1060
-301
-1523
-2542
-3316
-3823
-4065
-4063
-3856
-3496
-3039
-2546
-2067
-1646
-1310
-1072
-927
-858
-836
-827
-794
-707
-544
-296
32
420
837
1240
1584
1825
1927
1865
1633
1243
725
129
-485
-1049
-1493
-1757
-1793
-1576
-1106
-406
469
1449
2444
3355
4087
4556
4696
4468
3869
2924
1696
274
-1233
-2706
-4023
-5074
-5773
-6061
-5917
-5356
-4432
-3230
-1858
-440
899
2047
2910
3424
3560
3331
2782
1992
1062
107
-760
-1438
-1846
-1937
-1697
-1153
-366
575
1560
2471
3193
3630
3712
3404
2711
1682
399
-1024
-2455
-3753
-4787
-5443
-5640
-5336
-4535
-3285
-1677
164
2092
3947
5576
6841
7633
7882
7562
6691
5332
3584
1573
-558
-2662
-4601
-6255
-7531
-8370
-8746
-8670
-8181
-7339
-6222
-4913
-3496
-2042
-612
750
2017
3175
4221
5157
5986
6704
7300
7754
8035
8105
7924
7454
6668
5557
4132
2429
511
-1530
-3591
-5547
-7275
-8656
-9592
-10011
-9875
-9189
-7999
-6391
-4483
-2419
-354
1559
3182
4403
5147
5384
5130
4445
3428
2206
924
-273
-1252
-1906
-2161
-1990
-1410
-481
696
1995
3273
4386
5206
5629
5591
5071
4095
2737
1105
-661
-2409
-3984
-5247
-6088
-6432
-6254
-5575
-4463
-3026
-1402
253
1785
3048
3926
4337
4246
3664
2650
1303
-247
-1852
-3357
-4617
-5508
-5942
-5869
-5285
-4230
-2786
-1066
794
2651
4361
5796
6856
7469
7606
7272
6512
5399
4032
2521
982
-476
-1761
-2800
-3547
-3982
-4116
-3981
-3628
-3122
-2533
-1931
-1377
-922
-599
-427
-406
-521
-744
-1039
-1364
-1676
-1935
-2108
-2167
-2096
-1886
-1539
-1062
-473
206
952
1736
2527
3294
4006
4632
5142
5508
5704
5709
5508
5093
4464
3632
2616
1448
169
-1170
-2516
-3808
-4987
-5998
-6794
-7335
-7599
-7573
-7265
-6693
-5889
-4897
-3767
-2551
-1303
-71
1100
2179
3140
3969
4658
5209
5626
5916
6087
0
0
0
0
0
0
0
0
0
0
0
0
0
0
0
0
0
0
0
0
0
0
0
0
0
0
0
0
0
0
0
0
0
0
0
0
0
0
0
0
0
0
0
0
0
0
0
0
0
0
0
0
0
0
0
0
0
0
0
0
0
0
0
0
0
0
0
-4095
-4071
-3994
-3853
-3635
-3322
-2898
-2352
-1683
-899
-19
924
1888
2826
3684
4411
4963
5306
5419
5300
4960
4427
3742
2953
2114
1274
480
-236
-854
-1367
-1782
-2119
-2403
-2662
-2922
-3199
-3501
-3819
-4130
-4397
-4574
-4610
-4456
-4072
-3431
-2527
-1380
-33
1444
2966
4431
5731
6765
7445
7706
7512
6864
5799
4386
2725
939
-840
-2483
-3870
-4905
-5524
-5702
-5452
-4825
-3905
-2799
-1630
-519
424
1111
1486
1527
1252
716
2
-786
-1535
-2134
-2490
-2533
-2229
-1583
-638
527
1808
3080
4216
5097
5625
5733
5394
4625
3483
2064
490
-1097
-2558
-3759
-4595
-4993
-4924
-4405
-3496
-2295
-931
453
1713
2714
3349
3548
3284
2576
1488
123
-1387
-2896
-4253
-5323
-5993
-6189
-5878
-5075
-3836
-2258
-465
1402
3199
4791
6066
6941
7371
7353
6919
6135
5091
3890
2639
1435
359
-533
-1215
-1688
-1981
-2142
-2232
-2313
-2444
-2666
-3003
-3450
-3978
-4538
-5060
-5466
-5679
-5631
-5272
-4578
-3557
-2246
-715
941
2615
4186
5541
6582
7234
7456
7240
6618
5654
4441
3090
1720
447
-627
-1429
-1913
-2069
-1925
-1538
-993
-388
169
585
779
696
316
-344
-1237
-2281
-3374
-4403
-5252
-5818
-6022
-5814
-5181
-4153
-2794
-1201
501
2181
3702
4942
5801
6212
6149
5624
4694
3449
2006
500
-931
-2160
-3077
-3605
-3701
-3366
-2638
-1594
-337
1007
2310
3445
4303
4799
4883
4542
3801
2721
1391
-76
-1559
-2936
-4095
-4947
-5429
-5511
-5200
-4535
-3585
-2443
-1215
-13
1055
1901
2452
2667
2536
2080
1349
419
-614
-1649
-2579
-3306
-3746
-3839
-3552
-2883
-1858
-535
1005
2662
4325
5877
7206
8214
8820
8969
8633
7816
6551
4901
2950
803
-1422
-3607
-5632
-7389
-8788
-9758
-10257
-10269
-9809
-8915
-7652
-6102
-4361
-2532
-717
989
2504
3764
4723
5361
5680
5701
5467
5029
4453
3802
3138
2517
1981
1556
1255
1071
985
966
974
969
911
766
511
138
-348
-929
-1570
-2229
-2855
-3395
-3801
-4030
-4055
-3859
-3445
-2835
-2063
-1181
-249
667
1500
2191
2687
2953
2968
2733
2267
1607
806
-71
-955
-1773
-2457
-2948
-3199
-3184
-2890
-2330
-1533
-546
570
1743
2896
3950
4832
5477
5836
5874
5578
4952
4025
2841
1464
-32
-1562
-3039
-4376
-5492
-6321
-6810
-6927
-6662
-6029
-5063
-3822
-2381
-828
740
2228
3540
4594
5325
5687
5659
5247
4483
3420
2133
714
-739
-2126
-3352
-4333
-5002
-5316
-5254
-4824
-4056
-3004
-1739
-342
1095
2485
3746
4805
5607
6115
6310
6193
5782
5109
4217
3156
1978
736
-520
-1746
-2903
-3958
-4882
-5652
-6247
-6649
-6840
-6806
-6534
-6019
-5258
-4260
-3045
-1646
-110
1502
3118
4656
6030
7155
7953
8361
8336
7861
6949
5640
4005
2142
167
-1792
-3604
-5147
-6315
-7029
-7241
-6945
-6170
-4984
-3487
-1801
-66
1578
3002
4092
4769
4987
4741
4069
3044
1769
369
-1018
-2264
-3248
-3878
-4095
-3878
-3248
-2264
-1018
369
1769
3044
4069
4741
4987
4769
4092
3002
1578
-66
-1801
-3487
-4984
-6170
-6945
-7241
-7029
-6315
-5147
-3604
-1792
167
2142
4005
5640
6949
7861
8336
8361
7953
7155
6030
4656
3118
1502
-110
-1646
-3045
-4260
-5258
-6019
-6534
-6806
-6840
-6649
-6247
-5652
-4882
-3958
-2903
-1746
-520
736
1978
3156
4217
5109
5782
6193
6310
6115
5607
4805
3746
2485
1095
-342
-1739
-3004
-4056
-4824
-5254
-5316
-5002
-4333
-3352
-2126
-739
714
2133
3420
4483
5247
5659
5687
5325
4594
3540
2228
740
-828
-2381
-3822
-5063
-6029
-6662
-6927
-6810
-6321
-5492
-4376
-3039
-1562
-32
1464
2841
4025
4952
5578
5874
5836
5477
4832
3950
2896
1743
570
-546
-1533
-2330
-2890
-3184
-3199
-2948
-2457
-1773
-955
-71
806
1607
2267
2733
2968
2953
2687
2191
1500
667
-249
-1181
-2063
-2835
-3445
-3859
-4055
-4030
-3801
-3395
-2855
-2229
-1570
-929
-348
138
511
766
911
969
974
966
985
1071
1255
1556
1981
2517
3138
3802
4453
5029
5467
5701
5680
5361
4723
3764
2504
989
-717
-2532
-4361
-6102
-7652
-8915
-9809
-10269
-10257
-9758
-8788
-7389
-5632
-3607
-1422
803
2950
4901
6551
7816
8633
8969
8820
8214
7206
5877
4325
2662
1005
-535
-1858
-2883
-3552
-3839
-3746
-3306
-2579
-1649
-614
419
1349
2080
2536
2667
2452
1901
1055
-13
-1215
-2443
-3585
-4535
-5200
-5511
-5429
-4947
-4095
-2936
-1559
-76
1391
2721
3801
4542
4883
4799
4303
3445
2310
1007
-337
-1594
-2638
-3366
-3701
-3605
-3077
-2160
-931
500
2006
3449
4694
5624
6149
6212
5801
4942
3702
2181
501
-1201
-2794
-4153
-5181
-5814
-6022
-5818
-5252
-4403
-3374
-2281
-1237
-344
316
696
779
585
169
-388
-993
-1538
-1925
-2069
-1913
-1429
-627
447
1720
3090
4441
5654
6618
7240
7456
7234
6582
5541
4186
2615
941
-715
-2246
-3557
-4578
-5272
-5631
-5679
-5466
-5060
-4538
-3978
-3450
-3003
-2666
-2444
-2313
-2232
-2142
-1981
-1688
-1215
-533
359
1435
2639
3890
5091
6135
6919
7353
7371
6941
6066
4791
3199
1402
-465
-2258
-3836
-5075
-5878
-6189
-5993
-5323
-4253
-2896
-1387
123
1488
2576
3284
3548
3349
2714
1713
453
-931
-2295
-3496
-4405
-4924
-4993
-4595
-3759
-2558
-1097
490
2064
3483
4625
5394
5733
5625
5097
4216
3080
1808
527
-638
-1583
-2229
-2533
-2490
-2134
-1535
-786
2
716
1252
1527
1486
1111
424
-519
-1630
-2799
-3905
-4825
-5452
-5702
-5524
-4905
-3870
-2483
-840
939
2725
4386
5799
6864
7512
7706
7445
6765
5731
4431
2966
1444
-33
-1380
-2527
-3431
-4072
-4456
-4610
-4574
-4397
-4130
-3819
-3501
-3199
-2922
-2662
-2403
-2119
-1782
-1367
-854
-236
480
1274
2114
2953
3742
4427
4960
5300
5419
5306
4963
4411
3684
2826
1888
924
-19
-899
-1683
-2352
-2898
-3322
-3635
-3853
-3994
-4071
0
0
0
0
0
0
0
0
0
0
0
0
0
0
0
0
0
0
0
0
0
0
0
0
0
0
0
0
0
0
0
0
0
0
0
0
0
0
0
0
0
0
0
0
0
0
0
0
0
0
0
0
0
0
0
0
0
0
0
0
0
0
0
0
0
0
0
2047
2036
2001
1943
1865
1766
1647
1507
1342
1148
918
645
322
-54
-487
-974
-1505
-2065
-2631
-3173
-3656
-4043
-4296
-4379
-4265
-3935
-3383
-2621
-1674
-584
589
1781
2913
3909
4696
5211
5408
5262
4771
3962
2885
1612
236
-1140
-2410
-3473
-4239
-4642
-4640
-4226
-3424
-2293
-920
586
2102
3500
4658
5470
5857
5771
5204
4183
2778
1086
-767
-2642
-4396
-5892
-7013
-7671
-7813
-7427
-6539
-5218
-3562
-1696
242
2113
3784
5144
6107
6623
6679
6299
5539
4484
3236
1906
605
-568
-1533
-2235
-2649
-2777
-2649
-2318
-1852
-1326
-816
-387
-92
40
0
-195
-515
-907
-1311
-1666
-1911
-2000
-1902
-1606
-1120
-475
282
1092
1889
2606
3184
3574
3744
3680
3388
2892
2231
1453
614
-231
-1033
-1749
-2351
-2820
-3151
-3351
-3432
-3411
-3305
-3127
-2885
-2580
-2207
-1754
-1209
-561
193
1049
1987
2974
3958
4878
5661
6231
6517
6458
6012
5161
3920
2334
480
-1534
-3583
-5526
-7220
-8532
-9352
-9599
-9234
-8261
-6731
-4740
-2417
77
2569
4884
6859
8355
9273
9557
9199
8242
6771
4910
2807
623
-1479
-3355
-4882
-5973
-6583
-6705
-6374
-5659
-4654
-3467
-2212
-996
90
981
1638
2050
2234
2230
2092
1883
1663
1483
1380
1370
1449
1593
1762
1906
1973
1916
1698
1302
734
20
-790
-1632
-2427
-3097
-3566
-3776
-3689
-3296
-2614
-1694
-608
546
1668
2648
3391
3820
3883
3563
2878
1881
654
-694
-2047
-3281
-4282
-4954
-5230
-5079
-4503
-3545
-2279
-804
760
2291
3671
4795
5582
5982
5979
5590
4862
3869
2702
1459
238
-870
-1796
-2490
-2927
-3108
-3058
-2817
-2442
-1992
-1527
-1100
-751
-504
-370
-341
-399
-516
-661
-803
-916
-984
-998
-962
-889
-797
-707
-639
-605
-611
-648
-699
-733
-713
-598
-351
58
649
1420
2348
3392
4487
5552
6497
7228
7656
7704
7322
6482
5193
3497
1469
-786
-3146
-5470
-7618
-9457
-10872
-11775
-12113
-11870
-11066
-9760
-8041
-6018
-3819
-1571
599
2586
4302
5686
6708
7365
7681
7699
7479
7085
6582
6028
5470
4938
4446
3989
3552
3106
2620
2061
1403
631
-259
-1256
-2331
-3444
-4543
-5570
-6465
-7172
-7642
-7840
-7745
-7354
-6680
-5754
-4620
-3333
-1954
-550
816
2086
3208
4143
4862
5348
5598
5621
5434
5064
4544
3913
3211
2477
1752
1070
461
-48
-445
-721
-876
-921
-875
-762
-613
-461
-340
-280
-305
-430
-660
-987
-1390
-1838
-2290
-2698
-3014
-3192
-3195
-2997
-2590
-1985
-1212
-319
629
1560
2394
3057
3483
3625
3459
2987
2240
1276
177
-960
-2029
-2924
-3551
-3837
-3738
-3242
-2377
-1204
181
1664
3112
4392
5382
5982
6124
5781
4970
3750
2219
507
-1237
-2863
-4225
-5203
-5709
-5702
-5189
-4223
-2906
-1371
224
1715
2944
3778
4123
3930
3205
2007
445
-1331
-3150
-4824
-6178
-7058
-7354
-7003
-6003
-4413
-2345
39
2551
4981
7126
8804
9873
10239
9873
8804
7126
4981
2551
39
-2345
-4413
-6003
-7003
-7354
-7058
-6178
-4824
-3150
-1331
445
2007
3205
3930
4123
3778
2944
1715
224
-1371
-2906
-4223
-5189
-5702
-5709
-5203
-4225
-2863
-1237
507
2219
3750
4970
5781
6124
5982
5382
4392
3112
1664
181
-1204
-2377
-3242
-3738
-3837
-3551
-2924
-2029
-960
177
1276
2240
2987
3459
3625
3483
3057
2394
1560
629
-319
-1212
-1985
-2590
-2997
-3195
-3192
-3014
-2698
-2290
-1838
-1390
-987
-660
-430
-305
-280
-340
-461
-613
-762
-875
-921
-876
-721
-445
-48
461
1070
1752
2477
3211
3913
4544
5064
5434
5621
5598
5348
4862
4143
3208
2086
816
-550
-1954
-3333
-4620
-5754
-6680
-7354
-7745
-7840
-7642
-7172
-6465
-5570
-4543
-3444
-2331
-1256
-259
631
1403
2061
2620
3106
3552
3989
4446
4938
5470
6028
6582
7085
7479
7699
7681
7365
6708
5686
4302
2586
599
-1571
-3819
-6018
-8041
-9760
-11066
-11870
-12113
-11775
-10872
-9457
-7618
-5470
-3146
-786
1469
3497
5193
6482
7322
7704
7656
7228
6497
5552
4487
3392
2348
1420
649
58
-351
-598
-713
-733
-699
-648
-611
-605
-639
-707
-797
-889
-962
-998
-984
-916
-803
-661
-516
-399
-341
-370
-504
-751
-1100
-1527
-1992
-2442
-2817
-3058
-3108
-2927
-2490
-1796
-870
238
1459
2702
3869
4862
5590
5979
5982
5582
4795
3671
2291
760
-804
-2279
-3545
-4503
-5079
-5230
-4954
-4282
-3281
-2047
-694
654
1881
2878
3563
3883
3820
3391
2648
1668
546
-608
-1694
-2614
-3296
-3689
-3776
-3566
-3097
-2427
-1632
-790
20
734
1302
1698
1916
1973
1906
1762
1593
1449
1370
1380
1483
1663
1883
2092
2230
2234
2050
1638
981
90
-996
-2212
-3467
-4654
-5659
-6374
-6705
-6583
-5973
-4882
-3355
-1479
623
2807
4910
6771
8242
9199
9557
9273
8355
6859
4884
2569
77
-2417
-4740
-6731
-8261
-9234
-9599
-9352
-8532
-7220
-5526
-3583
-1534
480
2334
3920
5161
6012
6458
6517
6231
5661
4878
3958
2974
1987
1049
193
-561
-1209
-1754
-2207
-2580
-2885
-3127
-3305
-3411
-3432
-3351
-3151
-2820
-2351
-1749
-1033
-231
614
1453
2231
2892
3388
3680
3744
3574
3184
2606
1889
1092
282
-475
-1120
-1606
-1902
-2000
-1911
-1666
-1311
-907
-515
-195
0
40
-92
-387
-816
-1326
-1852
-2318
-2649
-2777
-2649
-2235
-1533
-568
605
1906
3236
4484
5539
6299
6679
6623
6107
5144
3784
2113
242
-1696
-3562
-5218
-6539
-7427
-7813
-7671
-7013
-5892
-4396
-2642
-767
1086
2778
4183
5204
5771
5857
5470
4658
3500
2102
586
-920
-2293
-3424
-4226
-4640
-4642
-4239
-3473
-2410
-1140
236
1612
2885
3962
4771
5262
5408
5211
4696
3909
2913
1781
589
-584
-1674
-2621
-3383
-3935
-4265
-4379
-4296
-4043
-3656
-3173
-2631
-2065
-1505
-974
-487
-54
322
645
918
1148
1342
1507
1647
1766
1865
1943
2001
2036
0
0
0
0
0
0
0
0
0
0
0
0
0
0
0
0
0
0
0
0
0
0
0
0
0
0
0
0
0
0
0
0
0
0
0
0
0
0
0
0
0
0
0
0
0
0
0
0
0
0
0
0
0
0
0
0
0
0
0
0
0
0
0
0
0
0
0
