0
4278
8485
12550
16402
19973
23203
26035
28419
30314
31684
32507
32766
32456
31581
30156
28203
25758
22860
19561
15917
11991
7852
3573
-771
-5106
-9352
-13436
-17284
-20829
-24006
-26759
-29038
-30801
-32015
-32660
-32720
-32196
-31094
-29434
-27244
-24563
-21439
-17925
-14087
-9991
-5712
-1327
3083
7441
11667
15683
19415
22796
25762
28259
30239
31667
32514
32764
32412
31462
29931
27847
25247
22178
18696
14865
10755
6443
2009
-2465
-6896
-11201
-15299
-19113
-22570
-25606
-28162
-30190
-31650
-32514
-32764
-32394
-31411
-29832
-27686
-25012
-21861
-18292
-14372
-10175
-5781
-1274
3259
7733
12062
16161
19951
23359
26318
28771
30668
31973
32659
32711
32127
30919
29107
26727
23823
20452
16679
12577
8226
3711
-879
-5455
-9926
-14204
-18204
-21846
-25058
-27775
-29942
-31516
-32464
-32766
-32415
-31417
-29790
-27567
-24790
-21514
-17805
-13736
-9388
-4849
-209
4437
8997
13377
17489
21248
24578
27411
29687
31359
32393
32765
32468
31507
29899
27676
24884
21579
17828
13707
9301
4700
0
-4703
-9311
-13729
-17864
-21629
-24947
-27746
-29968
-31566
-32503
-32761
-32332
-31225
-29460
-27076
-24119
-20653
-16748
-12488
-7961
-3263
1506
6246
10856
15238
19298
22949
26112
28719
30713
32051
32702
32651
31900
30461
28366
25658
22395
18646
14492
10022
5332
524
-4298
-9029
-13567
-17811
-21669
-25055
-27896
-30127
-31699
-32577
-32739
-32182
-30916
-28967
-26379
-23206
-19519
-15397
-10932
-6222
-1372
3511
8320
12945
17284
21240
24723
27655
29968
31611
32545
32748
32214
30954
28995
26381
23169
19431
15252
10724
5950
1038
-3899
-8751
-13405
-17757
-21705
-25159
-28038
-30277
-31822
-32637
-32702
-32014
-30588
-28456
-25665
-22280
-18377
-14047
-9388
-4509
477
5455
10308
14924
19194
23018
26305
28979
30974
32243
32756
32498
31476
29711
27244
24133
20449
16280
11722
6884
1880
-3170
-8148
-12935
-17416
-21484
-25041
-28000
-30291
-31856
-32659
-32677
-31909
-30373
-28105
-25157
-21600
-17520
-13013
-8189
-3163
1941
7001
11893
16499
20705
24407
27516
29953
31659
32589
32721
32049
30590
28377
25463
21921
17836
13307
8448
3377
-1780
-6896
-11843
-16499
-20746
-24479
-27603
-30040
-31727
-32621
-32699
-31957
-30413
-28105
-25088
-21439
-17247
-12618
-7668
-2522
2689
7836
12787
17416
21605
25247
28248
30530
32035
32723
32574
31592
29801
27244
23987
20112
15718
10917
5832
595
-4660
-9798
-14685
-19194
-23208
-26622
-29345
-31307
-32455
-32757
-32206
-30813
-28614
-25665
-22043
-17841
-13169
-8148
-2911
2405
7661
12717
17440
21705
25397
28419
30689
32146
32750
32483
31352
29385
26633
23169
19084
14487
9500
4255
-1105
-6439
-11603
-16457
-20870
-24723
-27911
-30346
-31961
-32712
-32578
-31559
-29684
-27001
-23582
-19519
-14922
-9916
-4636
771
6162
11386
16301
20770
24671
27896
30354
31977
32719
32558
31498
29565
26813
23317
19172
14492
9407
4058
-1405
-6833
-12073
-16978
-21411
-25247
-28377
-30713
-32188
-32760
-32410
-31148
-29007
-26047
-22351
-18021
-13179
-7961
-2516
3003
8440
13640
18454
22745
26389
29282
31340
32503
32737
32033
30409
27913
24613
20604
16000
10932
5547
0
-5550
-10942
-16021
-20637
-24657
-27963
-30458
-32068
-32745
-32468
-31244
-29107
-26118
-22364
-17952
-13013
-7689
-2137
3479
8997
14252
19090
23367
26955
29748
31662
32640
32650
31691
29790
27003
23411
19119
14256
8965
3403
-2262
-7862
-13230
-18204
-22633
-26385
-29345
-31423
-32556
-32707
-31871
-30072
-27362
-23823
-19561
-14703
-9397
-3803
1908
7565
12994
18030
22517
26318
29316
31419
32559
32702
31841
30001
27238
23635
19302
14372
8996
3339
-2422
-8112
-13553
-18577
-23026
-26761
-29667
-31650
-32648
-32629
-31591
-29565
-26615
-22829
-18327
-13249
-7752
-2009
3799
9491
14886
19815
24120
27666
30338
32052
32751
32412
31044
28690
25423
21345
16586
11295
5642
-193
-6025
-11667
-16938
-21669
-25706
-28920
-31206
-32489
-32726
-31909
-30063
-27244
-23544
-19081
-13998
-8460
-2644
3259
9060
14569
19606
24006
27626
30346
32075
32756
32366
30916
28451
25051
20827
15917
10480
4696
-1244
-7147
-12817
-18065
-22719
-26622
-29644
-31684
-32674
-32578
-31398
-29173
-25975
-21909
-17110
-11737
-5969
0
5972
11747
17130
21941
26016
29217
31436
32596
32657
31615
29504
26395
22390
17625
12260
6476
470
-5554
-11392
-16845
-21726
-25867
-29127
-31393
-32585
-32662
-31619
-29491
-26349
-22301
-17483
-12062
-6222
-166
5898
11762
17222
22088
26191
29387
31566
32648
32597
31411
29131
25835
21636
16679
11138
5205
-912
-7001
-12847
-18244
-23003
-26955
-29960
-31912
-32739
-32412
-30940
-28374
-24803
-20353
-15179
-9465
-3413
2763
8843
14612
19863
24407
28083
30758
32334
32755
32003
30103
27124
23169
18381
12929
7010
836
-5370
-11386
-16993
-21989
-26191
-29446
-31636
-32680
-32538
-31214
-28754
-25247
-20819
-15630
-9868
-3744
2518
8692
14551
19879
24480
28184
30855
32393
32739
31880
29845
26709
22585
17625
12011
5950
-333
-6607
-12639
-18204
-23094
-27128
-30152
-32055
-32763
-32248
-30528
-27666
-23767
-18976
-13473
-7461
-1167
5173
11322
17047
22132
26385
29644
31785
32724
32427
30901
28203
24435
19738
14288
8294
1981
-4409
-10635
-16457
-21654
-26025
-29402
-31656
-32697
-32485
-31027
-28377
-24634
-19943
-14481
-8460
-2109
4324
10594
16457
21686
26077
29459
31699
32710
32451
30929
28203
24378
19601
14056
7961
1552
-4919
-11201
-17047
-22227
-26537
-29806
-31906
-32751
-32307
-30590
-27666
-23648
-18696
-13002
-6791
-309
6187
12441
18204
23246
27366
30398
32222
32762
31995
29951
26709
22398
17189
11289
4935
-1619
-8112
-14281
-19879
-24678
-28486
-31147
-32552
-32643
-31416
-28917
-25247
-20553
-15023
-8882
-2378
4225
10659
16662
21989
26421
29777
31918
32756
32254
30432
27362
23169
18024
12137
5748
-879
-7473
-13762
-19485
-24407
-28323
-31070
-32533
-32650
-31414
-28875
-25136
-20353
-14721
-8475
-1874
4807
11292
17307
22602
26955
30182
32146
32765
32010
29911
26556
22083
16679
10571
4016
-2711
-9326
-15551
-21121
-25799
-29387
-31732
-32732
-32344
-30582
-27520
-23286
-18060
-12062
-5547
1206
7911
14280
20041
24947
28786
31393
32653
32513
30975
28105
24024
18906
12972
6476
-301
-7069
-13534
-19415
-24458
-28443
-31196
-32596
-32580
-31148
-28360
-24336
-19250
-13322
-6811
0
6813
13332
19269
24364
28393
31178
32594
32578
31129
28309
24241
19103
13120
6555
-301
-7147
-13680
-19609
-24671
-28641
-31340
-32648
-32505
-30916
-27948
-23735
-18460
-12360
-5706
1206
8067
14569
20421
25359
29162
31656
32728
32328
30473
27244
22786
17298
11027
4255
-2711
-9557
-15974
-21669
-26383
-29901
-32062
-32766
-31979
-29736
-26137
-21345
-15577
-9095
-2195
4807
11593
17850
23291
27666
30771
32464
32665
31362
28614
24546
19345
13249
6538
-477
-7473
-14125
-20126
-25196
-29098
-31650
-32732
-32292
-30349
-26991
-22374
-16712
-10266
-3339
3746
10659
17076
22694
27251
30530
32377
32702
31489
28793
24740
19519
13375
6597
-494
-7565
-14281
-20323
-25404
-29282
-31772
-32753
-32178
-30072
-26533
-21729
-15887
-9285
-2238
4919
11843
18204
23695
28052
31066
32589
32548
30942
27847
23411
17845
11416
4435
-2763
-9830
-16425
-22227
-26955
-30378
-32330
-32713
-31507
-28769
-24631
-19293
-13013
-6096
1120
8285
15047
21076
26077
29802
32068
32763
31850
29372
25451
20276
14101
7230
0
-7232
-14111
-20295
-25478
-29402
-31872
-32764
-32033
-29711
-25913
-20827
-14703
-7845
-595
6688
13640
19914
25196
29220
31785
32759
32093
29819
26047
20967
14832
7950
664
-6656
-13645
-19948
-25247
-29273
-31822
-32763
-32046
-29706
-25861
-20703
-14492
-7543
-209
7138
14125
20396
25629
29557
31977
32766
31880
29363
25342
20022
13674
6622
-771
-8129
-15071
-21240
-26318
-30042
-32219
-32734
-31559
-28754
-24461
-18901
-12360
-5177
2276
9615
16457
22447
27271
30678
32489
32608
31026
27825
23169
17302
10527
3199
-4298
-11573
-18244
-23960
-28419
-31387
-32705
-32302
-30198
-26501
-21406
-15179
-8148
-684
6817
13962
20369
25700
29668
32064
32757
31710
28975
24698
19103
12488
5205
-2358
-9798
-16717
-22745
-27557
-30894
-32577
-32513
-30703
-27244
-22319
-16192
-9191
-1693
5898
13175
19743
25247
29388
31941
32765
31816
29141
24884
19276
12618
5272
-2362
-9871
-16845
-22903
-27714
-31014
-32621
-32445
-30495
-26875
-21781
-15492
-8351
-749
6896
14165
20658
26016
29942
32220
32721
31417
28377
23767
17841
10926
3403
-4310
-11787
-18613
-24407
-28847
-31684
-32759
-32010
-29476
-25298
-19707
-13013
-5590
2148
9769
16845
22980
27828
31116
32659
32366
30254
26438
21133
14635
7310
-430
-8148
-15409
-21801
-26962
-30598
-32502
-32563
-30778
-27244
-22162
-15818
-8572
-836
6950
14343
20920
26305
30190
32350
32661
31103
27762
22829
16586
9388
1649
-6187
-13670
-20369
-25898
-29936
-32249
-32702
-31267
-28024
-23161
-16955
-9766
-2009
5867
13405
20168
25762
29860
32222
32709
31291
28049
23169
16936
9711
1916
-5992
-13553
-20323
-25904
-29968
-32275
-32687
-31179
-27837
-22855
-16527
-9222
-1372
6562
14111
20829
26318
30252
32397
32623
30916
27374
22206
15718
8294
373
-7571
-15067
-21669
-26980
-30683
-32556
-32483
-30469
-26631
-21197
-14492
-6916
1077
9009
16402
22811
27851
31216
32702
32218
29790
25564
19793
12824
5078
-2978
-10856
-18080
-24210
-28873
-31785
-32766
-31757
-28816
-24119
-17952
-10689
-2772
5316
13083
20053
25799
29968
32304
32662
31017
27469
22233
15630
8064
0
-8067
-15639
-22251
-27492
-31038
-32669
-32282
-29899
-25665
-19840
-12785
-4935
3223
11185
18454
24578
29176
31960
32754
31507
28295
23317
16881
9388
1306
-6859
-14599
-21426
-26913
-30713
-32587
-32415
-30206
-26096
-20343
-13307
-5431
2789
10837
18204
24423
29100
31937
32755
31498
28244
23199
16679
9099
938
-7285
-15047
-21854
-27271
-30951
-32659
-32282
-29844
-25497
-19519
-12290
-4271
4023
12062
19330
25359
29762
32252
32670
30984
27303
21861
15008
7184
-1105
-9326
-16947
-23474
-28484
-31650
-32766
-31757
-28687
-23753
-17274
-9670
-1435
6896
14781
21705
27215
30951
32666
32248
29720
25247
19119
11737
3583
-4807
-12886
-20121
-26035
-30239
-32455
-32534
-30469
-26395
-20578
-13400
-5336
3083
11302
18775
25007
29584
32200
32681
30992
27244
21684
14679
6695
-1736
-10055
-17706
-24178
-29038
-31959
-32744
-31340
-27837
-22468
-15592
-7668
771
9163
16942
23583
28641
31772
32764
31548
28203
22955
16155
8261
-193
-8637
-16499
-23246
-28419
-31667
-32766
-31641
-28366
-23161
-16378
-8479
0
8482
16388
23178
28387
31659
32766
31633
28334
23092
16267
8323
-193
-8699
-16610
-23382
-28547
-31748
-32764
-31521
-28105
-22748
-15818
-7793
771
9287
17161
23850
28887
31923
32744
31292
27666
22114
15023
6884
-1736
-10238
-18030
-24565
-29387
-32158
-32681
-30919
-26991
-21173
-13868
-5590
3083
11543
19194
25499
30012
32414
32534
30361
26047
19895
12336
3903
-4807
-13181
-20625
-26610
-30711
-32637
-32248
-29569
-24790
-18247
-10405
-1820
6896
15124
22277
27843
31423
32760
31757
28483
23169
16196
8060
-655
-9326
-17331
-24094
-29127
-32068
-32703
-30984
-27033
-21133
-13707
-5289
3511
12062
19743
25999
30374
32552
32371
29844
25150
18630
10754
2094
-6719
-15047
-22282
-27896
-31478
-32765
-31661
-28244
-22763
-15616
-7324
1506
10228
18204
24847
29668
32313
32585
30461
26096
19809
12062
3423
-5469
-13962
-21426
-27310
-31178
-32740
-31881
-28661
-23317
-16242
-7961
912
9721
17811
24578
29519
32265
32608
30520
26157
19840
12041
3339
-5613
-14150
-21629
-27492
-31296
-32755
-31758
-28377
-22863
-15630
-7219
1736
10564
18599
25234
29968
32443
32468
30041
25342
18725
10689
1842
-7147
-15598
-22868
-28404
-31785
-32751
-31227
-27327
-21345
-13736
-5078
3969
12717
20496
26712
30887
32702
32014
28875
23522
16364
7950
-1077
-10024
-18204
-24986
-29848
-32414
-32483
-30050
-25298
-18593
-10451
-1499
7571
16058
23305
28750
31969
32711
30916
26720
20449
12587
3744
-5391
-14111
-21734
-27666
-31442
-32766
-31533
-27837
-21964
-14372
-5653
3510
12401
20323
26654
30894
32710
31957
28692
23169
15822
7226
-1941
-10958
-19113
-25762
-30378
-32596
-32237
-29328
-24096
-16955
-8469
691
9799
18132
25028
29936
32465
32412
29778
24772
17791
9388
234
-8940
-17404
-24479
-29598
-32350
-32513
-30072
-25219
-18342
-9991
-836
8388
16942
24135
29387
32275
32563
30226
25451
18620
10283
1113
-8148
-16754
-24006
-29316
-32252
-32574
-30254
-25477
-18630
-10266
-1066
8222
16845
24098
29390
32286
32549
30156
25298
18372
9941
695
-8610
-17213
-24407
-29603
-32371
-32482
-29925
-24908
-17841
-9305
0
9307
17850
24924
29942
32491
32356
29546
24293
17028
8351
-1019
-10308
-18745
-25629
-30386
-32621
-32145
-28995
-23432
-15917
-7073
2362
11603
19879
26497
30903
32728
31816
28241
22301
14491
5464
-4023
-13175
-21224
-27492
-31451
-32766
-31324
-27244
-20868
-12732
-3519
5992
15001
22745
28568
31977
32682
30619
25962
19103
10622
1238
-8253
-17047
-24394
-29668
-32420
-32412
-29643
-24347
-16973
-8148
1373
10781
19269
26112
30723
32705
31886
28334
22351
14449
5304
-4298
-13534
-21608
-27826
-31650
-32749
-31026
-26627
-19930
-11510
-2094
7504
16457
23989
29446
32355
32460
29752
24461
17046
8148
-1459
-10942
-19477
-26318
-30870
-32732
-31742
-27983
-21780
-13674
-4371
5316
14541
22496
28484
31977
32669
30495
25645
18541
9807
209
-9410
-18204
-25397
-30356
-32640
-32046
-28625
-22675
-14721
-5464
4278
13645
21806
28038
31787
32719
30748
26047
19032
10324
695
-8997
-17892
-25196
-30256
-32621
-32077
-28669
-22701
-14703
-5389
4409
13816
21989
28193
31872
32694
30582
25725
18555
9715
0
-9718
-18563
-25739
-30598
-32699
-31850
-28126
-21861
-13619
-4144
5708
15047
23026
28920
32194
32549
29951
24631
17073
7961
-1876
-11547
-20168
-26955
-31287
-32766
-31257
-26894
-20073
-11416
-1713
8148
17267
24807
30076
32589
32113
28690
22632
14492
5018
-4919
-14407
-22570
-28657
-32104
-32591
-30072
-24775
-17189
-8012
1907
11653
20323
27113
31393
32763
31094
26539
19519
10683
852
-9060
-18132
-25519
-30530
-32697
-31816
-27965
-21503
-13031
-3339
6667
16052
23938
29584
32459
32292
29097
23169
15065
5543
-4501
-14125
-22423
-28612
-32108
-32578
-29977
-24546
-16798
-7461
2582
12385
21019
27666
31694
32721
30647
25665
18247
9095
-923
-10856
-19760
-26786
-31264
-32766
-31146
-26556
-19431
-10451
-470
9557
18675
26008
30855
32749
31507
27244
20368
11537
1595
-8501
-17784
-25359
-30497
-32702
-31758
-27754
-21074
-12360
-2451
7696
17103
24860
30215
32648
31922
28105
21563
12929
3039
-7147
-16643
-24525
-30025
-32607
-32016
-28309
-21844
-13249
-3359
6859
16412
24364
29939
32588
32050
28377
21924
13322
3413
-6833
-16412
-24382
-29960
-32596
-32028
-28309
-21804
-13150
-3199
7069
16643
24578
30089
32630
31946
28105
21482
12732
2719
-7565
-17103
-24947
-30318
-32680
-31797
-27754
-20951
-12062
-1970
8320
17784
25478
30633
32732
31565
27244
20200
11134
952
-9326
-18675
-26154
-31014
-32765
-31228
-26556
-19215
-9941
333
10578
19760
26955
31436
32749
30759
25665
17979
8475
-1887
-12062
-21019
-27851
-31864
-32650
-30126
-24546
-16475
-6728
3703
13762
22423
28806
32258
32427
29291
23169
14683
4696
-5772
-15653
-23938
-29777
-32571
-32033
-28214
-21503
-12587
-2378
8077
17706
25519
30711
32748
31416
26850
19519
10175
-219
-10594
-19879
-27113
-31549
-32726
-30520
-25157
-17189
-7439
3083
13289
22119
28657
32222
32441
29289
23092
14492
4381
-6187
-16114
-24364
-30076
-32652
-31820
-27666
-20619
-11416
-1017
9491
19008
26537
31287
32757
30792
25595
17709
7961
-2625
-12939
-21894
-28547
-32194
-32451
-29286
-23032
-14346
-4144
6498
16457
24678
30291
32699
31644
27238
19943
10531
0
-10533
-19951
-27251
-31656
-32694
-30254
-24592
-16309
-6286
4409
14637
23305
29487
32519
32077
28203
21312
12137
1660
-8997
-18692
-26385
-31248
-32757
-30748
-25434
-17383
-7461
3266
13645
22556
29038
32390
32248
28625
21909
12824
2351
-8378
-18204
-26061
-31098
-32765
-30880
-25645
-17625
-7689
3083
13524
22496
29023
32393
32235
28565
21780
12618
2077
-8692
-18516
-26318
-31245
-32755
-30681
-25247
-17046
-6975
3863
14280
23132
29446
32527
32033
28015
20915
11510
836
-9932
-19609
-27125
-31650
-32682
-30103
-24198
-15616
-5304
5596
15880
24407
30232
32705
31550
26894
19250
9465
-1373
-12062
-21411
-28379
-32188
-32412
-29022
-22395
-13267
-2656
8253
18244
26197
31222
32754
30619
25054
16679
6433
-4537
-15001
-23783
-29895
-32648
-31731
-27244
-19690
-9916
976
11762
21224
28293
32170
32415
28997
22301
13080
2378
-8595
-18599
-26497
-31393
-32729
-30352
-24528
-15917
-5494
5554
15974
24578
30386
32734
31352
26395
18425
8351
-2679
-13405
-22602
-29217
-32491
-32046
-27932
-20616
-10936
0
10939
20625
27944
32055
32482
29173
22507
13249
2462
-8610
-18692
-26622
-31481
-32707
-30156
-24119
-15293
-4696
6446
16845
25296
30817
32766
30916
25477
17079
6695
-4468
-15115
-24006
-30106
-32702
-31489
-26606
-18620
-8460
2689
13528
22788
29387
32552
31909
27532
19930
9991
-1120
-12103
-21669
-28693
-32350
-32208
-28280
-21025
-11295
-234
10856
20671
28052
32127
32412
28871
21921
12379
1372
-9799
-19815
-27487
-31906
-32545
-29328
-22632
-13249
-2291
8940
19113
27016
31708
32629
29666
23169
13911
2992
-8285
-18577
-26654
-31549
-32677
-29899
-23544
-14372
-3477
7836
18214
26411
31442
32702
30037
23764
14635
3744
-7598
-18030
-26293
-31393
-32711
-30086
-23833
-14703
-3796
7571
18026
26305
31405
32707
30050
23753
14577
3632
-7754
-18204
-26446
-31479
-32688
-29925
-23522
-14256
-3253
8148
18560
26712
31608
32650
29706
23135
13736
2656
-8751
-19090
-27095
-31785
-32581
-29385
-22585
-13013
-1842
9557
19786
27585
31994
32468
28947
21861
12081
809
-10564
-20637
-28166
-32219
-32293
-28377
-20951
-10932
440
11762
21629
28819
32437
32033
27653
19840
9561
-1907
-13142
-22745
-29519
-32621
-31661
-26755
-18514
-7961
3586
14689
23960
30239
32740
31148
25658
16955
6128
-5469
-16384
-25247
-30944
-32759
-30461
-24336
-15151
-4058
7546
18204
26572
31595
32638
29565
22763
13087
1756
-9798
-20118
-27896
-32148
-32332
-28424
-20915
-10754
771
12203
22088
29171
32552
31797
27001
18769
8148
-3511
-14727
-24069
-30346
-32754
-30984
-25260
-16309
-5272
6439
17331
26008
31359
32696
29845
23169
13521
2137
-9523
-19964
-27843
-32146
-32318
-28334
-20703
-10405
1234
12717
22564
29503
32637
31559
26407
17841
6968
-4807
-15965
-25058
-30909
-32757
-30361
-24028
-14577
-3233
8533
19194
27364
31977
32433
28669
21173
10917
-762
-12345
-22321
-29387
-32619
-31592
-26438
-17828
-6884
4961
16161
25247
31028
32744
30168
23635
13998
2522
-9287
-19879
-27860
-32179
-32265
-28105
-20242
-9711
2101
13640
23382
30040
32733
31103
25362
16267
5018
-6896
-17901
-26537
-31659
-32585
-29190
-21921
-11741
0
11743
21929
29201
32589
31641
26480
17791
6728
-5233
-16499
-25566
-31222
-32709
-29826
-22955
-13013
-1327
10537
20994
28641
32450
31909
27088
18630
7668
-4324
-15739
-25041
-30976
-32744
-30105
-23411
-13561
-1880
10055
20637
28436
32397
31982
27244
18822
7852
-4182
-15653
-25007
-30974
-32743
-30072
-23319
-13400
-1660
10308
20879
28612
32455
31881
26966
18377
7282
-4807
-16245
-25468
-31216
-32702
-29720
-22675
-12528
-664
11292
21705
29147
32596
31576
26225
17274
5950
-6193
-17489
-26383
-31650
-32564
-28995
-21433
-10917
1105
12978
23064
29968
32737
30984
24950
15465
3839
-8320
-19330
-27666
-32170
-32217
-27796
-19519
-8531
3643
15314
24860
30951
32739
29972
23032
12884
938
-11141
-21669
-29176
-32613
-31498
-25982
-16835
-5332
6918
18204
26944
31912
32410
28366
20343
9465
-2743
-14569
-24351
-30713
-32759
-30198
-23387
-13283
-1306
10856
21492
29100
32604
31507
25962
16748
5166
-7147
-18454
-27152
-32008
-32332
-28076
-19840
-8789
3510
15314
24947
31038
32720
29752
22551
12140
0
-12143
-22559
-29762
-32723
-31017
-24884
-15198
-3339
8998
20053
28242
32393
31908
26854
17952
6476
-5930
-17489
-26541
-31785
-32465
-28481
-20402
-9388
2978
14918
24714
30951
32730
29790
22554
12062
-172
-12385
-22811
-29942
-32746
-30813
-24421
-14492
-2462
9926
20879
28806
32556
31581
26021
16679
4912
-7571
-18956
-27585
-32200
-32127
-27374
-18630
-7167
5342
17076
26318
31719
32485
28504
20353
9222
-3259
-15267
-25041
-31147
-32687
-29434
-21861
-11077
1334
13553
23783
30517
32764
30189
23169
12736
423
-11953
-22570
-29860
-32743
-30792
-24293
-14202
-2009
10483
21426
29201
32652
31267
25247
15482
3419
-9153
-20369
-28563
-32514
-31633
-26047
-16586
-4654
7973
19415
27967
32350
31910
26709
17520
5712
-6950
-18577
-27428
-32179
-32116
-27244
-18292
-6597
6088
17864
26962
32015
32263
27666
18910
7310
-5391
-17284
-26579
-31872
-32366
-27983
-19380
-7852
4862
16845
26287
31760
32433
28203
19707
8226
-4501
-16550
-26094
-31684
-32472
-28334
-19895
-8434
4310
16402
26003
31651
32486
28377
19946
8475
-4288
-16402
-26016
-31662
-32478
-28334
-19861
-8351
4437
16550
26133
31717
32445
28203
19638
8060
-4756
-16845
-26351
-31812
-32386
-27983
-19276
-7602
5243
17284
26666
31941
32293
27666
18769
6975
-5898
-17864
-27071
-32095
-32157
-27244
-18113
-6176
6719
18577
27557
32265
31968
26709
17302
5205
-7702
-19415
-28111
-32434
-31710
-26047
-16326
-4058
8843
20369
28719
32588
31368
25247
15179
2736
-10137
-21426
-29364
-32705
-30922
-24293
-13853
-1238
11573
22570
30025
32764
30353
23169
12339
-434
-13142
-23783
-30678
-32739
-29638
-21861
-10632
2276
14829
25041
31296
32604
28754
20353
8727
-4282
-16616
-26318
-31849
-32328
-27676
-18630
-6622
6439
18480
27585
32302
31880
26381
16679
4318
-8734
-20396
-28806
-32620
-31227
-24845
-14492
-1820
11144
22329
29942
32763
30335
23047
12062
-859
-13645
-24243
-30951
-32688
-29173
-20967
-9388
3703
16202
26094
31785
32354
27709
18593
6476
-6688
-18775
-27832
-32393
-31718
-25913
-15915
-3339
9779
21317
29402
32723
30737
23764
12933
0
-12935
-23772
-30745
-32720
-29372
-21243
-9654
3510
16105
26077
31798
32332
27590
18342
6096
-7147
-19226
-28162
-32493
-31507
-25362
-15061
-2291
10856
22227
29953
32765
30198
22670
11416
-1716
-14569
-25028
-31370
-32548
-28366
-19509
-7435
5867
18204
27539
32330
31782
25982
15887
3163
-10086
-21669
-29667
-32753
-30413
-23032
-11831
1334
14281
24860
31312
32563
28403
19519
7387
-5976
-18347
-27666
-32377
-31693
-25725
-15465
-2622
10659
22164
29968
32766
30086
22374
10917
-2369
-15261
-25599
-31650
-32396
-27709
-18372
-5950
7473
19643
28516
32596
31195
24546
13765
664
-12550
-23653
-30771
-32702
-29116
-20616
-8634
4807
17440
27128
32230
31881
26137
15968
3092
-10308
-21966
-29901
-32766
-30072
-22272
-10689
2711
15653
25937
31812
32275
27244
17574
4908
-8595
-20637
-29162
-32712
-30681
-23411
-12140
1206
14349
25041
31451
32480
27948
18630
6117
-7445
-19735
-28641
-32634
-31026
-24089
-13013
301
13567
24501
31222
32570
28309
19172
6728
-6876
-19298
-28393
-32589
-31159
-24347
-13326
0
13328
24354
31166
32585
28360
19220
6748
-6896
-19347
-28443
-32604
-31103
-24198
-13087
301
13640
24608
31294
32533
28105
18778
6176
-7504
-19879
-28786
-32669
-30847
-23635
-12290
1206
14493
25247
31583
32389
27520
17828
5008
-8692
-20870
-29387
-32745
-30352
-22624
-10917
2711
15865
26229
31977
32094
26556
16335
3233
-10442
-22277
-30182
-32757
-29546
-21112
-8944
4807
17712
27483
32390
31559
25136
14256
845
-12717
-24026
-31070
-32598
-28334
-19032
-6345
7473
19964
28903
32697
30666
23169
11540
-2148
-15456
-26008
-31918
-32127
-26596
-16309
-3103
10659
22517
30346
32741
29270
20553
8148
-5719
-18563
-28078
-32552
-31179
-24202
-12874
771
14281
25223
31625
32332
27214
17189
4062
-9798
-21894
-30040
-32762
-29565
-21025
-8682
5233
18204
27882
32514
31257
24336
13002
-691
-14262
-25247
-31650
-32307
-27094
-16955
-3732
10171
22227
30239
32747
29289
20494
7961
-6025
-18915
-28356
-32621
-30929
-23586
-11931
1907
15400
26077
31982
32033
26215
15592
2109
-11762
-23479
-30889
-32629
-28377
-18910
-5966
8077
20637
29402
32756
30080
21861
9613
-4409
-17621
-27585
-32459
-31342
-24435
-13013
816
14497
25499
31785
32188
26631
16140
2656
-11322
-23203
-30782
-32650
-28456
-18976
-5969
8148
20755
29503
32763
29925
21514
9095
-5021
-18204
-27995
-32564
-31058
-23753
-12011
1977
15598
26305
32095
31880
25698
14703
952
-12978
-24480
-31393
-32418
-27360
-17165
-3744
10381
22559
30497
32702
28754
19394
6380
-7836
-20580
-29446
-32762
-29899
-21393
-8847
5370
18577
28275
32630
30814
23169
11138
-3003
-16579
-27016
-32334
-31523
-24733
-13249
751
14612
25700
31906
32048
26096
15179
1372
-12698
-24354
-31371
-32412
-27273
-16932
-3359
10856
23003
30758
32638
28280
18514
5205
-9101
-21669
-30089
-32747
-29131
-19930
-6905
7445
20371
29387
32762
29844
21189
8460
-5898
-19125
-28673
-32702
-30433
-22301
-9868
4468
17946
27963
32585
30916
23274
11134
-3159
-16845
-27275
-32428
-31305
-24119
-12260
1977
15833
26622
32247
31615
24845
13249
-923
-14918
-26016
-32055
-31858
-25461
-14105
0
14107
25468
31864
32046
25975
14832
792
-13405
-24986
-31684
-32188
-26395
-15435
-1452
12817
24578
31525
32292
26727
15917
1981
-12345
-24250
-31393
-32366
-26976
-16280
-2378
11993
24006
31293
32415
27148
16527
2644
-11762
-23850
-31230
-32442
-27244
-16660
-2779
11653
23783
31206
32451
27267
16679
2783
-11667
-23806
-31222
-32441
-27217
-16586
-2656
11803
23919
31277
32412
27094
16378
2398
-12062
-24120
-31370
-32361
-26894
-16056
-2009
12441
24407
31496
32285
26615
15616
1488
-12939
-24777
-31650
-32178
-26251
-15055
-836
13553
25223
31826
32033
25797
14372
52
-14280
-25739
-32015
-31841
-25247
-13561
863
15115
26318
32208
31592
24592
12618
-1908
-16052
-26950
-32393
-31276
-23823
-11540
3083
17085
27622
32556
30880
22932
10324
-4384
-18204
-28323
-32682
-30389
-21909
-8965
5807
19399
29038
32755
29790
20744
7461
-7347
-20658
-29748
-32757
-29067
-19428
-5811
8997
21966
30436
32669
28203
17952
4016
-10746
-23305
-31079
-32468
-27184
-16309
-2077
12583
24657
31656
32135
25992
14491
0
-14493
-25999
-32139
-31644
-24613
-12494
2208
16457
27304
32503
30975
23032
10317
-4537
-18454
-28547
-32719
-30103
-21238
-7961
6971
20458
29694
32757
29007
19220
5431
-9491
-22439
-30713
-32587
-27666
-16973
-2736
12073
24364
31568
32177
26060
14492
-108
-14689
-26197
-32222
-31498
-24174
-11781
3083
17304
27896
32634
30520
21996
8847
-6162
-19879
-29416
-32766
-29219
-19519
-5706
9311
22368
30711
32578
27570
16743
2378
-12491
-24723
-31732
-32033
-25558
-13674
1105
15653
26888
32428
31095
23169
10328
-4707
-18745
-28806
-32750
-29736
-20402
-6728
8378
21705
30414
32650
27932
17262
2911
-12062
-24465
-31651
-32083
-25665
-13765
1077
15692
26955
32455
31012
22932
9941
-5180
-19194
-29098
-32765
-29406
-19738
-5832
9326
22486
30817
32526
27244
16102
1495
-13436
-25478
-32035
-31693
-24521
-12062
2999
17416
28078
32680
30226
21243
7668
-7565
-21167
-30192
-32685
-28105
-17438
-2992
12103
24578
31727
31995
25321
13150
-1876
-16499
-27539
-32596
-30567
-21889
-8448
6833
20630
29936
32722
28377
17845
3419
-11753
-24364
-31659
-32040
-25423
-13249
1823
16499
27568
32607
30508
21729
8189
-7147
-20920
-30108
-32693
-28105
-17347
-2779
12401
24860
31856
31850
24838
12360
-2839
-17416
-28160
-32702
-30037
-20749
-6884
8501
22013
30668
32552
27244
15915
1066
-14020
-26008
-32243
-31342
-23500
-10451
4915
19194
29220
32766
29042
18871
4509
-10856
-23813
-31479
-32147
-25665
-13473
1720
16533
27666
32637
30335
21271
7461
-8015
-21705
-30552
-32578
-27327
-15968
-1038
14125
26133
32294
31228
23169
9920
-5554
-19786
-29584
-32748
-28565
-17970
-3339
12043
24723
31849
31816
24627
11897
-3511
-18132
-28673
-32755
-29458
-19519
-5177
10334
23516
31393
32182
25702
13414
-1907
-16800
-27896
-32682
-30072
-20653
-6555
9029
22570
30997
32395
26445
14492
-751
-15827
-27310
-32589
-30461
-21406
-7481
8148
21926
30713
32507
26894
15151
-48
-15238
-26955
-32522
-30664
-21804
-7961
7702
21608
30575
32549
27076
15403
202
-15047
-26852
-32503
-30703
-21861
-8002
7696
21629
30598
32538
27001
15255
0
-15257
-27007
-32541
-30582
-21579
-7602
8129
21989
30779
32468
26664
14703
-655
-15865
-27411
-32621
-30288
-20948
-6758
8997
22672
31098
32318
26047
13736
-1763
-16855
-28038
-32713
-29790
-19946
-5464
10289
23653
31516
32046
25116
12336
-3319
-18204
-28847
-32766
-29042
-18541
-3711
11987
24889
31977
31593
23823
10480
-5316
-19871
-29777
-32711
-27983
-16697
-1495
14059
26318
32404
30885
22114
8148
-7733
-21801
-30745
-32460
-26539
-14372
1180
16457
27860
32699
29832
19930
5325
-10537
-23916
-31650
-31910
-24631
-11530
4298
19113
29409
32747
28334
17210
2009
-13670
-26112
-32365
-30942
-22178
-8148
7817
21929
30833
32412
26285
13907
-1780
-17047
-28259
-32743
-29429
-19103
-4222
11667
24777
31977
31548
23586
9991
-5992
-20546
-30192
-32619
-27244
-15350
219
15739
27492
32660
30001
20149
5464
-10533
-24006
-31719
-31816
-24270
-10892
5106
19879
29873
32681
27625
15917
373
-15261
-27221
-32621
-30156
-20416
-5748
10308
23879
31684
31836
24293
10875
-5173
-19973
-29942
-32665
-27477
-15633
0
15636
27483
32666
29925
19920
5078
-10999
-24407
-31886
-31615
-23656
-9941
6193
20824
30386
32549
26782
14487
-1341
-16845
-28242
-32749
-29262
-18630
-3445
12583
25539
32252
31078
22301
8064
-8148
-22368
-31111
-32231
-25451
-12429
3643
18824
29387
32737
28047
16465
836
-15001
-27152
-32625
-30072
-20115
-5205
10989
24479
31937
31523
23335
9388
-6876
-21447
-30723
-32412
-26092
-13322
2743
18132
29038
32759
28371
16955
1338
-14612
-26944
-32596
-30164
-20247
-5304
10958
24501
31960
31477
23169
9099
-7236
-21774
-30894
-32323
-25702
-12676
3510
18824
29446
32724
27837
16000
166
-15711
-27666
-32707
-29572
-19041
-3744
12491
25602
32304
30916
21780
7184
-9215
-23305
-31551
-31880
-24205
-10451
5930
20824
30486
32483
26311
13518
-2679
-18204
-29147
-32749
-28098
-16364
-502
15488
27574
32702
29574
18976
3583
-12717
-25806
-32371
-30748
-21345
-6538
9926
23879
31785
31636
23467
9346
-7147
-21830
-30974
-32254
-25342
-11991
4409
19692
29968
32623
26976
14462
-1736
-17495
-28798
-32764
-28377
-16752
-852
15267
27492
32699
29554
18857
3339
-13034
-26077
-32450
-30520
-20777
-5712
10817
24578
32042
31291
22515
7961
-8637
-23021
-31496
-31881
-24075
-10079
6509
21426
30833
32307
25463
12062
-4448
-19815
-30076
-32585
-26689
-13907
2465
18204
29244
32732
27762
15616
-569
-16610
-28356
-32765
-28692
-17189
-1231
15047
27428
32699
29490
18630
2932
-13528
-26478
-32552
-30168
-19943
-4530
12062
25519
32337
30737
21133
6022
-10659
-24565
-32068
-31208
-22206
-7407
9326
23628
31760
31593
23169
8686
-8070
-22719
-31423
-31903
-24028
-9858
6896
21846
31070
32147
24790
10926
-5807
-21019
-30711
-32336
-25461
-11891
4807
20244
30356
32478
26047
12755
-3899
-19528
-30012
-32581
-26556
-13521
3083
18877
29687
32654
26991
14192
-2362
-18294
-29387
-32703
-27360
-14769
1736
17784
29119
32734
27666
15255
-1206
-17349
-28887
-32752
-27913
-15652
771
16993
28695
32761
28105
15962
-434
-16717
-28547
-32765
-28244
-16186
193
16523
28443
32766
28334
16326
-48
-16412
-28387
-32766
-28374
-16382
0
0
0
0
0
0
0
0
0
0
0
0
0
0
0
0
0
0
0
0
0
0
0
0
0
0
0
0
0
0
0
0
0
0
0
0
0
0
0
0
0
0
0
0
0
0
0
0
0
0
0
0
0
0
0
0
0
0
0
0
0
0
0
0
0
0
0
0
0
0
0
0
0
0
0
0
0
0
0
0
0
0
0
0
0
0
0
0
0
0
0
0
0
0
0
0
0
0
0
0
0
0
0
0
0
0
0
0
0
0
0
0
0
0
0
0
0
0
0
0
0
0
0
0
0
0
0
0
0
0
0
0
0
0
0
0
0
0
0
0
0
0
0
0
0
0
0
0
0
0
0
0
0
0
0
0
0
0
0
0
0
0
0
0
0
0
0
0
0
0
0
0
0
0
0
0
0
0
0
0
0
0
0
0
0
0
0
0
0
0
0
0
0
0
0
0
0
0
0
0
0
0
0
0
0
0
0
0
0
0
0
0
0
0
0
0
0
0
0
0
0
0
0
0
0
0
0
0
0
0
0
0
0
0
0
0
0
0
0
0
0
0
0
0
0
0
0
0
0
0
0
0
0
0
0
0
0
0
0
0
0
0
0
0
0
0
0
0
0
0
0
0
0
0
0
0
0
0
0
0
0
0
0
0
0
0
0
0
0
0
0
0
0
0
0
0
0
0
0
0
0
0
0
0
0
0
0
0
0
0
0
0
0
0
0
0
0
0
0
0
0
0
0
0
0
0
0
0
0
0
0
0
0
0
0
0
0
0
0
0
0
0
0
0
0
0
0
0
0
0
0
0
0
0
0
0
0
0
0
0
0
0
0
0
0
0
0
0
0
0
0
0
0
0
0
0
0
0
0
0
0
0
0
0
0
0
0
0
0
0
0
0
0
0
0
0
0
0
0
0
0
0
0
0
0
0
0
0
0
0
0
0
0
0
0
0
0
0
0
0
0
0
0
0
0
0
0
0
0
0
0
0
0
0
0
0
0
0
0
0
0
0
0
0
0
0
0
0
0
0
0
0
0
0
0
0
0
0
0
0
0
0
0
0
0
0
0
0
0
0
0
0
0
0
0
0
0
0
0
0
0
0
0
0
0
0
0
0
0
0
0
0
0
0
0
0
0
0
0
0
0
0
0
0
0
0
0
0
0
0
0
0
0
0
0
0
0
0
0
0
0
0
0
0
0
0
0
0
0
0
0
0
0
0
0
0
0
0
0
0
0
0
0
0
0
0
0
0
0
0
0
0
0
0
0
0
0
0
0
0
0
0
0
0
0
0
0
0
0
0
0
0
0
0
0
0
0
0
0
0
0
0
0
0
0
0
0
0
0
0
0
0
0
0
0
0
0
0
0
0
0
0
0
0
0
0
0
0
0
0
0
0
0
0
0
0
0
0
0
0
0
0
0
0
0
0
0
0
0
0
0
0
0
0
0
0
0
0
0
0
0
0
0
0
0
0
0
0
0
0
0
0
0
0
0
0
0
0
0
0
0
0
0
0
0
0
0
0
0
0
0
0
0
0
0
0
0
0
0
0
0
0
0
0
0
0
0
0
0
0
0
0
0
0
0
0
0
0
0
0
0
0
0
0
0
0
0
0
0
0
0
0
0
0
0
0
0
0
0
0
0
0
0
0
0
0
0
0
0
0
0
0
0
0
0
0
0
0
0
0
0
0
0
0
0
0
0
0
0
0
0
0
0
0
0
0
0
0
0
0
0
0
0
0
0
0
0
0
0
0
0
0
0
0
0
0
0
0
0
0
0
0
0
0
0
0
0
0
0
0
0
0
0
0
0
0
0
0
0
0
0
0
0
0
0
0
0
0
0
0
0
0
0
0
0
0
0
0
0
0
0
0
0
0
0
0
0
0
0
0
0
0
0
0
0
0
0
0
0
0
0
0
0
0
0
0
0
0
0
0
0
0
0
0
0
0
0
0
0
0
0
0
0
0
0
0
0
0
0
0
0
0
0
0
0
0
0
0
0
0
0
0
0
0
0
0
0
0
0
0
0
0
0
0
0
0
0
0
0
0
0
0
0
0
0
0
0
0
0
0
0
0
0
0
0
0
0
0
0
0
0
0
0
0
0
0
0
0
0
0
0
0
0
0
0
0
0
0
0
0
0
0
0
0
0
0
0
0
0
0
0
0
0
0
0
0
0
0
0
0
5594
5501
5226
4783
4191
3478
2674
1811
921
35
-820
-1627
-2367
-3031
-3611
-4104
-4506
-4814
-5022
-5122
-5102
-4949
-4651
-4197
-3581
-2806
-1887
-849
269
1417
2534
3558
4423
5073
5463
5566
5376
4909
4206
3325
2340
1330
377
-449
-1092
-1519
-1718
-1703
-1511
-1195
-818
-446
-139
56
109
10
-229
-582
-1006
-1455
-1879
-2236
-2496
-2640
-2664
-2579
-2402
-2153
-1856
-1525
-1167
-781
-358
116
655
1266
1943
2665
3393
4070
4630
5000
5110
4908
4362
3477
2290
877
-653
-2171
-3536
-4611
-5281
-5469
-5141
-4319
-3080
-1545
123
1749
3151
4171
4689
4636
4007
2861
1314
-471
-2306
-3992
-5346
-6220
-6520
-6211
-5323
-3949
-2232
-348
1513
3169
4464
5285
5574
5334
4620
3540
2234
861
-419
-1466
-2170
-2464
-2328
-1792
-926
164
1353
2508
3502
4225
4596
4568
4130
3307
2154
753
-797
-2391
-3919
-5281
-6391
-7180
-7602
-7635
-7280
-6561
-5524
-4231
-2757
-1185
399
1914
3284
4448
5362
6002
6361
6453
6308
5966
5473
4877
4217
3524
2816
2097
1361
592
-226
-1106
-2051
-3044
-4052
-5021
-5882
-6552
-6950
-7001
-6650
-5872
-4678
-3121
-1293
680
2648
4449
5927
6948
7416
7280
6549
5287
3610
1673
-338
-2236
-3845
-5017
-5653
-5710
-5204
-4211
-2853
-1288
308
1767
2937
3706
4011
3844
3249
2319
1183
-12
-1117
-1997
-2546
-2703
-2451
-1825
-900
209
1372
2451
3314
3857
4010
3743
3074
2062
799
-594
-1986
-3248
-4262
-4940
-5226
-5103
-4594
-3758
-2684
-1476
-251
881
1828
2518
2911
3001
2813
2401
1838
1210
600
86
-274
-449
-433
-247
64
438
807
1104
1273
1280
1114
792
356
-129
-594
-962
-1169
-1171
-951
-525
59
728
1387
1936
2280
2344
2082
1488
597
-516
-1747
-2968
-4047
-4865
-5327
-5377
-5004
-4246
-3183
-1927
-610
635
1694
2480
2949
3106
2996
2706
2341
2015
1826
1846
2102
2573
3189
3841
4395
4711
4663
4165
3182
1741
-63
-2082
-4121
-5969
-7419
-8298
-8491
-7955
-6730
-4937
-2764
-449
1754
3604
4898
5504
5370
4537
3132
1351
-565
-2361
-3798
-4685
-4903
-4417
-3283
-1635
328
2372
4256
5763
6728
7054
6724
5800
4410
2731
959
-710
-2117
-3146
-3746
-3927
-3757
-3345
-2820
-2310
-1919
-1710
-1699
-1847
-2074
-2269
-2314
-2105
-1572
-692
493
1892
3358
4716
5784
6397
6432
5830
4604
2846
713
-1581
-3802
-5713
-7108
-7838
-7827
-7082
-5694
-3820
-1672
518
2523
4147
5250
5759
5677
5077
4087
2873
1612
469
-422
-980
-1178
-1044
-655
-121
433
890
1155
1169
916
425
-234
-973
-1688
-2280
-2672
-2820
-2713
-2378
-1872
-1274
-668
-133
271
512
583
510
339
127
-67
-194
-227
-159
-11
178
356
474
488
382
163
-128
-429
-658
-727
-563
-117
622
1618
2788
4009
5126
5979
6413
6312
5605
4290
2432
164
-2323
-4807
-7054
-8841
-9992
-10389
-9992
-8841
-7054
-4807
-2323
164
2432
4290
5605
6312
6413
5979
5126
4009
2788
1618
622
-117
-563
-727
-658
-429
-128
163
382
488
474
356
178
-11
-159
-227
-194
-67
127
339
510
583
512
271
-133
-668
-1274
-1872
-2378
-2713
-2820
-2672
-2280
-1688
-973
-234
425
916
1169
1155
890
433
-121
-655
-1044
-1178
-980
-422
469
1612
2873
4087
5077
5677
5759
5250
4147
2523
518
-1672
-3820
-5694
-7082
-7827
-7838
-7108
-5713
-3802
-1581
713
2846
4604
5830
6432
6397
5784
4716
3358
1892
493
-692
-1572
-2105
-2314
-2269
-2074
-1847
-1699
-1710
-1919
-2310
-2820
-3345
-3757
-3927
-3746
-3146
-2117
-710
959
2731
4410
5800
6724
7054
6728
5763
4256
2372
328
-1635
-3283
-4417
-4903
-4685
-3798
-2361
-565
1351
3132
4537
5370
5504
4898
3604
1754
-449
-2764
-4937
-6730
-7955
-8491
-8298
-7419
-5969
-4121
-2082
-63
1741
3182
4165
4663
4711
4395
3841
3189
2573
2102
1846
1826
2015
2341
2706
2996
3106
2949
2480
1694
635
-610
-1927
-3183
-4246
-5004
-5377
-5327
-4865
-4047
-2968
-1747
-516
597
1488
2082
2344
2280
1936
1387
728
59
-525
-951
-1171
-1169
-962
-594
-129
356
792
1114
1280
1273
1104
807
438
64
-247
-433
-449
-274
86
600
1210
1838
2401
2813
3001
2911
2518
1828
881
-251
-1476
-2684
-3758
-4594
-5103
-5226
-4940
-4262
-3248
-1986
-594
799
2062
3074
3743
4010
3857
3314
2451
1372
209
-900
-1825
-2451
-2703
-2546
-1997
-1117
-12
1183
2319
3249
3844
4011
3706
2937
1767
308
-1288
-2853
-4211
-5204
-5710
-5653
-5017
-3845
-2236
-338
1673
3610
5287
6549
7280
7416
6948
5927
4449
2648
680
-1293
-3121
-4678
-5872
-6650
-7001
-6950
-6552
-5882
-5021
-4052
-3044
-2051
-1106
-226
592
1361
2097
2816
3524
4217
4877
5473
5966
6308
6453
6361
6002
5362
4448
3284
1914
399
-1185
-2757
-4231
-5524
-6561
-7280
-7635
-7602
-7180
-6391
-5281
-3919
-2391
-797
753
2154
3307
4130
4568
4596
4225
3502
2508
1353
164
-926
-1792
-2328
-2464
-2170
-1466
-419
861
2234
3540
4620
5334
5574
5285
4464
3169
1513
-348
-2232
-3949
-5323
-6211
-6520
-6220
-5346
-3992
-2306
-471
1314
2861
4007
4636
4689
4171
3151
1749
123
-1545
-3080
-4319
-5141
-5469
-5281
-4611
-3536
-2171
-653
877
2290
3477
4362
4908
5110
5000
4630
4070
3393
2665
1943
1266
655
116
-358
-781
-1167
-1525
-1856
-2153
-2402
-2579
-2664
-2640
-2496
-2236
-1879
-1455
-1006
-582
-229
10
109
56
-139
-446
-818
-1195
-1511
-1703
-1718
-1519
-1092
-449
377
1330
2340
3325
4206
4909
5376
5566
5463
5073
4423
3558
2534
1417
269
-849
-1887
-2806
-3581
-4197
-4651
-4949
-5102
-5122
-5022
-4814
-4506
-4104
-3611
-3031
-2367
-1627
-820
35
921
1811
2674
3478
4191
4783
5226
5501
0
0
0
0
0
0
0
0
0
0
0
0
0
0
0
0
0
0
0
0
0
0
0
0
0
0
0
0
0
0
0
0
0
0
0
0
0
0
0
0
0
0
0
0
0
0
0
0
0
0
0
0
0
0
0
0
0
0
0
0
0
0
0
0
0
0
0
-7192
-6949
-6241
-5138
-3741
-2180
-594
882
2136
3081
3672
3904
3811
3460
2941
2352
1790
1335
1043
942
1024
1255
1577
1918
2203
2364
2349
2128
1697
1078
312
-542
-1421
-2260
-3004
-3609
-4049
-4315
-4412
-4354
-4160
-3850
-3436
-2927
-2321
-1615
-802
114
1126
2204
3303
4358
5290
6014
6446
6514
6172
5407
4246
2755
1042
-756
-2488
-3998
-5147
-5831
-5987
-5612
-4756
-3523
-2059
-534
875
2007
2736
2987
2742
2049
1010
-227
-1491
-2605
-3410
-3785
-3665
-3046
-1985
-598
959
2509
3876
4903
5477
5539
5091
4195
2963
1542
96
-1218
-2268
-2962
-3256
-3162
-2738
-2080
-1308
-543
104
553
760
722
476
88
-355
-770
-1081
-1238
-1226
-1063
-799
-506
-264
-146
-204
-456
-880
-1414
-1961
-2404
-2622
-2510
-1994
-1051
285
1923
3717
5484
7026
8150
8697
8560
7703
6168
4073
1598
-1029
-3565
-5771
-7449
-8457
-8730
-8288
-7223
-5698
-3915
-2097
-452
844
1677
1997
1833
1274
465
-422
-1212
-1747
-1913
-1652
-969
67
1338
2692
3961
4992
5659
5885
5650
4988
3988
2772
1484
265
-763
-1516
-1955
-2089
-1973
-1694
-1358
-1074
-930
-987
-1264
-1737
-2341
-2983
-3552
-3941
-4060
-3849
-3294
-2424
-1313
-69
1180
2302
3178
3719
3875
3644
3071
2241
1267
276
-606
-1274
-1654
-1709
-1449
-921
-206
594
1375
2037
2499
2711
2659
2359
1859
1228
543
-115
-681
-1104
-1361
-1451
-1397
-1237
-1021
-799
-615
-502
-475
-534
-662
-833
-1014
-1172
-1281
-1323
-1293
-1198
-1055
-887
-720
-576
-474
-419
-408
-428
-457
-468
-432
-323
-123
179
586
1087
1662
2285
2922
3537
4089
4540
4852
4988
4918
4617
4068
3264
2214
942
-508
-2078
-3685
-5236
-6629
-7758
-8529
-8865
-8714
-8063
-6937
-5402
-3563
-1553
477
2373
3992
5219
5977
6237
6022
5400
4479
3394
2287
1293
524
51
-98
53
444
973
1523
1975
2223
2191
1846
1198
304
-743
-1827
-2822
-3611
-4102
-4241
-4017
-3466
-2663
-1713
-734
155
859
1308
1476
1376
1062
612
124
-307
-603
-712
-620
-350
37
463
833
1059
1076
852
397
-233
-951
-1635
-2159
-2404
-2280
-1742
-799
482
1981
3535
4960
6072
6708
6754
6158
4937
3182
1047
-1265
-3531
-5526
-7051
-7961
-8174
-7687
-6569
-4954
-3025
-991
941
2586
3803
4510
4687
4378
3679
2723
1659
631
-235
-857
-1194
-1253
-1085
-772
-413
-107
63
43
-182
-590
-1119
-1679
-2166
-2473
-2510
-2215
-1563
-574
687
2122
3601
4980
6117
6884
7182
6949
6169
4874
3136
1069
-1186
-3474
-5631
-7503
-8952
-9871
-10189
-9873
-8935
-7430
-5452
-3129
-616
1915
4291
6344
7928
8931
9284
8968
8020
6528
4628
2491
309
-1721
-3423
-4650
-5305
-5353
-4822
-3802
-2433
-893
621
1924
2855
3301
3211
2602
1555
209
-1257
-2650
-3780
-4490
-4673
-4286
-3358
-1987
-328
1428
3074
4415
5290
5594
5290
4415
3074
1428
-328
-1987
-3358
-4286
-4673
-4490
-3780
-2650
-1257
209
1555
2602
3211
3301
2855
1924
621
-893
-2433
-3802
-4822
-5353
-5305
-4650
-3423
-1721
309
2491
4628
6528
8020
8968
9284
8931
7928
6344
4291
1915
-616
-3129
-5452
-7430
-8935
-9873
-10189
-9871
-8952
-7503
-5631
-3474
-1186
1069
3136
4874
6169
6949
7182
6884
6117
4980
3601
2122
687
-574
-1563
-2215
-2510
-2473
-2166
-1679
-1119
-590
-182
43
63
-107
-413
-772
-1085
-1253
-1194
-857
-235
631
1659
2723
3679
4378
4687
4510
3803
2586
941
-991
-3025
-4954
-6569
-7687
-8174
-7961
-7051
-5526
-3531
-1265
1047
3182
4937
6158
6754
6708
6072
4960
3535
1981
482
-799
-1742
-2280
-2404
-2159
-1635
-951
-233
397
852
1076
1059
833
463
37
-350
-620
-712
-603
-307
124
612
1062
1376
1476
1308
859
155
-734
-1713
-2663
-3466
-4017
-4241
-4102
-3611
-2822
-1827
-743
304
1198
1846
2191
2223
1975
1523
973
444
53
-98
51
524
1293
2287
3394
4479
5400
6022
6237
5977
5219
3992
2373
477
-1553
-3563
-5402
-6937
-8063
-8714
-8865
-8529
-7758
-6629
-5236
-3685
-2078
-508
942
2214
3264
4068
4617
4918
4988
4852
4540
4089
3537
2922
2285
1662
1087
586
179
-123
-323
-432
-468
-457
-428
-408
-419
-474
-576
-720
-887
-1055
-1198
-1293
-1323
-1281
-1172
-1014
-833
-662
-534
-475
-502
-615
-799
-1021
-1237
-1397
-1451
-1361
-1104
-681
-115
543
1228
1859
2359
2659
2711
2499
2037
1375
594
-206
-921
-1449
-1709
-1654
-1274
-606
276
1267
2241
3071
3644
3875
3719
3178
2302
1180
-69
-1313
-2424
-3294
-3849
-4060
-3941
-3552
-2983
-2341
-1737
-1264
-987
-930
-1074
-1358
-1694
-1973
-2089
-1955
-1516
-763
265
1484
2772
3988
4988
5650
5885
5659
4992
3961
2692
1338
67
-969
-1652
-1913
-1747
-1212
-422
465
1274
1833
1997
1677
844
-452
-2097
-3915
-5698
-7223
-8288
-8730
-8457
-7449
-5771
-3565
-1029
1598
4073
6168
7703
8560
8697
8150
7026
5484
3717
1923
285
-1051
-1994
-2510
-2622
-2404
-1961
-1414
-880
-456
-204
-146
-264
-506
-799
-1063
-1226
-1238
-1081
-770
-355
88
476
722
760
553
104
-543
-1308
-2080
-2738
-3162
-3256
-2962
-2268
-1218
96
1542
2963
4195
5091
5539
5477
4903
3876
2509
959
-598
-1985
-3046
-3665
-3785
-3410
-2605
-1491
-227
1010
2049
2742
2987
2736
2007
875
-534
-2059
-3523
-4756
-5612
-5987
-5831
-5147
-3998
-2488
-756
1042
2755
4246
5407
6172
6514
6446
6014
5290
4358
3303
2204
1126
114
-802
-1615
-2321
-2927
-3436
-3850
-4160
-4354
-4412
-4315
-4049
-3609
-3004
-2260
-1421
-542
312
1078
1697
2128
2349
2364
2203
1918
1577
1255
1024
942
1043
1335
1790
2352
2941
3460
3811
3904
3672
3081
2136
882
-594
-2180
-3741
-5138
-6241
-6949
0
0
0
0
0
0
0
0
0
0
0
0
0
0
0
0
0
0
0
0
0
0
0
0
0
0
0
0
0
0
0
0
0
0
0
0
0
0
0
0
0
0
0
0
0
0
0
0
0
0
0
0
0
0
0
0
0
0
0
0
0
0
0
0
0
0
0
2397
2342
2183
1935
1621
1271
914
580
294
70
-83
-175
-221
-247
-286
-370
-529
-784
-1141
-1594
-2115
-2662
-3177
-3596
-3853
-3886
-3651
-3126
-2315
-1253
-7
1333
2658
3849
4793
5391
5574
5308
4602
3510
2124
568
-1010
-2462
-3647
-4450
-4791
-4640
-4014
-2979
-1642
-140
1374
2752
3859
4590
4884
4723
4137
3196
2000
672
-663
-1888
-2906
-3648
-4082
-4206
-4053
-3676
-3144
-2528
-1895
-1297
-768
-320
51
368
659
954
1277
1638
2034
2445
2835
3162
3375
3432
3297
2954
2406
1677
811
-129
-1077
-1957
-2702
-3256
-3580
-3658
-3492
-3110
-2553
-1877
-1141
-409
265
837
1273
1557
1687
1673
1536
1307
1020
711
413
158
-29
-131
-137
-46
133
384
681
989
1270
1482
1581
1532
1306
889
284
-484
-1373
-2322
-3250
-4070
-4693
-5036
-5033
-4641
-3851
-2685
-1204
497
2301
4070
5662
6942
7795
8136
7921
7148
5862
4150
2131
-47
-2230
-4259
-5993
-7315
-8139
-8421
-8158
-7385
-6172
-4618
-2840
-964
884
2588
4047
5184
5946
6309
6276
5874
5154
4183
3037
1803
564
-600
-1623
-2452
-3053
-3410
-3529
-3433
-3160
-2758
-2280
-1780
-1302
-881
-538
-277
-88
52
174
311
490
733
1043
1411
1809
2197
2524
2740
2797
2661
2316
1771
1057
228
-645
-1482
-2202
-2733
-3023
-3043
-2795
-2310
-1646
-878
-93
622
1196
1574
1728
1660
1399
998
523
45
-371
-678
-848
-880
-799
-646
-479
-354
-319
-404
-613
-920
-1274
-1603
-1823
-1852
-1624
-1100
-279
797
2048
3357
4581
5572
6193
6335
5932
4974
3512
1654
-442
-2586
-4572
-6205
-7318
-7794
-7581
-6696
-5224
-3315
-1160
1019
3004
4595
5633
6019
5722
4779
3294
1426
-632
-2673
-4489
-5904
-6779
-7031
-6638
-5637
-4119
-2218
-97
2068
4105
5862
7214
8080
8419
8239
7583
6533
5191
3676
2107
594
-766
-1907
-2786
-3392
-3743
-3881
-3864
-3762
-3645
-3575
-3596
-3732
-3981
-4312
-4672
-4988
-5180
-5165
-4870
-4247
-3274
-1966
-374
1414
3288
5113
6754
8084
8997
9423
9334
8745
7718
6349
4760
3084
1453
-20
-1254
-2200
-2852
-3240
-3421
-3472
-3475
-3499
-3596
-3786
-4058
-4370
-4658
-4844
-4852
-4622
-4120
-3345
-2337
-1167
62
1240
2255
3013
3453
3555
3343
2887
2288
1667
1146
831
790
1048
1575
2293
3080
3792
4281
4419
4115
3336
2114
545
-1218
-2987
-4557
-5737
-6376
-6383
-5745
-4528
-2875
-985
907
2566
3782
4400
4344
3627
2349
687
-1130
-2851
-4233
-5079
-5262
-4745
-3584
-1925
18
1990
3730
5005
5644
5558
4758
3349
1520
-483
-2390
-3942
-4926
-5203
-4732
-3567
-1856
178
2274
4160
5593
6390
6452
5776
4454
2659
623
-1397
-3155
-4442
-5119
-5131
-4513
-3382
-1918
-340
1124
2276
2961
3099
2684
1787
543
-870
-2262
-3447
-4278
-4661
-4563
-4016
-3108
-1966
-734
445
1455
2216
2696
2908
2907
2773
2595
2451
2397
2451
2595
2773
2907
2908
2696
2216
1455
445
-734
-1966
-3108
-4016
-4563
-4661
-4278
-3447
-2262
-870
543
1787
2684
3099
2961
2276
1124
-340
-1918
-3382
-4513
-5131
-5119
-4442
-3155
-1397
623
2659
4454
5776
6452
6390
5593
4160
2274
178
-1856
-3567
-4732
-5203
-4926
-3942
-2390
-483
1520
3349
4758
5558
5644
5005
3730
1990
18
-1925
-3584
-4745
-5262
-5079
-4233
-2851
-1130
687
2349
3627
4344
4400
3782
2566
907
-985
-2875
-4528
-5745
-6383
-6376
-5737
-4557
-2987
-1218
545
2114
3336
4115
4419
4281
3792
3080
2293
1575
1048
790
831
1146
1667
2288
2887
3343
3555
3453
3013
2255
1240
62
-1167
-2337
-3345
-4120
-4622
-4852
-4844
-4658
-4370
-4058
-3786
-3596
-3499
-3475
-3472
-3421
-3240
-2852
-2200
-1254
-20
1453
3084
4760
6349
7718
8745
9334
9423
8997
8084
6754
5113
3288
1414
-374
-1966
-3274
-4247
-4870
-5165
-5180
-4988
-4672
-4312
-3981
-3732
-3596
-3575
-3645
-3762
-3864
-3881
-3743
-3392
-2786
-1907
-766
594
2107
3676
5191
6533
7583
8239
8419
8080
7214
5862
4105
2068
-97
-2218
-4119
-5637
-6638
-7031
-6779
-5904
-4489
-2673
-632
1426
3294
4779
5722
6019
5633
4595
3004
1019
-1160
-3315
-5224
-6696
-7581
-7794
-7318
-6205
-4572
-2586
-442
1654
3512
4974
5932
6335
6193
5572
4581
3357
2048
797
-279
-1100
-1624
-1852
-1823
-1603
-1274
-920
-613
-404
-319
-354
-479
-646
-799
-880
-848
-678
-371
45
523
998
1399
1660
1728
1574
1196
622
-93
-878
-1646
-2310
-2795
-3043
-3023
-2733
-2202
-1482
-645
228
1057
1771
2316
2661
2797
2740
2524
2197
1809
1411
1043
733
490
311
174
52
-88
-277
-538
-881
-1302
-1780
-2280
-2758
-3160
-3433
-3529
-3410
-3053
-2452
-1623
-600
564
1803
3037
4183
5154
5874
6276
6309
5946
5184
4047
2588
884
-964
-2840
-4618
-6172
-7385
-8158
-8421
-8139
-7315
-5993
-4259
-2230
-47
2131
4150
5862
7148
7921
8136
7795
6942
5662
4070
2301
497
-1204
-2685
-3851
-4641
-5033
-5036
-4693
-4070
-3250
-2322
-1373
-484
284
889
1306
1532
1581
1482
1270
989
681
384
133
-46
-137
-131
-29
158
413
711
1020
1307
1536
1673
1687
1557
1273
837
265
-409
-1141
-1877
-2553
-3110
-3492
-3658
-3580
-3256
-2702
-1957
-1077
-129
811
1677
2406
2954
3297
3432
3375
3162
2835
2445
2034
1638
1277
954
659
368
51
-320
-768
-1297
-1895
-2528
-3144
-3676
-4053
-4206
-4082
-3648
-2906
-1888
-663
672
2000
3196
4137
4723
4884
4590
3859
2752
1374
-140
-1642
-2979
-4014
-4640
-4791
-4450
-3647
-2462
-1010
568
2124
3510
4602
5308
5574
5391
4793
3849
2658
1333
-7
-1253
-2315
-3126
-3651
-3886
-3853
-3596
-3177
-2662
-2115
-1594
-1141
-784
-529
-370
-286
-247
-221
-175
-83
70
294
580
914
1271
1621
1935
2183
2342
0
0
0
0
0
0
0
0
0
0
0
0
0
0
0
0
0
0
0
0
0
0
0
0
0
0
0
0
0
0
0
0
0
0
0
0
0
0
0
0
0
0
0
0
0
0
0
0
0
0
0
0
0
0
0
0
0
0
0
0
0
0
0
0
0
0
0
