0
4278
8485
12550
16402
19973
23203
26035
28419
30314
31684
32507
32766
32456
31581
30156
28203
25758
22860
19561
15917
11991
7852
3573
-771
-5106
-9352
-13436
-17284
-20829
-24006
-26759
-29038
-30801
-32015
-32660
-32720
-32196
-31094
-29434
-27244
-24563
-21439
-17925
-14087
-9991
-5712
-1327
3083
7441
11667
15683
19415
22796
25762
28259
30239
31667
32514
32764
32412
31462
29931
27847
25247
22178
18696
14865
10755
6443
2009
-2465
-6896
-11201
-15299
-19113
-22570
-25606
-28162
-30190
-31650
-32514
-32764
-32394
-31411
-29832
-27686
-25012
-21861
-18292
-14372
-10175
-5781
-1274
3259
7733
12062
16161
19951
23359
26318
28771
30668
31973
32659
32711
32127
30919
29107
26727
23823
20452
16679
12577
8226
3711
-879
-5455
-9926
-14204
-18204
-21846
-25058
-27775
-29942
-31516
-32464
-32766
-32415
-31417
-29790
-27567
-24790
-21514
-17805
-13736
-9388
-4849
-209
4437
8997
13377
17489
21248
24578
27411
29687
31359
32393
32765
32468
31507
29899
27676
24884
21579
17828
13707
9301
4700
0
-4703
-9311
-13729
-17864
-21629
-24947
-27746
-29968
-31566
-32503
-32761
-32332
-31225
-29460
-27076
-24119
-20653
-16748
-12488
-7961
-3263
1506
6246
10856
15238
19298
22949
26112
28719
30713
32051
32702
32651
31900
30461
28366
25658
22395
18646
14492
10022
5332
524
-4298
-9029
-13567
-17811
-21669
-25055
-27896
-30127
-31699
-32577
-32739
-32182
-30916
-28967
-26379
-23206
-19519
-15397
-10932
-6222
-1372
3511
8320
12945
17284
21240
24723
27655
29968
31611
32545
32748
32214
30954
28995
26381
23169
19431
15252
10724
5950
1038
-3899
-8751
-13405
-17757
-21705
-25159
-28038
-30277
-31822
-32637
-32702
-32014
-30588
-28456
-25665
-22280
-18377
-14047
-9388
-4509
477
5455
10308
14924
19194
23018
26305
28979
30974
32243
32756
32498
31476
29711
27244
24133
20449
16280
11722
6884
1880
-3170
-8148
-12935
-17416
-21484
-25041
-28000
-30291
-31856
-32659
-32677
-31909
-30373
-28105
-25157
-21600
-17520
-13013
-8189
-3163
1941
7001
11893
16499
20705
24407
27516
29953
31659
32589
32721
32049
30590
28377
25463
21921
17836
13307
8448
3377
-1780
-6896
-11843
-16499
-20746
-24479
-27603
-30040
-31727
-32621
-32699
-31957
-30413
-28105
-25088
-21439
-17247
-12618
-7668
-2522
2689
7836
12787
17416
21605
25247
28248
30530
32035
32723
32574
31592
29801
27244
23987
20112
15718
10917
5832
595
-4660
-9798
-14685
-19194
-23208
-26622
-29345
-31307
-32455
-32757
-32206
-30813
-28614
-25665
-22043
-17841
-13169
-8148
-2911
2405
7661
12717
17440
21705
25397
28419
30689
32146
32750
32483
31352
29385
26633
23169
19084
14487
9500
4255
-1105
-6439
-11603
-16457
-20870
-24723
-27911
-30346
-31961
-32712
-32578
-31559
-29684
-27001
-23582
-19519
-14922
-9916
-4636
771
6162
11386
16301
20770
24671
27896
30354
31977
32719
32558
31498
29565
26813
23317
19172
14492
9407
4058
-1405
-6833
-12073
-16978
-21411
-25247
-28377
-30713
-32188
-32760
-32410
-31148
-29007
-26047
-22351
-18021
-13179
-7961
-2516
3003
8440
13640
18454
22745
26389
29282
31340
32503
32737
32033
30409
27913
24613
20604
16000
10932
5547
0
-5550
-10942
-16021
-20637
-24657
-27963
-30458
-32068
-32745
-32468
-31244
-29107
-26118
-22364
-17952
-13013
-7689
-2137
3479
8997
14252
19090
23367
26955
29748
31662
32640
32650
31691
29790
27003
23411
19119
14256
8965
3403
-2262
-7862
-13230
-18204
-22633
-26385
-29345
-31423
-32556
-32707
-31871
-30072
-27362
-23823
-19561
-14703
-9397
-3803
1908
7565
12994
18030
22517
26318
29316
31419
32559
32702
31841
30001
27238
23635
19302
14372
8996
3339
-2422
-8112
-13553
-18577
-23026
-26761
-29667
-31650
-32648
-32629
-31591
-29565
-26615
-22829
-18327
-13249
-7752
-2009
3799
9491
14886
19815
24120
27666
30338
32052
32751
32412
31044
28690
25423
21345
16586
11295
5642
-193
-6025
-11667
-16938
-21669
-25706
-28920
-31206
-32489
-32726
-31909
-30063
-27244
-23544
-19081
-13998
-8460
-2644
3259
9060
14569
19606
24006
27626
30346
32075
32756
32366
30916
28451
25051
20827
15917
10480
4696
-1244
-7147
-12817
-18065
-22719
-26622
-29644
-31684
-32674
-32578
-31398
-29173
-25975
-21909
-17110
-11737
-5969
0
5972
11747
17130
21941
26016
29217
31436
32596
32657
31615
29504
26395
22390
17625
12260
6476
470
-5554
-11392
-16845
-21726
-25867
-29127
-31393
-32585
-32662
-31619
-29491
-26349
-22301
-17483
-12062
-6222
-166
5898
11762
17222
22088
26191
29387
31566
32648
32597
31411
29131
25835
21636
16679
11138
5205
-912
-7001
-12847
-18244
-23003
-26955
-29960
-31912
-32739
-32412
-30940
-28374
-24803
-20353
-15179
-9465
-3413
2763
8843
14612
19863
24407
28083
30758
32334
32755
32003
30103
27124
23169
18381
12929
7010
836
-5370
-11386
-16993
-21989
-26191
-29446
-31636
-32680
-32538
-31214
-28754
-25247
-20819
-15630
-9868
-3744
2518
8692
14551
19879
24480
28184
30855
32393
32739
31880
29845
26709
22585
17625
12011
5950
-333
-6607
-12639
-18204
-23094
-27128
-30152
-32055
-32763
-32248
-30528
-27666
-23767
-18976
-13473
-7461
-1167
5173
11322
17047
22132
26385
29644
31785
32724
32427
30901
28203
24435
19738
14288
8294
1981
-4409
-10635
-16457
-21654
-26025
-29402
-31656
-32697
-32485
-31027
-28377
-24634
-19943
-14481
-8460
-2109
4324
10594
16457
21686
26077
29459
31699
32710
32451
30929
28203
24378
19601
14056
7961
1552
-4919
-11201
-17047
-22227
-26537
-29806
-31906
-32751
-32307
-30590
-27666
-23648
-18696
-13002
-6791
-309
6187
12441
18204
23246
27366
30398
32222
32762
31995
29951
26709
22398
17189
11289
4935
-1619
-8112
-14281
-19879
-24678
-28486
-31147
-32552
-32643
-31416
-28917
-25247
-20553
-15023
-8882
-2378
4225
10659
16662
21989
26421
29777
31918
32756
32254
30432
27362
23169
18024
12137
5748
-879
-7473
-13762
-19485
-24407
-28323
-31070
-32533
-32650
-31414
-28875
-25136
-20353
-14721
-8475
-1874
4807
11292
17307
22602
26955
30182
32146
32765
32010
29911
26556
22083
16679
10571
4016
-2711
-9326
-15551
-21121
-25799
-29387
-31732
-32732
-32344
-30582
-27520
-23286
-18060
-12062
-5547
1206
7911
14280
20041
24947
28786
31393
32653
32513
30975
28105
24024
18906
12972
6476
-301
-7069
-13534
-19415
-24458
-28443
-31196
-32596
-32580
-31148
-28360
-24336
-19250
-13322
-6811
0
6813
13332
19269
24364
28393
31178
32594
32578
31129
28309
24241
19103
13120
6555
-301
-7147
-13680
-19609
-24671
-28641
-31340
-32648
-32505
-30916
-27948
-23735
-18460
-12360
-5706
1206
8067
14569
20421
25359
29162
31656
32728
32328
30473
27244
22786
17298
11027
4255
-2711
-9557
-15974
-21669
-26383
-29901
-32062
-32766
-31979
-29736
-26137
-21345
-15577
-9095
-2195
4807
11593
17850
23291
27666
30771
32464
32665
31362
28614
24546
19345
13249
6538
-477
-7473
-14125
-20126
-25196
-29098
-31650
-32732
-32292
-30349
-26991
-22374
-16712
-10266
-3339
3746
10659
17076
22694
27251
30530
32377
32702
31489
28793
24740
19519
13375
6597
-494
-7565
-14281
-20323
-25404
-29282
-31772
-32753
-32178
-30072
-26533
-21729
-15887
-9285
-2238
4919
11843
18204
23695
28052
31066
32589
32548
30942
27847
23411
17845
11416
4435
-2763
-9830
-16425
-22227
-26955
-30378
-32330
-32713
-31507
-28769
-24631
-19293
-13013
-6096
1120
8285
15047
21076
26077
29802
32068
32763
31850
29372
25451
20276
14101
7230
0
-7232
-14111
-20295
-25478
-29402
-31872
-32764
-32033
-29711
-25913
-20827
-14703
-7845
-595
6688
13640
19914
25196
29220
31785
32759
32093
29819
26047
20967
14832
7950
664
-6656
-13645
-19948
-25247
-29273
-31822
-32763
-32046
-29706
-25861
-20703
-14492
-7543
-209
7138
14125
20396
25629
29557
31977
32766
31880
29363
25342
20022
13674
6622
-771
-8129
-15071
-21240
-26318
-30042
-32219
-32734
-31559
-28754
-24461
-18901
-12360
-5177
2276
9615
16457
22447
27271
30678
32489
32608
31026
27825
23169
17302
10527
3199
-4298
-11573
-18244
-23960
-28419
-31387
-32705
-32302
-30198
-26501
-21406
-15179
-8148
-684
6817
13962
20369
25700
29668
32064
32757
31710
28975
24698
19103
12488
5205
-2358
-9798
-16717
-22745
-27557
-30894
-32577
-32513
-30703
-27244
-22319
-16192
-9191
-1693
5898
13175
19743
25247
29388
31941
32765
31816
29141
24884
19276
12618
5272
-2362
-9871
-16845
-22903
-27714
-31014
-32621
-32445
-30495
-26875
-21781
-15492
-8351
-749
6896
14165
20658
26016
29942
32220
32721
31417
28377
23767
17841
10926
3403
-4310
-11787
-18613
-24407
-28847
-31684
-32759
-32010
-29476
-25298
-19707
-13013
-5590
2148
9769
16845
22980
27828
31116
32659
32366
30254
26438
21133
14635
7310
-430
-8148
-15409
-21801
-26962
-30598
-32502
-32563
-30778
-27244
-22162
-15818
-8572
-836
6950
14343
20920
26305
30190
32350
32661
31103
27762
22829
16586
9388
1649
-6187
-13670
-20369
-25898
-29936
-32249
-32702
-31267
-28024
-23161
-16955
-9766
-2009
5867
13405
20168
25762
29860
32222
32709
31291
28049
23169
16936
9711
1916
-5992
-13553
-20323
-25904
-29968
-32275
-32687
-31179
-27837
-22855
-16527
-9222
-1372
6562
14111
20829
26318
30252
32397
32623
30916
27374
22206
15718
8294
373
-7571
-15067
-21669
-26980
-30683
-32556
-32483
-30469
-26631
-21197
-14492
-6916
1077
9009
16402
22811
27851
31216
32702
32218
29790
25564
19793
12824
5078
-2978
-10856
-18080
-24210
-28873
-31785
-32766
-31757
-28816
-24119
-17952
-10689
-2772
5316
13083
20053
25799
29968
32304
32662
31017
27469
22233
15630
8064
0
-8067
-15639
-22251
-27492
-31038
-32669
-32282
-29899
-25665
-19840
-12785
-4935
3223
11185
18454
24578
29176
31960
32754
31507
28295
23317
16881
9388
1306
-6859
-14599
-21426
-26913
-30713
-32587
-32415
-30206
-26096
-20343
-13307
-5431
2789
10837
18204
24423
29100
31937
32755
31498
28244
23199
16679
9099
938
-7285
-15047
-21854
-27271
-30951
-32659
-32282
-29844
-25497
-19519
-12290
-4271
4023
12062
19330
25359
29762
32252
32670
30984
27303
21861
15008
7184
-1105
-9326
-16947
-23474
-28484
-31650
-32766
-31757
-28687
-23753
-17274
-9670
-1435
6896
14781
21705
27215
30951
32666
32248
29720
25247
19119
11737
3583
-4807
-12886
-20121
-26035
-30239
-32455
-32534
-30469
-26395
-20578
-13400
-5336
3083
11302
18775
25007
29584
32200
32681
30992
27244
21684
14679
6695
-1736
-10055
-17706
-24178
-29038
-31959
-32744
-31340
-27837
-22468
-15592
-7668
771
9163
16942
23583
28641
31772
32764
31548
28203
22955
16155
8261
-193
-8637
-16499
-23246
-28419
-31667
-32766
-31641
-28366
-23161
-16378
-8479
0
8482
16388
23178
28387
31659
32766
31633
28334
23092
16267
8323
-193
-8699
-16610
-23382
-28547
-31748
-32764
-31521
-28105
-22748
-15818
-7793
771
9287
17161
23850
28887
31923
32744
31292
27666
22114
15023
6884
-1736
-10238
-18030
-24565
-29387
-32158
-32681
-30919
-26991
-21173
-13868
-5590
3083
11543
19194
25499
30012
32414
32534
30361
26047
19895
12336
3903
-4807
-13181
-20625
-26610
-30711
-32637
-32248
-29569
-24790
-18247
-10405
-1820
6896
15124
22277
27843
31423
32760
31757
28483
23169
16196
8060
-655
-9326
-17331
-24094
-29127
-32068
-32703
-30984
-27033
-21133
-13707
-5289
3511
12062
19743
25999
30374
32552
32371
29844
25150
18630
10754
2094
-6719
-15047
-22282
-27896
-31478
-32765
-31661
-28244
-22763
-15616
-7324
1506
10228
18204
24847
29668
32313
32585
30461
26096
19809
12062
3423
-5469
-13962
-21426
-27310
-31178
-32740
-31881
-28661
-23317
-16242
-7961
912
9721
17811
24578
29519
32265
32608
30520
26157
19840
12041
3339
-5613
-14150
-21629
-27492
-31296
-32755
-31758
-28377
-22863
-15630
-7219
1736
10564
18599
25234
29968
32443
32468
30041
25342
18725
10689
1842
-7147
-15598
-22868
-28404
-31785
-32751
-31227
-27327
-21345
-13736
-5078
3969
12717
20496
26712
30887
32702
32014
28875
23522
16364
7950
-1077
-10024
-18204
-24986
-29848
-32414
-32483
-30050
-25298
-18593
-10451
-1499
7571
16058
23305
28750
31969
32711
30916
26720
20449
12587
3744
-5391
-14111
-21734
-27666
-31442
-32766
-31533
-27837
-21964
-14372
-5653
3510
12401
20323
26654
30894
32710
31957
28692
23169
15822
7226
-1941
-10958
-19113
-25762
-30378
-32596
-32237
-29328
-24096
-16955
-8469
691
9799
18132
25028
29936
32465
32412
29778
24772
17791
9388
234
-8940
-17404
-24479
-29598
-32350
-32513
-30072
-25219
-18342
-9991
-836
8388
16942
24135
29387
32275
32563
30226
25451
18620
10283
1113
-8148
-16754
-24006
-29316
-32252
-32574
-30254
-25477
-18630
-10266
-1066
8222
16845
24098
29390
32286
32549
30156
25298
18372
9941
695
-8610
-17213
-24407
-29603
-32371
-32482
-29925
-24908
-17841
-9305
0
9307
17850
24924
29942
32491
32356
29546
24293
17028
8351
-1019
-10308
-18745
-25629
-30386
-32621
-32145
-28995
-23432
-15917
-7073
2362
11603
19879
26497
30903
32728
31816
28241
22301
14491
5464
-4023
-13175
-21224
-27492
-31451
-32766
-31324
-27244
-20868
-12732
-3519
5992
15001
22745
28568
31977
32682
30619
25962
19103
10622
1238
-8253
-17047
-24394
-29668
-32420
-32412
-29643
-24347
-16973
-8148
1373
10781
19269
26112
30723
32705
31886
28334
22351
14449
5304
-4298
-13534
-21608
-27826
-31650
-32749
-31026
-26627
-19930
-11510
-2094
7504
16457
23989
29446
32355
32460
29752
24461
17046
8148
-1459
-10942
-19477
-26318
-30870
-32732
-31742
-27983
-21780
-13674
-4371
5316
14541
22496
28484
31977
32669
30495
25645
18541
9807
209
-9410
-18204
-25397
-30356
-32640
-32046
-28625
-22675
-14721
-5464
4278
13645
21806
28038
31787
32719
30748
26047
19032
10324
695
-8997
-17892
-25196
-30256
-32621
-32077
-28669
-22701
-14703
-5389
4409
13816
21989
28193
31872
32694
30582
25725
18555
9715
0
-9718
-18563
-25739
-30598
-32699
-31850
-28126
-21861
-13619
-4144
5708
15047
23026
28920
32194
32549
29951
24631
17073
7961
-1876
-11547
-20168
-26955
-31287
-32766
-31257
-26894
-20073
-11416
-1713
8148
17267
24807
30076
32589
32113
28690
22632
14492
5018
-4919
-14407
-22570
-28657
-32104
-32591
-30072
-24775
-17189
-8012
1907
11653
20323
27113
31393
32763
31094
26539
19519
10683
852
-9060
-18132
-25519
-30530
-32697
-31816
-27965
-21503
-13031
-3339
6667
16052
23938
29584
32459
32292
29097
23169
15065
5543
-4501
-14125
-22423
-28612
-32108
-32578
-29977
-24546
-16798
-7461
2582
12385
21019
27666
31694
32721
30647
25665
18247
9095
-923
-10856
-19760
-26786
-31264
-32766
-31146
-26556
-19431
-10451
-470
9557
18675
26008
30855
32749
31507
27244
20368
11537
1595
-8501
-17784
-25359
-30497
-32702
-31758
-27754
-21074
-12360
-2451
7696
17103
24860
30215
32648
31922
28105
21563
12929
3039
-7147
-16643
-24525
-30025
-32607
-32016
-28309
-21844
-13249
-3359
6859
16412
24364
29939
32588
32050
28377
21924
13322
3413
-6833
-16412
-24382
-29960
-32596
-32028
-28309
-21804
-13150
-3199
7069
16643
24578
30089
32630
31946
28105
21482
12732
2719
-7565
-17103
-24947
-30318
-32680
-31797
-27754
-20951
-12062
-1970
8320
17784
25478
30633
32732
31565
27244
20200
11134
952
-9326
-18675
-26154
-31014
-32765
-31228
-26556
-19215
-9941
333
10578
19760
26955
31436
32749
30759
25665
17979
8475
-1887
-12062
-21019
-27851
-31864
-32650
-30126
-24546
-16475
-6728
3703
13762
22423
28806
32258
32427
29291
23169
14683
4696
-5772
-15653
-23938
-29777
-32571
-32033
-28214
-21503
-12587
-2378
8077
17706
25519
30711
32748
31416
26850
19519
10175
-219
-10594
-19879
-27113
-31549
-32726
-30520
-25157
-17189
-7439
3083
13289
22119
28657
32222
32441
29289
23092
14492
4381
-6187
-16114
-24364
-30076
-32652
-31820
-27666
-20619
-11416
-1017
9491
19008
26537
31287
32757
30792
25595
17709
7961
-2625
-12939
-21894
-28547
-32194
-32451
-29286
-23032
-14346
-4144
6498
16457
24678
30291
32699
31644
27238
19943
10531
0
-10533
-19951
-27251
-31656
-32694
-30254
-24592
-16309
-6286
4409
14637
23305
29487
32519
32077
28203
21312
12137
1660
-8997
-18692
-26385
-31248
-32757
-30748
-25434
-17383
-7461
3266
13645
22556
29038
32390
32248
28625
21909
12824
2351
-8378
-18204
-26061
-31098
-32765
-30880
-25645
-17625
-7689
3083
13524
22496
29023
32393
32235
28565
21780
12618
2077
-8692
-18516
-26318
-31245
-32755
-30681
-25247
-17046
-6975
3863
14280
23132
29446
32527
32033
28015
20915
11510
836
-9932
-19609
-27125
-31650
-32682
-30103
-24198
-15616
-5304
5596
15880
24407
30232
32705
31550
26894
19250
9465
-1373
-12062
-21411
-28379
-32188
-32412
-29022
-22395
-13267
-2656
8253
18244
26197
31222
32754
30619
25054
16679
6433
-4537
-15001
-23783
-29895
-32648
-31731
-27244
-19690
-9916
976
11762
21224
28293
32170
32415
28997
22301
13080
2378
-8595
-18599
-26497
-31393
-32729
-30352
-24528
-15917
-5494
5554
15974
24578
30386
32734
31352
26395
18425
8351
-2679
-13405
-22602
-29217
-32491
-32046
-27932
-20616
-10936
0
10939
20625
27944
32055
32482
29173
22507
13249
2462
-8610
-18692
-26622
-31481
-32707
-30156
-24119
-15293
-4696
6446
16845
25296
30817
32766
30916
25477
17079
6695
-4468
-15115
-24006
-30106
-32702
-31489
-26606
-18620
-8460
2689
13528
22788
29387
32552
31909
27532
19930
9991
-1120
-12103
-21669
-28693
-32350
-32208
-28280
-21025
-11295
-234
10856
20671
28052
32127
32412
28871
21921
12379
1372
-9799
-19815
-27487
-31906
-32545
-29328
-22632
-13249
-2291
8940
19113
27016
31708
32629
29666
23169
13911
2992
-8285
-18577
-26654
-31549
-32677
-29899
-23544
-14372
-3477
7836
18214
26411
31442
32702
30037
23764
14635
3744
-7598
-18030
-26293
-31393
-32711
-30086
-23833
-14703
-3796
7571
18026
26305
31405
32707
30050
23753
14577
3632
-7754
-18204
-26446
-31479
-32688
-29925
-23522
-14256
-3253
8148
18560
26712
31608
32650
29706
23135
13736
2656
-8751
-19090
-27095
-31785
-32581
-29385
-22585
-13013
-1842
9557
19786
27585
31994
32468
28947
21861
12081
809
-10564
-20637
-28166
-32219
-32293
-28377
-20951
-10932
440
11762
21629
28819
32437
32033
27653
19840
9561
-1907
-13142
-22745
-29519
-32621
-31661
-26755
-18514
-7961
3586
14689
23960
30239
32740
31148
25658
16955
6128
-5469
-16384
-25247
-30944
-32759
-30461
-24336
-15151
-4058
7546
18204
26572
31595
32638
29565
22763
13087
1756
-9798
-20118
-27896
-32148
-32332
-28424
-20915
-10754
771
12203
22088
29171
32552
31797
27001
18769
8148
-3511
-14727
-24069
-30346
-32754
-30984
-25260
-16309
-5272
6439
17331
26008
31359
32696
29845
23169
13521
2137
-9523
-19964
-27843
-32146
-32318
-28334
-20703
-10405
1234
12717
22564
29503
32637
31559
26407
17841
6968
-4807
-15965
-25058
-30909
-32757
-30361
-24028
-14577
-3233
8533
19194
27364
31977
32433
28669
21173
10917
-762
-12345
-22321
-29387
-32619
-31592
-26438
-17828
-6884
4961
16161
25247
31028
32744
30168
23635
13998
2522
-9287
-19879
-27860
-32179
-32265
-28105
-20242
-9711
2101
13640
23382
30040
32733
31103
25362
16267
5018
-6896
-17901
-26537
-31659
-32585
-29190
-21921
-11741
0
11743
21929
29201
32589
31641
26480
17791
6728
-5233
-16499
-25566
-31222
-32709
-29826
-22955
-13013
-1327
10537
20994
28641
32450
31909
27088
18630
7668
-4324
-15739
-25041
-30976
-32744
-30105
-23411
-13561
-1880
10055
20637
28436
32397
31982
27244
18822
7852
-4182
-15653
-25007
-30974
-32743
-30072
-23319
-13400
-1660
10308
20879
28612
32455
31881
26966
18377
7282
-4807
-16245
-25468
-31216
-32702
-29720
-22675
-12528
-664
11292
21705
29147
32596
31576
26225
17274
5950
-6193
-17489
-26383
-31650
-32564
-28995
-21433
-10917
1105
12978
23064
29968
32737
30984
24950
15465
3839
-8320
-19330
-27666
-32170
-32217
-27796
-19519
-8531
3643
15314
24860
30951
32739
29972
23032
12884
938
-11141
-21669
-29176
-32613
-31498
-25982
-16835
-5332
6918
18204
26944
31912
32410
28366
20343
9465
-2743
-14569
-24351
-30713
-32759
-30198
-23387
-13283
-1306
10856
21492
29100
32604
31507
25962
16748
5166
-7147
-18454
-27152
-32008
-32332
-28076
-19840
-8789
3510
15314
24947
31038
32720
29752
22551
12140
0
-12143
-22559
-29762
-32723
-31017
-24884
-15198
-3339
8998
20053
28242
32393
31908
26854
17952
6476
-5930
-17489
-26541
-31785
-32465
-28481
-20402
-9388
2978
14918
24714
30951
32730
29790
22554
12062
-172
-12385
-22811
-29942
-32746
-30813
-24421
-14492
-2462
9926
20879
28806
32556
31581
26021
16679
4912
-7571
-18956
-27585
-32200
-32127
-27374
-18630
-7167
5342
17076
26318
31719
32485
28504
20353
9222
-3259
-15267
-25041
-31147
-32687
-29434
-21861
-11077
1334
13553
23783
30517
32764
30189
23169
12736
423
-11953
-22570
-29860
-32743
-30792
-24293
-14202
-2009
10483
21426
29201
32652
31267
25247
15482
3419
-9153
-20369
-28563
-32514
-31633
-26047
-16586
-4654
7973
19415
27967
32350
31910
26709
17520
5712
-6950
-18577
-27428
-32179
-32116
-27244
-18292
-6597
6088
17864
26962
32015
32263
27666
18910
7310
-5391
-17284
-26579
-31872
-32366
-27983
-19380
-7852
4862
16845
26287
31760
32433
28203
19707
8226
-4501
-16550
-26094
-31684
-32472
-28334
-19895
-8434
4310
16402
26003
31651
32486
28377
19946
8475
-4288
-16402
-26016
-31662
-32478
-28334
-19861
-8351
4437
16550
26133
31717
32445
28203
19638
8060
-4756
-16845
-26351
-31812
-32386
-27983
-19276
-7602
5243
17284
26666
31941
32293
27666
18769
6975
-5898
-17864
-27071
-32095
-32157
-27244
-18113
-6176
6719
18577
27557
32265
31968
26709
17302
5205
-7702
-19415
-28111
-32434
-31710
-26047
-16326
-4058
8843
20369
28719
32588
31368
25247
15179
2736
-10137
-21426
-29364
-32705
-30922
-24293
-13853
-1238
11573
22570
30025
32764
30353
23169
12339
-434
-13142
-23783
-30678
-32739
-29638
-21861
-10632
2276
14829
25041
31296
32604
28754
20353
8727
-4282
-16616
-26318
-31849
-32328
-27676
-18630
-6622
6439
18480
27585
32302
31880
26381
16679
4318
-8734
-20396
-28806
-32620
-31227
-24845
-14492
-1820
11144
22329
29942
32763
30335
23047
12062
-859
-13645
-24243
-30951
-32688
-29173
-20967
-9388
3703
16202
26094
31785
32354
27709
18593
6476
-6688
-18775
-27832
-32393
-31718
-25913
-15915
-3339
9779
21317
29402
32723
30737
23764
12933
0
-12935
-23772
-30745
-32720
-29372
-21243
-9654
3510
16105
26077
31798
32332
27590
18342
6096
-7147
-19226
-28162
-32493
-31507
-25362
-15061
-2291
10856
22227
29953
32765
30198
22670
11416
-1716
-14569
-25028
-31370
-32548
-28366
-19509
-7435
5867
18204
27539
32330
31782
25982
15887
3163
-10086
-21669
-29667
-32753
-30413
-23032
-11831
1334
14281
24860
31312
32563
28403
19519
7387
-5976
-18347
-27666
-32377
-31693
-25725
-15465
-2622
10659
22164
29968
32766
30086
22374
10917
-2369
-15261
-25599
-31650
-32396
-27709
-18372
-5950
7473
19643
28516
32596
31195
24546
13765
664
-12550
-23653
-30771
-32702
-29116
-20616
-8634
4807
17440
27128
32230
31881
26137
15968
3092
-10308
-21966
-29901
-32766
-30072
-22272
-10689
2711
15653
25937
31812
32275
27244
17574
4908
-8595
-20637
-29162
-32712
-30681
-23411
-12140
1206
14349
25041
31451
32480
27948
18630
6117
-7445
-19735
-28641
-32634
-31026
-24089
-13013
301
13567
24501
31222
32570
28309
19172
6728
-6876
-19298
-28393
-32589
-31159
-24347
-13326
0
13328
24354
31166
32585
28360
19220
6748
-6896
-19347
-28443
-32604
-31103
-24198
-13087
301
13640
24608
31294
32533
28105
18778
6176
-7504
-19879
-28786
-32669
-30847
-23635
-12290
1206
14493
25247
31583
32389
27520
17828
5008
-8692
-20870
-29387
-32745
-30352
-22624
-10917
2711
15865
26229
31977
32094
26556
16335
3233
-10442
-22277
-30182
-32757
-29546
-21112
-8944
4807
17712
27483
32390
31559
25136
14256
845
-12717
-24026
-31070
-32598
-28334
-19032
-6345
7473
19964
28903
32697
30666
23169
11540
-2148
-15456
-26008
-31918
-32127
-26596
-16309
-3103
10659
22517
30346
32741
29270
20553
8148
-5719
-18563
-28078
-32552
-31179
-24202
-12874
771
14281
25223
31625
32332
27214
17189
4062
-9798
-21894
-30040
-32762
-29565
-21025
-8682
5233
18204
27882
32514
31257
24336
13002
-691
-14262
-25247
-31650
-32307
-27094
-16955
-3732
10171
22227
30239
32747
29289
20494
7961
-6025
-18915
-28356
-32621
-30929
-23586
-11931
1907
15400
26077
31982
32033
26215
15592
2109
-11762
-23479
-30889
-32629
-28377
-18910
-5966
8077
20637
29402
32756
30080
21861
9613
-4409
-17621
-27585
-32459
-31342
-24435
-13013
816
14497
25499
31785
32188
26631
16140
2656
-11322
-23203
-30782
-32650
-28456
-18976
-5969
8148
20755
29503
32763
29925
21514
9095
-5021
-18204
-27995
-32564
-31058
-23753
-12011
1977
15598
26305
32095
31880
25698
14703
952
-12978
-24480
-31393
-32418
-27360
-17165
-3744
10381
22559
30497
32702
28754
19394
6380
-7836
-20580
-29446
-32762
-29899
-21393
-8847
5370
18577
28275
32630
30814
23169
11138
-3003
-16579
-27016
-32334
-31523
-24733
-13249
751
14612
25700
31906
32048
26096
15179
1372
-12698
-24354
-31371
-32412
-27273
-16932
-3359
10856
23003
30758
32638
28280
18514
5205
-9101
-21669
-30089
-32747
-29131
-19930
-6905
7445
20371
29387
32762
29844
21189
8460
-5898
-19125
-28673
-32702
-30433
-22301
-9868
4468
17946
27963
32585
30916
23274
11134
-3159
-16845
-27275
-32428
-31305
-24119
-12260
1977
15833
26622
32247
31615
24845
13249
-923
-14918
-26016
-32055
-31858
-25461
-14105
0
14107
25468
31864
32046
25975
14832
792
-13405
-24986
-31684
-32188
-26395
-15435
-1452
12817
24578
31525
32292
26727
15917
1981
-12345
-24250
-31393
-32366
-26976
-16280
-2378
11993
24006
31293
32415
27148
16527
2644
-11762
-23850
-31230
-32442
-27244
-16660
-2779
11653
23783
31206
32451
27267
16679
2783
-11667
-23806
-31222
-32441
-27217
-16586
-2656
11803
23919
31277
32412
27094
16378
2398
-12062
-24120
-31370
-32361
-26894
-16056
-2009
12441
24407
31496
32285
26615
15616
1488
-12939
-24777
-31650
-32178
-26251
-15055
-836
13553
25223
31826
32033
25797
14372
52
-14280
-25739
-32015
-31841
-25247
-13561
863
15115
26318
32208
31592
24592
12618
-1908
-16052
-26950
-32393
-31276
-23823
-11540
3083
17085
27622
32556
30880
22932
10324
-4384
-18204
-28323
-32682
-30389
-21909
-8965
5807
19399
29038
32755
29790
20744
7461
-7347
-20658
-29748
-32757
-29067
-19428
-5811
8997
21966
30436
32669
28203
17952
4016
-10746
-23305
-31079
-32468
-27184
-16309
-2077
12583
24657
31656
32135
25992
14491
0
-14493
-25999
-32139
-31644
-24613
-12494
2208
16457
27304
32503
30975
23032
10317
-4537
-18454
-28547
-32719
-30103
-21238
-7961
6971
20458
29694
32757
29007
19220
5431
-9491
-22439
-30713
-32587
-27666
-16973
-2736
12073
24364
31568
32177
26060
14492
-108
-14689
-26197
-32222
-31498
-24174
-11781
3083
17304
27896
32634
30520
21996
8847
-6162
-19879
-29416
-32766
-29219
-19519
-5706
9311
22368
30711
32578
27570
16743
2378
-12491
-24723
-31732
-32033
-25558
-13674
1105
15653
26888
32428
31095
23169
10328
-4707
-18745
-28806
-32750
-29736
-20402
-6728
8378
21705
30414
32650
27932
17262
2911
-12062
-24465
-31651
-32083
-25665
-13765
1077
15692
26955
32455
31012
22932
9941
-5180
-19194
-29098
-32765
-29406
-19738
-5832
9326
22486
30817
32526
27244
16102
1495
-13436
-25478
-32035
-31693
-24521
-12062
2999
17416
28078
32680
30226
21243
7668
-7565
-21167
-30192
-32685
-28105
-17438
-2992
12103
24578
31727
31995
25321
13150
-1876
-16499
-27539
-32596
-30567
-21889
-8448
6833
20630
29936
32722
28377
17845
3419
-11753
-24364
-31659
-32040
-25423
-13249
1823
16499
27568
32607
30508
21729
8189
-7147
-20920
-30108
-32693
-28105
-17347
-2779
12401
24860
31856
31850
24838
12360
-2839
-17416
-28160
-32702
-30037
-20749
-6884
8501
22013
30668
32552
27244
15915
1066
-14020
-26008
-32243
-31342
-23500
-10451
4915
19194
29220
32766
29042
18871
4509
-10856
-23813
-31479
-32147
-25665
-13473
1720
16533
27666
32637
30335
21271
7461
-8015
-21705
-30552
-32578
-27327
-15968
-1038
14125
26133
32294
31228
23169
9920
-5554
-19786
-29584
-32748
-28565
-17970
-3339
12043
24723
31849
31816
24627
11897
-3511
-18132
-28673
-32755
-29458
-19519
-5177
10334
23516
31393
32182
25702
13414
-1907
-16800
-27896
-32682
-30072
-20653
-6555
9029
22570
30997
32395
26445
14492
-751
-15827
-27310
-32589
-30461
-21406
-7481
8148
21926
30713
32507
26894
15151
-48
-15238
-26955
-32522
-30664
-21804
-7961
7702
21608
30575
32549
27076
15403
202
-15047
-26852
-32503
-30703
-21861
-8002
7696
21629
30598
32538
27001
15255
0
-15257
-27007
-32541
-30582
-21579
-7602
8129
21989
30779
32468
26664
14703
-655
-15865
-27411
-32621
-30288
-20948
-6758
8997
22672
31098
32318
26047
13736
-1763
-16855
-28038
-32713
-29790
-19946
-5464
10289
23653
31516
32046
25116
12336
-3319
-18204
-28847
-32766
-29042
-18541
-3711
11987
24889
31977
31593
23823
10480
-5316
-19871
-29777
-32711
-27983
-16697
-1495
14059
26318
32404
30885
22114
8148
-7733
-21801
-30745
-32460
-26539
-14372
1180
16457
27860
32699
29832
19930
5325
-10537
-23916
-31650
-31910
-24631
-11530
4298
19113
29409
32747
28334
17210
2009
-13670
-26112
-32365
-30942
-22178
-8148
7817
21929
30833
32412
26285
13907
-1780
-17047
-28259
-32743
-29429
-19103
-4222
11667
24777
31977
31548
23586
9991
-5992
-20546
-30192
-32619
-27244
-15350
219
15739
27492
32660
30001
20149
5464
-10533
-24006
-31719
-31816
-24270
-10892
5106
19879
29873
32681
27625
15917
373
-15261
-27221
-32621
-30156
-20416
-5748
10308
23879
31684
31836
24293
10875
-5173
-19973
-29942
-32665
-27477
-15633
0
15636
27483
32666
29925
19920
5078
-10999
-24407
-31886
-31615
-23656
-9941
6193
20824
30386
32549
26782
14487
-1341
-16845
-28242
-32749
-29262
-18630
-3445
12583
25539
32252
31078
22301
8064
-8148
-22368
-31111
-32231
-25451
-12429
3643
18824
29387
32737
28047
16465
836
-15001
-27152
-32625
-30072
-20115
-5205
10989
24479
31937
31523
23335
9388
-6876
-21447
-30723
-32412
-26092
-13322
2743
18132
29038
32759
28371
16955
1338
-14612
-26944
-32596
-30164
-20247
-5304
10958
24501
31960
31477
23169
9099
-7236
-21774
-30894
-32323
-25702
-12676
3510
18824
29446
32724
27837
16000
166
-15711
-27666
-32707
-29572
-19041
-3744
12491
25602
32304
30916
21780
7184
-9215
-23305
-31551
-31880
-24205
-10451
5930
20824
30486
32483
26311
13518
-2679
-18204
-29147
-32749
-28098
-16364
-502
15488
27574
32702
29574
18976
3583
-12717
-25806
-32371
-30748
-21345
-6538
9926
23879
31785
31636
23467
9346
-7147
-21830
-30974
-32254
-25342
-11991
4409
19692
29968
32623
26976
14462
-1736
-17495
-28798
-32764
-28377
-16752
-852
15267
27492
32699
29554
18857
3339
-13034
-26077
-32450
-30520
-20777
-5712
10817
24578
32042
31291
22515
7961
-8637
-23021
-31496
-31881
-24075
-10079
6509
21426
30833
32307
25463
12062
-4448
-19815
-30076
-32585
-26689
-13907
2465
18204
29244
32732
27762
15616
-569
-16610
-28356
-32765
-28692
-17189
-1231
15047
27428
32699
29490
18630
2932
-13528
-26478
-32552
-30168
-19943
-4530
12062
25519
32337
30737
21133
6022
-10659
-24565
-32068
-31208
-22206
-7407
9326
23628
31760
31593
23169
8686
-8070
-22719
-31423
-31903
-24028
-9858
6896
21846
31070
32147
24790
10926
-5807
-21019
-30711
-32336
-25461
-11891
4807
20244
30356
32478
26047
12755
-3899
-19528
-30012
-32581
-26556
-13521
3083
18877
29687
32654
26991
14192
-2362
-18294
-29387
-32703
-27360
-14769
1736
17784
29119
32734
27666
15255
-1206
-17349
-28887
-32752
-27913
-15652
771
16993
28695
32761
28105
15962
-434
-16717
-28547
-32765
-28244
-16186
193
16523
28443
32766
28334
16326
-48
-16412
-28387
-32766
-28374
-16382
0
0
0
0
0
0
0
0
0
0
0
0
0
0
0
0
0
0
0
0
0
0
0
0
0
0
0
0
0
0
0
0
0
0
0
0
0
0
0
0
0
0
0
0
0
0
0
0
0
0
0
0
0
0
0
0
0
0
0
0
0
0
0
0
0
0
0
0
0
0
0
0
0
0
0
0
0
0
0
0
0
0
0
0
0
0
0
0
0
0
0
0
0
0
0
0
0
0
0
0
0
0
0
0
0
0
0
0
0
0
0
0
0
0
0
0
0
0
0
0
0
0
0
0
0
0
0
0
0
0
0
0
0
0
0
0
0
0
0
0
0
0
0
0
0
0
0
0
0
0
0
0
0
0
0
0
0
0
0
0
0
0
0
0
0
0
0
0
0
0
0
0
0
0
0
0
0
0
0
0
0
0
0
0
0
0
0
0
0
0
0
0
0
0
0
0
0
0
0
0
0
0
0
0
0
0
0
0
0
0
0
0
0
0
0
0
0
0
0
0
0
0
0
0
0
0
0
0
0
0
0
0
0
0
0
0
0
0
0
0
0
0
0
0
0
0
0
0
0
0
0
0
0
0
0
0
0
0
0
0
0
0
0
0
0
0
0
0
0
0
0
0
0
0
0
0
0
0
0
0
0
0
0
0
0
0
0
0
0
0
0
0
0
0
0
0
0
0
0
0
0
0
0
0
0
0
0
0
0
0
0
0
0
0
0
0
0
0
0
0
0
0
0
0
0
0
0
0
0
0
0
0
0
0
0
0
0
0
0
0
0
0
0
0
0
0
0
0
0
0
0
0
0
0
0
0
0
0
0
0
0
0
0
0
0
0
0
0
0
0
0
0
0
0
0
0
0
0
0
0
0
0
0
0
0
0
0
0
0
0
0
0
0
0
0
0
0
0
0
0
0
0
0
0
0
0
0
0
0
0
0
0
0
0
0
0
0
0
0
0
0
0
0
0
0
0
0
0
0
0
0
0
0
0
0
0
0
0
0
0
0
0
0
0
0
0
0
0
0
0
0
0
0
0
0
0
0
0
0
0
0
0
0
0
0
0
0
0
0
0
0
0
0
0
0
0
0
0
0
0
0
0
0
0
0
0
0
0
0
0
0
0
0
0
0
0
0
0
0
0
0
0
0
0
0
0
0
0
0
0
0
0
0
0
0
0
0
0
0
0
0
0
0
0
0
0
0
0
0
0
0
0
0
0
0
0
0
0
0
0
0
0
0
0
0
0
0
0
0
0
0
0
0
0
0
0
0
0
0
0
0
0
0
0
0
0
0
0
0
0
0
0
0
0
0
0
0
0
0
0
0
0
0
0
0
0
0
0
0
0
0
0
0
0
0
0
0
0
0
0
0
0
0
0
0
0
0
0
0
0
0
0
0
0
0
0
0
0
0
0
0
0
0
0
0
0
0
0
0
0
0
0
0
0
0
0
0
0
0
0
0
0
0
0
0
0
0
0
0
0
0
0
0
0
0
0
0
0
0
0
0
0
0
0
0
0
0
0
0
0
0
0
0
0
0
0
0
0
0
0
0
0
0
0
0
0
0
0
0
0
0
0
0
0
0
0
0
0
0
0
0
0
0
0
0
0
0
0
0
0
0
0
0
0
0
0
0
0
0
0
0
0
0
0
0
0
0
0
0
0
0
0
0
0
0
0
0
0
0
0
0
0
0
0
0
0
0
0
0
0
0
0
0
0
0
0
0
0
0
0
0
0
0
0
0
0
0
0
0
0
0
0
0
0
0
0
0
0
0
0
0
0
0
0
0
0
0
0
0
0
0
0
0
0
0
0
0
0
0
0
0
0
0
0
0
0
0
0
0
0
0
0
0
0
0
0
0
0
0
0
0
0
0
0
0
0
0
0
0
0
0
0
0
0
0
0
0
0
0
0
0
0
0
0
0
0
0
0
0
0
0
0
0
0
0
0
0
0
0
0
0
0
0
0
0
0
0
0
0
0
0
0
0
0
0
0
0
0
0
0
0
0
0
0
0
0
0
0
0
0
0
0
0
0
0
0
0
0
0
0
0
0
0
0
0
0
0
0
0
0
0
0
0
0
0
0
0
0
0
0
0
0
0
0
0
0
0
0
0
0
0
0
0
0
0
0
0
0
0
0
0
0
0
0
0
0
0
0
0
0
0
0
0
0
0
0
0
0
0
0
13106
12813
11948
10554
8700
6475
3988
1358
-1290
-3834
-6159
-8161
-9759
-10890
-11518
-11630
-11242
-10390
-9133
-7544
-5711
-3727
-1687
316
2200
3890
5328
6472
7295
7790
7962
7834
7436
6809
5999
5054
4021
2944
1865
815
-175
-1089
-1910
-2631
-3248
-3759
-4166
-4471
-4676
-4781
-4787
-4694
-4500
-4205
-3808
-3311
-2720
-2042
-1291
-482
362
1218
2059
2854
3575
4193
4681
5019
5189
5182
4995
4634
4110
3444
2661
1793
872
-64
-981
-1843
-2618
-3279
-3806
-4181
-4398
-4454
-4355
-4111
-3739
-3258
-2695
-2073
-1420
-761
-122
475
1012
1473
1848
2130
2316
2410
2418
2349
2217
2036
1824
1595
1368
1156
972
826
721
661
640
652
685
722
746
738
678
548
335
27
-378
-878
-1461
-2106
-2786
-3466
-4105
-4659
-5083
-5333
-5370
-5164
-4692
-3949
-2941
-1692
-240
1358
3037
4717
6314
7739
8907
9742
10177
10166
9681
8719
7302
5477
3316
912
-1626
-4177
-6613
-8810
-10649
-12029
-12869
-13116
-12744
-11761
-10209
-8157
-5704
-2971
-94
2779
5506
7945
9975
11494
12427
12734
12407
11471
9987
8042
5749
3235
641
-1894
-4236
-6266
-7884
-9015
-9615
-9672
-9204
-8257
-6905
-5242
-3377
-1424
497
2278
3820
5044
5891
6329
6350
5973
5238
4208
2958
1576
152
-1223
-2467
-3508
-4288
-4768
-4930
-4773
-4318
-3601
-2671
-1591
-427
750
1875
2884
3725
4356
4748
4888
4776
4424
3858
3112
2229
1256
244
-758
-1706
-2557
-3276
-3836
-4219
-4414
-4420
-4246
-3905
-3418
-2813
-2118
-1367
-593
170
892
1544
2101
2545
2860
3041
3085
2999
2793
2485
2096
1653
1183
715
276
-108
-418
-637
-756
-775
-699
-543
-327
-76
177
404
573
655
628
476
194
-213
-732
-1336
-1990
-2650
-3269
-3797
-4183
-4384
-4364
-4098
-3575
-2800
-1794
-596
743
2159
3578
4923
6113
7076
7748
8076
8028
7591
6773
5603
4131
2427
572
-1340
-3215
-4956
-6474
-7693
-8552
-9010
-9051
-8677
-7917
-6818
-5443
-3871
-2187
-479
1168
2676
3981
5032
5796
6259
6425
6314
5961
5411
4715
3926
3096
2271
1490
779
156
-375
-820
-1192
-1508
-1790
-2058
-2327
-2608
-2901
-3199
-3485
-3734
-3918
-4002
-3955
-3749
-3364
-2790
-2032
-1109
-54
1084
2248
3372
4384
5215
5803
6097
6063
5685
4972
3953
2679
1224
-327
-1877
-3326
-4576
-5540
-6149
-6353
-6130
-5487
-4460
-3109
-1524
192
1923
3549
4954
6035
6710
6923
6648
5894
4703
3145
1321
-649
-2636
-4505
-6127
-7387
-8196
-8492
-8248
-7473
-6213
-4545
-2575
-430
1751
3828
5667
7151
8185
8709
8696
8156
7134
5708
3983
2082
138
-1715
-3355
-4676
-5597
-6072
-6086
-5659
-4848
-3732
-2418
-1023
330
1528
2466
3066
3277
3082
2500
1580
404
-924
-2284
-3551
-4600
-5324
-5635
-5477
-4828
-3706
-2164
-291
1794
3952
6032
7882
9359
10342
10740
10498
9603
8086
6022
3522
729
-2189
-5057
-7699
-9948
-11665
-12740
-13106
-12740
-11665
-9948
-7699
-5057
-2189
729
3522
6022
8086
9603
10498
10740
10342
9359
7882
6032
3952
1794
-291
-2164
-3706
-4828
-5477
-5635
-5324
-4600
-3551
-2284
-924
404
1580
2500
3082
3277
3066
2466
1528
330
-1023
-2418
-3732
-4848
-5659
-6086
-6072
-5597
-4676
-3355
-1715
138
2082
3983
5708
7134
8156
8696
8709
8185
7151
5667
3828
1751
-430
-2575
-4545
-6213
-7473
-8248
-8492
-8196
-7387
-6127
-4505
-2636
-649
1321
3145
4703
5894
6648
6923
6710
6035
4954
3549
1923
192
-1524
-3109
-4460
-5487
-6130
-6353
-6149
-5540
-4576
-3326
-1877
-327
1224
2679
3953
4972
5685
6063
6097
5803
5215
4384
3372
2248
1084
-54
-1109
-2032
-2790
-3364
-3749
-3955
-4002
-3918
-3734
-3485
-3199
-2901
-2608
-2327
-2058
-1790
-1508
-1192
-820
-375
156
779
1490
2271
3096
3926
4715
5411
5961
6314
6425
6259
5796
5032
3981
2676
1168
-479
-2187
-3871
-5443
-6818
-7917
-8677
-9051
-9010
-8552
-7693
-6474
-4956
-3215
-1340
572
2427
4131
5603
6773
7591
8028
8076
7748
7076
6113
4923
3578
2159
743
-596
-1794
-2800
-3575
-4098
-4364
-4384
-4183
-3797
-3269
-2650
-1990
-1336
-732
-213
194
476
628
655
573
404
177
-76
-327
-543
-699
-775
-756
-637
-418
-108
276
715
1183
1653
2096
2485
2793
2999
3085
3041
2860
2545
2101
1544
892
170
-593
-1367
-2118
-2813
-3418
-3905
-4246
-4420
-4414
-4219
-3836
-3276
-2557
-1706
-758
244
1256
2229
3112
3858
4424
4776
4888
4748
4356
3725
2884
1875
750
-427
-1591
-2671
-3601
-4318
-4773
-4930
-4768
-4288
-3508
-2467
-1223
152
1576
2958
4208
5238
5973
6350
6329
5891
5044
3820
2278
497
-1424
-3377
-5242
-6905
-8257
-9204
-9672
-9615
-9015
-7884
-6266
-4236
-1894
641
3235
5749
8042
9987
11471
12407
12734
12427
11494
9975
7945
5506
2779
-94
-2971
-5704
-8157
-10209
-11761
-12744
-13116
-12869
-12029
-10649
-8810
-6613
-4177
-1626
912
3316
5477
7302
8719
9681
10166
10177
9742
8907
7739
6314
4717
3037
1358
-240
-1692
-2941
-3949
-4692
-5164
-5370
-5333
-5083
-4659
-4105
-3466
-2786
-2106
-1461
-878
-378
27
335
548
678
738
746
722
685
652
640
661
721
826
972
1156
1368
1595
1824
2036
2217
2349
2418
2410
2316
2130
1848
1473
1012
475
-122
-761
-1420
-2073
-2695
-3258
-3739
-4111
-4355
-4454
-4398
-4181
-3806
-3279
-2618
-1843
-981
-64
872
1793
2661
3444
4110
4634
4995
5182
5189
5019
4681
4193
3575
2854
2059
1218
362
-482
-1291
-2042
-2720
-3311
-3808
-4205
-4500
-4694
-4787
-4781
-4676
-4471
-4166
-3759
-3248
-2631
-1910
-1089
-175
815
1865
2944
4021
5054
5999
6809
7436
7834
7962
7790
7295
6472
5328
3890
2200
316
-1687
-3727
-5711
-7544
-9133
-10390
-11242
-11630
-11518
-10890
-9759
-8161
-6159
-3834
-1290
1358
3988
6475
8700
10554
11948
12813
0
0
0
0
0
0
0
0
0
0
0
0
0
0
0
0
0
0
0
0
0
0
0
0
0
0
0
0
0
0
0
0
0
0
0
0
0
0
0
0
0
0
0
0
0
0
0
0
0
0
0
0
0
0
0
0
0
0
0
0
0
0
0
0
0
0
0
-9830
-9606
-8945
-7880
-6465
-4769
-2876
-877
1130
3055
4806
6308
7497
8327
8772
8822
8491
7807
6816
5573
4144
2600
1013
-548
-2021
-3349
-4488
-5404
-6075
-6490
-6651
-6567
-6256
-5743
-5055
-4226
-3288
-2273
-1214
-142
912
1922
2862
3706
4433
5020
5448
5701
5767
5635
5304
4774
4057
3170
2138
995
-217
-1455
-2664
-3794
-4791
-5605
-6194
-6523
-6569
-6321
-5783
-4976
-3930
-2695
-1325
110
1544
2904
4122
5136
5896
6365
6521
6360
5894
5155
4184
3040
1786
493
-770
-1938
-2951
-3762
-4338
-4660
-4725
-4548
-4155
-3586
-2889
-2119
-1328
-571
105
666
1083
1345
1451
1413
1257
1016
728
437
184
6
-66
-14
169
482
905
1410
1958
2503
2995
3385
3625
3678
3513
3115
2484
1633
593
-591
-1864
-3161
-4411
-5540
-6481
-7170
-7557
-7605
-7293
-6622
-5607
-4286
-2712
-952
913
2799
4617
6278
7701
8816
9566
9910
9828
9319
8402
7116
5517
3675
1672
-402
-2457
-4403
-6154
-7636
-8786
-9559
-9927
-9879
-9424
-8591
-7422
-5976
-4322
-2536
-700
1105
2804
4327
5614
6620
7312
7677
7713
7437
6877
6077
5086
3962
2764
1552
383
-694
-1638
-2418
-3016
-3424
-3645
-3696
-3599
-3383
-3084
-2734
-2369
-2017
-1703
-1443
-1246
-1110
-1029
-986
-963
-934
-878
-770
-594
-337
5
429
922
1462
2022
2569
3066
3477
3769
3914
3892
3694
3320
2784
2108
1329
487
-370
-1194
-1936
-2554
-3015
-3293
-3379
-3276
-3001
-2584
-2064
-1490
-914
-387
42
337
469
427
214
-148
-626
-1168
-1715
-2202
-2564
-2740
-2680
-2350
-1732
-834
315
1664
3140
4654
6105
7387
8397
9040
9238
8937
8111
6766
4940
2706
166
-2553
-5309
-7945
-10306
-12248
-13643
-14391
-14427
-13726
-12302
-10216
-7566
-4484
-1132
2311
5661
8733
11361
13399
14740
15312
15093
14102
12405
10109
7354
4303
1135
-1966
-4829
-7298
-9247
-10584
-11259
-11263
-10630
-9434
-7779
-5797
-3634
-1442
632
2457
3925
4956
5507
5570
5175
4381
3278
1974
589
-754
-1942
-2874
-3473
-3690
-3507
-2938
-2029
-851
501
1922
3297
4515
5478
6103
6332
6138
5522
4516
3179
1597
-129
-1889
-3568
-5057
-6262
-7105
-7536
-7532
-7099
-6272
-5110
-3693
-2118
-488
1092
2527
3731
4638
5207
5419
5280
4823
4100
3178
2138
1063
34
-872
-1597
-2095
-2342
-2334
-2087
-1638
-1035
-339
382
1066
1648
2079
2320
2348
2159
1764
1193
486
-304
-1124
-1913
-2618
-3190
-3594
-3804
-3811
-3618
-3242
-2712
-2063
-1339
-582
164
865
1489
2016
2433
2738
2937
3041
3069
3036
2961
2857
2732
2590
2426
2230
1986
1680
1292
809
223
-465
-1246
-2099
-2989
-3873
-4700
-5413
-5953
-6266
-6305
-6036
-5441
-4522
-3302
-1825
-155
1624
3420
5127
6643
7867
8716
9120
9036
8451
7380
5870
3995
1858
-422
-2713
-4877
-6781
-8307
-9356
-9857
-9773
-9103
-7882
-6180
-4098
-1763
681
3085
5299
7184
8622
9523
9830
9523
8622
7184
5299
3085
681
-1763
-4098
-6180
-7882
-9103
-9773
-9857
-9356
-8307
-6781
-4877
-2713
-422
1858
3995
5870
7380
8451
9036
9120
8716
7867
6643
5127
3420
1624
-155
-1825
-3302
-4522
-5441
-6036
-6305
-6266
-5953
-5413
-4700
-3873
-2989
-2099
-1246
-465
223
809
1292
1680
1986
2230
2426
2590
2732
2857
2961
3036
3069
3041
2937
2738
2433
2016
1489
865
164
-582
-1339
-2063
-2712
-3242
-3618
-3811
-3804
-3594
-3190
-2618
-1913
-1124
-304
486
1193
1764
2159
2348
2320
2079
1648
1066
382
-339
-1035
-1638
-2087
-2334
-2342
-2095
-1597
-872
34
1063
2138
3178
4100
4823
5280
5419
5207
4638
3731
2527
1092
-488
-2118
-3693
-5110
-6272
-7099
-7532
-7536
-7105
-6262
-5057
-3568
-1889
-129
1597
3179
4516
5522
6138
6332
6103
5478
4515
3297
1922
501
-851
-2029
-2938
-3507
-3690
-3473
-2874
-1942
-754
589
1974
3278
4381
5175
5570
5507
4956
3925
2457
632
-1442
-3634
-5797
-7779
-9434
-10630
-11263
-11259
-10584
-9247
-7298
-4829
-1966
1135
4303
7354
10109
12405
14102
15093
15312
14740
13399
11361
8733
5661
2311
-1132
-4484
-7566
-10216
-12302
-13726
-14427
-14391
-13643
-12248
-10306
-7945
-5309
-2553
166
2706
4940
6766
8111
8937
9238
9040
8397
7387
6105
4654
3140
1664
315
-834
-1732
-2350
-2680
-2740
-2564
-2202
-1715
-1168
-626
-148
214
427
469
337
42
-387
-914
-1490
-2064
-2584
-3001
-3276
-3379
-3293
-3015
-2554
-1936
-1194
-370
487
1329
2108
2784
3320
3694
3892
3914
3769
3477
3066
2569
2022
1462
922
429
5
-337
-594
-770
-878
-934
-963
-986
-1029
-1110
-1246
-1443
-1703
-2017
-2369
-2734
-3084
-3383
-3599
-3696
-3645
-3424
-3016
-2418
-1638
-694
383
1552
2764
3962
5086
6077
6877
7437
7713
7677
7312
6620
5614
4327
2804
1105
-700
-2536
-4322
-5976
-7422
-8591
-9424
-9879
-9927
-9559
-8786
-7636
-6154
-4403
-2457
-402
1672
3675
5517
7116
8402
9319
9828
9910
9566
8816
7701
6278
4617
2799
913
-952
-2712
-4286
-5607
-6622
-7293
-7605
-7557
-7170
-6481
-5540
-4411
-3161
-1864
-591
593
1633
2484
3115
3513
3678
3625
3385
2995
2503
1958
1410
905
482
169
-14
-66
6
184
437
728
1016
1257
1413
1451
1345
1083
666
105
-571
-1328
-2119
-2889
-3586
-4155
-4548
-4725
-4660
-4338
-3762
-2951
-1938
-770
493
1786
3040
4184
5155
5894
6360
6521
6365
5896
5136
4122
2904
1544
110
-1325
-2695
-3930
-4976
-5783
-6321
-6569
-6523
-6194
-5605
-4791
-3794
-2664
-1455
-217
995
2138
3170
4057
4774
5304
5635
5767
5701
5448
5020
4433
3706
2862
1922
912
-142
-1214
-2273
-3288
-4226
-5055
-5743
-6256
-6567
-6651
-6490
-6075
-5404
-4488
-3349
-2021
-548
1013
2600
4144
5573
6816
7807
8491
8822
8772
8327
7497
6308
4806
3055
1130
-877
-2876
-4769
-6465
-7880
-8945
-9606
0
0
0
0
0
0
0
0
0
0
0
0
0
0
0
0
0
0
0
0
0
0
0
0
0
0
0
0
0
0
0
0
0
0
0
0
0
0
0
0
0
0
0
0
0
0
0
0
0
0
0
0
0
0
0
0
0
0
0
0
0
0
0
0
0
0
0
9830
9563
8779
7522
5866
3905
1752
-470
-2637
-4627
-6331
-7657
-8536
-8928
-8822
-8234
-7211
-5823
-4160
-2329
-440
1392
3063
4478
5562
6263
6555
6437
5936
5103
4005
2729
1368
18
-1229
-2292
-3105
-3620
-3813
-3685
-3258
-2578
-1705
-717
303
1271
2107
2740
3116
3200
2978
2462
1683
695
-432
-1618
-2774
-3811
-4648
-5214
-5456
-5343
-4866
-4040
-2905
-1524
24
1649
3251
4730
5994
6959
7563
7763
7540
6902
5880
4532
2931
1168
-658
-2447
-4099
-5525
-6652
-7423
-7807
-7792
-7392
-6643
-5598
-4325
-2904
-1417
53
1431
2650
3660
4425
4926
5165
5157
4931
4527
3991
3371
2715
2063
1450
898
421
20
-310
-589
-835
-1069
-1314
-1584
-1890
-2230
-2598
-2972
-3325
-3624
-3831
-3909
-3823
-3549
-3069
-2384
-1506
-465
693
1912
3122
4249
5219
5960
6413
6530
6284
5671
4709
3439
1925
251
-1486
-3183
-4733
-6035
-7000
-7559
-7666
-7302
-6480
-5240
-3651
-1807
181
2191
4095
5773
7114
8029
8454
8355
7733
6620
5080
3205
1109
-1078
-3225
-5197
-6872
-8148
-8947
-9220
-8952
-8162
-6901
-5249
-3308
-1199
951
3014
4871
6416
7568
8269
8495
8249
7565
6504
5146
3588
1934
290
-1244
-2584
-3662
-4432
-4871
-4985
-4798
-4358
-3728
-2978
-2185
-1424
-759
-243
88
220
156
-77
-440
-878
-1327
-1720
-1994
-2093
-1974
-1612
-1002
-160
878
2057
3307
4546
5689
6650
7351
7727
7727
7327
6521
5330
3799
1995
0
-2088
-4166
-6126
-7869
-9303
-10353
-10962
-11099
-10753
-9939
-8694
-7077
-5162
-3037
-797
1460
3640
5653
7420
8875
9969
10670
10962
10846
10339
9472
8287
6835
5176
3370
1483
-420
-2279
-4034
-5629
-7017
-8154
-9008
-9550
-9765
-9645
-9192
-8421
-7356
-6033
-4497
-2802
-1012
804
2577
4233
5704
6926
7848
8428
8642
8481
7955
7093
5941
4561
3024
1413
-185
-1688
-3018
-4105
-4899
-5364
-5487
-5276
-4759
-3985
-3017
-1932
-811
261
1207
1957
2457
2673
2590
2218
1586
747
-234
-1277
-2298
-3211
-3937
-4407
-4572
-4401
-3888
-3049
-1925
-579
910
2453
3954
5315
6447
7275
7740
7806
7461
6720
5620
4221
2601
849
-936
-2659
-4228
-5563
-6600
-7296
-7629
-7600
-7232
-6564
-5655
-4571
-3385
-2169
-989
94
1040
1817
2414
2834
3093
3222
3256
3234
3196
3173
3189
3258
3377
3532
3697
3835
3902
3854
3647
3246
2627
1780
714
-541
-1942
-3424
-4910
-6313
-7544
-8515
-9149
-9382
-9171
-8498
-7370
-5824
-3924
-1756
571
2940
5222
7291
9031
10341
11144
11389
11059
10167
8761
6917
4737
2341
-136
-2561
-4801
-6734
-8262
-9308
-9826
-9802
-9253
-8226
-6795
-5054
-3116
-1097
882
2710
4289
5537
6398
6839
6857
6470
5724
4682
3421
2030
598
-784
-2038
-3095
-3902
-4425
-4648
-4574
-4226
-3638
-2860
-1948
-962
36
990
1848
2568
3117
3476
3636
3600
3379
2996
2476
1852
1158
428
-302
-1003
-1646
-2206
-2662
-3000
-3206
-3276
-3206
-3000
-2662
-2206
-1646
-1003
-302
428
1158
1852
2476
2996
3379
3600
3636
3476
3117
2568
1848
990
36
-962
-1948
-2860
-3638
-4226
-4574
-4648
-4425
-3902
-3095
-2038
-784
598
2030
3421
4682
5724
6470
6857
6839
6398
5537
4289
2710
882
-1097
-3116
-5054
-6795
-8226
-9253
-9802
-9826
-9308
-8262
-6734
-4801
-2561
-136
2341
4737
6917
8761
10167
11059
11389
11144
10341
9031
7291
5222
2940
571
-1756
-3924
-5824
-7370
-8498
-9171
-9382
-9149
-8515
-7544
-6313
-4910
-3424
-1942
-541
714
1780
2627
3246
3647
3854
3902
3835
3697
3532
3377
3258
3189
3173
3196
3234
3256
3222
3093
2834
2414
1817
1040
94
-989
-2169
-3385
-4571
-5655
-6564
-7232
-7600
-7629
-7296
-6600
-5563
-4228
-2659
-936
849
2601
4221
5620
6720
7461
7806
7740
7275
6447
5315
3954
2453
910
-579
-1925
-3049
-3888
-4401
-4572
-4407
-3937
-3211
-2298
-1277
-234
747
1586
2218
2590
2673
2457
1957
1207
261
-811
-1932
-3017
-3985
-4759
-5276
-5487
-5364
-4899
-4105
-3018
-1688
-185
1413
3024
4561
5941
7093
7955
8481
8642
8428
7848
6926
5704
4233
2577
804
-1012
-2802
-4497
-6033
-7356
-8421
-9192
-9645
-9765
-9550
-9008
-8154
-7017
-5629
-4034
-2279
-420
1483
3370
5176
6835
8287
9472
10339
10846
10962
10670
9969
8875
7420
5653
3640
1460
-797
-3037
-5162
-7077
-8694
-9939
-10753
-11099
-10962
-10353
-9303
-7869
-6126
-4166
-2088
0
1995
3799
5330
6521
7327
7727
7727
7351
6650
5689
4546
3307
2057
878
-160
-1002
-1612
-1974
-2093
-1994
-1720
-1327
-878
-440
-77
156
220
88
-243
-759
-1424
-2185
-2978
-3728
-4358
-4798
-4985
-4871
-4432
-3662
-2584
-1244
290
1934
3588
5146
6504
7565
8249
8495
8269
7568
6416
4871
3014
951
-1199
-3308
-5249
-6901
-8162
-8952
-9220
-8947
-8148
-6872
-5197
-3225
-1078
1109
3205
5080
6620
7733
8355
8454
8029
7114
5773
4095
2191
181
-1807
-3651
-5240
-6480
-7302
-7666
-7559
-7000
-6035
-4733
-3183
-1486
251
1925
3439
4709
5671
6284
6530
6413
5960
5219
4249
3122
1912
693
-465
-1506
-2384
-3069
-3549
-3823
-3909
-3831
-3624
-3325
-2972
-2598
-2230
-1890
-1584
-1314
-1069
-835
-589
-310
20
421
898
1450
2063
2715
3371
3991
4527
4931
5157
5165
4926
4425
3660
2650
1431
53
-1417
-2904
-4325
-5598
-6643
-7392
-7792
-7807
-7423
-6652
-5525
-4099
-2447
-658
1168
2931
4532
5880
6902
7540
7763
7563
6959
5994
4730
3251
1649
24
-1524
-2905
-4040
-4866
-5343
-5456
-5214
-4648
-3811
-2774
-1618
-432
695
1683
2462
2978
3200
3116
2740
2107
1271
303
-717
-1705
-2578
-3258
-3685
-3813
-3620
-3105
-2292
-1229
18
1368
2729
4005
5103
5936
6437
6555
6263
5562
4478
3063
1392
-440
-2329
-4160
-5823
-7211
-8234
-8822
-8928
-8536
-7657
-6331
-4627
-2637
-470
1752
3905
5866
7522
8779
9563
0
0
0
0
0
0
0
0
0
0
0
0
0
0
0
0
0
0
0
0
0
0
0
0
0
0
0
0
0
0
0
0
0
0
0
0
0
0
0
0
0
0
0
0
0
0
0
0
0
0
0
0
0
0
0
0
0
0
0
0
0
0
0
0
0
0
0
6553
6467
6209
5780
5181
4418
3499
2436
1250
-30
-1370
-2728
-4051
-5286
-6376
-7263
-7895
-8228
-8228
-7877
-7174
-6134
-4795
-3209
-1447
409
2270
4040
5630
6955
7945
8547
8732
8491
7841
6823
5498
3946
2258
531
-1135
-2651
-3937
-4930
-5589
-5895
-5854
-5494
-4864
-4029
-3065
-2053
-1072
-194
520
1028
1307
1356
1194
860
406
-100
-593
-1002
-1267
-1338
-1185
-796
-183
622
1568
2585
3593
4508
5248
5735
5912
5736
5191
4286
3057
1563
-112
-1873
-3613
-5220
-6592
-7637
-8282
-8481
-8216
-7496
-6364
-4887
-3157
-1280
625
2444
4063
5388
6343
6880
6980
6654
5944
4916
3658
2272
866
-452
-1587
-2459
-3010
-3211
-3061
-2589
-1850
-920
104
1124
2035
2743
3168
3252
2966
2309
1313
37
-1431
-2988
-4515
-5892
-7002
-7744
-8039
-7835
-7115
-5896
-4231
-2204
70
2461
4823
7010
8883
10319
11223
11528
11208
10272
8772
6790
4442
1864
-792
-3372
-5728
-7727
-9260
-10248
-10649
-10457
-9704
-8456
-6808
-4878
-2797
-702
1276
3020
4430
5438
6002
6115
5803
5120
4144
2971
1709
465
-656
-1566
-2196
-2500
-2461
-2091
-1427
-532
512
1614
2674
3594
4289
4686
4736
4415
3724
2695
1381
-138
-1773
-3418
-4968
-6321
-7384
-8085
-8371
-8215
-7616
-6603
-5228
-3563
-1699
261
2213
4052
5683
7023
8009
8597
8770
8530
7906
6943
5705
4267
2708
1112
-440
-1880
-3145
-4189
-4983
-5511
-5774
-5788
-5578
-5181
-4636
-3987
-3276
-2541
-1815
-1125
-487
85
590
1030
1411
1741
2029
2283
2509
2708
2877
3011
3099
3129
3088
2963
2744
2424
2000
1478
869
191
-530
-1268
-1988
-2653
-3230
-3686
-3991
-4125
-4073
-3831
-3405
-2810
-2072
-1223
-304
640
1562
2414
3153
3737
4136
4324
4289
4029
3553
2882
2046
1086
47
-1018
-2057
-3017
-3845
-4498
-4937
-5133
-5070
-4742
-4156
-3333
-2304
-1111
190
1545
2888
4153
5276
6198
6866
7237
7280
6980
6336
5364
4095
2578
872
-950
-2808
-4617
-6290
-7745
-8907
-9711
-10108
-10067
-9574
-8639
-7292
-5584
-3581
-1369
956
3292
5535
7579
9330
10705
11637
12080
12008
11420
10341
8815
6908
4705
2303
-191
-2671
-5026
-7156
-8970
-10393
-11370
-11865
-11866
-11380
-10439
-9091
-7404
-5457
-3337
-1138
1045
3125
5018
6652
7970
8928
9501
9680
9473
8902
8006
6833
5442
3898
2270
625
-967
-2446
-3756
-4852
-5697
-6268
-6553
-6552
-6278
-5756
-5019
-4110
-3078
-1975
-858
219
1207
2059
2737
3215
3474
3511
3333
2959
2422
1761
1023
261
-470
-1120
-1642
-1996
-2154
-2100
-1833
-1366
-726
44
895
1768
2597
3319
3876
4214
4295
4094
3604
2839
1828
620
-720
-2118
-3490
-4751
-5818
-6617
-7087
-7186
-6892
-6207
-5156
-3789
-2175
-400
1435
3228
4872
6270
7337
8005
8232
8000
7320
6229
4791
3091
1229
-679
-2522
-4186
-5570
-6591
-7188
-7327
-7004
-6242
-5093
-3635
-1965
-192
1566
3196
4590
5656
6325
6553
6325
5656
4590
3196
1566
-192
-1965
-3635
-5093
-6242
-7004
-7327
-7188
-6591
-5570
-4186
-2522
-679
1229
3091
4791
6229
7320
8000
8232
8005
7337
6270
4872
3228
1435
-400
-2175
-3789
-5156
-6207
-6892
-7186
-7087
-6617
-5818
-4751
-3490
-2118
-720
620
1828
2839
3604
4094
4295
4214
3876
3319
2597
1768
895
44
-726
-1366
-1833
-2100
-2154
-1996
-1642
-1120
-470
261
1023
1761
2422
2959
3333
3511
3474
3215
2737
2059
1207
219
-858
-1975
-3078
-4110
-5019
-5756
-6278
-6552
-6553
-6268
-5697
-4852
-3756
-2446
-967
625
2270
3898
5442
6833
8006
8902
9473
9680
9501
8928
7970
6652
5018
3125
1045
-1138
-3337
-5457
-7404
-9091
-10439
-11380
-11866
-11865
-11370
-10393
-8970
-7156
-5026
-2671
-191
2303
4705
6908
8815
10341
11420
12008
12080
11637
10705
9330
7579
5535
3292
956
-1369
-3581
-5584
-7292
-8639
-9574
-10067
-10108
-9711
-8907
-7745
-6290
-4617
-2808
-950
872
2578
4095
5364
6336
6980
7280
7237
6866
6198
5276
4153
2888
1545
190
-1111
-2304
-3333
-4156
-4742
-5070
-5133
-4937
-4498
-3845
-3017
-2057
-1018
47
1086
2046
2882
3553
4029
4289
4324
4136
3737
3153
2414
1562
640
-304
-1223
-2072
-2810
-3405
-3831
-4073
-4125
-3991
-3686
-3230
-2653
-1988
-1268
-530
191
869
1478
2000
2424
2744
2963
3088
3129
3099
3011
2877
2708
2509
2283
2029
1741
1411
1030
590
85
-487
-1125
-1815
-2541
-3276
-3987
-4636
-5181
-5578
-5788
-5774
-5511
-4983
-4189
-3145
-1880
-440
1112
2708
4267
5705
6943
7906
8530
8770
8597
8009
7023
5683
4052
2213
261
-1699
-3563
-5228
-6603
-7616
-8215
-8371
-8085
-7384
-6321
-4968
-3418
-1773
-138
1381
2695
3724
4415
4736
4686
4289
3594
2674
1614
512
-532
-1427
-2091
-2461
-2500
-2196
-1566
-656
465
1709
2971
4144
5120
5803
6115
6002
5438
4430
3020
1276
-702
-2797
-4878
-6808
-8456
-9704
-10457
-10649
-10248
-9260
-7727
-5728
-3372
-792
1864
4442
6790
8772
10272
11208
11528
11223
10319
8883
7010
4823
2461
70
-2204
-4231
-5896
-7115
-7835
-8039
-7744
-7002
-5892
-4515
-2988
-1431
37
1313
2309
2966
3252
3168
2743
2035
1124
104
-920
-1850
-2589
-3061
-3211
-3010
-2459
-1587
-452
866
2272
3658
4916
5944
6654
6980
6880
6343
5388
4063
2444
625
-1280
-3157
-4887
-6364
-7496
-8216
-8481
-8282
-7637
-6592
-5220
-3613
-1873
-112
1563
3057
4286
5191
5736
5912
5735
5248
4508
3593
2585
1568
622
-183
-796
-1185
-1338
-1267
-1002
-593
-100
406
860
1194
1356
1307
1028
520
-194
-1072
-2053
-3065
-4029
-4864
-5494
-5854
-5895
-5589
-4930
-3937
-2651
-1135
531
2258
3946
5498
6823
7841
8491
8732
8547
7945
6955
5630
4040
2270
409
-1447
-3209
-4795
-6134
-7174
-7877
-8228
-8228
-7895
-7263
-6376
-5286
-4051
-2728
-1370
-30
1250
2436
3499
4418
5181
5780
6209
6467
0
0
0
0
0
0
0
0
0
0
0
0
0
0
0
0
0
0
0
0
0
0
0
0
0
0
0
0
0
0
0
0
0
0
0
0
0
0
0
0
0
0
0
0
0
0
0
0
0
0
0
0
0
0
0
0
0
0
0
0
0
0
0
0
0
0
0
