0
4278
8485
12550
16402
19973
23203
26035
28419
30314
31684
32507
32766
32456
31581
30156
28203
25758
22860
19561
15917
11991
7852
3573
-771
-5106
-9352
-13436
-17284
-20829
-24006
-26759
-29038
-30801
-32015
-32660
-32720
-32196
-31094
-29434
-27244
-24563
-21439
-17925
-14087
-9991
-5712
-1327
3083
7441
11667
15683
19415
22796
25762
28259
30239
31667
32514
32764
32412
31462
29931
27847
25247
22178
18696
14865
10755
6443
2009
-2465
-6896
-11201
-15299
-19113
-22570
-25606
-28162
-30190
-31650
-32514
-32764
-32394
-31411
-29832
-27686
-25012
-21861
-18292
-14372
-10175
-5781
-1274
3259
7733
12062
16161
19951
23359
26318
28771
30668
31973
32659
32711
32127
30919
29107
26727
23823
20452
16679
12577
8226
3711
-879
-5455
-9926
-14204
-18204
-21846
-25058
-27775
-29942
-31516
-32464
-32766
-32415
-31417
-29790
-27567
-24790
-21514
-17805
-13736
-9388
-4849
-209
4437
8997
13377
17489
21248
24578
27411
29687
31359
32393
32765
32468
31507
29899
27676
24884
21579
17828
13707
9301
4700
0
-4703
-9311
-13729
-17864
-21629
-24947
-27746
-29968
-31566
-32503
-32761
-32332
-31225
-29460
-27076
-24119
-20653
-16748
-12488
-7961
-3263
1506
6246
10856
15238
19298
22949
26112
28719
30713
32051
32702
32651
31900
30461
28366
25658
22395
18646
14492
10022
5332
524
-4298
-9029
-13567
-17811
-21669
-25055
-27896
-30127
-31699
-32577
-32739
-32182
-30916
-28967
-26379
-23206
-19519
-15397
-10932
-6222
-1372
3511
8320
12945
17284
21240
24723
27655
29968
31611
32545
32748
32214
30954
28995
26381
23169
19431
15252
10724
5950
1038
-3899
-8751
-13405
-17757
-21705
-25159
-28038
-30277
-31822
-32637
-32702
-32014
-30588
-28456
-25665
-22280
-18377
-14047
-9388
-4509
477
5455
10308
14924
19194
23018
26305
28979
30974
32243
32756
32498
31476
29711
27244
24133
20449
16280
11722
6884
1880
-3170
-8148
-12935
-17416
-21484
-25041
-28000
-30291
-31856
-32659
-32677
-31909
-30373
-28105
-25157
-21600
-17520
-13013
-8189
-3163
1941
7001
11893
16499
20705
24407
27516
29953
31659
32589
32721
32049
30590
28377
25463
21921
17836
13307
8448
3377
-1780
-6896
-11843
-16499
-20746
-24479
-27603
-30040
-31727
-32621
-32699
-31957
-30413
-28105
-25088
-21439
-17247
-12618
-7668
-2522
2689
7836
12787
17416
21605
25247
28248
30530
32035
32723
32574
31592
29801
27244
23987
20112
15718
10917
5832
595
-4660
-9798
-14685
-19194
-23208
-26622
-29345
-31307
-32455
-32757
-32206
-30813
-28614
-25665
-22043
-17841
-13169
-8148
-2911
2405
7661
12717
17440
21705
25397
28419
30689
32146
32750
32483
31352
29385
26633
23169
19084
14487
9500
4255
-1105
-6439
-11603
-16457
-20870
-24723
-27911
-30346
-31961
-32712
-32578
-31559
-29684
-27001
-23582
-19519
-14922
-9916
-4636
771
6162
11386
16301
20770
24671
27896
30354
31977
32719
32558
31498
29565
26813
23317
19172
14492
9407
4058
-1405
-6833
-12073
-16978
-21411
-25247
-28377
-30713
-32188
-32760
-32410
-31148
-29007
-26047
-22351
-18021
-13179
-7961
-2516
3003
8440
13640
18454
22745
26389
29282
31340
32503
32737
32033
30409
27913
24613
20604
16000
10932
5547
0
-5550
-10942
-16021
-20637
-24657
-27963
-30458
-32068
-32745
-32468
-31244
-29107
-26118
-22364
-17952
-13013
-7689
-2137
3479
8997
14252
19090
23367
26955
29748
31662
32640
32650
31691
29790
27003
23411
19119
14256
8965
3403
-2262
-7862
-13230
-18204
-22633
-26385
-29345
-31423
-32556
-32707
-31871
-30072
-27362
-23823
-19561
-14703
-9397
-3803
1908
7565
12994
18030
22517
26318
29316
31419
32559
32702
31841
30001
27238
23635
19302
14372
8996
3339
-2422
-8112
-13553
-18577
-23026
-26761
-29667
-31650
-32648
-32629
-31591
-29565
-26615
-22829
-18327
-13249
-7752
-2009
3799
9491
14886
19815
24120
27666
30338
32052
32751
32412
31044
28690
25423
21345
16586
11295
5642
-193
-6025
-11667
-16938
-21669
-25706
-28920
-31206
-32489
-32726
-31909
-30063
-27244
-23544
-19081
-13998
-8460
-2644
3259
9060
14569
19606
24006
27626
30346
32075
32756
32366
30916
28451
25051
20827
15917
10480
4696
-1244
-7147
-12817
-18065
-22719
-26622
-29644
-31684
-32674
-32578
-31398
-29173
-25975
-21909
-17110
-11737
-5969
0
5972
11747
17130
21941
26016
29217
31436
32596
32657
31615
29504
26395
22390
17625
12260
6476
470
-5554
-11392
-16845
-21726
-25867
-29127
-31393
-32585
-32662
-31619
-29491
-26349
-22301
-17483
-12062
-6222
-166
5898
11762
17222
22088
26191
29387
31566
32648
32597
31411
29131
25835
21636
16679
11138
5205
-912
-7001
-12847
-18244
-23003
-26955
-29960
-31912
-32739
-32412
-30940
-28374
-24803
-20353
-15179
-9465
-3413
2763
8843
14612
19863
24407
28083
30758
32334
32755
32003
30103
27124
23169
18381
12929
7010
836
-5370
-11386
-16993
-21989
-26191
-29446
-31636
-32680
-32538
-31214
-28754
-25247
-20819
-15630
-9868
-3744
2518
8692
14551
19879
24480
28184
30855
32393
32739
31880
29845
26709
22585
17625
12011
5950
-333
-6607
-12639
-18204
-23094
-27128
-30152
-32055
-32763
-32248
-30528
-27666
-23767
-18976
-13473
-7461
-1167
5173
11322
17047
22132
26385
29644
31785
32724
32427
30901
28203
24435
19738
14288
8294
1981
-4409
-10635
-16457
-21654
-26025
-29402
-31656
-32697
-32485
-31027
-28377
-24634
-19943
-14481
-8460
-2109
4324
10594
16457
21686
26077
29459
31699
32710
32451
30929
28203
24378
19601
14056
7961
1552
-4919
-11201
-17047
-22227
-26537
-29806
-31906
-32751
-32307
-30590
-27666
-23648
-18696
-13002
-6791
-309
6187
12441
18204
23246
27366
30398
32222
32762
31995
29951
26709
22398
17189
11289
4935
-1619
-8112
-14281
-19879
-24678
-28486
-31147
-32552
-32643
-31416
-28917
-25247
-20553
-15023
-8882
-2378
4225
10659
16662
21989
26421
29777
31918
32756
32254
30432
27362
23169
18024
12137
5748
-879
-7473
-13762
-19485
-24407
-28323
-31070
-32533
-32650
-31414
-28875
-25136
-20353
-14721
-8475
-1874
4807
11292
17307
22602
26955
30182
32146
32765
32010
29911
26556
22083
16679
10571
4016
-2711
-9326
-15551
-21121
-25799
-29387
-31732
-32732
-32344
-30582
-27520
-23286
-18060
-12062
-5547
1206
7911
14280
20041
24947
28786
31393
32653
32513
30975
28105
24024
18906
12972
6476
-301
-7069
-13534
-19415
-24458
-28443
-31196
-32596
-32580
-31148
-28360
-24336
-19250
-13322
-6811
0
6813
13332
19269
24364
28393
31178
32594
32578
31129
28309
24241
19103
13120
6555
-301
-7147
-13680
-19609
-24671
-28641
-31340
-32648
-32505
-30916
-27948
-23735
-18460
-12360
-5706
1206
8067
14569
20421
25359
29162
31656
32728
32328
30473
27244
22786
17298
11027
4255
-2711
-9557
-15974
-21669
-26383
-29901
-32062
-32766
-31979
-29736
-26137
-21345
-15577
-9095
-2195
4807
11593
17850
23291
27666
30771
32464
32665
31362
28614
24546
19345
13249
6538
-477
-7473
-14125
-20126
-25196
-29098
-31650
-32732
-32292
-30349
-26991
-22374
-16712
-10266
-3339
3746
10659
17076
22694
27251
30530
32377
32702
31489
28793
24740
19519
13375
6597
-494
-7565
-14281
-20323
-25404
-29282
-31772
-32753
-32178
-30072
-26533
-21729
-15887
-9285
-2238
4919
11843
18204
23695
28052
31066
32589
32548
30942
27847
23411
17845
11416
4435
-2763
-9830
-16425
-22227
-26955
-30378
-32330
-32713
-31507
-28769
-24631
-19293
-13013
-6096
1120
8285
15047
21076
26077
29802
32068
32763
31850
29372
25451
20276
14101
7230
0
-7232
-14111
-20295
-25478
-29402
-31872
-32764
-32033
-29711
-25913
-20827
-14703
-7845
-595
6688
13640
19914
25196
29220
31785
32759
32093
29819
26047
20967
14832
7950
664
-6656
-13645
-19948
-25247
-29273
-31822
-32763
-32046
-29706
-25861
-20703
-14492
-7543
-209
7138
14125
20396
25629
29557
31977
32766
31880
29363
25342
20022
13674
6622
-771
-8129
-15071
-21240
-26318
-30042
-32219
-32734
-31559
-28754
-24461
-18901
-12360
-5177
2276
9615
16457
22447
27271
30678
32489
32608
31026
27825
23169
17302
10527
3199
-4298
-11573
-18244
-23960
-28419
-31387
-32705
-32302
-30198
-26501
-21406
-15179
-8148
-684
6817
13962
20369
25700
29668
32064
32757
31710
28975
24698
19103
12488
5205
-2358
-9798
-16717
-22745
-27557
-30894
-32577
-32513
-30703
-27244
-22319
-16192
-9191
-1693
5898
13175
19743
25247
29388
31941
32765
31816
29141
24884
19276
12618
5272
-2362
-9871
-16845
-22903
-27714
-31014
-32621
-32445
-30495
-26875
-21781
-15492
-8351
-749
6896
14165
20658
26016
29942
32220
32721
31417
28377
23767
17841
10926
3403
-4310
-11787
-18613
-24407
-28847
-31684
-32759
-32010
-29476
-25298
-19707
-13013
-5590
2148
9769
16845
22980
27828
31116
32659
32366
30254
26438
21133
14635
7310
-430
-8148
-15409
-21801
-26962
-30598
-32502
-32563
-30778
-27244
-22162
-15818
-8572
-836
6950
14343
20920
26305
30190
32350
32661
31103
27762
22829
16586
9388
1649
-6187
-13670
-20369
-25898
-29936
-32249
-32702
-31267
-28024
-23161
-16955
-9766
-2009
5867
13405
20168
25762
29860
32222
32709
31291
28049
23169
16936
9711
1916
-5992
-13553
-20323
-25904
-29968
-32275
-32687
-31179
-27837
-22855
-16527
-9222
-1372
6562
14111
20829
26318
30252
32397
32623
30916
27374
22206
15718
8294
373
-7571
-15067
-21669
-26980
-30683
-32556
-32483
-30469
-26631
-21197
-14492
-6916
1077
9009
16402
22811
27851
31216
32702
32218
29790
25564
19793
12824
5078
-2978
-10856
-18080
-24210
-28873
-31785
-32766
-31757
-28816
-24119
-17952
-10689
-2772
5316
13083
20053
25799
29968
32304
32662
31017
27469
22233
15630
8064
0
-8067
-15639
-22251
-27492
-31038
-32669
-32282
-29899
-25665
-19840
-12785
-4935
3223
11185
18454
24578
29176
31960
32754
31507
28295
23317
16881
9388
1306
-6859
-14599
-21426
-26913
-30713
-32587
-32415
-30206
-26096
-20343
-13307
-5431
2789
10837
18204
24423
29100
31937
32755
31498
28244
23199
16679
9099
938
-7285
-15047
-21854
-27271
-30951
-32659
-32282
-29844
-25497
-19519
-12290
-4271
4023
12062
19330
25359
29762
32252
32670
30984
27303
21861
15008
7184
-1105
-9326
-16947
-23474
-28484
-31650
-32766
-31757
-28687
-23753
-17274
-9670
-1435
6896
14781
21705
27215
30951
32666
32248
29720
25247
19119
11737
3583
-4807
-12886
-20121
-26035
-30239
-32455
-32534
-30469
-26395
-20578
-13400
-5336
3083
11302
18775
25007
29584
32200
32681
30992
27244
21684
14679
6695
-1736
-10055
-17706
-24178
-29038
-31959
-32744
-31340
-27837
-22468
-15592
-7668
771
9163
16942
23583
28641
31772
32764
31548
28203
22955
16155
8261
-193
-8637
-16499
-23246
-28419
-31667
-32766
-31641
-28366
-23161
-16378
-8479
0
8482
16388
23178
28387
31659
32766
31633
28334
23092
16267
8323
-193
-8699
-16610
-23382
-28547
-31748
-32764
-31521
-28105
-22748
-15818
-7793
771
9287
17161
23850
28887
31923
32744
31292
27666
22114
15023
6884
-1736
-10238
-18030
-24565
-29387
-32158
-32681
-30919
-26991
-21173
-13868
-5590
3083
11543
19194
25499
30012
32414
32534
30361
26047
19895
12336
3903
-4807
-13181
-20625
-26610
-30711
-32637
-32248
-29569
-24790
-18247
-10405
-1820
6896
15124
22277
27843
31423
32760
31757
28483
23169
16196
8060
-655
-9326
-17331
-24094
-29127
-32068
-32703
-30984
-27033
-21133
-13707
-5289
3511
12062
19743
25999
30374
32552
32371
29844
25150
18630
10754
2094
-6719
-15047
-22282
-27896
-31478
-32765
-31661
-28244
-22763
-15616
-7324
1506
10228
18204
24847
29668
32313
32585
30461
26096
19809
12062
3423
-5469
-13962
-21426
-27310
-31178
-32740
-31881
-28661
-23317
-16242
-7961
912
9721
17811
24578
29519
32265
32608
30520
26157
19840
12041
3339
-5613
-14150
-21629
-27492
-31296
-32755
-31758
-28377
-22863
-15630
-7219
1736
10564
18599
25234
29968
32443
32468
30041
25342
18725
10689
1842
-7147
-15598
-22868
-28404
-31785
-32751
-31227
-27327
-21345
-13736
-5078
3969
12717
20496
26712
30887
32702
32014
28875
23522
16364
7950
-1077
-10024
-18204
-24986
-29848
-32414
-32483
-30050
-25298
-18593
-10451
-1499
7571
16058
23305
28750
31969
32711
30916
26720
20449
12587
3744
-5391
-14111
-21734
-27666
-31442
-32766
-31533
-27837
-21964
-14372
-5653
3510
12401
20323
26654
30894
32710
31957
28692
23169
15822
7226
-1941
-10958
-19113
-25762
-30378
-32596
-32237
-29328
-24096
-16955
-8469
691
9799
18132
25028
29936
32465
32412
29778
24772
17791
9388
234
-8940
-17404
-24479
-29598
-32350
-32513
-30072
-25219
-18342
-9991
-836
8388
16942
24135
29387
32275
32563
30226
25451
18620
10283
1113
-8148
-16754
-24006
-29316
-32252
-32574
-30254
-25477
-18630
-10266
-1066
8222
16845
24098
29390
32286
32549
30156
25298
18372
9941
695
-8610
-17213
-24407
-29603
-32371
-32482
-29925
-24908
-17841
-9305
0
9307
17850
24924
29942
32491
32356
29546
24293
17028
8351
-1019
-10308
-18745
-25629
-30386
-32621
-32145
-28995
-23432
-15917
-7073
2362
11603
19879
26497
30903
32728
31816
28241
22301
14491
5464
-4023
-13175
-21224
-27492
-31451
-32766
-31324
-27244
-20868
-12732
-3519
5992
15001
22745
28568
31977
32682
30619
25962
19103
10622
1238
-8253
-17047
-24394
-29668
-32420
-32412
-29643
-24347
-16973
-8148
1373
10781
19269
26112
30723
32705
31886
28334
22351
14449
5304
-4298
-13534
-21608
-27826
-31650
-32749
-31026
-26627
-19930
-11510
-2094
7504
16457
23989
29446
32355
32460
29752
24461
17046
8148
-1459
-10942
-19477
-26318
-30870
-32732
-31742
-27983
-21780
-13674
-4371
5316
14541
22496
28484
31977
32669
30495
25645
18541
9807
209
-9410
-18204
-25397
-30356
-32640
-32046
-28625
-22675
-14721
-5464
4278
13645
21806
28038
31787
32719
30748
26047
19032
10324
695
-8997
-17892
-25196
-30256
-32621
-32077
-28669
-22701
-14703
-5389
4409
13816
21989
28193
31872
32694
30582
25725
18555
9715
0
-9718
-18563
-25739
-30598
-32699
-31850
-28126
-21861
-13619
-4144
5708
15047
23026
28920
32194
32549
29951
24631
17073
7961
-1876
-11547
-20168
-26955
-31287
-32766
-31257
-26894
-20073
-11416
-1713
8148
17267
24807
30076
32589
32113
28690
22632
14492
5018
-4919
-14407
-22570
-28657
-32104
-32591
-30072
-24775
-17189
-8012
1907
11653
20323
27113
31393
32763
31094
26539
19519
10683
852
-9060
-18132
-25519
-30530
-32697
-31816
-27965
-21503
-13031
-3339
6667
16052
23938
29584
32459
32292
29097
23169
15065
5543
-4501
-14125
-22423
-28612
-32108
-32578
-29977
-24546
-16798
-7461
2582
12385
21019
27666
31694
32721
30647
25665
18247
9095
-923
-10856
-19760
-26786
-31264
-32766
-31146
-26556
-19431
-10451
-470
9557
18675
26008
30855
32749
31507
27244
20368
11537
1595
-8501
-17784
-25359
-30497
-32702
-31758
-27754
-21074
-12360
-2451
7696
17103
24860
30215
32648
31922
28105
21563
12929
3039
-7147
-16643
-24525
-30025
-32607
-32016
-28309
-21844
-13249
-3359
6859
16412
24364
29939
32588
32050
28377
21924
13322
3413
-6833
-16412
-24382
-29960
-32596
-32028
-28309
-21804
-13150
-3199
7069
16643
24578
30089
32630
31946
28105
21482
12732
2719
-7565
-17103
-24947
-30318
-32680
-31797
-27754
-20951
-12062
-1970
8320
17784
25478
30633
32732
31565
27244
20200
11134
952
-9326
-18675
-26154
-31014
-32765
-31228
-26556
-19215
-9941
333
10578
19760
26955
31436
32749
30759
25665
17979
8475
-1887
-12062
-21019
-27851
-31864
-32650
-30126
-24546
-16475
-6728
3703
13762
22423
28806
32258
32427
29291
23169
14683
4696
-5772
-15653
-23938
-29777
-32571
-32033
-28214
-21503
-12587
-2378
8077
17706
25519
30711
32748
31416
26850
19519
10175
-219
-10594
-19879
-27113
-31549
-32726
-30520
-25157
-17189
-7439
3083
13289
22119
28657
32222
32441
29289
23092
14492
4381
-6187
-16114
-24364
-30076
-32652
-31820
-27666
-20619
-11416
-1017
9491
19008
26537
31287
32757
30792
25595
17709
7961
-2625
-12939
-21894
-28547
-32194
-32451
-29286
-23032
-14346
-4144
6498
16457
24678
30291
32699
31644
27238
19943
10531
0
-10533
-19951
-27251
-31656
-32694
-30254
-24592
-16309
-6286
4409
14637
23305
29487
32519
32077
28203
21312
12137
1660
-8997
-18692
-26385
-31248
-32757
-30748
-25434
-17383
-7461
3266
13645
22556
29038
32390
32248
28625
21909
12824
2351
-8378
-18204
-26061
-31098
-32765
-30880
-25645
-17625
-7689
3083
13524
22496
29023
32393
32235
28565
21780
12618
2077
-8692
-18516
-26318
-31245
-32755
-30681
-25247
-17046
-6975
3863
14280
23132
29446
32527
32033
28015
20915
11510
836
-9932
-19609
-27125
-31650
-32682
-30103
-24198
-15616
-5304
5596
15880
24407
30232
32705
31550
26894
19250
9465
-1373
-12062
-21411
-28379
-32188
-32412
-29022
-22395
-13267
-2656
8253
18244
26197
31222
32754
30619
25054
16679
6433
-4537
-15001
-23783
-29895
-32648
-31731
-27244
-19690
-9916
976
11762
21224
28293
32170
32415
28997
22301
13080
2378
-8595
-18599
-26497
-31393
-32729
-30352
-24528
-15917
-5494
5554
15974
24578
30386
32734
31352
26395
18425
8351
-2679
-13405
-22602
-29217
-32491
-32046
-27932
-20616
-10936
0
10939
20625
27944
32055
32482
29173
22507
13249
2462
-8610
-18692
-26622
-31481
-32707
-30156
-24119
-15293
-4696
6446
16845
25296
30817
32766
30916
25477
17079
6695
-4468
-15115
-24006
-30106
-32702
-31489
-26606
-18620
-8460
2689
13528
22788
29387
32552
31909
27532
19930
9991
-1120
-12103
-21669
-28693
-32350
-32208
-28280
-21025
-11295
-234
10856
20671
28052
32127
32412
28871
21921
12379
1372
-9799
-19815
-27487
-31906
-32545
-29328
-22632
-13249
-2291
8940
19113
27016
31708
32629
29666
23169
13911
2992
-8285
-18577
-26654
-31549
-32677
-29899
-23544
-14372
-3477
7836
18214
26411
31442
32702
30037
23764
14635
3744
-7598
-18030
-26293
-31393
-32711
-30086
-23833
-14703
-3796
7571
18026
26305
31405
32707
30050
23753
14577
3632
-7754
-18204
-26446
-31479
-32688
-29925
-23522
-14256
-3253
8148
18560
26712
31608
32650
29706
23135
13736
2656
-8751
-19090
-27095
-31785
-32581
-29385
-22585
-13013
-1842
9557
19786
27585
31994
32468
28947
21861
12081
809
-10564
-20637
-28166
-32219
-32293
-28377
-20951
-10932
440
11762
21629
28819
32437
32033
27653
19840
9561
-1907
-13142
-22745
-29519
-32621
-31661
-26755
-18514
-7961
3586
14689
23960
30239
32740
31148
25658
16955
6128
-5469
-16384
-25247
-30944
-32759
-30461
-24336
-15151
-4058
7546
18204
26572
31595
32638
29565
22763
13087
1756
-9798
-20118
-27896
-32148
-32332
-28424
-20915
-10754
771
12203
22088
29171
32552
31797
27001
18769
8148
-3511
-14727
-24069
-30346
-32754
-30984
-25260
-16309
-5272
6439
17331
26008
31359
32696
29845
23169
13521
2137
-9523
-19964
-27843
-32146
-32318
-28334
-20703
-10405
1234
12717
22564
29503
32637
31559
26407
17841
6968
-4807
-15965
-25058
-30909
-32757
-30361
-24028
-14577
-3233
8533
19194
27364
31977
32433
28669
21173
10917
-762
-12345
-22321
-29387
-32619
-31592
-26438
-17828
-6884
4961
16161
25247
31028
32744
30168
23635
13998
2522
-9287
-19879
-27860
-32179
-32265
-28105
-20242
-9711
2101
13640
23382
30040
32733
31103
25362
16267
5018
-6896
-17901
-26537
-31659
-32585
-29190
-21921
-11741
0
11743
21929
29201
32589
31641
26480
17791
6728
-5233
-16499
-25566
-31222
-32709
-29826
-22955
-13013
-1327
10537
20994
28641
32450
31909
27088
18630
7668
-4324
-15739
-25041
-30976
-32744
-30105
-23411
-13561
-1880
10055
20637
28436
32397
31982
27244
18822
7852
-4182
-15653
-25007
-30974
-32743
-30072
-23319
-13400
-1660
10308
20879
28612
32455
31881
26966
18377
7282
-4807
-16245
-25468
-31216
-32702
-29720
-22675
-12528
-664
11292
21705
29147
32596
31576
26225
17274
5950
-6193
-17489
-26383
-31650
-32564
-28995
-21433
-10917
1105
12978
23064
29968
32737
30984
24950
15465
3839
-8320
-19330
-27666
-32170
-32217
-27796
-19519
-8531
3643
15314
24860
30951
32739
29972
23032
12884
938
-11141
-21669
-29176
-32613
-31498
-25982
-16835
-5332
6918
18204
26944
31912
32410
28366
20343
9465
-2743
-14569
-24351
-30713
-32759
-30198
-23387
-13283
-1306
10856
21492
29100
32604
31507
25962
16748
5166
-7147
-18454
-27152
-32008
-32332
-28076
-19840
-8789
3510
15314
24947
31038
32720
29752
22551
12140
0
-12143
-22559
-29762
-32723
-31017
-24884
-15198
-3339
8998
20053
28242
32393
31908
26854
17952
6476
-5930
-17489
-26541
-31785
-32465
-28481
-20402
-9388
2978
14918
24714
30951
32730
29790
22554
12062
-172
-12385
-22811
-29942
-32746
-30813
-24421
-14492
-2462
9926
20879
28806
32556
31581
26021
16679
4912
-7571
-18956
-27585
-32200
-32127
-27374
-18630
-7167
5342
17076
26318
31719
32485
28504
20353
9222
-3259
-15267
-25041
-31147
-32687
-29434
-21861
-11077
1334
13553
23783
30517
32764
30189
23169
12736
423
-11953
-22570
-29860
-32743
-30792
-24293
-14202
-2009
10483
21426
29201
32652
31267
25247
15482
3419
-9153
-20369
-28563
-32514
-31633
-26047
-16586
-4654
7973
19415
27967
32350
31910
26709
17520
5712
-6950
-18577
-27428
-32179
-32116
-27244
-18292
-6597
6088
17864
26962
32015
32263
27666
18910
7310
-5391
-17284
-26579
-31872
-32366
-27983
-19380
-7852
4862
16845
26287
31760
32433
28203
19707
8226
-4501
-16550
-26094
-31684
-32472
-28334
-19895
-8434
4310
16402
26003
31651
32486
28377
19946
8475
-4288
-16402
-26016
-31662
-32478
-28334
-19861
-8351
4437
16550
26133
31717
32445
28203
19638
8060
-4756
-16845
-26351
-31812
-32386
-27983
-19276
-7602
5243
17284
26666
31941
32293
27666
18769
6975
-5898
-17864
-27071
-32095
-32157
-27244
-18113
-6176
6719
18577
27557
32265
31968
26709
17302
5205
-7702
-19415
-28111
-32434
-31710
-26047
-16326
-4058
8843
20369
28719
32588
31368
25247
15179
2736
-10137
-21426
-29364
-32705
-30922
-24293
-13853
-1238
11573
22570
30025
32764
30353
23169
12339
-434
-13142
-23783
-30678
-32739
-29638
-21861
-10632
2276
14829
25041
31296
32604
28754
20353
8727
-4282
-16616
-26318
-31849
-32328
-27676
-18630
-6622
6439
18480
27585
32302
31880
26381
16679
4318
-8734
-20396
-28806
-32620
-31227
-24845
-14492
-1820
11144
22329
29942
32763
30335
23047
12062
-859
-13645
-24243
-30951
-32688
-29173
-20967
-9388
3703
16202
26094
31785
32354
27709
18593
6476
-6688
-18775
-27832
-32393
-31718
-25913
-15915
-3339
9779
21317
29402
32723
30737
23764
12933
0
-12935
-23772
-30745
-32720
-29372
-21243
-9654
3510
16105
26077
31798
32332
27590
18342
6096
-7147
-19226
-28162
-32493
-31507
-25362
-15061
-2291
10856
22227
29953
32765
30198
22670
11416
-1716
-14569
-25028
-31370
-32548
-28366
-19509
-7435
5867
18204
27539
32330
31782
25982
15887
3163
-10086
-21669
-29667
-32753
-30413
-23032
-11831
1334
14281
24860
31312
32563
28403
19519
7387
-5976
-18347
-27666
-32377
-31693
-25725
-15465
-2622
10659
22164
29968
32766
30086
22374
10917
-2369
-15261
-25599
-31650
-32396
-27709
-18372
-5950
7473
19643
28516
32596
31195
24546
13765
664
-12550
-23653
-30771
-32702
-29116
-20616
-8634
4807
17440
27128
32230
31881
26137
15968
3092
-10308
-21966
-29901
-32766
-30072
-22272
-10689
2711
15653
25937
31812
32275
27244
17574
4908
-8595
-20637
-29162
-32712
-30681
-23411
-12140
1206
14349
25041
31451
32480
27948
18630
6117
-7445
-19735
-28641
-32634
-31026
-24089
-13013
301
13567
24501
31222
32570
28309
19172
6728
-6876
-19298
-28393
-32589
-31159
-24347
-13326
0
13328
24354
31166
32585
28360
19220
6748
-6896
-19347
-28443
-32604
-31103
-24198
-13087
301
13640
24608
31294
32533
28105
18778
6176
-7504
-19879
-28786
-32669
-30847
-23635
-12290
1206
14493
25247
31583
32389
27520
17828
5008
-8692
-20870
-29387
-32745
-30352
-22624
-10917
2711
15865
26229
31977
32094
26556
16335
3233
-10442
-22277
-30182
-32757
-29546
-21112
-8944
4807
17712
27483
32390
31559
25136
14256
845
-12717
-24026
-31070
-32598
-28334
-19032
-6345
7473
19964
28903
32697
30666
23169
11540
-2148
-15456
-26008
-31918
-32127
-26596
-16309
-3103
10659
22517
30346
32741
29270
20553
8148
-5719
-18563
-28078
-32552
-31179
-24202
-12874
771
14281
25223
31625
32332
27214
17189
4062
-9798
-21894
-30040
-32762
-29565
-21025
-8682
5233
18204
27882
32514
31257
24336
13002
-691
-14262
-25247
-31650
-32307
-27094
-16955
-3732
10171
22227
30239
32747
29289
20494
7961
-6025
-18915
-28356
-32621
-30929
-23586
-11931
1907
15400
26077
31982
32033
26215
15592
2109
-11762
-23479
-30889
-32629
-28377
-18910
-5966
8077
20637
29402
32756
30080
21861
9613
-4409
-17621
-27585
-32459
-31342
-24435
-13013
816
14497
25499
31785
32188
26631
16140
2656
-11322
-23203
-30782
-32650
-28456
-18976
-5969
8148
20755
29503
32763
29925
21514
9095
-5021
-18204
-27995
-32564
-31058
-23753
-12011
1977
15598
26305
32095
31880
25698
14703
952
-12978
-24480
-31393
-32418
-27360
-17165
-3744
10381
22559
30497
32702
28754
19394
6380
-7836
-20580
-29446
-32762
-29899
-21393
-8847
5370
18577
28275
32630
30814
23169
11138
-3003
-16579
-27016
-32334
-31523
-24733
-13249
751
14612
25700
31906
32048
26096
15179
1372
-12698
-24354
-31371
-32412
-27273
-16932
-3359
10856
23003
30758
32638
28280
18514
5205
-9101
-21669
-30089
-32747
-29131
-19930
-6905
7445
20371
29387
32762
29844
21189
8460
-5898
-19125
-28673
-32702
-30433
-22301
-9868
4468
17946
27963
32585
30916
23274
11134
-3159
-16845
-27275
-32428
-31305
-24119
-12260
1977
15833
26622
32247
31615
24845
13249
-923
-14918
-26016
-32055
-31858
-25461
-14105
0
14107
25468
31864
32046
25975
14832
792
-13405
-24986
-31684
-32188
-26395
-15435
-1452
12817
24578
31525
32292
26727
15917
1981
-12345
-24250
-31393
-32366
-26976
-16280
-2378
11993
24006
31293
32415
27148
16527
2644
-11762
-23850
-31230
-32442
-27244
-16660
-2779
11653
23783
31206
32451
27267
16679
2783
-11667
-23806
-31222
-32441
-27217
-16586
-2656
11803
23919
31277
32412
27094
16378
2398
-12062
-24120
-31370
-32361
-26894
-16056
-2009
12441
24407
31496
32285
26615
15616
1488
-12939
-24777
-31650
-32178
-26251
-15055
-836
13553
25223
31826
32033
25797
14372
52
-14280
-25739
-32015
-31841
-25247
-13561
863
15115
26318
32208
31592
24592
12618
-1908
-16052
-26950
-32393
-31276
-23823
-11540
3083
17085
27622
32556
30880
22932
10324
-4384
-18204
-28323
-32682
-30389
-21909
-8965
5807
19399
29038
32755
29790
20744
7461
-7347
-20658
-29748
-32757
-29067
-19428
-5811
8997
21966
30436
32669
28203
17952
4016
-10746
-23305
-31079
-32468
-27184
-16309
-2077
12583
24657
31656
32135
25992
14491
0
-14493
-25999
-32139
-31644
-24613
-12494
2208
16457
27304
32503
30975
23032
10317
-4537
-18454
-28547
-32719
-30103
-21238
-7961
6971
20458
29694
32757
29007
19220
5431
-9491
-22439
-30713
-32587
-27666
-16973
-2736
12073
24364
31568
32177
26060
14492
-108
-14689
-26197
-32222
-31498
-24174
-11781
3083
17304
27896
32634
30520
21996
8847
-6162
-19879
-29416
-32766
-29219
-19519
-5706
9311
22368
30711
32578
27570
16743
2378
-12491
-24723
-31732
-32033
-25558
-13674
1105
15653
26888
32428
31095
23169
10328
-4707
-18745
-28806
-32750
-29736
-20402
-6728
8378
21705
30414
32650
27932
17262
2911
-12062
-24465
-31651
-32083
-25665
-13765
1077
15692
26955
32455
31012
22932
9941
-5180
-19194
-29098
-32765
-29406
-19738
-5832
9326
22486
30817
32526
27244
16102
1495
-13436
-25478
-32035
-31693
-24521
-12062
2999
17416
28078
32680
30226
21243
7668
-7565
-21167
-30192
-32685
-28105
-17438
-2992
12103
24578
31727
31995
25321
13150
-1876
-16499
-27539
-32596
-30567
-21889
-8448
6833
20630
29936
32722
28377
17845
3419
-11753
-24364
-31659
-32040
-25423
-13249
1823
16499
27568
32607
30508
21729
8189
-7147
-20920
-30108
-32693
-28105
-17347
-2779
12401
24860
31856
31850
24838
12360
-2839
-17416
-28160
-32702
-30037
-20749
-6884
8501
22013
30668
32552
27244
15915
1066
-14020
-26008
-32243
-31342
-23500
-10451
4915
19194
29220
32766
29042
18871
4509
-10856
-23813
-31479
-32147
-25665
-13473
1720
16533
27666
32637
30335
21271
7461
-8015
-21705
-30552
-32578
-27327
-15968
-1038
14125
26133
32294
31228
23169
9920
-5554
-19786
-29584
-32748
-28565
-17970
-3339
12043
24723
31849
31816
24627
11897
-3511
-18132
-28673
-32755
-29458
-19519
-5177
10334
23516
31393
32182
25702
13414
-1907
-16800
-27896
-32682
-30072
-20653
-6555
9029
22570
30997
32395
26445
14492
-751
-15827
-27310
-32589
-30461
-21406
-7481
8148
21926
30713
32507
26894
15151
-48
-15238
-26955
-32522
-30664
-21804
-7961
7702
21608
30575
32549
27076
15403
202
-15047
-26852
-32503
-30703
-21861
-8002
7696
21629
30598
32538
27001
15255
0
-15257
-27007
-32541
-30582
-21579
-7602
8129
21989
30779
32468
26664
14703
-655
-15865
-27411
-32621
-30288
-20948
-6758
8997
22672
31098
32318
26047
13736
-1763
-16855
-28038
-32713
-29790
-19946
-5464
10289
23653
31516
32046
25116
12336
-3319
-18204
-28847
-32766
-29042
-18541
-3711
11987
24889
31977
31593
23823
10480
-5316
-19871
-29777
-32711
-27983
-16697
-1495
14059
26318
32404
30885
22114
8148
-7733
-21801
-30745
-32460
-26539
-14372
1180
16457
27860
32699
29832
19930
5325
-10537
-23916
-31650
-31910
-24631
-11530
4298
19113
29409
32747
28334
17210
2009
-13670
-26112
-32365
-30942
-22178
-8148
7817
21929
30833
32412
26285
13907
-1780
-17047
-28259
-32743
-29429
-19103
-4222
11667
24777
31977
31548
23586
9991
-5992
-20546
-30192
-32619
-27244
-15350
219
15739
27492
32660
30001
20149
5464
-10533
-24006
-31719
-31816
-24270
-10892
5106
19879
29873
32681
27625
15917
373
-15261
-27221
-32621
-30156
-20416
-5748
10308
23879
31684
31836
24293
10875
-5173
-19973
-29942
-32665
-27477
-15633
0
15636
27483
32666
29925
19920
5078
-10999
-24407
-31886
-31615
-23656
-9941
6193
20824
30386
32549
26782
14487
-1341
-16845
-28242
-32749
-29262
-18630
-3445
12583
25539
32252
31078
22301
8064
-8148
-22368
-31111
-32231
-25451
-12429
3643
18824
29387
32737
28047
16465
836
-15001
-27152
-32625
-30072
-20115
-5205
10989
24479
31937
31523
23335
9388
-6876
-21447
-30723
-32412
-26092
-13322
2743
18132
29038
32759
28371
16955
1338
-14612
-26944
-32596
-30164
-20247
-5304
10958
24501
31960
31477
23169
9099
-7236
-21774
-30894
-32323
-25702
-12676
3510
18824
29446
32724
27837
16000
166
-15711
-27666
-32707
-29572
-19041
-3744
12491
25602
32304
30916
21780
7184
-9215
-23305
-31551
-31880
-24205
-10451
5930
20824
30486
32483
26311
13518
-2679
-18204
-29147
-32749
-28098
-16364
-502
15488
27574
32702
29574
18976
3583
-12717
-25806
-32371
-30748
-21345
-6538
9926
23879
31785
31636
23467
9346
-7147
-21830
-30974
-32254
-25342
-11991
4409
19692
29968
32623
26976
14462
-1736
-17495
-28798
-32764
-28377
-16752
-852
15267
27492
32699
29554
18857
3339
-13034
-26077
-32450
-30520
-20777
-5712
10817
24578
32042
31291
22515
7961
-8637
-23021
-31496
-31881
-24075
-10079
6509
21426
30833
32307
25463
12062
-4448
-19815
-30076
-32585
-26689
-13907
2465
18204
29244
32732
27762
15616
-569
-16610
-28356
-32765
-28692
-17189
-1231
15047
27428
32699
29490
18630
2932
-13528
-26478
-32552
-30168
-19943
-4530
12062
25519
32337
30737
21133
6022
-10659
-24565
-32068
-31208
-22206
-7407
9326
23628
31760
31593
23169
8686
-8070
-22719
-31423
-31903
-24028
-9858
6896
21846
31070
32147
24790
10926
-5807
-21019
-30711
-32336
-25461
-11891
4807
20244
30356
32478
26047
12755
-3899
-19528
-30012
-32581
-26556
-13521
3083
18877
29687
32654
26991
14192
-2362
-18294
-29387
-32703
-27360
-14769
1736
17784
29119
32734
27666
15255
-1206
-17349
-28887
-32752
-27913
-15652
771
16993
28695
32761
28105
15962
-434
-16717
-28547
-32765
-28244
-16186
193
16523
28443
32766
28334
16326
-48
-16412
-28387
-32766
-28374
-16382
0
0
0
0
0
0
0
0
0
0
0
0
0
0
0
0
0
0
0
0
0
0
0
0
0
0
0
0
0
0
0
0
0
0
0
0
0
0
0
0
0
0
0
0
0
0
0
0
0
0
0
0
0
0
0
0
0
0
0
0
0
0
0
0
0
0
0
0
0
0
0
0
0
0
0
0
0
0
0
0
0
0
0
0
0
0
0
0
0
0
0
0
0
0
0
0
0
0
0
0
0
0
0
0
0
0
0
0
0
0
0
0
0
0
0
0
0
0
0
0
0
0
0
0
0
0
0
0
0
0
0
0
0
0
0
0
0
0
0
0
0
0
0
0
0
0
0
0
0
0
0
0
0
0
0
0
0
0
0
0
0
0
0
0
0
0
0
0
0
0
0
0
0
0
0
0
0
0
0
0
0
0
0
0
0
0
0
0
0
0
0
0
0
0
0
0
0
0
0
0
0
0
0
0
0
0
0
0
0
0
0
0
0
0
0
0
0
0
0
0
0
0
0
0
0
0
0
0
0
0
0
0
0
0
0
0
0
0
0
0
0
0
0
0
0
0
0
0
0
0
0
0
0
0
0
0
0
0
0
0
0
0
0
0
0
0
0
0
0
0
0
0
0
0
0
0
0
0
0
0
0
0
0
0
0
0
0
0
0
0
0
0
0
0
0
0
0
0
0
0
0
0
0
0
0
0
0
0
0
0
0
0
0
0
0
0
0
0
0
0
0
0
0
0
0
0
0
0
0
0
0
0
0
0
0
0
0
0
0
0
0
0
0
0
0
0
0
0
0
0
0
0
0
0
0
0
0
0
0
0
0
0
0
0
0
0
0
0
0
0
0
0
0
0
0
0
0
0
0
0
0
0
0
0
0
0
0
0
0
0
0
0
0
0
0
0
0
0
0
0
0
0
0
0
0
0
0
0
0
0
0
0
0
0
0
0
0
0
0
0
0
0
0
0
0
0
0
0
0
0
0
0
0
0
0
0
0
0
0
0
0
0
0
0
0
0
0
0
0
0
0
0
0
0
0
0
0
0
0
0
0
0
0
0
0
0
0
0
0
0
0
0
0
0
0
0
0
0
0
0
0
0
0
0
0
0
0
0
0
0
0
0
0
0
0
0
0
0
0
0
0
0
0
0
0
0
0
0
0
0
0
0
0
0
0
0
0
0
0
0
0
0
0
0
0
0
0
0
0
0
0
0
0
0
0
0
0
0
0
0
0
0
0
0
0
0
0
0
0
0
0
0
0
0
0
0
0
0
0
0
0
0
0
0
0
0
0
0
0
0
0
0
0
0
0
0
0
0
0
0
0
0
0
0
0
0
0
0
0
0
0
0
0
0
0
0
0
0
0
0
0
0
0
0
0
0
0
0
0
0
0
0
0
0
0
0
0
0
0
0
0
0
0
0
0
0
0
0
0
0
0
0
0
0
0
0
0
0
0
0
0
0
0
0
0
0
0
0
0
0
0
0
0
0
0
0
0
0
0
0
0
0
0
0
0
0
0
0
0
0
0
0
0
0
0
0
0
0
0
0
0
0
0
0
0
0
0
0
0
0
0
0
0
0
0
0
0
0
0
0
0
0
0
0
0
0
0
0
0
0
0
0
0
0
0
0
0
0
0
0
0
0
0
0
0
0
0
0
0
0
0
0
0
0
0
0
0
0
0
0
0
0
0
0
0
0
0
0
0
0
0
0
0
0
0
0
0
0
0
0
0
0
0
0
0
0
0
0
0
0
0
0
0
0
0
0
0
0
0
0
0
0
0
0
0
0
0
0
0
0
0
0
0
0
0
0
0
0
0
0
0
0
0
0
0
0
0
0
0
0
0
0
0
0
0
0
0
0
0
0
0
0
0
0
0
0
0
0
0
0
0
0
0
0
0
0
0
0
0
0
0
0
0
0
0
0
0
0
0
0
0
0
0
0
0
0
0
0
0
0
0
0
0
0
0
0
0
0
0
0
0
0
0
0
0
0
0
0
0
0
0
0
0
0
0
0
0
0
0
0
0
0
0
0
0
0
0
0
0
0
0
0
0
0
0
0
0
0
0
0
0
0
0
0
0
0
0
0
0
0
0
0
0
0
0
0
0
0
0
0
0
0
0
0
0
0
0
0
0
0
0
0
0
0
0
0
0
0
0
0
0
0
0
0
0
0
0
0
0
0
9972
9831
9412
8725
7787
6620
5256
3729
2082
361
-1382
-3096
-4725
-6216
-7518
-8583
-9374
-9859
-10018
-9843
-9339
-8524
-7429
-6097
-4579
-2936
-1235
456
2073
3553
4841
5893
6677
7176
7385
7315
6990
6445
5724
4876
3955
3012
2095
1246
498
-127
-620
-981
-1222
-1362
-1429
-1454
-1469
-1505
-1587
-1733
-1954
-2248
-2606
-3006
-3422
-3817
-4154
-4394
-4503
-4448
-4209
-3776
-3148
-2341
-1381
-306
837
1994
3109
4124
4986
5650
6081
6257
6168
5823
5242
4461
3524
2485
1402
335
-659
-1533
-2245
-2766
-3083
-3193
-3110
-2858
-2473
-1997
-1478
-962
-495
-114
148
275
258
102
-176
-553
-994
-1459
-1907
-2300
-2599
-2777
-2813
-2697
-2428
-2017
-1485
-859
-172
537
1236
1890
2469
2951
3324
3580
3724
3765
3719
3606
3447
3261
3065
2871
2682
2496
2302
2084
1821
1488
1061
521
-147
-948
-1877
-2914
-4029
-5176
-6302
-7342
-8227
-8891
-9267
-9301
-8951
-8194
-7026
-5467
-3561
-1374
1006
3478
5927
8232
10276
11946
13148
13807
13874
13330
12187
10489
8312
5755
2941
8
-2900
-5640
-8077
-10092
-11588
-12499
-12789
-12456
-11534
-10085
-8200
-5993
-3591
-1129
1256
3441
5315
6788
7798
8310
8323
7861
6977
5747
4262
2626
946
-673
-2139
-3370
-4304
-4904
-5152
-5056
-4646
-3968
-3084
-2064
-983
85
1074
1928
2603
3073
3327
3372
3228
2928
2513
2028
1520
1032
600
251
0
-148
-204
-184
-115
-30
37
57
0
-152
-411
-772
-1223
-1739
-2285
-2821
-3300
-3679
-3915
-3974
-3832
-3479
-2918
-2167
-1259
-241
833
1902
2901
3768
4449
4900
5090
5007
4654
4054
3246
2284
1233
164
-849
-1739
-2442
-2910
-3112
-3033
-2680
-2080
-1279
-337
672
1669
2573
3308
3805
4013
3897
3447
2671
1603
297
-1172
-2722
-4255
-5675
-6889
-7812
-8375
-8529
-8248
-7531
-6402
-4910
-3126
-1137
955
3045
5026
6796
8266
9364
10039
10263
10033
9371
8322
6949
5332
3561
1730
-67
-1745
-3228
-4456
-5387
-6000
-6293
-6284
-6007
-5510
-4850
-4090
-3294
-2521
-1821
-1235
-789
-493
-346
-329
-412
-559
-725
-864
-933
-896
-724
-401
75
694
1430
2246
3095
3923
4673
5290
5721
5925
5871
5542
4937
4073
2981
1710
317
-1128
-2554
-3886
-5052
-5990
-6648
-6988
-6990
-6651
-5987
-5032
-3836
-2461
-979
529
1985
3313
4442
5312
5880
6117
6012
5573
4826
3814
2593
1229
-203
-1625
-2962
-4141
-5100
-5788
-6168
-6222
-5946
-5356
-4481
-3368
-2073
-663
788
2211
3533
4688
5622
6289
6660
6720
6471
5930
5129
4112
2933
1654
341
-939
-2126
-3162
-4002
-4610
-4965
-5061
-4904
-4516
-3932
-3195
-2357
-1475
-606
194
878
1404
1743
1877
1804
1535
1095
519
-144
-844
-1523
-2123
-2591
-2881
-2957
-2796
-2387
-1739
-873
172
1347
2591
3835
5007
6036
6854
7405
7643
7536
7073
6258
5117
3690
2038
232
-1646
-3511
-5274
-6851
-8165
-9152
-9764
-9972
-9764
-9152
-8165
-6851
-5274
-3511
-1646
232
2038
3690
5117
6258
7073
7536
7643
7405
6854
6036
5007
3835
2591
1347
172
-873
-1739
-2387
-2796
-2957
-2881
-2591
-2123
-1523
-844
-144
519
1095
1535
1804
1877
1743
1404
878
194
-606
-1475
-2357
-3195
-3932
-4516
-4904
-5061
-4965
-4610
-4002
-3162
-2126
-939
341
1654
2933
4112
5129
5930
6471
6720
6660
6289
5622
4688
3533
2211
788
-663
-2073
-3368
-4481
-5356
-5946
-6222
-6168
-5788
-5100
-4141
-2962
-1625
-203
1229
2593
3814
4826
5573
6012
6117
5880
5312
4442
3313
1985
529
-979
-2461
-3836
-5032
-5987
-6651
-6990
-6988
-6648
-5990
-5052
-3886
-2554
-1128
317
1710
2981
4073
4937
5542
5871
5925
5721
5290
4673
3923
3095
2246
1430
694
75
-401
-724
-896
-933
-864
-725
-559
-412
-329
-346
-493
-789
-1235
-1821
-2521
-3294
-4090
-4850
-5510
-6007
-6284
-6293
-6000
-5387
-4456
-3228
-1745
-67
1730
3561
5332
6949
8322
9371
10033
10263
10039
9364
8266
6796
5026
3045
955
-1137
-3126
-4910
-6402
-7531
-8248
-8529
-8375
-7812
-6889
-5675
-4255
-2722
-1172
297
1603
2671
3447
3897
4013
3805
3308
2573
1669
672
-337
-1279
-2080
-2680
-3033
-3112
-2910
-2442
-1739
-849
164
1233
2284
3246
4054
4654
5007
5090
4900
4449
3768
2901
1902
833
-241
-1259
-2167
-2918
-3479
-3832
-3974
-3915
-3679
-3300
-2821
-2285
-1739
-1223
-772
-411
-152
0
57
37
-30
-115
-184
-204
-148
0
251
600
1032
1520
2028
2513
2928
3228
3372
3327
3073
2603
1928
1074
85
-983
-2064
-3084
-3968
-4646
-5056
-5152
-4904
-4304
-3370
-2139
-673
946
2626
4262
5747
6977
7861
8323
8310
7798
6788
5315
3441
1256
-1129
-3591
-5993
-8200
-10085
-11534
-12456
-12789
-12499
-11588
-10092
-8077
-5640
-2900
8
2941
5755
8312
10489
12187
13330
13874
13807
13148
11946
10276
8232
5927
3478
1006
-1374
-3561
-5467
-7026
-8194
-8951
-9301
-9267
-8891
-8227
-7342
-6302
-5176
-4029
-2914
-1877
-948
-147
521
1061
1488
1821
2084
2302
2496
2682
2871
3065
3261
3447
3606
3719
3765
3724
3580
3324
2951
2469
1890
1236
537
-172
-859
-1485
-2017
-2428
-2697
-2813
-2777
-2599
-2300
-1907
-1459
-994
-553
-176
102
258
275
148
-114
-495
-962
-1478
-1997
-2473
-2858
-3110
-3193
-3083
-2766
-2245
-1533
-659
335
1402
2485
3524
4461
5242
5823
6168
6257
6081
5650
4986
4124
3109
1994
837
-306
-1381
-2341
-3148
-3776
-4209
-4448
-4503
-4394
-4154
-3817
-3422
-3006
-2606
-2248
-1954
-1733
-1587
-1505
-1469
-1454
-1429
-1362
-1222
-981
-620
-127
498
1246
2095
3012
3955
4876
5724
6445
6990
7315
7385
7176
6677
5893
4841
3553
2073
456
-1235
-2936
-4579
-6097
-7429
-8524
-9339
-9843
-10018
-9859
-9374
-8583
-7518
-6216
-4725
-3096
-1382
361
2082
3729
5256
6620
7787
8725
9412
9831
0
0
0
0
0
0
0
0
0
0
0
0
0
0
0
0
0
0
0
0
0
0
0
0
0
0
0
0
0
0
0
0
0
0
0
0
0
0
0
0
0
0
0
0
0
0
0
0
0
0
0
0
0
0
0
0
0
0
0
0
0
0
0
0
0
0
0
-4273
-4242
-4148
-3990
-3766
-3474
-3110
-2673
-2162
-1577
-922
-201
574
1394
2240
3092
3924
4709
5417
6014
6470
6752
6834
6694
6315
5691
4826
3733
2438
978
-598
-2234
-3866
-5425
-6838
-8039
-8963
-9558
-9781
-9607
-9027
-8054
-6718
-5068
-3172
-1109
1027
3140
5131
6903
8371
9463
10124
10323
10051
9321
8175
6671
4890
2925
879
-1142
-3036
-4709
-6079
-7086
-7687
-7869
-7639
-7029
-6092
-4900
-3536
-2091
-659
673
1828
2742
3370
3690
3701
3423
2897
2181
1344
462
-385
-1126
-1696
-2043
-2137
-1965
-1535
-876
-36
922
1929
2904
3771
4458
4905
5066
4916
4450
3684
2654
1417
41
-1392
-2800
-4099
-5211
-6072
-6632
-6862
-6751
-6314
-5582
-4605
-3449
-2187
-897
343
1465
2410
3134
3612
3838
3825
3603
3219
2727
2192
1675
1235
921
770
799
1009
1383
1882
2457
3043
3572
3972
4177
4131
3793
3142
2178
925
-570
-2241
-4001
-5755
-7397
-8824
-9939
-10660
-10921
-10684
-9937
-8695
-7005
-4939
-2593
-79
2478
4950
7212
9150
10669
11694
12181
12113
11506
10404
8877
7017
4933
2740
559
-1499
-3332
-4857
-6013
-6765
-7102
-7042
-6624
-5909
-4972
-3897
-2774
-1686
-710
90
671
1007
1092
944
595
96
-493
-1106
-1677
-2142
-2449
-2558
-2444
-2102
-1544
-798
90
1066
2067
3027
3882
4574
5056
5296
5276
4997
4477
3749
2858
1863
824
-192
-1127
-1926
-2546
-2956
-3143
-3106
-2865
-2449
-1902
-1274
-621
0
536
943
1185
1238
1095
762
258
-382
-1118
-1897
-2666
-3370
-3958
-4386
-4617
-4629
-4410
-3961
-3298
-2446
-1442
-329
845
2031
3179
4243
5183
5966
6566
6967
7159
7143
6925
6516
5934
5198
4328
3348
2278
1141
-40
-1245
-2451
-3634
-4771
-5834
-6796
-7627
-8297
-8774
-9032
-9044
-8791
-8261
-7451
-6368
-5033
-3476
-1744
108
2015
3905
5699
7322
8701
9769
10473
10775
10653
10107
9157
7842
6222
4370
2376
333
-1657
-3502
-5112
-6410
-7340
-7862
-7962
-7647
-6949
-5921
-4632
-3168
-1622
-90
1331
2560
3521
4162
4447
4367
3934
3183
2170
966
-344
-1671
-2922
-4011
-4861
-5410
-5616
-5456
-4932
-4069
-2910
-1520
24
1634
3218
4684
5949
6939
7598
7886
7787
7305
6468
5321
3926
2360
707
-945
-2512
-3914
-5081
-5961
-6514
-6725
-6594
-6141
-5404
-4434
-3294
-2055
-790
429
1536
2473
3193
3666
3873
3815
3505
2972
2256
1406
479
-466
-1374
-2189
-2862
-3356
-3641
-3701
-3532
-3142
-2550
-1787
-890
95
1122
2140
3100
3957
4670
5205
5538
5650
5537
5199
4649
3908
3004
1969
844
-328
-1507
-2647
-3707
-4648
-5437
-6045
-6451
-6639
-6604
-6347
-5878
-5211
-4372
-3389
-2297
-1134
60
1243
2375
3417
4333
5093
5671
6050
6218
6171
5915
5462
4829
4043
3133
2135
1085
22
-1014
-1989
-2868
-3620
-4223
-4655
-4907
-4971
-4851
-4553
-4092
-3489
-2768
-1958
-1090
-197
688
1532
2305
2980
3530
3938
4189
4273
4189
3938
3530
2980
2305
1532
688
-197
-1090
-1958
-2768
-3489
-4092
-4553
-4851
-4971
-4907
-4655
-4223
-3620
-2868
-1989
-1014
22
1085
2135
3133
4043
4829
5462
5915
6171
6218
6050
5671
5093
4333
3417
2375
1243
60
-1134
-2297
-3389
-4372
-5211
-5878
-6347
-6604
-6639
-6451
-6045
-5437
-4648
-3707
-2647
-1507
-328
844
1969
3004
3908
4649
5199
5537
5650
5538
5205
4670
3957
3100
2140
1122
95
-890
-1787
-2550
-3142
-3532
-3701
-3641
-3356
-2862
-2189
-1374
-466
479
1406
2256
2972
3505
3815
3873
3666
3193
2473
1536
429
-790
-2055
-3294
-4434
-5404
-6141
-6594
-6725
-6514
-5961
-5081
-3914
-2512
-945
707
2360
3926
5321
6468
7305
7787
7886
7598
6939
5949
4684
3218
1634
24
-1520
-2910
-4069
-4932
-5456
-5616
-5410
-4861
-4011
-2922
-1671
-344
966
2170
3183
3934
4367
4447
4162
3521
2560
1331
-90
-1622
-3168
-4632
-5921
-6949
-7647
-7962
-7862
-7340
-6410
-5112
-3502
-1657
333
2376
4370
6222
7842
9157
10107
10653
10775
10473
9769
8701
7322
5699
3905
2015
108
-1744
-3476
-5033
-6368
-7451
-8261
-8791
-9044
-9032
-8774
-8297
-7627
-6796
-5834
-4771
-3634
-2451
-1245
-40
1141
2278
3348
4328
5198
5934
6516
6925
7143
7159
6967
6566
5966
5183
4243
3179
2031
845
-329
-1442
-2446
-3298
-3961
-4410
-4629
-4617
-4386
-3958
-3370
-2666
-1897
-1118
-382
258
762
1095
1238
1185
943
536
0
-621
-1274
-1902
-2449
-2865
-3106
-3143
-2956
-2546
-1926
-1127
-192
824
1863
2858
3749
4477
4997
5276
5296
5056
4574
3882
3027
2067
1066
90
-798
-1544
-2102
-2444
-2558
-2449
-2142
-1677
-1106
-493
96
595
944
1092
1007
671
90
-710
-1686
-2774
-3897
-4972
-5909
-6624
-7042
-7102
-6765
-6013
-4857
-3332
-1499
559
2740
4933
7017
8877
10404
11506
12113
12181
11694
10669
9150
7212
4950
2478
-79
-2593
-4939
-7005
-8695
-9937
-10684
-10921
-10660
-9939
-8824
-7397
-5755
-4001
-2241
-570
925
2178
3142
3793
4131
4177
3972
3572
3043
2457
1882
1383
1009
799
770
921
1235
1675
2192
2727
3219
3603
3825
3838
3612
3134
2410
1465
343
-897
-2187
-3449
-4605
-5582
-6314
-6751
-6862
-6632
-6072
-5211
-4099
-2800
-1392
41
1417
2654
3684
4450
4916
5066
4905
4458
3771
2904
1929
922
-36
-876
-1535
-1965
-2137
-2043
-1696
-1126
-385
462
1344
2181
2897
3423
3701
3690
3370
2742
1828
673
-659
-2091
-3536
-4900
-6092
-7029
-7639
-7869
-7687
-7086
-6079
-4709
-3036
-1142
879
2925
4890
6671
8175
9321
10051
10323
10124
9463
8371
6903
5131
3140
1027
-1109
-3172
-5068
-6718
-8054
-9027
-9607
-9781
-9558
-8963
-8039
-6838
-5425
-3866
-2234
-598
978
2438
3733
4826
5691
6315
6694
6834
6752
6470
6014
5417
4709
3924
3092
2240
1394
574
-201
-922
-1577
-2162
-2673
-3110
-3474
-3766
-3990
-4148
-4242
0
0
0
0
0
0
0
0
0
0
0
0
0
0
0
0
0
0
0
0
0
0
0
0
0
0
0
0
0
0
0
0
0
0
0
0
0
0
0
0
0
0
0
0
0
0
0
0
0
0
0
0
0
0
0
0
0
0
0
0
0
0
0
0
0
0
0
4273
4220
4059
3793
3425
2960
2405
1770
1069
316
-467
-1261
-2039
-2774
-3440
-4008
-4453
-4753
-4890
-4853
-4636
-4242
-3684
-2980
-2158
-1251
-297
661
1581
2422
3144
3716
4113
4317
4325
4139
3774
3256
2615
1891
1126
365
-350
-982
-1495
-1865
-2077
-2126
-2016
-1764
-1394
-938
-435
76
555
963
1266
1439
1463
1331
1045
619
75
-554
-1234
-1920
-2569
-3139
-3590
-3888
-4007
-3930
-3652
-3175
-2515
-1697
-753
276
1347
2411
3421
4332
5102
5695
6085
6251
6186
5889
5370
4648
3748
2706
1558
347
-882
-2087
-3225
-4255
-5143
-5858
-6376
-6681
-6763
-6620
-6259
-5692
-4940
-4030
-2992
-1862
-681
510
1672
2763
3745
4585
5253
5726
5991
6038
5871
5498
4937
4213
3358
2409
1405
387
-601
-1522
-2341
-3028
-3560
-3922
-4108
-4119
-3966
-3665
-3240
-2719
-2132
-1512
-888
-290
257
736
1133
1439
1654
1781
1831
1815
1747
1642
1515
1378
1239
1103
973
844
712
567
399
201
-37
-319
-646
-1013
-1410
-1820
-2222
-2591
-2899
-3117
-3217
-3177
-2976
-2605
-2063
-1357
-509
452
1486
2547
3580
4531
5344
5968
6359
6483
6319
5860
5114
4106
2875
1474
-35
-1582
-3094
-4496
-5721
-6708
-7410
-7793
-7841
-7556
-6956
-6076
-4967
-3689
-2310
-904
459
1713
2800
3674
4304
4675
4788
4662
4328
3829
3217
2551
1887
1280
779
421
230
217
376
689
1122
1631
2163
2662
3070
3334
3406
3252
2849
2190
1284
159
-1144
-2570
-4054
-5521
-6895
-8100
-9066
-9730
-10044
-9973
-9501
-8629
-7378
-5786
-3910
-1817
412
2692
4931
7041
8935
10538
11785
12624
13021
12959
12439
11481
10122
8411
6415
4209
1875
-498
-2824
-5017
-6998
-8696
-10052
-11021
-11572
-11694
-11388
-10677
-9596
-8197
-6542
-4705
-2766
-808
1085
2837
4374
5637
6578
7166
7388
7246
6763
5978
4945
3729
2404
1050
-253
-1430
-2414
-3149
-3595
-3728
-3545
-3063
-2314
-1350
-236
952
2136
3235
4171
4877
5299
5400
5161
4587
3701
2546
1183
-311
-1856
-3364
-4747
-5927
-6836
-7422
-7653
-7517
-7025
-6209
-5120
-3824
-2400
-931
496
1804
2922
3794
4383
4672
4667
4391
3888
3216
2445
1650
904
277
-172
-405
-395
-142
336
1001
1796
2649
3481
4210
4755
5046
5028
4663
3938
2864
1478
-162
-1976
-3868
-5732
-7459
-8942
-10087
-10813
-11064
-10808
-10044
-8796
-7120
-5095
-2819
-406
2020
4340
6439
8215
9585
10493
10906
10824
10271
9297
7974
6391
4646
2841
1074
-562
-1996
-3169
-4046
-4615
-4884
-4882
-4653
-4256
-3753
-3208
-2682
-2225
-1875
-1653
-1564
-1596
-1720
-1897
-2078
-2211
-2246
-2137
-1853
-1376
-706
138
1122
2190
3277
4308
5205
5893
6308
6396
6127
5491
4504
3205
1660
-47
-1818
-3545
-5117
-6429
-7389
-7925
-7988
-7559
-6652
-5309
-3602
-1631
487
2624
4645
6422
7838
8798
9234
9110
8425
7213
5543
3512
1242
-1128
-3456
-5597
-7418
-8807
-9676
-9972
-9676
-8807
-7418
-5597
-3456
-1128
1242
3512
5543
7213
8425
9110
9234
8798
7838
6422
4645
2624
487
-1631
-3602
-5309
-6652
-7559
-7988
-7925
-7389
-6429
-5117
-3545
-1818
-47
1660
3205
4504
5491
6127
6396
6308
5893
5205
4308
3277
2190
1122
138
-706
-1376
-1853
-2137
-2246
-2211
-2078
-1897
-1720
-1596
-1564
-1653
-1875
-2225
-2682
-3208
-3753
-4256
-4653
-4882
-4884
-4615
-4046
-3169
-1996
-562
1074
2841
4646
6391
7974
9297
10271
10824
10906
10493
9585
8215
6439
4340
2020
-406
-2819
-5095
-7120
-8796
-10044
-10808
-11064
-10813
-10087
-8942
-7459
-5732
-3868
-1976
-162
1478
2864
3938
4663
5028
5046
4755
4210
3481
2649
1796
1001
336
-142
-395
-405
-172
277
904
1650
2445
3216
3888
4391
4667
4672
4383
3794
2922
1804
496
-931
-2400
-3824
-5120
-6209
-7025
-7517
-7653
-7422
-6836
-5927
-4747
-3364
-1856
-311
1183
2546
3701
4587
5161
5400
5299
4877
4171
3235
2136
952
-236
-1350
-2314
-3063
-3545
-3728
-3595
-3149
-2414
-1430
-253
1050
2404
3729
4945
5978
6763
7246
7388
7166
6578
5637
4374
2837
1085
-808
-2766
-4705
-6542
-8197
-9596
-10677
-11388
-11694
-11572
-11021
-10052
-8696
-6998
-5017
-2824
-498
1875
4209
6415
8411
10122
11481
12439
12959
13021
12624
11785
10538
8935
7041
4931
2692
412
-1817
-3910
-5786
-7378
-8629
-9501
-9973
-10044
-9730
-9066
-8100
-6895
-5521
-4054
-2570
-1144
159
1284
2190
2849
3252
3406
3334
3070
2662
2163
1631
1122
689
376
217
230
421
779
1280
1887
2551
3217
3829
4328
4662
4788
4675
4304
3674
2800
1713
459
-904
-2310
-3689
-4967
-6076
-6956
-7556
-7841
-7793
-7410
-6708
-5721
-4496
-3094
-1582
-35
1474
2875
4106
5114
5860
6319
6483
6359
5968
5344
4531
3580
2547
1486
452
-509
-1357
-2063
-2605
-2976
-3177
-3217
-3117
-2899
-2591
-2222
-1820
-1410
-1013
-646
-319
-37
201
399
567
712
844
973
1103
1239
1378
1515
1642
1747
1815
1831
1781
1654
1439
1133
736
257
-290
-888
-1512
-2132
-2719
-3240
-3665
-3966
-4119
-4108
-3922
-3560
-3028
-2341
-1522
-601
387
1405
2409
3358
4213
4937
5498
5871
6038
5991
5726
5253
4585
3745
2763
1672
510
-681
-1862
-2992
-4030
-4940
-5692
-6259
-6620
-6763
-6681
-6376
-5858
-5143
-4255
-3225
-2087
-882
347
1558
2706
3748
4648
5370
5889
6186
6251
6085
5695
5102
4332
3421
2411
1347
276
-753
-1697
-2515
-3175
-3652
-3930
-4007
-3888
-3590
-3139
-2569
-1920
-1234
-554
75
619
1045
1331
1463
1439
1266
963
555
76
-435
-938
-1394
-1764
-2016
-2126
-2077
-1865
-1495
-982
-350
365
1126
1891
2615
3256
3774
4139
4325
4317
4113
3716
3144
2422
1581
661
-297
-1251
-2158
-2980
-3684
-4242
-4636
-4853
-4890
-4753
-4453
-4008
-3440
-2774
-2039
-1261
-467
316
1069
1770
2405
2960
3425
3793
4059
4220
0
0
0
0
0
0
0
0
0
0
0
0
0
0
0
0
0
0
0
0
0
0
0
0
0
0
0
0
0
0
0
0
0
0
0
0
0
0
0
0
0
0
0
0
0
0
0
0
0
0
0
0
0
0
0
0
0
0
0
0
0
0
0
0
0
0
0
9972
9754
9112
8081
6718
5097
3305
1434
-417
-2162
-3717
-5017
-6013
-6678
-7005
-7009
-6722
-6191
-5476
-4642
-3756
-2879
-2066
-1359
-786
-358
-72
90
160
178
186
228
344
565
910
1384
1977
2663
3406
4154
4851
5436
5853
6050
5987
5639
4999
4079
2912
1546
48
-1504
-3028
-4439
-5656
-6607
-7237
-7509
-7408
-6943
-6144
-5063
-3770
-2348
-886
521
1789
2841
3617
4076
4202
4001
3503
2761
1844
833
-181
-1114
-1881
-2413
-2658
-2586
-2191
-1493
-534
619
1887
3177
4390
5430
6210
6658
6722
6377
5621
4483
3017
1299
-573
-2495
-4353
-6034
-7439
-8480
-9095
-9245
-8921
-8144
-6961
-5446
-3691
-1804
101
1911
3521
4839
5795
6345
6471
6185
5525
4556
3359
2034
684
-586
-1679
-2514
-3027
-3181
-2962
-2388
-1502
-371
919
2270
3577
4732
5641
6221
6410
6172
5499
4409
2952
1200
-752
-2797
-4817
-6694
-8315
-9582
-10415
-10760
-10588
-9902
-8733
-7138
-5201
-3021
-712
1606
3815
5805
7478
8758
9591
9949
9830
9261
8289
6984
5432
3728
1973
263
-1309
-2666
-3745
-4504
-4921
-4997
-4752
-4225
-3472
-2559
-1558
-544
407
1234
1879
2300
2473
2387
2050
1485
731
-164
-1144
-2145
-3106
-3964
-4666
-5164
-5424
-5422
-5150
-4613
-3829
-2829
-1653
-352
1019
2401
3736
4964
6035
6901
7525
7881
7952
7734
7233
6470
5471
4276
2929
1481
-11
-1495
-2913
-4213
-5349
-6281
-6976
-7412
-7579
-7476
-7113
-6510
-5698
-4715
-3604
-2415
-1197
0
1129
2149
3022
3723
4232
4542
4654
4579
4337
3955
3464
2899
2296
1690
1112
590
144
-213
-476
-646
-733
-752
-720
-661
-595
-545
-527
-555
-635
-769
-951
-1167
-1401
-1629
-1828
-1973
-2040
-2010
-1868
-1608
-1230
-744
-168
471
1143
1810
2431
2968
3382
3642
3721
3603
3284
2768
2072
1224
261
-771
-1824
-2844
-3778
-4576
-5194
-5597
-5757
-5661
-5306
-4703
-3873
-2849
-1671
-388
946
2281
3561
4736
5760
6596
7212
7587
7709
7575
7191
6570
5733
4708
3524
2216
822
-619
-2071
-3494
-4850
-6102
-7215
-8157
-8896
-9407
-9665
-9655
-9362
-8783
-7920
-6784
-5397
-3789
-2001
-83
1907
3905
5842
7645
9245
10573
11570
12186
12386
12148
11469
10365
8870
7035
4928
2632
237
-2157
-4454
-6556
-8376
-9838
-10883
-11470
-11581
-11219
-10410
-9202
-7658
-5860
-3897
-1868
129
2003
3667
5051
6099
6777
7069
6982
6543
5795
4798
3623
2347
1049
-190
-1303
-2228
-2916
-3338
-3479
-3342
-2947
-2329
-1534
-618
355
1324
2227
3007
3617
4021
4193
4125
3820
3294
2578
1708
730
-303
-1343
-2337
-3238
-4005
-4606
-5015
-5220
-5217
-5011
-4618
-4059
-3365
-2568
-1703
-807
84
937
1724
2418
3001
3457
3779
3963
4012
3931
3732
3427
3032
2566
2046
1493
925
362
-180
-684
-1137
-1524
-1838
-2069
-2213
-2269
-2237
-2121
-1929
-1670
-1356
-1002
-623
-235
143
497
811
1070
1264
1384
1424
1384
1264
1070
811
497
143
-235
-623
-1002
-1356
-1670
-1929
-2121
-2237
-2269
-2213
-2069
-1838
-1524
-1137
-684
-180
362
925
1493
2046
2566
3032
3427
3732
3931
4012
3963
3779
3457
3001
2418
1724
937
84
-807
-1703
-2568
-3365
-4059
-4618
-5011
-5217
-5220
-5015
-4606
-4005
-3238
-2337
-1343
-303
730
1708
2578
3294
3820
4125
4193
4021
3617
3007
2227
1324
355
-618
-1534
-2329
-2947
-3342
-3479
-3338
-2916
-2228
-1303
-190
1049
2347
3623
4798
5795
6543
6982
7069
6777
6099
5051
3667
2003
129
-1868
-3897
-5860
-7658
-9202
-10410
-11219
-11581
-11470
-10883
-9838
-8376
-6556
-4454
-2157
237
2632
4928
7035
8870
10365
11469
12148
12386
12186
11570
10573
9245
7645
5842
3905
1907
-83
-2001
-3789
-5397
-6784
-7920
-8783
-9362
-9655
-9665
-9407
-8896
-8157
-7215
-6102
-4850
-3494
-2071
-619
822
2216
3524
4708
5733
6570
7191
7575
7709
7587
7212
6596
5760
4736
3561
2281
946
-388
-1671
-2849
-3873
-4703
-5306
-5661
-5757
-5597
-5194
-4576
-3778
-2844
-1824
-771
261
1224
2072
2768
3284
3603
3721
3642
3382
2968
2431
1810
1143
471
-168
-744
-1230
-1608
-1868
-2010
-2040
-1973
-1828
-1629
-1401
-1167
-951
-769
-635
-555
-527
-545
-595
-661
-720
-752
-733
-646
-476
-213
144
590
1112
1690
2296
2899
3464
3955
4337
4579
4654
4542
4232
3723
3022
2149
1129
0
-1197
-2415
-3604
-4715
-5698
-6510
-7113
-7476
-7579
-7412
-6976
-6281
-5349
-4213
-2913
-1495
-11
1481
2929
4276
5471
6470
7233
7734
7952
7881
7525
6901
6035
4964
3736
2401
1019
-352
-1653
-2829
-3829
-4613
-5150
-5422
-5424
-5164
-4666
-3964
-3106
-2145
-1144
-164
731
1485
2050
2387
2473
2300
1879
1234
407
-544
-1558
-2559
-3472
-4225
-4752
-4997
-4921
-4504
-3745
-2666
-1309
263
1973
3728
5432
6984
8289
9261
9830
9949
9591
8758
7478
5805
3815
1606
-712
-3021
-5201
-7138
-8733
-9902
-10588
-10760
-10415
-9582
-8315
-6694
-4817
-2797
-752
1200
2952
4409
5499
6172
6410
6221
5641
4732
3577
2270
919
-371
-1502
-2388
-2962
-3181
-3027
-2514
-1679
-586
684
2034
3359
4556
5525
6185
6471
6345
5795
4839
3521
1911
101
-1804
-3691
-5446
-6961
-8144
-8921
-9245
-9095
-8480
-7439
-6034
-4353
-2495
-573
1299
3017
4483
5621
6377
6722
6658
6210
5430
4390
3177
1887
619
-534
-1493
-2191
-2586
-2658
-2413
-1881
-1114
-181
833
1844
2761
3503
4001
4202
4076
3617
2841
1789
521
-886
-2348
-3770
-5063
-6144
-6943
-7408
-7509
-7237
-6607
-5656
-4439
-3028
-1504
48
1546
2912
4079
4999
5639
5987
6050
5853
5436
4851
4154
3406
2663
1977
1384
910
565
344
228
186
178
160
90
-72
-358
-786
-1359
-2066
-2879
-3756
-4642
-5476
-6191
-6722
-7009
-7005
-6678
-6013
-5017
-3717
-2162
-417
1434
3305
5097
6718
8081
9112
9754
0
0
0
0
0
0
0
0
0
0
0
0
0
0
0
0
0
0
0
0
0
0
0
0
0
0
0
0
0
0
0
0
0
0
0
0
0
0
0
0
0
0
0
0
0
0
0
0
0
0
0
0
0
0
0
0
0
0
0
0
0
0
0
0
0
0
0
