0
4278
8485
12550
16402
19973
23203
26035
28419
30314
31684
32507
32766
32456
31581
30156
28203
25758
22860
19561
15917
11991
7852
3573
-771
-5106
-9352
-13436
-17284
-20829
-24006
-26759
-29038
-30801
-32015
-32660
-32720
-32196
-31094
-29434
-27244
-24563
-21439
-17925
-14087
-9991
-5712
-1327
3083
7441
11667
15683
19415
22796
25762
28259
30239
31667
32514
32764
32412
31462
29931
27847
25247
22178
18696
14865
10755
6443
2009
-2465
-6896
-11201
-15299
-19113
-22570
-25606
-28162
-30190
-31650
-32514
-32764
-32394
-31411
-29832
-27686
-25012
-21861
-18292
-14372
-10175
-5781
-1274
3259
7733
12062
16161
19951
23359
26318
28771
30668
31973
32659
32711
32127
30919
29107
26727
23823
20452
16679
12577
8226
3711
-879
-5455
-9926
-14204
-18204
-21846
-25058
-27775
-29942
-31516
-32464
-32766
-32415
-31417
-29790
-27567
-24790
-21514
-17805
-13736
-9388
-4849
-209
4437
8997
13377
17489
21248
24578
27411
29687
31359
32393
32765
32468
31507
29899
27676
24884
21579
17828
13707
9301
4700
0
-4703
-9311
-13729
-17864
-21629
-24947
-27746
-29968
-31566
-32503
-32761
-32332
-31225
-29460
-27076
-24119
-20653
-16748
-12488
-7961
-3263
1506
6246
10856
15238
19298
22949
26112
28719
30713
32051
32702
32651
31900
30461
28366
25658
22395
18646
14492
10022
5332
524
-4298
-9029
-13567
-17811
-21669
-25055
-27896
-30127
-31699
-32577
-32739
-32182
-30916
-28967
-26379
-23206
-19519
-15397
-10932
-6222
-1372
3511
8320
12945
17284
21240
24723
27655
29968
31611
32545
32748
32214
30954
28995
26381
23169
19431
15252
10724
5950
1038
-3899
-8751
-13405
-17757
-21705
-25159
-28038
-30277
-31822
-32637
-32702
-32014
-30588
-28456
-25665
-22280
-18377
-14047
-9388
-4509
477
5455
10308
14924
19194
23018
26305
28979
30974
32243
32756
32498
31476
29711
27244
24133
20449
16280
11722
6884
1880
-3170
-8148
-12935
-17416
-21484
-25041
-28000
-30291
-31856
-32659
-32677
-31909
-30373
-28105
-25157
-21600
-17520
-13013
-8189
-3163
1941
7001
11893
16499
20705
24407
27516
29953
31659
32589
32721
32049
30590
28377
25463
21921
17836
13307
8448
3377
-1780
-6896
-11843
-16499
-20746
-24479
-27603
-30040
-31727
-32621
-32699
-31957
-30413
-28105
-25088
-21439
-17247
-12618
-7668
-2522
2689
7836
12787
17416
21605
25247
28248
30530
32035
32723
32574
31592
29801
27244
23987
20112
15718
10917
5832
595
-4660
-9798
-14685
-19194
-23208
-26622
-29345
-31307
-32455
-32757
-32206
-30813
-28614
-25665
-22043
-17841
-13169
-8148
-2911
2405
7661
12717
17440
21705
25397
28419
30689
32146
32750
32483
31352
29385
26633
23169
19084
14487
9500
4255
-1105
-6439
-11603
-16457
-20870
-24723
-27911
-30346
-31961
-32712
-32578
-31559
-29684
-27001
-23582
-19519
-14922
-9916
-4636
771
6162
11386
16301
20770
24671
27896
30354
31977
32719
32558
31498
29565
26813
23317
19172
14492
9407
4058
-1405
-6833
-12073
-16978
-21411
-25247
-28377
-30713
-32188
-32760
-32410
-31148
-29007
-26047
-22351
-18021
-13179
-7961
-2516
3003
8440
13640
18454
22745
26389
29282
31340
32503
32737
32033
30409
27913
24613
20604
16000
10932
5547
0
-5550
-10942
-16021
-20637
-24657
-27963
-30458
-32068
-32745
-32468
-31244
-29107
-26118
-22364
-17952
-13013
-7689
-2137
3479
8997
14252
19090
23367
26955
29748
31662
32640
32650
31691
29790
27003
23411
19119
14256
8965
3403
-2262
-7862
-13230
-18204
-22633
-26385
-29345
-31423
-32556
-32707
-31871
-30072
-27362
-23823
-19561
-14703
-9397
-3803
1908
7565
12994
18030
22517
26318
29316
31419
32559
32702
31841
30001
27238
23635
19302
14372
8996
3339
-2422
-8112
-13553
-18577
-23026
-26761
-29667
-31650
-32648
-32629
-31591
-29565
-26615
-22829
-18327
-13249
-7752
-2009
3799
9491
14886
19815
24120
27666
30338
32052
32751
32412
31044
28690
25423
21345
16586
11295
5642
-193
-6025
-11667
-16938
-21669
-25706
-28920
-31206
-32489
-32726
-31909
-30063
-27244
-23544
-19081
-13998
-8460
-2644
3259
9060
14569
19606
24006
27626
30346
32075
32756
32366
30916
28451
25051
20827
15917
10480
4696
-1244
-7147
-12817
-18065
-22719
-26622
-29644
-31684
-32674
-32578
-31398
-29173
-25975
-21909
-17110
-11737
-5969
0
5972
11747
17130
21941
26016
29217
31436
32596
32657
31615
29504
26395
22390
17625
12260
6476
470
-5554
-11392
-16845
-21726
-25867
-29127
-31393
-32585
-32662
-31619
-29491
-26349
-22301
-17483
-12062
-6222
-166
5898
11762
17222
22088
26191
29387
31566
32648
32597
31411
29131
25835
21636
16679
11138
5205
-912
-7001
-12847
-18244
-23003
-26955
-29960
-31912
-32739
-32412
-30940
-28374
-24803
-20353
-15179
-9465
-3413
2763
8843
14612
19863
24407
28083
30758
32334
32755
32003
30103
27124
23169
18381
12929
7010
836
-5370
-11386
-16993
-21989
-26191
-29446
-31636
-32680
-32538
-31214
-28754
-25247
-20819
-15630
-9868
-3744
2518
8692
14551
19879
24480
28184
30855
32393
32739
31880
29845
26709
22585
17625
12011
5950
-333
-6607
-12639
-18204
-23094
-27128
-30152
-32055
-32763
-32248
-30528
-27666
-23767
-18976
-13473
-7461
-1167
5173
11322
17047
22132
26385
29644
31785
32724
32427
30901
28203
24435
19738
14288
8294
1981
-4409
-10635
-16457
-21654
-26025
-29402
-31656
-32697
-32485
-31027
-28377
-24634
-19943
-14481
-8460
-2109
4324
10594
16457
21686
26077
29459
31699
32710
32451
30929
28203
24378
19601
14056
7961
1552
-4919
-11201
-17047
-22227
-26537
-29806
-31906
-32751
-32307
-30590
-27666
-23648
-18696
-13002
-6791
-309
6187
12441
18204
23246
27366
30398
32222
32762
31995
29951
26709
22398
17189
11289
4935
-1619
-8112
-14281
-19879
-24678
-28486
-31147
-32552
-32643
-31416
-28917
-25247
-20553
-15023
-8882
-2378
4225
10659
16662
21989
26421
29777
31918
32756
32254
30432
27362
23169
18024
12137
5748
-879
-7473
-13762
-19485
-24407
-28323
-31070
-32533
-32650
-31414
-28875
-25136
-20353
-14721
-8475
-1874
4807
11292
17307
22602
26955
30182
32146
32765
32010
29911
26556
22083
16679
10571
4016
-2711
-9326
-15551
-21121
-25799
-29387
-31732
-32732
-32344
-30582
-27520
-23286
-18060
-12062
-5547
1206
7911
14280
20041
24947
28786
31393
32653
32513
30975
28105
24024
18906
12972
6476
-301
-7069
-13534
-19415
-24458
-28443
-31196
-32596
-32580
-31148
-28360
-24336
-19250
-13322
-6811
0
6813
13332
19269
24364
28393
31178
32594
32578
31129
28309
24241
19103
13120
6555
-301
-7147
-13680
-19609
-24671
-28641
-31340
-32648
-32505
-30916
-27948
-23735
-18460
-12360
-5706
1206
8067
14569
20421
25359
29162
31656
32728
32328
30473
27244
22786
17298
11027
4255
-2711
-9557
-15974
-21669
-26383
-29901
-32062
-32766
-31979
-29736
-26137
-21345
-15577
-9095
-2195
4807
11593
17850
23291
27666
30771
32464
32665
31362
28614
24546
19345
13249
6538
-477
-7473
-14125
-20126
-25196
-29098
-31650
-32732
-32292
-30349
-26991
-22374
-16712
-10266
-3339
3746
10659
17076
22694
27251
30530
32377
32702
31489
28793
24740
19519
13375
6597
-494
-7565
-14281
-20323
-25404
-29282
-31772
-32753
-32178
-30072
-26533
-21729
-15887
-9285
-2238
4919
11843
18204
23695
28052
31066
32589
32548
30942
27847
23411
17845
11416
4435
-2763
-9830
-16425
-22227
-26955
-30378
-32330
-32713
-31507
-28769
-24631
-19293
-13013
-6096
1120
8285
15047
21076
26077
29802
32068
32763
31850
29372
25451
20276
14101
7230
0
-7232
-14111
-20295
-25478
-29402
-31872
-32764
-32033
-29711
-25913
-20827
-14703
-7845
-595
6688
13640
19914
25196
29220
31785
32759
32093
29819
26047
20967
14832
7950
664
-6656
-13645
-19948
-25247
-29273
-31822
-32763
-32046
-29706
-25861
-20703
-14492
-7543
-209
7138
14125
20396
25629
29557
31977
32766
31880
29363
25342
20022
13674
6622
-771
-8129
-15071
-21240
-26318
-30042
-32219
-32734
-31559
-28754
-24461
-18901
-12360
-5177
2276
9615
16457
22447
27271
30678
32489
32608
31026
27825
23169
17302
10527
3199
-4298
-11573
-18244
-23960
-28419
-31387
-32705
-32302
-30198
-26501
-21406
-15179
-8148
-684
6817
13962
20369
25700
29668
32064
32757
31710
28975
24698
19103
12488
5205
-2358
-9798
-16717
-22745
-27557
-30894
-32577
-32513
-30703
-27244
-22319
-16192
-9191
-1693
5898
13175
19743
25247
29388
31941
32765
31816
29141
24884
19276
12618
5272
-2362
-9871
-16845
-22903
-27714
-31014
-32621
-32445
-30495
-26875
-21781
-15492
-8351
-749
6896
14165
20658
26016
29942
32220
32721
31417
28377
23767
17841
10926
3403
-4310
-11787
-18613
-24407
-28847
-31684
-32759
-32010
-29476
-25298
-19707
-13013
-5590
2148
9769
16845
22980
27828
31116
32659
32366
30254
26438
21133
14635
7310
-430
-8148
-15409
-21801
-26962
-30598
-32502
-32563
-30778
-27244
-22162
-15818
-8572
-836
6950
14343
20920
26305
30190
32350
32661
31103
27762
22829
16586
9388
1649
-6187
-13670
-20369
-25898
-29936
-32249
-32702
-31267
-28024
-23161
-16955
-9766
-2009
5867
13405
20168
25762
29860
32222
32709
31291
28049
23169
16936
9711
1916
-5992
-13553
-20323
-25904
-29968
-32275
-32687
-31179
-27837
-22855
-16527
-9222
-1372
6562
14111
20829
26318
30252
32397
32623
30916
27374
22206
15718
8294
373
-7571
-15067
-21669
-26980
-30683
-32556
-32483
-30469
-26631
-21197
-14492
-6916
1077
9009
16402
22811
27851
31216
32702
32218
29790
25564
19793
12824
5078
-2978
-10856
-18080
-24210
-28873
-31785
-32766
-31757
-28816
-24119
-17952
-10689
-2772
5316
13083
20053
25799
29968
32304
32662
31017
27469
22233
15630
8064
0
-8067
-15639
-22251
-27492
-31038
-32669
-32282
-29899
-25665
-19840
-12785
-4935
3223
11185
18454
24578
29176
31960
32754
31507
28295
23317
16881
9388
1306
-6859
-14599
-21426
-26913
-30713
-32587
-32415
-30206
-26096
-20343
-13307
-5431
2789
10837
18204
24423
29100
31937
32755
31498
28244
23199
16679
9099
938
-7285
-15047
-21854
-27271
-30951
-32659
-32282
-29844
-25497
-19519
-12290
-4271
4023
12062
19330
25359
29762
32252
32670
30984
27303
21861
15008
7184
-1105
-9326
-16947
-23474
-28484
-31650
-32766
-31757
-28687
-23753
-17274
-9670
-1435
6896
14781
21705
27215
30951
32666
32248
29720
25247
19119
11737
3583
-4807
-12886
-20121
-26035
-30239
-32455
-32534
-30469
-26395
-20578
-13400
-5336
3083
11302
18775
25007
29584
32200
32681
30992
27244
21684
14679
6695
-1736
-10055
-17706
-24178
-29038
-31959
-32744
-31340
-27837
-22468
-15592
-7668
771
9163
16942
23583
28641
31772
32764
31548
28203
22955
16155
8261
-193
-8637
-16499
-23246
-28419
-31667
-32766
-31641
-28366
-23161
-16378
-8479
0
8482
16388
23178
28387
31659
32766
31633
28334
23092
16267
8323
-193
-8699
-16610
-23382
-28547
-31748
-32764
-31521
-28105
-22748
-15818
-7793
771
9287
17161
23850
28887
31923
32744
31292
27666
22114
15023
6884
-1736
-10238
-18030
-24565
-29387
-32158
-32681
-30919
-26991
-21173
-13868
-5590
3083
11543
19194
25499
30012
32414
32534
30361
26047
19895
12336
3903
-4807
-13181
-20625
-26610
-30711
-32637
-32248
-29569
-24790
-18247
-10405
-1820
6896
15124
22277
27843
31423
32760
31757
28483
23169
16196
8060
-655
-9326
-17331
-24094
-29127
-32068
-32703
-30984
-27033
-21133
-13707
-5289
3511
12062
19743
25999
30374
32552
32371
29844
25150
18630
10754
2094
-6719
-15047
-22282
-27896
-31478
-32765
-31661
-28244
-22763
-15616
-7324
1506
10228
18204
24847
29668
32313
32585
30461
26096
19809
12062
3423
-5469
-13962
-21426
-27310
-31178
-32740
-31881
-28661
-23317
-16242
-7961
912
9721
17811
24578
29519
32265
32608
30520
26157
19840
12041
3339
-5613
-14150
-21629
-27492
-31296
-32755
-31758
-28377
-22863
-15630
-7219
1736
10564
18599
25234
29968
32443
32468
30041
25342
18725
10689
1842
-7147
-15598
-22868
-28404
-31785
-32751
-31227
-27327
-21345
-13736
-5078
3969
12717
20496
26712
30887
32702
32014
28875
23522
16364
7950
-1077
-10024
-18204
-24986
-29848
-32414
-32483
-30050
-25298
-18593
-10451
-1499
7571
16058
23305
28750
31969
32711
30916
26720
20449
12587
3744
-5391
-14111
-21734
-27666
-31442
-32766
-31533
-27837
-21964
-14372
-5653
3510
12401
20323
26654
30894
32710
31957
28692
23169
15822
7226
-1941
-10958
-19113
-25762
-30378
-32596
-32237
-29328
-24096
-16955
-8469
691
9799
18132
25028
29936
32465
32412
29778
24772
17791
9388
234
-8940
-17404
-24479
-29598
-32350
-32513
-30072
-25219
-18342
-9991
-836
8388
16942
24135
29387
32275
32563
30226
25451
18620
10283
1113
-8148
-16754
-24006
-29316
-32252
-32574
-30254
-25477
-18630
-10266
-1066
8222
16845
24098
29390
32286
32549
30156
25298
18372
9941
695
-8610
-17213
-24407
-29603
-32371
-32482
-29925
-24908
-17841
-9305
0
9307
17850
24924
29942
32491
32356
29546
24293
17028
8351
-1019
-10308
-18745
-25629
-30386
-32621
-32145
-28995
-23432
-15917
-7073
2362
11603
19879
26497
30903
32728
31816
28241
22301
14491
5464
-4023
-13175
-21224
-27492
-31451
-32766
-31324
-27244
-20868
-12732
-3519
5992
15001
22745
28568
31977
32682
30619
25962
19103
10622
1238
-8253
-17047
-24394
-29668
-32420
-32412
-29643
-24347
-16973
-8148
1373
10781
19269
26112
30723
32705
31886
28334
22351
14449
5304
-4298
-13534
-21608
-27826
-31650
-32749
-31026
-26627
-19930
-11510
-2094
7504
16457
23989
29446
32355
32460
29752
24461
17046
8148
-1459
-10942
-19477
-26318
-30870
-32732
-31742
-27983
-21780
-13674
-4371
5316
14541
22496
28484
31977
32669
30495
25645
18541
9807
209
-9410
-18204
-25397
-30356
-32640
-32046
-28625
-22675
-14721
-5464
4278
13645
21806
28038
31787
32719
30748
26047
19032
10324
695
-8997
-17892
-25196
-30256
-32621
-32077
-28669
-22701
-14703
-5389
4409
13816
21989
28193
31872
32694
30582
25725
18555
9715
0
-9718
-18563
-25739
-30598
-32699
-31850
-28126
-21861
-13619
-4144
5708
15047
23026
28920
32194
32549
29951
24631
17073
7961
-1876
-11547
-20168
-26955
-31287
-32766
-31257
-26894
-20073
-11416
-1713
8148
17267
24807
30076
32589
32113
28690
22632
14492
5018
-4919
-14407
-22570
-28657
-32104
-32591
-30072
-24775
-17189
-8012
1907
11653
20323
27113
31393
32763
31094
26539
19519
10683
852
-9060
-18132
-25519
-30530
-32697
-31816
-27965
-21503
-13031
-3339
6667
16052
23938
29584
32459
32292
29097
23169
15065
5543
-4501
-14125
-22423
-28612
-32108
-32578
-29977
-24546
-16798
-7461
2582
12385
21019
27666
31694
32721
30647
25665
18247
9095
-923
-10856
-19760
-26786
-31264
-32766
-31146
-26556
-19431
-10451
-470
9557
18675
26008
30855
32749
31507
27244
20368
11537
1595
-8501
-17784
-25359
-30497
-32702
-31758
-27754
-21074
-12360
-2451
7696
17103
24860
30215
32648
31922
28105
21563
12929
3039
-7147
-16643
-24525
-30025
-32607
-32016
-28309
-21844
-13249
-3359
6859
16412
24364
29939
32588
32050
28377
21924
13322
3413
-6833
-16412
-24382
-29960
-32596
-32028
-28309
-21804
-13150
-3199
7069
16643
24578
30089
32630
31946
28105
21482
12732
2719
-7565
-17103
-24947
-30318
-32680
-31797
-27754
-20951
-12062
-1970
8320
17784
25478
30633
32732
31565
27244
20200
11134
952
-9326
-18675
-26154
-31014
-32765
-31228
-26556
-19215
-9941
333
10578
19760
26955
31436
32749
30759
25665
17979
8475
-1887
-12062
-21019
-27851
-31864
-32650
-30126
-24546
-16475
-6728
3703
13762
22423
28806
32258
32427
29291
23169
14683
4696
-5772
-15653
-23938
-29777
-32571
-32033
-28214
-21503
-12587
-2378
8077
17706
25519
30711
32748
31416
26850
19519
10175
-219
-10594
-19879
-27113
-31549
-32726
-30520
-25157
-17189
-7439
3083
13289
22119
28657
32222
32441
29289
23092
14492
4381
-6187
-16114
-24364
-30076
-32652
-31820
-27666
-20619
-11416
-1017
9491
19008
26537
31287
32757
30792
25595
17709
7961
-2625
-12939
-21894
-28547
-32194
-32451
-29286
-23032
-14346
-4144
6498
16457
24678
30291
32699
31644
27238
19943
10531
0
-10533
-19951
-27251
-31656
-32694
-30254
-24592
-16309
-6286
4409
14637
23305
29487
32519
32077
28203
21312
12137
1660
-8997
-18692
-26385
-31248
-32757
-30748
-25434
-17383
-7461
3266
13645
22556
29038
32390
32248
28625
21909
12824
2351
-8378
-18204
-26061
-31098
-32765
-30880
-25645
-17625
-7689
3083
13524
22496
29023
32393
32235
28565
21780
12618
2077
-8692
-18516
-26318
-31245
-32755
-30681
-25247
-17046
-6975
3863
14280
23132
29446
32527
32033
28015
20915
11510
836
-9932
-19609
-27125
-31650
-32682
-30103
-24198
-15616
-5304
5596
15880
24407
30232
32705
31550
26894
19250
9465
-1373
-12062
-21411
-28379
-32188
-32412
-29022
-22395
-13267
-2656
8253
18244
26197
31222
32754
30619
25054
16679
6433
-4537
-15001
-23783
-29895
-32648
-31731
-27244
-19690
-9916
976
11762
21224
28293
32170
32415
28997
22301
13080
2378
-8595
-18599
-26497
-31393
-32729
-30352
-24528
-15917
-5494
5554
15974
24578
30386
32734
31352
26395
18425
8351
-2679
-13405
-22602
-29217
-32491
-32046
-27932
-20616
-10936
0
10939
20625
27944
32055
32482
29173
22507
13249
2462
-8610
-18692
-26622
-31481
-32707
-30156
-24119
-15293
-4696
6446
16845
25296
30817
32766
30916
25477
17079
6695
-4468
-15115
-24006
-30106
-32702
-31489
-26606
-18620
-8460
2689
13528
22788
29387
32552
31909
27532
19930
9991
-1120
-12103
-21669
-28693
-32350
-32208
-28280
-21025
-11295
-234
10856
20671
28052
32127
32412
28871
21921
12379
1372
-9799
-19815
-27487
-31906
-32545
-29328
-22632
-13249
-2291
8940
19113
27016
31708
32629
29666
23169
13911
2992
-8285
-18577
-26654
-31549
-32677
-29899
-23544
-14372
-3477
7836
18214
26411
31442
32702
30037
23764
14635
3744
-7598
-18030
-26293
-31393
-32711
-30086
-23833
-14703
-3796
7571
18026
26305
31405
32707
30050
23753
14577
3632
-7754
-18204
-26446
-31479
-32688
-29925
-23522
-14256
-3253
8148
18560
26712
31608
32650
29706
23135
13736
2656
-8751
-19090
-27095
-31785
-32581
-29385
-22585
-13013
-1842
9557
19786
27585
31994
32468
28947
21861
12081
809
-10564
-20637
-28166
-32219
-32293
-28377
-20951
-10932
440
11762
21629
28819
32437
32033
27653
19840
9561
-1907
-13142
-22745
-29519
-32621
-31661
-26755
-18514
-7961
3586
14689
23960
30239
32740
31148
25658
16955
6128
-5469
-16384
-25247
-30944
-32759
-30461
-24336
-15151
-4058
7546
18204
26572
31595
32638
29565
22763
13087
1756
-9798
-20118
-27896
-32148
-32332
-28424
-20915
-10754
771
12203
22088
29171
32552
31797
27001
18769
8148
-3511
-14727
-24069
-30346
-32754
-30984
-25260
-16309
-5272
6439
17331
26008
31359
32696
29845
23169
13521
2137
-9523
-19964
-27843
-32146
-32318
-28334
-20703
-10405
1234
12717
22564
29503
32637
31559
26407
17841
6968
-4807
-15965
-25058
-30909
-32757
-30361
-24028
-14577
-3233
8533
19194
27364
31977
32433
28669
21173
10917
-762
-12345
-22321
-29387
-32619
-31592
-26438
-17828
-6884
4961
16161
25247
31028
32744
30168
23635
13998
2522
-9287
-19879
-27860
-32179
-32265
-28105
-20242
-9711
2101
13640
23382
30040
32733
31103
25362
16267
5018
-6896
-17901
-26537
-31659
-32585
-29190
-21921
-11741
0
11743
21929
29201
32589
31641
26480
17791
6728
-5233
-16499
-25566
-31222
-32709
-29826
-22955
-13013
-1327
10537
20994
28641
32450
31909
27088
18630
7668
-4324
-15739
-25041
-30976
-32744
-30105
-23411
-13561
-1880
10055
20637
28436
32397
31982
27244
18822
7852
-4182
-15653
-25007
-30974
-32743
-30072
-23319
-13400
-1660
10308
20879
28612
32455
31881
26966
18377
7282
-4807
-16245
-25468
-31216
-32702
-29720
-22675
-12528
-664
11292
21705
29147
32596
31576
26225
17274
5950
-6193
-17489
-26383
-31650
-32564
-28995
-21433
-10917
1105
12978
23064
29968
32737
30984
24950
15465
3839
-8320
-19330
-27666
-32170
-32217
-27796
-19519
-8531
3643
15314
24860
30951
32739
29972
23032
12884
938
-11141
-21669
-29176
-32613
-31498
-25982
-16835
-5332
6918
18204
26944
31912
32410
28366
20343
9465
-2743
-14569
-24351
-30713
-32759
-30198
-23387
-13283
-1306
10856
21492
29100
32604
31507
25962
16748
5166
-7147
-18454
-27152
-32008
-32332
-28076
-19840
-8789
3510
15314
24947
31038
32720
29752
22551
12140
0
-12143
-22559
-29762
-32723
-31017
-24884
-15198
-3339
8998
20053
28242
32393
31908
26854
17952
6476
-5930
-17489
-26541
-31785
-32465
-28481
-20402
-9388
2978
14918
24714
30951
32730
29790
22554
12062
-172
-12385
-22811
-29942
-32746
-30813
-24421
-14492
-2462
9926
20879
28806
32556
31581
26021
16679
4912
-7571
-18956
-27585
-32200
-32127
-27374
-18630
-7167
5342
17076
26318
31719
32485
28504
20353
9222
-3259
-15267
-25041
-31147
-32687
-29434
-21861
-11077
1334
13553
23783
30517
32764
30189
23169
12736
423
-11953
-22570
-29860
-32743
-30792
-24293
-14202
-2009
10483
21426
29201
32652
31267
25247
15482
3419
-9153
-20369
-28563
-32514
-31633
-26047
-16586
-4654
7973
19415
27967
32350
31910
26709
17520
5712
-6950
-18577
-27428
-32179
-32116
-27244
-18292
-6597
6088
17864
26962
32015
32263
27666
18910
7310
-5391
-17284
-26579
-31872
-32366
-27983
-19380
-7852
4862
16845
26287
31760
32433
28203
19707
8226
-4501
-16550
-26094
-31684
-32472
-28334
-19895
-8434
4310
16402
26003
31651
32486
28377
19946
8475
-4288
-16402
-26016
-31662
-32478
-28334
-19861
-8351
4437
16550
26133
31717
32445
28203
19638
8060
-4756
-16845
-26351
-31812
-32386
-27983
-19276
-7602
5243
17284
26666
31941
32293
27666
18769
6975
-5898
-17864
-27071
-32095
-32157
-27244
-18113
-6176
6719
18577
27557
32265
31968
26709
17302
5205
-7702
-19415
-28111
-32434
-31710
-26047
-16326
-4058
8843
20369
28719
32588
31368
25247
15179
2736
-10137
-21426
-29364
-32705
-30922
-24293
-13853
-1238
11573
22570
30025
32764
30353
23169
12339
-434
-13142
-23783
-30678
-32739
-29638
-21861
-10632
2276
14829
25041
31296
32604
28754
20353
8727
-4282
-16616
-26318
-31849
-32328
-27676
-18630
-6622
6439
18480
27585
32302
31880
26381
16679
4318
-8734
-20396
-28806
-32620
-31227
-24845
-14492
-1820
11144
22329
29942
32763
30335
23047
12062
-859
-13645
-24243
-30951
-32688
-29173
-20967
-9388
3703
16202
26094
31785
32354
27709
18593
6476
-6688
-18775
-27832
-32393
-31718
-25913
-15915
-3339
9779
21317
29402
32723
30737
23764
12933
0
-12935
-23772
-30745
-32720
-29372
-21243
-9654
3510
16105
26077
31798
32332
27590
18342
6096
-7147
-19226
-28162
-32493
-31507
-25362
-15061
-2291
10856
22227
29953
32765
30198
22670
11416
-1716
-14569
-25028
-31370
-32548
-28366
-19509
-7435
5867
18204
27539
32330
31782
25982
15887
3163
-10086
-21669
-29667
-32753
-30413
-23032
-11831
1334
14281
24860
31312
32563
28403
19519
7387
-5976
-18347
-27666
-32377
-31693
-25725
-15465
-2622
10659
22164
29968
32766
30086
22374
10917
-2369
-15261
-25599
-31650
-32396
-27709
-18372
-5950
7473
19643
28516
32596
31195
24546
13765
664
-12550
-23653
-30771
-32702
-29116
-20616
-8634
4807
17440
27128
32230
31881
26137
15968
3092
-10308
-21966
-29901
-32766
-30072
-22272
-10689
2711
15653
25937
31812
32275
27244
17574
4908
-8595
-20637
-29162
-32712
-30681
-23411
-12140
1206
14349
25041
31451
32480
27948
18630
6117
-7445
-19735
-28641
-32634
-31026
-24089
-13013
301
13567
24501
31222
32570
28309
19172
6728
-6876
-19298
-28393
-32589
-31159
-24347
-13326
0
13328
24354
31166
32585
28360
19220
6748
-6896
-19347
-28443
-32604
-31103
-24198
-13087
301
13640
24608
31294
32533
28105
18778
6176
-7504
-19879
-28786
-32669
-30847
-23635
-12290
1206
14493
25247
31583
32389
27520
17828
5008
-8692
-20870
-29387
-32745
-30352
-22624
-10917
2711
15865
26229
31977
32094
26556
16335
3233
-10442
-22277
-30182
-32757
-29546
-21112
-8944
4807
17712
27483
32390
31559
25136
14256
845
-12717
-24026
-31070
-32598
-28334
-19032
-6345
7473
19964
28903
32697
30666
23169
11540
-2148
-15456
-26008
-31918
-32127
-26596
-16309
-3103
10659
22517
30346
32741
29270
20553
8148
-5719
-18563
-28078
-32552
-31179
-24202
-12874
771
14281
25223
31625
32332
27214
17189
4062
-9798
-21894
-30040
-32762
-29565
-21025
-8682
5233
18204
27882
32514
31257
24336
13002
-691
-14262
-25247
-31650
-32307
-27094
-16955
-3732
10171
22227
30239
32747
29289
20494
7961
-6025
-18915
-28356
-32621
-30929
-23586
-11931
1907
15400
26077
31982
32033
26215
15592
2109
-11762
-23479
-30889
-32629
-28377
-18910
-5966
8077
20637
29402
32756
30080
21861
9613
-4409
-17621
-27585
-32459
-31342
-24435
-13013
816
14497
25499
31785
32188
26631
16140
2656
-11322
-23203
-30782
-32650
-28456
-18976
-5969
8148
20755
29503
32763
29925
21514
9095
-5021
-18204
-27995
-32564
-31058
-23753
-12011
1977
15598
26305
32095
31880
25698
14703
952
-12978
-24480
-31393
-32418
-27360
-17165
-3744
10381
22559
30497
32702
28754
19394
6380
-7836
-20580
-29446
-32762
-29899
-21393
-8847
5370
18577
28275
32630
30814
23169
11138
-3003
-16579
-27016
-32334
-31523
-24733
-13249
751
14612
25700
31906
32048
26096
15179
1372
-12698
-24354
-31371
-32412
-27273
-16932
-3359
10856
23003
30758
32638
28280
18514
5205
-9101
-21669
-30089
-32747
-29131
-19930
-6905
7445
20371
29387
32762
29844
21189
8460
-5898
-19125
-28673
-32702
-30433
-22301
-9868
4468
17946
27963
32585
30916
23274
11134
-3159
-16845
-27275
-32428
-31305
-24119
-12260
1977
15833
26622
32247
31615
24845
13249
-923
-14918
-26016
-32055
-31858
-25461
-14105
0
14107
25468
31864
32046
25975
14832
792
-13405
-24986
-31684
-32188
-26395
-15435
-1452
12817
24578
31525
32292
26727
15917
1981
-12345
-24250
-31393
-32366
-26976
-16280
-2378
11993
24006
31293
32415
27148
16527
2644
-11762
-23850
-31230
-32442
-27244
-16660
-2779
11653
23783
31206
32451
27267
16679
2783
-11667
-23806
-31222
-32441
-27217
-16586
-2656
11803
23919
31277
32412
27094
16378
2398
-12062
-24120
-31370
-32361
-26894
-16056
-2009
12441
24407
31496
32285
26615
15616
1488
-12939
-24777
-31650
-32178
-26251
-15055
-836
13553
25223
31826
32033
25797
14372
52
-14280
-25739
-32015
-31841
-25247
-13561
863
15115
26318
32208
31592
24592
12618
-1908
-16052
-26950
-32393
-31276
-23823
-11540
3083
17085
27622
32556
30880
22932
10324
-4384
-18204
-28323
-32682
-30389
-21909
-8965
5807
19399
29038
32755
29790
20744
7461
-7347
-20658
-29748
-32757
-29067
-19428
-5811
8997
21966
30436
32669
28203
17952
4016
-10746
-23305
-31079
-32468
-27184
-16309
-2077
12583
24657
31656
32135
25992
14491
0
-14493
-25999
-32139
-31644
-24613
-12494
2208
16457
27304
32503
30975
23032
10317
-4537
-18454
-28547
-32719
-30103
-21238
-7961
6971
20458
29694
32757
29007
19220
5431
-9491
-22439
-30713
-32587
-27666
-16973
-2736
12073
24364
31568
32177
26060
14492
-108
-14689
-26197
-32222
-31498
-24174
-11781
3083
17304
27896
32634
30520
21996
8847
-6162
-19879
-29416
-32766
-29219
-19519
-5706
9311
22368
30711
32578
27570
16743
2378
-12491
-24723
-31732
-32033
-25558
-13674
1105
15653
26888
32428
31095
23169
10328
-4707
-18745
-28806
-32750
-29736
-20402
-6728
8378
21705
30414
32650
27932
17262
2911
-12062
-24465
-31651
-32083
-25665
-13765
1077
15692
26955
32455
31012
22932
9941
-5180
-19194
-29098
-32765
-29406
-19738
-5832
9326
22486
30817
32526
27244
16102
1495
-13436
-25478
-32035
-31693
-24521
-12062
2999
17416
28078
32680
30226
21243
7668
-7565
-21167
-30192
-32685
-28105
-17438
-2992
12103
24578
31727
31995
25321
13150
-1876
-16499
-27539
-32596
-30567
-21889
-8448
6833
20630
29936
32722
28377
17845
3419
-11753
-24364
-31659
-32040
-25423
-13249
1823
16499
27568
32607
30508
21729
8189
-7147
-20920
-30108
-32693
-28105
-17347
-2779
12401
24860
31856
31850
24838
12360
-2839
-17416
-28160
-32702
-30037
-20749
-6884
8501
22013
30668
32552
27244
15915
1066
-14020
-26008
-32243
-31342
-23500
-10451
4915
19194
29220
32766
29042
18871
4509
-10856
-23813
-31479
-32147
-25665
-13473
1720
16533
27666
32637
30335
21271
7461
-8015
-21705
-30552
-32578
-27327
-15968
-1038
14125
26133
32294
31228
23169
9920
-5554
-19786
-29584
-32748
-28565
-17970
-3339
12043
24723
31849
31816
24627
11897
-3511
-18132
-28673
-32755
-29458
-19519
-5177
10334
23516
31393
32182
25702
13414
-1907
-16800
-27896
-32682
-30072
-20653
-6555
9029
22570
30997
32395
26445
14492
-751
-15827
-27310
-32589
-30461
-21406
-7481
8148
21926
30713
32507
26894
15151
-48
-15238
-26955
-32522
-30664
-21804
-7961
7702
21608
30575
32549
27076
15403
202
-15047
-26852
-32503
-30703
-21861
-8002
7696
21629
30598
32538
27001
15255
0
-15257
-27007
-32541
-30582
-21579
-7602
8129
21989
30779
32468
26664
14703
-655
-15865
-27411
-32621
-30288
-20948
-6758
8997
22672
31098
32318
26047
13736
-1763
-16855
-28038
-32713
-29790
-19946
-5464
10289
23653
31516
32046
25116
12336
-3319
-18204
-28847
-32766
-29042
-18541
-3711
11987
24889
31977
31593
23823
10480
-5316
-19871
-29777
-32711
-27983
-16697
-1495
14059
26318
32404
30885
22114
8148
-7733
-21801
-30745
-32460
-26539
-14372
1180
16457
27860
32699
29832
19930
5325
-10537
-23916
-31650
-31910
-24631
-11530
4298
19113
29409
32747
28334
17210
2009
-13670
-26112
-32365
-30942
-22178
-8148
7817
21929
30833
32412
26285
13907
-1780
-17047
-28259
-32743
-29429
-19103
-4222
11667
24777
31977
31548
23586
9991
-5992
-20546
-30192
-32619
-27244
-15350
219
15739
27492
32660
30001
20149
5464
-10533
-24006
-31719
-31816
-24270
-10892
5106
19879
29873
32681
27625
15917
373
-15261
-27221
-32621
-30156
-20416
-5748
10308
23879
31684
31836
24293
10875
-5173
-19973
-29942
-32665
-27477
-15633
0
15636
27483
32666
29925
19920
5078
-10999
-24407
-31886
-31615
-23656
-9941
6193
20824
30386
32549
26782
14487
-1341
-16845
-28242
-32749
-29262
-18630
-3445
12583
25539
32252
31078
22301
8064
-8148
-22368
-31111
-32231
-25451
-12429
3643
18824
29387
32737
28047
16465
836
-15001
-27152
-32625
-30072
-20115
-5205
10989
24479
31937
31523
23335
9388
-6876
-21447
-30723
-32412
-26092
-13322
2743
18132
29038
32759
28371
16955
1338
-14612
-26944
-32596
-30164
-20247
-5304
10958
24501
31960
31477
23169
9099
-7236
-21774
-30894
-32323
-25702
-12676
3510
18824
29446
32724
27837
16000
166
-15711
-27666
-32707
-29572
-19041
-3744
12491
25602
32304
30916
21780
7184
-9215
-23305
-31551
-31880
-24205
-10451
5930
20824
30486
32483
26311
13518
-2679
-18204
-29147
-32749
-28098
-16364
-502
15488
27574
32702
29574
18976
3583
-12717
-25806
-32371
-30748
-21345
-6538
9926
23879
31785
31636
23467
9346
-7147
-21830
-30974
-32254
-25342
-11991
4409
19692
29968
32623
26976
14462
-1736
-17495
-28798
-32764
-28377
-16752
-852
15267
27492
32699
29554
18857
3339
-13034
-26077
-32450
-30520
-20777
-5712
10817
24578
32042
31291
22515
7961
-8637
-23021
-31496
-31881
-24075
-10079
6509
21426
30833
32307
25463
12062
-4448
-19815
-30076
-32585
-26689
-13907
2465
18204
29244
32732
27762
15616
-569
-16610
-28356
-32765
-28692
-17189
-1231
15047
27428
32699
29490
18630
2932
-13528
-26478
-32552
-30168
-19943
-4530
12062
25519
32337
30737
21133
6022
-10659
-24565
-32068
-31208
-22206
-7407
9326
23628
31760
31593
23169
8686
-8070
-22719
-31423
-31903
-24028
-9858
6896
21846
31070
32147
24790
10926
-5807
-21019
-30711
-32336
-25461
-11891
4807
20244
30356
32478
26047
12755
-3899
-19528
-30012
-32581
-26556
-13521
3083
18877
29687
32654
26991
14192
-2362
-18294
-29387
-32703
-27360
-14769
1736
17784
29119
32734
27666
15255
-1206
-17349
-28887
-32752
-27913
-15652
771
16993
28695
32761
28105
15962
-434
-16717
-28547
-32765
-28244
-16186
193
16523
28443
32766
28334
16326
-48
-16412
-28387
-32766
-28374
-16382
0
0
0
0
0
0
0
0
0
0
0
0
0
0
0
0
0
0
0
0
0
0
0
0
0
0
0
0
0
0
0
0
0
0
0
0
0
0
0
0
0
0
0
0
0
0
0
0
0
0
0
0
0
0
0
0
0
0
0
0
0
0
0
0
0
0
0
0
0
0
0
0
0
0
0
0
0
0
0
0
0
0
0
0
0
0
0
0
0
0
0
0
0
0
0
0
0
0
0
0
0
0
0
0
0
0
0
0
0
0
0
0
0
0
0
0
0
0
0
0
0
0
0
0
0
0
0
0
0
0
0
0
0
0
0
0
0
0
0
0
0
0
0
0
0
0
0
0
0
0
0
0
0
0
0
0
0
0
0
0
0
0
0
0
0
0
0
0
0
0
0
0
0
0
0
0
0
0
0
0
0
0
0
0
0
0
0
0
0
0
0
0
0
0
0
0
0
0
0
0
0
0
0
0
0
0
0
0
0
0
0
0
0
0
0
0
0
0
0
0
0
0
0
0
0
0
0
0
0
0
0
0
0
0
0
0
0
0
0
0
0
0
0
0
0
0
0
0
0
0
0
0
0
0
0
0
0
0
0
0
0
0
0
0
0
0
0
0
0
0
0
0
0
0
0
0
0
0
0
0
0
0
0
0
0
0
0
0
0
0
0
0
0
0
0
0
0
0
0
0
0
0
0
0
0
0
0
0
0
0
0
0
0
0
0
0
0
0
0
0
0
0
0
0
0
0
0
0
0
0
0
0
0
0
0
0
0
0
0
0
0
0
0
0
0
0
0
0
0
0
0
0
0
0
0
0
0
0
0
0
0
0
0
0
0
0
0
0
0
0
0
0
0
0
0
0
0
0
0
0
0
0
0
0
0
0
0
0
0
0
0
0
0
0
0
0
0
0
0
0
0
0
0
0
0
0
0
0
0
0
0
0
0
0
0
0
0
0
0
0
0
0
0
0
0
0
0
0
0
0
0
0
0
0
0
0
0
0
0
0
0
0
0
0
0
0
0
0
0
0
0
0
0
0
0
0
0
0
0
0
0
0
0
0
0
0
0
0
0
0
0
0
0
0
0
0
0
0
0
0
0
0
0
0
0
0
0
0
0
0
0
0
0
0
0
0
0
0
0
0
0
0
0
0
0
0
0
0
0
0
0
0
0
0
0
0
0
0
0
0
0
0
0
0
0
0
0
0
0
0
0
0
0
0
0
0
0
0
0
0
0
0
0
0
0
0
0
0
0
0
0
0
0
0
0
0
0
0
0
0
0
0
0
0
0
0
0
0
0
0
0
0
0
0
0
0
0
0
0
0
0
0
0
0
0
0
0
0
0
0
0
0
0
0
0
0
0
0
0
0
0
0
0
0
0
0
0
0
0
0
0
0
0
0
0
0
0
0
0
0
0
0
0
0
0
0
0
0
0
0
0
0
0
0
0
0
0
0
0
0
0
0
0
0
0
0
0
0
0
0
0
0
0
0
0
0
0
0
0
0
0
0
0
0
0
0
0
0
0
0
0
0
0
0
0
0
0
0
0
0
0
0
0
0
0
0
0
0
0
0
0
0
0
0
0
0
0
0
0
0
0
0
0
0
0
0
0
0
0
0
0
0
0
0
0
0
0
0
0
0
0
0
0
0
0
0
0
0
0
0
0
0
0
0
0
0
0
0
0
0
0
0
0
0
0
0
0
0
0
0
0
0
0
0
0
0
0
0
0
0
0
0
0
0
0
0
0
0
0
0
0
0
0
0
0
0
0
0
0
0
0
0
0
0
0
0
0
0
0
0
0
0
0
0
0
0
0
0
0
0
0
0
0
0
0
0
0
0
0
0
0
0
0
0
0
0
0
0
0
0
0
0
0
0
0
0
0
0
0
0
0
0
0
0
0
0
0
0
0
0
0
0
0
0
0
0
0
0
0
0
0
0
0
0
0
0
0
0
0
0
0
0
0
0
0
0
0
0
0
0
0
0
0
0
0
0
0
0
0
0
0
0
0
0
0
0
0
0
0
0
0
0
0
0
0
0
0
0
0
0
0
0
0
0
0
0
0
0
0
0
0
0
0
0
0
0
0
0
0
0
0
0
0
0
0
0
0
0
0
0
0
0
0
0
0
0
0
0
0
0
0
0
0
0
0
0
0
0
0
0
0
0
0
0
0
0
0
0
0
0
4681
4651
4557
4384
4112
3717
3183
2501
1678
736
-286
-1342
-2372
-3317
-4125
-4752
-5174
-5382
-5385
-5206
-4878
-4437
-3915
-3340
-2725
-2077
-1392
-661
120
954
1825
2707
3555
4312
4917
5306
5430
5255
4776
4019
3037
1914
749
-351
-1288
-1977
-2367
-2440
-2217
-1757
-1144
-481
124
580
815
790
504
-5
-674
-1415
-2132
-2738
-3161
-3357
-3314
-3051
-2614
-2066
-1476
-905
-400
14
345
616
871
1160
1525
1992
2561
3199
3844
4410
4796
4908
4666
4028
2996
1624
16
-1682
-3299
-4658
-5597
-5995
-5787
-4976
-3638
-1912
8
1904
3551
4750
5352
5275
4518
3161
1354
-696
-2758
-4594
-5997
-6809
-6945
-6394
-5227
-3580
-1642
375
2257
3816
4909
5453
5432
4894
3944
2725
1401
134
-931
-1687
-2067
-2055
-1679
-1005
-127
848
1812
2665
3327
3738
3867
3704
3260
2560
1644
558
-646
-1913
-3182
-4391
-5473
-6363
-6996
-7316
-7278
-6859
-6058
-4902
-3447
-1778
0
1771
3417
4829
5920
6635
6954
6896
6512
5880
5092
4242
3412
2660
2017
1478
1011
562
68
-532
-1281
-2191
-3238
-4361
-5462
-6422
-7111
-7410
-7227
-6511
-5267
-3557
-1503
730
2948
4946
6534
7558
7920
7586
6595
5054
3125
1005
-1088
-2953
-4413
-5343
-5680
-5426
-4647
-3459
-2018
-495
938
2137
2989
3431
3449
3079
2398
1512
542
-388
-1172
-1723
-1987
-1946
-1615
-1041
-292
544
1381
2127
2705
3055
3134
2928
2442
1709
780
-276
-1380
-2444
-3381
-4112
-4572
-4716
-4525
-4009
-3206
-2182
-1023
168
1286
2232
2924
3307
3359
3096
2568
1854
1053
271
-389
-850
-1060
-1003
-704
-223
355
931
1405
1696
1747
1543
1106
501
-181
-832
-1343
-1622
-1609
-1288
-690
107
991
1824
2467
2799
2732
2231
1318
71
-1379
-2871
-4230
-5290
-5917
-6029
-5606
-4693
-3396
-1866
-278
1189
2385
3200
3583
3550
3176
2585
1931
1370
1038
1026
1366
2024
2901
3846
4681
5220
5308
4837
3771
2154
109
-2170
-4448
-6473
-8008
-8865
-8932
-8186
-6701
-4642
-2240
229
2484
4273
5401
5758
5334
4213
2567
631
-1328
-3048
-4301
-4923
-4837
-4057
-2683
-889
1099
3045
4720
5939
6578
6592
6012
4939
3525
1951
399
-968
-2036
-2740
-3077
-3096
-2889
-2567
-2246
-2018
-1944
-2037
-2265
-2553
-2799
-2893
-2734
-2252
-1422
-273
1113
2607
4047
5261
6088
6402
6127
5253
3840
2010
-63
-2177
-4119
-5694
-6747
-7181
-6965
-6140
-4807
-3120
-1260
582
2232
3546
4430
4844
4803
4373
3654
2769
1844
991
300
-177
-425
-464
-341
-124
114
307
399
361
185
-110
-489
-904
-1302
-1636
-1867
-1975
-1958
-1826
-1606
-1331
-1034
-745
-488
-272
-100
35
149
251
350
449
541
610
637
603
490
295
26
-289
-610
-882
-1044
-1037
-812
-343
368
1290
2355
3468
4513
5363
5897
6015
5647
4770
3408
1640
-411
-2589
-4713
-6601
-8086
-9035
-9362
-9035
-8086
-6601
-4713
-2589
-411
1640
3408
4770
5647
6015
5897
5363
4513
3468
2355
1290
368
-343
-812
-1037
-1044
-882
-610
-289
26
295
490
603
637
610
541
449
350
251
149
35
-100
-272
-488
-745
-1034
-1331
-1606
-1826
-1958
-1975
-1867
-1636
-1302
-904
-489
-110
185
361
399
307
114
-124
-341
-464
-425
-177
300
991
1844
2769
3654
4373
4803
4844
4430
3546
2232
582
-1260
-3120
-4807
-6140
-6965
-7181
-6747
-5694
-4119
-2177
-63
2010
3840
5253
6127
6402
6088
5261
4047
2607
1113
-273
-1422
-2252
-2734
-2893
-2799
-2553
-2265
-2037
-1944
-2018
-2246
-2567
-2889
-3096
-3077
-2740
-2036
-968
399
1951
3525
4939
6012
6592
6578
5939
4720
3045
1099
-889
-2683
-4057
-4837
-4923
-4301
-3048
-1328
631
2567
4213
5334
5758
5401
4273
2484
229
-2240
-4642
-6701
-8186
-8932
-8865
-8008
-6473
-4448
-2170
109
2154
3771
4837
5308
5220
4681
3846
2901
2024
1366
1026
1038
1370
1931
2585
3176
3550
3583
3200
2385
1189
-278
-1866
-3396
-4693
-5606
-6029
-5917
-5290
-4230
-2871
-1379
71
1318
2231
2732
2799
2467
1824
991
107
-690
-1288
-1609
-1622
-1343
-832
-181
501
1106
1543
1747
1696
1405
931
355
-223
-704
-1003
-1060
-850
-389
271
1053
1854
2568
3096
3359
3307
2924
2232
1286
168
-1023
-2182
-3206
-4009
-4525
-4716
-4572
-4112
-3381
-2444
-1380
-276
780
1709
2442
2928
3134
3055
2705
2127
1381
544
-292
-1041
-1615
-1946
-1987
-1723
-1172
-388
542
1512
2398
3079
3449
3431
2989
2137
938
-495
-2018
-3459
-4647
-5426
-5680
-5343
-4413
-2953
-1088
1005
3125
5054
6595
7586
7920
7558
6534
4946
2948
730
-1503
-3557
-5267
-6511
-7227
-7410
-7111
-6422
-5462
-4361
-3238
-2191
-1281
-532
68
562
1011
1478
2017
2660
3412
4242
5092
5880
6512
6896
6954
6635
5920
4829
3417
1771
0
-1778
-3447
-4902
-6058
-6859
-7278
-7316
-6996
-6363
-5473
-4391
-3182
-1913
-646
558
1644
2560
3260
3704
3867
3738
3327
2665
1812
848
-127
-1005
-1679
-2055
-2067
-1687
-931
134
1401
2725
3944
4894
5432
5453
4909
3816
2257
375
-1642
-3580
-5227
-6394
-6945
-6809
-5997
-4594
-2758
-696
1354
3161
4518
5275
5352
4750
3551
1904
8
-1912
-3638
-4976
-5787
-5995
-5597
-4658
-3299
-1682
16
1624
2996
4028
4666
4908
4796
4410
3844
3199
2561
1992
1525
1160
871
616
345
14
-400
-905
-1476
-2066
-2614
-3051
-3314
-3357
-3161
-2738
-2132
-1415
-674
-5
504
790
815
580
124
-481
-1144
-1757
-2217
-2440
-2367
-1977
-1288
-351
749
1914
3037
4019
4776
5255
5430
5306
4917
4312
3555
2707
1825
954
120
-661
-1392
-2077
-2725
-3340
-3915
-4437
-4878
-5206
-5385
-5382
-5174
-4752
-4125
-3317
-2372
-1342
-286
736
1678
2501
3183
3717
4112
4384
4557
4651
0
0
0
0
0
0
0
0
0
0
0
0
0
0
0
0
0
0
0
0
0
0
0
0
0
0
0
0
0
0
0
0
0
0
0
0
0
0
0
0
0
0
0
0
0
0
0
0
0
0
0
0
0
0
0
0
0
0
0
0
0
0
0
0
0
0
0
-3120
-3072
-2932
-2712
-2431
-2110
-1765
-1409
-1047
-675
-281
147
626
1162
1752
2380
3013
3606
4106
4457
4608
4524
4187
3605
2813
1866
841
-181
-1121
-1909
-2498
-2869
-3031
-3021
-2894
-2717
-2556
-2463
-2469
-2574
-2748
-2934
-3055
-3030
-2783
-2260
-1440
-344
963
2383
3784
5024
5965
6492
6532
6061
5114
3778
2186
502
-1100
-2461
-3451
-3988
-4048
-3668
-2939
-1991
-979
-59
632
999
993
624
-43
-900
-1809
-2625
-3212
-3467
-3329
-2794
-1907
-762
513
1777
2889
3730
4219
4318
4039
3440
2611
1668
727
-104
-744
-1145
-1296
-1222
-980
-643
-290
5
192
239
146
-62
-340
-633
-883
-1044
-1089
-1011
-830
-584
-328
-120
-11
-42
-228
-560
-1002
-1499
-1979
-2365
-2586
-2588
-2335
-1823
-1073
-134
925
2025
3081
4013
4754
5256
5489
5445
5134
4581
3821
2899
1857
744
-395
-1516
-2574
-3526
-4330
-4944
-5337
-5482
-5367
-4997
-4396
-3607
-2691
-1722
-780
57
725
1179
1402
1406
1234
954
652
415
325
442
795
1377
2139
3002
3858
4590
5082
5242
5009
4367
3351
2038
547
-982
-2402
-3576
-4399
-4807
-4786
-4375
-3659
-2756
-1799
-923
-240
171
281
105
-293
-820
-1359
-1792
-2018
-1971
-1623
-997
-158
792
1734
2544
3115
3371
3280
2857
2164
1301
390
-438
-1071
-1420
-1442
-1139
-562
197
1022
1786
2369
2680
2662
2310
1662
798
-169
-1118
-1927
-2497
-2763
-2703
-2340
-1740
-998
-229
452
946
1182
1126
786
210
-522
-1311
-2051
-2646
-3018
-3123
-2951
-2525
-1899
-1148
-353
405
1063
1574
1920
2109
2171
2150
2098
2064
2085
2183
2359
2595
2855
3094
3261
3309
3199
2907
2425
1760
935
-15
-1049
-2121
-3184
-4194
-5106
-5880
-6477
-6861
-6996
-6853
-6409
-5652
-4588
-3242
-1662
76
1878
3632
5216
6511
7416
7853
7784
7214
6194
4818
3217
1540
-56
-1428
-2461
-3079
-3259
-3027
-2458
-1665
-780
58
728
1134
1225
996
489
-213
-1006
-1769
-2392
-2787
-2899
-2718
-2273
-1634
-893
-155
481
937
1164
1153
934
567
136
-267
-561
-683
-607
-340
70
551
1011
1356
1510
1427
1100
567
-91
-767
-1331
-1662
-1660
-1268
-483
637
1977
3377
4647
5596
6054
5898
5072
3597
1574
-821
-3363
-5792
-7851
-9310
-9998
-9823
-8782
-6962
-4532
-1724
1192
3941
6271
7977
8924
9059
8407
7072
5212
3027
728
-1479
-3422
-4967
-6032
-6585
-6641
-6251
-5489
-4442
-3195
-1824
-397
1033
2421
3725
4902
5901
6669
7143
7264
6982
6267
5119
3574
1709
-359
-2482
-4493
-6223
-7517
-8259
-8380
-7877
-6806
-5288
-3488
-1599
178
1667
2728
3284
3327
2917
2177
1273
392
-285
-614
-502
71
1052
2313
3674
4919
5835
6233
5983
5032
3419
1271
-1201
-3739
-6052
-7865
-8946
-9144
-8405
-6784
-4445
-1638
1323
4104
6386
7904
8483
8059
6687
4537
1873
-977
-3667
-5865
-7302
-7801
-7302
-5865
-3667
-977
1873
4537
6687
8059
8483
7904
6386
4104
1323
-1638
-4445
-6784
-8405
-9144
-8946
-7865
-6052
-3739
-1201
1271
3419
5032
5983
6233
5835
4919
3674
2313
1052
71
-502
-614
-285
392
1273
2177
2917
3327
3284
2728
1667
178
-1599
-3488
-5288
-6806
-7877
-8380
-8259
-7517
-6223
-4493
-2482
-359
1709
3574
5119
6267
6982
7264
7143
6669
5901
4902
3725
2421
1033
-397
-1824
-3195
-4442
-5489
-6251
-6641
-6585
-6032
-4967
-3422
-1479
728
3027
5212
7072
8407
9059
8924
7977
6271
3941
1192
-1724
-4532
-6962
-8782
-9823
-9998
-9310
-7851
-5792
-3363
-821
1574
3597
5072
5898
6054
5596
4647
3377
1977
637
-483
-1268
-1660
-1662
-1331
-767
-91
567
1100
1427
1510
1356
1011
551
70
-340
-607
-683
-561
-267
136
567
934
1153
1164
937
481
-155
-893
-1634
-2273
-2718
-2899
-2787
-2392
-1769
-1006
-213
489
996
1225
1134
728
58
-780
-1665
-2458
-3027
-3259
-3079
-2461
-1428
-56
1540
3217
4818
6194
7214
7784
7853
7416
6511
5216
3632
1878
76
-1662
-3242
-4588
-5652
-6409
-6853
-6996
-6861
-6477
-5880
-5106
-4194
-3184
-2121
-1049
-15
935
1760
2425
2907
3199
3309
3261
3094
2855
2595
2359
2183
2085
2064
2098
2150
2171
2109
1920
1574
1063
405
-353
-1148
-1899
-2525
-2951
-3123
-3018
-2646
-2051
-1311
-522
210
786
1126
1182
946
452
-229
-998
-1740
-2340
-2703
-2763
-2497
-1927
-1118
-169
798
1662
2310
2662
2680
2369
1786
1022
197
-562
-1139
-1442
-1420
-1071
-438
390
1301
2164
2857
3280
3371
3115
2544
1734
792
-158
-997
-1623
-1971
-2018
-1792
-1359
-820
-293
105
281
171
-240
-923
-1799
-2756
-3659
-4375
-4786
-4807
-4399
-3576
-2402
-982
547
2038
3351
4367
5009
5242
5082
4590
3858
3002
2139
1377
795
442
325
415
652
954
1234
1406
1402
1179
725
57
-780
-1722
-2691
-3607
-4396
-4997
-5367
-5482
-5337
-4944
-4330
-3526
-2574
-1516
-395
744
1857
2899
3821
4581
5134
5445
5489
5256
4754
4013
3081
2025
925
-134
-1073
-1823
-2335
-2588
-2586
-2365
-1979
-1499
-1002
-560
-228
-42
-11
-120
-328
-584
-830
-1011
-1089
-1044
-883
-633
-340
-62
146
239
192
5
-290
-643
-980
-1222
-1296
-1145
-744
-104
727
1668
2611
3440
4039
4318
4219
3730
2889
1777
513
-762
-1907
-2794
-3329
-3467
-3212
-2625
-1809
-900
-43
624
993
999
632
-59
-979
-1991
-2939
-3668
-4048
-3988
-3451
-2461
-1100
502
2186
3778
5114
6061
6532
6492
5965
5024
3784
2383
963
-344
-1440
-2260
-2783
-3030
-3055
-2934
-2748
-2574
-2469
-2463
-2556
-2717
-2894
-3021
-3031
-2869
-2498
-1909
-1121
-181
841
1866
2813
3605
4187
4524
4608
4457
4106
3606
3013
2380
1752
1162
626
147
-281
-675
-1047
-1409
-1765
-2110
-2431
-2712
-2932
-3072
0
0
0
0
0
0
0
0
0
0
0
0
0
0
0
0
0
0
0
0
0
0
0
0
0
0
0
0
0
0
0
0
0
0
0
0
0
0
0
0
0
0
0
0
0
0
0
0
0
0
0
0
0
0
0
0
0
0
0
0
0
0
0
0
0
0
0
6241
5932
5046
3694
2049
316
-1289
-2576
-3395
-3667
-3387
-2626
-1520
-253
969
1952
2532
2602
2126
1147
-224
-1817
-3428
-4844
-5872
-6363
-6230
-5460
-4118
-2333
-288
1807
3739
5314
6382
6852
6700
5968
4757
3212
1503
-195
-1723
-2951
-3792
-4208
-4203
-3826
-3152
-2275
-1293
-296
640
1462
2135
2644
2987
3171
3204
3093
2837
2434
1879
1170
316
-661
-1726
-2818
-3865
-4780
-5473
-5863
-5881
-5488
-4678
-3483
-1972
-250
1553
3296
4834
6036
6802
7065
6804
6045
4858
3349
1652
-84
-1716
-3108
-4154
-4783
-4961
-4700
-4049
-3091
-1933
-695
499
1537
2324
2791
2903
2658
2089
1259
256
-815
-1844
-2722
-3350
-3654
-3584
-3128
-2306
-1174
178
1639
3081
4369
5376
5996
6149
5794
4935
3619
1936
13
-1998
-3933
-5629
-6938
-7745
-7974
-7601
-6651
-5201
-3370
-1312
802
2803
4530
5853
6681
6974
6738
6030
4947
3614
2172
762
-490
-1489
-2172
-2523
-2565
-2358
-1989
-1560
-1173
-915
-851
-1005
-1366
-1882
-2470
-3024
-3428
-3576
-3384
-2802
-1827
-506
1065
2754
4398
5828
6881
7425
7373
6694
5424
3657
1544
-725
-2945
-4908
-6433
-7385
-7688
-7332
-6377
-4942
-3191
-1316
490
2053
3237
3957
4194
3983
3416
2621
1742
924
287
-86
-165
30
433
939
1425
1765
1857
1634
1079
227
-833
-1978
-3056
-3914
-4420
-4477
-4044
-3142
-1852
-309
1316
2835
4068
4864
5123
4805
3941
2622
994
-761
-2453
-3900
-4953
-5512
-5534
-5040
-4104
-2844
-1404
65
1424
2561
3404
3921
4124
4056
3782
3378
2911
2436
1984
1563
1158
744
289
-227
-811
-1448
-2094
-2689
-3160
-3431
-3441
-3155
-2572
-1730
-710
376
1401
2229
2741
2854
2529
1783
689
-629
-2018
-3302
-4316
-4922
-5028
-4603
-3680
-2354
-767
905
2484
3804
4736
5209
5209
4789
4053
3144
2218
1425
886
673
798
1215
1821
2477
3021
3298
3180
2587
1501
-32
-1903
-3951
-5984
-7801
-9217
-10084
-10307
-9859
-8776
-7157
-5147
-2919
-655
1475
3333
4820
5889
6539
6809
6770
6508
6111
5656
5199
4770
4373
3991
3591
3137
2594
1941
1173
306
-626
-1579
-2498
-3331
-4031
-4564
-4914
-5079
-5072
-4916
-4641
-4276
-3845
-3368
-2854
-2308
-1732
-1127
-498
143
780
1385
1931
2388
2734
2953
3046
3025
2916
2754
2579
2424
2317
2265
2261
2277
2269
2186
1977
1602
1039
295
-593
-1563
-2526
-3380
-4025
-4375
-4372
-3996
-3273
-2272
-1099
112
1222
2098
2634
2767
2486
1833
900
-182
-1266
-2200
-2853
-3134
-3004
-2479
-1629
-571
551
1587
2399
2883
2985
2705
2097
1265
341
-530
-1216
-1615
-1668
-1373
-780
13
881
1686
2299
2623
2606
2250
1610
786
-94
-892
-1483
-1777
-1731
-1356
-724
52
830
1460
1809
1784
1344
515
-616
-1914
-3205
-4309
-5061
-5340
-5081
-4293
-3054
-1503
175
1782
3127
4056
4472
4350
3741
2761
1577
380
-638
-1320
-1560
-1320
-638
380
1577
2761
3741
4350
4472
4056
3127
1782
175
-1503
-3054
-4293
-5081
-5340
-5061
-4309
-3205
-1914
-616
515
1344
1784
1809
1460
830
52
-724
-1356
-1731
-1777
-1483
-892
-94
786
1610
2250
2606
2623
2299
1686
881
13
-780
-1373
-1668
-1615
-1216
-530
341
1265
2097
2705
2985
2883
2399
1587
551
-571
-1629
-2479
-3004
-3134
-2853
-2200
-1266
-182
900
1833
2486
2767
2634
2098
1222
112
-1099
-2272
-3273
-3996
-4372
-4375
-4025
-3380
-2526
-1563
-593
295
1039
1602
1977
2186
2269
2277
2261
2265
2317
2424
2579
2754
2916
3025
3046
2953
2734
2388
1931
1385
780
143
-498
-1127
-1732
-2308
-2854
-3368
-3845
-4276
-4641
-4916
-5072
-5079
-4914
-4564
-4031
-3331
-2498
-1579
-626
306
1173
1941
2594
3137
3591
3991
4373
4770
5199
5656
6111
6508
6770
6809
6539
5889
4820
3333
1475
-655
-2919
-5147
-7157
-8776
-9859
-10307
-10084
-9217
-7801
-5984
-3951
-1903
-32
1501
2587
3180
3298
3021
2477
1821
1215
798
673
886
1425
2218
3144
4053
4789
5209
5209
4736
3804
2484
905
-767
-2354
-3680
-4603
-5028
-4922
-4316
-3302
-2018
-629
689
1783
2529
2854
2741
2229
1401
376
-710
-1730
-2572
-3155
-3441
-3431
-3160
-2689
-2094
-1448
-811
-227
289
744
1158
1563
1984
2436
2911
3378
3782
4056
4124
3921
3404
2561
1424
65
-1404
-2844
-4104
-5040
-5534
-5512
-4953
-3900
-2453
-761
994
2622
3941
4805
5123
4864
4068
2835
1316
-309
-1852
-3142
-4044
-4477
-4420
-3914
-3056
-1978
-833
227
1079
1634
1857
1765
1425
939
433
30
-165
-86
287
924
1742
2621
3416
3983
4194
3957
3237
2053
490
-1316
-3191
-4942
-6377
-7332
-7688
-7385
-6433
-4908
-2945
-725
1544
3657
5424
6694
7373
7425
6881
5828
4398
2754
1065
-506
-1827
-2802
-3384
-3576
-3428
-3024
-2470
-1882
-1366
-1005
-851
-915
-1173
-1560
-1989
-2358
-2565
-2523
-2172
-1489
-490
762
2172
3614
4947
6030
6738
6974
6681
5853
4530
2803
802
-1312
-3370
-5201
-6651
-7601
-7974
-7745
-6938
-5629
-3933
-1998
13
1936
3619
4935
5794
6149
5996
5376
4369
3081
1639
178
-1174
-2306
-3128
-3584
-3654
-3350
-2722
-1844
-815
256
1259
2089
2658
2903
2791
2324
1537
499
-695
-1933
-3091
-4049
-4700
-4961
-4783
-4154
-3108
-1716
-84
1652
3349
4858
6045
6804
7065
6802
6036
4834
3296
1553
-250
-1972
-3483
-4678
-5488
-5881
-5863
-5473
-4780
-3865
-2818
-1726
-661
316
1170
1879
2434
2837
3093
3204
3171
2987
2644
2135
1462
640
-296
-1293
-2275
-3152
-3826
-4203
-4208
-3792
-2951
-1723
-195
1503
3212
4757
5968
6700
6852
6382
5314
3739
1807
-288
-2333
-4118
-5460
-6230
-6363
-5872
-4844
-3428
-1817
-224
1147
2126
2602
2532
1952
969
-253
-1520
-2626
-3387
-3667
-3395
-2576
-1289
316
2049
3694
5046
5932
0
0
0
0
0
0
0
0
0
0
0
0
0
0
0
0
0
0
0
0
0
0
0
0
0
0
0
0
0
0
0
0
0
0
0
0
0
0
0
0
0
0
0
0
0
0
0
0
0
0
0
0
0
0
0
0
0
0
0
0
0
0
0
0
0
0
0
