0
4278
8485
12550
16402
19973
23203
26035
28419
30314
31684
32507
32766
32456
31581
30156
28203
25758
22860
19561
15917
11991
7852
3573
-771
-5106
-9352
-13436
-17284
-20829
-24006
-26759
-29038
-30801
-32015
-32660
-32720
-32196
-31094
-29434
-27244
-24563
-21439
-17925
-14087
-9991
-5712
-1327
3083
7441
11667
15683
19415
22796
25762
28259
30239
31667
32514
32764
32412
31462
29931
27847
25247
22178
18696
14865
10755
6443
2009
-2465
-6896
-11201
-15299
-19113
-22570
-25606
-28162
-30190
-31650
-32514
-32764
-32394
-31411
-29832
-27686
-25012
-21861
-18292
-14372
-10175
-5781
-1274
3259
7733
12062
16161
19951
23359
26318
28771
30668
31973
32659
32711
32127
30919
29107
26727
23823
20452
16679
12577
8226
3711
-879
-5455
-9926
-14204
-18204
-21846
-25058
-27775
-29942
-31516
-32464
-32766
-32415
-31417
-29790
-27567
-24790
-21514
-17805
-13736
-9388
-4849
-209
4437
8997
13377
17489
21248
24578
27411
29687
31359
32393
32765
32468
31507
29899
27676
24884
21579
17828
13707
9301
4700
0
-4703
-9311
-13729
-17864
-21629
-24947
-27746
-29968
-31566
-32503
-32761
-32332
-31225
-29460
-27076
-24119
-20653
-16748
-12488
-7961
-3263
1506
6246
10856
15238
19298
22949
26112
28719
30713
32051
32702
32651
31900
30461
28366
25658
22395
18646
14492
10022
5332
524
-4298
-9029
-13567
-17811
-21669
-25055
-27896
-30127
-31699
-32577
-32739
-32182
-30916
-28967
-26379
-23206
-19519
-15397
-10932
-6222
-1372
3511
8320
12945
17284
21240
24723
27655
29968
31611
32545
32748
32214
30954
28995
26381
23169
19431
15252
10724
5950
1038
-3899
-8751
-13405
-17757
-21705
-25159
-28038
-30277
-31822
-32637
-32702
-32014
-30588
-28456
-25665
-22280
-18377
-14047
-9388
-4509
477
5455
10308
14924
19194
23018
26305
28979
30974
32243
32756
32498
31476
29711
27244
24133
20449
16280
11722
6884
1880
-3170
-8148
-12935
-17416
-21484
-25041
-28000
-30291
-31856
-32659
-32677
-31909
-30373
-28105
-25157
-21600
-17520
-13013
-8189
-3163
1941
7001
11893
16499
20705
24407
27516
29953
31659
32589
32721
32049
30590
28377
25463
21921
17836
13307
8448
3377
-1780
-6896
-11843
-16499
-20746
-24479
-27603
-30040
-31727
-32621
-32699
-31957
-30413
-28105
-25088
-21439
-17247
-12618
-7668
-2522
2689
7836
12787
17416
21605
25247
28248
30530
32035
32723
32574
31592
29801
27244
23987
20112
15718
10917
5832
595
-4660
-9798
-14685
-19194
-23208
-26622
-29345
-31307
-32455
-32757
-32206
-30813
-28614
-25665
-22043
-17841
-13169
-8148
-2911
2405
7661
12717
17440
21705
25397
28419
30689
32146
32750
32483
31352
29385
26633
23169
19084
14487
9500
4255
-1105
-6439
-11603
-16457
-20870
-24723
-27911
-30346
-31961
-32712
-32578
-31559
-29684
-27001
-23582
-19519
-14922
-9916
-4636
771
6162
11386
16301
20770
24671
27896
30354
31977
32719
32558
31498
29565
26813
23317
19172
14492
9407
4058
-1405
-6833
-12073
-16978
-21411
-25247
-28377
-30713
-32188
-32760
-32410
-31148
-29007
-26047
-22351
-18021
-13179
-7961
-2516
3003
8440
13640
18454
22745
26389
29282
31340
32503
32737
32033
30409
27913
24613
20604
16000
10932
5547
0
-5550
-10942
-16021
-20637
-24657
-27963
-30458
-32068
-32745
-32468
-31244
-29107
-26118
-22364
-17952
-13013
-7689
-2137
3479
8997
14252
19090
23367
26955
29748
31662
32640
32650
31691
29790
27003
23411
19119
14256
8965
3403
-2262
-7862
-13230
-18204
-22633
-26385
-29345
-31423
-32556
-32707
-31871
-30072
-27362
-23823
-19561
-14703
-9397
-3803
1908
7565
12994
18030
22517
26318
29316
31419
32559
32702
31841
30001
27238
23635
19302
14372
8996
3339
-2422
-8112
-13553
-18577
-23026
-26761
-29667
-31650
-32648
-32629
-31591
-29565
-26615
-22829
-18327
-13249
-7752
-2009
3799
9491
14886
19815
24120
27666
30338
32052
32751
32412
31044
28690
25423
21345
16586
11295
5642
-193
-6025
-11667
-16938
-21669
-25706
-28920
-31206
-32489
-32726
-31909
-30063
-27244
-23544
-19081
-13998
-8460
-2644
3259
9060
14569
19606
24006
27626
30346
32075
32756
32366
30916
28451
25051
20827
15917
10480
4696
-1244
-7147
-12817
-18065
-22719
-26622
-29644
-31684
-32674
-32578
-31398
-29173
-25975
-21909
-17110
-11737
-5969
0
5972
11747
17130
21941
26016
29217
31436
32596
32657
31615
29504
26395
22390
17625
12260
6476
470
-5554
-11392
-16845
-21726
-25867
-29127
-31393
-32585
-32662
-31619
-29491
-26349
-22301
-17483
-12062
-6222
-166
5898
11762
17222
22088
26191
29387
31566
32648
32597
31411
29131
25835
21636
16679
11138
5205
-912
-7001
-12847
-18244
-23003
-26955
-29960
-31912
-32739
-32412
-30940
-28374
-24803
-20353
-15179
-9465
-3413
2763
8843
14612
19863
24407
28083
30758
32334
32755
32003
30103
27124
23169
18381
12929
7010
836
-5370
-11386
-16993
-21989
-26191
-29446
-31636
-32680
-32538
-31214
-28754
-25247
-20819
-15630
-9868
-3744
2518
8692
14551
19879
24480
28184
30855
32393
32739
31880
29845
26709
22585
17625
12011
5950
-333
-6607
-12639
-18204
-23094
-27128
-30152
-32055
-32763
-32248
-30528
-27666
-23767
-18976
-13473
-7461
-1167
5173
11322
17047
22132
26385
29644
31785
32724
32427
30901
28203
24435
19738
14288
8294
1981
-4409
-10635
-16457
-21654
-26025
-29402
-31656
-32697
-32485
-31027
-28377
-24634
-19943
-14481
-8460
-2109
4324
10594
16457
21686
26077
29459
31699
32710
32451
30929
28203
24378
19601
14056
7961
1552
-4919
-11201
-17047
-22227
-26537
-29806
-31906
-32751
-32307
-30590
-27666
-23648
-18696
-13002
-6791
-309
6187
12441
18204
23246
27366
30398
32222
32762
31995
29951
26709
22398
17189
11289
4935
-1619
-8112
-14281
-19879
-24678
-28486
-31147
-32552
-32643
-31416
-28917
-25247
-20553
-15023
-8882
-2378
4225
10659
16662
21989
26421
29777
31918
32756
32254
30432
27362
23169
18024
12137
5748
-879
-7473
-13762
-19485
-24407
-28323
-31070
-32533
-32650
-31414
-28875
-25136
-20353
-14721
-8475
-1874
4807
11292
17307
22602
26955
30182
32146
32765
32010
29911
26556
22083
16679
10571
4016
-2711
-9326
-15551
-21121
-25799
-29387
-31732
-32732
-32344
-30582
-27520
-23286
-18060
-12062
-5547
1206
7911
14280
20041
24947
28786
31393
32653
32513
30975
28105
24024
18906
12972
6476
-301
-7069
-13534
-19415
-24458
-28443
-31196
-32596
-32580
-31148
-28360
-24336
-19250
-13322
-6811
0
6813
13332
19269
24364
28393
31178
32594
32578
31129
28309
24241
19103
13120
6555
-301
-7147
-13680
-19609
-24671
-28641
-31340
-32648
-32505
-30916
-27948
-23735
-18460
-12360
-5706
1206
8067
14569
20421
25359
29162
31656
32728
32328
30473
27244
22786
17298
11027
4255
-2711
-9557
-15974
-21669
-26383
-29901
-32062
-32766
-31979
-29736
-26137
-21345
-15577
-9095
-2195
4807
11593
17850
23291
27666
30771
32464
32665
31362
28614
24546
19345
13249
6538
-477
-7473
-14125
-20126
-25196
-29098
-31650
-32732
-32292
-30349
-26991
-22374
-16712
-10266
-3339
3746
10659
17076
22694
27251
30530
32377
32702
31489
28793
24740
19519
13375
6597
-494
-7565
-14281
-20323
-25404
-29282
-31772
-32753
-32178
-30072
-26533
-21729
-15887
-9285
-2238
4919
11843
18204
23695
28052
31066
32589
32548
30942
27847
23411
17845
11416
4435
-2763
-9830
-16425
-22227
-26955
-30378
-32330
-32713
-31507
-28769
-24631
-19293
-13013
-6096
1120
8285
15047
21076
26077
29802
32068
32763
31850
29372
25451
20276
14101
7230
0
-7232
-14111
-20295
-25478
-29402
-31872
-32764
-32033
-29711
-25913
-20827
-14703
-7845
-595
6688
13640
19914
25196
29220
31785
32759
32093
29819
26047
20967
14832
7950
664
-6656
-13645
-19948
-25247
-29273
-31822
-32763
-32046
-29706
-25861
-20703
-14492
-7543
-209
7138
14125
20396
25629
29557
31977
32766
31880
29363
25342
20022
13674
6622
-771
-8129
-15071
-21240
-26318
-30042
-32219
-32734
-31559
-28754
-24461
-18901
-12360
-5177
2276
9615
16457
22447
27271
30678
32489
32608
31026
27825
23169
17302
10527
3199
-4298
-11573
-18244
-23960
-28419
-31387
-32705
-32302
-30198
-26501
-21406
-15179
-8148
-684
6817
13962
20369
25700
29668
32064
32757
31710
28975
24698
19103
12488
5205
-2358
-9798
-16717
-22745
-27557
-30894
-32577
-32513
-30703
-27244
-22319
-16192
-9191
-1693
5898
13175
19743
25247
29388
31941
32765
31816
29141
24884
19276
12618
5272
-2362
-9871
-16845
-22903
-27714
-31014
-32621
-32445
-30495
-26875
-21781
-15492
-8351
-749
6896
14165
20658
26016
29942
32220
32721
31417
28377
23767
17841
10926
3403
-4310
-11787
-18613
-24407
-28847
-31684
-32759
-32010
-29476
-25298
-19707
-13013
-5590
2148
9769
16845
22980
27828
31116
32659
32366
30254
26438
21133
14635
7310
-430
-8148
-15409
-21801
-26962
-30598
-32502
-32563
-30778
-27244
-22162
-15818
-8572
-836
6950
14343
20920
26305
30190
32350
32661
31103
27762
22829
16586
9388
1649
-6187
-13670
-20369
-25898
-29936
-32249
-32702
-31267
-28024
-23161
-16955
-9766
-2009
5867
13405
20168
25762
29860
32222
32709
31291
28049
23169
16936
9711
1916
-5992
-13553
-20323
-25904
-29968
-32275
-32687
-31179
-27837
-22855
-16527
-9222
-1372
6562
14111
20829
26318
30252
32397
32623
30916
27374
22206
15718
8294
373
-7571
-15067
-21669
-26980
-30683
-32556
-32483
-30469
-26631
-21197
-14492
-6916
1077
9009
16402
22811
27851
31216
32702
32218
29790
25564
19793
12824
5078
-2978
-10856
-18080
-24210
-28873
-31785
-32766
-31757
-28816
-24119
-17952
-10689
-2772
5316
13083
20053
25799
29968
32304
32662
31017
27469
22233
15630
8064
0
-8067
-15639
-22251
-27492
-31038
-32669
-32282
-29899
-25665
-19840
-12785
-4935
3223
11185
18454
24578
29176
31960
32754
31507
28295
23317
16881
9388
1306
-6859
-14599
-21426
-26913
-30713
-32587
-32415
-30206
-26096
-20343
-13307
-5431
2789
10837
18204
24423
29100
31937
32755
31498
28244
23199
16679
9099
938
-7285
-15047
-21854
-27271
-30951
-32659
-32282
-29844
-25497
-19519
-12290
-4271
4023
12062
19330
25359
29762
32252
32670
30984
27303
21861
15008
7184
-1105
-9326
-16947
-23474
-28484
-31650
-32766
-31757
-28687
-23753
-17274
-9670
-1435
6896
14781
21705
27215
30951
32666
32248
29720
25247
19119
11737
3583
-4807
-12886
-20121
-26035
-30239
-32455
-32534
-30469
-26395
-20578
-13400
-5336
3083
11302
18775
25007
29584
32200
32681
30992
27244
21684
14679
6695
-1736
-10055
-17706
-24178
-29038
-31959
-32744
-31340
-27837
-22468
-15592
-7668
771
9163
16942
23583
28641
31772
32764
31548
28203
22955
16155
8261
-193
-8637
-16499
-23246
-28419
-31667
-32766
-31641
-28366
-23161
-16378
-8479
0
8482
16388
23178
28387
31659
32766
31633
28334
23092
16267
8323
-193
-8699
-16610
-23382
-28547
-31748
-32764
-31521
-28105
-22748
-15818
-7793
771
9287
17161
23850
28887
31923
32744
31292
27666
22114
15023
6884
-1736
-10238
-18030
-24565
-29387
-32158
-32681
-30919
-26991
-21173
-13868
-5590
3083
11543
19194
25499
30012
32414
32534
30361
26047
19895
12336
3903
-4807
-13181
-20625
-26610
-30711
-32637
-32248
-29569
-24790
-18247
-10405
-1820
6896
15124
22277
27843
31423
32760
31757
28483
23169
16196
8060
-655
-9326
-17331
-24094
-29127
-32068
-32703
-30984
-27033
-21133
-13707
-5289
3511
12062
19743
25999
30374
32552
32371
29844
25150
18630
10754
2094
-6719
-15047
-22282
-27896
-31478
-32765
-31661
-28244
-22763
-15616
-7324
1506
10228
18204
24847
29668
32313
32585
30461
26096
19809
12062
3423
-5469
-13962
-21426
-27310
-31178
-32740
-31881
-28661
-23317
-16242
-7961
912
9721
17811
24578
29519
32265
32608
30520
26157
19840
12041
3339
-5613
-14150
-21629
-27492
-31296
-32755
-31758
-28377
-22863
-15630
-7219
1736
10564
18599
25234
29968
32443
32468
30041
25342
18725
10689
1842
-7147
-15598
-22868
-28404
-31785
-32751
-31227
-27327
-21345
-13736
-5078
3969
12717
20496
26712
30887
32702
32014
28875
23522
16364
7950
-1077
-10024
-18204
-24986
-29848
-32414
-32483
-30050
-25298
-18593
-10451
-1499
7571
16058
23305
28750
31969
32711
30916
26720
20449
12587
3744
-5391
-14111
-21734
-27666
-31442
-32766
-31533
-27837
-21964
-14372
-5653
3510
12401
20323
26654
30894
32710
31957
28692
23169
15822
7226
-1941
-10958
-19113
-25762
-30378
-32596
-32237
-29328
-24096
-16955
-8469
691
9799
18132
25028
29936
32465
32412
29778
24772
17791
9388
234
-8940
-17404
-24479
-29598
-32350
-32513
-30072
-25219
-18342
-9991
-836
8388
16942
24135
29387
32275
32563
30226
25451
18620
10283
1113
-8148
-16754
-24006
-29316
-32252
-32574
-30254
-25477
-18630
-10266
-1066
8222
16845
24098
29390
32286
32549
30156
25298
18372
9941
695
-8610
-17213
-24407
-29603
-32371
-32482
-29925
-24908
-17841
-9305
0
9307
17850
24924
29942
32491
32356
29546
24293
17028
8351
-1019
-10308
-18745
-25629
-30386
-32621
-32145
-28995
-23432
-15917
-7073
2362
11603
19879
26497
30903
32728
31816
28241
22301
14491
5464
-4023
-13175
-21224
-27492
-31451
-32766
-31324
-27244
-20868
-12732
-3519
5992
15001
22745
28568
31977
32682
30619
25962
19103
10622
1238
-8253
-17047
-24394
-29668
-32420
-32412
-29643
-24347
-16973
-8148
1373
10781
19269
26112
30723
32705
31886
28334
22351
14449
5304
-4298
-13534
-21608
-27826
-31650
-32749
-31026
-26627
-19930
-11510
-2094
7504
16457
23989
29446
32355
32460
29752
24461
17046
8148
-1459
-10942
-19477
-26318
-30870
-32732
-31742
-27983
-21780
-13674
-4371
5316
14541
22496
28484
31977
32669
30495
25645
18541
9807
209
-9410
-18204
-25397
-30356
-32640
-32046
-28625
-22675
-14721
-5464
4278
13645
21806
28038
31787
32719
30748
26047
19032
10324
695
-8997
-17892
-25196
-30256
-32621
-32077
-28669
-22701
-14703
-5389
4409
13816
21989
28193
31872
32694
30582
25725
18555
9715
0
-9718
-18563
-25739
-30598
-32699
-31850
-28126
-21861
-13619
-4144
5708
15047
23026
28920
32194
32549
29951
24631
17073
7961
-1876
-11547
-20168
-26955
-31287
-32766
-31257
-26894
-20073
-11416
-1713
8148
17267
24807
30076
32589
32113
28690
22632
14492
5018
-4919
-14407
-22570
-28657
-32104
-32591
-30072
-24775
-17189
-8012
1907
11653
20323
27113
31393
32763
31094
26539
19519
10683
852
-9060
-18132
-25519
-30530
-32697
-31816
-27965
-21503
-13031
-3339
6667
16052
23938
29584
32459
32292
29097
23169
15065
5543
-4501
-14125
-22423
-28612
-32108
-32578
-29977
-24546
-16798
-7461
2582
12385
21019
27666
31694
32721
30647
25665
18247
9095
-923
-10856
-19760
-26786
-31264
-32766
-31146
-26556
-19431
-10451
-470
9557
18675
26008
30855
32749
31507
27244
20368
11537
1595
-8501
-17784
-25359
-30497
-32702
-31758
-27754
-21074
-12360
-2451
7696
17103
24860
30215
32648
31922
28105
21563
12929
3039
-7147
-16643
-24525
-30025
-32607
-32016
-28309
-21844
-13249
-3359
6859
16412
24364
29939
32588
32050
28377
21924
13322
3413
-6833
-16412
-24382
-29960
-32596
-32028
-28309
-21804
-13150
-3199
7069
16643
24578
30089
32630
31946
28105
21482
12732
2719
-7565
-17103
-24947
-30318
-32680
-31797
-27754
-20951
-12062
-1970
8320
17784
25478
30633
32732
31565
27244
20200
11134
952
-9326
-18675
-26154
-31014
-32765
-31228
-26556
-19215
-9941
333
10578
19760
26955
31436
32749
30759
25665
17979
8475
-1887
-12062
-21019
-27851
-31864
-32650
-30126
-24546
-16475
-6728
3703
13762
22423
28806
32258
32427
29291
23169
14683
4696
-5772
-15653
-23938
-29777
-32571
-32033
-28214
-21503
-12587
-2378
8077
17706
25519
30711
32748
31416
26850
19519
10175
-219
-10594
-19879
-27113
-31549
-32726
-30520
-25157
-17189
-7439
3083
13289
22119
28657
32222
32441
29289
23092
14492
4381
-6187
-16114
-24364
-30076
-32652
-31820
-27666
-20619
-11416
-1017
9491
19008
26537
31287
32757
30792
25595
17709
7961
-2625
-12939
-21894
-28547
-32194
-32451
-29286
-23032
-14346
-4144
6498
16457
24678
30291
32699
31644
27238
19943
10531
0
-10533
-19951
-27251
-31656
-32694
-30254
-24592
-16309
-6286
4409
14637
23305
29487
32519
32077
28203
21312
12137
1660
-8997
-18692
-26385
-31248
-32757
-30748
-25434
-17383
-7461
3266
13645
22556
29038
32390
32248
28625
21909
12824
2351
-8378
-18204
-26061
-31098
-32765
-30880
-25645
-17625
-7689
3083
13524
22496
29023
32393
32235
28565
21780
12618
2077
-8692
-18516
-26318
-31245
-32755
-30681
-25247
-17046
-6975
3863
14280
23132
29446
32527
32033
28015
20915
11510
836
-9932
-19609
-27125
-31650
-32682
-30103
-24198
-15616
-5304
5596
15880
24407
30232
32705
31550
26894
19250
9465
-1373
-12062
-21411
-28379
-32188
-32412
-29022
-22395
-13267
-2656
8253
18244
26197
31222
32754
30619
25054
16679
6433
-4537
-15001
-23783
-29895
-32648
-31731
-27244
-19690
-9916
976
11762
21224
28293
32170
32415
28997
22301
13080
2378
-8595
-18599
-26497
-31393
-32729
-30352
-24528
-15917
-5494
5554
15974
24578
30386
32734
31352
26395
18425
8351
-2679
-13405
-22602
-29217
-32491
-32046
-27932
-20616
-10936
0
10939
20625
27944
32055
32482
29173
22507
13249
2462
-8610
-18692
-26622
-31481
-32707
-30156
-24119
-15293
-4696
6446
16845
25296
30817
32766
30916
25477
17079
6695
-4468
-15115
-24006
-30106
-32702
-31489
-26606
-18620
-8460
2689
13528
22788
29387
32552
31909
27532
19930
9991
-1120
-12103
-21669
-28693
-32350
-32208
-28280
-21025
-11295
-234
10856
20671
28052
32127
32412
28871
21921
12379
1372
-9799
-19815
-27487
-31906
-32545
-29328
-22632
-13249
-2291
8940
19113
27016
31708
32629
29666
23169
13911
2992
-8285
-18577
-26654
-31549
-32677
-29899
-23544
-14372
-3477
7836
18214
26411
31442
32702
30037
23764
14635
3744
-7598
-18030
-26293
-31393
-32711
-30086
-23833
-14703
-3796
7571
18026
26305
31405
32707
30050
23753
14577
3632
-7754
-18204
-26446
-31479
-32688
-29925
-23522
-14256
-3253
8148
18560
26712
31608
32650
29706
23135
13736
2656
-8751
-19090
-27095
-31785
-32581
-29385
-22585
-13013
-1842
9557
19786
27585
31994
32468
28947
21861
12081
809
-10564
-20637
-28166
-32219
-32293
-28377
-20951
-10932
440
11762
21629
28819
32437
32033
27653
19840
9561
-1907
-13142
-22745
-29519
-32621
-31661
-26755
-18514
-7961
3586
14689
23960
30239
32740
31148
25658
16955
6128
-5469
-16384
-25247
-30944
-32759
-30461
-24336
-15151
-4058
7546
18204
26572
31595
32638
29565
22763
13087
1756
-9798
-20118
-27896
-32148
-32332
-28424
-20915
-10754
771
12203
22088
29171
32552
31797
27001
18769
8148
-3511
-14727
-24069
-30346
-32754
-30984
-25260
-16309
-5272
6439
17331
26008
31359
32696
29845
23169
13521
2137
-9523
-19964
-27843
-32146
-32318
-28334
-20703
-10405
1234
12717
22564
29503
32637
31559
26407
17841
6968
-4807
-15965
-25058
-30909
-32757
-30361
-24028
-14577
-3233
8533
19194
27364
31977
32433
28669
21173
10917
-762
-12345
-22321
-29387
-32619
-31592
-26438
-17828
-6884
4961
16161
25247
31028
32744
30168
23635
13998
2522
-9287
-19879
-27860
-32179
-32265
-28105
-20242
-9711
2101
13640
23382
30040
32733
31103
25362
16267
5018
-6896
-17901
-26537
-31659
-32585
-29190
-21921
-11741
0
11743
21929
29201
32589
31641
26480
17791
6728
-5233
-16499
-25566
-31222
-32709
-29826
-22955
-13013
-1327
10537
20994
28641
32450
31909
27088
18630
7668
-4324
-15739
-25041
-30976
-32744
-30105
-23411
-13561
-1880
10055
20637
28436
32397
31982
27244
18822
7852
-4182
-15653
-25007
-30974
-32743
-30072
-23319
-13400
-1660
10308
20879
28612
32455
31881
26966
18377
7282
-4807
-16245
-25468
-31216
-32702
-29720
-22675
-12528
-664
11292
21705
29147
32596
31576
26225
17274
5950
-6193
-17489
-26383
-31650
-32564
-28995
-21433
-10917
1105
12978
23064
29968
32737
30984
24950
15465
3839
-8320
-19330
-27666
-32170
-32217
-27796
-19519
-8531
3643
15314
24860
30951
32739
29972
23032
12884
938
-11141
-21669
-29176
-32613
-31498
-25982
-16835
-5332
6918
18204
26944
31912
32410
28366
20343
9465
-2743
-14569
-24351
-30713
-32759
-30198
-23387
-13283
-1306
10856
21492
29100
32604
31507
25962
16748
5166
-7147
-18454
-27152
-32008
-32332
-28076
-19840
-8789
3510
15314
24947
31038
32720
29752
22551
12140
0
-12143
-22559
-29762
-32723
-31017
-24884
-15198
-3339
8998
20053
28242
32393
31908
26854
17952
6476
-5930
-17489
-26541
-31785
-32465
-28481
-20402
-9388
2978
14918
24714
30951
32730
29790
22554
12062
-172
-12385
-22811
-29942
-32746
-30813
-24421
-14492
-2462
9926
20879
28806
32556
31581
26021
16679
4912
-7571
-18956
-27585
-32200
-32127
-27374
-18630
-7167
5342
17076
26318
31719
32485
28504
20353
9222
-3259
-15267
-25041
-31147
-32687
-29434
-21861
-11077
1334
13553
23783
30517
32764
30189
23169
12736
423
-11953
-22570
-29860
-32743
-30792
-24293
-14202
-2009
10483
21426
29201
32652
31267
25247
15482
3419
-9153
-20369
-28563
-32514
-31633
-26047
-16586
-4654
7973
19415
27967
32350
31910
26709
17520
5712
-6950
-18577
-27428
-32179
-32116
-27244
-18292
-6597
6088
17864
26962
32015
32263
27666
18910
7310
-5391
-17284
-26579
-31872
-32366
-27983
-19380
-7852
4862
16845
26287
31760
32433
28203
19707
8226
-4501
-16550
-26094
-31684
-32472
-28334
-19895
-8434
4310
16402
26003
31651
32486
28377
19946
8475
-4288
-16402
-26016
-31662
-32478
-28334
-19861
-8351
4437
16550
26133
31717
32445
28203
19638
8060
-4756
-16845
-26351
-31812
-32386
-27983
-19276
-7602
5243
17284
26666
31941
32293
27666
18769
6975
-5898
-17864
-27071
-32095
-32157
-27244
-18113
-6176
6719
18577
27557
32265
31968
26709
17302
5205
-7702
-19415
-28111
-32434
-31710
-26047
-16326
-4058
8843
20369
28719
32588
31368
25247
15179
2736
-10137
-21426
-29364
-32705
-30922
-24293
-13853
-1238
11573
22570
30025
32764
30353
23169
12339
-434
-13142
-23783
-30678
-32739
-29638
-21861
-10632
2276
14829
25041
31296
32604
28754
20353
8727
-4282
-16616
-26318
-31849
-32328
-27676
-18630
-6622
6439
18480
27585
32302
31880
26381
16679
4318
-8734
-20396
-28806
-32620
-31227
-24845
-14492
-1820
11144
22329
29942
32763
30335
23047
12062
-859
-13645
-24243
-30951
-32688
-29173
-20967
-9388
3703
16202
26094
31785
32354
27709
18593
6476
-6688
-18775
-27832
-32393
-31718
-25913
-15915
-3339
9779
21317
29402
32723
30737
23764
12933
0
-12935
-23772
-30745
-32720
-29372
-21243
-9654
3510
16105
26077
31798
32332
27590
18342
6096
-7147
-19226
-28162
-32493
-31507
-25362
-15061
-2291
10856
22227
29953
32765
30198
22670
11416
-1716
-14569
-25028
-31370
-32548
-28366
-19509
-7435
5867
18204
27539
32330
31782
25982
15887
3163
-10086
-21669
-29667
-32753
-30413
-23032
-11831
1334
14281
24860
31312
32563
28403
19519
7387
-5976
-18347
-27666
-32377
-31693
-25725
-15465
-2622
10659
22164
29968
32766
30086
22374
10917
-2369
-15261
-25599
-31650
-32396
-27709
-18372
-5950
7473
19643
28516
32596
31195
24546
13765
664
-12550
-23653
-30771
-32702
-29116
-20616
-8634
4807
17440
27128
32230
31881
26137
15968
3092
-10308
-21966
-29901
-32766
-30072
-22272
-10689
2711
15653
25937
31812
32275
27244
17574
4908
-8595
-20637
-29162
-32712
-30681
-23411
-12140
1206
14349
25041
31451
32480
27948
18630
6117
-7445
-19735
-28641
-32634
-31026
-24089
-13013
301
13567
24501
31222
32570
28309
19172
6728
-6876
-19298
-28393
-32589
-31159
-24347
-13326
0
13328
24354
31166
32585
28360
19220
6748
-6896
-19347
-28443
-32604
-31103
-24198
-13087
301
13640
24608
31294
32533
28105
18778
6176
-7504
-19879
-28786
-32669
-30847
-23635
-12290
1206
14493
25247
31583
32389
27520
17828
5008
-8692
-20870
-29387
-32745
-30352
-22624
-10917
2711
15865
26229
31977
32094
26556
16335
3233
-10442
-22277
-30182
-32757
-29546
-21112
-8944
4807
17712
27483
32390
31559
25136
14256
845
-12717
-24026
-31070
-32598
-28334
-19032
-6345
7473
19964
28903
32697
30666
23169
11540
-2148
-15456
-26008
-31918
-32127
-26596
-16309
-3103
10659
22517
30346
32741
29270
20553
8148
-5719
-18563
-28078
-32552
-31179
-24202
-12874
771
14281
25223
31625
32332
27214
17189
4062
-9798
-21894
-30040
-32762
-29565
-21025
-8682
5233
18204
27882
32514
31257
24336
13002
-691
-14262
-25247
-31650
-32307
-27094
-16955
-3732
10171
22227
30239
32747
29289
20494
7961
-6025
-18915
-28356
-32621
-30929
-23586
-11931
1907
15400
26077
31982
32033
26215
15592
2109
-11762
-23479
-30889
-32629
-28377
-18910
-5966
8077
20637
29402
32756
30080
21861
9613
-4409
-17621
-27585
-32459
-31342
-24435
-13013
816
14497
25499
31785
32188
26631
16140
2656
-11322
-23203
-30782
-32650
-28456
-18976
-5969
8148
20755
29503
32763
29925
21514
9095
-5021
-18204
-27995
-32564
-31058
-23753
-12011
1977
15598
26305
32095
31880
25698
14703
952
-12978
-24480
-31393
-32418
-27360
-17165
-3744
10381
22559
30497
32702
28754
19394
6380
-7836
-20580
-29446
-32762
-29899
-21393
-8847
5370
18577
28275
32630
30814
23169
11138
-3003
-16579
-27016
-32334
-31523
-24733
-13249
751
14612
25700
31906
32048
26096
15179
1372
-12698
-24354
-31371
-32412
-27273
-16932
-3359
10856
23003
30758
32638
28280
18514
5205
-9101
-21669
-30089
-32747
-29131
-19930
-6905
7445
20371
29387
32762
29844
21189
8460
-5898
-19125
-28673
-32702
-30433
-22301
-9868
4468
17946
27963
32585
30916
23274
11134
-3159
-16845
-27275
-32428
-31305
-24119
-12260
1977
15833
26622
32247
31615
24845
13249
-923
-14918
-26016
-32055
-31858
-25461
-14105
0
14107
25468
31864
32046
25975
14832
792
-13405
-24986
-31684
-32188
-26395
-15435
-1452
12817
24578
31525
32292
26727
15917
1981
-12345
-24250
-31393
-32366
-26976
-16280
-2378
11993
24006
31293
32415
27148
16527
2644
-11762
-23850
-31230
-32442
-27244
-16660
-2779
11653
23783
31206
32451
27267
16679
2783
-11667
-23806
-31222
-32441
-27217
-16586
-2656
11803
23919
31277
32412
27094
16378
2398
-12062
-24120
-31370
-32361
-26894
-16056
-2009
12441
24407
31496
32285
26615
15616
1488
-12939
-24777
-31650
-32178
-26251
-15055
-836
13553
25223
31826
32033
25797
14372
52
-14280
-25739
-32015
-31841
-25247
-13561
863
15115
26318
32208
31592
24592
12618
-1908
-16052
-26950
-32393
-31276
-23823
-11540
3083
17085
27622
32556
30880
22932
10324
-4384
-18204
-28323
-32682
-30389
-21909
-8965
5807
19399
29038
32755
29790
20744
7461
-7347
-20658
-29748
-32757
-29067
-19428
-5811
8997
21966
30436
32669
28203
17952
4016
-10746
-23305
-31079
-32468
-27184
-16309
-2077
12583
24657
31656
32135
25992
14491
0
-14493
-25999
-32139
-31644
-24613
-12494
2208
16457
27304
32503
30975
23032
10317
-4537
-18454
-28547
-32719
-30103
-21238
-7961
6971
20458
29694
32757
29007
19220
5431
-9491
-22439
-30713
-32587
-27666
-16973
-2736
12073
24364
31568
32177
26060
14492
-108
-14689
-26197
-32222
-31498
-24174
-11781
3083
17304
27896
32634
30520
21996
8847
-6162
-19879
-29416
-32766
-29219
-19519
-5706
9311
22368
30711
32578
27570
16743
2378
-12491
-24723
-31732
-32033
-25558
-13674
1105
15653
26888
32428
31095
23169
10328
-4707
-18745
-28806
-32750
-29736
-20402
-6728
8378
21705
30414
32650
27932
17262
2911
-12062
-24465
-31651
-32083
-25665
-13765
1077
15692
26955
32455
31012
22932
9941
-5180
-19194
-29098
-32765
-29406
-19738
-5832
9326
22486
30817
32526
27244
16102
1495
-13436
-25478
-32035
-31693
-24521
-12062
2999
17416
28078
32680
30226
21243
7668
-7565
-21167
-30192
-32685
-28105
-17438
-2992
12103
24578
31727
31995
25321
13150
-1876
-16499
-27539
-32596
-30567
-21889
-8448
6833
20630
29936
32722
28377
17845
3419
-11753
-24364
-31659
-32040
-25423
-13249
1823
16499
27568
32607
30508
21729
8189
-7147
-20920
-30108
-32693
-28105
-17347
-2779
12401
24860
31856
31850
24838
12360
-2839
-17416
-28160
-32702
-30037
-20749
-6884
8501
22013
30668
32552
27244
15915
1066
-14020
-26008
-32243
-31342
-23500
-10451
4915
19194
29220
32766
29042
18871
4509
-10856
-23813
-31479
-32147
-25665
-13473
1720
16533
27666
32637
30335
21271
7461
-8015
-21705
-30552
-32578
-27327
-15968
-1038
14125
26133
32294
31228
23169
9920
-5554
-19786
-29584
-32748
-28565
-17970
-3339
12043
24723
31849
31816
24627
11897
-3511
-18132
-28673
-32755
-29458
-19519
-5177
10334
23516
31393
32182
25702
13414
-1907
-16800
-27896
-32682
-30072
-20653
-6555
9029
22570
30997
32395
26445
14492
-751
-15827
-27310
-32589
-30461
-21406
-7481
8148
21926
30713
32507
26894
15151
-48
-15238
-26955
-32522
-30664
-21804
-7961
7702
21608
30575
32549
27076
15403
202
-15047
-26852
-32503
-30703
-21861
-8002
7696
21629
30598
32538
27001
15255
0
-15257
-27007
-32541
-30582
-21579
-7602
8129
21989
30779
32468
26664
14703
-655
-15865
-27411
-32621
-30288
-20948
-6758
8997
22672
31098
32318
26047
13736
-1763
-16855
-28038
-32713
-29790
-19946
-5464
10289
23653
31516
32046
25116
12336
-3319
-18204
-28847
-32766
-29042
-18541
-3711
11987
24889
31977
31593
23823
10480
-5316
-19871
-29777
-32711
-27983
-16697
-1495
14059
26318
32404
30885
22114
8148
-7733
-21801
-30745
-32460
-26539
-14372
1180
16457
27860
32699
29832
19930
5325
-10537
-23916
-31650
-31910
-24631
-11530
4298
19113
29409
32747
28334
17210
2009
-13670
-26112
-32365
-30942
-22178
-8148
7817
21929
30833
32412
26285
13907
-1780
-17047
-28259
-32743
-29429
-19103
-4222
11667
24777
31977
31548
23586
9991
-5992
-20546
-30192
-32619
-27244
-15350
219
15739
27492
32660
30001
20149
5464
-10533
-24006
-31719
-31816
-24270
-10892
5106
19879
29873
32681
27625
15917
373
-15261
-27221
-32621
-30156
-20416
-5748
10308
23879
31684
31836
24293
10875
-5173
-19973
-29942
-32665
-27477
-15633
0
15636
27483
32666
29925
19920
5078
-10999
-24407
-31886
-31615
-23656
-9941
6193
20824
30386
32549
26782
14487
-1341
-16845
-28242
-32749
-29262
-18630
-3445
12583
25539
32252
31078
22301
8064
-8148
-22368
-31111
-32231
-25451
-12429
3643
18824
29387
32737
28047
16465
836
-15001
-27152
-32625
-30072
-20115
-5205
10989
24479
31937
31523
23335
9388
-6876
-21447
-30723
-32412
-26092
-13322
2743
18132
29038
32759
28371
16955
1338
-14612
-26944
-32596
-30164
-20247
-5304
10958
24501
31960
31477
23169
9099
-7236
-21774
-30894
-32323
-25702
-12676
3510
18824
29446
32724
27837
16000
166
-15711
-27666
-32707
-29572
-19041
-3744
12491
25602
32304
30916
21780
7184
-9215
-23305
-31551
-31880
-24205
-10451
5930
20824
30486
32483
26311
13518
-2679
-18204
-29147
-32749
-28098
-16364
-502
15488
27574
32702
29574
18976
3583
-12717
-25806
-32371
-30748
-21345
-6538
9926
23879
31785
31636
23467
9346
-7147
-21830
-30974
-32254
-25342
-11991
4409
19692
29968
32623
26976
14462
-1736
-17495
-28798
-32764
-28377
-16752
-852
15267
27492
32699
29554
18857
3339
-13034
-26077
-32450
-30520
-20777
-5712
10817
24578
32042
31291
22515
7961
-8637
-23021
-31496
-31881
-24075
-10079
6509
21426
30833
32307
25463
12062
-4448
-19815
-30076
-32585
-26689
-13907
2465
18204
29244
32732
27762
15616
-569
-16610
-28356
-32765
-28692
-17189
-1231
15047
27428
32699
29490
18630
2932
-13528
-26478
-32552
-30168
-19943
-4530
12062
25519
32337
30737
21133
6022
-10659
-24565
-32068
-31208
-22206
-7407
9326
23628
31760
31593
23169
8686
-8070
-22719
-31423
-31903
-24028
-9858
6896
21846
31070
32147
24790
10926
-5807
-21019
-30711
-32336
-25461
-11891
4807
20244
30356
32478
26047
12755
-3899
-19528
-30012
-32581
-26556
-13521
3083
18877
29687
32654
26991
14192
-2362
-18294
-29387
-32703
-27360
-14769
1736
17784
29119
32734
27666
15255
-1206
-17349
-28887
-32752
-27913
-15652
771
16993
28695
32761
28105
15962
-434
-16717
-28547
-32765
-28244
-16186
193
16523
28443
32766
28334
16326
-48
-16412
-28387
-32766
-28374
-16382
0
0
0
0
0
0
0
0
0
0
0
0
0
0
0
0
0
0
0
0
0
0
0
0
0
0
0
0
0
0
0
0
0
0
0
0
0
0
0
0
0
0
0
0
0
0
0
0
0
0
0
0
0
0
0
0
0
0
0
0
0
0
0
0
0
0
0
0
0
0
0
0
0
0
0
0
0
0
0
0
0
0
0
0
0
0
0
0
0
0
0
0
0
0
0
0
0
0
0
0
0
0
0
0
0
0
0
0
0
0
0
0
0
0
0
0
0
0
0
0
0
0
0
0
0
0
0
0
0
0
0
0
0
0
0
0
0
0
0
0
0
0
0
0
0
0
0
0
0
0
0
0
0
0
0
0
0
0
0
0
0
0
0
0
0
0
0
0
0
0
0
0
0
0
0
0
0
0
0
0
0
0
0
0
0
0
0
0
0
0
0
0
0
0
0
0
0
0
0
0
0
0
0
0
0
0
0
0
0
0
0
0
0
0
0
0
0
0
0
0
0
0
0
0
0
0
0
0
0
0
0
0
0
0
0
0
0
0
0
0
0
0
0
0
0
0
0
0
0
0
0
0
0
0
0
0
0
0
0
0
0
0
0
0
0
0
0
0
0
0
0
0
0
0
0
0
0
0
0
0
0
0
0
0
0
0
0
0
0
0
0
0
0
0
0
0
0
0
0
0
0
0
0
0
0
0
0
0
0
0
0
0
0
0
0
0
0
0
0
0
0
0
0
0
0
0
0
0
0
0
0
0
0
0
0
0
0
0
0
0
0
0
0
0
0
0
0
0
0
0
0
0
0
0
0
0
0
0
0
0
0
0
0
0
0
0
0
0
0
0
0
0
0
0
0
0
0
0
0
0
0
0
0
0
0
0
0
0
0
0
0
0
0
0
0
0
0
0
0
0
0
0
0
0
0
0
0
0
0
0
0
0
0
0
0
0
0
0
0
0
0
0
0
0
0
0
0
0
0
0
0
0
0
0
0
0
0
0
0
0
0
0
0
0
0
0
0
0
0
0
0
0
0
0
0
0
0
0
0
0
0
0
0
0
0
0
0
0
0
0
0
0
0
0
0
0
0
0
0
0
0
0
0
0
0
0
0
0
0
0
0
0
0
0
0
0
0
0
0
0
0
0
0
0
0
0
0
0
0
0
0
0
0
0
0
0
0
0
0
0
0
0
0
0
0
0
0
0
0
0
0
0
0
0
0
0
0
0
0
0
0
0
0
0
0
0
0
0
0
0
0
0
0
0
0
0
0
0
0
0
0
0
0
0
0
0
0
0
0
0
0
0
0
0
0
0
0
0
0
0
0
0
0
0
0
0
0
0
0
0
0
0
0
0
0
0
0
0
0
0
0
0
0
0
0
0
0
0
0
0
0
0
0
0
0
0
0
0
0
0
0
0
0
0
0
0
0
0
0
0
0
0
0
0
0
0
0
0
0
0
0
0
0
0
0
0
0
0
0
0
0
0
0
0
0
0
0
0
0
0
0
0
0
0
0
0
0
0
0
0
0
0
0
0
0
0
0
0
0
0
0
0
0
0
0
0
0
0
0
0
0
0
0
0
0
0
0
0
0
0
0
0
0
0
0
0
0
0
0
0
0
0
0
0
0
0
0
0
0
0
0
0
0
0
0
0
0
0
0
0
0
0
0
0
0
0
0
0
0
0
0
0
0
0
0
0
0
0
0
0
0
0
0
0
0
0
0
0
0
0
0
0
0
0
0
0
0
0
0
0
0
0
0
0
0
0
0
0
0
0
0
0
0
0
0
0
0
0
0
0
0
0
0
0
0
0
0
0
0
0
0
0
0
0
0
0
0
0
0
0
0
0
0
0
0
0
0
0
0
0
0
0
0
0
0
0
0
0
0
0
0
0
0
0
0
0
0
0
0
0
0
0
0
0
0
0
0
0
0
0
0
0
0
0
0
0
0
0
0
0
0
0
0
0
0
0
0
0
0
0
0
0
0
0
0
0
0
0
0
0
0
0
0
0
0
0
0
0
0
0
0
0
0
0
0
0
0
0
0
0
0
0
0
0
0
0
0
0
0
0
0
0
0
0
0
0
0
0
0
0
0
0
0
0
0
0
0
0
0
0
0
0
0
0
0
0
0
0
0
0
0
0
0
0
0
0
0
0
0
0
0
0
0
0
0
0
0
0
0
0
6553
6395
5936
5216
4296
3251
2161
1099
125
-720
-1420
-1981
-2426
-2793
-3122
-3449
-3799
-4177
-4568
-4936
-5229
-5386
-5347
-5059
-4490
-3633
-2513
-1183
276
1766
3177
4404
5353
5957
6179
6019
5510
4718
3732
2651
1579
607
-192
-773
-1120
-1243
-1181
-989
-730
-468
-259
-144
-142
-255
-467
-745
-1054
-1353
-1611
-1804
-1926
-1978
-1979
-1949
-1912
-1887
-1882
-1894
-1902
-1876
-1775
-1558
-1186
-637
93
984
1992
3045
4057
4929
5565
5882
5817
5344
4471
3250
1768
142
-1489
-2983
-4204
-5039
-5413
-5292
-4690
-3670
-2338
-827
706
2106
3230
3962
4227
3995
3288
2176
767
-797
-2364
-3778
-4900
-5619
-5864
-5609
-4877
-3734
-2288
-670
972
2491
3756
4660
5135
5154
4736
3942
2869
1639
389
-746
-1645
-2212
-2386
-2150
-1528
-588
568
1814
3010
4017
4711
4996
4813
4146
3027
1528
-238
-2137
-4017
-5726
-7130
-8116
-8611
-8582
-8041
-7039
-5662
-4023
-2247
-457
1228
2718
3945
4873
5496
5838
5940
5857
5646
5358
5031
4685
4322
3925
3465
2907
2214
1364
347
-821
-2102
-3433
-4732
-5904
-6848
-7473
-7703
-7489
-6816
-5705
-4216
-2442
-506
1454
3293
4874
6075
6809
7022
6705
5894
4663
3121
1402
-346
-1979
-3362
-4385
-4975
-5095
-4755
-4002
-2924
-1634
-262
1054
2191
3042
3532
3626
3330
2691
1792
744
-326
-1290
-2031
-2457
-2513
-2184
-1502
-542
588
1755
2817
3640
4110
4150
3731
2870
1638
147
-1457
-3016
-4369
-5377
-5936
-5987
-5528
-4609
-3330
-1827
-257
1217
2453
3338
3803
3833
3463
2775
1884
926
36
-667
-1100
-1217
-1023
-566
65
763
1407
1889
2124
2069
1721
1125
365
-446
-1188
-1743
-2018
-1957
-1554
-852
60
1059
2001
2742
3157
3159
2713
1838
611
-843
-2370
-3799
-4968
-5743
-6039
-5825
-5129
-4039
-2683
-1218
193
1408
2315
2855
3023
2870
2492
2017
1581
1308
1293
1579
2155
2951
3848
4694
5324
5585
5359
4583
3261
1471
-644
-2891
-5044
-6875
-8184
-8819
-8703
-7840
-6319
-4303
-2014
296
2377
4007
5021
5328
4925
3894
2392
628
-1158
-2733
-3893
-4489
-4446
-3771
-2546
-919
915
2744
4362
5594
6317
6473
6073
5188
3941
2486
983
-415
-1591
-2468
-3020
-3268
-3271
-3115
-2890
-2681
-2546
-2510
-2561
-2650
-2705
-2639
-2372
-1845
-1032
46
1325
2696
4021
5148
5929
6243
6014
5219
3900
2160
152
-1934
-3897
-5542
-6707
-7277
-7204
-6503
-5257
-3602
-1714
217
2007
3494
4562
5146
5240
4890
4189
3258
2231
1238
386
-248
-628
-757
-672
-438
-135
156
365
441
359
123
-240
-684
-1151
-1580
-1920
-2134
-2201
-2124
-1919
-1620
-1264
-893
-540
-232
19
210
347
443
510
557
586
593
567
496
365
172
-78
-364
-651
-888
-1019
-988
-746
-264
459
1394
2478
3615
4688
5568
6128
6260
5890
4988
3578
1736
-410
-2694
-4928
-6917
-8483
-9485
-9830
-9485
-8483
-6917
-4928
-2694
-410
1736
3578
4988
5890
6260
6128
5568
4688
3615
2478
1394
459
-264
-746
-988
-1019
-888
-651
-364
-78
172
365
496
567
593
586
557
510
443
347
210
19
-232
-540
-893
-1264
-1620
-1919
-2124
-2201
-2134
-1920
-1580
-1151
-684
-240
123
359
441
365
156
-135
-438
-672
-757
-628
-248
386
1238
2231
3258
4189
4890
5240
5146
4562
3494
2007
217
-1714
-3602
-5257
-6503
-7204
-7277
-6707
-5542
-3897
-1934
152
2160
3900
5219
6014
6243
5929
5148
4021
2696
1325
46
-1032
-1845
-2372
-2639
-2705
-2650
-2561
-2510
-2546
-2681
-2890
-3115
-3271
-3268
-3020
-2468
-1591
-415
983
2486
3941
5188
6073
6473
6317
5594
4362
2744
915
-919
-2546
-3771
-4446
-4489
-3893
-2733
-1158
628
2392
3894
4925
5328
5021
4007
2377
296
-2014
-4303
-6319
-7840
-8703
-8819
-8184
-6875
-5044
-2891
-644
1471
3261
4583
5359
5585
5324
4694
3848
2951
2155
1579
1293
1308
1581
2017
2492
2870
3023
2855
2315
1408
193
-1218
-2683
-4039
-5129
-5825
-6039
-5743
-4968
-3799
-2370
-843
611
1838
2713
3159
3157
2742
2001
1059
60
-852
-1554
-1957
-2018
-1743
-1188
-446
365
1125
1721
2069
2124
1889
1407
763
65
-566
-1023
-1217
-1100
-667
36
926
1884
2775
3463
3833
3803
3338
2453
1217
-257
-1827
-3330
-4609
-5528
-5987
-5936
-5377
-4369
-3016
-1457
147
1638
2870
3731
4150
4110
3640
2817
1755
588
-542
-1502
-2184
-2513
-2457
-2031
-1290
-326
744
1792
2691
3330
3626
3532
3042
2191
1054
-262
-1634
-2924
-4002
-4755
-5095
-4975
-4385
-3362
-1979
-346
1402
3121
4663
5894
6705
7022
6809
6075
4874
3293
1454
-506
-2442
-4216
-5705
-6816
-7489
-7703
-7473
-6848
-5904
-4732
-3433
-2102
-821
347
1364
2214
2907
3465
3925
4322
4685
5031
5358
5646
5857
5940
5838
5496
4873
3945
2718
1228
-457
-2247
-4023
-5662
-7039
-8041
-8582
-8611
-8116
-7130
-5726
-4017
-2137
-238
1528
3027
4146
4813
4996
4711
4017
3010
1814
568
-588
-1528
-2150
-2386
-2212
-1645
-746
389
1639
2869
3942
4736
5154
5135
4660
3756
2491
972
-670
-2288
-3734
-4877
-5609
-5864
-5619
-4900
-3778
-2364
-797
767
2176
3288
3995
4227
3962
3230
2106
706
-827
-2338
-3670
-4690
-5292
-5413
-5039
-4204
-2983
-1489
142
1768
3250
4471
5344
5817
5882
5565
4929
4057
3045
1992
984
93
-637
-1186
-1558
-1775
-1876
-1902
-1894
-1882
-1887
-1912
-1949
-1979
-1978
-1926
-1804
-1611
-1353
-1054
-745
-467
-255
-142
-144
-259
-468
-730
-989
-1181
-1243
-1120
-773
-192
607
1579
2651
3732
4718
5510
6019
6179
5957
5353
4404
3177
1766
276
-1183
-2513
-3633
-4490
-5059
-5347
-5386
-5229
-4936
-4568
-4177
-3799
-3449
-3122
-2793
-2426
-1981
-1420
-720
125
1099
2161
3251
4296
5216
5936
6395
0
0
0
0
0
0
0
0
0
0
0
0
0
0
0
0
0
0
0
0
0
0
0
0
0
0
0
0
0
0
0
0
0
0
0
0
0
0
0
0
0
0
0
0
0
0
0
0
0
0
0
0
0
0
0
0
0
0
0
0
0
0
0
0
0
0
0
-3276
-3209
-3015
-2714
-2334
-1910
-1477
-1065
-695
-377
-105
135
372
637
959
1361
1854
2430
3064
3713
4317
4809
5116
5176
4940
4380
3500
2332
937
-595
-2160
-3641
-4927
-5917
-6538
-6744
-6530
-5923
-4988
-3813
-2506
-1178
62
1128
1954
2508
2789
2826
2673
2400
2081
1788
1575
1477
1504
1641
1848
2073
2252
2327
2249
1989
1539
920
174
-639
-1448
-2181
-2772
-3175
-3362
-3331
-3107
-2733
-2266
-1769
-1300
-906
-613
-427
-329
-282
-238
-143
48
369
829
1409
2067
2734
3330
3768
3970
3876
3457
2720
1712
514
-760
-1983
-3023
-3761
-4108
-4012
-3474
-2544
-1317
70
1462
2694
3615
4106
4093
3554
2530
1114
-553
-2303
-3951
-5324
-6272
-6690
-6529
-5796
-4558
-2933
-1075
841
2639
4162
5285
5929
6068
5729
4986
3954
2767
1570
499
-335
-857
-1033
-873
-433
198
911
1579
2084
2323
2222
1743
892
-284
-1702
-3245
-4779
-6161
-7254
-7940
-8132
-7782
-6885
-5485
-3669
-1560
687
2907
4930
6600
7789
8409
8420
7835
6720
5187
3387
1495
-308
-1852
-2995
-3638
-3735
-3302
-2411
-1187
206
1583
2760
3571
3890
3647
2836
1518
-182
-2095
-4017
-5735
-7055
-7818
-7924
-7342
-6115
-4355
-2235
35
2232
4137
5569
6400
6572
6099
5065
3617
1939
237
-1290
-2477
-3202
-3406
-3098
-2347
-1274
-35
1202
2281
3071
3489
3502
3134
2457
1580
631
-260
-984
-1461
-1657
-1580
-1283
-852
-389
0
227
234
0
-454
-1064
-1739
-2370
-2849
-3086
-3024
-2648
-1989
-1125
-165
760
1523
2011
2148
1907
1314
450
-558
-1559
-2387
-2891
-2955
-2513
-1563
-166
1554
3427
5254
6833
7979
8552
8467
7711
6338
4467
2266
-69
-2340
-4359
-5982
-7111
-7709
-7797
-7446
-6763
-5874
-4903
-3960
-3120
-2423
-1865
-1410
-998
-558
-26
642
1463
2411
3429
4428
5303
5948
6268
6199
5720
4854
3671
2283
825
-555
-1722
-2562
-3008
-3041
-2693
-2047
-1223
-361
399
934
1156
1024
548
-206
-1137
-2109
-2980
-3617
-3918
-3823
-3322
-2462
-1337
-76
1171
2258
3056
3472
3462
3035
2253
1217
60
-1072
-2044
-2743
-3093
-3062
-2668
-1969
-1058
-45
956
1843
2537
2995
3206
3192
3004
2704
2360
2029
1747
1527
1354
1189
980
669
209
-428
-1242
-2197
-3223
-4224
-5086
-5691
-5936
-5746
-5088
-3976
-2477
-706
1188
3035
4659
5905
6648
6815
6388
5409
3974
2222
320
-1555
-3238
-4585
-5496
-5916
-5839
-5307
-4396
-3211
-1866
-473
867
2079
3112
3940
4558
4979
5220
5298
5223
4995
4601
4022
3239
2237
1019
-394
-1952
-3578
-5171
-6613
-7781
-8560
-8853
-8601
-7784
-6436
-4635
-2506
-207
2083
4188
5943
7216
7920
8019
7535
6542
5154
3522
1805
165
-1256
-2351
-3051
-3333
-3221
-2779
-2100
-1297
-485
226
752
1032
1045
799
339
-266
-933
-1570
-2092
-2426
-2521
-2355
-1934
-1293
-490
398
1287
2089
2726
3135
3276
3135
2726
2089
1287
398
-490
-1293
-1934
-2355
-2521
-2426
-2092
-1570
-933
-266
339
799
1045
1032
752
226
-485
-1297
-2100
-2779
-3221
-3333
-3051
-2351
-1256
165
1805
3522
5154
6542
7535
8019
7920
7216
5943
4188
2083
-207
-2506
-4635
-6436
-7784
-8601
-8853
-8560
-7781
-6613
-5171
-3578
-1952
-394
1019
2237
3239
4022
4601
4995
5223
5298
5220
4979
4558
3940
3112
2079
867
-473
-1866
-3211
-4396
-5307
-5839
-5916
-5496
-4585
-3238
-1555
320
2222
3974
5409
6388
6815
6648
5905
4659
3035
1188
-706
-2477
-3976
-5088
-5746
-5936
-5691
-5086
-4224
-3223
-2197
-1242
-428
209
669
980
1189
1354
1527
1747
2029
2360
2704
3004
3192
3206
2995
2537
1843
956
-45
-1058
-1969
-2668
-3062
-3093
-2743
-2044
-1072
60
1217
2253
3035
3462
3472
3056
2258
1171
-76
-1337
-2462
-3322
-3823
-3918
-3617
-2980
-2109
-1137
-206
548
1024
1156
934
399
-361
-1223
-2047
-2693
-3041
-3008
-2562
-1722
-555
825
2283
3671
4854
5720
6199
6268
5948
5303
4428
3429
2411
1463
642
-26
-558
-998
-1410
-1865
-2423
-3120
-3960
-4903
-5874
-6763
-7446
-7797
-7709
-7111
-5982
-4359
-2340
-69
2266
4467
6338
7711
8467
8552
7979
6833
5254
3427
1554
-166
-1563
-2513
-2955
-2891
-2387
-1559
-558
450
1314
1907
2148
2011
1523
760
-165
-1125
-1989
-2648
-3024
-3086
-2849
-2370
-1739
-1064
-454
0
234
227
0
-389
-852
-1283
-1580
-1657
-1461
-984
-260
631
1580
2457
3134
3502
3489
3071
2281
1202
-35
-1274
-2347
-3098
-3406
-3202
-2477
-1290
237
1939
3617
5065
6099
6572
6400
5569
4137
2232
35
-2235
-4355
-6115
-7342
-7924
-7818
-7055
-5735
-4017
-2095
-182
1518
2836
3647
3890
3571
2760
1583
206
-1187
-2411
-3302
-3735
-3638
-2995
-1852
-308
1495
3387
5187
6720
7835
8420
8409
7789
6600
4930
2907
687
-1560
-3669
-5485
-6885
-7782
-8132
-7940
-7254
-6161
-4779
-3245
-1702
-284
892
1743
2222
2323
2084
1579
911
198
-433
-873
-1033
-857
-335
499
1570
2767
3954
4986
5729
6068
5929
5285
4162
2639
841
-1075
-2933
-4558
-5796
-6529
-6690
-6272
-5324
-3951
-2303
-553
1114
2530
3554
4093
4106
3615
2694
1462
70
-1317
-2544
-3474
-4012
-4108
-3761
-3023
-1983
-760
514
1712
2720
3457
3876
3970
3768
3330
2734
2067
1409
829
369
48
-143
-238
-282
-329
-427
-613
-906
-1300
-1769
-2266
-2733
-3107
-3331
-3362
-3175
-2772
-2181
-1448
-639
174
920
1539
1989
2249
2327
2252
2073
1848
1641
1504
1477
1575
1788
2081
2400
2673
2826
2789
2508
1954
1128
62
-1178
-2506
-3813
-4988
-5923
-6530
-6744
-6538
-5917
-4927
-3641
-2160
-595
937
2332
3500
4380
4940
5176
5116
4809
4317
3713
3064
2430
1854
1361
959
637
372
135
-105
-377
-695
-1065
-1477
-1910
-2334
-2714
-3015
-3209
0
0
0
0
0
0
0
0
0
0
0
0
0
0
0
0
0
0
0
0
0
0
0
0
0
0
0
0
0
0
0
0
0
0
0
0
0
0
0
0
0
0
0
0
0
0
0
0
0
0
0
0
0
0
0
0
0
0
0
0
0
0
0
0
0
0
0
3276
3155
2807
2275
1624
933
283
-250
-613
-776
-740
-534
-218
132
430
595
558
278
-253
-1008
-1924
-2907
-3844
-4614
-5104
-5223
-4914
-4162
-3000
-1506
199
1970
3645
5065
6093
6624
6603
6026
4944
3460
1714
-127
-1890
-3409
-4545
-5201
-5325
-4923
-4048
-2800
-1310
271
1793
3117
4130
4755
4955
4736
4141
3243
2134
916
-310
-1457
-2454
-3254
-3831
-4180
-4314
-4254
-4027
-3659
-3176
-2594
-1928
-1188
-389
453
1314
2160
2947
3626
4144
4452
4512
4302
3821
3092
2165
1110
12
-1034
-1940
-2627
-3039
-3149
-2963
-2520
-1884
-1144
-397
260
747
1003
1000
745
279
-329
-989
-1601
-2068
-2310
-2271
-1930
-1301
-434
588
1666
2690
3550
4154
4434
4357
3924
3171
2166
997
-232
-1420
-2472
-3313
-3893
-4188
-4202
-3966
-3526
-2942
-2274
-1583
-915
-304
229
684
1069
1400
1698
1981
2262
2544
2820
3072
3274
3393
3395
3250
2934
2432
1743
881
-123
-1228
-2378
-3506
-4540
-5408
-6040
-6373
-6359
-5967
-5190
-4044
-2575
-854
1020
2933
4752
6344
7579
8348
8569
8198
7237
5737
3795
1551
-826
-3148
-5228
-6895
-8010
-8485
-8288
-7446
-6048
-4233
-2176
-71
1889
3533
4727
5391
5502
5097
4266
3140
1875
629
-453
-1258
-1717
-1809
-1567
-1064
-406
282
885
1299
1456
1326
927
317
-416
-1163
-1814
-2271
-2462
-2355
-1959
-1323
-532
309
1087
1698
2059
2124
1885
1378
672
-137
-941
-1638
-2139
-2389
-2367
-2091
-1614
-1012
-376
205
663
950
1057
1006
854
676
553
562
755
1149
1722
2411
3118
3721
4096
4129
3741
2899
1630
19
-1793
-3630
-5289
-6575
-7322
-7416
-6813
-5547
-3733
-1552
764
2960
4788
6035
6551
6268
5207
3483
1288
-1132
-3500
-5543
-7025
-7770
-7685
-6770
-5114
-2885
-310
2353
4848
6944
8464
9299
9421
8874
7771
6267
4545
2784
1142
-263
-1369
-2162
-2683
-3005
-3223
-3436
-3724
-4135
-4680
-5324
-5997
-6599
-7021
-7156
-6920
-6268
-5196
-3752
-2025
-140
1757
3523
5027
6168
6888
7178
7071
6642
5992
5233
4472
3795
3261
2887
2655
2512
2384
2187
1842
1289
497
-524
-1733
-3050
-4372
-5585
-6577
-7253
-7547
-7430
-6913
-6045
-4906
-3599
-2232
-912
272
1259
2015
2536
2847
2989
3016
2981
2927
2884
2862
2854
2837
2782
2658
2442
2124
1712
1231
724
238
-174
-472
-627
-633
-510
-300
-64
129
211
125
-160
-649
-1309
-2074
-2854
-3542
-4029
-4222
-4053
-3497
-2573
-1350
61
1519
2865
3944
4625
4815
4475
3628
2355
791
-893
-2506
-3859
-4792
-5188
-4989
-4206
-2917
-1257
592
2433
4061
5300
6017
6138
5657
4636
3196
1502
-252
-1874
-3188
-4057
-4400
-4196
-3489
-2379
-1011
444
1810
2923
3651
3910
3667
2951
1837
448
-1067
-2552
-3853
-4841
-5421
-5546
-5215
-4474
-3408
-2131
-773
535
1676
2557
3119
3341
3241
2871
2312
1660
1018
480
124
0
124
480
1018
1660
2312
2871
3241
3341
3119
2557
1676
535
-773
-2131
-3408
-4474
-5215
-5546
-5421
-4841
-3853
-2552
-1067
448
1837
2951
3667
3910
3651
2923
1810
444
-1011
-2379
-3489
-4196
-4400
-4057
-3188
-1874
-252
1502
3196
4636
5657
6138
6017
5300
4061
2433
592
-1257
-2917
-4206
-4989
-5188
-4792
-3859
-2506
-893
791
2355
3628
4475
4815
4625
3944
2865
1519
61
-1350
-2573
-3497
-4053
-4222
-4029
-3542
-2854
-2074
-1309
-649
-160
125
211
129
-64
-300
-510
-633
-627
-472
-174
238
724
1231
1712
2124
2442
2658
2782
2837
2854
2862
2884
2927
2981
3016
2989
2847
2536
2015
1259
272
-912
-2232
-3599
-4906
-6045
-6913
-7430
-7547
-7253
-6577
-5585
-4372
-3050
-1733
-524
497
1289
1842
2187
2384
2512
2655
2887
3261
3795
4472
5233
5992
6642
7071
7178
6888
6168
5027
3523
1757
-140
-2025
-3752
-5196
-6268
-6920
-7156
-7021
-6599
-5997
-5324
-4680
-4135
-3724
-3436
-3223
-3005
-2683
-2162
-1369
-263
1142
2784
4545
6267
7771
8874
9421
9299
8464
6944
4848
2353
-310
-2885
-5114
-6770
-7685
-7770
-7025
-5543
-3500
-1132
1288
3483
5207
6268
6551
6035
4788
2960
764
-1552
-3733
-5547
-6813
-7416
-7322
-6575
-5289
-3630
-1793
19
1630
2899
3741
4129
4096
3721
3118
2411
1722
1149
755
562
553
676
854
1006
1057
950
663
205
-376
-1012
-1614
-2091
-2367
-2389
-2139
-1638
-941
-137
672
1378
1885
2124
2059
1698
1087
309
-532
-1323
-1959
-2355
-2462
-2271
-1814
-1163
-416
317
927
1326
1456
1299
885
282
-406
-1064
-1567
-1809
-1717
-1258
-453
629
1875
3140
4266
5097
5502
5391
4727
3533
1889
-71
-2176
-4233
-6048
-7446
-8288
-8485
-8010
-6895
-5228
-3148
-826
1551
3795
5737
7237
8198
8569
8348
7579
6344
4752
2933
1020
-854
-2575
-4044
-5190
-5967
-6359
-6373
-6040
-5408
-4540
-3506
-2378
-1228
-123
881
1743
2432
2934
3250
3395
3393
3274
3072
2820
2544
2262
1981
1698
1400
1069
684
229
-304
-915
-1583
-2274
-2942
-3526
-3966
-4202
-4188
-3893
-3313
-2472
-1420
-232
997
2166
3171
3924
4357
4434
4154
3550
2690
1666
588
-434
-1301
-1930
-2271
-2310
-2068
-1601
-989
-329
279
745
1000
1003
747
260
-397
-1144
-1884
-2520
-2963
-3149
-3039
-2627
-1940
-1034
12
1110
2165
3092
3821
4302
4512
4452
4144
3626
2947
2160
1314
453
-389
-1188
-1928
-2594
-3176
-3659
-4027
-4254
-4314
-4180
-3831
-3254
-2454
-1457
-310
916
2134
3243
4141
4736
4955
4755
4130
3117
1793
271
-1310
-2800
-4048
-4923
-5325
-5201
-4545
-3409
-1890
-127
1714
3460
4944
6026
6603
6624
6093
5065
3645
1970
199
-1506
-3000
-4162
-4914
-5223
-5104
-4614
-3844
-2907
-1924
-1008
-253
278
558
595
430
132
-218
-534
-740
-776
-613
-250
283
933
1624
2275
2807
3155
0
0
0
0
0
0
0
0
0
0
0
0
0
0
0
0
0
0
0
0
0
0
0
0
0
0
0
0
0
0
0
0
0
0
0
0
0
0
0
0
0
0
0
0
0
0
0
0
0
0
0
0
0
0
0
0
0
0
0
0
0
0
0
0
0
0
0
