0
4278
8485
12550
16402
19973
23203
26035
28419
30314
31684
32507
32766
32456
31581
30156
28203
25758
22860
19561
15917
11991
7852
3573
-771
-5106
-9352
-13436
-17284
-20829
-24006
-26759
-29038
-30801
-32015
-32660
-32720
-32196
-31094
-29434
-27244
-24563
-21439
-17925
-14087
-9991
-5712
-1327
3083
7441
11667
15683
19415
22796
25762
28259
30239
31667
32514
32764
32412
31462
29931
27847
25247
22178
18696
14865
10755
6443
2009
-2465
-6896
-11201
-15299
-19113
-22570
-25606
-28162
-30190
-31650
-32514
-32764
-32394
-31411
-29832
-27686
-25012
-21861
-18292
-14372
-10175
-5781
-1274
3259
7733
12062
16161
19951
23359
26318
28771
30668
31973
32659
32711
32127
30919
29107
26727
23823
20452
16679
12577
8226
3711
-879
-5455
-9926
-14204
-18204
-21846
-25058
-27775
-29942
-31516
-32464
-32766
-32415
-31417
-29790
-27567
-24790
-21514
-17805
-13736
-9388
-4849
-209
4437
8997
13377
17489
21248
24578
27411
29687
31359
32393
32765
32468
31507
29899
27676
24884
21579
17828
13707
9301
4700
0
-4703
-9311
-13729
-17864
-21629
-24947
-27746
-29968
-31566
-32503
-32761
-32332
-31225
-29460
-27076
-24119
-20653
-16748
-12488
-7961
-3263
1506
6246
10856
15238
19298
22949
26112
28719
30713
32051
32702
32651
31900
30461
28366
25658
22395
18646
14492
10022
5332
524
-4298
-9029
-13567
-17811
-21669
-25055
-27896
-30127
-31699
-32577
-32739
-32182
-30916
-28967
-26379
-23206
-19519
-15397
-10932
-6222
-1372
3511
8320
12945
17284
21240
24723
27655
29968
31611
32545
32748
32214
30954
28995
26381
23169
19431
15252
10724
5950
1038
-3899
-8751
-13405
-17757
-21705
-25159
-28038
-30277
-31822
-32637
-32702
-32014
-30588
-28456
-25665
-22280
-18377
-14047
-9388
-4509
477
5455
10308
14924
19194
23018
26305
28979
30974
32243
32756
32498
31476
29711
27244
24133
20449
16280
11722
6884
1880
-3170
-8148
-12935
-17416
-21484
-25041
-28000
-30291
-31856
-32659
-32677
-31909
-30373
-28105
-25157
-21600
-17520
-13013
-8189
-3163
1941
7001
11893
16499
20705
24407
27516
29953
31659
32589
32721
32049
30590
28377
25463
21921
17836
13307
8448
3377
-1780
-6896
-11843
-16499
-20746
-24479
-27603
-30040
-31727
-32621
-32699
-31957
-30413
-28105
-25088
-21439
-17247
-12618
-7668
-2522
2689
7836
12787
17416
21605
25247
28248
30530
32035
32723
32574
31592
29801
27244
23987
20112
15718
10917
5832
595
-4660
-9798
-14685
-19194
-23208
-26622
-29345
-31307
-32455
-32757
-32206
-30813
-28614
-25665
-22043
-17841
-13169
-8148
-2911
2405
7661
12717
17440
21705
25397
28419
30689
32146
32750
32483
31352
29385
26633
23169
19084
14487
9500
4255
-1105
-6439
-11603
-16457
-20870
-24723
-27911
-30346
-31961
-32712
-32578
-31559
-29684
-27001
-23582
-19519
-14922
-9916
-4636
771
6162
11386
16301
20770
24671
27896
30354
31977
32719
32558
31498
29565
26813
23317
19172
14492
9407
4058
-1405
-6833
-12073
-16978
-21411
-25247
-28377
-30713
-32188
-32760
-32410
-31148
-29007
-26047
-22351
-18021
-13179
-7961
-2516
3003
8440
13640
18454
22745
26389
29282
31340
32503
32737
32033
30409
27913
24613
20604
16000
10932
5547
0
-5550
-10942
-16021
-20637
-24657
-27963
-30458
-32068
-32745
-32468
-31244
-29107
-26118
-22364
-17952
-13013
-7689
-2137
3479
8997
14252
19090
23367
26955
29748
31662
32640
32650
31691
29790
27003
23411
19119
14256
8965
3403
-2262
-7862
-13230
-18204
-22633
-26385
-29345
-31423
-32556
-32707
-31871
-30072
-27362
-23823
-19561
-14703
-9397
-3803
1908
7565
12994
18030
22517
26318
29316
31419
32559
32702
31841
30001
27238
23635
19302
14372
8996
3339
-2422
-8112
-13553
-18577
-23026
-26761
-29667
-31650
-32648
-32629
-31591
-29565
-26615
-22829
-18327
-13249
-7752
-2009
3799
9491
14886
19815
24120
27666
30338
32052
32751
32412
31044
28690
25423
21345
16586
11295
5642
-193
-6025
-11667
-16938
-21669
-25706
-28920
-31206
-32489
-32726
-31909
-30063
-27244
-23544
-19081
-13998
-8460
-2644
3259
9060
14569
19606
24006
27626
30346
32075
32756
32366
30916
28451
25051
20827
15917
10480
4696
-1244
-7147
-12817
-18065
-22719
-26622
-29644
-31684
-32674
-32578
-31398
-29173
-25975
-21909
-17110
-11737
-5969
0
5972
11747
17130
21941
26016
29217
31436
32596
32657
31615
29504
26395
22390
17625
12260
6476
470
-5554
-11392
-16845
-21726
-25867
-29127
-31393
-32585
-32662
-31619
-29491
-26349
-22301
-17483
-12062
-6222
-166
5898
11762
17222
22088
26191
29387
31566
32648
32597
31411
29131
25835
21636
16679
11138
5205
-912
-7001
-12847
-18244
-23003
-26955
-29960
-31912
-32739
-32412
-30940
-28374
-24803
-20353
-15179
-9465
-3413
2763
8843
14612
19863
24407
28083
30758
32334
32755
32003
30103
27124
23169
18381
12929
7010
836
-5370
-11386
-16993
-21989
-26191
-29446
-31636
-32680
-32538
-31214
-28754
-25247
-20819
-15630
-9868
-3744
2518
8692
14551
19879
24480
28184
30855
32393
32739
31880
29845
26709
22585
17625
12011
5950
-333
-6607
-12639
-18204
-23094
-27128
-30152
-32055
-32763
-32248
-30528
-27666
-23767
-18976
-13473
-7461
-1167
5173
11322
17047
22132
26385
29644
31785
32724
32427
30901
28203
24435
19738
14288
8294
1981
-4409
-10635
-16457
-21654
-26025
-29402
-31656
-32697
-32485
-31027
-28377
-24634
-19943
-14481
-8460
-2109
4324
10594
16457
21686
26077
29459
31699
32710
32451
30929
28203
24378
19601
14056
7961
1552
-4919
-11201
-17047
-22227
-26537
-29806
-31906
-32751
-32307
-30590
-27666
-23648
-18696
-13002
-6791
-309
6187
12441
18204
23246
27366
30398
32222
32762
31995
29951
26709
22398
17189
11289
4935
-1619
-8112
-14281
-19879
-24678
-28486
-31147
-32552
-32643
-31416
-28917
-25247
-20553
-15023
-8882
-2378
4225
10659
16662
21989
26421
29777
31918
32756
32254
30432
27362
23169
18024
12137
5748
-879
-7473
-13762
-19485
-24407
-28323
-31070
-32533
-32650
-31414
-28875
-25136
-20353
-14721
-8475
-1874
4807
11292
17307
22602
26955
30182
32146
32765
32010
29911
26556
22083
16679
10571
4016
-2711
-9326
-15551
-21121
-25799
-29387
-31732
-32732
-32344
-30582
-27520
-23286
-18060
-12062
-5547
1206
7911
14280
20041
24947
28786
31393
32653
32513
30975
28105
24024
18906
12972
6476
-301
-7069
-13534
-19415
-24458
-28443
-31196
-32596
-32580
-31148
-28360
-24336
-19250
-13322
-6811
0
6813
13332
19269
24364
28393
31178
32594
32578
31129
28309
24241
19103
13120
6555
-301
-7147
-13680
-19609
-24671
-28641
-31340
-32648
-32505
-30916
-27948
-23735
-18460
-12360
-5706
1206
8067
14569
20421
25359
29162
31656
32728
32328
30473
27244
22786
17298
11027
4255
-2711
-9557
-15974
-21669
-26383
-29901
-32062
-32766
-31979
-29736
-26137
-21345
-15577
-9095
-2195
4807
11593
17850
23291
27666
30771
32464
32665
31362
28614
24546
19345
13249
6538
-477
-7473
-14125
-20126
-25196
-29098
-31650
-32732
-32292
-30349
-26991
-22374
-16712
-10266
-3339
3746
10659
17076
22694
27251
30530
32377
32702
31489
28793
24740
19519
13375
6597
-494
-7565
-14281
-20323
-25404
-29282
-31772
-32753
-32178
-30072
-26533
-21729
-15887
-9285
-2238
4919
11843
18204
23695
28052
31066
32589
32548
30942
27847
23411
17845
11416
4435
-2763
-9830
-16425
-22227
-26955
-30378
-32330
-32713
-31507
-28769
-24631
-19293
-13013
-6096
1120
8285
15047
21076
26077
29802
32068
32763
31850
29372
25451
20276
14101
7230
0
-7232
-14111
-20295
-25478
-29402
-31872
-32764
-32033
-29711
-25913
-20827
-14703
-7845
-595
6688
13640
19914
25196
29220
31785
32759
32093
29819
26047
20967
14832
7950
664
-6656
-13645
-19948
-25247
-29273
-31822
-32763
-32046
-29706
-25861
-20703
-14492
-7543
-209
7138
14125
20396
25629
29557
31977
32766
31880
29363
25342
20022
13674
6622
-771
-8129
-15071
-21240
-26318
-30042
-32219
-32734
-31559
-28754
-24461
-18901
-12360
-5177
2276
9615
16457
22447
27271
30678
32489
32608
31026
27825
23169
17302
10527
3199
-4298
-11573
-18244
-23960
-28419
-31387
-32705
-32302
-30198
-26501
-21406
-15179
-8148
-684
6817
13962
20369
25700
29668
32064
32757
31710
28975
24698
19103
12488
5205
-2358
-9798
-16717
-22745
-27557
-30894
-32577
-32513
-30703
-27244
-22319
-16192
-9191
-1693
5898
13175
19743
25247
29388
31941
32765
31816
29141
24884
19276
12618
5272
-2362
-9871
-16845
-22903
-27714
-31014
-32621
-32445
-30495
-26875
-21781
-15492
-8351
-749
6896
14165
20658
26016
29942
32220
32721
31417
28377
23767
17841
10926
3403
-4310
-11787
-18613
-24407
-28847
-31684
-32759
-32010
-29476
-25298
-19707
-13013
-5590
2148
9769
16845
22980
27828
31116
32659
32366
30254
26438
21133
14635
7310
-430
-8148
-15409
-21801
-26962
-30598
-32502
-32563
-30778
-27244
-22162
-15818
-8572
-836
6950
14343
20920
26305
30190
32350
32661
31103
27762
22829
16586
9388
1649
-6187
-13670
-20369
-25898
-29936
-32249
-32702
-31267
-28024
-23161
-16955
-9766
-2009
5867
13405
20168
25762
29860
32222
32709
31291
28049
23169
16936
9711
1916
-5992
-13553
-20323
-25904
-29968
-32275
-32687
-31179
-27837
-22855
-16527
-9222
-1372
6562
14111
20829
26318
30252
32397
32623
30916
27374
22206
15718
8294
373
-7571
-15067
-21669
-26980
-30683
-32556
-32483
-30469
-26631
-21197
-14492
-6916
1077
9009
16402
22811
27851
31216
32702
32218
29790
25564
19793
12824
5078
-2978
-10856
-18080
-24210
-28873
-31785
-32766
-31757
-28816
-24119
-17952
-10689
-2772
5316
13083
20053
25799
29968
32304
32662
31017
27469
22233
15630
8064
0
-8067
-15639
-22251
-27492
-31038
-32669
-32282
-29899
-25665
-19840
-12785
-4935
3223
11185
18454
24578
29176
31960
32754
31507
28295
23317
16881
9388
1306
-6859
-14599
-21426
-26913
-30713
-32587
-32415
-30206
-26096
-20343
-13307
-5431
2789
10837
18204
24423
29100
31937
32755
31498
28244
23199
16679
9099
938
-7285
-15047
-21854
-27271
-30951
-32659
-32282
-29844
-25497
-19519
-12290
-4271
4023
12062
19330
25359
29762
32252
32670
30984
27303
21861
15008
7184
-1105
-9326
-16947
-23474
-28484
-31650
-32766
-31757
-28687
-23753
-17274
-9670
-1435
6896
14781
21705
27215
30951
32666
32248
29720
25247
19119
11737
3583
-4807
-12886
-20121
-26035
-30239
-32455
-32534
-30469
-26395
-20578
-13400
-5336
3083
11302
18775
25007
29584
32200
32681
30992
27244
21684
14679
6695
-1736
-10055
-17706
-24178
-29038
-31959
-32744
-31340
-27837
-22468
-15592
-7668
771
9163
16942
23583
28641
31772
32764
31548
28203
22955
16155
8261
-193
-8637
-16499
-23246
-28419
-31667
-32766
-31641
-28366
-23161
-16378
-8479
0
8482
16388
23178
28387
31659
32766
31633
28334
23092
16267
8323
-193
-8699
-16610
-23382
-28547
-31748
-32764
-31521
-28105
-22748
-15818
-7793
771
9287
17161
23850
28887
31923
32744
31292
27666
22114
15023
6884
-1736
-10238
-18030
-24565
-29387
-32158
-32681
-30919
-26991
-21173
-13868
-5590
3083
11543
19194
25499
30012
32414
32534
30361
26047
19895
12336
3903
-4807
-13181
-20625
-26610
-30711
-32637
-32248
-29569
-24790
-18247
-10405
-1820
6896
15124
22277
27843
31423
32760
31757
28483
23169
16196
8060
-655
-9326
-17331
-24094
-29127
-32068
-32703
-30984
-27033
-21133
-13707
-5289
3511
12062
19743
25999
30374
32552
32371
29844
25150
18630
10754
2094
-6719
-15047
-22282
-27896
-31478
-32765
-31661
-28244
-22763
-15616
-7324
1506
10228
18204
24847
29668
32313
32585
30461
26096
19809
12062
3423
-5469
-13962
-21426
-27310
-31178
-32740
-31881
-28661
-23317
-16242
-7961
912
9721
17811
24578
29519
32265
32608
30520
26157
19840
12041
3339
-5613
-14150
-21629
-27492
-31296
-32755
-31758
-28377
-22863
-15630
-7219
1736
10564
18599
25234
29968
32443
32468
30041
25342
18725
10689
1842
-7147
-15598
-22868
-28404
-31785
-32751
-31227
-27327
-21345
-13736
-5078
3969
12717
20496
26712
30887
32702
32014
28875
23522
16364
7950
-1077
-10024
-18204
-24986
-29848
-32414
-32483
-30050
-25298
-18593
-10451
-1499
7571
16058
23305
28750
31969
32711
30916
26720
20449
12587
3744
-5391
-14111
-21734
-27666
-31442
-32766
-31533
-27837
-21964
-14372
-5653
3510
12401
20323
26654
30894
32710
31957
28692
23169
15822
7226
-1941
-10958
-19113
-25762
-30378
-32596
-32237
-29328
-24096
-16955
-8469
691
9799
18132
25028
29936
32465
32412
29778
24772
17791
9388
234
-8940
-17404
-24479
-29598
-32350
-32513
-30072
-25219
-18342
-9991
-836
8388
16942
24135
29387
32275
32563
30226
25451
18620
10283
1113
-8148
-16754
-24006
-29316
-32252
-32574
-30254
-25477
-18630
-10266
-1066
8222
16845
24098
29390
32286
32549
30156
25298
18372
9941
695
-8610
-17213
-24407
-29603
-32371
-32482
-29925
-24908
-17841
-9305
0
9307
17850
24924
29942
32491
32356
29546
24293
17028
8351
-1019
-10308
-18745
-25629
-30386
-32621
-32145
-28995
-23432
-15917
-7073
2362
11603
19879
26497
30903
32728
31816
28241
22301
14491
5464
-4023
-13175
-21224
-27492
-31451
-32766
-31324
-27244
-20868
-12732
-3519
5992
15001
22745
28568
31977
32682
30619
25962
19103
10622
1238
-8253
-17047
-24394
-29668
-32420
-32412
-29643
-24347
-16973
-8148
1373
10781
19269
26112
30723
32705
31886
28334
22351
14449
5304
-4298
-13534
-21608
-27826
-31650
-32749
-31026
-26627
-19930
-11510
-2094
7504
16457
23989
29446
32355
32460
29752
24461
17046
8148
-1459
-10942
-19477
-26318
-30870
-32732
-31742
-27983
-21780
-13674
-4371
5316
14541
22496
28484
31977
32669
30495
25645
18541
9807
209
-9410
-18204
-25397
-30356
-32640
-32046
-28625
-22675
-14721
-5464
4278
13645
21806
28038
31787
32719
30748
26047
19032
10324
695
-8997
-17892
-25196
-30256
-32621
-32077
-28669
-22701
-14703
-5389
4409
13816
21989
28193
31872
32694
30582
25725
18555
9715
0
-9718
-18563
-25739
-30598
-32699
-31850
-28126
-21861
-13619
-4144
5708
15047
23026
28920
32194
32549
29951
24631
17073
7961
-1876
-11547
-20168
-26955
-31287
-32766
-31257
-26894
-20073
-11416
-1713
8148
17267
24807
30076
32589
32113
28690
22632
14492
5018
-4919
-14407
-22570
-28657
-32104
-32591
-30072
-24775
-17189
-8012
1907
11653
20323
27113
31393
32763
31094
26539
19519
10683
852
-9060
-18132
-25519
-30530
-32697
-31816
-27965
-21503
-13031
-3339
6667
16052
23938
29584
32459
32292
29097
23169
15065
5543
-4501
-14125
-22423
-28612
-32108
-32578
-29977
-24546
-16798
-7461
2582
12385
21019
27666
31694
32721
30647
25665
18247
9095
-923
-10856
-19760
-26786
-31264
-32766
-31146
-26556
-19431
-10451
-470
9557
18675
26008
30855
32749
31507
27244
20368
11537
1595
-8501
-17784
-25359
-30497
-32702
-31758
-27754
-21074
-12360
-2451
7696
17103
24860
30215
32648
31922
28105
21563
12929
3039
-7147
-16643
-24525
-30025
-32607
-32016
-28309
-21844
-13249
-3359
6859
16412
24364
29939
32588
32050
28377
21924
13322
3413
-6833
-16412
-24382
-29960
-32596
-32028
-28309
-21804
-13150
-3199
7069
16643
24578
30089
32630
31946
28105
21482
12732
2719
-7565
-17103
-24947
-30318
-32680
-31797
-27754
-20951
-12062
-1970
8320
17784
25478
30633
32732
31565
27244
20200
11134
952
-9326
-18675
-26154
-31014
-32765
-31228
-26556
-19215
-9941
333
10578
19760
26955
31436
32749
30759
25665
17979
8475
-1887
-12062
-21019
-27851
-31864
-32650
-30126
-24546
-16475
-6728
3703
13762
22423
28806
32258
32427
29291
23169
14683
4696
-5772
-15653
-23938
-29777
-32571
-32033
-28214
-21503
-12587
-2378
8077
17706
25519
30711
32748
31416
26850
19519
10175
-219
-10594
-19879
-27113
-31549
-32726
-30520
-25157
-17189
-7439
3083
13289
22119
28657
32222
32441
29289
23092
14492
4381
-6187
-16114
-24364
-30076
-32652
-31820
-27666
-20619
-11416
-1017
9491
19008
26537
31287
32757
30792
25595
17709
7961
-2625
-12939
-21894
-28547
-32194
-32451
-29286
-23032
-14346
-4144
6498
16457
24678
30291
32699
31644
27238
19943
10531
0
-10533
-19951
-27251
-31656
-32694
-30254
-24592
-16309
-6286
4409
14637
23305
29487
32519
32077
28203
21312
12137
1660
-8997
-18692
-26385
-31248
-32757
-30748
-25434
-17383
-7461
3266
13645
22556
29038
32390
32248
28625
21909
12824
2351
-8378
-18204
-26061
-31098
-32765
-30880
-25645
-17625
-7689
3083
13524
22496
29023
32393
32235
28565
21780
12618
2077
-8692
-18516
-26318
-31245
-32755
-30681
-25247
-17046
-6975
3863
14280
23132
29446
32527
32033
28015
20915
11510
836
-9932
-19609
-27125
-31650
-32682
-30103
-24198
-15616
-5304
5596
15880
24407
30232
32705
31550
26894
19250
9465
-1373
-12062
-21411
-28379
-32188
-32412
-29022
-22395
-13267
-2656
8253
18244
26197
31222
32754
30619
25054
16679
6433
-4537
-15001
-23783
-29895
-32648
-31731
-27244
-19690
-9916
976
11762
21224
28293
32170
32415
28997
22301
13080
2378
-8595
-18599
-26497
-31393
-32729
-30352
-24528
-15917
-5494
5554
15974
24578
30386
32734
31352
26395
18425
8351
-2679
-13405
-22602
-29217
-32491
-32046
-27932
-20616
-10936
0
10939
20625
27944
32055
32482
29173
22507
13249
2462
-8610
-18692
-26622
-31481
-32707
-30156
-24119
-15293
-4696
6446
16845
25296
30817
32766
30916
25477
17079
6695
-4468
-15115
-24006
-30106
-32702
-31489
-26606
-18620
-8460
2689
13528
22788
29387
32552
31909
27532
19930
9991
-1120
-12103
-21669
-28693
-32350
-32208
-28280
-21025
-11295
-234
10856
20671
28052
32127
32412
28871
21921
12379
1372
-9799
-19815
-27487
-31906
-32545
-29328
-22632
-13249
-2291
8940
19113
27016
31708
32629
29666
23169
13911
2992
-8285
-18577
-26654
-31549
-32677
-29899
-23544
-14372
-3477
7836
18214
26411
31442
32702
30037
23764
14635
3744
-7598
-18030
-26293
-31393
-32711
-30086
-23833
-14703
-3796
7571
18026
26305
31405
32707
30050
23753
14577
3632
-7754
-18204
-26446
-31479
-32688
-29925
-23522
-14256
-3253
8148
18560
26712
31608
32650
29706
23135
13736
2656
-8751
-19090
-27095
-31785
-32581
-29385
-22585
-13013
-1842
9557
19786
27585
31994
32468
28947
21861
12081
809
-10564
-20637
-28166
-32219
-32293
-28377
-20951
-10932
440
11762
21629
28819
32437
32033
27653
19840
9561
-1907
-13142
-22745
-29519
-32621
-31661
-26755
-18514
-7961
3586
14689
23960
30239
32740
31148
25658
16955
6128
-5469
-16384
-25247
-30944
-32759
-30461
-24336
-15151
-4058
7546
18204
26572
31595
32638
29565
22763
13087
1756
-9798
-20118
-27896
-32148
-32332
-28424
-20915
-10754
771
12203
22088
29171
32552
31797
27001
18769
8148
-3511
-14727
-24069
-30346
-32754
-30984
-25260
-16309
-5272
6439
17331
26008
31359
32696
29845
23169
13521
2137
-9523
-19964
-27843
-32146
-32318
-28334
-20703
-10405
1234
12717
22564
29503
32637
31559
26407
17841
6968
-4807
-15965
-25058
-30909
-32757
-30361
-24028
-14577
-3233
8533
19194
27364
31977
32433
28669
21173
10917
-762
-12345
-22321
-29387
-32619
-31592
-26438
-17828
-6884
4961
16161
25247
31028
32744
30168
23635
13998
2522
-9287
-19879
-27860
-32179
-32265
-28105
-20242
-9711
2101
13640
23382
30040
32733
31103
25362
16267
5018
-6896
-17901
-26537
-31659
-32585
-29190
-21921
-11741
0
11743
21929
29201
32589
31641
26480
17791
6728
-5233
-16499
-25566
-31222
-32709
-29826
-22955
-13013
-1327
10537
20994
28641
32450
31909
27088
18630
7668
-4324
-15739
-25041
-30976
-32744
-30105
-23411
-13561
-1880
10055
20637
28436
32397
31982
27244
18822
7852
-4182
-15653
-25007
-30974
-32743
-30072
-23319
-13400
-1660
10308
20879
28612
32455
31881
26966
18377
7282
-4807
-16245
-25468
-31216
-32702
-29720
-22675
-12528
-664
11292
21705
29147
32596
31576
26225
17274
5950
-6193
-17489
-26383
-31650
-32564
-28995
-21433
-10917
1105
12978
23064
29968
32737
30984
24950
15465
3839
-8320
-19330
-27666
-32170
-32217
-27796
-19519
-8531
3643
15314
24860
30951
32739
29972
23032
12884
938
-11141
-21669
-29176
-32613
-31498
-25982
-16835
-5332
6918
18204
26944
31912
32410
28366
20343
9465
-2743
-14569
-24351
-30713
-32759
-30198
-23387
-13283
-1306
10856
21492
29100
32604
31507
25962
16748
5166
-7147
-18454
-27152
-32008
-32332
-28076
-19840
-8789
3510
15314
24947
31038
32720
29752
22551
12140
0
-12143
-22559
-29762
-32723
-31017
-24884
-15198
-3339
8998
20053
28242
32393
31908
26854
17952
6476
-5930
-17489
-26541
-31785
-32465
-28481
-20402
-9388
2978
14918
24714
30951
32730
29790
22554
12062
-172
-12385
-22811
-29942
-32746
-30813
-24421
-14492
-2462
9926
20879
28806
32556
31581
26021
16679
4912
-7571
-18956
-27585
-32200
-32127
-27374
-18630
-7167
5342
17076
26318
31719
32485
28504
20353
9222
-3259
-15267
-25041
-31147
-32687
-29434
-21861
-11077
1334
13553
23783
30517
32764
30189
23169
12736
423
-11953
-22570
-29860
-32743
-30792
-24293
-14202
-2009
10483
21426
29201
32652
31267
25247
15482
3419
-9153
-20369
-28563
-32514
-31633
-26047
-16586
-4654
7973
19415
27967
32350
31910
26709
17520
5712
-6950
-18577
-27428
-32179
-32116
-27244
-18292
-6597
6088
17864
26962
32015
32263
27666
18910
7310
-5391
-17284
-26579
-31872
-32366
-27983
-19380
-7852
4862
16845
26287
31760
32433
28203
19707
8226
-4501
-16550
-26094
-31684
-32472
-28334
-19895
-8434
4310
16402
26003
31651
32486
28377
19946
8475
-4288
-16402
-26016
-31662
-32478
-28334
-19861
-8351
4437
16550
26133
31717
32445
28203
19638
8060
-4756
-16845
-26351
-31812
-32386
-27983
-19276
-7602
5243
17284
26666
31941
32293
27666
18769
6975
-5898
-17864
-27071
-32095
-32157
-27244
-18113
-6176
6719
18577
27557
32265
31968
26709
17302
5205
-7702
-19415
-28111
-32434
-31710
-26047
-16326
-4058
8843
20369
28719
32588
31368
25247
15179
2736
-10137
-21426
-29364
-32705
-30922
-24293
-13853
-1238
11573
22570
30025
32764
30353
23169
12339
-434
-13142
-23783
-30678
-32739
-29638
-21861
-10632
2276
14829
25041
31296
32604
28754
20353
8727
-4282
-16616
-26318
-31849
-32328
-27676
-18630
-6622
6439
18480
27585
32302
31880
26381
16679
4318
-8734
-20396
-28806
-32620
-31227
-24845
-14492
-1820
11144
22329
29942
32763
30335
23047
12062
-859
-13645
-24243
-30951
-32688
-29173
-20967
-9388
3703
16202
26094
31785
32354
27709
18593
6476
-6688
-18775
-27832
-32393
-31718
-25913
-15915
-3339
9779
21317
29402
32723
30737
23764
12933
0
-12935
-23772
-30745
-32720
-29372
-21243
-9654
3510
16105
26077
31798
32332
27590
18342
6096
-7147
-19226
-28162
-32493
-31507
-25362
-15061
-2291
10856
22227
29953
32765
30198
22670
11416
-1716
-14569
-25028
-31370
-32548
-28366
-19509
-7435
5867
18204
27539
32330
31782
25982
15887
3163
-10086
-21669
-29667
-32753
-30413
-23032
-11831
1334
14281
24860
31312
32563
28403
19519
7387
-5976
-18347
-27666
-32377
-31693
-25725
-15465
-2622
10659
22164
29968
32766
30086
22374
10917
-2369
-15261
-25599
-31650
-32396
-27709
-18372
-5950
7473
19643
28516
32596
31195
24546
13765
664
-12550
-23653
-30771
-32702
-29116
-20616
-8634
4807
17440
27128
32230
31881
26137
15968
3092
-10308
-21966
-29901
-32766
-30072
-22272
-10689
2711
15653
25937
31812
32275
27244
17574
4908
-8595
-20637
-29162
-32712
-30681
-23411
-12140
1206
14349
25041
31451
32480
27948
18630
6117
-7445
-19735
-28641
-32634
-31026
-24089
-13013
301
13567
24501
31222
32570
28309
19172
6728
-6876
-19298
-28393
-32589
-31159
-24347
-13326
0
13328
24354
31166
32585
28360
19220
6748
-6896
-19347
-28443
-32604
-31103
-24198
-13087
301
13640
24608
31294
32533
28105
18778
6176
-7504
-19879
-28786
-32669
-30847
-23635
-12290
1206
14493
25247
31583
32389
27520
17828
5008
-8692
-20870
-29387
-32745
-30352
-22624
-10917
2711
15865
26229
31977
32094
26556
16335
3233
-10442
-22277
-30182
-32757
-29546
-21112
-8944
4807
17712
27483
32390
31559
25136
14256
845
-12717
-24026
-31070
-32598
-28334
-19032
-6345
7473
19964
28903
32697
30666
23169
11540
-2148
-15456
-26008
-31918
-32127
-26596
-16309
-3103
10659
22517
30346
32741
29270
20553
8148
-5719
-18563
-28078
-32552
-31179
-24202
-12874
771
14281
25223
31625
32332
27214
17189
4062
-9798
-21894
-30040
-32762
-29565
-21025
-8682
5233
18204
27882
32514
31257
24336
13002
-691
-14262
-25247
-31650
-32307
-27094
-16955
-3732
10171
22227
30239
32747
29289
20494
7961
-6025
-18915
-28356
-32621
-30929
-23586
-11931
1907
15400
26077
31982
32033
26215
15592
2109
-11762
-23479
-30889
-32629
-28377
-18910
-5966
8077
20637
29402
32756
30080
21861
9613
-4409
-17621
-27585
-32459
-31342
-24435
-13013
816
14497
25499
31785
32188
26631
16140
2656
-11322
-23203
-30782
-32650
-28456
-18976
-5969
8148
20755
29503
32763
29925
21514
9095
-5021
-18204
-27995
-32564
-31058
-23753
-12011
1977
15598
26305
32095
31880
25698
14703
952
-12978
-24480
-31393
-32418
-27360
-17165
-3744
10381
22559
30497
32702
28754
19394
6380
-7836
-20580
-29446
-32762
-29899
-21393
-8847
5370
18577
28275
32630
30814
23169
11138
-3003
-16579
-27016
-32334
-31523
-24733
-13249
751
14612
25700
31906
32048
26096
15179
1372
-12698
-24354
-31371
-32412
-27273
-16932
-3359
10856
23003
30758
32638
28280
18514
5205
-9101
-21669
-30089
-32747
-29131
-19930
-6905
7445
20371
29387
32762
29844
21189
8460
-5898
-19125
-28673
-32702
-30433
-22301
-9868
4468
17946
27963
32585
30916
23274
11134
-3159
-16845
-27275
-32428
-31305
-24119
-12260
1977
15833
26622
32247
31615
24845
13249
-923
-14918
-26016
-32055
-31858
-25461
-14105
0
14107
25468
31864
32046
25975
14832
792
-13405
-24986
-31684
-32188
-26395
-15435
-1452
12817
24578
31525
32292
26727
15917
1981
-12345
-24250
-31393
-32366
-26976
-16280
-2378
11993
24006
31293
32415
27148
16527
2644
-11762
-23850
-31230
-32442
-27244
-16660
-2779
11653
23783
31206
32451
27267
16679
2783
-11667
-23806
-31222
-32441
-27217
-16586
-2656
11803
23919
31277
32412
27094
16378
2398
-12062
-24120
-31370
-32361
-26894
-16056
-2009
12441
24407
31496
32285
26615
15616
1488
-12939
-24777
-31650
-32178
-26251
-15055
-836
13553
25223
31826
32033
25797
14372
52
-14280
-25739
-32015
-31841
-25247
-13561
863
15115
26318
32208
31592
24592
12618
-1908
-16052
-26950
-32393
-31276
-23823
-11540
3083
17085
27622
32556
30880
22932
10324
-4384
-18204
-28323
-32682
-30389
-21909
-8965
5807
19399
29038
32755
29790
20744
7461
-7347
-20658
-29748
-32757
-29067
-19428
-5811
8997
21966
30436
32669
28203
17952
4016
-10746
-23305
-31079
-32468
-27184
-16309
-2077
12583
24657
31656
32135
25992
14491
0
-14493
-25999
-32139
-31644
-24613
-12494
2208
16457
27304
32503
30975
23032
10317
-4537
-18454
-28547
-32719
-30103
-21238
-7961
6971
20458
29694
32757
29007
19220
5431
-9491
-22439
-30713
-32587
-27666
-16973
-2736
12073
24364
31568
32177
26060
14492
-108
-14689
-26197
-32222
-31498
-24174
-11781
3083
17304
27896
32634
30520
21996
8847
-6162
-19879
-29416
-32766
-29219
-19519
-5706
9311
22368
30711
32578
27570
16743
2378
-12491
-24723
-31732
-32033
-25558
-13674
1105
15653
26888
32428
31095
23169
10328
-4707
-18745
-28806
-32750
-29736
-20402
-6728
8378
21705
30414
32650
27932
17262
2911
-12062
-24465
-31651
-32083
-25665
-13765
1077
15692
26955
32455
31012
22932
9941
-5180
-19194
-29098
-32765
-29406
-19738
-5832
9326
22486
30817
32526
27244
16102
1495
-13436
-25478
-32035
-31693
-24521
-12062
2999
17416
28078
32680
30226
21243
7668
-7565
-21167
-30192
-32685
-28105
-17438
-2992
12103
24578
31727
31995
25321
13150
-1876
-16499
-27539
-32596
-30567
-21889
-8448
6833
20630
29936
32722
28377
17845
3419
-11753
-24364
-31659
-32040
-25423
-13249
1823
16499
27568
32607
30508
21729
8189
-7147
-20920
-30108
-32693
-28105
-17347
-2779
12401
24860
31856
31850
24838
12360
-2839
-17416
-28160
-32702
-30037
-20749
-6884
8501
22013
30668
32552
27244
15915
1066
-14020
-26008
-32243
-31342
-23500
-10451
4915
19194
29220
32766
29042
18871
4509
-10856
-23813
-31479
-32147
-25665
-13473
1720
16533
27666
32637
30335
21271
7461
-8015
-21705
-30552
-32578
-27327
-15968
-1038
14125
26133
32294
31228
23169
9920
-5554
-19786
-29584
-32748
-28565
-17970
-3339
12043
24723
31849
31816
24627
11897
-3511
-18132
-28673
-32755
-29458
-19519
-5177
10334
23516
31393
32182
25702
13414
-1907
-16800
-27896
-32682
-30072
-20653
-6555
9029
22570
30997
32395
26445
14492
-751
-15827
-27310
-32589
-30461
-21406
-7481
8148
21926
30713
32507
26894
15151
-48
-15238
-26955
-32522
-30664
-21804
-7961
7702
21608
30575
32549
27076
15403
202
-15047
-26852
-32503
-30703
-21861
-8002
7696
21629
30598
32538
27001
15255
0
-15257
-27007
-32541
-30582
-21579
-7602
8129
21989
30779
32468
26664
14703
-655
-15865
-27411
-32621
-30288
-20948
-6758
8997
22672
31098
32318
26047
13736
-1763
-16855
-28038
-32713
-29790
-19946
-5464
10289
23653
31516
32046
25116
12336
-3319
-18204
-28847
-32766
-29042
-18541
-3711
11987
24889
31977
31593
23823
10480
-5316
-19871
-29777
-32711
-27983
-16697
-1495
14059
26318
32404
30885
22114
8148
-7733
-21801
-30745
-32460
-26539
-14372
1180
16457
27860
32699
29832
19930
5325
-10537
-23916
-31650
-31910
-24631
-11530
4298
19113
29409
32747
28334
17210
2009
-13670
-26112
-32365
-30942
-22178
-8148
7817
21929
30833
32412
26285
13907
-1780
-17047
-28259
-32743
-29429
-19103
-4222
11667
24777
31977
31548
23586
9991
-5992
-20546
-30192
-32619
-27244
-15350
219
15739
27492
32660
30001
20149
5464
-10533
-24006
-31719
-31816
-24270
-10892
5106
19879
29873
32681
27625
15917
373
-15261
-27221
-32621
-30156
-20416
-5748
10308
23879
31684
31836
24293
10875
-5173
-19973
-29942
-32665
-27477
-15633
0
15636
27483
32666
29925
19920
5078
-10999
-24407
-31886
-31615
-23656
-9941
6193
20824
30386
32549
26782
14487
-1341
-16845
-28242
-32749
-29262
-18630
-3445
12583
25539
32252
31078
22301
8064
-8148
-22368
-31111
-32231
-25451
-12429
3643
18824
29387
32737
28047
16465
836
-15001
-27152
-32625
-30072
-20115
-5205
10989
24479
31937
31523
23335
9388
-6876
-21447
-30723
-32412
-26092
-13322
2743
18132
29038
32759
28371
16955
1338
-14612
-26944
-32596
-30164
-20247
-5304
10958
24501
31960
31477
23169
9099
-7236
-21774
-30894
-32323
-25702
-12676
3510
18824
29446
32724
27837
16000
166
-15711
-27666
-32707
-29572
-19041
-3744
12491
25602
32304
30916
21780
7184
-9215
-23305
-31551
-31880
-24205
-10451
5930
20824
30486
32483
26311
13518
-2679
-18204
-29147
-32749
-28098
-16364
-502
15488
27574
32702
29574
18976
3583
-12717
-25806
-32371
-30748
-21345
-6538
9926
23879
31785
31636
23467
9346
-7147
-21830
-30974
-32254
-25342
-11991
4409
19692
29968
32623
26976
14462
-1736
-17495
-28798
-32764
-28377
-16752
-852
15267
27492
32699
29554
18857
3339
-13034
-26077
-32450
-30520
-20777
-5712
10817
24578
32042
31291
22515
7961
-8637
-23021
-31496
-31881
-24075
-10079
6509
21426
30833
32307
25463
12062
-4448
-19815
-30076
-32585
-26689
-13907
2465
18204
29244
32732
27762
15616
-569
-16610
-28356
-32765
-28692
-17189
-1231
15047
27428
32699
29490
18630
2932
-13528
-26478
-32552
-30168
-19943
-4530
12062
25519
32337
30737
21133
6022
-10659
-24565
-32068
-31208
-22206
-7407
9326
23628
31760
31593
23169
8686
-8070
-22719
-31423
-31903
-24028
-9858
6896
21846
31070
32147
24790
10926
-5807
-21019
-30711
-32336
-25461
-11891
4807
20244
30356
32478
26047
12755
-3899
-19528
-30012
-32581
-26556
-13521
3083
18877
29687
32654
26991
14192
-2362
-18294
-29387
-32703
-27360
-14769
1736
17784
29119
32734
27666
15255
-1206
-17349
-28887
-32752
-27913
-15652
771
16993
28695
32761
28105
15962
-434
-16717
-28547
-32765
-28244
-16186
193
16523
28443
32766
28334
16326
-48
-16412
-28387
-32766
-28374
-16382
0
0
0
0
0
0
0
0
0
0
0
0
0
0
0
0
0
0
0
0
0
0
0
0
0
0
0
0
0
0
0
0
0
0
0
0
0
0
0
0
0
0
0
0
0
0
0
0
0
0
0
0
0
0
0
0
0
0
0
0
0
0
0
0
0
0
0
0
0
0
0
0
0
0
0
0
0
0
0
0
0
0
0
0
0
0
0
0
0
0
0
0
0
0
0
0
0
0
0
0
0
0
0
0
0
0
0
0
0
0
0
0
0
0
0
0
0
0
0
0
0
0
0
0
0
0
0
0
0
0
0
0
0
0
0
0
0
0
0
0
0
0
0
0
0
0
0
0
0
0
0
0
0
0
0
0
0
0
0
0
0
0
0
0
0
0
0
0
0
0
0
0
0
0
0
0
0
0
0
0
0
0
0
0
0
0
0
0
0
0
0
0
0
0
0
0
0
0
0
0
0
0
0
0
0
0
0
0
0
0
0
0
0
0
0
0
0
0
0
0
0
0
0
0
0
0
0
0
0
0
0
0
0
0
0
0
0
0
0
0
0
0
0
0
0
0
0
0
0
0
0
0
0
0
0
0
0
0
0
0
0
0
0
0
0
0
0
0
0
0
0
0
0
0
0
0
0
0
0
0
0
0
0
0
0
0
0
0
0
0
0
0
0
0
0
0
0
0
0
0
0
0
0
0
0
0
0
0
0
0
0
0
0
0
0
0
0
0
0
0
0
0
0
0
0
0
0
0
0
0
0
0
0
0
0
0
0
0
0
0
0
0
0
0
0
0
0
0
0
0
0
0
0
0
0
0
0
0
0
0
0
0
0
0
0
0
0
0
0
0
0
0
0
0
0
0
0
0
0
0
0
0
0
0
0
0
0
0
0
0
0
0
0
0
0
0
0
0
0
0
0
0
0
0
0
0
0
0
0
0
0
0
0
0
0
0
0
0
0
0
0
0
0
0
0
0
0
0
0
0
0
0
0
0
0
0
0
0
0
0
0
0
0
0
0
0
0
0
0
0
0
0
0
0
0
0
0
0
0
0
0
0
0
0
0
0
0
0
0
0
0
0
0
0
0
0
0
0
0
0
0
0
0
0
0
0
0
0
0
0
0
0
0
0
0
0
0
0
0
0
0
0
0
0
0
0
0
0
0
0
0
0
0
0
0
0
0
0
0
0
0
0
0
0
0
0
0
0
0
0
0
0
0
0
0
0
0
0
0
0
0
0
0
0
0
0
0
0
0
0
0
0
0
0
0
0
0
0
0
0
0
0
0
0
0
0
0
0
0
0
0
0
0
0
0
0
0
0
0
0
0
0
0
0
0
0
0
0
0
0
0
0
0
0
0
0
0
0
0
0
0
0
0
0
0
0
0
0
0
0
0
0
0
0
0
0
0
0
0
0
0
0
0
0
0
0
0
0
0
0
0
0
0
0
0
0
0
0
0
0
0
0
0
0
0
0
0
0
0
0
0
0
0
0
0
0
0
0
0
0
0
0
0
0
0
0
0
0
0
0
0
0
0
0
0
0
0
0
0
0
0
0
0
0
0
0
0
0
0
0
0
0
0
0
0
0
0
0
0
0
0
0
0
0
0
0
0
0
0
0
0
0
0
0
0
0
0
0
0
0
0
0
0
0
0
0
0
0
0
0
0
0
0
0
0
0
0
0
0
0
0
0
0
0
0
0
0
0
0
0
0
0
0
0
0
0
0
0
0
0
0
0
0
0
0
0
0
0
0
0
0
0
0
0
0
0
0
0
0
0
0
0
0
0
0
0
0
0
0
0
0
0
0
0
0
0
0
0
0
0
0
0
0
0
0
0
0
0
0
0
0
0
0
0
0
0
0
0
0
0
0
0
0
0
0
0
0
0
0
0
0
0
0
0
0
0
0
0
0
0
0
0
0
0
0
0
0
0
0
0
0
0
0
0
0
0
0
0
0
0
0
0
0
0
0
0
0
0
0
0
0
0
0
0
0
0
0
0
0
0
0
0
0
0
0
0
0
0
0
0
0
0
0
0
0
0
0
0
0
0
0
0
0
0
0
0
0
0
0
0
0
0
0
0
0
0
0
0
0
0
0
0
0
0
0
0
0
0
0
0
0
0
0
0
0
0
0
0
0
0
0
0
0
0
0
0
0
0
0
0
0
0
0
0
0
0
0
0
0
0
5461
5411
5259
5001
4630
4140
3527
2788
1932
971
-71
-1165
-2273
-3350
-4350
-5226
-5933
-6436
-6707
-6728
-6497
-6022
-5326
-4441
-3408
-2274
-1090
94
1231
2277
3195
3958
4544
4941
5145
5160
4995
4668
4200
3615
2944
2218
1470
733
41
-576
-1093
-1491
-1756
-1885
-1883
-1765
-1555
-1285
-991
-713
-489
-354
-333
-442
-684
-1046
-1502
-2014
-2533
-3003
-3367
-3572
-3574
-3339
-2855
-2127
-1181
-63
1162
2419
3623
4687
5531
6087
6306
6159
5647
4796
3660
2313
849
-628
-2013
-3203
-4113
-4677
-4855
-4641
-4058
-3162
-2035
-779
491
1660
2618
3273
3559
3443
2927
2050
886
-463
-1877
-3224
-4377
-5222
-5672
-5671
-5208
-4310
-3047
-1523
132
1776
3263
4465
5277
5632
5509
4932
3970
2732
1355
-11
-1216
-2126
-2639
-2693
-2277
-1433
-248
1145
2592
3922
4970
5596
5694
5211
4149
2568
579
-1659
-3967
-6148
-8015
-9410
-10210
-10350
-9819
-8666
-6991
-4936
-2666
-358
1820
3726
5254
6341
6973
7182
7032
6618
6042
5404
4788
4250
3814
3467
3168
2851
2442
1866
1067
17
-1274
-2759
-4346
-5915
-7322
-8420
-9072
-9171
-8654
-7512
-5795
-3613
-1125
1471
3962
6133
7796
8805
9072
8581
7384
5602
3409
1019
-1341
-3451
-5120
-6203
-6623
-6367
-5496
-4128
-2433
-604
1156
2663
3766
4366
4424
3965
3071
1873
531
-780
-1898
-2685
-3048
-2945
-2391
-1455
-253
1069
2354
3445
4210
4553
4426
3832
2826
1505
0
-1542
-2973
-4160
-5000
-5427
-5423
-5010
-4252
-3243
-2095
-925
159
1070
1746
2160
2318
2254
2024
1696
1342
1023
788
663
650
730
867
1016
1127
1157
1079
881
574
188
-229
-623
-936
-1115
-1124
-946
-590
-89
503
1118
1676
2101
2330
2314
2035
1499
744
-170
-1165
-2153
-3047
-3770
-4263
-4492
-4450
-4156
-3653
-2999
-2262
-1508
-794
-160
371
802
1152
1457
1757
2093
2496
2979
3535
4132
4718
5220
5561
5663
5461
4911
4000
2753
1229
-478
-2249
-3949
-5440
-6596
-7318
-7542
-7249
-6467
-5271
-3773
-2114
-447
1073
2315
3174
3588
3542
3071
2253
1202
52
-1052
-1977
-2609
-2867
-2716
-2161
-1253
-79
1245
2592
3830
4842
5532
5838
5732
5227
4367
3225
1894
475
-929
-2229
-3349
-4234
-4853
-5196
-5272
-5102
-4720
-4160
-3459
-2648
-1759
-817
152
1124
2066
2945
3719
4342
4766
4946
4846
4443
3732
2733
1493
82
-1409
-2873
-4196
-5269
-5995
-6306
-6160
-5558
-4539
-3178
-1581
121
1793
3299
4520
5365
5780
5749
5300
4500
3443
2245
1029
-89
-1012
-1669
-2022
-2073
-1857
-1438
-901
-340
150
494
634
544
227
-278
-912
-1593
-2233
-2747
-3062
-3128
-2923
-2456
-1769
-927
-17
866
1630
2193
2494
2500
2212
1662
912
47
-831
-1622
-2226
-2562
-2575
-2237
-1559
-581
624
1961
3320
4583
5636
6381
6740
6664
6135
5170
3817
2152
277
-1693
-3636
-5428
-6955
-8122
-8853
-9101
-8853
-8122
-6955
-5428
-3636
-1693
277
2152
3817
5170
6135
6664
6740
6381
5636
4583
3320
1961
624
-581
-1559
-2237
-2575
-2562
-2226
-1622
-831
47
912
1662
2212
2500
2494
2193
1630
866
-17
-927
-1769
-2456
-2923
-3128
-3062
-2747
-2233
-1593
-912
-278
227
544
634
494
150
-340
-901
-1438
-1857
-2073
-2022
-1669
-1012
-89
1029
2245
3443
4500
5300
5749
5780
5365
4520
3299
1793
121
-1581
-3178
-4539
-5558
-6160
-6306
-5995
-5269
-4196
-2873
-1409
82
1493
2733
3732
4443
4846
4946
4766
4342
3719
2945
2066
1124
152
-817
-1759
-2648
-3459
-4160
-4720
-5102
-5272
-5196
-4853
-4234
-3349
-2229
-929
475
1894
3225
4367
5227
5732
5838
5532
4842
3830
2592
1245
-79
-1253
-2161
-2716
-2867
-2609
-1977
-1052
52
1202
2253
3071
3542
3588
3174
2315
1073
-447
-2114
-3773
-5271
-6467
-7249
-7542
-7318
-6596
-5440
-3949
-2249
-478
1229
2753
4000
4911
5461
5663
5561
5220
4718
4132
3535
2979
2496
2093
1757
1457
1152
802
371
-160
-794
-1508
-2262
-2999
-3653
-4156
-4450
-4492
-4263
-3770
-3047
-2153
-1165
-170
744
1499
2035
2314
2330
2101
1676
1118
503
-89
-590
-946
-1124
-1115
-936
-623
-229
188
574
881
1079
1157
1127
1016
867
730
650
663
788
1023
1342
1696
2024
2254
2318
2160
1746
1070
159
-925
-2095
-3243
-4252
-5010
-5423
-5427
-5000
-4160
-2973
-1542
0
1505
2826
3832
4426
4553
4210
3445
2354
1069
-253
-1455
-2391
-2945
-3048
-2685
-1898
-780
531
1873
3071
3965
4424
4366
3766
2663
1156
-604
-2433
-4128
-5496
-6367
-6623
-6203
-5120
-3451
-1341
1019
3409
5602
7384
8581
9072
8805
7796
6133
3962
1471
-1125
-3613
-5795
-7512
-8654
-9171
-9072
-8420
-7322
-5915
-4346
-2759
-1274
17
1067
1866
2442
2851
3168
3467
3814
4250
4788
5404
6042
6618
7032
7182
6973
6341
5254
3726
1820
-358
-2666
-4936
-6991
-8666
-9819
-10350
-10210
-9410
-8015
-6148
-3967
-1659
579
2568
4149
5211
5694
5596
4970
3922
2592
1145
-248
-1433
-2277
-2693
-2639
-2126
-1216
-11
1355
2732
3970
4932
5509
5632
5277
4465
3263
1776
132
-1523
-3047
-4310
-5208
-5671
-5672
-5222
-4377
-3224
-1877
-463
886
2050
2927
3443
3559
3273
2618
1660
491
-779
-2035
-3162
-4058
-4641
-4855
-4677
-4113
-3203
-2013
-628
849
2313
3660
4796
5647
6159
6306
6087
5531
4687
3623
2419
1162
-63
-1181
-2127
-2855
-3339
-3574
-3572
-3367
-3003
-2533
-2014
-1502
-1046
-684
-442
-333
-354
-489
-713
-991
-1285
-1555
-1765
-1883
-1885
-1756
-1491
-1093
-576
41
733
1470
2218
2944
3615
4200
4668
4995
5160
5145
4941
4544
3958
3195
2277
1231
94
-1090
-2274
-3408
-4441
-5326
-6022
-6497
-6728
-6707
-6436
-5933
-5226
-4350
-3350
-2273
-1165
-71
971
1932
2788
3527
4140
4630
5001
5259
5411
0
0
0
0
0
0
0
0
0
0
0
0
0
0
0
0
0
0
0
0
0
0
0
0
0
0
0
0
0
0
0
0
0
0
0
0
0
0
0
0
0
0
0
0
0
0
0
0
0
0
0
0
0
0
0
0
0
0
0
0
0
0
0
0
0
0
0
-3640
-3581
-3409
-3135
-2777
-2358
-1900
-1425
-950
-487
-40
391
818
1248
1692
2158
2646
3148
3646
4112
4508
4792
4919
4848
4547
3996
3195
2162
939
-414
-1823
-3200
-4456
-5502
-6266
-6691
-6746
-6427
-5760
-4796
-3610
-2293
-941
348
1490
2415
3080
3467
3587
3473
3183
2782
2345
1938
1618
1421
1361
1427
1586
1789
1971
2068
2021
1785
1335
673
-173
-1149
-2183
-3184
-4063
-4733
-5123
-5186
-4905
-4294
-3398
-2291
-1064
178
1332
2306
3026
3446
3553
3364
2927
2314
1610
905
285
-181
-448
-496
-337
-8
429
904
1337
1656
1804
1744
1470
999
378
-327
-1042
-1685
-2185
-2485
-2554
-2390
-2016
-1486
-872
-257
274
645
801
711
377
-168
-862
-1618
-2340
-2926
-3286
-3348
-3071
-2447
-1504
-305
1058
2477
3834
5016
5924
6484
6656
6431
5837
4931
3792
2515
1194
-79
-1233
-2212
-2991
-3563
-3947
-4176
-4289
-4328
-4328
-4309
-4278
-4225
-4124
-3941
-3640
-3189
-2566
-1769
-815
255
1384
2497
3515
4358
4961
5276
5283
4989
4434
3682
2816
1928
1112
445
-12
-234
-223
-18
317
697
1028
1216
1185
884
299
-550
-1605
-2773
-3938
-4977
-5767
-6205
-6220
-5779
-4898
-3636
-2095
-409
1271
2794
4020
4842
5191
5049
4448
3467
2224
865
-457
-1597
-2430
-2869
-2871
-2444
-1646
-571
651
1881
2976
3814
4298
4378
4043
3333
2326
1129
-129
-1321
-2328
-3056
-3445
-3478
-3174
-2593
-1820
-961
-126
583
1085
1325
1282
971
438
-248
-1002
-1734
-2359
-2810
-3043
-3039
-2808
-2384
-1819
-1176
-519
95
624
1044
1354
1571
1728
1867
2031
2258
2569
2969
3438
3937
4408
4783
4989
4961
4647
4019
3077
1850
397
-1197
-2834
-4404
-5799
-6926
-7711
-8107
-8100
-7705
-6966
-5950
-4738
-3416
-2069
-769
424
1475
2366
3094
3675
4129
4478
4743
4933
5049
5080
5006
4803
4446
3917
3211
2339
1331
234
-886
-1957
-2899
-3640
-4120
-4300
-4166
-3735
-3051
-2185
-1224
-267
588
1255
1670
1792
1616
1169
508
-284
-1113
-1877
-2483
-2853
-2940
-2723
-2219
-1477
-573
399
1336
2139
2721
3021
3008
2686
2094
1300
397
-508
-1308
-1905
-2217
-2197
-1828
-1131
-165
983
2205
3376
4374
5086
5422
5321
4759
3753
2357
662
-1214
-3133
-4950
-6519
-7714
-8428
-8591
-8173
-7183
-5676
-3745
-1520
847
3188
5330
7113
8396
9072
9077
8394
7058
5156
2820
221
-2445
-4973
-7158
-8818
-9807
-10028
-9445
-8082
-6029
-3434
-490
2573
5519
8111
10142
11448
11925
11535
10312
8360
5839
2956
-57
-2965
-5548
-7621
-9053
-9772
-9774
-9117
-7915
-6322
-4515
-2676
-972
463
1539
2216
2504
2463
2186
1790
1396
1114
1026
1180
1577
2177
2898
3633
4261
4661
4735
4414
3678
2551
1111
-525
-2211
-3785
-5087
-5984
-6376
-6218
-5520
-4347
-2818
-1088
665
2263
3543
4380
4697
4477
3761
2648
1278
-179
-1547
-2662
-3388
-3640
-3388
-2662
-1547
-179
1278
2648
3761
4477
4697
4380
3543
2263
665
-1088
-2818
-4347
-5520
-6218
-6376
-5984
-5087
-3785
-2211
-525
1111
2551
3678
4414
4735
4661
4261
3633
2898
2177
1577
1180
1026
1114
1396
1790
2186
2463
2504
2216
1539
463
-972
-2676
-4515
-6322
-7915
-9117
-9774
-9772
-9053
-7621
-5548
-2965
-57
2956
5839
8360
10312
11535
11925
11448
10142
8111
5519
2573
-490
-3434
-6029
-8082
-9445
-10028
-9807
-8818
-7158
-4973
-2445
221
2820
5156
7058
8394
9077
9072
8396
7113
5330
3188
847
-1520
-3745
-5676
-7183
-8173
-8591
-8428
-7714
-6519
-4950
-3133
-1214
662
2357
3753
4759
5321
5422
5086
4374
3376
2205
983
-165
-1131
-1828
-2197
-2217
-1905
-1308
-508
397
1300
2094
2686
3008
3021
2721
2139
1336
399
-573
-1477
-2219
-2723
-2940
-2853
-2483
-1877
-1113
-284
508
1169
1616
1792
1670
1255
588
-267
-1224
-2185
-3051
-3735
-4166
-4300
-4120
-3640
-2899
-1957
-886
234
1331
2339
3211
3917
4446
4803
5006
5080
5049
4933
4743
4478
4129
3675
3094
2366
1475
424
-769
-2069
-3416
-4738
-5950
-6966
-7705
-8100
-8107
-7711
-6926
-5799
-4404
-2834
-1197
397
1850
3077
4019
4647
4961
4989
4783
4408
3937
3438
2969
2569
2258
2031
1867
1728
1571
1354
1044
624
95
-519
-1176
-1819
-2384
-2808
-3039
-3043
-2810
-2359
-1734
-1002
-248
438
971
1282
1325
1085
583
-126
-961
-1820
-2593
-3174
-3478
-3445
-3056
-2328
-1321
-129
1129
2326
3333
4043
4378
4298
3814
2976
1881
651
-571
-1646
-2444
-2871
-2869
-2430
-1597
-457
865
2224
3467
4448
5049
5191
4842
4020
2794
1271
-409
-2095
-3636
-4898
-5779
-6220
-6205
-5767
-4977
-3938
-2773
-1605
-550
299
884
1185
1216
1028
697
317
-18
-223
-234
-12
445
1112
1928
2816
3682
4434
4989
5283
5276
4961
4358
3515
2497
1384
255
-815
-1769
-2566
-3189
-3640
-3941
-4124
-4225
-4278
-4309
-4328
-4328
-4289
-4176
-3947
-3563
-2991
-2212
-1233
-79
1194
2515
3792
4931
5837
6431
6656
6484
5924
5016
3834
2477
1058
-305
-1504
-2447
-3071
-3348
-3286
-2926
-2340
-1618
-862
-168
377
711
801
645
274
-257
-872
-1486
-2016
-2390
-2554
-2485
-2185
-1685
-1042
-327
378
999
1470
1744
1804
1656
1337
904
429
-8
-337
-496
-448
-181
285
905
1610
2314
2927
3364
3553
3446
3026
2306
1332
178
-1064
-2291
-3398
-4294
-4905
-5186
-5123
-4733
-4063
-3184
-2183
-1149
-173
673
1335
1785
2021
2068
1971
1789
1586
1427
1361
1421
1618
1938
2345
2782
3183
3473
3587
3467
3080
2415
1490
348
-941
-2293
-3610
-4796
-5760
-6427
-6746
-6691
-6266
-5502
-4456
-3200
-1823
-414
939
2162
3195
3996
4547
4848
4919
4792
4508
4112
3646
3148
2646
2158
1692
1248
818
391
-40
-487
-950
-1425
-1900
-2358
-2777
-3135
-3409
-3581
0
0
0
0
0
0
0
0
0
0
0
0
0
0
0
0
0
0
0
0
0
0
0
0
0
0
0
0
0
0
0
0
0
0
0
0
0
0
0
0
0
0
0
0
0
0
0
0
0
0
0
0
0
0
0
0
0
0
0
0
0
0
0
0
0
0
0
-1820
-1655
-1178
-437
491
1511
2515
3394
4049
4399
4390
3999
3235
2145
801
-698
-2242
-3712
-4995
-5992
-6625
-6847
-6639
-6018
-5030
-3748
-2265
-686
880
2330
3571
4531
5159
5431
5348
4933
4235
3314
2243
1102
-32
-1086
-1996
-2710
-3190
-3415
-3379
-3090
-2572
-1859
-999
-46
939
1894
2754
3460
3956
4200
4161
3826
3201
2310
1200
-65
-1408
-2738
-3962
-4987
-5734
-6136
-6154
-5773
-5010
-3913
-2554
-1030
547
2064
3409
4484
5217
5562
5511
5085
4340
3357
2236
1083
3
-914
-1601
-2015
-2148
-2023
-1689
-1219
-695
-203
179
392
401
199
-190
-718
-1316
-1900
-2388
-2702
-2785
-2605
-2157
-1468
-594
387
1387
2311
3073
3601
3852
3808
3484
2923
2191
1367
534
-228
-859
-1318
-1590
-1689
-1653
-1537
-1404
-1317
-1327
-1464
-1731
-2104
-2528
-2930
-3220
-3309
-3118
-2593
-1711
-493
999
2663
4364
5946
7248
8122
8447
8148
7202
5646
3577
1143
-1467
-4043
-6371
-8254
-9534
-10102
-9915
-8996
-7434
-5371
-2993
-507
1877
3970
5616
6709
7202
7108
6494
5471
4182
2780
1413
209
-738
-1380
-1710
-1766
-1617
-1357
-1085
-892
-850
-998
-1339
-1838
-2426
-3010
-3486
-3752
-3724
-3347
-2606
-1529
-185
1315
2841
4246
5390
6151
6442
6221
5494
4321
2803
1078
-696
-2361
-3766
-4792
-5359
-5431
-5027
-4209
-3077
-1759
-392
886
1961
2741
3176
3253
2999
2471
1753
939
122
-613
-1207
-1621
-1846
-1900
-1820
-1656
-1461
-1282
-1153
-1088
-1079
-1098
-1102
-1039
-857
-515
8
710
1560
2498
3443
4297
4958
5332
5346
4955
4154
2980
1509
-145
-1848
-3450
-4804
-5785
-6297
-6289
-5759
-4756
-3378
-1757
-55
1561
2931
3919
4426
4403
3853
2832
1442
-175
-1860
-3443
-4765
-5693
-6132
-6031
-5391
-4261
-2733
-932
997
2904
4643
6091
7155
7777
7938
7659
6992
6015
4823
3515
2187
923
-212
-1179
-1960
-2559
-3001
-3322
-3568
-3781
-4000
-4253
-4550
-4888
-5246
-5587
-5866
-6029
-6023
-5798
-5314
-4547
-3490
-2157
-585
1168
3028
4903
6692
8291
9599
10527
11001
10975
10430
9378
7867
5976
3811
1498
-822
-3009
-4928
-6468
-7542
-8104
-8144
-7698
-6840
-5674
-4330
-2948
-1664
-599
154
540
547
208
-403
-1179
-1990
-2699
-3176
-3312
-3037
-2322
-1189
289
2001
3799
5517
6991
8069
8635
8615
7991
6801
5136
3133
964
-1187
-3140
-4731
-5837
-6382
-6347
-5770
-4739
-3385
-1866
-349
1005
2064
2728
2949
2727
2113
1196
100
-1037
-2082
-2912
-3435
-3596
-3385
-2833
-2010
-1012
44
1047
1889
2488
2793
2789
2496
1970
1287
539
-176
-776
-1189
-1375
-1321
-1044
-588
-16
596
1175
1652
1976
2117
2070
1852
1502
1072
621
203
-132
-357
-458
-444
-343
-194
-47
49
53
-64
-314
-689
-1159
-1683
-2203
-2663
-3006
-3188
-3179
-2970
-2572
-2015
-1346
-620
102
767
1328
1756
2039
2181
2206
2145
2040
1931
1850
1820
1850
1931
2040
2145
2206
2181
2039
1756
1328
767
102
-620
-1346
-2015
-2572
-2970
-3179
-3188
-3006
-2663
-2203
-1683
-1159
-689
-314
-64
53
49
-47
-194
-343
-444
-458
-357
-132
203
621
1072
1502
1852
2070
2117
1976
1652
1175
596
-16
-588
-1044
-1321
-1375
-1189
-776
-176
539
1287
1970
2496
2789
2793
2488
1889
1047
44
-1012
-2010
-2833
-3385
-3596
-3435
-2912
-2082
-1037
100
1196
2113
2727
2949
2728
2064
1005
-349
-1866
-3385
-4739
-5770
-6347
-6382
-5837
-4731
-3140
-1187
964
3133
5136
6801
7991
8615
8635
8069
6991
5517
3799
2001
289
-1189
-2322
-3037
-3312
-3176
-2699
-1990
-1179
-403
208
547
540
154
-599
-1664
-2948
-4330
-5674
-6840
-7698
-8144
-8104
-7542
-6468
-4928
-3009
-822
1498
3811
5976
7867
9378
10430
10975
11001
10527
9599
8291
6692
4903
3028
1168
-585
-2157
-3490
-4547
-5314
-5798
-6023
-6029
-5866
-5587
-5246
-4888
-4550
-4253
-4000
-3781
-3568
-3322
-3001
-2559
-1960
-1179
-212
923
2187
3515
4823
6015
6992
7659
7938
7777
7155
6091
4643
2904
997
-932
-2733
-4261
-5391
-6031
-6132
-5693
-4765
-3443
-1860
-175
1442
2832
3853
4403
4426
3919
2931
1561
-55
-1757
-3378
-4756
-5759
-6289
-6297
-5785
-4804
-3450
-1848
-145
1509
2980
4154
4955
5346
5332
4958
4297
3443
2498
1560
710
8
-515
-857
-1039
-1102
-1098
-1079
-1088
-1153
-1282
-1461
-1656
-1820
-1900
-1846
-1621
-1207
-613
122
939
1753
2471
2999
3253
3176
2741
1961
886
-392
-1759
-3077
-4209
-5027
-5431
-5359
-4792
-3766
-2361
-696
1078
2803
4321
5494
6221
6442
6151
5390
4246
2841
1315
-185
-1529
-2606
-3347
-3724
-3752
-3486
-3010
-2426
-1838
-1339
-998
-850
-892
-1085
-1357
-1617
-1766
-1710
-1380
-738
209
1413
2780
4182
5471
6494
7108
7202
6709
5616
3970
1877
-507
-2993
-5371
-7434
-8996
-9915
-10102
-9534
-8254
-6371
-4043
-1467
1143
3577
5646
7202
8148
8447
8122
7248
5946
4364
2663
999
-493
-1711
-2593
-3118
-3309
-3220
-2930
-2528
-2104
-1731
-1464
-1327
-1317
-1404
-1537
-1653
-1689
-1590
-1318
-859
-228
534
1367
2191
2923
3484
3808
3852
3601
3073
2311
1387
387
-594
-1468
-2157
-2605
-2785
-2702
-2388
-1900
-1316
-718
-190
199
401
392
179
-203
-695
-1219
-1689
-2023
-2148
-2015
-1601
-914
3
1083
2236
3357
4340
5085
5511
5562
5217
4484
3409
2064
547
-1030
-2554
-3913
-5010
-5773
-6154
-6136
-5734
-4987
-3962
-2738
-1408
-65
1200
2310
3201
3826
4161
4200
3956
3460
2754
1894
939
-46
-999
-1859
-2572
-3090
-3379
-3415
-3190
-2710
-1996
-1086
-32
1102
2243
3314
4235
4933
5348
5431
5159
4531
3571
2330
880
-686
-2265
-3748
-5030
-6018
-6639
-6847
-6625
-5992
-4995
-3712
-2242
-698
801
2145
3235
3999
4390
4399
4049
3394
2515
1511
491
-437
-1178
-1655
0
0
0
0
0
0
0
0
0
0
0
0
0
0
0
0
0
0
0
0
0
0
0
0
0
0
0
0
0
0
0
0
0
0
0
0
0
0
0
0
0
0
0
0
0
0
0
0
0
0
0
0
0
0
0
0
0
0
0
0
0
0
0
0
0
0
0
