0
4278
8485
12550
16402
19973
23203
26035
28419
30314
31684
32507
32766
32456
31581
30156
28203
25758
22860
19561
15917
11991
7852
3573
-771
-5106
-9352
-13436
-17284
-20829
-24006
-26759
-29038
-30801
-32015
-32660
-32720
-32196
-31094
-29434
-27244
-24563
-21439
-17925
-14087
-9991
-5712
-1327
3083
7441
11667
15683
19415
22796
25762
28259
30239
31667
32514
32764
32412
31462
29931
27847
25247
22178
18696
14865
10755
6443
2009
-2465
-6896
-11201
-15299
-19113
-22570
-25606
-28162
-30190
-31650
-32514
-32764
-32394
-31411
-29832
-27686
-25012
-21861
-18292
-14372
-10175
-5781
-1274
3259
7733
12062
16161
19951
23359
26318
28771
30668
31973
32659
32711
32127
30919
29107
26727
23823
20452
16679
12577
8226
3711
-879
-5455
-9926
-14204
-18204
-21846
-25058
-27775
-29942
-31516
-32464
-32766
-32415
-31417
-29790
-27567
-24790
-21514
-17805
-13736
-9388
-4849
-209
4437
8997
13377
17489
21248
24578
27411
29687
31359
32393
32765
32468
31507
29899
27676
24884
21579
17828
13707
9301
4700
0
-4703
-9311
-13729
-17864
-21629
-24947
-27746
-29968
-31566
-32503
-32761
-32332
-31225
-29460
-27076
-24119
-20653
-16748
-12488
-7961
-3263
1506
6246
10856
15238
19298
22949
26112
28719
30713
32051
32702
32651
31900
30461
28366
25658
22395
18646
14492
10022
5332
524
-4298
-9029
-13567
-17811
-21669
-25055
-27896
-30127
-31699
-32577
-32739
-32182
-30916
-28967
-26379
-23206
-19519
-15397
-10932
-6222
-1372
3511
8320
12945
17284
21240
24723
27655
29968
31611
32545
32748
32214
30954
28995
26381
23169
19431
15252
10724
5950
1038
-3899
-8751
-13405
-17757
-21705
-25159
-28038
-30277
-31822
-32637
-32702
-32014
-30588
-28456
-25665
-22280
-18377
-14047
-9388
-4509
477
5455
10308
14924
19194
23018
26305
28979
30974
32243
32756
32498
31476
29711
27244
24133
20449
16280
11722
6884
1880
-3170
-8148
-12935
-17416
-21484
-25041
-28000
-30291
-31856
-32659
-32677
-31909
-30373
-28105
-25157
-21600
-17520
-13013
-8189
-3163
1941
7001
11893
16499
20705
24407
27516
29953
31659
32589
32721
32049
30590
28377
25463
21921
17836
13307
8448
3377
-1780
-6896
-11843
-16499
-20746
-24479
-27603
-30040
-31727
-32621
-32699
-31957
-30413
-28105
-25088
-21439
-17247
-12618
-7668
-2522
2689
7836
12787
17416
21605
25247
28248
30530
32035
32723
32574
31592
29801
27244
23987
20112
15718
10917
5832
595
-4660
-9798
-14685
-19194
-23208
-26622
-29345
-31307
-32455
-32757
-32206
-30813
-28614
-25665
-22043
-17841
-13169
-8148
-2911
2405
7661
12717
17440
21705
25397
28419
30689
32146
32750
32483
31352
29385
26633
23169
19084
14487
9500
4255
-1105
-6439
-11603
-16457
-20870
-24723
-27911
-30346
-31961
-32712
-32578
-31559
-29684
-27001
-23582
-19519
-14922
-9916
-4636
771
6162
11386
16301
20770
24671
27896
30354
31977
32719
32558
31498
29565
26813
23317
19172
14492
9407
4058
-1405
-6833
-12073
-16978
-21411
-25247
-28377
-30713
-32188
-32760
-32410
-31148
-29007
-26047
-22351
-18021
-13179
-7961
-2516
3003
8440
13640
18454
22745
26389
29282
31340
32503
32737
32033
30409
27913
24613
20604
16000
10932
5547
0
-5550
-10942
-16021
-20637
-24657
-27963
-30458
-32068
-32745
-32468
-31244
-29107
-26118
-22364
-17952
-13013
-7689
-2137
3479
8997
14252
19090
23367
26955
29748
31662
32640
32650
31691
29790
27003
23411
19119
14256
8965
3403
-2262
-7862
-13230
-18204
-22633
-26385
-29345
-31423
-32556
-32707
-31871
-30072
-27362
-23823
-19561
-14703
-9397
-3803
1908
7565
12994
18030
22517
26318
29316
31419
32559
32702
31841
30001
27238
23635
19302
14372
8996
3339
-2422
-8112
-13553
-18577
-23026
-26761
-29667
-31650
-32648
-32629
-31591
-29565
-26615
-22829
-18327
-13249
-7752
-2009
3799
9491
14886
19815
24120
27666
30338
32052
32751
32412
31044
28690
25423
21345
16586
11295
5642
-193
-6025
-11667
-16938
-21669
-25706
-28920
-31206
-32489
-32726
-31909
-30063
-27244
-23544
-19081
-13998
-8460
-2644
3259
9060
14569
19606
24006
27626
30346
32075
32756
32366
30916
28451
25051
20827
15917
10480
4696
-1244
-7147
-12817
-18065
-22719
-26622
-29644
-31684
-32674
-32578
-31398
-29173
-25975
-21909
-17110
-11737
-5969
0
5972
11747
17130
21941
26016
29217
31436
32596
32657
31615
29504
26395
22390
17625
12260
6476
470
-5554
-11392
-16845
-21726
-25867
-29127
-31393
-32585
-32662
-31619
-29491
-26349
-22301
-17483
-12062
-6222
-166
5898
11762
17222
22088
26191
29387
31566
32648
32597
31411
29131
25835
21636
16679
11138
5205
-912
-7001
-12847
-18244
-23003
-26955
-29960
-31912
-32739
-32412
-30940
-28374
-24803
-20353
-15179
-9465
-3413
2763
8843
14612
19863
24407
28083
30758
32334
32755
32003
30103
27124
23169
18381
12929
7010
836
-5370
-11386
-16993
-21989
-26191
-29446
-31636
-32680
-32538
-31214
-28754
-25247
-20819
-15630
-9868
-3744
2518
8692
14551
19879
24480
28184
30855
32393
32739
31880
29845
26709
22585
17625
12011
5950
-333
-6607
-12639
-18204
-23094
-27128
-30152
-32055
-32763
-32248
-30528
-27666
-23767
-18976
-13473
-7461
-1167
5173
11322
17047
22132
26385
29644
31785
32724
32427
30901
28203
24435
19738
14288
8294
1981
-4409
-10635
-16457
-21654
-26025
-29402
-31656
-32697
-32485
-31027
-28377
-24634
-19943
-14481
-8460
-2109
4324
10594
16457
21686
26077
29459
31699
32710
32451
30929
28203
24378
19601
14056
7961
1552
-4919
-11201
-17047
-22227
-26537
-29806
-31906
-32751
-32307
-30590
-27666
-23648
-18696
-13002
-6791
-309
6187
12441
18204
23246
27366
30398
32222
32762
31995
29951
26709
22398
17189
11289
4935
-1619
-8112
-14281
-19879
-24678
-28486
-31147
-32552
-32643
-31416
-28917
-25247
-20553
-15023
-8882
-2378
4225
10659
16662
21989
26421
29777
31918
32756
32254
30432
27362
23169
18024
12137
5748
-879
-7473
-13762
-19485
-24407
-28323
-31070
-32533
-32650
-31414
-28875
-25136
-20353
-14721
-8475
-1874
4807
11292
17307
22602
26955
30182
32146
32765
32010
29911
26556
22083
16679
10571
4016
-2711
-9326
-15551
-21121
-25799
-29387
-31732
-32732
-32344
-30582
-27520
-23286
-18060
-12062
-5547
1206
7911
14280
20041
24947
28786
31393
32653
32513
30975
28105
24024
18906
12972
6476
-301
-7069
-13534
-19415
-24458
-28443
-31196
-32596
-32580
-31148
-28360
-24336
-19250
-13322
-6811
0
6813
13332
19269
24364
28393
31178
32594
32578
31129
28309
24241
19103
13120
6555
-301
-7147
-13680
-19609
-24671
-28641
-31340
-32648
-32505
-30916
-27948
-23735
-18460
-12360
-5706
1206
8067
14569
20421
25359
29162
31656
32728
32328
30473
27244
22786
17298
11027
4255
-2711
-9557
-15974
-21669
-26383
-29901
-32062
-32766
-31979
-29736
-26137
-21345
-15577
-9095
-2195
4807
11593
17850
23291
27666
30771
32464
32665
31362
28614
24546
19345
13249
6538
-477
-7473
-14125
-20126
-25196
-29098
-31650
-32732
-32292
-30349
-26991
-22374
-16712
-10266
-3339
3746
10659
17076
22694
27251
30530
32377
32702
31489
28793
24740
19519
13375
6597
-494
-7565
-14281
-20323
-25404
-29282
-31772
-32753
-32178
-30072
-26533
-21729
-15887
-9285
-2238
4919
11843
18204
23695
28052
31066
32589
32548
30942
27847
23411
17845
11416
4435
-2763
-9830
-16425
-22227
-26955
-30378
-32330
-32713
-31507
-28769
-24631
-19293
-13013
-6096
1120
8285
15047
21076
26077
29802
32068
32763
31850
29372
25451
20276
14101
7230
0
-7232
-14111
-20295
-25478
-29402
-31872
-32764
-32033
-29711
-25913
-20827
-14703
-7845
-595
6688
13640
19914
25196
29220
31785
32759
32093
29819
26047
20967
14832
7950
664
-6656
-13645
-19948
-25247
-29273
-31822
-32763
-32046
-29706
-25861
-20703
-14492
-7543
-209
7138
14125
20396
25629
29557
31977
32766
31880
29363
25342
20022
13674
6622
-771
-8129
-15071
-21240
-26318
-30042
-32219
-32734
-31559
-28754
-24461
-18901
-12360
-5177
2276
9615
16457
22447
27271
30678
32489
32608
31026
27825
23169
17302
10527
3199
-4298
-11573
-18244
-23960
-28419
-31387
-32705
-32302
-30198
-26501
-21406
-15179
-8148
-684
6817
13962
20369
25700
29668
32064
32757
31710
28975
24698
19103
12488
5205
-2358
-9798
-16717
-22745
-27557
-30894
-32577
-32513
-30703
-27244
-22319
-16192
-9191
-1693
5898
13175
19743
25247
29388
31941
32765
31816
29141
24884
19276
12618
5272
-2362
-9871
-16845
-22903
-27714
-31014
-32621
-32445
-30495
-26875
-21781
-15492
-8351
-749
6896
14165
20658
26016
29942
32220
32721
31417
28377
23767
17841
10926
3403
-4310
-11787
-18613
-24407
-28847
-31684
-32759
-32010
-29476
-25298
-19707
-13013
-5590
2148
9769
16845
22980
27828
31116
32659
32366
30254
26438
21133
14635
7310
-430
-8148
-15409
-21801
-26962
-30598
-32502
-32563
-30778
-27244
-22162
-15818
-8572
-836
6950
14343
20920
26305
30190
32350
32661
31103
27762
22829
16586
9388
1649
-6187
-13670
-20369
-25898
-29936
-32249
-32702
-31267
-28024
-23161
-16955
-9766
-2009
5867
13405
20168
25762
29860
32222
32709
31291
28049
23169
16936
9711
1916
-5992
-13553
-20323
-25904
-29968
-32275
-32687
-31179
-27837
-22855
-16527
-9222
-1372
6562
14111
20829
26318
30252
32397
32623
30916
27374
22206
15718
8294
373
-7571
-15067
-21669
-26980
-30683
-32556
-32483
-30469
-26631
-21197
-14492
-6916
1077
9009
16402
22811
27851
31216
32702
32218
29790
25564
19793
12824
5078
-2978
-10856
-18080
-24210
-28873
-31785
-32766
-31757
-28816
-24119
-17952
-10689
-2772
5316
13083
20053
25799
29968
32304
32662
31017
27469
22233
15630
8064
0
-8067
-15639
-22251
-27492
-31038
-32669
-32282
-29899
-25665
-19840
-12785
-4935
3223
11185
18454
24578
29176
31960
32754
31507
28295
23317
16881
9388
1306
-6859
-14599
-21426
-26913
-30713
-32587
-32415
-30206
-26096
-20343
-13307
-5431
2789
10837
18204
24423
29100
31937
32755
31498
28244
23199
16679
9099
938
-7285
-15047
-21854
-27271
-30951
-32659
-32282
-29844
-25497
-19519
-12290
-4271
4023
12062
19330
25359
29762
32252
32670
30984
27303
21861
15008
7184
-1105
-9326
-16947
-23474
-28484
-31650
-32766
-31757
-28687
-23753
-17274
-9670
-1435
6896
14781
21705
27215
30951
32666
32248
29720
25247
19119
11737
3583
-4807
-12886
-20121
-26035
-30239
-32455
-32534
-30469
-26395
-20578
-13400
-5336
3083
11302
18775
25007
29584
32200
32681
30992
27244
21684
14679
6695
-1736
-10055
-17706
-24178
-29038
-31959
-32744
-31340
-27837
-22468
-15592
-7668
771
9163
16942
23583
28641
31772
32764
31548
28203
22955
16155
8261
-193
-8637
-16499
-23246
-28419
-31667
-32766
-31641
-28366
-23161
-16378
-8479
0
8482
16388
23178
28387
31659
32766
31633
28334
23092
16267
8323
-193
-8699
-16610
-23382
-28547
-31748
-32764
-31521
-28105
-22748
-15818
-7793
771
9287
17161
23850
28887
31923
32744
31292
27666
22114
15023
6884
-1736
-10238
-18030
-24565
-29387
-32158
-32681
-30919
-26991
-21173
-13868
-5590
3083
11543
19194
25499
30012
32414
32534
30361
26047
19895
12336
3903
-4807
-13181
-20625
-26610
-30711
-32637
-32248
-29569
-24790
-18247
-10405
-1820
6896
15124
22277
27843
31423
32760
31757
28483
23169
16196
8060
-655
-9326
-17331
-24094
-29127
-32068
-32703
-30984
-27033
-21133
-13707
-5289
3511
12062
19743
25999
30374
32552
32371
29844
25150
18630
10754
2094
-6719
-15047
-22282
-27896
-31478
-32765
-31661
-28244
-22763
-15616
-7324
1506
10228
18204
24847
29668
32313
32585
30461
26096
19809
12062
3423
-5469
-13962
-21426
-27310
-31178
-32740
-31881
-28661
-23317
-16242
-7961
912
9721
17811
24578
29519
32265
32608
30520
26157
19840
12041
3339
-5613
-14150
-21629
-27492
-31296
-32755
-31758
-28377
-22863
-15630
-7219
1736
10564
18599
25234
29968
32443
32468
30041
25342
18725
10689
1842
-7147
-15598
-22868
-28404
-31785
-32751
-31227
-27327
-21345
-13736
-5078
3969
12717
20496
26712
30887
32702
32014
28875
23522
16364
7950
-1077
-10024
-18204
-24986
-29848
-32414
-32483
-30050
-25298
-18593
-10451
-1499
7571
16058
23305
28750
31969
32711
30916
26720
20449
12587
3744
-5391
-14111
-21734
-27666
-31442
-32766
-31533
-27837
-21964
-14372
-5653
3510
12401
20323
26654
30894
32710
31957
28692
23169
15822
7226
-1941
-10958
-19113
-25762
-30378
-32596
-32237
-29328
-24096
-16955
-8469
691
9799
18132
25028
29936
32465
32412
29778
24772
17791
9388
234
-8940
-17404
-24479
-29598
-32350
-32513
-30072
-25219
-18342
-9991
-836
8388
16942
24135
29387
32275
32563
30226
25451
18620
10283
1113
-8148
-16754
-24006
-29316
-32252
-32574
-30254
-25477
-18630
-10266
-1066
8222
16845
24098
29390
32286
32549
30156
25298
18372
9941
695
-8610
-17213
-24407
-29603
-32371
-32482
-29925
-24908
-17841
-9305
0
9307
17850
24924
29942
32491
32356
29546
24293
17028
8351
-1019
-10308
-18745
-25629
-30386
-32621
-32145
-28995
-23432
-15917
-7073
2362
11603
19879
26497
30903
32728
31816
28241
22301
14491
5464
-4023
-13175
-21224
-27492
-31451
-32766
-31324
-27244
-20868
-12732
-3519
5992
15001
22745
28568
31977
32682
30619
25962
19103
10622
1238
-8253
-17047
-24394
-29668
-32420
-32412
-29643
-24347
-16973
-8148
1373
10781
19269
26112
30723
32705
31886
28334
22351
14449
5304
-4298
-13534
-21608
-27826
-31650
-32749
-31026
-26627
-19930
-11510
-2094
7504
16457
23989
29446
32355
32460
29752
24461
17046
8148
-1459
-10942
-19477
-26318
-30870
-32732
-31742
-27983
-21780
-13674
-4371
5316
14541
22496
28484
31977
32669
30495
25645
18541
9807
209
-9410
-18204
-25397
-30356
-32640
-32046
-28625
-22675
-14721
-5464
4278
13645
21806
28038
31787
32719
30748
26047
19032
10324
695
-8997
-17892
-25196
-30256
-32621
-32077
-28669
-22701
-14703
-5389
4409
13816
21989
28193
31872
32694
30582
25725
18555
9715
0
-9718
-18563
-25739
-30598
-32699
-31850
-28126
-21861
-13619
-4144
5708
15047
23026
28920
32194
32549
29951
24631
17073
7961
-1876
-11547
-20168
-26955
-31287
-32766
-31257
-26894
-20073
-11416
-1713
8148
17267
24807
30076
32589
32113
28690
22632
14492
5018
-4919
-14407
-22570
-28657
-32104
-32591
-30072
-24775
-17189
-8012
1907
11653
20323
27113
31393
32763
31094
26539
19519
10683
852
-9060
-18132
-25519
-30530
-32697
-31816
-27965
-21503
-13031
-3339
6667
16052
23938
29584
32459
32292
29097
23169
15065
5543
-4501
-14125
-22423
-28612
-32108
-32578
-29977
-24546
-16798
-7461
2582
12385
21019
27666
31694
32721
30647
25665
18247
9095
-923
-10856
-19760
-26786
-31264
-32766
-31146
-26556
-19431
-10451
-470
9557
18675
26008
30855
32749
31507
27244
20368
11537
1595
-8501
-17784
-25359
-30497
-32702
-31758
-27754
-21074
-12360
-2451
7696
17103
24860
30215
32648
31922
28105
21563
12929
3039
-7147
-16643
-24525
-30025
-32607
-32016
-28309
-21844
-13249
-3359
6859
16412
24364
29939
32588
32050
28377
21924
13322
3413
-6833
-16412
-24382
-29960
-32596
-32028
-28309
-21804
-13150
-3199
7069
16643
24578
30089
32630
31946
28105
21482
12732
2719
-7565
-17103
-24947
-30318
-32680
-31797
-27754
-20951
-12062
-1970
8320
17784
25478
30633
32732
31565
27244
20200
11134
952
-9326
-18675
-26154
-31014
-32765
-31228
-26556
-19215
-9941
333
10578
19760
26955
31436
32749
30759
25665
17979
8475
-1887
-12062
-21019
-27851
-31864
-32650
-30126
-24546
-16475
-6728
3703
13762
22423
28806
32258
32427
29291
23169
14683
4696
-5772
-15653
-23938
-29777
-32571
-32033
-28214
-21503
-12587
-2378
8077
17706
25519
30711
32748
31416
26850
19519
10175
-219
-10594
-19879
-27113
-31549
-32726
-30520
-25157
-17189
-7439
3083
13289
22119
28657
32222
32441
29289
23092
14492
4381
-6187
-16114
-24364
-30076
-32652
-31820
-27666
-20619
-11416
-1017
9491
19008
26537
31287
32757
30792
25595
17709
7961
-2625
-12939
-21894
-28547
-32194
-32451
-29286
-23032
-14346
-4144
6498
16457
24678
30291
32699
31644
27238
19943
10531
0
-10533
-19951
-27251
-31656
-32694
-30254
-24592
-16309
-6286
4409
14637
23305
29487
32519
32077
28203
21312
12137
1660
-8997
-18692
-26385
-31248
-32757
-30748
-25434
-17383
-7461
3266
13645
22556
29038
32390
32248
28625
21909
12824
2351
-8378
-18204
-26061
-31098
-32765
-30880
-25645
-17625
-7689
3083
13524
22496
29023
32393
32235
28565
21780
12618
2077
-8692
-18516
-26318
-31245
-32755
-30681
-25247
-17046
-6975
3863
14280
23132
29446
32527
32033
28015
20915
11510
836
-9932
-19609
-27125
-31650
-32682
-30103
-24198
-15616
-5304
5596
15880
24407
30232
32705
31550
26894
19250
9465
-1373
-12062
-21411
-28379
-32188
-32412
-29022
-22395
-13267
-2656
8253
18244
26197
31222
32754
30619
25054
16679
6433
-4537
-15001
-23783
-29895
-32648
-31731
-27244
-19690
-9916
976
11762
21224
28293
32170
32415
28997
22301
13080
2378
-8595
-18599
-26497
-31393
-32729
-30352
-24528
-15917
-5494
5554
15974
24578
30386
32734
31352
26395
18425
8351
-2679
-13405
-22602
-29217
-32491
-32046
-27932
-20616
-10936
0
10939
20625
27944
32055
32482
29173
22507
13249
2462
-8610
-18692
-26622
-31481
-32707
-30156
-24119
-15293
-4696
6446
16845
25296
30817
32766
30916
25477
17079
6695
-4468
-15115
-24006
-30106
-32702
-31489
-26606
-18620
-8460
2689
13528
22788
29387
32552
31909
27532
19930
9991
-1120
-12103
-21669
-28693
-32350
-32208
-28280
-21025
-11295
-234
10856
20671
28052
32127
32412
28871
21921
12379
1372
-9799
-19815
-27487
-31906
-32545
-29328
-22632
-13249
-2291
8940
19113
27016
31708
32629
29666
23169
13911
2992
-8285
-18577
-26654
-31549
-32677
-29899
-23544
-14372
-3477
7836
18214
26411
31442
32702
30037
23764
14635
3744
-7598
-18030
-26293
-31393
-32711
-30086
-23833
-14703
-3796
7571
18026
26305
31405
32707
30050
23753
14577
3632
-7754
-18204
-26446
-31479
-32688
-29925
-23522
-14256
-3253
8148
18560
26712
31608
32650
29706
23135
13736
2656
-8751
-19090
-27095
-31785
-32581
-29385
-22585
-13013
-1842
9557
19786
27585
31994
32468
28947
21861
12081
809
-10564
-20637
-28166
-32219
-32293
-28377
-20951
-10932
440
11762
21629
28819
32437
32033
27653
19840
9561
-1907
-13142
-22745
-29519
-32621
-31661
-26755
-18514
-7961
3586
14689
23960
30239
32740
31148
25658
16955
6128
-5469
-16384
-25247
-30944
-32759
-30461
-24336
-15151
-4058
7546
18204
26572
31595
32638
29565
22763
13087
1756
-9798
-20118
-27896
-32148
-32332
-28424
-20915
-10754
771
12203
22088
29171
32552
31797
27001
18769
8148
-3511
-14727
-24069
-30346
-32754
-30984
-25260
-16309
-5272
6439
17331
26008
31359
32696
29845
23169
13521
2137
-9523
-19964
-27843
-32146
-32318
-28334
-20703
-10405
1234
12717
22564
29503
32637
31559
26407
17841
6968
-4807
-15965
-25058
-30909
-32757
-30361
-24028
-14577
-3233
8533
19194
27364
31977
32433
28669
21173
10917
-762
-12345
-22321
-29387
-32619
-31592
-26438
-17828
-6884
4961
16161
25247
31028
32744
30168
23635
13998
2522
-9287
-19879
-27860
-32179
-32265
-28105
-20242
-9711
2101
13640
23382
30040
32733
31103
25362
16267
5018
-6896
-17901
-26537
-31659
-32585
-29190
-21921
-11741
0
11743
21929
29201
32589
31641
26480
17791
6728
-5233
-16499
-25566
-31222
-32709
-29826
-22955
-13013
-1327
10537
20994
28641
32450
31909
27088
18630
7668
-4324
-15739
-25041
-30976
-32744
-30105
-23411
-13561
-1880
10055
20637
28436
32397
31982
27244
18822
7852
-4182
-15653
-25007
-30974
-32743
-30072
-23319
-13400
-1660
10308
20879
28612
32455
31881
26966
18377
7282
-4807
-16245
-25468
-31216
-32702
-29720
-22675
-12528
-664
11292
21705
29147
32596
31576
26225
17274
5950
-6193
-17489
-26383
-31650
-32564
-28995
-21433
-10917
1105
12978
23064
29968
32737
30984
24950
15465
3839
-8320
-19330
-27666
-32170
-32217
-27796
-19519
-8531
3643
15314
24860
30951
32739
29972
23032
12884
938
-11141
-21669
-29176
-32613
-31498
-25982
-16835
-5332
6918
18204
26944
31912
32410
28366
20343
9465
-2743
-14569
-24351
-30713
-32759
-30198
-23387
-13283
-1306
10856
21492
29100
32604
31507
25962
16748
5166
-7147
-18454
-27152
-32008
-32332
-28076
-19840
-8789
3510
15314
24947
31038
32720
29752
22551
12140
0
-12143
-22559
-29762
-32723
-31017
-24884
-15198
-3339
8998
20053
28242
32393
31908
26854
17952
6476
-5930
-17489
-26541
-31785
-32465
-28481
-20402
-9388
2978
14918
24714
30951
32730
29790
22554
12062
-172
-12385
-22811
-29942
-32746
-30813
-24421
-14492
-2462
9926
20879
28806
32556
31581
26021
16679
4912
-7571
-18956
-27585
-32200
-32127
-27374
-18630
-7167
5342
17076
26318
31719
32485
28504
20353
9222
-3259
-15267
-25041
-31147
-32687
-29434
-21861
-11077
1334
13553
23783
30517
32764
30189
23169
12736
423
-11953
-22570
-29860
-32743
-30792
-24293
-14202
-2009
10483
21426
29201
32652
31267
25247
15482
3419
-9153
-20369
-28563
-32514
-31633
-26047
-16586
-4654
7973
19415
27967
32350
31910
26709
17520
5712
-6950
-18577
-27428
-32179
-32116
-27244
-18292
-6597
6088
17864
26962
32015
32263
27666
18910
7310
-5391
-17284
-26579
-31872
-32366
-27983
-19380
-7852
4862
16845
26287
31760
32433
28203
19707
8226
-4501
-16550
-26094
-31684
-32472
-28334
-19895
-8434
4310
16402
26003
31651
32486
28377
19946
8475
-4288
-16402
-26016
-31662
-32478
-28334
-19861
-8351
4437
16550
26133
31717
32445
28203
19638
8060
-4756
-16845
-26351
-31812
-32386
-27983
-19276
-7602
5243
17284
26666
31941
32293
27666
18769
6975
-5898
-17864
-27071
-32095
-32157
-27244
-18113
-6176
6719
18577
27557
32265
31968
26709
17302
5205
-7702
-19415
-28111
-32434
-31710
-26047
-16326
-4058
8843
20369
28719
32588
31368
25247
15179
2736
-10137
-21426
-29364
-32705
-30922
-24293
-13853
-1238
11573
22570
30025
32764
30353
23169
12339
-434
-13142
-23783
-30678
-32739
-29638
-21861
-10632
2276
14829
25041
31296
32604
28754
20353
8727
-4282
-16616
-26318
-31849
-32328
-27676
-18630
-6622
6439
18480
27585
32302
31880
26381
16679
4318
-8734
-20396
-28806
-32620
-31227
-24845
-14492
-1820
11144
22329
29942
32763
30335
23047
12062
-859
-13645
-24243
-30951
-32688
-29173
-20967
-9388
3703
16202
26094
31785
32354
27709
18593
6476
-6688
-18775
-27832
-32393
-31718
-25913
-15915
-3339
9779
21317
29402
32723
30737
23764
12933
0
-12935
-23772
-30745
-32720
-29372
-21243
-9654
3510
16105
26077
31798
32332
27590
18342
6096
-7147
-19226
-28162
-32493
-31507
-25362
-15061
-2291
10856
22227
29953
32765
30198
22670
11416
-1716
-14569
-25028
-31370
-32548
-28366
-19509
-7435
5867
18204
27539
32330
31782
25982
15887
3163
-10086
-21669
-29667
-32753
-30413
-23032
-11831
1334
14281
24860
31312
32563
28403
19519
7387
-5976
-18347
-27666
-32377
-31693
-25725
-15465
-2622
10659
22164
29968
32766
30086
22374
10917
-2369
-15261
-25599
-31650
-32396
-27709
-18372
-5950
7473
19643
28516
32596
31195
24546
13765
664
-12550
-23653
-30771
-32702
-29116
-20616
-8634
4807
17440
27128
32230
31881
26137
15968
3092
-10308
-21966
-29901
-32766
-30072
-22272
-10689
2711
15653
25937
31812
32275
27244
17574
4908
-8595
-20637
-29162
-32712
-30681
-23411
-12140
1206
14349
25041
31451
32480
27948
18630
6117
-7445
-19735
-28641
-32634
-31026
-24089
-13013
301
13567
24501
31222
32570
28309
19172
6728
-6876
-19298
-28393
-32589
-31159
-24347
-13326
0
13328
24354
31166
32585
28360
19220
6748
-6896
-19347
-28443
-32604
-31103
-24198
-13087
301
13640
24608
31294
32533
28105
18778
6176
-7504
-19879
-28786
-32669
-30847
-23635
-12290
1206
14493
25247
31583
32389
27520
17828
5008
-8692
-20870
-29387
-32745
-30352
-22624
-10917
2711
15865
26229
31977
32094
26556
16335
3233
-10442
-22277
-30182
-32757
-29546
-21112
-8944
4807
17712
27483
32390
31559
25136
14256
845
-12717
-24026
-31070
-32598
-28334
-19032
-6345
7473
19964
28903
32697
30666
23169
11540
-2148
-15456
-26008
-31918
-32127
-26596
-16309
-3103
10659
22517
30346
32741
29270
20553
8148
-5719
-18563
-28078
-32552
-31179
-24202
-12874
771
14281
25223
31625
32332
27214
17189
4062
-9798
-21894
-30040
-32762
-29565
-21025
-8682
5233
18204
27882
32514
31257
24336
13002
-691
-14262
-25247
-31650
-32307
-27094
-16955
-3732
10171
22227
30239
32747
29289
20494
7961
-6025
-18915
-28356
-32621
-30929
-23586
-11931
1907
15400
26077
31982
32033
26215
15592
2109
-11762
-23479
-30889
-32629
-28377
-18910
-5966
8077
20637
29402
32756
30080
21861
9613
-4409
-17621
-27585
-32459
-31342
-24435
-13013
816
14497
25499
31785
32188
26631
16140
2656
-11322
-23203
-30782
-32650
-28456
-18976
-5969
8148
20755
29503
32763
29925
21514
9095
-5021
-18204
-27995
-32564
-31058
-23753
-12011
1977
15598
26305
32095
31880
25698
14703
952
-12978
-24480
-31393
-32418
-27360
-17165
-3744
10381
22559
30497
32702
28754
19394
6380
-7836
-20580
-29446
-32762
-29899
-21393
-8847
5370
18577
28275
32630
30814
23169
11138
-3003
-16579
-27016
-32334
-31523
-24733
-13249
751
14612
25700
31906
32048
26096
15179
1372
-12698
-24354
-31371
-32412
-27273
-16932
-3359
10856
23003
30758
32638
28280
18514
5205
-9101
-21669
-30089
-32747
-29131
-19930
-6905
7445
20371
29387
32762
29844
21189
8460
-5898
-19125
-28673
-32702
-30433
-22301
-9868
4468
17946
27963
32585
30916
23274
11134
-3159
-16845
-27275
-32428
-31305
-24119
-12260
1977
15833
26622
32247
31615
24845
13249
-923
-14918
-26016
-32055
-31858
-25461
-14105
0
14107
25468
31864
32046
25975
14832
792
-13405
-24986
-31684
-32188
-26395
-15435
-1452
12817
24578
31525
32292
26727
15917
1981
-12345
-24250
-31393
-32366
-26976
-16280
-2378
11993
24006
31293
32415
27148
16527
2644
-11762
-23850
-31230
-32442
-27244
-16660
-2779
11653
23783
31206
32451
27267
16679
2783
-11667
-23806
-31222
-32441
-27217
-16586
-2656
11803
23919
31277
32412
27094
16378
2398
-12062
-24120
-31370
-32361
-26894
-16056
-2009
12441
24407
31496
32285
26615
15616
1488
-12939
-24777
-31650
-32178
-26251
-15055
-836
13553
25223
31826
32033
25797
14372
52
-14280
-25739
-32015
-31841
-25247
-13561
863
15115
26318
32208
31592
24592
12618
-1908
-16052
-26950
-32393
-31276
-23823
-11540
3083
17085
27622
32556
30880
22932
10324
-4384
-18204
-28323
-32682
-30389
-21909
-8965
5807
19399
29038
32755
29790
20744
7461
-7347
-20658
-29748
-32757
-29067
-19428
-5811
8997
21966
30436
32669
28203
17952
4016
-10746
-23305
-31079
-32468
-27184
-16309
-2077
12583
24657
31656
32135
25992
14491
0
-14493
-25999
-32139
-31644
-24613
-12494
2208
16457
27304
32503
30975
23032
10317
-4537
-18454
-28547
-32719
-30103
-21238
-7961
6971
20458
29694
32757
29007
19220
5431
-9491
-22439
-30713
-32587
-27666
-16973
-2736
12073
24364
31568
32177
26060
14492
-108
-14689
-26197
-32222
-31498
-24174
-11781
3083
17304
27896
32634
30520
21996
8847
-6162
-19879
-29416
-32766
-29219
-19519
-5706
9311
22368
30711
32578
27570
16743
2378
-12491
-24723
-31732
-32033
-25558
-13674
1105
15653
26888
32428
31095
23169
10328
-4707
-18745
-28806
-32750
-29736
-20402
-6728
8378
21705
30414
32650
27932
17262
2911
-12062
-24465
-31651
-32083
-25665
-13765
1077
15692
26955
32455
31012
22932
9941
-5180
-19194
-29098
-32765
-29406
-19738
-5832
9326
22486
30817
32526
27244
16102
1495
-13436
-25478
-32035
-31693
-24521
-12062
2999
17416
28078
32680
30226
21243
7668
-7565
-21167
-30192
-32685
-28105
-17438
-2992
12103
24578
31727
31995
25321
13150
-1876
-16499
-27539
-32596
-30567
-21889
-8448
6833
20630
29936
32722
28377
17845
3419
-11753
-24364
-31659
-32040
-25423
-13249
1823
16499
27568
32607
30508
21729
8189
-7147
-20920
-30108
-32693
-28105
-17347
-2779
12401
24860
31856
31850
24838
12360
-2839
-17416
-28160
-32702
-30037
-20749
-6884
8501
22013
30668
32552
27244
15915
1066
-14020
-26008
-32243
-31342
-23500
-10451
4915
19194
29220
32766
29042
18871
4509
-10856
-23813
-31479
-32147
-25665
-13473
1720
16533
27666
32637
30335
21271
7461
-8015
-21705
-30552
-32578
-27327
-15968
-1038
14125
26133
32294
31228
23169
9920
-5554
-19786
-29584
-32748
-28565
-17970
-3339
12043
24723
31849
31816
24627
11897
-3511
-18132
-28673
-32755
-29458
-19519
-5177
10334
23516
31393
32182
25702
13414
-1907
-16800
-27896
-32682
-30072
-20653
-6555
9029
22570
30997
32395
26445
14492
-751
-15827
-27310
-32589
-30461
-21406
-7481
8148
21926
30713
32507
26894
15151
-48
-15238
-26955
-32522
-30664
-21804
-7961
7702
21608
30575
32549
27076
15403
202
-15047
-26852
-32503
-30703
-21861
-8002
7696
21629
30598
32538
27001
15255
0
-15257
-27007
-32541
-30582
-21579
-7602
8129
21989
30779
32468
26664
14703
-655
-15865
-27411
-32621
-30288
-20948
-6758
8997
22672
31098
32318
26047
13736
-1763
-16855
-28038
-32713
-29790
-19946
-5464
10289
23653
31516
32046
25116
12336
-3319
-18204
-28847
-32766
-29042
-18541
-3711
11987
24889
31977
31593
23823
10480
-5316
-19871
-29777
-32711
-27983
-16697
-1495
14059
26318
32404
30885
22114
8148
-7733
-21801
-30745
-32460
-26539
-14372
1180
16457
27860
32699
29832
19930
5325
-10537
-23916
-31650
-31910
-24631
-11530
4298
19113
29409
32747
28334
17210
2009
-13670
-26112
-32365
-30942
-22178
-8148
7817
21929
30833
32412
26285
13907
-1780
-17047
-28259
-32743
-29429
-19103
-4222
11667
24777
31977
31548
23586
9991
-5992
-20546
-30192
-32619
-27244
-15350
219
15739
27492
32660
30001
20149
5464
-10533
-24006
-31719
-31816
-24270
-10892
5106
19879
29873
32681
27625
15917
373
-15261
-27221
-32621
-30156
-20416
-5748
10308
23879
31684
31836
24293
10875
-5173
-19973
-29942
-32665
-27477
-15633
0
15636
27483
32666
29925
19920
5078
-10999
-24407
-31886
-31615
-23656
-9941
6193
20824
30386
32549
26782
14487
-1341
-16845
-28242
-32749
-29262
-18630
-3445
12583
25539
32252
31078
22301
8064
-8148
-22368
-31111
-32231
-25451
-12429
3643
18824
29387
32737
28047
16465
836
-15001
-27152
-32625
-30072
-20115
-5205
10989
24479
31937
31523
23335
9388
-6876
-21447
-30723
-32412
-26092
-13322
2743
18132
29038
32759
28371
16955
1338
-14612
-26944
-32596
-30164
-20247
-5304
10958
24501
31960
31477
23169
9099
-7236
-21774
-30894
-32323
-25702
-12676
3510
18824
29446
32724
27837
16000
166
-15711
-27666
-32707
-29572
-19041
-3744
12491
25602
32304
30916
21780
7184
-9215
-23305
-31551
-31880
-24205
-10451
5930
20824
30486
32483
26311
13518
-2679
-18204
-29147
-32749
-28098
-16364
-502
15488
27574
32702
29574
18976
3583
-12717
-25806
-32371
-30748
-21345
-6538
9926
23879
31785
31636
23467
9346
-7147
-21830
-30974
-32254
-25342
-11991
4409
19692
29968
32623
26976
14462
-1736
-17495
-28798
-32764
-28377
-16752
-852
15267
27492
32699
29554
18857
3339
-13034
-26077
-32450
-30520
-20777
-5712
10817
24578
32042
31291
22515
7961
-8637
-23021
-31496
-31881
-24075
-10079
6509
21426
30833
32307
25463
12062
-4448
-19815
-30076
-32585
-26689
-13907
2465
18204
29244
32732
27762
15616
-569
-16610
-28356
-32765
-28692
-17189
-1231
15047
27428
32699
29490
18630
2932
-13528
-26478
-32552
-30168
-19943
-4530
12062
25519
32337
30737
21133
6022
-10659
-24565
-32068
-31208
-22206
-7407
9326
23628
31760
31593
23169
8686
-8070
-22719
-31423
-31903
-24028
-9858
6896
21846
31070
32147
24790
10926
-5807
-21019
-30711
-32336
-25461
-11891
4807
20244
30356
32478
26047
12755
-3899
-19528
-30012
-32581
-26556
-13521
3083
18877
29687
32654
26991
14192
-2362
-18294
-29387
-32703
-27360
-14769
1736
17784
29119
32734
27666
15255
-1206
-17349
-28887
-32752
-27913
-15652
771
16993
28695
32761
28105
15962
-434
-16717
-28547
-32765
-28244
-16186
193
16523
28443
32766
28334
16326
-48
-16412
-28387
-32766
-28374
-16382
0
0
0
0
0
0
0
0
0
0
0
0
0
0
0
0
0
0
0
0
0
0
0
0
0
0
0
0
0
0
0
0
0
0
0
0
0
0
0
0
0
0
0
0
0
0
0
0
0
0
0
0
0
0
0
0
0
0
0
0
0
0
0
0
0
0
0
0
0
0
0
0
0
0
0
0
0
0
0
0
0
0
0
0
0
0
0
0
0
0
0
0
0
0
0
0
0
0
0
0
0
0
0
0
0
0
0
0
0
0
0
0
0
0
0
0
0
0
0
0
0
0
0
0
0
0
0
0
0
0
0
0
0
0
0
0
0
0
0
0
0
0
0
0
0
0
0
0
0
0
0
0
0
0
0
0
0
0
0
0
0
0
0
0
0
0
0
0
0
0
0
0
0
0
0
0
0
0
0
0
0
0
0
0
0
0
0
0
0
0
0
0
0
0
0
0
0
0
0
0
0
0
0
0
0
0
0
0
0
0
0
0
0
0
0
0
0
0
0
0
0
0
0
0
0
0
0
0
0
0
0
0
0
0
0
0
0
0
0
0
0
0
0
0
0
0
0
0
0
0
0
0
0
0
0
0
0
0
0
0
0
0
0
0
0
0
0
0
0
0
0
0
0
0
0
0
0
0
0
0
0
0
0
0
0
0
0
0
0
0
0
0
0
0
0
0
0
0
0
0
0
0
0
0
0
0
0
0
0
0
0
0
0
0
0
0
0
0
0
0
0
0
0
0
0
0
0
0
0
0
0
0
0
0
0
0
0
0
0
0
0
0
0
0
0
0
0
0
0
0
0
0
0
0
0
0
0
0
0
0
0
0
0
0
0
0
0
0
0
0
0
0
0
0
0
0
0
0
0
0
0
0
0
0
0
0
0
0
0
0
0
0
0
0
0
0
0
0
0
0
0
0
0
0
0
0
0
0
0
0
0
0
0
0
0
0
0
0
0
0
0
0
0
0
0
0
0
0
0
0
0
0
0
0
0
0
0
0
0
0
0
0
0
0
0
0
0
0
0
0
0
0
0
0
0
0
0
0
0
0
0
0
0
0
0
0
0
0
0
0
0
0
0
0
0
0
0
0
0
0
0
0
0
0
0
0
0
0
0
0
0
0
0
0
0
0
0
0
0
0
0
0
0
0
0
0
0
0
0
0
0
0
0
0
0
0
0
0
0
0
0
0
0
0
0
0
0
0
0
0
0
0
0
0
0
0
0
0
0
0
0
0
0
0
0
0
0
0
0
0
0
0
0
0
0
0
0
0
0
0
0
0
0
0
0
0
0
0
0
0
0
0
0
0
0
0
0
0
0
0
0
0
0
0
0
0
0
0
0
0
0
0
0
0
0
0
0
0
0
0
0
0
0
0
0
0
0
0
0
0
0
0
0
0
0
0
0
0
0
0
0
0
0
0
0
0
0
0
0
0
0
0
0
0
0
0
0
0
0
0
0
0
0
0
0
0
0
0
0
0
0
0
0
0
0
0
0
0
0
0
0
0
0
0
0
0
0
0
0
0
0
0
0
0
0
0
0
0
0
0
0
0
0
0
0
0
0
0
0
0
0
0
0
0
0
0
0
0
0
0
0
0
0
0
0
0
0
0
0
0
0
0
0
0
0
0
0
0
0
0
0
0
0
0
0
0
0
0
0
0
0
0
0
0
0
0
0
0
0
0
0
0
0
0
0
0
0
0
0
0
0
0
0
0
0
0
0
0
0
0
0
0
0
0
0
0
0
0
0
0
0
0
0
0
0
0
0
0
0
0
0
0
0
0
0
0
0
0
0
0
0
0
0
0
0
0
0
0
0
0
0
0
0
0
0
0
0
0
0
0
0
0
0
0
0
0
0
0
0
0
0
0
0
0
0
0
0
0
0
0
0
0
0
0
0
0
0
0
0
0
0
0
0
0
0
0
0
0
0
0
0
0
0
0
0
0
0
0
0
0
0
0
0
0
0
0
0
0
0
0
0
0
0
0
0
0
0
0
0
0
0
0
0
0
0
0
0
0
0
0
0
0
0
0
0
0
0
0
0
0
0
0
0
0
0
0
0
0
0
0
0
0
0
0
0
0
0
0
0
0
0
0
0
0
0
0
0
0
0
0
0
0
0
0
0
0
0
0
0
0
0
0
0
0
0
0
0
0
0
0
0
0
0
0
0
0
0
0
0
0
6199
6091
5775
5268
4598
3799
2911
1970
1014
70
-836
-1691
-2485
-3213
-3872
-4458
-4964
-5378
-5683
-5858
-5879
-5721
-5366
-4803
-4032
-3068
-1941
-697
605
1898
3109
4168
5013
5596
5887
5876
5577
5024
4270
3379
2422
1470
588
-170
-768
-1186
-1424
-1497
-1435
-1277
-1065
-843
-647
-507
-444
-465
-569
-746
-982
-1257
-1551
-1844
-2120
-2362
-2557
-2693
-2756
-2733
-2611
-2374
-2011
-1512
-875
-108
771
1728
2716
3676
4540
5235
5692
5854
5678
5149
4277
3106
1707
177
-1366
-2799
-4002
-4868
-5316
-5304
-4829
-3932
-2696
-1240
294
1754
2990
3873
4305
4234
3657
2621
1222
-404
-2100
-3694
-5026
-5956
-6385
-6261
-5588
-4423
-2872
-1079
787
2554
4061
5171
5792
5882
5453
4569
3342
1916
452
-885
-1950
-2626
-2841
-2574
-1856
-768
566
1998
3364
4504
5279
5583
5356
4588
3320
1643
-316
-2403
-4452
-6299
-7799
-8838
-9342
-9281
-8673
-7577
-6086
-4320
-2410
-487
1328
2937
4269
5285
5976
6361
6482
6393
6152
5815
5425
5010
4577
4116
3603
3004
2283
1413
380
-809
-2125
-3511
-4887
-6157
-7217
-7963
-8306
-8181
-7554
-6434
-4871
-2958
-820
1385
3495
5341
6776
7682
7985
7661
6742
5312
3501
1473
-589
-2503
-4100
-5247
-5851
-5878
-5347
-4334
-2959
-1376
244
1736
2948
3765
4120
3996
3431
2510
1359
125
-1037
-1986
-2605
-2819
-2600
-1973
-1013
165
1424
2609
3576
4201
4399
4131
3407
2291
885
-673
-2234
-3645
-4772
-5510
-5797
-5617
-5003
-4030
-2805
-1457
-118
1087
2059
2728
3064
3077
2811
2338
1748
1134
583
163
-83
-144
-36
199
504
809
1050
1175
1151
972
657
248
-194
-602
-909
-1059
-1017
-775
-352
203
821
1418
1906
2205
2253
2016
1491
709
-267
-1352
-2444
-3439
-4240
-4773
-4988
-4870
-4440
-3745
-2859
-1870
-865
72
881
1523
1988
2292
2476
2594
2702
2852
3079
3395
3781
4195
4569
4822
4870
4639
4076
3161
1912
390
-1308
-3053
-4700
-6100
-7120
-7655
-7646
-7082
-6010
-4527
-2773
-917
860
2391
3531
4179
4288
3872
3001
1795
410
-978
-2198
-3096
-3557
-3517
-2969
-1962
-597
982
2614
4128
5369
6209
6565
6404
5744
4651
3231
1614
-57
-1647
-3035
-4133
-4887
-5279
-5329
-5083
-4604
-3966
-3239
-2481
-1734
-1023
-352
287
909
1528
2149
2763
3343
3848
4220
4398
4323
3948
3252
2242
960
-515
-2079
-3600
-4942
-5972
-6578
-6682
-6250
-5301
-3901
-2165
-241
1699
3484
4955
5987
6498
6460
5900
4899
3579
2092
599
-745
-1812
-2509
-2795
-2676
-2209
-1491
-647
189
889
1347
1492
1296
778
2
-933
-1910
-2799
-3482
-3864
-3886
-3532
-2833
-1860
-718
465
1559
2442
3015
3215
3025
2470
1617
570
-545
-1598
-2459
-3021
-3210
-2987
-2361
-1378
-122
1295
2751
4115
5268
6110
6569
6604
6210
5412
4263
2839
1228
-472
-2168
-3766
-5188
-6365
-7244
-7786
-7970
-7786
-7244
-6365
-5188
-3766
-2168
-472
1228
2839
4263
5412
6210
6604
6569
6110
5268
4115
2751
1295
-122
-1378
-2361
-2987
-3210
-3021
-2459
-1598
-545
570
1617
2470
3025
3215
3015
2442
1559
465
-718
-1860
-2833
-3532
-3886
-3864
-3482
-2799
-1910
-933
2
778
1296
1492
1347
889
189
-647
-1491
-2209
-2676
-2795
-2509
-1812
-745
599
2092
3579
4899
5900
6460
6498
5987
4955
3484
1699
-241
-2165
-3901
-5301
-6250
-6682
-6578
-5972
-4942
-3600
-2079
-515
960
2242
3252
3948
4323
4398
4220
3848
3343
2763
2149
1528
909
287
-352
-1023
-1734
-2481
-3239
-3966
-4604
-5083
-5329
-5279
-4887
-4133
-3035
-1647
-57
1614
3231
4651
5744
6404
6565
6209
5369
4128
2614
982
-597
-1962
-2969
-3517
-3557
-3096
-2198
-978
410
1795
3001
3872
4288
4179
3531
2391
860
-917
-2773
-4527
-6010
-7082
-7646
-7655
-7120
-6100
-4700
-3053
-1308
390
1912
3161
4076
4639
4870
4822
4569
4195
3781
3395
3079
2852
2702
2594
2476
2292
1988
1523
881
72
-865
-1870
-2859
-3745
-4440
-4870
-4988
-4773
-4240
-3439
-2444
-1352
-267
709
1491
2016
2253
2205
1906
1418
821
203
-352
-775
-1017
-1059
-909
-602
-194
248
657
972
1151
1175
1050
809
504
199
-36
-144
-83
163
583
1134
1748
2338
2811
3077
3064
2728
2059
1087
-118
-1457
-2805
-4030
-5003
-5617
-5797
-5510
-4772
-3645
-2234
-673
885
2291
3407
4131
4399
4201
3576
2609
1424
165
-1013
-1973
-2600
-2819
-2605
-1986
-1037
125
1359
2510
3431
3996
4120
3765
2948
1736
244
-1376
-2959
-4334
-5347
-5878
-5851
-5247
-4100
-2503
-589
1473
3501
5312
6742
7661
7985
7682
6776
5341
3495
1385
-820
-2958
-4871
-6434
-7554
-8181
-8306
-7963
-7217
-6157
-4887
-3511
-2125
-809
380
1413
2283
3004
3603
4116
4577
5010
5425
5815
6152
6393
6482
6361
5976
5285
4269
2937
1328
-487
-2410
-4320
-6086
-7577
-8673
-9281
-9342
-8838
-7799
-6299
-4452
-2403
-316
1643
3320
4588
5356
5583
5279
4504
3364
1998
566
-768
-1856
-2574
-2841
-2626
-1950
-885
452
1916
3342
4569
5453
5882
5792
5171
4061
2554
787
-1079
-2872
-4423
-5588
-6261
-6385
-5956
-5026
-3694
-2100
-404
1222
2621
3657
4234
4305
3873
2990
1754
294
-1240
-2696
-3932
-4829
-5304
-5316
-4868
-4002
-2799
-1366
177
1707
3106
4277
5149
5678
5854
5692
5235
4540
3676
2716
1728
771
-108
-875
-1512
-2011
-2374
-2611
-2733
-2756
-2693
-2557
-2362
-2120
-1844
-1551
-1257
-982
-746
-569
-465
-444
-507
-647
-843
-1065
-1277
-1435
-1497
-1424
-1186
-768
-170
588
1470
2422
3379
4270
5024
5577
5876
5887
5596
5013
4168
3109
1898
605
-697
-1941
-3068
-4032
-4803
-5366
-5721
-5879
-5858
-5683
-5378
-4964
-4458
-3872
-3213
-2485
-1691
-836
70
1014
1970
2911
3799
4598
5268
5775
6091
0
0
0
0
0
0
0
0
0
0
0
0
0
0
0
0
0
0
0
0
0
0
0
0
0
0
0
0
0
0
0
0
0
0
0
0
0
0
0
0
0
0
0
0
0
0
0
0
0
0
0
0
0
0
0
0
0
0
0
0
0
0
0
0
0
0
0
-2656
-2688
-2772
-2880
-2968
-2985
-2878
-2608
-2147
-1493
-664
295
1322
2344
3279
4055
4613
4914
4946
4722
4280
3678
2983
2265
1585
990
506
133
-149
-381
-614
-898
-1278
-1780
-2407
-3134
-3910
-4659
-5291
-5715
-5843
-5613
-4988
-3975
-2616
-996
767
2538
4170
5526
6491
6983
6969
6462
5522
4252
2784
1265
-158
-1360
-2240
-2743
-2858
-2622
-2111
-1431
-703
-50
422
635
548
164
-473
-1283
-2161
-2986
-3644
-4034
-4088
-3773
-3099
-2117
-912
404
1710
2885
3824
4448
4713
4613
4181
3479
2595
1628
676
-170
-845
-1306
-1539
-1560
-1406
-1130
-794
-456
-165
42
153
168
105
-9
-142
-266
-360
-415
-439
-449
-473
-543
-686
-922
-1252
-1659
-2108
-2543
-2899
-3107
-3101
-2832
-2275
-1432
-341
931
2291
3628
4824
5771
6377
6581
6361
5734
4760
3527
2152
757
-535
-1626
-2440
-2943
-3142
-3079
-2831
-2494
-2170
-1953
-1915
-2094
-2489
-3056
-3715
-4360
-4870
-5126
-5029
-4513
-3558
-2195
-507
1380
3310
5107
6603
7651
8147
8041
7343
6127
4520
2690
827
-877
-2253
-3170
-3555
-3396
-2750
-1732
-500
758
1856
2621
2923
2690
1915
659
-952
-2747
-4523
-6071
-7200
-7759
-7659
-6877
-5466
-3549
-1303
1053
3293
5195
6577
7310
7333
6661
5383
3650
1659
-368
-2211
-3674
-4606
-4916
-4584
-3661
-2262
-552
1272
3007
4460
5474
5942
5818
5120
3929
2376
625
-1139
-2741
-4024
-4872
-5220
-5057
-4427
-3425
-2179
-839
441
1521
2287
2666
2628
2192
1418
402
-737
-1874
-2883
-3660
-4127
-4240
-3993
-3414
-2563
-1521
-382
757
1814
2715
3416
3893
4151
4214
4123
3928
3680
3422
3187
2989
2825
2675
2505
2273
1934
1450
795
-41
-1048
-2190
-3412
-4642
-5796
-6785
-7525
-7944
-7988
-7629
-6868
-5735
-4288
-2610
-800
1031
2772
4319
5583
6500
7028
7159
6912
6331
5482
4448
3315
2172
1099
160
-597
-1148
-1492
-1643
-1635
-1513
-1328
-1128
-956
-846
-816
-870
-999
-1178
-1379
-1565
-1704
-1767
-1734
-1599
-1366
-1053
-687
-303
64
380
616
753
783
711
553
333
82
-165
-378
-532
-609
-600
-508
-343
-124
127
389
644
876
1079
1252
1402
1537
1669
1805
1946
2087
2210
2291
2297
2193
1945
1524
918
129
-819
-1882
-2992
-4067
-5015
-5741
-6159
-6200
-5822
-5015
-3806
-2261
-480
1410
3265
4934
6275
7167
7521
7291
6480
5137
3360
1284
-927
-3099
-5054
-6632
-7701
-8171
-7998
-7189
-5801
-3936
-1731
652
3041
5265
7166
8616
9516
9812
9489
8574
7133
5263
3085
735
-1643
-3911
-5938
-7614
-8850
-9586
-9791
-9466
-8641
-7374
-5750
-3869
-1849
189
2123
3840
5242
6254
6830
6952
6636
5931
4911
3672
2326
986
-237
-1252
-1988
-2403
-2491
-2277
-1816
-1187
-487
186
739
1095
1202
1039
618
-13
-786
-1606
-2372
-2985
-3358
-3432
-3174
-2590
-1721
-641
552
1747
2827
3685
4237
4427
4237
3685
2827
1747
552
-641
-1721
-2590
-3174
-3432
-3358
-2985
-2372
-1606
-786
-13
618
1039
1202
1095
739
186
-487
-1187
-1816
-2277
-2491
-2403
-1988
-1252
-237
986
2326
3672
4911
5931
6636
6952
6830
6254
5242
3840
2123
189
-1849
-3869
-5750
-7374
-8641
-9466
-9791
-9586
-8850
-7614
-5938
-3911
-1643
735
3085
5263
7133
8574
9489
9812
9516
8616
7166
5265
3041
652
-1731
-3936
-5801
-7189
-7998
-8171
-7701
-6632
-5054
-3099
-927
1284
3360
5137
6480
7291
7521
7167
6275
4934
3265
1410
-480
-2261
-3806
-5015
-5822
-6200
-6159
-5741
-5015
-4067
-2992
-1882
-819
129
918
1524
1945
2193
2297
2291
2210
2087
1946
1805
1669
1537
1402
1252
1079
876
644
389
127
-124
-343
-508
-600
-609
-532
-378
-165
82
333
553
711
783
753
616
380
64
-303
-687
-1053
-1366
-1599
-1734
-1767
-1704
-1565
-1379
-1178
-999
-870
-816
-846
-956
-1128
-1328
-1513
-1635
-1643
-1492
-1148
-597
160
1099
2172
3315
4448
5482
6331
6912
7159
7028
6500
5583
4319
2772
1031
-800
-2610
-4288
-5735
-6868
-7629
-7988
-7944
-7525
-6785
-5796
-4642
-3412
-2190
-1048
-41
795
1450
1934
2273
2505
2675
2825
2989
3187
3422
3680
3928
4123
4214
4151
3893
3416
2715
1814
757
-382
-1521
-2563
-3414
-3993
-4240
-4127
-3660
-2883
-1874
-737
402
1418
2192
2628
2666
2287
1521
441
-839
-2179
-3425
-4427
-5057
-5220
-4872
-4024
-2741
-1139
625
2376
3929
5120
5818
5942
5474
4460
3007
1272
-552
-2262
-3661
-4584
-4916
-4606
-3674
-2211
-368
1659
3650
5383
6661
7333
7310
6577
5195
3293
1053
-1303
-3549
-5466
-6877
-7659
-7759
-7200
-6071
-4523
-2747
-952
659
1915
2690
2923
2621
1856
758
-500
-1732
-2750
-3396
-3555
-3170
-2253
-877
827
2690
4520
6127
7343
8041
8147
7651
6603
5107
3310
1380
-507
-2195
-3558
-4513
-5029
-5126
-4870
-4360
-3715
-3056
-2489
-2094
-1915
-1953
-2170
-2494
-2831
-3079
-3142
-2943
-2440
-1626
-535
757
2152
3527
4760
5734
6361
6581
6377
5771
4824
3628
2291
931
-341
-1432
-2275
-2832
-3101
-3107
-2899
-2543
-2108
-1659
-1252
-922
-686
-543
-473
-449
-439
-415
-360
-266
-142
-9
105
168
153
42
-165
-456
-794
-1130
-1406
-1560
-1539
-1306
-845
-170
676
1628
2595
3479
4181
4613
4713
4448
3824
2885
1710
404
-912
-2117
-3099
-3773
-4088
-4034
-3644
-2986
-2161
-1283
-473
164
548
635
422
-50
-703
-1431
-2111
-2622
-2858
-2743
-2240
-1360
-158
1265
2784
4252
5522
6462
6969
6983
6491
5526
4170
2538
767
-996
-2616
-3975
-4988
-5613
-5843
-5715
-5291
-4659
-3910
-3134
-2407
-1780
-1278
-898
-614
-381
-149
133
506
990
1585
2265
2983
3678
4280
4722
4946
4914
4613
4055
3279
2344
1322
295
-664
-1493
-2147
-2608
-2878
-2985
-2968
-2880
-2772
-2688
0
0
0
0
0
0
0
0
0
0
0
0
0
0
0
0
0
0
0
0
0
0
0
0
0
0
0
0
0
0
0
0
0
0
0
0
0
0
0
0
0
0
0
0
0
0
0
0
0
0
0
0
0
0
0
0
0
0
0
0
0
0
0
0
0
0
0
-2656
-2404
-1677
-567
787
2217
3541
4588
5216
5332
4901
3947
2556
859
-976
-2775
-4362
-5594
-6365
-6623
-6371
-5664
-4601
-3310
-1934
-609
547
1452
2060
2372
2423
2279
2025
1746
1517
1391
1391
1505
1693
1891
2024
2016
1808
1370
703
-151
-1114
-2082
-2931
-3541
-3805
-3651
-3049
-2024
-653
937
2589
4118
5346
6113
6301
5849
4763
3115
1040
-1273
-3610
-5743
-7461
-8590
-9013
-8681
-7621
-5930
-3767
-1335
1140
3434
5346
6722
7463
7541
6993
5916
4456
2789
1097
-446
-1700
-2566
-2995
-2997
-2626
-1979
-1177
-350
378
907
1169
1135
818
268
-436
-1199
-1919
-2501
-2870
-2980
-2813
-2385
-1741
-945
-75
788
1571
2215
2681
2952
3032
2943
2719
2401
2027
1629
1230
838
453
64
-342
-780
-1255
-1763
-2288
-2799
-3257
-3614
-3821
-3837
-3629
-3185
-2512
-1638
-613
498
1621
2676
3591
4305
4773
4975
4910
4598
4077
3395
2605
1757
895
51
-752
-1507
-2213
-2874
-3489
-4054
-4554
-4959
-5232
-5322
-5179
-4758
-4026
-2972
-1615
-5
1773
3607
5363
6895
8059
8731
8819
8273
7098
5354
3155
659
-1938
-4429
-6607
-8289
-9332
-9646
-9209
-8063
-6313
-4121
-1684
782
3063
4967
6344
7096
7191
6658
5588
4118
2417
671
-941
-2267
-3191
-3645
-3617
-3150
-2330
-1280
-142
938
1830
2428
2666
2525
2027
1239
261
-786
-1779
-2597
-3143
-3352
-3198
-2697
-1904
-907
181
1241
2150
2805
3130
3081
2656
1894
869
-315
-1538
-2670
-3589
-4192
-4403
-4185
-3538
-2505
-1166
371
1979
3519
4860
5882
6497
6647
6314
5521
4329
2833
1150
-586
-2242
-3690
-4825
-5566
-5872
-5734
-5185
-4288
-3136
-1840
-518
711
1745
2501
2922
2987
2704
2115
1287
306
-731
-1728
-2592
-3247
-3639
-3737
-3534
-3050
-2323
-1408
-367
733
1828
2864
3793
4584
5212
5667
5943
6039
5956
5692
5246
4613
3790
2777
1583
227
-1259
-2828
-4415
-5943
-7324
-8471
-9298
-9735
-9732
-9266
-8347
-7018
-5354
-3456
-1446
547
2400
4001
5264
6136
6600
6679
6428
5932
5290
4607
3979
3484
3170
3052
3106
3278
3485
3631
3615
3348
2765
1835
566
-988
-2738
-4558
-6306
-7830
-8992
-9675
-9804
-9348
-8330
-6823
-4942
-2839
-682
1357
3127
4499
5391
5769
5650
5101
4225
3155
2035
1004
184
-338
-514
-342
138
848
1681
2517
3234
3725
3907
3734
3199
2335
1211
-74
-1407
-2667
-3742
-4541
-4998
-5084
-4807
-4205
-3350
-2329
-1245
-196
728
1456
1943
2167
2139
1889
1469
941
373
-171
-639
-991
-1203
-1270
-1202
-1023
-763
-458
-141
159
423
637
798
913
989
1041
1080
1116
1153
1192
1226
1246
1240
1197
1107
966
774
540
277
2
-263
-499
-687
-814
-874
-869
-809
-711
-597
-494
-426
-415
-477
-619
-838
-1122
-1447
-1785
-2098
-2350
-2506
-2533
-2410
-2126
-1680
-1087
-373
425
1262
2089
2853
3507
4007
4320
4427
4320
4007
3507
2853
2089
1262
425
-373
-1087
-1680
-2126
-2410
-2533
-2506
-2350
-2098
-1785
-1447
-1122
-838
-619
-477
-415
-426
-494
-597
-711
-809
-869
-874
-814
-687
-499
-263
2
277
540
774
966
1107
1197
1240
1246
1226
1192
1153
1116
1080
1041
989
913
798
637
423
159
-141
-458
-763
-1023
-1202
-1270
-1203
-991
-639
-171
373
941
1469
1889
2139
2167
1943
1456
728
-196
-1245
-2329
-3350
-4205
-4807
-5084
-4998
-4541
-3742
-2667
-1407
-74
1211
2335
3199
3734
3907
3725
3234
2517
1681
848
138
-342
-514
-338
184
1004
2035
3155
4225
5101
5650
5769
5391
4499
3127
1357
-682
-2839
-4942
-6823
-8330
-9348
-9804
-9675
-8992
-7830
-6306
-4558
-2738
-988
566
1835
2765
3348
3615
3631
3485
3278
3106
3052
3170
3484
3979
4607
5290
5932
6428
6679
6600
6136
5264
4001
2400
547
-1446
-3456
-5354
-7018
-8347
-9266
-9732
-9735
-9298
-8471
-7324
-5943
-4415
-2828
-1259
227
1583
2777
3790
4613
5246
5692
5956
6039
5943
5667
5212
4584
3793
2864
1828
733
-367
-1408
-2323
-3050
-3534
-3737
-3639
-3247
-2592
-1728
-731
306
1287
2115
2704
2987
2922
2501
1745
711
-518
-1840
-3136
-4288
-5185
-5734
-5872
-5566
-4825
-3690
-2242
-586
1150
2833
4329
5521
6314
6647
6497
5882
4860
3519
1979
371
-1166
-2505
-3538
-4185
-4403
-4192
-3589
-2670
-1538
-315
869
1894
2656
3081
3130
2805
2150
1241
181
-907
-1904
-2697
-3198
-3352
-3143
-2597
-1779
-786
261
1239
2027
2525
2666
2428
1830
938
-142
-1280
-2330
-3150
-3617
-3645
-3191
-2267
-941
671
2417
4118
5588
6658
7191
7096
6344
4967
3063
782
-1684
-4121
-6313
-8063
-9209
-9646
-9332
-8289
-6607
-4429
-1938
659
3155
5354
7098
8273
8819
8731
8059
6895
5363
3607
1773
-5
-1615
-2972
-4026
-4758
-5179
-5322
-5232
-4959
-4554
-4054
-3489
-2874
-2213
-1507
-752
51
895
1757
2605
3395
4077
4598
4910
4975
4773
4305
3591
2676
1621
498
-613
-1638
-2512
-3185
-3629
-3837
-3821
-3614
-3257
-2799
-2288
-1763
-1255
-780
-342
64
453
838
1230
1629
2027
2401
2719
2943
3032
2952
2681
2215
1571
788
-75
-945
-1741
-2385
-2813
-2980
-2870
-2501
-1919
-1199
-436
268
818
1135
1169
907
378
-350
-1177
-1979
-2626
-2997
-2995
-2566
-1700
-446
1097
2789
4456
5916
6993
7541
7463
6722
5346
3434
1140
-1335
-3767
-5930
-7621
-8681
-9013
-8590
-7461
-5743
-3610
-1273
1040
3115
4763
5849
6301
6113
5346
4118
2589
937
-653
-2024
-3049
-3651
-3805
-3541
-2931
-2082
-1114
-151
703
1370
1808
2016
2024
1891
1693
1505
1391
1391
1517
1746
2025
2279
2423
2372
2060
1452
547
-609
-1934
-3310
-4601
-5664
-6371
-6623
-6365
-5594
-4362
-2775
-976
859
2556
3947
4901
5332
5216
4588
3541
2217
787
-567
-1677
-2404
0
0
0
0
0
0
0
0
0
0
0
0
0
0
0
0
0
0
0
0
0
0
0
0
0
0
0
0
0
0
0
0
0
0
0
0
0
0
0
0
0
0
0
0
0
0
0
0
0
0
0
0
0
0
0
0
0
0
0
0
0
0
0
0
0
0
0
