0
4278
8485
12550
16402
19973
23203
26035
28419
30314
31684
32507
32766
32456
31581
30156
28203
25758
22860
19561
15917
11991
7852
3573
-771
-5106
-9352
-13436
-17284
-20829
-24006
-26759
-29038
-30801
-32015
-32660
-32720
-32196
-31094
-29434
-27244
-24563
-21439
-17925
-14087
-9991
-5712
-1327
3083
7441
11667
15683
19415
22796
25762
28259
30239
31667
32514
32764
32412
31462
29931
27847
25247
22178
18696
14865
10755
6443
2009
-2465
-6896
-11201
-15299
-19113
-22570
-25606
-28162
-30190
-31650
-32514
-32764
-32394
-31411
-29832
-27686
-25012
-21861
-18292
-14372
-10175
-5781
-1274
3259
7733
12062
16161
19951
23359
26318
28771
30668
31973
32659
32711
32127
30919
29107
26727
23823
20452
16679
12577
8226
3711
-879
-5455
-9926
-14204
-18204
-21846
-25058
-27775
-29942
-31516
-32464
-32766
-32415
-31417
-29790
-27567
-24790
-21514
-17805
-13736
-9388
-4849
-209
4437
8997
13377
17489
21248
24578
27411
29687
31359
32393
32765
32468
31507
29899
27676
24884
21579
17828
13707
9301
4700
0
-4703
-9311
-13729
-17864
-21629
-24947
-27746
-29968
-31566
-32503
-32761
-32332
-31225
-29460
-27076
-24119
-20653
-16748
-12488
-7961
-3263
1506
6246
10856
15238
19298
22949
26112
28719
30713
32051
32702
32651
31900
30461
28366
25658
22395
18646
14492
10022
5332
524
-4298
-9029
-13567
-17811
-21669
-25055
-27896
-30127
-31699
-32577
-32739
-32182
-30916
-28967
-26379
-23206
-19519
-15397
-10932
-6222
-1372
3511
8320
12945
17284
21240
24723
27655
29968
31611
32545
32748
32214
30954
28995
26381
23169
19431
15252
10724
5950
1038
-3899
-8751
-13405
-17757
-21705
-25159
-28038
-30277
-31822
-32637
-32702
-32014
-30588
-28456
-25665
-22280
-18377
-14047
-9388
-4509
477
5455
10308
14924
19194
23018
26305
28979
30974
32243
32756
32498
31476
29711
27244
24133
20449
16280
11722
6884
1880
-3170
-8148
-12935
-17416
-21484
-25041
-28000
-30291
-31856
-32659
-32677
-31909
-30373
-28105
-25157
-21600
-17520
-13013
-8189
-3163
1941
7001
11893
16499
20705
24407
27516
29953
31659
32589
32721
32049
30590
28377
25463
21921
17836
13307
8448
3377
-1780
-6896
-11843
-16499
-20746
-24479
-27603
-30040
-31727
-32621
-32699
-31957
-30413
-28105
-25088
-21439
-17247
-12618
-7668
-2522
2689
7836
12787
17416
21605
25247
28248
30530
32035
32723
32574
31592
29801
27244
23987
20112
15718
10917
5832
595
-4660
-9798
-14685
-19194
-23208
-26622
-29345
-31307
-32455
-32757
-32206
-30813
-28614
-25665
-22043
-17841
-13169
-8148
-2911
2405
7661
12717
17440
21705
25397
28419
30689
32146
32750
32483
31352
29385
26633
23169
19084
14487
9500
4255
-1105
-6439
-11603
-16457
-20870
-24723
-27911
-30346
-31961
-32712
-32578
-31559
-29684
-27001
-23582
-19519
-14922
-9916
-4636
771
6162
11386
16301
20770
24671
27896
30354
31977
32719
32558
31498
29565
26813
23317
19172
14492
9407
4058
-1405
-6833
-12073
-16978
-21411
-25247
-28377
-30713
-32188
-32760
-32410
-31148
-29007
-26047
-22351
-18021
-13179
-7961
-2516
3003
8440
13640
18454
22745
26389
29282
31340
32503
32737
32033
30409
27913
24613
20604
16000
10932
5547
0
-5550
-10942
-16021
-20637
-24657
-27963
-30458
-32068
-32745
-32468
-31244
-29107
-26118
-22364
-17952
-13013
-7689
-2137
3479
8997
14252
19090
23367
26955
29748
31662
32640
32650
31691
29790
27003
23411
19119
14256
8965
3403
-2262
-7862
-13230
-18204
-22633
-26385
-29345
-31423
-32556
-32707
-31871
-30072
-27362
-23823
-19561
-14703
-9397
-3803
1908
7565
12994
18030
22517
26318
29316
31419
32559
32702
31841
30001
27238
23635
19302
14372
8996
3339
-2422
-8112
-13553
-18577
-23026
-26761
-29667
-31650
-32648
-32629
-31591
-29565
-26615
-22829
-18327
-13249
-7752
-2009
3799
9491
14886
19815
24120
27666
30338
32052
32751
32412
31044
28690
25423
21345
16586
11295
5642
-193
-6025
-11667
-16938
-21669
-25706
-28920
-31206
-32489
-32726
-31909
-30063
-27244
-23544
-19081
-13998
-8460
-2644
3259
9060
14569
19606
24006
27626
30346
32075
32756
32366
30916
28451
25051
20827
15917
10480
4696
-1244
-7147
-12817
-18065
-22719
-26622
-29644
-31684
-32674
-32578
-31398
-29173
-25975
-21909
-17110
-11737
-5969
0
5972
11747
17130
21941
26016
29217
31436
32596
32657
31615
29504
26395
22390
17625
12260
6476
470
-5554
-11392
-16845
-21726
-25867
-29127
-31393
-32585
-32662
-31619
-29491
-26349
-22301
-17483
-12062
-6222
-166
5898
11762
17222
22088
26191
29387
31566
32648
32597
31411
29131
25835
21636
16679
11138
5205
-912
-7001
-12847
-18244
-23003
-26955
-29960
-31912
-32739
-32412
-30940
-28374
-24803
-20353
-15179
-9465
-3413
2763
8843
14612
19863
24407
28083
30758
32334
32755
32003
30103
27124
23169
18381
12929
7010
836
-5370
-11386
-16993
-21989
-26191
-29446
-31636
-32680
-32538
-31214
-28754
-25247
-20819
-15630
-9868
-3744
2518
8692
14551
19879
24480
28184
30855
32393
32739
31880
29845
26709
22585
17625
12011
5950
-333
-6607
-12639
-18204
-23094
-27128
-30152
-32055
-32763
-32248
-30528
-27666
-23767
-18976
-13473
-7461
-1167
5173
11322
17047
22132
26385
29644
31785
32724
32427
30901
28203
24435
19738
14288
8294
1981
-4409
-10635
-16457
-21654
-26025
-29402
-31656
-32697
-32485
-31027
-28377
-24634
-19943
-14481
-8460
-2109
4324
10594
16457
21686
26077
29459
31699
32710
32451
30929
28203
24378
19601
14056
7961
1552
-4919
-11201
-17047
-22227
-26537
-29806
-31906
-32751
-32307
-30590
-27666
-23648
-18696
-13002
-6791
-309
6187
12441
18204
23246
27366
30398
32222
32762
31995
29951
26709
22398
17189
11289
4935
-1619
-8112
-14281
-19879
-24678
-28486
-31147
-32552
-32643
-31416
-28917
-25247
-20553
-15023
-8882
-2378
4225
10659
16662
21989
26421
29777
31918
32756
32254
30432
27362
23169
18024
12137
5748
-879
-7473
-13762
-19485
-24407
-28323
-31070
-32533
-32650
-31414
-28875
-25136
-20353
-14721
-8475
-1874
4807
11292
17307
22602
26955
30182
32146
32765
32010
29911
26556
22083
16679
10571
4016
-2711
-9326
-15551
-21121
-25799
-29387
-31732
-32732
-32344
-30582
-27520
-23286
-18060
-12062
-5547
1206
7911
14280
20041
24947
28786
31393
32653
32513
30975
28105
24024
18906
12972
6476
-301
-7069
-13534
-19415
-24458
-28443
-31196
-32596
-32580
-31148
-28360
-24336
-19250
-13322
-6811
0
6813
13332
19269
24364
28393
31178
32594
32578
31129
28309
24241
19103
13120
6555
-301
-7147
-13680
-19609
-24671
-28641
-31340
-32648
-32505
-30916
-27948
-23735
-18460
-12360
-5706
1206
8067
14569
20421
25359
29162
31656
32728
32328
30473
27244
22786
17298
11027
4255
-2711
-9557
-15974
-21669
-26383
-29901
-32062
-32766
-31979
-29736
-26137
-21345
-15577
-9095
-2195
4807
11593
17850
23291
27666
30771
32464
32665
31362
28614
24546
19345
13249
6538
-477
-7473
-14125
-20126
-25196
-29098
-31650
-32732
-32292
-30349
-26991
-22374
-16712
-10266
-3339
3746
10659
17076
22694
27251
30530
32377
32702
31489
28793
24740
19519
13375
6597
-494
-7565
-14281
-20323
-25404
-29282
-31772
-32753
-32178
-30072
-26533
-21729
-15887
-9285
-2238
4919
11843
18204
23695
28052
31066
32589
32548
30942
27847
23411
17845
11416
4435
-2763
-9830
-16425
-22227
-26955
-30378
-32330
-32713
-31507
-28769
-24631
-19293
-13013
-6096
1120
8285
15047
21076
26077
29802
32068
32763
31850
29372
25451
20276
14101
7230
0
-7232
-14111
-20295
-25478
-29402
-31872
-32764
-32033
-29711
-25913
-20827
-14703
-7845
-595
6688
13640
19914
25196
29220
31785
32759
32093
29819
26047
20967
14832
7950
664
-6656
-13645
-19948
-25247
-29273
-31822
-32763
-32046
-29706
-25861
-20703
-14492
-7543
-209
7138
14125
20396
25629
29557
31977
32766
31880
29363
25342
20022
13674
6622
-771
-8129
-15071
-21240
-26318
-30042
-32219
-32734
-31559
-28754
-24461
-18901
-12360
-5177
2276
9615
16457
22447
27271
30678
32489
32608
31026
27825
23169
17302
10527
3199
-4298
-11573
-18244
-23960
-28419
-31387
-32705
-32302
-30198
-26501
-21406
-15179
-8148
-684
6817
13962
20369
25700
29668
32064
32757
31710
28975
24698
19103
12488
5205
-2358
-9798
-16717
-22745
-27557
-30894
-32577
-32513
-30703
-27244
-22319
-16192
-9191
-1693
5898
13175
19743
25247
29388
31941
32765
31816
29141
24884
19276
12618
5272
-2362
-9871
-16845
-22903
-27714
-31014
-32621
-32445
-30495
-26875
-21781
-15492
-8351
-749
6896
14165
20658
26016
29942
32220
32721
31417
28377
23767
17841
10926
3403
-4310
-11787
-18613
-24407
-28847
-31684
-32759
-32010
-29476
-25298
-19707
-13013
-5590
2148
9769
16845
22980
27828
31116
32659
32366
30254
26438
21133
14635
7310
-430
-8148
-15409
-21801
-26962
-30598
-32502
-32563
-30778
-27244
-22162
-15818
-8572
-836
6950
14343
20920
26305
30190
32350
32661
31103
27762
22829
16586
9388
1649
-6187
-13670
-20369
-25898
-29936
-32249
-32702
-31267
-28024
-23161
-16955
-9766
-2009
5867
13405
20168
25762
29860
32222
32709
31291
28049
23169
16936
9711
1916
-5992
-13553
-20323
-25904
-29968
-32275
-32687
-31179
-27837
-22855
-16527
-9222
-1372
6562
14111
20829
26318
30252
32397
32623
30916
27374
22206
15718
8294
373
-7571
-15067
-21669
-26980
-30683
-32556
-32483
-30469
-26631
-21197
-14492
-6916
1077
9009
16402
22811
27851
31216
32702
32218
29790
25564
19793
12824
5078
-2978
-10856
-18080
-24210
-28873
-31785
-32766
-31757
-28816
-24119
-17952
-10689
-2772
5316
13083
20053
25799
29968
32304
32662
31017
27469
22233
15630
8064
0
-8067
-15639
-22251
-27492
-31038
-32669
-32282
-29899
-25665
-19840
-12785
-4935
3223
11185
18454
24578
29176
31960
32754
31507
28295
23317
16881
9388
1306
-6859
-14599
-21426
-26913
-30713
-32587
-32415
-30206
-26096
-20343
-13307
-5431
2789
10837
18204
24423
29100
31937
32755
31498
28244
23199
16679
9099
938
-7285
-15047
-21854
-27271
-30951
-32659
-32282
-29844
-25497
-19519
-12290
-4271
4023
12062
19330
25359
29762
32252
32670
30984
27303
21861
15008
7184
-1105
-9326
-16947
-23474
-28484
-31650
-32766
-31757
-28687
-23753
-17274
-9670
-1435
6896
14781
21705
27215
30951
32666
32248
29720
25247
19119
11737
3583
-4807
-12886
-20121
-26035
-30239
-32455
-32534
-30469
-26395
-20578
-13400
-5336
3083
11302
18775
25007
29584
32200
32681
30992
27244
21684
14679
6695
-1736
-10055
-17706
-24178
-29038
-31959
-32744
-31340
-27837
-22468
-15592
-7668
771
9163
16942
23583
28641
31772
32764
31548
28203
22955
16155
8261
-193
-8637
-16499
-23246
-28419
-31667
-32766
-31641
-28366
-23161
-16378
-8479
0
8482
16388
23178
28387
31659
32766
31633
28334
23092
16267
8323
-193
-8699
-16610
-23382
-28547
-31748
-32764
-31521
-28105
-22748
-15818
-7793
771
9287
17161
23850
28887
31923
32744
31292
27666
22114
15023
6884
-1736
-10238
-18030
-24565
-29387
-32158
-32681
-30919
-26991
-21173
-13868
-5590
3083
11543
19194
25499
30012
32414
32534
30361
26047
19895
12336
3903
-4807
-13181
-20625
-26610
-30711
-32637
-32248
-29569
-24790
-18247
-10405
-1820
6896
15124
22277
27843
31423
32760
31757
28483
23169
16196
8060
-655
-9326
-17331
-24094
-29127
-32068
-32703
-30984
-27033
-21133
-13707
-5289
3511
12062
19743
25999
30374
32552
32371
29844
25150
18630
10754
2094
-6719
-15047
-22282
-27896
-31478
-32765
-31661
-28244
-22763
-15616
-7324
1506
10228
18204
24847
29668
32313
32585
30461
26096
19809
12062
3423
-5469
-13962
-21426
-27310
-31178
-32740
-31881
-28661
-23317
-16242
-7961
912
9721
17811
24578
29519
32265
32608
30520
26157
19840
12041
3339
-5613
-14150
-21629
-27492
-31296
-32755
-31758
-28377
-22863
-15630
-7219
1736
10564
18599
25234
29968
32443
32468
30041
25342
18725
10689
1842
-7147
-15598
-22868
-28404
-31785
-32751
-31227
-27327
-21345
-13736
-5078
3969
12717
20496
26712
30887
32702
32014
28875
23522
16364
7950
-1077
-10024
-18204
-24986
-29848
-32414
-32483
-30050
-25298
-18593
-10451
-1499
7571
16058
23305
28750
31969
32711
30916
26720
20449
12587
3744
-5391
-14111
-21734
-27666
-31442
-32766
-31533
-27837
-21964
-14372
-5653
3510
12401
20323
26654
30894
32710
31957
28692
23169
15822
7226
-1941
-10958
-19113
-25762
-30378
-32596
-32237
-29328
-24096
-16955
-8469
691
9799
18132
25028
29936
32465
32412
29778
24772
17791
9388
234
-8940
-17404
-24479
-29598
-32350
-32513
-30072
-25219
-18342
-9991
-836
8388
16942
24135
29387
32275
32563
30226
25451
18620
10283
1113
-8148
-16754
-24006
-29316
-32252
-32574
-30254
-25477
-18630
-10266
-1066
8222
16845
24098
29390
32286
32549
30156
25298
18372
9941
695
-8610
-17213
-24407
-29603
-32371
-32482
-29925
-24908
-17841
-9305
0
9307
17850
24924
29942
32491
32356
29546
24293
17028
8351
-1019
-10308
-18745
-25629
-30386
-32621
-32145
-28995
-23432
-15917
-7073
2362
11603
19879
26497
30903
32728
31816
28241
22301
14491
5464
-4023
-13175
-21224
-27492
-31451
-32766
-31324
-27244
-20868
-12732
-3519
5992
15001
22745
28568
31977
32682
30619
25962
19103
10622
1238
-8253
-17047
-24394
-29668
-32420
-32412
-29643
-24347
-16973
-8148
1373
10781
19269
26112
30723
32705
31886
28334
22351
14449
5304
-4298
-13534
-21608
-27826
-31650
-32749
-31026
-26627
-19930
-11510
-2094
7504
16457
23989
29446
32355
32460
29752
24461
17046
8148
-1459
-10942
-19477
-26318
-30870
-32732
-31742
-27983
-21780
-13674
-4371
5316
14541
22496
28484
31977
32669
30495
25645
18541
9807
209
-9410
-18204
-25397
-30356
-32640
-32046
-28625
-22675
-14721
-5464
4278
13645
21806
28038
31787
32719
30748
26047
19032
10324
695
-8997
-17892
-25196
-30256
-32621
-32077
-28669
-22701
-14703
-5389
4409
13816
21989
28193
31872
32694
30582
25725
18555
9715
0
-9718
-18563
-25739
-30598
-32699
-31850
-28126
-21861
-13619
-4144
5708
15047
23026
28920
32194
32549
29951
24631
17073
7961
-1876
-11547
-20168
-26955
-31287
-32766
-31257
-26894
-20073
-11416
-1713
8148
17267
24807
30076
32589
32113
28690
22632
14492
5018
-4919
-14407
-22570
-28657
-32104
-32591
-30072
-24775
-17189
-8012
1907
11653
20323
27113
31393
32763
31094
26539
19519
10683
852
-9060
-18132
-25519
-30530
-32697
-31816
-27965
-21503
-13031
-3339
6667
16052
23938
29584
32459
32292
29097
23169
15065
5543
-4501
-14125
-22423
-28612
-32108
-32578
-29977
-24546
-16798
-7461
2582
12385
21019
27666
31694
32721
30647
25665
18247
9095
-923
-10856
-19760
-26786
-31264
-32766
-31146
-26556
-19431
-10451
-470
9557
18675
26008
30855
32749
31507
27244
20368
11537
1595
-8501
-17784
-25359
-30497
-32702
-31758
-27754
-21074
-12360
-2451
7696
17103
24860
30215
32648
31922
28105
21563
12929
3039
-7147
-16643
-24525
-30025
-32607
-32016
-28309
-21844
-13249
-3359
6859
16412
24364
29939
32588
32050
28377
21924
13322
3413
-6833
-16412
-24382
-29960
-32596
-32028
-28309
-21804
-13150
-3199
7069
16643
24578
30089
32630
31946
28105
21482
12732
2719
-7565
-17103
-24947
-30318
-32680
-31797
-27754
-20951
-12062
-1970
8320
17784
25478
30633
32732
31565
27244
20200
11134
952
-9326
-18675
-26154
-31014
-32765
-31228
-26556
-19215
-9941
333
10578
19760
26955
31436
32749
30759
25665
17979
8475
-1887
-12062
-21019
-27851
-31864
-32650
-30126
-24546
-16475
-6728
3703
13762
22423
28806
32258
32427
29291
23169
14683
4696
-5772
-15653
-23938
-29777
-32571
-32033
-28214
-21503
-12587
-2378
8077
17706
25519
30711
32748
31416
26850
19519
10175
-219
-10594
-19879
-27113
-31549
-32726
-30520
-25157
-17189
-7439
3083
13289
22119
28657
32222
32441
29289
23092
14492
4381
-6187
-16114
-24364
-30076
-32652
-31820
-27666
-20619
-11416
-1017
9491
19008
26537
31287
32757
30792
25595
17709
7961
-2625
-12939
-21894
-28547
-32194
-32451
-29286
-23032
-14346
-4144
6498
16457
24678
30291
32699
31644
27238
19943
10531
0
-10533
-19951
-27251
-31656
-32694
-30254
-24592
-16309
-6286
4409
14637
23305
29487
32519
32077
28203
21312
12137
1660
-8997
-18692
-26385
-31248
-32757
-30748
-25434
-17383
-7461
3266
13645
22556
29038
32390
32248
28625
21909
12824
2351
-8378
-18204
-26061
-31098
-32765
-30880
-25645
-17625
-7689
3083
13524
22496
29023
32393
32235
28565
21780
12618
2077
-8692
-18516
-26318
-31245
-32755
-30681
-25247
-17046
-6975
3863
14280
23132
29446
32527
32033
28015
20915
11510
836
-9932
-19609
-27125
-31650
-32682
-30103
-24198
-15616
-5304
5596
15880
24407
30232
32705
31550
26894
19250
9465
-1373
-12062
-21411
-28379
-32188
-32412
-29022
-22395
-13267
-2656
8253
18244
26197
31222
32754
30619
25054
16679
6433
-4537
-15001
-23783
-29895
-32648
-31731
-27244
-19690
-9916
976
11762
21224
28293
32170
32415
28997
22301
13080
2378
-8595
-18599
-26497
-31393
-32729
-30352
-24528
-15917
-5494
5554
15974
24578
30386
32734
31352
26395
18425
8351
-2679
-13405
-22602
-29217
-32491
-32046
-27932
-20616
-10936
0
10939
20625
27944
32055
32482
29173
22507
13249
2462
-8610
-18692
-26622
-31481
-32707
-30156
-24119
-15293
-4696
6446
16845
25296
30817
32766
30916
25477
17079
6695
-4468
-15115
-24006
-30106
-32702
-31489
-26606
-18620
-8460
2689
13528
22788
29387
32552
31909
27532
19930
9991
-1120
-12103
-21669
-28693
-32350
-32208
-28280
-21025
-11295
-234
10856
20671
28052
32127
32412
28871
21921
12379
1372
-9799
-19815
-27487
-31906
-32545
-29328
-22632
-13249
-2291
8940
19113
27016
31708
32629
29666
23169
13911
2992
-8285
-18577
-26654
-31549
-32677
-29899
-23544
-14372
-3477
7836
18214
26411
31442
32702
30037
23764
14635
3744
-7598
-18030
-26293
-31393
-32711
-30086
-23833
-14703
-3796
7571
18026
26305
31405
32707
30050
23753
14577
3632
-7754
-18204
-26446
-31479
-32688
-29925
-23522
-14256
-3253
8148
18560
26712
31608
32650
29706
23135
13736
2656
-8751
-19090
-27095
-31785
-32581
-29385
-22585
-13013
-1842
9557
19786
27585
31994
32468
28947
21861
12081
809
-10564
-20637
-28166
-32219
-32293
-28377
-20951
-10932
440
11762
21629
28819
32437
32033
27653
19840
9561
-1907
-13142
-22745
-29519
-32621
-31661
-26755
-18514
-7961
3586
14689
23960
30239
32740
31148
25658
16955
6128
-5469
-16384
-25247
-30944
-32759
-30461
-24336
-15151
-4058
7546
18204
26572
31595
32638
29565
22763
13087
1756
-9798
-20118
-27896
-32148
-32332
-28424
-20915
-10754
771
12203
22088
29171
32552
31797
27001
18769
8148
-3511
-14727
-24069
-30346
-32754
-30984
-25260
-16309
-5272
6439
17331
26008
31359
32696
29845
23169
13521
2137
-9523
-19964
-27843
-32146
-32318
-28334
-20703
-10405
1234
12717
22564
29503
32637
31559
26407
17841
6968
-4807
-15965
-25058
-30909
-32757
-30361
-24028
-14577
-3233
8533
19194
27364
31977
32433
28669
21173
10917
-762
-12345
-22321
-29387
-32619
-31592
-26438
-17828
-6884
4961
16161
25247
31028
32744
30168
23635
13998
2522
-9287
-19879
-27860
-32179
-32265
-28105
-20242
-9711
2101
13640
23382
30040
32733
31103
25362
16267
5018
-6896
-17901
-26537
-31659
-32585
-29190
-21921
-11741
0
11743
21929
29201
32589
31641
26480
17791
6728
-5233
-16499
-25566
-31222
-32709
-29826
-22955
-13013
-1327
10537
20994
28641
32450
31909
27088
18630
7668
-4324
-15739
-25041
-30976
-32744
-30105
-23411
-13561
-1880
10055
20637
28436
32397
31982
27244
18822
7852
-4182
-15653
-25007
-30974
-32743
-30072
-23319
-13400
-1660
10308
20879
28612
32455
31881
26966
18377
7282
-4807
-16245
-25468
-31216
-32702
-29720
-22675
-12528
-664
11292
21705
29147
32596
31576
26225
17274
5950
-6193
-17489
-26383
-31650
-32564
-28995
-21433
-10917
1105
12978
23064
29968
32737
30984
24950
15465
3839
-8320
-19330
-27666
-32170
-32217
-27796
-19519
-8531
3643
15314
24860
30951
32739
29972
23032
12884
938
-11141
-21669
-29176
-32613
-31498
-25982
-16835
-5332
6918
18204
26944
31912
32410
28366
20343
9465
-2743
-14569
-24351
-30713
-32759
-30198
-23387
-13283
-1306
10856
21492
29100
32604
31507
25962
16748
5166
-7147
-18454
-27152
-32008
-32332
-28076
-19840
-8789
3510
15314
24947
31038
32720
29752
22551
12140
0
-12143
-22559
-29762
-32723
-31017
-24884
-15198
-3339
8998
20053
28242
32393
31908
26854
17952
6476
-5930
-17489
-26541
-31785
-32465
-28481
-20402
-9388
2978
14918
24714
30951
32730
29790
22554
12062
-172
-12385
-22811
-29942
-32746
-30813
-24421
-14492
-2462
9926
20879
28806
32556
31581
26021
16679
4912
-7571
-18956
-27585
-32200
-32127
-27374
-18630
-7167
5342
17076
26318
31719
32485
28504
20353
9222
-3259
-15267
-25041
-31147
-32687
-29434
-21861
-11077
1334
13553
23783
30517
32764
30189
23169
12736
423
-11953
-22570
-29860
-32743
-30792
-24293
-14202
-2009
10483
21426
29201
32652
31267
25247
15482
3419
-9153
-20369
-28563
-32514
-31633
-26047
-16586
-4654
7973
19415
27967
32350
31910
26709
17520
5712
-6950
-18577
-27428
-32179
-32116
-27244
-18292
-6597
6088
17864
26962
32015
32263
27666
18910
7310
-5391
-17284
-26579
-31872
-32366
-27983
-19380
-7852
4862
16845
26287
31760
32433
28203
19707
8226
-4501
-16550
-26094
-31684
-32472
-28334
-19895
-8434
4310
16402
26003
31651
32486
28377
19946
8475
-4288
-16402
-26016
-31662
-32478
-28334
-19861
-8351
4437
16550
26133
31717
32445
28203
19638
8060
-4756
-16845
-26351
-31812
-32386
-27983
-19276
-7602
5243
17284
26666
31941
32293
27666
18769
6975
-5898
-17864
-27071
-32095
-32157
-27244
-18113
-6176
6719
18577
27557
32265
31968
26709
17302
5205
-7702
-19415
-28111
-32434
-31710
-26047
-16326
-4058
8843
20369
28719
32588
31368
25247
15179
2736
-10137
-21426
-29364
-32705
-30922
-24293
-13853
-1238
11573
22570
30025
32764
30353
23169
12339
-434
-13142
-23783
-30678
-32739
-29638
-21861
-10632
2276
14829
25041
31296
32604
28754
20353
8727
-4282
-16616
-26318
-31849
-32328
-27676
-18630
-6622
6439
18480
27585
32302
31880
26381
16679
4318
-8734
-20396
-28806
-32620
-31227
-24845
-14492
-1820
11144
22329
29942
32763
30335
23047
12062
-859
-13645
-24243
-30951
-32688
-29173
-20967
-9388
3703
16202
26094
31785
32354
27709
18593
6476
-6688
-18775
-27832
-32393
-31718
-25913
-15915
-3339
9779
21317
29402
32723
30737
23764
12933
0
-12935
-23772
-30745
-32720
-29372
-21243
-9654
3510
16105
26077
31798
32332
27590
18342
6096
-7147
-19226
-28162
-32493
-31507
-25362
-15061
-2291
10856
22227
29953
32765
30198
22670
11416
-1716
-14569
-25028
-31370
-32548
-28366
-19509
-7435
5867
18204
27539
32330
31782
25982
15887
3163
-10086
-21669
-29667
-32753
-30413
-23032
-11831
1334
14281
24860
31312
32563
28403
19519
7387
-5976
-18347
-27666
-32377
-31693
-25725
-15465
-2622
10659
22164
29968
32766
30086
22374
10917
-2369
-15261
-25599
-31650
-32396
-27709
-18372
-5950
7473
19643
28516
32596
31195
24546
13765
664
-12550
-23653
-30771
-32702
-29116
-20616
-8634
4807
17440
27128
32230
31881
26137
15968
3092
-10308
-21966
-29901
-32766
-30072
-22272
-10689
2711
15653
25937
31812
32275
27244
17574
4908
-8595
-20637
-29162
-32712
-30681
-23411
-12140
1206
14349
25041
31451
32480
27948
18630
6117
-7445
-19735
-28641
-32634
-31026
-24089
-13013
301
13567
24501
31222
32570
28309
19172
6728
-6876
-19298
-28393
-32589
-31159
-24347
-13326
0
13328
24354
31166
32585
28360
19220
6748
-6896
-19347
-28443
-32604
-31103
-24198
-13087
301
13640
24608
31294
32533
28105
18778
6176
-7504
-19879
-28786
-32669
-30847
-23635
-12290
1206
14493
25247
31583
32389
27520
17828
5008
-8692
-20870
-29387
-32745
-30352
-22624
-10917
2711
15865
26229
31977
32094
26556
16335
3233
-10442
-22277
-30182
-32757
-29546
-21112
-8944
4807
17712
27483
32390
31559
25136
14256
845
-12717
-24026
-31070
-32598
-28334
-19032
-6345
7473
19964
28903
32697
30666
23169
11540
-2148
-15456
-26008
-31918
-32127
-26596
-16309
-3103
10659
22517
30346
32741
29270
20553
8148
-5719
-18563
-28078
-32552
-31179
-24202
-12874
771
14281
25223
31625
32332
27214
17189
4062
-9798
-21894
-30040
-32762
-29565
-21025
-8682
5233
18204
27882
32514
31257
24336
13002
-691
-14262
-25247
-31650
-32307
-27094
-16955
-3732
10171
22227
30239
32747
29289
20494
7961
-6025
-18915
-28356
-32621
-30929
-23586
-11931
1907
15400
26077
31982
32033
26215
15592
2109
-11762
-23479
-30889
-32629
-28377
-18910
-5966
8077
20637
29402
32756
30080
21861
9613
-4409
-17621
-27585
-32459
-31342
-24435
-13013
816
14497
25499
31785
32188
26631
16140
2656
-11322
-23203
-30782
-32650
-28456
-18976
-5969
8148
20755
29503
32763
29925
21514
9095
-5021
-18204
-27995
-32564
-31058
-23753
-12011
1977
15598
26305
32095
31880
25698
14703
952
-12978
-24480
-31393
-32418
-27360
-17165
-3744
10381
22559
30497
32702
28754
19394
6380
-7836
-20580
-29446
-32762
-29899
-21393
-8847
5370
18577
28275
32630
30814
23169
11138
-3003
-16579
-27016
-32334
-31523
-24733
-13249
751
14612
25700
31906
32048
26096
15179
1372
-12698
-24354
-31371
-32412
-27273
-16932
-3359
10856
23003
30758
32638
28280
18514
5205
-9101
-21669
-30089
-32747
-29131
-19930
-6905
7445
20371
29387
32762
29844
21189
8460
-5898
-19125
-28673
-32702
-30433
-22301
-9868
4468
17946
27963
32585
30916
23274
11134
-3159
-16845
-27275
-32428
-31305
-24119
-12260
1977
15833
26622
32247
31615
24845
13249
-923
-14918
-26016
-32055
-31858
-25461
-14105
0
14107
25468
31864
32046
25975
14832
792
-13405
-24986
-31684
-32188
-26395
-15435
-1452
12817
24578
31525
32292
26727
15917
1981
-12345
-24250
-31393
-32366
-26976
-16280
-2378
11993
24006
31293
32415
27148
16527
2644
-11762
-23850
-31230
-32442
-27244
-16660
-2779
11653
23783
31206
32451
27267
16679
2783
-11667
-23806
-31222
-32441
-27217
-16586
-2656
11803
23919
31277
32412
27094
16378
2398
-12062
-24120
-31370
-32361
-26894
-16056
-2009
12441
24407
31496
32285
26615
15616
1488
-12939
-24777
-31650
-32178
-26251
-15055
-836
13553
25223
31826
32033
25797
14372
52
-14280
-25739
-32015
-31841
-25247
-13561
863
15115
26318
32208
31592
24592
12618
-1908
-16052
-26950
-32393
-31276
-23823
-11540
3083
17085
27622
32556
30880
22932
10324
-4384
-18204
-28323
-32682
-30389
-21909
-8965
5807
19399
29038
32755
29790
20744
7461
-7347
-20658
-29748
-32757
-29067
-19428
-5811
8997
21966
30436
32669
28203
17952
4016
-10746
-23305
-31079
-32468
-27184
-16309
-2077
12583
24657
31656
32135
25992
14491
0
-14493
-25999
-32139
-31644
-24613
-12494
2208
16457
27304
32503
30975
23032
10317
-4537
-18454
-28547
-32719
-30103
-21238
-7961
6971
20458
29694
32757
29007
19220
5431
-9491
-22439
-30713
-32587
-27666
-16973
-2736
12073
24364
31568
32177
26060
14492
-108
-14689
-26197
-32222
-31498
-24174
-11781
3083
17304
27896
32634
30520
21996
8847
-6162
-19879
-29416
-32766
-29219
-19519
-5706
9311
22368
30711
32578
27570
16743
2378
-12491
-24723
-31732
-32033
-25558
-13674
1105
15653
26888
32428
31095
23169
10328
-4707
-18745
-28806
-32750
-29736
-20402
-6728
8378
21705
30414
32650
27932
17262
2911
-12062
-24465
-31651
-32083
-25665
-13765
1077
15692
26955
32455
31012
22932
9941
-5180
-19194
-29098
-32765
-29406
-19738
-5832
9326
22486
30817
32526
27244
16102
1495
-13436
-25478
-32035
-31693
-24521
-12062
2999
17416
28078
32680
30226
21243
7668
-7565
-21167
-30192
-32685
-28105
-17438
-2992
12103
24578
31727
31995
25321
13150
-1876
-16499
-27539
-32596
-30567
-21889
-8448
6833
20630
29936
32722
28377
17845
3419
-11753
-24364
-31659
-32040
-25423
-13249
1823
16499
27568
32607
30508
21729
8189
-7147
-20920
-30108
-32693
-28105
-17347
-2779
12401
24860
31856
31850
24838
12360
-2839
-17416
-28160
-32702
-30037
-20749
-6884
8501
22013
30668
32552
27244
15915
1066
-14020
-26008
-32243
-31342
-23500
-10451
4915
19194
29220
32766
29042
18871
4509
-10856
-23813
-31479
-32147
-25665
-13473
1720
16533
27666
32637
30335
21271
7461
-8015
-21705
-30552
-32578
-27327
-15968
-1038
14125
26133
32294
31228
23169
9920
-5554
-19786
-29584
-32748
-28565
-17970
-3339
12043
24723
31849
31816
24627
11897
-3511
-18132
-28673
-32755
-29458
-19519
-5177
10334
23516
31393
32182
25702
13414
-1907
-16800
-27896
-32682
-30072
-20653
-6555
9029
22570
30997
32395
26445
14492
-751
-15827
-27310
-32589
-30461
-21406
-7481
8148
21926
30713
32507
26894
15151
-48
-15238
-26955
-32522
-30664
-21804
-7961
7702
21608
30575
32549
27076
15403
202
-15047
-26852
-32503
-30703
-21861
-8002
7696
21629
30598
32538
27001
15255
0
-15257
-27007
-32541
-30582
-21579
-7602
8129
21989
30779
32468
26664
14703
-655
-15865
-27411
-32621
-30288
-20948
-6758
8997
22672
31098
32318
26047
13736
-1763
-16855
-28038
-32713
-29790
-19946
-5464
10289
23653
31516
32046
25116
12336
-3319
-18204
-28847
-32766
-29042
-18541
-3711
11987
24889
31977
31593
23823
10480
-5316
-19871
-29777
-32711
-27983
-16697
-1495
14059
26318
32404
30885
22114
8148
-7733
-21801
-30745
-32460
-26539
-14372
1180
16457
27860
32699
29832
19930
5325
-10537
-23916
-31650
-31910
-24631
-11530
4298
19113
29409
32747
28334
17210
2009
-13670
-26112
-32365
-30942
-22178
-8148
7817
21929
30833
32412
26285
13907
-1780
-17047
-28259
-32743
-29429
-19103
-4222
11667
24777
31977
31548
23586
9991
-5992
-20546
-30192
-32619
-27244
-15350
219
15739
27492
32660
30001
20149
5464
-10533
-24006
-31719
-31816
-24270
-10892
5106
19879
29873
32681
27625
15917
373
-15261
-27221
-32621
-30156
-20416
-5748
10308
23879
31684
31836
24293
10875
-5173
-19973
-29942
-32665
-27477
-15633
0
15636
27483
32666
29925
19920
5078
-10999
-24407
-31886
-31615
-23656
-9941
6193
20824
30386
32549
26782
14487
-1341
-16845
-28242
-32749
-29262
-18630
-3445
12583
25539
32252
31078
22301
8064
-8148
-22368
-31111
-32231
-25451
-12429
3643
18824
29387
32737
28047
16465
836
-15001
-27152
-32625
-30072
-20115
-5205
10989
24479
31937
31523
23335
9388
-6876
-21447
-30723
-32412
-26092
-13322
2743
18132
29038
32759
28371
16955
1338
-14612
-26944
-32596
-30164
-20247
-5304
10958
24501
31960
31477
23169
9099
-7236
-21774
-30894
-32323
-25702
-12676
3510
18824
29446
32724
27837
16000
166
-15711
-27666
-32707
-29572
-19041
-3744
12491
25602
32304
30916
21780
7184
-9215
-23305
-31551
-31880
-24205
-10451
5930
20824
30486
32483
26311
13518
-2679
-18204
-29147
-32749
-28098
-16364
-502
15488
27574
32702
29574
18976
3583
-12717
-25806
-32371
-30748
-21345
-6538
9926
23879
31785
31636
23467
9346
-7147
-21830
-30974
-32254
-25342
-11991
4409
19692
29968
32623
26976
14462
-1736
-17495
-28798
-32764
-28377
-16752
-852
15267
27492
32699
29554
18857
3339
-13034
-26077
-32450
-30520
-20777
-5712
10817
24578
32042
31291
22515
7961
-8637
-23021
-31496
-31881
-24075
-10079
6509
21426
30833
32307
25463
12062
-4448
-19815
-30076
-32585
-26689
-13907
2465
18204
29244
32732
27762
15616
-569
-16610
-28356
-32765
-28692
-17189
-1231
15047
27428
32699
29490
18630
2932
-13528
-26478
-32552
-30168
-19943
-4530
12062
25519
32337
30737
21133
6022
-10659
-24565
-32068
-31208
-22206
-7407
9326
23628
31760
31593
23169
8686
-8070
-22719
-31423
-31903
-24028
-9858
6896
21846
31070
32147
24790
10926
-5807
-21019
-30711
-32336
-25461
-11891
4807
20244
30356
32478
26047
12755
-3899
-19528
-30012
-32581
-26556
-13521
3083
18877
29687
32654
26991
14192
-2362
-18294
-29387
-32703
-27360
-14769
1736
17784
29119
32734
27666
15255
-1206
-17349
-28887
-32752
-27913
-15652
771
16993
28695
32761
28105
15962
-434
-16717
-28547
-32765
-28244
-16186
193
16523
28443
32766
28334
16326
-48
-16412
-28387
-32766
-28374
-16382
0
0
0
0
0
0
0
0
0
0
0
0
0
0
0
0
0
0
0
0
0
0
0
0
0
0
0
0
0
0
0
0
0
0
0
0
0
0
0
0
0
0
0
0
0
0
0
0
0
0
0
0
0
0
0
0
0
0
0
0
0
0
0
0
0
0
0
0
0
0
0
0
0
0
0
0
0
0
0
0
0
0
0
0
0
0
0
0
0
0
0
0
0
0
0
0
0
0
0
0
0
0
0
0
0
0
0
0
0
0
0
0
0
0
0
0
0
0
0
0
0
0
0
0
0
0
0
0
0
0
0
0
0
0
0
0
0
0
0
0
0
0
0
0
0
0
0
0
0
0
0
0
0
0
0
0
0
0
0
0
0
0
0
0
0
0
0
0
0
0
0
0
0
0
0
0
0
0
0
0
0
0
0
0
0
0
0
0
0
0
0
0
0
0
0
0
0
0
0
0
0
0
0
0
0
0
0
0
0
0
0
0
0
0
0
0
0
0
0
0
0
0
0
0
0
0
0
0
0
0
0
0
0
0
0
0
0
0
0
0
0
0
0
0
0
0
0
0
0
0
0
0
0
0
0
0
0
0
0
0
0
0
0
0
0
0
0
0
0
0
0
0
0
0
0
0
0
0
0
0
0
0
0
0
0
0
0
0
0
0
0
0
0
0
0
0
0
0
0
0
0
0
0
0
0
0
0
0
0
0
0
0
0
0
0
0
0
0
0
0
0
0
0
0
0
0
0
0
0
0
0
0
0
0
0
0
0
0
0
0
0
0
0
0
0
0
0
0
0
0
0
0
0
0
0
0
0
0
0
0
0
0
0
0
0
0
0
0
0
0
0
0
0
0
0
0
0
0
0
0
0
0
0
0
0
0
0
0
0
0
0
0
0
0
0
0
0
0
0
0
0
0
0
0
0
0
0
0
0
0
0
0
0
0
0
0
0
0
0
0
0
0
0
0
0
0
0
0
0
0
0
0
0
0
0
0
0
0
0
0
0
0
0
0
0
0
0
0
0
0
0
0
0
0
0
0
0
0
0
0
0
0
0
0
0
0
0
0
0
0
0
0
0
0
0
0
0
0
0
0
0
0
0
0
0
0
0
0
0
0
0
0
0
0
0
0
0
0
0
0
0
0
0
0
0
0
0
0
0
0
0
0
0
0
0
0
0
0
0
0
0
0
0
0
0
0
0
0
0
0
0
0
0
0
0
0
0
0
0
0
0
0
0
0
0
0
0
0
0
0
0
0
0
0
0
0
0
0
0
0
0
0
0
0
0
0
0
0
0
0
0
0
0
0
0
0
0
0
0
0
0
0
0
0
0
0
0
0
0
0
0
0
0
0
0
0
0
0
0
0
0
0
0
0
0
0
0
0
0
0
0
0
0
0
0
0
0
0
0
0
0
0
0
0
0
0
0
0
0
0
0
0
0
0
0
0
0
0
0
0
0
0
0
0
0
0
0
0
0
0
0
0
0
0
0
0
0
0
0
0
0
0
0
0
0
0
0
0
0
0
0
0
0
0
0
0
0
0
0
0
0
0
0
0
0
0
0
0
0
0
0
0
0
0
0
0
0
0
0
0
0
0
0
0
0
0
0
0
0
0
0
0
0
0
0
0
0
0
0
0
0
0
0
0
0
0
0
0
0
0
0
0
0
0
0
0
0
0
0
0
0
0
0
0
0
0
0
0
0
0
0
0
0
0
0
0
0
0
0
0
0
0
0
0
0
0
0
0
0
0
0
0
0
0
0
0
0
0
0
0
0
0
0
0
0
0
0
0
0
0
0
0
0
0
0
0
0
0
0
0
0
0
0
0
0
0
0
0
0
0
0
0
0
0
0
0
0
0
0
0
0
0
0
0
0
0
0
0
0
0
0
0
0
0
0
0
0
0
0
0
0
0
0
0
0
0
0
0
0
0
0
0
0
0
0
0
0
0
0
0
0
0
0
0
0
0
0
0
0
0
0
0
0
0
0
0
0
0
0
0
0
0
0
0
0
0
0
0
0
0
0
0
0
0
0
0
0
0
0
0
0
0
0
0
0
0
0
0
0
0
0
0
0
0
0
0
0
0
0
0
0
0
0
0
0
0
0
0
0
0
0
0
0
0
0
0
0
0
0
0
0
0
0
0
0
0
0
0
0
0
0
0
0
0
0
0
0
0
0
0
12072
11831
11119
9964
8415
6535
4400
2100
-273
-2621
-4850
-6868
-8596
-9964
-10921
-11430
-11475
-11061
-10211
-8964
-7380
-5529
-3493
-1359
779
2836
4727
6377
7724
8722
9340
9565
9403
8876
8022
6891
5544
4048
2474
892
-631
-2038
-3277
-4312
-5115
-5673
-5987
-6068
-5935
-5619
-5152
-4571
-3914
-3214
-2503
-1806
-1141
-521
48
568
1041
1474
1875
2252
2610
2949
3268
3558
3808
4002
4121
4145
4057
3839
3482
2981
2339
1568
690
-265
-1262
-2257
-3203
-4054
-4765
-5296
-5616
-5702
-5545
-5148
-4528
-3713
-2745
-1673
-553
556
1598
2518
3271
3822
4148
4242
4111
3777
3273
2644
1942
1222
539
-56
-522
-828
-955
-901
-679
-317
145
658
1166
1610
1933
2088
2034
1750
1227
476
-470
-1567
-2752
-3951
-5084
-6067
-6821
-7277
-7377
-7086
-6386
-5285
-3818
-2039
-27
2121
4300
6393
8286
9870
11048
11742
11900
11494
10527
9031
7068
4725
2109
-654
-3431
-6086
-8487
-10516
-12072
-13076
-13479
-13262
-12438
-11047
-9161
-6875
-4300
-1565
1197
3855
6285
8375
10032
11188
11800
11853
11360
10361
8919
7118
5056
2840
584
-1602
-3617
-5369
-6783
-7805
-8401
-8560
-8293
-7633
-6630
-5349
-3869
-2272
-647
921
2355
3585
4554
5222
5564
5575
5267
4666
3815
2770
1594
355
-873
-2024
-3031
-3840
-4406
-4699
-4703
-4419
-3862
-3063
-2068
-930
286
1515
2685
3732
4596
5225
5582
5643
5401
4865
4059
3024
1813
490
-876
-2213
-3449
-4517
-5361
-5935
-6210
-6171
-5823
-5187
-4301
-3216
-1993
-703
581
1791
2860
3733
4365
4731
4819
4636
4206
3568
2773
1881
957
67
-729
-1378
-1838
-2083
-2104
-1907
-1517
-972
-324
367
1039
1627
2073
2327
2355
2137
1672
977
89
-940
-2045
-3153
-4185
-5063
-5717
-6088
-6130
-5821
-5156
-4154
-2857
-1324
367
2129
3866
5481
6882
7987
8731
9066
8969
8440
7501
6199
4601
2787
851
-1108
-2995
-4717
-6194
-7358
-8165
-8588
-8622
-8284
-7608
-6645
-5457
-4116
-2693
-1262
113
1376
2481
3398
4110
4613
4917
5039
5006
4847
4593
4272
3907
3517
3113
2697
2267
1814
1328
798
215
-425
-1122
-1863
-2630
-3395
-4121
-4769
-5294
-5652
-5806
-5723
-5382
-4779
-3921
-2835
-1564
-163
1296
2738
4082
5247
6161
6764
7010
6875
6359
5484
4294
2857
1254
-416
-2054
-3556
-4827
-5784
-6365
-6529
-6263
-5581
-4525
-3163
-1582
114
1812
3400
4768
5822
6488
6716
6484
5803
4711
3276
1587
-245
-2105
-3869
-5423
-6663
-7506
-7895
-7802
-7230
-6213
-4815
-3124
-1246
701
2596
4322
5774
6867
7540
7759
7525
6863
5830
4504
2981
1369
-223
-1692
-2945
-3908
-4531
-4790
-4690
-4262
-3561
-2663
-1654
-631
314
1097
1647
1916
1879
1538
923
88
-893
-1931
-2927
-3783
-4407
-4722
-4673
-4228
-3389
-2184
-672
1061
2911
4757
6474
7938
9039
9683
9806
9373
8385
6879
4924
2622
97
-2507
-5043
-7361
-9326
-10820
-11754
-12072
-11754
-10820
-9326
-7361
-5043
-2507
97
2622
4924
6879
8385
9373
9806
9683
9039
7938
6474
4757
2911
1061
-672
-2184
-3389
-4228
-4673
-4722
-4407
-3783
-2927
-1931
-893
88
923
1538
1879
1916
1647
1097
314
-631
-1654
-2663
-3561
-4262
-4690
-4790
-4531
-3908
-2945
-1692
-223
1369
2981
4504
5830
6863
7525
7759
7540
6867
5774
4322
2596
701
-1246
-3124
-4815
-6213
-7230
-7802
-7895
-7506
-6663
-5423
-3869
-2105
-245
1587
3276
4711
5803
6484
6716
6488
5822
4768
3400
1812
114
-1582
-3163
-4525
-5581
-6263
-6529
-6365
-5784
-4827
-3556
-2054
-416
1254
2857
4294
5484
6359
6875
7010
6764
6161
5247
4082
2738
1296
-163
-1564
-2835
-3921
-4779
-5382
-5723
-5806
-5652
-5294
-4769
-4121
-3395
-2630
-1863
-1122
-425
215
798
1328
1814
2267
2697
3113
3517
3907
4272
4593
4847
5006
5039
4917
4613
4110
3398
2481
1376
113
-1262
-2693
-4116
-5457
-6645
-7608
-8284
-8622
-8588
-8165
-7358
-6194
-4717
-2995
-1108
851
2787
4601
6199
7501
8440
8969
9066
8731
7987
6882
5481
3866
2129
367
-1324
-2857
-4154
-5156
-5821
-6130
-6088
-5717
-5063
-4185
-3153
-2045
-940
89
977
1672
2137
2355
2327
2073
1627
1039
367
-324
-972
-1517
-1907
-2104
-2083
-1838
-1378
-729
67
957
1881
2773
3568
4206
4636
4819
4731
4365
3733
2860
1791
581
-703
-1993
-3216
-4301
-5187
-5823
-6171
-6210
-5935
-5361
-4517
-3449
-2213
-876
490
1813
3024
4059
4865
5401
5643
5582
5225
4596
3732
2685
1515
286
-930
-2068
-3063
-3862
-4419
-4703
-4699
-4406
-3840
-3031
-2024
-873
355
1594
2770
3815
4666
5267
5575
5564
5222
4554
3585
2355
921
-647
-2272
-3869
-5349
-6630
-7633
-8293
-8560
-8401
-7805
-6783
-5369
-3617
-1602
584
2840
5056
7118
8919
10361
11360
11853
11800
11188
10032
8375
6285
3855
1197
-1565
-4300
-6875
-9161
-11047
-12438
-13262
-13479
-13076
-12072
-10516
-8487
-6086
-3431
-654
2109
4725
7068
9031
10527
11494
11900
11742
11048
9870
8286
6393
4300
2121
-27
-2039
-3818
-5285
-6386
-7086
-7377
-7277
-6821
-6067
-5084
-3951
-2752
-1567
-470
476
1227
1750
2034
2088
1933
1610
1166
658
145
-317
-679
-901
-955
-828
-522
-56
539
1222
1942
2644
3273
3777
4111
4242
4148
3822
3271
2518
1598
556
-553
-1673
-2745
-3713
-4528
-5148
-5545
-5702
-5616
-5296
-4765
-4054
-3203
-2257
-1262
-265
690
1568
2339
2981
3482
3839
4057
4145
4121
4002
3808
3558
3268
2949
2610
2252
1875
1474
1041
568
48
-521
-1141
-1806
-2503
-3214
-3914
-4571
-5152
-5619
-5935
-6068
-5987
-5673
-5115
-4312
-3277
-2038
-631
892
2474
4048
5544
6891
8022
8876
9403
9565
9340
8722
7724
6377
4727
2836
779
-1359
-3493
-5529
-7380
-8964
-10211
-11061
-11475
-11430
-10921
-9964
-8596
-6868
-4850
-2621
-273
2100
4400
6535
8415
9964
11119
11831
0
0
0
0
0
0
0
0
0
0
0
0
0
0
0
0
0
0
0
0
0
0
0
0
0
0
0
0
0
0
0
0
0
0
0
0
0
0
0
0
0
0
0
0
0
0
0
0
0
0
0
0
0
0
0
0
0
0
0
0
0
0
0
0
0
0
0
-5173
-5129
-4993
-4759
-4417
-3956
-3366
-2638
-1773
-777
333
1530
2776
4023
5213
6286
7177
7825
8177
8188
7830
7093
5987
4544
2815
874
-1191
-3281
-5288
-7106
-8632
-9777
-10469
-10658
-10322
-9467
-8126
-6361
-4260
-1928
513
2937
5215
7226
8864
10042
10701
10808
10364
9399
7970
6161
4076
1832
-447
-2640
-4632
-6321
-7627
-8493
-8890
-8814
-8292
-7371
-6121
-4627
-2984
-1290
358
1874
3183
4227
4969
5391
5499
5314
4875
4236
3455
2597
1724
893
153
-460
-924
-1231
-1385
-1404
-1316
-1154
-958
-765
-610
-520
-514
-603
-784
-1045
-1363
-1709
-2048
-2344
-2560
-2664
-2631
-2445
-2098
-1596
-954
-200
632
1501
2362
3167
3874
4440
4835
5034
5023
4800
4372
3758
2983
2082
1093
56
-985
-1992
-2928
-3762
-4466
-5021
-5412
-5633
-5681
-5559
-5272
-4831
-4247
-3534
-2708
-1786
-789
264
1348
2438
3504
4514
5435
6230
6865
7305
7519
7481
7173
6587
5724
4600
3241
1690
0
-1766
-3536
-5233
-6778
-8095
-9117
-9785
-10058
-9909
-9335
-8350
-6993
-5318
-3401
-1328
803
2894
4845
6564
7971
9000
9609
9775
9500
8809
7747
6380
4785
3053
1275
-455
-2053
-3446
-4575
-5399
-5897
-6070
-5937
-5534
-4912
-4130
-3253
-2349
-1478
-695
-41
454
778
933
935
812
603
349
97
-110
-237
-256
-149
86
442
897
1420
1970
2503
2975
3342
3568
3627
3502
3191
2704
2065
1308
476
-380
-1214
-1976
-2623
-3122
-3449
-3595
-3563
-3370
-3043
-2620
-2141
-1653
-1197
-810
-521
-346
-288
-339
-474
-660
-854
-1009
-1077
-1015
-787
-370
241
1039
1995
3061
4176
5265
6249
7042
7567
7752
7546
6915
5852
4376
2534
400
-1928
-4337
-6697
-8876
-10744
-12181
-13089
-13392
-13048
-12049
-10425
-8240
-5593
-2611
557
3749
6800
9547
11844
13568
14628
14967
14570
13462
11705
9401
6678
3687
594
-2435
-5239
-7674
-9619
-10985
-11718
-11803
-11263
-10156
-8574
-6631
-4460
-2203
0
2017
3736
5065
5946
6350
6282
5779
4905
3747
2410
1005
-353
-1562
-2528
-3183
-3480
-3403
-2962
-2197
-1171
34
1322
2592
3741
4677
5321
5614
5523
5040
4185
3003
1564
-44
-1723
-3368
-4873
-6143
-7095
-7668
-7821
-7544
-6850
-5780
-4397
-2783
-1035
743
2450
3987
5266
6219
6799
6981
6768
6184
5278
4117
2783
1364
-45
-1357
-2492
-3383
-3982
-4261
-4216
-3864
-3241
-2403
-1418
-363
681
1637
2431
3006
3317
3340
3068
2518
1724
738
-375
-1541
-2680
-3715
-4572
-5188
-5515
-5520
-5192
-4538
-3585
-2379
-981
535
2089
3596
4973
6144
7042
7616
7829
7666
7129
6242
5045
3596
1962
224
-1534
-3231
-4783
-6119
-7175
-7904
-8275
-8272
-7900
-7180
-6149
-4859
-3372
-1759
-95
1541
3079
4449
5593
6464
7028
7266
7175
6767
6066
5112
3953
2647
1258
-149
-1511
-2766
-3858
-4740
-5377
-5743
-5828
-5633
-5172
-4472
-3570
-2512
-1350
-141
1055
2183
3190
4026
4653
5042
5173
5042
4653
4026
3190
2183
1055
-141
-1350
-2512
-3570
-4472
-5172
-5633
-5828
-5743
-5377
-4740
-3858
-2766
-1511
-149
1258
2647
3953
5112
6066
6767
7175
7266
7028
6464
5593
4449
3079
1541
-95
-1759
-3372
-4859
-6149
-7180
-7900
-8272
-8275
-7904
-7175
-6119
-4783
-3231
-1534
224
1962
3596
5045
6242
7129
7666
7829
7616
7042
6144
4973
3596
2089
535
-981
-2379
-3585
-4538
-5192
-5520
-5515
-5188
-4572
-3715
-2680
-1541
-375
738
1724
2518
3068
3340
3317
3006
2431
1637
681
-363
-1418
-2403
-3241
-3864
-4216
-4261
-3982
-3383
-2492
-1357
-45
1364
2783
4117
5278
6184
6768
6981
6799
6219
5266
3987
2450
743
-1035
-2783
-4397
-5780
-6850
-7544
-7821
-7668
-7095
-6143
-4873
-3368
-1723
-44
1564
3003
4185
5040
5523
5614
5321
4677
3741
2592
1322
34
-1171
-2197
-2962
-3403
-3480
-3183
-2528
-1562
-353
1005
2410
3747
4905
5779
6282
6350
5946
5065
3736
2017
0
-2203
-4460
-6631
-8574
-10156
-11263
-11803
-11718
-10985
-9619
-7674
-5239
-2435
594
3687
6678
9401
11705
13462
14570
14967
14628
13568
11844
9547
6800
3749
557
-2611
-5593
-8240
-10425
-12049
-13048
-13392
-13089
-12181
-10744
-8876
-6697
-4337
-1928
400
2534
4376
5852
6915
7546
7752
7567
7042
6249
5265
4176
3061
1995
1039
241
-370
-787
-1015
-1077
-1009
-854
-660
-474
-339
-288
-346
-521
-810
-1197
-1653
-2141
-2620
-3043
-3370
-3563
-3595
-3449
-3122
-2623
-1976
-1214
-380
476
1308
2065
2704
3191
3502
3627
3568
3342
2975
2503
1970
1420
897
442
86
-149
-256
-237
-110
97
349
603
812
935
933
778
454
-41
-695
-1478
-2349
-3253
-4130
-4912
-5534
-5937
-6070
-5897
-5399
-4575
-3446
-2053
-455
1275
3053
4785
6380
7747
8809
9500
9775
9609
9000
7971
6564
4845
2894
803
-1328
-3401
-5318
-6993
-8350
-9335
-9909
-10058
-9785
-9117
-8095
-6778
-5233
-3536
-1766
0
1690
3241
4600
5724
6587
7173
7481
7519
7305
6865
6230
5435
4514
3504
2438
1348
264
-789
-1786
-2708
-3534
-4247
-4831
-5272
-5559
-5681
-5633
-5412
-5021
-4466
-3762
-2928
-1992
-985
56
1093
2082
2983
3758
4372
4800
5023
5034
4835
4440
3874
3167
2362
1501
632
-200
-954
-1596
-2098
-2445
-2631
-2664
-2560
-2344
-2048
-1709
-1363
-1045
-784
-603
-514
-520
-610
-765
-958
-1154
-1316
-1404
-1385
-1231
-924
-460
153
893
1724
2597
3455
4236
4875
5314
5499
5391
4969
4227
3183
1874
358
-1290
-2984
-4627
-6121
-7371
-8292
-8814
-8890
-8493
-7627
-6321
-4632
-2640
-447
1832
4076
6161
7970
9399
10364
10808
10701
10042
8864
7226
5215
2937
513
-1928
-4260
-6361
-8126
-9467
-10322
-10658
-10469
-9777
-8632
-7106
-5288
-3281
-1191
874
2815
4544
5987
7093
7830
8188
8177
7825
7177
6286
5213
4023
2776
1530
333
-777
-1773
-2638
-3366
-3956
-4417
-4759
-4993
-5129
0
0
0
0
0
0
0
0
0
0
0
0
0
0
0
0
0
0
0
0
0
0
0
0
0
0
0
0
0
0
0
0
0
0
0
0
0
0
0
0
0
0
0
0
0
0
0
0
0
0
0
0
0
0
0
0
0
0
0
0
0
0
0
0
0
0
0
1724
1746
1807
1893
1981
2043
2047
1964
1768
1439
969
361
-368
-1190
-2063
-2937
-3756
-4460
-4993
-5305
-5358
-5126
-4602
-3798
-2744
-1489
-97
1356
2788
4114
5251
6128
6688
6890
6718
6177
5296
4125
2733
1205
-366
-1888
-3267
-4422
-5284
-5808
-5969
-5767
-5225
-4392
-3332
-2127
-864
364
1473
2386
3043
3404
3453
3198
2670
1923
1025
60
-885
-1725
-2381
-2786
-2897
-2690
-2168
-1360
-318
884
2158
3403
4520
5409
5988
6190
5974
5324
4259
2822
1088
-844
-2864
-4843
-6655
-8177
-9304
-9947
-10050
-9586
-8563
-7025
-5047
-2734
-211
2379
4892
7181
9114
10578
11487
11788
11462
10528
9039
7081
4766
2226
-395
-2952
-5304
-7326
-8912
-9986
-10502
-10447
-9842
-8739
-7216
-5375
-3330
-1205
878
2806
4477
5811
6750
7264
7350
7027
6341
5356
4148
2803
1410
52
-1192
-2261
-3106
-3698
-4023
-4088
-3916
-3539
-3002
-2356
-1651
-936
-255
355
870
1274
1561
1735
1808
1797
1724
1609
1471
1326
1184
1050
922
794
656
494
296
50
-249
-605
-1011
-1455
-1915
-2367
-2778
-3114
-3341
-3428
-3349
-3087
-2634
-1996
-1190
-246
795
1883
2961
3968
4844
5534
5991
6178
6073
5671
4982
4033
2866
1537
110
-1342
-2750
-4040
-5151
-6028
-6631
-6936
-6936
-6638
-6067
-5261
-4269
-3147
-1955
-752
405
1469
2400
3172
3770
4190
4441
4541
4514
4390
4196
3962
3709
3453
3202
2956
2704
2432
2118
1738
1269
694
0
-816
-1747
-2771
-3854
-4952
-6009
-6964
-7753
-8311
-8581
-8516
-8080
-7260
-6059
-4503
-2641
-540
1713
4019
6270
8354
10162
11596
12570
13021
12911
12226
10985
9234
7044
4513
1755
-1100
-3922
-6575
-8935
-10890
-12351
-13250
-13552
-13249
-12364
-10950
-9083
-6863
-4404
-1828
736
3169
5359
7210
8647
9618
10100
10092
9621
8737
7506
6014
4351
2615
902
-700
-2116
-3282
-4154
-4708
-4938
-4860
-4505
-3920
-3162
-2296
-1391
-511
280
933
1406
1674
1724
1560
1201
678
32
-686
-1422
-2122
-2730
-3199
-3489
-3571
-3428
-3058
-2469
-1686
-743
315
1437
2566
3643
4612
5419
6021
6381
6475
6292
5834
5115
4163
3016
1722
335
-1084
-2477
-3785
-4953
-5932
-6685
-7180
-7403
-7347
-7019
-6437
-5630
-4634
-3493
-2255
-968
316
1553
2700
3721
4587
5278
5779
6088
6206
6142
5910
5529
5017
4397
3690
2916
2093
1239
369
-503
-1367
-2209
-3017
-3777
-4473
-5089
-5606
-6002
-6256
-6349
-6259
-5974
-5481
-4779
-3873
-2778
-1519
-134
1331
2824
4281
5638
6828
7788
8462
8803
8776
8367
7575
6423
4950
3217
1298
-718
-2734
-4650
-6367
-7793
-8849
-9474
-9628
-9298
-8493
-7253
-5638
-3734
-1642
523
2644
4602
6287
7603
8476
8855
8721
8081
6974
5468
3652
1636
-457
-2502
-4375
-5960
-7161
-7905
-8146
-7870
-7094
-5867
-4265
-2388
-355
1706
3668
5405
6807
7785
8276
8247
7699
6663
5203
3409
1394
-718
-2796
-4709
-6338
-7580
-8358
-8622
-8358
-7580
-6338
-4709
-2796
-718
1394
3409
5203
6663
7699
8247
8276
7785
6807
5405
3668
1706
-355
-2388
-4265
-5867
-7094
-7870
-8146
-7905
-7161
-5960
-4375
-2502
-457
1636
3652
5468
6974
8081
8721
8855
8476
7603
6287
4602
2644
523
-1642
-3734
-5638
-7253
-8493
-9298
-9628
-9474
-8849
-7793
-6367
-4650
-2734
-718
1298
3217
4950
6423
7575
8367
8776
8803
8462
7788
6828
5638
4281
2824
1331
-134
-1519
-2778
-3873
-4779
-5481
-5974
-6259
-6349
-6256
-6002
-5606
-5089
-4473
-3777
-3017
-2209
-1367
-503
369
1239
2093
2916
3690
4397
5017
5529
5910
6142
6206
6088
5779
5278
4587
3721
2700
1553
316
-968
-2255
-3493
-4634
-5630
-6437
-7019
-7347
-7403
-7180
-6685
-5932
-4953
-3785
-2477
-1084
335
1722
3016
4163
5115
5834
6292
6475
6381
6021
5419
4612
3643
2566
1437
315
-743
-1686
-2469
-3058
-3428
-3571
-3489
-3199
-2730
-2122
-1422
-686
32
678
1201
1560
1724
1674
1406
933
280
-511
-1391
-2296
-3162
-3920
-4505
-4860
-4938
-4708
-4154
-3282
-2116
-700
902
2615
4351
6014
7506
8737
9621
10092
10100
9618
8647
7210
5359
3169
736
-1828
-4404
-6863
-9083
-10950
-12364
-13249
-13552
-13250
-12351
-10890
-8935
-6575
-3922
-1100
1755
4513
7044
9234
10985
12226
12911
13021
12570
11596
10162
8354
6270
4019
1713
-540
-2641
-4503
-6059
-7260
-8080
-8516
-8581
-8311
-7753
-6964
-6009
-4952
-3854
-2771
-1747
-816
0
694
1269
1738
2118
2432
2704
2956
3202
3453
3709
3962
4196
4390
4514
4541
4441
4190
3770
3172
2400
1469
405
-752
-1955
-3147
-4269
-5261
-6067
-6638
-6936
-6936
-6631
-6028
-5151
-4040
-2750
-1342
110
1537
2866
4033
4982
5671
6073
6178
5991
5534
4844
3968
2961
1883
795
-246
-1190
-1996
-2634
-3087
-3349
-3428
-3341
-3114
-2778
-2367
-1915
-1455
-1011
-605
-249
50
296
494
656
794
922
1050
1184
1326
1471
1609
1724
1797
1808
1735
1561
1274
870
355
-255
-936
-1651
-2356
-3002
-3539
-3916
-4088
-4023
-3698
-3106
-2261
-1192
52
1410
2803
4148
5356
6341
7027
7350
7264
6750
5811
4477
2806
878
-1205
-3330
-5375
-7216
-8739
-9842
-10447
-10502
-9986
-8912
-7326
-5304
-2952
-395
2226
4766
7081
9039
10528
11462
11788
11487
10578
9114
7181
4892
2379
-211
-2734
-5047
-7025
-8563
-9586
-10050
-9947
-9304
-8177
-6655
-4843
-2864
-844
1088
2822
4259
5324
5974
6190
5988
5409
4520
3403
2158
884
-318
-1360
-2168
-2690
-2897
-2786
-2381
-1725
-885
60
1025
1923
2670
3198
3453
3404
3043
2386
1473
364
-864
-2127
-3332
-4392
-5225
-5767
-5969
-5808
-5284
-4422
-3267
-1888
-366
1205
2733
4125
5296
6177
6718
6890
6688
6128
5251
4114
2788
1356
-97
-1489
-2744
-3798
-4602
-5126
-5358
-5305
-4993
-4460
-3756
-2937
-2063
-1190
-368
361
969
1439
1768
1964
2047
2043
1981
1893
1807
1746
0
0
0
0
0
0
0
0
0
0
0
0
0
0
0
0
0
0
0
0
0
0
0
0
0
0
0
0
0
0
0
0
0
0
0
0
0
0
0
0
0
0
0
0
0
0
0
0
0
0
0
0
0
0
0
0
0
0
0
0
0
0
0
0
0
0
0
15521
15109
13899
11961
9408
6388
3074
-344
-3674
-6733
-9356
-11406
-12787
-13440
-13354
-12563
-11138
-9190
-6854
-4285
-1645
907
3226
5189
6700
7699
8163
8105
7572
6641
5412
3997
2518
1088
-185
-1218
-1950
-2347
-2406
-2154
-1641
-941
-140
667
1387
1935
2242
2259
1963
1360
479
-620
-1862
-3153
-4391
-5473
-6306
-6807
-6917
-6602
-5857
-4705
-3201
-1424
525
2533
4478
6240
7709
8791
9416
9540
9152
8274
6954
5272
3326
1233
-884
-2904
-4711
-6206
-7311
-7974
-8174
-7918
-7243
-6209
-4900
-3414
-1854
-326
1071
2255
3158
3740
3982
3893
3507
2879
2078
1187
292
-522
-1182
-1625
-1810
-1717
-1348
-731
87
1041
2053
3038
3911
4590
5008
5113
4874
4285
3362
2146
699
-898
-2556
-4175
-5656
-6908
-7851
-8420
-8576
-8300
-7600
-6509
-5082
-3391
-1527
413
2330
4124
5707
7001
7949
8511
8672
8438
7835
6908
5719
4338
2842
1312
-177
-1559
-2775
-3780
-4547
-5061
-5325
-5354
-5173
-4819
-4332
-3755
-3129
-2495
-1883
-1319
-821
-396
-44
239
467
656
822
981
1147
1332
1540
1771
2021
2279
2532
2761
2950
3078
3130
3092
2955
2713
2367
1924
1395
796
147
-530
-1212
-1875
-2496
-3054
-3532
-3913
-4187
-4346
-4385
-4303
-4103
-3788
-3365
-2844
-2234
-1548
-801
-8
813
1642
2459
3238
3956
4587
5106
5487
5710
5754
5607
5262
4718
3983
3074
2017
847
-396
-1665
-2908
-4073
-5108
-5963
-6598
-6978
-7081
-6898
-6430
-5695
-4722
-3554
-2240
-841
580
1960
3236
4351
5257
5916
6303
6407
6231
5792
5119
4253
3241
2136
995
-127
-1181
-2121
-2910
-3522
-3940
-4159
-4184
-4029
-3716
-3272
-2729
-2119
-1475
-826
-200
380
899
1345
1710
1991
2188
2306
2346
2315
2216
2053
1830
1548
1209
818
378
-103
-616
-1146
-1676
-2184
-2645
-3031
-3315
-3468
-3467
-3292
-2932
-2383
-1654
-762
261
1375
2529
3664
4717
5624
6323
6758
6884
6669
6098
5173
3919
2377
609
-1307
-3283
-5221
-7019
-8577
-9804
-10623
-10972
-10813
-10132
-8943
-7285
-5223
-2844
-254
2426
5070
7551
9744
11541
12848
13595
13739
13267
12194
10566
8455
5958
3188
274
-2649
-5450
-8000
-10185
-11910
-13100
-13709
-13719
-13139
-12005
-10380
-8345
-6001
-3460
-840
1741
4171
6348
8184
9611
10580
11067
11069
10606
9718
8464
6914
5151
3263
1339
-532
-2273
-3811
-5089
-6065
-6711
-7019
-6994
-6660
-6051
-5214
-4206
-3087
-1920
-768
309
1262
2048
2635
3004
3149
3077
2806
2368
1800
1148
461
-208
-813
-1310
-1660
-1839
-1829
-1628
-1244
-701
-30
724
1514
2285
2983
3554
3953
4140
4090
3790
3242
2463
1485
353
-874
-2133
-3354
-4465
-5401
-6102
-6519
-6619
-6385
-5819
-4942
-3793
-2426
-912
671
2240
3709
4997
6034
6759
7133
7133
6758
6030
4990
3697
2224
658
-912
-2397
-3710
-4778
-5540
-5956
-6004
-5688
-5030
-4077
-2890
-1547
-134
1258
2542
3637
4472
4995
5173
4995
4472
3637
2542
1258
-134
-1547
-2890
-4077
-5030
-5688
-6004
-5956
-5540
-4778
-3710
-2397
-912
658
2224
3697
4990
6030
6758
7133
7133
6759
6034
4997
3709
2240
671
-912
-2426
-3793
-4942
-5819
-6385
-6619
-6519
-6102
-5401
-4465
-3354
-2133
-874
353
1485
2463
3242
3790
4090
4140
3953
3554
2983
2285
1514
724
-30
-701
-1244
-1628
-1829
-1839
-1660
-1310
-813
-208
461
1148
1800
2368
2806
3077
3149
3004
2635
2048
1262
309
-768
-1920
-3087
-4206
-5214
-6051
-6660
-6994
-7019
-6711
-6065
-5089
-3811
-2273
-532
1339
3263
5151
6914
8464
9718
10606
11069
11067
10580
9611
8184
6348
4171
1741
-840
-3460
-6001
-8345
-10380
-12005
-13139
-13719
-13709
-13100
-11910
-10185
-8000
-5450
-2649
274
3188
5958
8455
10566
12194
13267
13739
13595
12848
11541
9744
7551
5070
2426
-254
-2844
-5223
-7285
-8943
-10132
-10813
-10972
-10623
-9804
-8577
-7019
-5221
-3283
-1307
609
2377
3919
5173
6098
6669
6884
6758
6323
5624
4717
3664
2529
1375
261
-762
-1654
-2383
-2932
-3292
-3467
-3468
-3315
-3031
-2645
-2184
-1676
-1146
-616
-103
378
818
1209
1548
1830
2053
2216
2315
2346
2306
2188
1991
1710
1345
899
380
-200
-826
-1475
-2119
-2729
-3272
-3716
-4029
-4184
-4159
-3940
-3522
-2910
-2121
-1181
-127
995
2136
3241
4253
5119
5792
6231
6407
6303
5916
5257
4351
3236
1960
580
-841
-2240
-3554
-4722
-5695
-6430
-6898
-7081
-6978
-6598
-5963
-5108
-4073
-2908
-1665
-396
847
2017
3074
3983
4718
5262
5607
5754
5710
5487
5106
4587
3956
3238
2459
1642
813
-8
-801
-1548
-2234
-2844
-3365
-3788
-4103
-4303
-4385
-4346
-4187
-3913
-3532
-3054
-2496
-1875
-1212
-530
147
796
1395
1924
2367
2713
2955
3092
3130
3078
2950
2761
2532
2279
2021
1771
1540
1332
1147
981
822
656
467
239
-44
-396
-821
-1319
-1883
-2495
-3129
-3755
-4332
-4819
-5173
-5354
-5325
-5061
-4547
-3780
-2775
-1559
-177
1312
2842
4338
5719
6908
7835
8438
8672
8511
7949
7001
5707
4124
2330
413
-1527
-3391
-5082
-6509
-7600
-8300
-8576
-8420
-7851
-6908
-5656
-4175
-2556
-898
699
2146
3362
4285
4874
5113
5008
4590
3911
3038
2053
1041
87
-731
-1348
-1717
-1810
-1625
-1182
-522
292
1187
2078
2879
3507
3893
3982
3740
3158
2255
1071
-326
-1854
-3414
-4900
-6209
-7243
-7918
-8174
-7974
-7311
-6206
-4711
-2904
-884
1233
3326
5272
6954
8274
9152
9540
9416
8791
7709
6240
4478
2533
525
-1424
-3201
-4705
-5857
-6602
-6917
-6807
-6306
-5473
-4391
-3153
-1862
-620
479
1360
1963
2259
2242
1935
1387
667
-140
-941
-1641
-2154
-2406
-2347
-1950
-1218
-185
1088
2518
3997
5412
6641
7572
8105
8163
7699
6700
5189
3226
907
-1645
-4285
-6854
-9190
-11138
-12563
-13354
-13440
-12787
-11406
-9356
-6733
-3674
-344
3074
6388
9408
11961
13899
15109
0
0
0
0
0
0
0
0
0
0
0
0
0
0
0
0
0
0
0
0
0
0
0
0
0
0
0
0
0
0
0
0
0
0
0
0
0
0
0
0
0
0
0
0
0
0
0
0
0
0
0
0
0
0
0
0
0
0
0
0
0
0
0
0
0
0
0
