0
4278
8485
12550
16402
19973
23203
26035
28419
30314
31684
32507
32766
32456
31581
30156
28203
25758
22860
19561
15917
11991
7852
3573
-771
-5106
-9352
-13436
-17284
-20829
-24006
-26759
-29038
-30801
-32015
-32660
-32720
-32196
-31094
-29434
-27244
-24563
-21439
-17925
-14087
-9991
-5712
-1327
3083
7441
11667
15683
19415
22796
25762
28259
30239
31667
32514
32764
32412
31462
29931
27847
25247
22178
18696
14865
10755
6443
2009
-2465
-6896
-11201
-15299
-19113
-22570
-25606
-28162
-30190
-31650
-32514
-32764
-32394
-31411
-29832
-27686
-25012
-21861
-18292
-14372
-10175
-5781
-1274
3259
7733
12062
16161
19951
23359
26318
28771
30668
31973
32659
32711
32127
30919
29107
26727
23823
20452
16679
12577
8226
3711
-879
-5455
-9926
-14204
-18204
-21846
-25058
-27775
-29942
-31516
-32464
-32766
-32415
-31417
-29790
-27567
-24790
-21514
-17805
-13736
-9388
-4849
-209
4437
8997
13377
17489
21248
24578
27411
29687
31359
32393
32765
32468
31507
29899
27676
24884
21579
17828
13707
9301
4700
0
-4703
-9311
-13729
-17864
-21629
-24947
-27746
-29968
-31566
-32503
-32761
-32332
-31225
-29460
-27076
-24119
-20653
-16748
-12488
-7961
-3263
1506
6246
10856
15238
19298
22949
26112
28719
30713
32051
32702
32651
31900
30461
28366
25658
22395
18646
14492
10022
5332
524
-4298
-9029
-13567
-17811
-21669
-25055
-27896
-30127
-31699
-32577
-32739
-32182
-30916
-28967
-26379
-23206
-19519
-15397
-10932
-6222
-1372
3511
8320
12945
17284
21240
24723
27655
29968
31611
32545
32748
32214
30954
28995
26381
23169
19431
15252
10724
5950
1038
-3899
-8751
-13405
-17757
-21705
-25159
-28038
-30277
-31822
-32637
-32702
-32014
-30588
-28456
-25665
-22280
-18377
-14047
-9388
-4509
477
5455
10308
14924
19194
23018
26305
28979
30974
32243
32756
32498
31476
29711
27244
24133
20449
16280
11722
6884
1880
-3170
-8148
-12935
-17416
-21484
-25041
-28000
-30291
-31856
-32659
-32677
-31909
-30373
-28105
-25157
-21600
-17520
-13013
-8189
-3163
1941
7001
11893
16499
20705
24407
27516
29953
31659
32589
32721
32049
30590
28377
25463
21921
17836
13307
8448
3377
-1780
-6896
-11843
-16499
-20746
-24479
-27603
-30040
-31727
-32621
-32699
-31957
-30413
-28105
-25088
-21439
-17247
-12618
-7668
-2522
2689
7836
12787
17416
21605
25247
28248
30530
32035
32723
32574
31592
29801
27244
23987
20112
15718
10917
5832
595
-4660
-9798
-14685
-19194
-23208
-26622
-29345
-31307
-32455
-32757
-32206
-30813
-28614
-25665
-22043
-17841
-13169
-8148
-2911
2405
7661
12717
17440
21705
25397
28419
30689
32146
32750
32483
31352
29385
26633
23169
19084
14487
9500
4255
-1105
-6439
-11603
-16457
-20870
-24723
-27911
-30346
-31961
-32712
-32578
-31559
-29684
-27001
-23582
-19519
-14922
-9916
-4636
771
6162
11386
16301
20770
24671
27896
30354
31977
32719
32558
31498
29565
26813
23317
19172
14492
9407
4058
-1405
-6833
-12073
-16978
-21411
-25247
-28377
-30713
-32188
-32760
-32410
-31148
-29007
-26047
-22351
-18021
-13179
-7961
-2516
3003
8440
13640
18454
22745
26389
29282
31340
32503
32737
32033
30409
27913
24613
20604
16000
10932
5547
0
-5550
-10942
-16021
-20637
-24657
-27963
-30458
-32068
-32745
-32468
-31244
-29107
-26118
-22364
-17952
-13013
-7689
-2137
3479
8997
14252
19090
23367
26955
29748
31662
32640
32650
31691
29790
27003
23411
19119
14256
8965
3403
-2262
-7862
-13230
-18204
-22633
-26385
-29345
-31423
-32556
-32707
-31871
-30072
-27362
-23823
-19561
-14703
-9397
-3803
1908
7565
12994
18030
22517
26318
29316
31419
32559
32702
31841
30001
27238
23635
19302
14372
8996
3339
-2422
-8112
-13553
-18577
-23026
-26761
-29667
-31650
-32648
-32629
-31591
-29565
-26615
-22829
-18327
-13249
-7752
-2009
3799
9491
14886
19815
24120
27666
30338
32052
32751
32412
31044
28690
25423
21345
16586
11295
5642
-193
-6025
-11667
-16938
-21669
-25706
-28920
-31206
-32489
-32726
-31909
-30063
-27244
-23544
-19081
-13998
-8460
-2644
3259
9060
14569
19606
24006
27626
30346
32075
32756
32366
30916
28451
25051
20827
15917
10480
4696
-1244
-7147
-12817
-18065
-22719
-26622
-29644
-31684
-32674
-32578
-31398
-29173
-25975
-21909
-17110
-11737
-5969
0
5972
11747
17130
21941
26016
29217
31436
32596
32657
31615
29504
26395
22390
17625
12260
6476
470
-5554
-11392
-16845
-21726
-25867
-29127
-31393
-32585
-32662
-31619
-29491
-26349
-22301
-17483
-12062
-6222
-166
5898
11762
17222
22088
26191
29387
31566
32648
32597
31411
29131
25835
21636
16679
11138
5205
-912
-7001
-12847
-18244
-23003
-26955
-29960
-31912
-32739
-32412
-30940
-28374
-24803
-20353
-15179
-9465
-3413
2763
8843
14612
19863
24407
28083
30758
32334
32755
32003
30103
27124
23169
18381
12929
7010
836
-5370
-11386
-16993
-21989
-26191
-29446
-31636
-32680
-32538
-31214
-28754
-25247
-20819
-15630
-9868
-3744
2518
8692
14551
19879
24480
28184
30855
32393
32739
31880
29845
26709
22585
17625
12011
5950
-333
-6607
-12639
-18204
-23094
-27128
-30152
-32055
-32763
-32248
-30528
-27666
-23767
-18976
-13473
-7461
-1167
5173
11322
17047
22132
26385
29644
31785
32724
32427
30901
28203
24435
19738
14288
8294
1981
-4409
-10635
-16457
-21654
-26025
-29402
-31656
-32697
-32485
-31027
-28377
-24634
-19943
-14481
-8460
-2109
4324
10594
16457
21686
26077
29459
31699
32710
32451
30929
28203
24378
19601
14056
7961
1552
-4919
-11201
-17047
-22227
-26537
-29806
-31906
-32751
-32307
-30590
-27666
-23648
-18696
-13002
-6791
-309
6187
12441
18204
23246
27366
30398
32222
32762
31995
29951
26709
22398
17189
11289
4935
-1619
-8112
-14281
-19879
-24678
-28486
-31147
-32552
-32643
-31416
-28917
-25247
-20553
-15023
-8882
-2378
4225
10659
16662
21989
26421
29777
31918
32756
32254
30432
27362
23169
18024
12137
5748
-879
-7473
-13762
-19485
-24407
-28323
-31070
-32533
-32650
-31414
-28875
-25136
-20353
-14721
-8475
-1874
4807
11292
17307
22602
26955
30182
32146
32765
32010
29911
26556
22083
16679
10571
4016
-2711
-9326
-15551
-21121
-25799
-29387
-31732
-32732
-32344
-30582
-27520
-23286
-18060
-12062
-5547
1206
7911
14280
20041
24947
28786
31393
32653
32513
30975
28105
24024
18906
12972
6476
-301
-7069
-13534
-19415
-24458
-28443
-31196
-32596
-32580
-31148
-28360
-24336
-19250
-13322
-6811
0
6813
13332
19269
24364
28393
31178
32594
32578
31129
28309
24241
19103
13120
6555
-301
-7147
-13680
-19609
-24671
-28641
-31340
-32648
-32505
-30916
-27948
-23735
-18460
-12360
-5706
1206
8067
14569
20421
25359
29162
31656
32728
32328
30473
27244
22786
17298
11027
4255
-2711
-9557
-15974
-21669
-26383
-29901
-32062
-32766
-31979
-29736
-26137
-21345
-15577
-9095
-2195
4807
11593
17850
23291
27666
30771
32464
32665
31362
28614
24546
19345
13249
6538
-477
-7473
-14125
-20126
-25196
-29098
-31650
-32732
-32292
-30349
-26991
-22374
-16712
-10266
-3339
3746
10659
17076
22694
27251
30530
32377
32702
31489
28793
24740
19519
13375
6597
-494
-7565
-14281
-20323
-25404
-29282
-31772
-32753
-32178
-30072
-26533
-21729
-15887
-9285
-2238
4919
11843
18204
23695
28052
31066
32589
32548
30942
27847
23411
17845
11416
4435
-2763
-9830
-16425
-22227
-26955
-30378
-32330
-32713
-31507
-28769
-24631
-19293
-13013
-6096
1120
8285
15047
21076
26077
29802
32068
32763
31850
29372
25451
20276
14101
7230
0
-7232
-14111
-20295
-25478
-29402
-31872
-32764
-32033
-29711
-25913
-20827
-14703
-7845
-595
6688
13640
19914
25196
29220
31785
32759
32093
29819
26047
20967
14832
7950
664
-6656
-13645
-19948
-25247
-29273
-31822
-32763
-32046
-29706
-25861
-20703
-14492
-7543
-209
7138
14125
20396
25629
29557
31977
32766
31880
29363
25342
20022
13674
6622
-771
-8129
-15071
-21240
-26318
-30042
-32219
-32734
-31559
-28754
-24461
-18901
-12360
-5177
2276
9615
16457
22447
27271
30678
32489
32608
31026
27825
23169
17302
10527
3199
-4298
-11573
-18244
-23960
-28419
-31387
-32705
-32302
-30198
-26501
-21406
-15179
-8148
-684
6817
13962
20369
25700
29668
32064
32757
31710
28975
24698
19103
12488
5205
-2358
-9798
-16717
-22745
-27557
-30894
-32577
-32513
-30703
-27244
-22319
-16192
-9191
-1693
5898
13175
19743
25247
29388
31941
32765
31816
29141
24884
19276
12618
5272
-2362
-9871
-16845
-22903
-27714
-31014
-32621
-32445
-30495
-26875
-21781
-15492
-8351
-749
6896
14165
20658
26016
29942
32220
32721
31417
28377
23767
17841
10926
3403
-4310
-11787
-18613
-24407
-28847
-31684
-32759
-32010
-29476
-25298
-19707
-13013
-5590
2148
9769
16845
22980
27828
31116
32659
32366
30254
26438
21133
14635
7310
-430
-8148
-15409
-21801
-26962
-30598
-32502
-32563
-30778
-27244
-22162
-15818
-8572
-836
6950
14343
20920
26305
30190
32350
32661
31103
27762
22829
16586
9388
1649
-6187
-13670
-20369
-25898
-29936
-32249
-32702
-31267
-28024
-23161
-16955
-9766
-2009
5867
13405
20168
25762
29860
32222
32709
31291
28049
23169
16936
9711
1916
-5992
-13553
-20323
-25904
-29968
-32275
-32687
-31179
-27837
-22855
-16527
-9222
-1372
6562
14111
20829
26318
30252
32397
32623
30916
27374
22206
15718
8294
373
-7571
-15067
-21669
-26980
-30683
-32556
-32483
-30469
-26631
-21197
-14492
-6916
1077
9009
16402
22811
27851
31216
32702
32218
29790
25564
19793
12824
5078
-2978
-10856
-18080
-24210
-28873
-31785
-32766
-31757
-28816
-24119
-17952
-10689
-2772
5316
13083
20053
25799
29968
32304
32662
31017
27469
22233
15630
8064
0
-8067
-15639
-22251
-27492
-31038
-32669
-32282
-29899
-25665
-19840
-12785
-4935
3223
11185
18454
24578
29176
31960
32754
31507
28295
23317
16881
9388
1306
-6859
-14599
-21426
-26913
-30713
-32587
-32415
-30206
-26096
-20343
-13307
-5431
2789
10837
18204
24423
29100
31937
32755
31498
28244
23199
16679
9099
938
-7285
-15047
-21854
-27271
-30951
-32659
-32282
-29844
-25497
-19519
-12290
-4271
4023
12062
19330
25359
29762
32252
32670
30984
27303
21861
15008
7184
-1105
-9326
-16947
-23474
-28484
-31650
-32766
-31757
-28687
-23753
-17274
-9670
-1435
6896
14781
21705
27215
30951
32666
32248
29720
25247
19119
11737
3583
-4807
-12886
-20121
-26035
-30239
-32455
-32534
-30469
-26395
-20578
-13400
-5336
3083
11302
18775
25007
29584
32200
32681
30992
27244
21684
14679
6695
-1736
-10055
-17706
-24178
-29038
-31959
-32744
-31340
-27837
-22468
-15592
-7668
771
9163
16942
23583
28641
31772
32764
31548
28203
22955
16155
8261
-193
-8637
-16499
-23246
-28419
-31667
-32766
-31641
-28366
-23161
-16378
-8479
0
8482
16388
23178
28387
31659
32766
31633
28334
23092
16267
8323
-193
-8699
-16610
-23382
-28547
-31748
-32764
-31521
-28105
-22748
-15818
-7793
771
9287
17161
23850
28887
31923
32744
31292
27666
22114
15023
6884
-1736
-10238
-18030
-24565
-29387
-32158
-32681
-30919
-26991
-21173
-13868
-5590
3083
11543
19194
25499
30012
32414
32534
30361
26047
19895
12336
3903
-4807
-13181
-20625
-26610
-30711
-32637
-32248
-29569
-24790
-18247
-10405
-1820
6896
15124
22277
27843
31423
32760
31757
28483
23169
16196
8060
-655
-9326
-17331
-24094
-29127
-32068
-32703
-30984
-27033
-21133
-13707
-5289
3511
12062
19743
25999
30374
32552
32371
29844
25150
18630
10754
2094
-6719
-15047
-22282
-27896
-31478
-32765
-31661
-28244
-22763
-15616
-7324
1506
10228
18204
24847
29668
32313
32585
30461
26096
19809
12062
3423
-5469
-13962
-21426
-27310
-31178
-32740
-31881
-28661
-23317
-16242
-7961
912
9721
17811
24578
29519
32265
32608
30520
26157
19840
12041
3339
-5613
-14150
-21629
-27492
-31296
-32755
-31758
-28377
-22863
-15630
-7219
1736
10564
18599
25234
29968
32443
32468
30041
25342
18725
10689
1842
-7147
-15598
-22868
-28404
-31785
-32751
-31227
-27327
-21345
-13736
-5078
3969
12717
20496
26712
30887
32702
32014
28875
23522
16364
7950
-1077
-10024
-18204
-24986
-29848
-32414
-32483
-30050
-25298
-18593
-10451
-1499
7571
16058
23305
28750
31969
32711
30916
26720
20449
12587
3744
-5391
-14111
-21734
-27666
-31442
-32766
-31533
-27837
-21964
-14372
-5653
3510
12401
20323
26654
30894
32710
31957
28692
23169
15822
7226
-1941
-10958
-19113
-25762
-30378
-32596
-32237
-29328
-24096
-16955
-8469
691
9799
18132
25028
29936
32465
32412
29778
24772
17791
9388
234
-8940
-17404
-24479
-29598
-32350
-32513
-30072
-25219
-18342
-9991
-836
8388
16942
24135
29387
32275
32563
30226
25451
18620
10283
1113
-8148
-16754
-24006
-29316
-32252
-32574
-30254
-25477
-18630
-10266
-1066
8222
16845
24098
29390
32286
32549
30156
25298
18372
9941
695
-8610
-17213
-24407
-29603
-32371
-32482
-29925
-24908
-17841
-9305
0
9307
17850
24924
29942
32491
32356
29546
24293
17028
8351
-1019
-10308
-18745
-25629
-30386
-32621
-32145
-28995
-23432
-15917
-7073
2362
11603
19879
26497
30903
32728
31816
28241
22301
14491
5464
-4023
-13175
-21224
-27492
-31451
-32766
-31324
-27244
-20868
-12732
-3519
5992
15001
22745
28568
31977
32682
30619
25962
19103
10622
1238
-8253
-17047
-24394
-29668
-32420
-32412
-29643
-24347
-16973
-8148
1373
10781
19269
26112
30723
32705
31886
28334
22351
14449
5304
-4298
-13534
-21608
-27826
-31650
-32749
-31026
-26627
-19930
-11510
-2094
7504
16457
23989
29446
32355
32460
29752
24461
17046
8148
-1459
-10942
-19477
-26318
-30870
-32732
-31742
-27983
-21780
-13674
-4371
5316
14541
22496
28484
31977
32669
30495
25645
18541
9807
209
-9410
-18204
-25397
-30356
-32640
-32046
-28625
-22675
-14721
-5464
4278
13645
21806
28038
31787
32719
30748
26047
19032
10324
695
-8997
-17892
-25196
-30256
-32621
-32077
-28669
-22701
-14703
-5389
4409
13816
21989
28193
31872
32694
30582
25725
18555
9715
0
-9718
-18563
-25739
-30598
-32699
-31850
-28126
-21861
-13619
-4144
5708
15047
23026
28920
32194
32549
29951
24631
17073
7961
-1876
-11547
-20168
-26955
-31287
-32766
-31257
-26894
-20073
-11416
-1713
8148
17267
24807
30076
32589
32113
28690
22632
14492
5018
-4919
-14407
-22570
-28657
-32104
-32591
-30072
-24775
-17189
-8012
1907
11653
20323
27113
31393
32763
31094
26539
19519
10683
852
-9060
-18132
-25519
-30530
-32697
-31816
-27965
-21503
-13031
-3339
6667
16052
23938
29584
32459
32292
29097
23169
15065
5543
-4501
-14125
-22423
-28612
-32108
-32578
-29977
-24546
-16798
-7461
2582
12385
21019
27666
31694
32721
30647
25665
18247
9095
-923
-10856
-19760
-26786
-31264
-32766
-31146
-26556
-19431
-10451
-470
9557
18675
26008
30855
32749
31507
27244
20368
11537
1595
-8501
-17784
-25359
-30497
-32702
-31758
-27754
-21074
-12360
-2451
7696
17103
24860
30215
32648
31922
28105
21563
12929
3039
-7147
-16643
-24525
-30025
-32607
-32016
-28309
-21844
-13249
-3359
6859
16412
24364
29939
32588
32050
28377
21924
13322
3413
-6833
-16412
-24382
-29960
-32596
-32028
-28309
-21804
-13150
-3199
7069
16643
24578
30089
32630
31946
28105
21482
12732
2719
-7565
-17103
-24947
-30318
-32680
-31797
-27754
-20951
-12062
-1970
8320
17784
25478
30633
32732
31565
27244
20200
11134
952
-9326
-18675
-26154
-31014
-32765
-31228
-26556
-19215
-9941
333
10578
19760
26955
31436
32749
30759
25665
17979
8475
-1887
-12062
-21019
-27851
-31864
-32650
-30126
-24546
-16475
-6728
3703
13762
22423
28806
32258
32427
29291
23169
14683
4696
-5772
-15653
-23938
-29777
-32571
-32033
-28214
-21503
-12587
-2378
8077
17706
25519
30711
32748
31416
26850
19519
10175
-219
-10594
-19879
-27113
-31549
-32726
-30520
-25157
-17189
-7439
3083
13289
22119
28657
32222
32441
29289
23092
14492
4381
-6187
-16114
-24364
-30076
-32652
-31820
-27666
-20619
-11416
-1017
9491
19008
26537
31287
32757
30792
25595
17709
7961
-2625
-12939
-21894
-28547
-32194
-32451
-29286
-23032
-14346
-4144
6498
16457
24678
30291
32699
31644
27238
19943
10531
0
-10533
-19951
-27251
-31656
-32694
-30254
-24592
-16309
-6286
4409
14637
23305
29487
32519
32077
28203
21312
12137
1660
-8997
-18692
-26385
-31248
-32757
-30748
-25434
-17383
-7461
3266
13645
22556
29038
32390
32248
28625
21909
12824
2351
-8378
-18204
-26061
-31098
-32765
-30880
-25645
-17625
-7689
3083
13524
22496
29023
32393
32235
28565
21780
12618
2077
-8692
-18516
-26318
-31245
-32755
-30681
-25247
-17046
-6975
3863
14280
23132
29446
32527
32033
28015
20915
11510
836
-9932
-19609
-27125
-31650
-32682
-30103
-24198
-15616
-5304
5596
15880
24407
30232
32705
31550
26894
19250
9465
-1373
-12062
-21411
-28379
-32188
-32412
-29022
-22395
-13267
-2656
8253
18244
26197
31222
32754
30619
25054
16679
6433
-4537
-15001
-23783
-29895
-32648
-31731
-27244
-19690
-9916
976
11762
21224
28293
32170
32415
28997
22301
13080
2378
-8595
-18599
-26497
-31393
-32729
-30352
-24528
-15917
-5494
5554
15974
24578
30386
32734
31352
26395
18425
8351
-2679
-13405
-22602
-29217
-32491
-32046
-27932
-20616
-10936
0
10939
20625
27944
32055
32482
29173
22507
13249
2462
-8610
-18692
-26622
-31481
-32707
-30156
-24119
-15293
-4696
6446
16845
25296
30817
32766
30916
25477
17079
6695
-4468
-15115
-24006
-30106
-32702
-31489
-26606
-18620
-8460
2689
13528
22788
29387
32552
31909
27532
19930
9991
-1120
-12103
-21669
-28693
-32350
-32208
-28280
-21025
-11295
-234
10856
20671
28052
32127
32412
28871
21921
12379
1372
-9799
-19815
-27487
-31906
-32545
-29328
-22632
-13249
-2291
8940
19113
27016
31708
32629
29666
23169
13911
2992
-8285
-18577
-26654
-31549
-32677
-29899
-23544
-14372
-3477
7836
18214
26411
31442
32702
30037
23764
14635
3744
-7598
-18030
-26293
-31393
-32711
-30086
-23833
-14703
-3796
7571
18026
26305
31405
32707
30050
23753
14577
3632
-7754
-18204
-26446
-31479
-32688
-29925
-23522
-14256
-3253
8148
18560
26712
31608
32650
29706
23135
13736
2656
-8751
-19090
-27095
-31785
-32581
-29385
-22585
-13013
-1842
9557
19786
27585
31994
32468
28947
21861
12081
809
-10564
-20637
-28166
-32219
-32293
-28377
-20951
-10932
440
11762
21629
28819
32437
32033
27653
19840
9561
-1907
-13142
-22745
-29519
-32621
-31661
-26755
-18514
-7961
3586
14689
23960
30239
32740
31148
25658
16955
6128
-5469
-16384
-25247
-30944
-32759
-30461
-24336
-15151
-4058
7546
18204
26572
31595
32638
29565
22763
13087
1756
-9798
-20118
-27896
-32148
-32332
-28424
-20915
-10754
771
12203
22088
29171
32552
31797
27001
18769
8148
-3511
-14727
-24069
-30346
-32754
-30984
-25260
-16309
-5272
6439
17331
26008
31359
32696
29845
23169
13521
2137
-9523
-19964
-27843
-32146
-32318
-28334
-20703
-10405
1234
12717
22564
29503
32637
31559
26407
17841
6968
-4807
-15965
-25058
-30909
-32757
-30361
-24028
-14577
-3233
8533
19194
27364
31977
32433
28669
21173
10917
-762
-12345
-22321
-29387
-32619
-31592
-26438
-17828
-6884
4961
16161
25247
31028
32744
30168
23635
13998
2522
-9287
-19879
-27860
-32179
-32265
-28105
-20242
-9711
2101
13640
23382
30040
32733
31103
25362
16267
5018
-6896
-17901
-26537
-31659
-32585
-29190
-21921
-11741
0
11743
21929
29201
32589
31641
26480
17791
6728
-5233
-16499
-25566
-31222
-32709
-29826
-22955
-13013
-1327
10537
20994
28641
32450
31909
27088
18630
7668
-4324
-15739
-25041
-30976
-32744
-30105
-23411
-13561
-1880
10055
20637
28436
32397
31982
27244
18822
7852
-4182
-15653
-25007
-30974
-32743
-30072
-23319
-13400
-1660
10308
20879
28612
32455
31881
26966
18377
7282
-4807
-16245
-25468
-31216
-32702
-29720
-22675
-12528
-664
11292
21705
29147
32596
31576
26225
17274
5950
-6193
-17489
-26383
-31650
-32564
-28995
-21433
-10917
1105
12978
23064
29968
32737
30984
24950
15465
3839
-8320
-19330
-27666
-32170
-32217
-27796
-19519
-8531
3643
15314
24860
30951
32739
29972
23032
12884
938
-11141
-21669
-29176
-32613
-31498
-25982
-16835
-5332
6918
18204
26944
31912
32410
28366
20343
9465
-2743
-14569
-24351
-30713
-32759
-30198
-23387
-13283
-1306
10856
21492
29100
32604
31507
25962
16748
5166
-7147
-18454
-27152
-32008
-32332
-28076
-19840
-8789
3510
15314
24947
31038
32720
29752
22551
12140
0
-12143
-22559
-29762
-32723
-31017
-24884
-15198
-3339
8998
20053
28242
32393
31908
26854
17952
6476
-5930
-17489
-26541
-31785
-32465
-28481
-20402
-9388
2978
14918
24714
30951
32730
29790
22554
12062
-172
-12385
-22811
-29942
-32746
-30813
-24421
-14492
-2462
9926
20879
28806
32556
31581
26021
16679
4912
-7571
-18956
-27585
-32200
-32127
-27374
-18630
-7167
5342
17076
26318
31719
32485
28504
20353
9222
-3259
-15267
-25041
-31147
-32687
-29434
-21861
-11077
1334
13553
23783
30517
32764
30189
23169
12736
423
-11953
-22570
-29860
-32743
-30792
-24293
-14202
-2009
10483
21426
29201
32652
31267
25247
15482
3419
-9153
-20369
-28563
-32514
-31633
-26047
-16586
-4654
7973
19415
27967
32350
31910
26709
17520
5712
-6950
-18577
-27428
-32179
-32116
-27244
-18292
-6597
6088
17864
26962
32015
32263
27666
18910
7310
-5391
-17284
-26579
-31872
-32366
-27983
-19380
-7852
4862
16845
26287
31760
32433
28203
19707
8226
-4501
-16550
-26094
-31684
-32472
-28334
-19895
-8434
4310
16402
26003
31651
32486
28377
19946
8475
-4288
-16402
-26016
-31662
-32478
-28334
-19861
-8351
4437
16550
26133
31717
32445
28203
19638
8060
-4756
-16845
-26351
-31812
-32386
-27983
-19276
-7602
5243
17284
26666
31941
32293
27666
18769
6975
-5898
-17864
-27071
-32095
-32157
-27244
-18113
-6176
6719
18577
27557
32265
31968
26709
17302
5205
-7702
-19415
-28111
-32434
-31710
-26047
-16326
-4058
8843
20369
28719
32588
31368
25247
15179
2736
-10137
-21426
-29364
-32705
-30922
-24293
-13853
-1238
11573
22570
30025
32764
30353
23169
12339
-434
-13142
-23783
-30678
-32739
-29638
-21861
-10632
2276
14829
25041
31296
32604
28754
20353
8727
-4282
-16616
-26318
-31849
-32328
-27676
-18630
-6622
6439
18480
27585
32302
31880
26381
16679
4318
-8734
-20396
-28806
-32620
-31227
-24845
-14492
-1820
11144
22329
29942
32763
30335
23047
12062
-859
-13645
-24243
-30951
-32688
-29173
-20967
-9388
3703
16202
26094
31785
32354
27709
18593
6476
-6688
-18775
-27832
-32393
-31718
-25913
-15915
-3339
9779
21317
29402
32723
30737
23764
12933
0
-12935
-23772
-30745
-32720
-29372
-21243
-9654
3510
16105
26077
31798
32332
27590
18342
6096
-7147
-19226
-28162
-32493
-31507
-25362
-15061
-2291
10856
22227
29953
32765
30198
22670
11416
-1716
-14569
-25028
-31370
-32548
-28366
-19509
-7435
5867
18204
27539
32330
31782
25982
15887
3163
-10086
-21669
-29667
-32753
-30413
-23032
-11831
1334
14281
24860
31312
32563
28403
19519
7387
-5976
-18347
-27666
-32377
-31693
-25725
-15465
-2622
10659
22164
29968
32766
30086
22374
10917
-2369
-15261
-25599
-31650
-32396
-27709
-18372
-5950
7473
19643
28516
32596
31195
24546
13765
664
-12550
-23653
-30771
-32702
-29116
-20616
-8634
4807
17440
27128
32230
31881
26137
15968
3092
-10308
-21966
-29901
-32766
-30072
-22272
-10689
2711
15653
25937
31812
32275
27244
17574
4908
-8595
-20637
-29162
-32712
-30681
-23411
-12140
1206
14349
25041
31451
32480
27948
18630
6117
-7445
-19735
-28641
-32634
-31026
-24089
-13013
301
13567
24501
31222
32570
28309
19172
6728
-6876
-19298
-28393
-32589
-31159
-24347
-13326
0
13328
24354
31166
32585
28360
19220
6748
-6896
-19347
-28443
-32604
-31103
-24198
-13087
301
13640
24608
31294
32533
28105
18778
6176
-7504
-19879
-28786
-32669
-30847
-23635
-12290
1206
14493
25247
31583
32389
27520
17828
5008
-8692
-20870
-29387
-32745
-30352
-22624
-10917
2711
15865
26229
31977
32094
26556
16335
3233
-10442
-22277
-30182
-32757
-29546
-21112
-8944
4807
17712
27483
32390
31559
25136
14256
845
-12717
-24026
-31070
-32598
-28334
-19032
-6345
7473
19964
28903
32697
30666
23169
11540
-2148
-15456
-26008
-31918
-32127
-26596
-16309
-3103
10659
22517
30346
32741
29270
20553
8148
-5719
-18563
-28078
-32552
-31179
-24202
-12874
771
14281
25223
31625
32332
27214
17189
4062
-9798
-21894
-30040
-32762
-29565
-21025
-8682
5233
18204
27882
32514
31257
24336
13002
-691
-14262
-25247
-31650
-32307
-27094
-16955
-3732
10171
22227
30239
32747
29289
20494
7961
-6025
-18915
-28356
-32621
-30929
-23586
-11931
1907
15400
26077
31982
32033
26215
15592
2109
-11762
-23479
-30889
-32629
-28377
-18910
-5966
8077
20637
29402
32756
30080
21861
9613
-4409
-17621
-27585
-32459
-31342
-24435
-13013
816
14497
25499
31785
32188
26631
16140
2656
-11322
-23203
-30782
-32650
-28456
-18976
-5969
8148
20755
29503
32763
29925
21514
9095
-5021
-18204
-27995
-32564
-31058
-23753
-12011
1977
15598
26305
32095
31880
25698
14703
952
-12978
-24480
-31393
-32418
-27360
-17165
-3744
10381
22559
30497
32702
28754
19394
6380
-7836
-20580
-29446
-32762
-29899
-21393
-8847
5370
18577
28275
32630
30814
23169
11138
-3003
-16579
-27016
-32334
-31523
-24733
-13249
751
14612
25700
31906
32048
26096
15179
1372
-12698
-24354
-31371
-32412
-27273
-16932
-3359
10856
23003
30758
32638
28280
18514
5205
-9101
-21669
-30089
-32747
-29131
-19930
-6905
7445
20371
29387
32762
29844
21189
8460
-5898
-19125
-28673
-32702
-30433
-22301
-9868
4468
17946
27963
32585
30916
23274
11134
-3159
-16845
-27275
-32428
-31305
-24119
-12260
1977
15833
26622
32247
31615
24845
13249
-923
-14918
-26016
-32055
-31858
-25461
-14105
0
14107
25468
31864
32046
25975
14832
792
-13405
-24986
-31684
-32188
-26395
-15435
-1452
12817
24578
31525
32292
26727
15917
1981
-12345
-24250
-31393
-32366
-26976
-16280
-2378
11993
24006
31293
32415
27148
16527
2644
-11762
-23850
-31230
-32442
-27244
-16660
-2779
11653
23783
31206
32451
27267
16679
2783
-11667
-23806
-31222
-32441
-27217
-16586
-2656
11803
23919
31277
32412
27094
16378
2398
-12062
-24120
-31370
-32361
-26894
-16056
-2009
12441
24407
31496
32285
26615
15616
1488
-12939
-24777
-31650
-32178
-26251
-15055
-836
13553
25223
31826
32033
25797
14372
52
-14280
-25739
-32015
-31841
-25247
-13561
863
15115
26318
32208
31592
24592
12618
-1908
-16052
-26950
-32393
-31276
-23823
-11540
3083
17085
27622
32556
30880
22932
10324
-4384
-18204
-28323
-32682
-30389
-21909
-8965
5807
19399
29038
32755
29790
20744
7461
-7347
-20658
-29748
-32757
-29067
-19428
-5811
8997
21966
30436
32669
28203
17952
4016
-10746
-23305
-31079
-32468
-27184
-16309
-2077
12583
24657
31656
32135
25992
14491
0
-14493
-25999
-32139
-31644
-24613
-12494
2208
16457
27304
32503
30975
23032
10317
-4537
-18454
-28547
-32719
-30103
-21238
-7961
6971
20458
29694
32757
29007
19220
5431
-9491
-22439
-30713
-32587
-27666
-16973
-2736
12073
24364
31568
32177
26060
14492
-108
-14689
-26197
-32222
-31498
-24174
-11781
3083
17304
27896
32634
30520
21996
8847
-6162
-19879
-29416
-32766
-29219
-19519
-5706
9311
22368
30711
32578
27570
16743
2378
-12491
-24723
-31732
-32033
-25558
-13674
1105
15653
26888
32428
31095
23169
10328
-4707
-18745
-28806
-32750
-29736
-20402
-6728
8378
21705
30414
32650
27932
17262
2911
-12062
-24465
-31651
-32083
-25665
-13765
1077
15692
26955
32455
31012
22932
9941
-5180
-19194
-29098
-32765
-29406
-19738
-5832
9326
22486
30817
32526
27244
16102
1495
-13436
-25478
-32035
-31693
-24521
-12062
2999
17416
28078
32680
30226
21243
7668
-7565
-21167
-30192
-32685
-28105
-17438
-2992
12103
24578
31727
31995
25321
13150
-1876
-16499
-27539
-32596
-30567
-21889
-8448
6833
20630
29936
32722
28377
17845
3419
-11753
-24364
-31659
-32040
-25423
-13249
1823
16499
27568
32607
30508
21729
8189
-7147
-20920
-30108
-32693
-28105
-17347
-2779
12401
24860
31856
31850
24838
12360
-2839
-17416
-28160
-32702
-30037
-20749
-6884
8501
22013
30668
32552
27244
15915
1066
-14020
-26008
-32243
-31342
-23500
-10451
4915
19194
29220
32766
29042
18871
4509
-10856
-23813
-31479
-32147
-25665
-13473
1720
16533
27666
32637
30335
21271
7461
-8015
-21705
-30552
-32578
-27327
-15968
-1038
14125
26133
32294
31228
23169
9920
-5554
-19786
-29584
-32748
-28565
-17970
-3339
12043
24723
31849
31816
24627
11897
-3511
-18132
-28673
-32755
-29458
-19519
-5177
10334
23516
31393
32182
25702
13414
-1907
-16800
-27896
-32682
-30072
-20653
-6555
9029
22570
30997
32395
26445
14492
-751
-15827
-27310
-32589
-30461
-21406
-7481
8148
21926
30713
32507
26894
15151
-48
-15238
-26955
-32522
-30664
-21804
-7961
7702
21608
30575
32549
27076
15403
202
-15047
-26852
-32503
-30703
-21861
-8002
7696
21629
30598
32538
27001
15255
0
-15257
-27007
-32541
-30582
-21579
-7602
8129
21989
30779
32468
26664
14703
-655
-15865
-27411
-32621
-30288
-20948
-6758
8997
22672
31098
32318
26047
13736
-1763
-16855
-28038
-32713
-29790
-19946
-5464
10289
23653
31516
32046
25116
12336
-3319
-18204
-28847
-32766
-29042
-18541
-3711
11987
24889
31977
31593
23823
10480
-5316
-19871
-29777
-32711
-27983
-16697
-1495
14059
26318
32404
30885
22114
8148
-7733
-21801
-30745
-32460
-26539
-14372
1180
16457
27860
32699
29832
19930
5325
-10537
-23916
-31650
-31910
-24631
-11530
4298
19113
29409
32747
28334
17210
2009
-13670
-26112
-32365
-30942
-22178
-8148
7817
21929
30833
32412
26285
13907
-1780
-17047
-28259
-32743
-29429
-19103
-4222
11667
24777
31977
31548
23586
9991
-5992
-20546
-30192
-32619
-27244
-15350
219
15739
27492
32660
30001
20149
5464
-10533
-24006
-31719
-31816
-24270
-10892
5106
19879
29873
32681
27625
15917
373
-15261
-27221
-32621
-30156
-20416
-5748
10308
23879
31684
31836
24293
10875
-5173
-19973
-29942
-32665
-27477
-15633
0
15636
27483
32666
29925
19920
5078
-10999
-24407
-31886
-31615
-23656
-9941
6193
20824
30386
32549
26782
14487
-1341
-16845
-28242
-32749
-29262
-18630
-3445
12583
25539
32252
31078
22301
8064
-8148
-22368
-31111
-32231
-25451
-12429
3643
18824
29387
32737
28047
16465
836
-15001
-27152
-32625
-30072
-20115
-5205
10989
24479
31937
31523
23335
9388
-6876
-21447
-30723
-32412
-26092
-13322
2743
18132
29038
32759
28371
16955
1338
-14612
-26944
-32596
-30164
-20247
-5304
10958
24501
31960
31477
23169
9099
-7236
-21774
-30894
-32323
-25702
-12676
3510
18824
29446
32724
27837
16000
166
-15711
-27666
-32707
-29572
-19041
-3744
12491
25602
32304
30916
21780
7184
-9215
-23305
-31551
-31880
-24205
-10451
5930
20824
30486
32483
26311
13518
-2679
-18204
-29147
-32749
-28098
-16364
-502
15488
27574
32702
29574
18976
3583
-12717
-25806
-32371
-30748
-21345
-6538
9926
23879
31785
31636
23467
9346
-7147
-21830
-30974
-32254
-25342
-11991
4409
19692
29968
32623
26976
14462
-1736
-17495
-28798
-32764
-28377
-16752
-852
15267
27492
32699
29554
18857
3339
-13034
-26077
-32450
-30520
-20777
-5712
10817
24578
32042
31291
22515
7961
-8637
-23021
-31496
-31881
-24075
-10079
6509
21426
30833
32307
25463
12062
-4448
-19815
-30076
-32585
-26689
-13907
2465
18204
29244
32732
27762
15616
-569
-16610
-28356
-32765
-28692
-17189
-1231
15047
27428
32699
29490
18630
2932
-13528
-26478
-32552
-30168
-19943
-4530
12062
25519
32337
30737
21133
6022
-10659
-24565
-32068
-31208
-22206
-7407
9326
23628
31760
31593
23169
8686
-8070
-22719
-31423
-31903
-24028
-9858
6896
21846
31070
32147
24790
10926
-5807
-21019
-30711
-32336
-25461
-11891
4807
20244
30356
32478
26047
12755
-3899
-19528
-30012
-32581
-26556
-13521
3083
18877
29687
32654
26991
14192
-2362
-18294
-29387
-32703
-27360
-14769
1736
17784
29119
32734
27666
15255
-1206
-17349
-28887
-32752
-27913
-15652
771
16993
28695
32761
28105
15962
-434
-16717
-28547
-32765
-28244
-16186
193
16523
28443
32766
28334
16326
-48
-16412
-28387
-32766
-28374
-16382
0
0
0
0
0
0
0
0
0
0
0
0
0
0
0
0
0
0
0
0
0
0
0
0
0
0
0
0
0
0
0
0
0
0
0
0
0
0
0
0
0
0
0
0
0
0
0
0
0
0
0
0
0
0
0
0
0
0
0
0
0
0
0
0
0
0
0
0
0
0
0
0
0
0
0
0
0
0
0
0
0
0
0
0
0
0
0
0
0
0
0
0
0
0
0
0
0
0
0
0
0
0
0
0
0
0
0
0
0
0
0
0
0
0
0
0
0
0
0
0
0
0
0
0
0
0
0
0
0
0
0
0
0
0
0
0
0
0
0
0
0
0
0
0
0
0
0
0
0
0
0
0
0
0
0
0
0
0
0
0
0
0
0
0
0
0
0
0
0
0
0
0
0
0
0
0
0
0
0
0
0
0
0
0
0
0
0
0
0
0
0
0
0
0
0
0
0
0
0
0
0
0
0
0
0
0
0
0
0
0
0
0
0
0
0
0
0
0
0
0
0
0
0
0
0
0
0
0
0
0
0
0
0
0
0
0
0
0
0
0
0
0
0
0
0
0
0
0
0
0
0
0
0
0
0
0
0
0
0
0
0
0
0
0
0
0
0
0
0
0
0
0
0
0
0
0
0
0
0
0
0
0
0
0
0
0
0
0
0
0
0
0
0
0
0
0
0
0
0
0
0
0
0
0
0
0
0
0
0
0
0
0
0
0
0
0
0
0
0
0
0
0
0
0
0
0
0
0
0
0
0
0
0
0
0
0
0
0
0
0
0
0
0
0
0
0
0
0
0
0
0
0
0
0
0
0
0
0
0
0
0
0
0
0
0
0
0
0
0
0
0
0
0
0
0
0
0
0
0
0
0
0
0
0
0
0
0
0
0
0
0
0
0
0
0
0
0
0
0
0
0
0
0
0
0
0
0
0
0
0
0
0
0
0
0
0
0
0
0
0
0
0
0
0
0
0
0
0
0
0
0
0
0
0
0
0
0
0
0
0
0
0
0
0
0
0
0
0
0
0
0
0
0
0
0
0
0
0
0
0
0
0
0
0
0
0
0
0
0
0
0
0
0
0
0
0
0
0
0
0
0
0
0
0
0
0
0
0
0
0
0
0
0
0
0
0
0
0
0
0
0
0
0
0
0
0
0
0
0
0
0
0
0
0
0
0
0
0
0
0
0
0
0
0
0
0
0
0
0
0
0
0
0
0
0
0
0
0
0
0
0
0
0
0
0
0
0
0
0
0
0
0
0
0
0
0
0
0
0
0
0
0
0
0
0
0
0
0
0
0
0
0
0
0
0
0
0
0
0
0
0
0
0
0
0
0
0
0
0
0
0
0
0
0
0
0
0
0
0
0
0
0
0
0
0
0
0
0
0
0
0
0
0
0
0
0
0
0
0
0
0
0
0
0
0
0
0
0
0
0
0
0
0
0
0
0
0
0
0
0
0
0
0
0
0
0
0
0
0
0
0
0
0
0
0
0
0
0
0
0
0
0
0
0
0
0
0
0
0
0
0
0
0
0
0
0
0
0
0
0
0
0
0
0
0
0
0
0
0
0
0
0
0
0
0
0
0
0
0
0
0
0
0
0
0
0
0
0
0
0
0
0
0
0
0
0
0
0
0
0
0
0
0
0
0
0
0
0
0
0
0
0
0
0
0
0
0
0
0
0
0
0
0
0
0
0
0
0
0
0
0
0
0
0
0
0
0
0
0
0
0
0
0
0
0
0
0
0
0
0
0
0
0
0
0
0
0
0
0
0
0
0
0
0
0
0
0
0
0
0
0
0
0
0
0
0
0
0
0
0
0
0
0
0
0
0
0
0
0
0
0
0
0
0
0
0
0
0
0
0
0
0
0
0
0
0
0
0
0
0
0
0
0
0
0
0
0
0
0
0
0
0
0
0
0
0
0
0
0
0
0
0
0
0
0
0
0
0
0
0
0
0
0
0
0
0
0
0
0
0
0
0
0
0
0
0
0
0
0
0
0
0
0
0
0
0
0
0
0
0
0
0
0
0
0
0
0
0
0
0
0
0
0
0
0
0
0
0
0
0
0
0
0
0
0
0
0
0
0
0
0
0
0
0
0
0
0
0
0
0
0
0
0
0
0
0
0
0
0
0
0
0
0
0
0
0
0
0
0
0
0
0
0
0
0
0
0
0
0
0
6553
6441
6113
5585
4885
4046
3107
2107
1083
67
-912
-1839
-2696
-3477
-4174
-4781
-5292
-5697
-5980
-6125
-6113
-5923
-5540
-4954
-4167
-3192
-2055
-798
523
1847
3104
4223
5142
5806
6178
6243
6003
5485
4734
3810
2786
1736
733
-156
-885
-1418
-1742
-1864
-1807
-1609
-1320
-990
-672
-410
-241
-188
-261
-456
-757
-1138
-1568
-2011
-2432
-2796
-3073
-3241
-3281
-3180
-2933
-2539
-2003
-1335
-553
321
1257
2217
3157
4026
4771
5338
5675
5741
5507
4964
4123
3019
1713
285
-1166
-2534
-3711
-4598
-5116
-5214
-4878
-4128
-3029
-1677
-197
1266
2571
3579
4181
4302
3915
3040
1751
163
-1572
-3286
-4803
-5965
-6644
-6757
-6275
-5228
-3704
-1838
197
2213
4019
5445
6362
6689
6409
5567
4266
2658
925
-735
-2137
-3123
-3579
-3453
-2757
-1566
-13
1723
3445
4946
6041
6581
6474
5690
4268
2311
-20
-2532
-5008
-7235
-9023
-10224
-10744
-10554
-9686
-8231
-6326
-4141
-1855
355
2340
3985
5221
6028
6430
6491
6299
5954
5552
5172
4863
4643
4492
4361
4177
3857
3322
2513
1398
-12
-1669
-3478
-5310
-7016
-8435
-9421
-9851
-9646
-8779
-7285
-5257
-2840
-221
2390
4779
6750
8141
8844
8811
8065
6691
4830
2667
408
-1738
-3581
-4965
-5787
-6001
-5625
-4734
-3451
-1932
-349
1128
2353
3211
3638
3616
3182
2416
1432
364
-649
-1484
-2038
-2249
-2093
-1594
-814
153
1191
2179
2998
3552
3772
3625
3116
2289
1218
0
-1256
-2440
-3453
-4214
-4671
-4799
-4608
-4131
-3428
-2569
-1634
-700
164
909
1498
1916
2166
2264
2239
2123
1949
1745
1535
1330
1137
953
773
589
395
192
-16
-219
-399
-536
-610
-604
-507
-316
-42
296
668
1038
1362
1601
1720
1692
1504
1157
666
61
-616
-1321
-2002
-2614
-3117
-3481
-3689
-3737
-3635
-3399
-3054
-2628
-2145
-1627
-1089
-536
30
615
1227
1868
2539
3229
3917
4570
5146
5595
5864
5903
5672
5149
4327
3228
1896
399
-1175
-2727
-4153
-5353
-6239
-6749
-6846
-6528
-5827
-4805
-3551
-2174
-790
487
1556
2336
2778
2865
2614
2075
1328
467
-399
-1169
-1748
-2063
-2070
-1754
-1136
-264
786
1923
3043
4046
4837
5342
5510
5315
4764
3887
2743
1407
-32
-1482
-2851
-4054
-5023
-5703
-6062
-6088
-5787
-5183
-4318
-3244
-2022
-718
598
1860
3001
3965
4701
5169
5343
5210
4772
4050
3077
1907
604
-755
-2089
-3313
-4346
-5118
-5573
-5675
-5412
-4799
-3874
-2699
-1355
64
1458
2732
3797
4585
5049
5170
4957
4446
3694
2778
1782
794
-106
-852
-1397
-1719
-1818
-1721
-1472
-1128
-756
-419
-172
-57
-95
-286
-608
-1021
-1472
-1898
-2238
-2439
-2461
-2284
-1911
-1368
-701
26
741
1369
1841
2103
2123
1892
1433
792
40
-734
-1437
-1974
-2262
-2240
-1875
-1167
-152
1099
2491
3903
5203
6263
6963
7213
6950
6157
4857
3118
1046
-1221
-3527
-5705
-7595
-9058
-9982
-10298
-9982
-9058
-7595
-5705
-3527
-1221
1046
3118
4857
6157
6950
7213
6963
6263
5203
3903
2491
1099
-152
-1167
-1875
-2240
-2262
-1974
-1437
-734
40
792
1433
1892
2123
2103
1841
1369
741
26
-701
-1368
-1911
-2284
-2461
-2439
-2238
-1898
-1472
-1021
-608
-286
-95
-57
-172
-419
-756
-1128
-1472
-1721
-1818
-1719
-1397
-852
-106
794
1782
2778
3694
4446
4957
5170
5049
4585
3797
2732
1458
64
-1355
-2699
-3874
-4799
-5412
-5675
-5573
-5118
-4346
-3313
-2089
-755
604
1907
3077
4050
4772
5210
5343
5169
4701
3965
3001
1860
598
-718
-2022
-3244
-4318
-5183
-5787
-6088
-6062
-5703
-5023
-4054
-2851
-1482
-32
1407
2743
3887
4764
5315
5510
5342
4837
4046
3043
1923
786
-264
-1136
-1754
-2070
-2063
-1748
-1169
-399
467
1328
2075
2614
2865
2778
2336
1556
487
-790
-2174
-3551
-4805
-5827
-6528
-6846
-6749
-6239
-5353
-4153
-2727
-1175
399
1896
3228
4327
5149
5672
5903
5864
5595
5146
4570
3917
3229
2539
1868
1227
615
30
-536
-1089
-1627
-2145
-2628
-3054
-3399
-3635
-3737
-3689
-3481
-3117
-2614
-2002
-1321
-616
61
666
1157
1504
1692
1720
1601
1362
1038
668
296
-42
-316
-507
-604
-610
-536
-399
-219
-16
192
395
589
773
953
1137
1330
1535
1745
1949
2123
2239
2264
2166
1916
1498
909
164
-700
-1634
-2569
-3428
-4131
-4608
-4799
-4671
-4214
-3453
-2440
-1256
0
1218
2289
3116
3625
3772
3552
2998
2179
1191
153
-814
-1594
-2093
-2249
-2038
-1484
-649
364
1432
2416
3182
3616
3638
3211
2353
1128
-349
-1932
-3451
-4734
-5625
-6001
-5787
-4965
-3581
-1738
408
2667
4830
6691
8065
8811
8844
8141
6750
4779
2390
-221
-2840
-5257
-7285
-8779
-9646
-9851
-9421
-8435
-7016
-5310
-3478
-1669
-12
1398
2513
3322
3857
4177
4361
4492
4643
4863
5172
5552
5954
6299
6491
6430
6028
5221
3985
2340
355
-1855
-4141
-6326
-8231
-9686
-10554
-10744
-10224
-9023
-7235
-5008
-2532
-20
2311
4268
5690
6474
6581
6041
4946
3445
1723
-13
-1566
-2757
-3453
-3579
-3123
-2137
-735
925
2658
4266
5567
6409
6689
6362
5445
4019
2213
197
-1838
-3704
-5228
-6275
-6757
-6644
-5965
-4803
-3286
-1572
163
1751
3040
3915
4302
4181
3579
2571
1266
-197
-1677
-3029
-4128
-4878
-5214
-5116
-4598
-3711
-2534
-1166
285
1713
3019
4123
4964
5507
5741
5675
5338
4771
4026
3157
2217
1257
321
-553
-1335
-2003
-2539
-2933
-3180
-3281
-3241
-3073
-2796
-2432
-2011
-1568
-1138
-757
-456
-261
-188
-241
-410
-672
-990
-1320
-1609
-1807
-1864
-1742
-1418
-885
-156
733
1736
2786
3810
4734
5485
6003
6243
6178
5806
5142
4223
3104
1847
523
-798
-2055
-3192
-4167
-4954
-5540
-5923
-6113
-6125
-5980
-5697
-5292
-4781
-4174
-3477
-2696
-1839
-912
67
1083
2107
3107
4046
4885
5585
6113
6441
0
0
0
0
0
0
0
0
0
0
0
0
0
0
0
0
0
0
0
0
0
0
0
0
0
0
0
0
0
0
0
0
0
0
0
0
0
0
0
0
0
0
0
0
0
0
0
0
0
0
0
0
0
0
0
0
0
0
0
0
0
0
0
0
0
0
0
-10298
-9910
-8783
-7026
-4807
-2335
158
2451
4343
5685
6390
6440
5888
4849
3485
1991
564
-611
-1391
-1682
-1453
-741
358
1696
3095
4361
5312
5795
5707
5005
3709
1908
-256
-2600
-4914
-6990
-8636
-9700
-10081
-9742
-8710
-7073
-4972
-2583
-103
2270
4359
6018
7149
7703
7688
7158
6210
4967
3568
2151
838
-269
-1108
-1647
-1891
-1874
-1658
-1315
-925
-562
-288
-145
-155
-319
-615
-1008
-1451
-1894
-2287
-2588
-2764
-2795
-2672
-2402
-1997
-1481
-880
-223
460
1141
1792
2387
2903
3316
3603
3746
3728
3538
3173
2640
1956
1154
277
-620
-1477
-2228
-2810
-3172
-3276
-3105
-2667
-1997
-1152
-211
732
1581
2240
2629
2691
2399
1760
819
-346
-1634
-2922
-4082
-4995
-5557
-5694
-5373
-4598
-3417
-1916
-211
1563
3269
4770
5956
6743
7087
6985
6471
5616
4516
3281
2023
846
-168
-966
-1525
-1854
-1994
-2002
-1953
-1918
-1962
-2130
-2442
-2890
-3436
-4021
-4566
-4987
-5203
-5149
-4780
-4084
-3082
-1826
-398
1101
2561
3872
4936
5681
6062
6070
5732
5106
4271
3325
2367
1488
761
236
-70
-172
-109
54
244
381
396
238
-120
-678
-1400
-2229
-3086
-3880
-4520
-4928
-5042
-4833
-4301
-3481
-2436
-1255
-40
1102
2076
2801
3224
3327
3123
2657
2003
1250
496
-164
-655
-918
-928
-688
-235
369
1048
1712
2277
2668
2834
2747
2413
1863
1156
367
-420
-1123
-1670
-2007
-2109
-1975
-1636
-1144
-572
0
492
835
976
889
573
58
-603
-1341
-2073
-2718
-3201
-3468
-3483
-3243
-2767
-2103
-1316
-481
320
1020
1560
1907
2052
2013
1832
1569
1297
1087
1006
1100
1395
1885
2538
3291
4061
4751
5259
5492
5373
4852
3913
2577
905
-1009
-3048
-5072
-6939
-8510
-9666
-10317
-10407
-9924
-8896
-7390
-5509
-3379
-1141
1060
3091
4832
6194
7118
7582
7598
7210
6486
5515
4393
3219
2083
1061
211
-433
-861
-1083
-1127
-1036
-862
-656
-468
-338
-297
-359
-523
-776
-1093
-1439
-1778
-2071
-2283
-2389
-2371
-2223
-1954
-1579
-1126
-630
-126
347
756
1073
1276
1356
1312
1155
902
579
218
-149
-492
-778
-984
-1091
-1086
-965
-731
-395
28
518
1049
1595
2127
2615
3029
3341
3525
3558
3422
3105
2601
1916
1065
75
-1014
-2153
-3281
-4331
-5230
-5909
-6305
-6365
-6058
-5372
-4323
-2955
-1340
426
2230
3944
5439
6594
7306
7499
7136
6220
4799
2963
840
-1412
-3619
-5603
-7198
-8261
-8690
-8430
-7481
-5897
-3789
-1306
1362
4016
6449
8472
9929
10706
10743
10041
8655
6695
4311
1685
-991
-3528
-5755
-7532
-8762
-9397
-9435
-8924
-7946
-6614
-5056
-3402
-1777
-281
1005
2039
2804
3311
3594
3703
3690
3607
3497
3386
3286
3188
3073
2911
2669
2318
1839
1228
501
-311
-1160
-1985
-2721
-3304
-3681
-3813
-3685
-3305
-2705
-1939
-1077
-198
617
1297
1785
2045
2066
1866
1484
979
423
-109
-547
-835
-936
-835
-547
-109
423
979
1484
1866
2066
2045
1785
1297
617
-198
-1077
-1939
-2705
-3305
-3685
-3813
-3681
-3304
-2721
-1985
-1160
-311
501
1228
1839
2318
2669
2911
3073
3188
3286
3386
3497
3607
3690
3703
3594
3311
2804
2039
1005
-281
-1777
-3402
-5056
-6614
-7946
-8924
-9435
-9397
-8762
-7532
-5755
-3528
-991
1685
4311
6695
8655
10041
10743
10706
9929
8472
6449
4016
1362
-1306
-3789
-5897
-7481
-8430
-8690
-8261
-7198
-5603
-3619
-1412
840
2963
4799
6220
7136
7499
7306
6594
5439
3944
2230
426
-1340
-2955
-4323
-5372
-6058
-6365
-6305
-5909
-5230
-4331
-3281
-2153
-1014
75
1065
1916
2601
3105
3422
3558
3525
3341
3029
2615
2127
1595
1049
518
28
-395
-731
-965
-1086
-1091
-984
-778
-492
-149
218
579
902
1155
1312
1356
1276
1073
756
347
-126
-630
-1126
-1579
-1954
-2223
-2371
-2389
-2283
-2071
-1778
-1439
-1093
-776
-523
-359
-297
-338
-468
-656
-862
-1036
-1127
-1083
-861
-433
211
1061
2083
3219
4393
5515
6486
7210
7598
7582
7118
6194
4832
3091
1060
-1141
-3379
-5509
-7390
-8896
-9924
-10407
-10317
-9666
-8510
-6939
-5072
-3048
-1009
905
2577
3913
4852
5373
5492
5259
4751
4061
3291
2538
1885
1395
1100
1006
1087
1297
1569
1832
2013
2052
1907
1560
1020
320
-481
-1316
-2103
-2767
-3243
-3483
-3468
-3201
-2718
-2073
-1341
-603
58
573
889
976
835
492
0
-572
-1144
-1636
-1975
-2109
-2007
-1670
-1123
-420
367
1156
1863
2413
2747
2834
2668
2277
1712
1048
369
-235
-688
-928
-918
-655
-164
496
1250
2003
2657
3123
3327
3224
2801
2076
1102
-40
-1255
-2436
-3481
-4301
-4833
-5042
-4928
-4520
-3880
-3086
-2229
-1400
-678
-120
238
396
381
244
54
-109
-172
-70
236
761
1488
2367
3325
4271
5106
5732
6070
6062
5681
4936
3872
2561
1101
-398
-1826
-3082
-4084
-4780
-5149
-5203
-4987
-4566
-4021
-3436
-2890
-2442
-2130
-1962
-1918
-1953
-2002
-1994
-1854
-1525
-966
-168
846
2023
3281
4516
5616
6471
6985
7087
6743
5956
4770
3269
1563
-211
-1916
-3417
-4598
-5373
-5694
-5557
-4995
-4082
-2922
-1634
-346
819
1760
2399
2691
2629
2240
1581
732
-211
-1152
-1997
-2667
-3105
-3276
-3172
-2810
-2228
-1477
-620
277
1154
1956
2640
3173
3538
3728
3746
3603
3316
2903
2387
1792
1141
460
-223
-880
-1481
-1997
-2402
-2672
-2795
-2764
-2588
-2287
-1894
-1451
-1008
-615
-319
-155
-145
-288
-562
-925
-1315
-1658
-1874
-1891
-1647
-1108
-269
838
2151
3568
4967
6210
7158
7688
7703
7149
6018
4359
2270
-103
-2583
-4972
-7073
-8710
-9742
-10081
-9700
-8636
-6990
-4914
-2600
-256
1908
3709
5005
5707
5795
5312
4361
3095
1696
358
-741
-1453
-1682
-1391
-611
564
1991
3485
4849
5888
6440
6390
5685
4343
2451
158
-2335
-4807
-7026
-8783
-9910
0
0
0
0
0
0
0
0
0
0
0
0
0
0
0
0
0
0
0
0
0
0
0
0
0
0
0
0
0
0
0
0
0
0
0
0
0
0
0
0
0
0
0
0
0
0
0
0
0
0
0
0
0
0
0
0
0
0
0
0
0
0
0
0
0
0
0
-936
-826
-507
-7
627
1340
2062
2721
3246
3574
3653
3450
2951
2167
1132
-99
-1450
-2830
-4142
-5286
-6169
-6714
-6865
-6592
-5898
-4817
-3412
-1774
-15
1741
3372
4759
5800
6422
6582
6273
5525
4402
2998
1429
-178
-1695
-3003
-4001
-4615
-4806
-4568
-3931
-2958
-1736
-373
1017
2321
3434
4273
4775
4909
4673
4092
3216
2117
876
-415
-1671
-2811
-3769
-4492
-4949
-5128
-5033
-4684
-4116
-3370
-2495
-1540
-556
410
1320
2134
2825
3368
3748
3956
3989
3852
3556
3119
2566
1925
1231
521
-167
-799
-1342
-1772
-2070
-2229
-2254
-2157
-1961
-1693
-1388
-1078
-794
-561
-395
-302
-277
-307
-368
-432
-469
-449
-350
-157
133
514
963
1449
1934
2373
2722
2940
2994
2863
2538
2027
1350
542
-351
-1279
-2185
-3014
-3715
-4245
-4570
-4669
-4534
-4166
-3583
-2808
-1876
-827
292
1433
2546
3579
4483
5213
5727
5991
5979
5677
5084
4211
3090
1763
292
-1249
-2780
-4212
-5458
-6436
-7078
-7334
-7177
-6605
-5645
-4351
-2800
-1088
675
2378
3914
5185
6115
6653
6776
6491
5834
4865
3664
2320
929
-416
-1638
-2671
-3469
-4011
-4295
-4336
-4167
-3829
-3366
-2824
-2243
-1653
-1077
-528
-8
483
951
1400
1829
2233
2600
2910
3139
3260
3249
3085
2758
2267
1626
865
25
-841
-1676
-2420
-3015
-3414
-3584
-3508
-3189
-2648
-1926
-1079
-170
728
1548
2226
2711
2966
2973
2733
2264
1603
798
-91
-1003
-1872
-2638
-3248
-3658
-3838
-3773
-3460
-2912
-2156
-1229
-180
931
2046
3098
4023
4761
5262
5486
5408
5021
4337
3389
2229
927
-436
-1770
-2983
-3988
-4713
-5102
-5126
-4784
-4106
-3148
-1993
-742
494
1605
2487
3058
3261
3073
2507
1612
467
-820
-2131
-3338
-4323
-4984
-5247
-5074
-4463
-3451
-2109
-537
1145
2814
4346
5635
6595
7174
7352
7141
6585
5751
4721
3584
2424
1315
311
-555
-1275
-1862
-2345
-2765
-3165
-3585
-4051
-4576
-5149
-5741
-6304
-6777
-7094
-7186
-6995
-6482
-5625
-4432
-2937
-1200
697
2658
4578
6349
7876
9075
9884
10268
10217
9744
8889
7708
6274
4664
2962
1245
-411
-1946
-3307
-4453
-5358
-6007
-6396
-6531
-6429
-6114
-5618
-4981
-4246
-3460
-2671
-1926
-1267
-725
-322
-66
54
62
-2
-90
-143
-107
67
418
961
1688
2565
3534
4516
5414
6128
6563
6637
6297
5523
4334
2791
994
-927
-2822
-4534
-5913
-6837
-7218
-7018
-6252
-4991
-3353
-1496
398
2144
3566
4522
4917
4713
3934
2665
1045
-749
-2522
-4074
-5232
-5861
-5882
-5282
-4115
-2496
-591
1400
3270
4819
5882
6347
6164
5356
4012
2281
355
-1550
-3224
-4479
-5173
-5226
-4630
-3447
-1806
110
2094
3923
5393
6341
6656
6301
5308
3783
1884
-185
-2210
-3980
-5315
-6089
-6236
-5766
-4755
-3342
-1709
-59
1404
2505
3112
3156
2636
1623
248
-1310
-2849
-4163
-5068
-5425
-5157
-4256
-2789
-888
1263
3448
5443
7039
8069
8425
8069
7039
5443
3448
1263
-888
-2789
-4256
-5157
-5425
-5068
-4163
-2849
-1310
248
1623
2636
3156
3112
2505
1404
-59
-1709
-3342
-4755
-5766
-6236
-6089
-5315
-3980
-2210
-185
1884
3783
5308
6301
6656
6341
5393
3923
2094
110
-1806
-3447
-4630
-5226
-5173
-4479
-3224
-1550
355
2281
4012
5356
6164
6347
5882
4819
3270
1400
-591
-2496
-4115
-5282
-5882
-5861
-5232
-4074
-2522
-749
1045
2665
3934
4713
4917
4522
3566
2144
398
-1496
-3353
-4991
-6252
-7018
-7218
-6837
-5913
-4534
-2822
-927
994
2791
4334
5523
6297
6637
6563
6128
5414
4516
3534
2565
1688
961
418
67
-107
-143
-90
-2
62
54
-66
-322
-725
-1267
-1926
-2671
-3460
-4246
-4981
-5618
-6114
-6429
-6531
-6396
-6007
-5358
-4453
-3307
-1946
-411
1245
2962
4664
6274
7708
8889
9744
10217
10268
9884
9075
7876
6349
4578
2658
697
-1200
-2937
-4432
-5625
-6482
-6995
-7186
-7094
-6777
-6304
-5741
-5149
-4576
-4051
-3585
-3165
-2765
-2345
-1862
-1275
-555
311
1315
2424
3584
4721
5751
6585
7141
7352
7174
6595
5635
4346
2814
1145
-537
-2109
-3451
-4463
-5074
-5247
-4984
-4323
-3338
-2131
-820
467
1612
2507
3073
3261
3058
2487
1605
494
-742
-1993
-3148
-4106
-4784
-5126
-5102
-4713
-3988
-2983
-1770
-436
927
2229
3389
4337
5021
5408
5486
5262
4761
4023
3098
2046
931
-180
-1229
-2156
-2912
-3460
-3773
-3838
-3658
-3248
-2638
-1872
-1003
-91
798
1603
2264
2733
2973
2966
2711
2226
1548
728
-170
-1079
-1926
-2648
-3189
-3508
-3584
-3414
-3015
-2420
-1676
-841
25
865
1626
2267
2758
3085
3249
3260
3139
2910
2600
2233
1829
1400
951
483
-8
-528
-1077
-1653
-2243
-2824
-3366
-3829
-4167
-4336
-4295
-4011
-3469
-2671
-1638
-416
929
2320
3664
4865
5834
6491
6776
6653
6115
5185
3914
2378
675
-1088
-2800
-4351
-5645
-6605
-7177
-7334
-7078
-6436
-5458
-4212
-2780
-1249
292
1763
3090
4211
5084
5677
5979
5991
5727
5213
4483
3579
2546
1433
292
-827
-1876
-2808
-3583
-4166
-4534
-4669
-4570
-4245
-3715
-3014
-2185
-1279
-351
542
1350
2027
2538
2863
2994
2940
2722
2373
1934
1449
963
514
133
-157
-350
-449
-469
-432
-368
-307
-277
-302
-395
-561
-794
-1078
-1388
-1693
-1961
-2157
-2254
-2229
-2070
-1772
-1342
-799
-167
521
1231
1925
2566
3119
3556
3852
3989
3956
3748
3368
2825
2134
1320
410
-556
-1540
-2495
-3370
-4116
-4684
-5033
-5128
-4949
-4492
-3769
-2811
-1671
-415
876
2117
3216
4092
4673
4909
4775
4273
3434
2321
1017
-373
-1736
-2958
-3931
-4568
-4806
-4615
-4001
-3003
-1695
-178
1429
2998
4402
5525
6273
6582
6422
5800
4759
3372
1741
-15
-1774
-3412
-4817
-5898
-6592
-6865
-6714
-6169
-5286
-4142
-2830
-1450
-99
1132
2167
2951
3450
3653
3574
3246
2721
2062
1340
627
-7
-507
-826
0
0
0
0
0
0
0
0
0
0
0
0
0
0
0
0
0
0
0
0
0
0
0
0
0
0
0
0
0
0
0
0
0
0
0
0
0
0
0
0
0
0
0
0
0
0
0
0
0
0
0
0
0
0
0
0
0
0
0
0
0
0
0
0
0
0
0
