0
4278
8485
12550
16402
19973
23203
26035
28419
30314
31684
32507
32766
32456
31581
30156
28203
25758
22860
19561
15917
11991
7852
3573
-771
-5106
-9352
-13436
-17284
-20829
-24006
-26759
-29038
-30801
-32015
-32660
-32720
-32196
-31094
-29434
-27244
-24563
-21439
-17925
-14087
-9991
-5712
-1327
3083
7441
11667
15683
19415
22796
25762
28259
30239
31667
32514
32764
32412
31462
29931
27847
25247
22178
18696
14865
10755
6443
2009
-2465
-6896
-11201
-15299
-19113
-22570
-25606
-28162
-30190
-31650
-32514
-32764
-32394
-31411
-29832
-27686
-25012
-21861
-18292
-14372
-10175
-5781
-1274
3259
7733
12062
16161
19951
23359
26318
28771
30668
31973
32659
32711
32127
30919
29107
26727
23823
20452
16679
12577
8226
3711
-879
-5455
-9926
-14204
-18204
-21846
-25058
-27775
-29942
-31516
-32464
-32766
-32415
-31417
-29790
-27567
-24790
-21514
-17805
-13736
-9388
-4849
-209
4437
8997
13377
17489
21248
24578
27411
29687
31359
32393
32765
32468
31507
29899
27676
24884
21579
17828
13707
9301
4700
0
-4703
-9311
-13729
-17864
-21629
-24947
-27746
-29968
-31566
-32503
-32761
-32332
-31225
-29460
-27076
-24119
-20653
-16748
-12488
-7961
-3263
1506
6246
10856
15238
19298
22949
26112
28719
30713
32051
32702
32651
31900
30461
28366
25658
22395
18646
14492
10022
5332
524
-4298
-9029
-13567
-17811
-21669
-25055
-27896
-30127
-31699
-32577
-32739
-32182
-30916
-28967
-26379
-23206
-19519
-15397
-10932
-6222
-1372
3511
8320
12945
17284
21240
24723
27655
29968
31611
32545
32748
32214
30954
28995
26381
23169
19431
15252
10724
5950
1038
-3899
-8751
-13405
-17757
-21705
-25159
-28038
-30277
-31822
-32637
-32702
-32014
-30588
-28456
-25665
-22280
-18377
-14047
-9388
-4509
477
5455
10308
14924
19194
23018
26305
28979
30974
32243
32756
32498
31476
29711
27244
24133
20449
16280
11722
6884
1880
-3170
-8148
-12935
-17416
-21484
-25041
-28000
-30291
-31856
-32659
-32677
-31909
-30373
-28105
-25157
-21600
-17520
-13013
-8189
-3163
1941
7001
11893
16499
20705
24407
27516
29953
31659
32589
32721
32049
30590
28377
25463
21921
17836
13307
8448
3377
-1780
-6896
-11843
-16499
-20746
-24479
-27603
-30040
-31727
-32621
-32699
-31957
-30413
-28105
-25088
-21439
-17247
-12618
-7668
-2522
2689
7836
12787
17416
21605
25247
28248
30530
32035
32723
32574
31592
29801
27244
23987
20112
15718
10917
5832
595
-4660
-9798
-14685
-19194
-23208
-26622
-29345
-31307
-32455
-32757
-32206
-30813
-28614
-25665
-22043
-17841
-13169
-8148
-2911
2405
7661
12717
17440
21705
25397
28419
30689
32146
32750
32483
31352
29385
26633
23169
19084
14487
9500
4255
-1105
-6439
-11603
-16457
-20870
-24723
-27911
-30346
-31961
-32712
-32578
-31559
-29684
-27001
-23582
-19519
-14922
-9916
-4636
771
6162
11386
16301
20770
24671
27896
30354
31977
32719
32558
31498
29565
26813
23317
19172
14492
9407
4058
-1405
-6833
-12073
-16978
-21411
-25247
-28377
-30713
-32188
-32760
-32410
-31148
-29007
-26047
-22351
-18021
-13179
-7961
-2516
3003
8440
13640
18454
22745
26389
29282
31340
32503
32737
32033
30409
27913
24613
20604
16000
10932
5547
0
-5550
-10942
-16021
-20637
-24657
-27963
-30458
-32068
-32745
-32468
-31244
-29107
-26118
-22364
-17952
-13013
-7689
-2137
3479
8997
14252
19090
23367
26955
29748
31662
32640
32650
31691
29790
27003
23411
19119
14256
8965
3403
-2262
-7862
-13230
-18204
-22633
-26385
-29345
-31423
-32556
-32707
-31871
-30072
-27362
-23823
-19561
-14703
-9397
-3803
1908
7565
12994
18030
22517
26318
29316
31419
32559
32702
31841
30001
27238
23635
19302
14372
8996
3339
-2422
-8112
-13553
-18577
-23026
-26761
-29667
-31650
-32648
-32629
-31591
-29565
-26615
-22829
-18327
-13249
-7752
-2009
3799
9491
14886
19815
24120
27666
30338
32052
32751
32412
31044
28690
25423
21345
16586
11295
5642
-193
-6025
-11667
-16938
-21669
-25706
-28920
-31206
-32489
-32726
-31909
-30063
-27244
-23544
-19081
-13998
-8460
-2644
3259
9060
14569
19606
24006
27626
30346
32075
32756
32366
30916
28451
25051
20827
15917
10480
4696
-1244
-7147
-12817
-18065
-22719
-26622
-29644
-31684
-32674
-32578
-31398
-29173
-25975
-21909
-17110
-11737
-5969
0
5972
11747
17130
21941
26016
29217
31436
32596
32657
31615
29504
26395
22390
17625
12260
6476
470
-5554
-11392
-16845
-21726
-25867
-29127
-31393
-32585
-32662
-31619
-29491
-26349
-22301
-17483
-12062
-6222
-166
5898
11762
17222
22088
26191
29387
31566
32648
32597
31411
29131
25835
21636
16679
11138
5205
-912
-7001
-12847
-18244
-23003
-26955
-29960
-31912
-32739
-32412
-30940
-28374
-24803
-20353
-15179
-9465
-3413
2763
8843
14612
19863
24407
28083
30758
32334
32755
32003
30103
27124
23169
18381
12929
7010
836
-5370
-11386
-16993
-21989
-26191
-29446
-31636
-32680
-32538
-31214
-28754
-25247
-20819
-15630
-9868
-3744
2518
8692
14551
19879
24480
28184
30855
32393
32739
31880
29845
26709
22585
17625
12011
5950
-333
-6607
-12639
-18204
-23094
-27128
-30152
-32055
-32763
-32248
-30528
-27666
-23767
-18976
-13473
-7461
-1167
5173
11322
17047
22132
26385
29644
31785
32724
32427
30901
28203
24435
19738
14288
8294
1981
-4409
-10635
-16457
-21654
-26025
-29402
-31656
-32697
-32485
-31027
-28377
-24634
-19943
-14481
-8460
-2109
4324
10594
16457
21686
26077
29459
31699
32710
32451
30929
28203
24378
19601
14056
7961
1552
-4919
-11201
-17047
-22227
-26537
-29806
-31906
-32751
-32307
-30590
-27666
-23648
-18696
-13002
-6791
-309
6187
12441
18204
23246
27366
30398
32222
32762
31995
29951
26709
22398
17189
11289
4935
-1619
-8112
-14281
-19879
-24678
-28486
-31147
-32552
-32643
-31416
-28917
-25247
-20553
-15023
-8882
-2378
4225
10659
16662
21989
26421
29777
31918
32756
32254
30432
27362
23169
18024
12137
5748
-879
-7473
-13762
-19485
-24407
-28323
-31070
-32533
-32650
-31414
-28875
-25136
-20353
-14721
-8475
-1874
4807
11292
17307
22602
26955
30182
32146
32765
32010
29911
26556
22083
16679
10571
4016
-2711
-9326
-15551
-21121
-25799
-29387
-31732
-32732
-32344
-30582
-27520
-23286
-18060
-12062
-5547
1206
7911
14280
20041
24947
28786
31393
32653
32513
30975
28105
24024
18906
12972
6476
-301
-7069
-13534
-19415
-24458
-28443
-31196
-32596
-32580
-31148
-28360
-24336
-19250
-13322
-6811
0
6813
13332
19269
24364
28393
31178
32594
32578
31129
28309
24241
19103
13120
6555
-301
-7147
-13680
-19609
-24671
-28641
-31340
-32648
-32505
-30916
-27948
-23735
-18460
-12360
-5706
1206
8067
14569
20421
25359
29162
31656
32728
32328
30473
27244
22786
17298
11027
4255
-2711
-9557
-15974
-21669
-26383
-29901
-32062
-32766
-31979
-29736
-26137
-21345
-15577
-9095
-2195
4807
11593
17850
23291
27666
30771
32464
32665
31362
28614
24546
19345
13249
6538
-477
-7473
-14125
-20126
-25196
-29098
-31650
-32732
-32292
-30349
-26991
-22374
-16712
-10266
-3339
3746
10659
17076
22694
27251
30530
32377
32702
31489
28793
24740
19519
13375
6597
-494
-7565
-14281
-20323
-25404
-29282
-31772
-32753
-32178
-30072
-26533
-21729
-15887
-9285
-2238
4919
11843
18204
23695
28052
31066
32589
32548
30942
27847
23411
17845
11416
4435
-2763
-9830
-16425
-22227
-26955
-30378
-32330
-32713
-31507
-28769
-24631
-19293
-13013
-6096
1120
8285
15047
21076
26077
29802
32068
32763
31850
29372
25451
20276
14101
7230
0
-7232
-14111
-20295
-25478
-29402
-31872
-32764
-32033
-29711
-25913
-20827
-14703
-7845
-595
6688
13640
19914
25196
29220
31785
32759
32093
29819
26047
20967
14832
7950
664
-6656
-13645
-19948
-25247
-29273
-31822
-32763
-32046
-29706
-25861
-20703
-14492
-7543
-209
7138
14125
20396
25629
29557
31977
32766
31880
29363
25342
20022
13674
6622
-771
-8129
-15071
-21240
-26318
-30042
-32219
-32734
-31559
-28754
-24461
-18901
-12360
-5177
2276
9615
16457
22447
27271
30678
32489
32608
31026
27825
23169
17302
10527
3199
-4298
-11573
-18244
-23960
-28419
-31387
-32705
-32302
-30198
-26501
-21406
-15179
-8148
-684
6817
13962
20369
25700
29668
32064
32757
31710
28975
24698
19103
12488
5205
-2358
-9798
-16717
-22745
-27557
-30894
-32577
-32513
-30703
-27244
-22319
-16192
-9191
-1693
5898
13175
19743
25247
29388
31941
32765
31816
29141
24884
19276
12618
5272
-2362
-9871
-16845
-22903
-27714
-31014
-32621
-32445
-30495
-26875
-21781
-15492
-8351
-749
6896
14165
20658
26016
29942
32220
32721
31417
28377
23767
17841
10926
3403
-4310
-11787
-18613
-24407
-28847
-31684
-32759
-32010
-29476
-25298
-19707
-13013
-5590
2148
9769
16845
22980
27828
31116
32659
32366
30254
26438
21133
14635
7310
-430
-8148
-15409
-21801
-26962
-30598
-32502
-32563
-30778
-27244
-22162
-15818
-8572
-836
6950
14343
20920
26305
30190
32350
32661
31103
27762
22829
16586
9388
1649
-6187
-13670
-20369
-25898
-29936
-32249
-32702
-31267
-28024
-23161
-16955
-9766
-2009
5867
13405
20168
25762
29860
32222
32709
31291
28049
23169
16936
9711
1916
-5992
-13553
-20323
-25904
-29968
-32275
-32687
-31179
-27837
-22855
-16527
-9222
-1372
6562
14111
20829
26318
30252
32397
32623
30916
27374
22206
15718
8294
373
-7571
-15067
-21669
-26980
-30683
-32556
-32483
-30469
-26631
-21197
-14492
-6916
1077
9009
16402
22811
27851
31216
32702
32218
29790
25564
19793
12824
5078
-2978
-10856
-18080
-24210
-28873
-31785
-32766
-31757
-28816
-24119
-17952
-10689
-2772
5316
13083
20053
25799
29968
32304
32662
31017
27469
22233
15630
8064
0
-8067
-15639
-22251
-27492
-31038
-32669
-32282
-29899
-25665
-19840
-12785
-4935
3223
11185
18454
24578
29176
31960
32754
31507
28295
23317
16881
9388
1306
-6859
-14599
-21426
-26913
-30713
-32587
-32415
-30206
-26096
-20343
-13307
-5431
2789
10837
18204
24423
29100
31937
32755
31498
28244
23199
16679
9099
938
-7285
-15047
-21854
-27271
-30951
-32659
-32282
-29844
-25497
-19519
-12290
-4271
4023
12062
19330
25359
29762
32252
32670
30984
27303
21861
15008
7184
-1105
-9326
-16947
-23474
-28484
-31650
-32766
-31757
-28687
-23753
-17274
-9670
-1435
6896
14781
21705
27215
30951
32666
32248
29720
25247
19119
11737
3583
-4807
-12886
-20121
-26035
-30239
-32455
-32534
-30469
-26395
-20578
-13400
-5336
3083
11302
18775
25007
29584
32200
32681
30992
27244
21684
14679
6695
-1736
-10055
-17706
-24178
-29038
-31959
-32744
-31340
-27837
-22468
-15592
-7668
771
9163
16942
23583
28641
31772
32764
31548
28203
22955
16155
8261
-193
-8637
-16499
-23246
-28419
-31667
-32766
-31641
-28366
-23161
-16378
-8479
0
8482
16388
23178
28387
31659
32766
31633
28334
23092
16267
8323
-193
-8699
-16610
-23382
-28547
-31748
-32764
-31521
-28105
-22748
-15818
-7793
771
9287
17161
23850
28887
31923
32744
31292
27666
22114
15023
6884
-1736
-10238
-18030
-24565
-29387
-32158
-32681
-30919
-26991
-21173
-13868
-5590
3083
11543
19194
25499
30012
32414
32534
30361
26047
19895
12336
3903
-4807
-13181
-20625
-26610
-30711
-32637
-32248
-29569
-24790
-18247
-10405
-1820
6896
15124
22277
27843
31423
32760
31757
28483
23169
16196
8060
-655
-9326
-17331
-24094
-29127
-32068
-32703
-30984
-27033
-21133
-13707
-5289
3511
12062
19743
25999
30374
32552
32371
29844
25150
18630
10754
2094
-6719
-15047
-22282
-27896
-31478
-32765
-31661
-28244
-22763
-15616
-7324
1506
10228
18204
24847
29668
32313
32585
30461
26096
19809
12062
3423
-5469
-13962
-21426
-27310
-31178
-32740
-31881
-28661
-23317
-16242
-7961
912
9721
17811
24578
29519
32265
32608
30520
26157
19840
12041
3339
-5613
-14150
-21629
-27492
-31296
-32755
-31758
-28377
-22863
-15630
-7219
1736
10564
18599
25234
29968
32443
32468
30041
25342
18725
10689
1842
-7147
-15598
-22868
-28404
-31785
-32751
-31227
-27327
-21345
-13736
-5078
3969
12717
20496
26712
30887
32702
32014
28875
23522
16364
7950
-1077
-10024
-18204
-24986
-29848
-32414
-32483
-30050
-25298
-18593
-10451
-1499
7571
16058
23305
28750
31969
32711
30916
26720
20449
12587
3744
-5391
-14111
-21734
-27666
-31442
-32766
-31533
-27837
-21964
-14372
-5653
3510
12401
20323
26654
30894
32710
31957
28692
23169
15822
7226
-1941
-10958
-19113
-25762
-30378
-32596
-32237
-29328
-24096
-16955
-8469
691
9799
18132
25028
29936
32465
32412
29778
24772
17791
9388
234
-8940
-17404
-24479
-29598
-32350
-32513
-30072
-25219
-18342
-9991
-836
8388
16942
24135
29387
32275
32563
30226
25451
18620
10283
1113
-8148
-16754
-24006
-29316
-32252
-32574
-30254
-25477
-18630
-10266
-1066
8222
16845
24098
29390
32286
32549
30156
25298
18372
9941
695
-8610
-17213
-24407
-29603
-32371
-32482
-29925
-24908
-17841
-9305
0
9307
17850
24924
29942
32491
32356
29546
24293
17028
8351
-1019
-10308
-18745
-25629
-30386
-32621
-32145
-28995
-23432
-15917
-7073
2362
11603
19879
26497
30903
32728
31816
28241
22301
14491
5464
-4023
-13175
-21224
-27492
-31451
-32766
-31324
-27244
-20868
-12732
-3519
5992
15001
22745
28568
31977
32682
30619
25962
19103
10622
1238
-8253
-17047
-24394
-29668
-32420
-32412
-29643
-24347
-16973
-8148
1373
10781
19269
26112
30723
32705
31886
28334
22351
14449
5304
-4298
-13534
-21608
-27826
-31650
-32749
-31026
-26627
-19930
-11510
-2094
7504
16457
23989
29446
32355
32460
29752
24461
17046
8148
-1459
-10942
-19477
-26318
-30870
-32732
-31742
-27983
-21780
-13674
-4371
5316
14541
22496
28484
31977
32669
30495
25645
18541
9807
209
-9410
-18204
-25397
-30356
-32640
-32046
-28625
-22675
-14721
-5464
4278
13645
21806
28038
31787
32719
30748
26047
19032
10324
695
-8997
-17892
-25196
-30256
-32621
-32077
-28669
-22701
-14703
-5389
4409
13816
21989
28193
31872
32694
30582
25725
18555
9715
0
-9718
-18563
-25739
-30598
-32699
-31850
-28126
-21861
-13619
-4144
5708
15047
23026
28920
32194
32549
29951
24631
17073
7961
-1876
-11547
-20168
-26955
-31287
-32766
-31257
-26894
-20073
-11416
-1713
8148
17267
24807
30076
32589
32113
28690
22632
14492
5018
-4919
-14407
-22570
-28657
-32104
-32591
-30072
-24775
-17189
-8012
1907
11653
20323
27113
31393
32763
31094
26539
19519
10683
852
-9060
-18132
-25519
-30530
-32697
-31816
-27965
-21503
-13031
-3339
6667
16052
23938
29584
32459
32292
29097
23169
15065
5543
-4501
-14125
-22423
-28612
-32108
-32578
-29977
-24546
-16798
-7461
2582
12385
21019
27666
31694
32721
30647
25665
18247
9095
-923
-10856
-19760
-26786
-31264
-32766
-31146
-26556
-19431
-10451
-470
9557
18675
26008
30855
32749
31507
27244
20368
11537
1595
-8501
-17784
-25359
-30497
-32702
-31758
-27754
-21074
-12360
-2451
7696
17103
24860
30215
32648
31922
28105
21563
12929
3039
-7147
-16643
-24525
-30025
-32607
-32016
-28309
-21844
-13249
-3359
6859
16412
24364
29939
32588
32050
28377
21924
13322
3413
-6833
-16412
-24382
-29960
-32596
-32028
-28309
-21804
-13150
-3199
7069
16643
24578
30089
32630
31946
28105
21482
12732
2719
-7565
-17103
-24947
-30318
-32680
-31797
-27754
-20951
-12062
-1970
8320
17784
25478
30633
32732
31565
27244
20200
11134
952
-9326
-18675
-26154
-31014
-32765
-31228
-26556
-19215
-9941
333
10578
19760
26955
31436
32749
30759
25665
17979
8475
-1887
-12062
-21019
-27851
-31864
-32650
-30126
-24546
-16475
-6728
3703
13762
22423
28806
32258
32427
29291
23169
14683
4696
-5772
-15653
-23938
-29777
-32571
-32033
-28214
-21503
-12587
-2378
8077
17706
25519
30711
32748
31416
26850
19519
10175
-219
-10594
-19879
-27113
-31549
-32726
-30520
-25157
-17189
-7439
3083
13289
22119
28657
32222
32441
29289
23092
14492
4381
-6187
-16114
-24364
-30076
-32652
-31820
-27666
-20619
-11416
-1017
9491
19008
26537
31287
32757
30792
25595
17709
7961
-2625
-12939
-21894
-28547
-32194
-32451
-29286
-23032
-14346
-4144
6498
16457
24678
30291
32699
31644
27238
19943
10531
0
-10533
-19951
-27251
-31656
-32694
-30254
-24592
-16309
-6286
4409
14637
23305
29487
32519
32077
28203
21312
12137
1660
-8997
-18692
-26385
-31248
-32757
-30748
-25434
-17383
-7461
3266
13645
22556
29038
32390
32248
28625
21909
12824
2351
-8378
-18204
-26061
-31098
-32765
-30880
-25645
-17625
-7689
3083
13524
22496
29023
32393
32235
28565
21780
12618
2077
-8692
-18516
-26318
-31245
-32755
-30681
-25247
-17046
-6975
3863
14280
23132
29446
32527
32033
28015
20915
11510
836
-9932
-19609
-27125
-31650
-32682
-30103
-24198
-15616
-5304
5596
15880
24407
30232
32705
31550
26894
19250
9465
-1373
-12062
-21411
-28379
-32188
-32412
-29022
-22395
-13267
-2656
8253
18244
26197
31222
32754
30619
25054
16679
6433
-4537
-15001
-23783
-29895
-32648
-31731
-27244
-19690
-9916
976
11762
21224
28293
32170
32415
28997
22301
13080
2378
-8595
-18599
-26497
-31393
-32729
-30352
-24528
-15917
-5494
5554
15974
24578
30386
32734
31352
26395
18425
8351
-2679
-13405
-22602
-29217
-32491
-32046
-27932
-20616
-10936
0
10939
20625
27944
32055
32482
29173
22507
13249
2462
-8610
-18692
-26622
-31481
-32707
-30156
-24119
-15293
-4696
6446
16845
25296
30817
32766
30916
25477
17079
6695
-4468
-15115
-24006
-30106
-32702
-31489
-26606
-18620
-8460
2689
13528
22788
29387
32552
31909
27532
19930
9991
-1120
-12103
-21669
-28693
-32350
-32208
-28280
-21025
-11295
-234
10856
20671
28052
32127
32412
28871
21921
12379
1372
-9799
-19815
-27487
-31906
-32545
-29328
-22632
-13249
-2291
8940
19113
27016
31708
32629
29666
23169
13911
2992
-8285
-18577
-26654
-31549
-32677
-29899
-23544
-14372
-3477
7836
18214
26411
31442
32702
30037
23764
14635
3744
-7598
-18030
-26293
-31393
-32711
-30086
-23833
-14703
-3796
7571
18026
26305
31405
32707
30050
23753
14577
3632
-7754
-18204
-26446
-31479
-32688
-29925
-23522
-14256
-3253
8148
18560
26712
31608
32650
29706
23135
13736
2656
-8751
-19090
-27095
-31785
-32581
-29385
-22585
-13013
-1842
9557
19786
27585
31994
32468
28947
21861
12081
809
-10564
-20637
-28166
-32219
-32293
-28377
-20951
-10932
440
11762
21629
28819
32437
32033
27653
19840
9561
-1907
-13142
-22745
-29519
-32621
-31661
-26755
-18514
-7961
3586
14689
23960
30239
32740
31148
25658
16955
6128
-5469
-16384
-25247
-30944
-32759
-30461
-24336
-15151
-4058
7546
18204
26572
31595
32638
29565
22763
13087
1756
-9798
-20118
-27896
-32148
-32332
-28424
-20915
-10754
771
12203
22088
29171
32552
31797
27001
18769
8148
-3511
-14727
-24069
-30346
-32754
-30984
-25260
-16309
-5272
6439
17331
26008
31359
32696
29845
23169
13521
2137
-9523
-19964
-27843
-32146
-32318
-28334
-20703
-10405
1234
12717
22564
29503
32637
31559
26407
17841
6968
-4807
-15965
-25058
-30909
-32757
-30361
-24028
-14577
-3233
8533
19194
27364
31977
32433
28669
21173
10917
-762
-12345
-22321
-29387
-32619
-31592
-26438
-17828
-6884
4961
16161
25247
31028
32744
30168
23635
13998
2522
-9287
-19879
-27860
-32179
-32265
-28105
-20242
-9711
2101
13640
23382
30040
32733
31103
25362
16267
5018
-6896
-17901
-26537
-31659
-32585
-29190
-21921
-11741
0
11743
21929
29201
32589
31641
26480
17791
6728
-5233
-16499
-25566
-31222
-32709
-29826
-22955
-13013
-1327
10537
20994
28641
32450
31909
27088
18630
7668
-4324
-15739
-25041
-30976
-32744
-30105
-23411
-13561
-1880
10055
20637
28436
32397
31982
27244
18822
7852
-4182
-15653
-25007
-30974
-32743
-30072
-23319
-13400
-1660
10308
20879
28612
32455
31881
26966
18377
7282
-4807
-16245
-25468
-31216
-32702
-29720
-22675
-12528
-664
11292
21705
29147
32596
31576
26225
17274
5950
-6193
-17489
-26383
-31650
-32564
-28995
-21433
-10917
1105
12978
23064
29968
32737
30984
24950
15465
3839
-8320
-19330
-27666
-32170
-32217
-27796
-19519
-8531
3643
15314
24860
30951
32739
29972
23032
12884
938
-11141
-21669
-29176
-32613
-31498
-25982
-16835
-5332
6918
18204
26944
31912
32410
28366
20343
9465
-2743
-14569
-24351
-30713
-32759
-30198
-23387
-13283
-1306
10856
21492
29100
32604
31507
25962
16748
5166
-7147
-18454
-27152
-32008
-32332
-28076
-19840
-8789
3510
15314
24947
31038
32720
29752
22551
12140
0
-12143
-22559
-29762
-32723
-31017
-24884
-15198
-3339
8998
20053
28242
32393
31908
26854
17952
6476
-5930
-17489
-26541
-31785
-32465
-28481
-20402
-9388
2978
14918
24714
30951
32730
29790
22554
12062
-172
-12385
-22811
-29942
-32746
-30813
-24421
-14492
-2462
9926
20879
28806
32556
31581
26021
16679
4912
-7571
-18956
-27585
-32200
-32127
-27374
-18630
-7167
5342
17076
26318
31719
32485
28504
20353
9222
-3259
-15267
-25041
-31147
-32687
-29434
-21861
-11077
1334
13553
23783
30517
32764
30189
23169
12736
423
-11953
-22570
-29860
-32743
-30792
-24293
-14202
-2009
10483
21426
29201
32652
31267
25247
15482
3419
-9153
-20369
-28563
-32514
-31633
-26047
-16586
-4654
7973
19415
27967
32350
31910
26709
17520
5712
-6950
-18577
-27428
-32179
-32116
-27244
-18292
-6597
6088
17864
26962
32015
32263
27666
18910
7310
-5391
-17284
-26579
-31872
-32366
-27983
-19380
-7852
4862
16845
26287
31760
32433
28203
19707
8226
-4501
-16550
-26094
-31684
-32472
-28334
-19895
-8434
4310
16402
26003
31651
32486
28377
19946
8475
-4288
-16402
-26016
-31662
-32478
-28334
-19861
-8351
4437
16550
26133
31717
32445
28203
19638
8060
-4756
-16845
-26351
-31812
-32386
-27983
-19276
-7602
5243
17284
26666
31941
32293
27666
18769
6975
-5898
-17864
-27071
-32095
-32157
-27244
-18113
-6176
6719
18577
27557
32265
31968
26709
17302
5205
-7702
-19415
-28111
-32434
-31710
-26047
-16326
-4058
8843
20369
28719
32588
31368
25247
15179
2736
-10137
-21426
-29364
-32705
-30922
-24293
-13853
-1238
11573
22570
30025
32764
30353
23169
12339
-434
-13142
-23783
-30678
-32739
-29638
-21861
-10632
2276
14829
25041
31296
32604
28754
20353
8727
-4282
-16616
-26318
-31849
-32328
-27676
-18630
-6622
6439
18480
27585
32302
31880
26381
16679
4318
-8734
-20396
-28806
-32620
-31227
-24845
-14492
-1820
11144
22329
29942
32763
30335
23047
12062
-859
-13645
-24243
-30951
-32688
-29173
-20967
-9388
3703
16202
26094
31785
32354
27709
18593
6476
-6688
-18775
-27832
-32393
-31718
-25913
-15915
-3339
9779
21317
29402
32723
30737
23764
12933
0
-12935
-23772
-30745
-32720
-29372
-21243
-9654
3510
16105
26077
31798
32332
27590
18342
6096
-7147
-19226
-28162
-32493
-31507
-25362
-15061
-2291
10856
22227
29953
32765
30198
22670
11416
-1716
-14569
-25028
-31370
-32548
-28366
-19509
-7435
5867
18204
27539
32330
31782
25982
15887
3163
-10086
-21669
-29667
-32753
-30413
-23032
-11831
1334
14281
24860
31312
32563
28403
19519
7387
-5976
-18347
-27666
-32377
-31693
-25725
-15465
-2622
10659
22164
29968
32766
30086
22374
10917
-2369
-15261
-25599
-31650
-32396
-27709
-18372
-5950
7473
19643
28516
32596
31195
24546
13765
664
-12550
-23653
-30771
-32702
-29116
-20616
-8634
4807
17440
27128
32230
31881
26137
15968
3092
-10308
-21966
-29901
-32766
-30072
-22272
-10689
2711
15653
25937
31812
32275
27244
17574
4908
-8595
-20637
-29162
-32712
-30681
-23411
-12140
1206
14349
25041
31451
32480
27948
18630
6117
-7445
-19735
-28641
-32634
-31026
-24089
-13013
301
13567
24501
31222
32570
28309
19172
6728
-6876
-19298
-28393
-32589
-31159
-24347
-13326
0
13328
24354
31166
32585
28360
19220
6748
-6896
-19347
-28443
-32604
-31103
-24198
-13087
301
13640
24608
31294
32533
28105
18778
6176
-7504
-19879
-28786
-32669
-30847
-23635
-12290
1206
14493
25247
31583
32389
27520
17828
5008
-8692
-20870
-29387
-32745
-30352
-22624
-10917
2711
15865
26229
31977
32094
26556
16335
3233
-10442
-22277
-30182
-32757
-29546
-21112
-8944
4807
17712
27483
32390
31559
25136
14256
845
-12717
-24026
-31070
-32598
-28334
-19032
-6345
7473
19964
28903
32697
30666
23169
11540
-2148
-15456
-26008
-31918
-32127
-26596
-16309
-3103
10659
22517
30346
32741
29270
20553
8148
-5719
-18563
-28078
-32552
-31179
-24202
-12874
771
14281
25223
31625
32332
27214
17189
4062
-9798
-21894
-30040
-32762
-29565
-21025
-8682
5233
18204
27882
32514
31257
24336
13002
-691
-14262
-25247
-31650
-32307
-27094
-16955
-3732
10171
22227
30239
32747
29289
20494
7961
-6025
-18915
-28356
-32621
-30929
-23586
-11931
1907
15400
26077
31982
32033
26215
15592
2109
-11762
-23479
-30889
-32629
-28377
-18910
-5966
8077
20637
29402
32756
30080
21861
9613
-4409
-17621
-27585
-32459
-31342
-24435
-13013
816
14497
25499
31785
32188
26631
16140
2656
-11322
-23203
-30782
-32650
-28456
-18976
-5969
8148
20755
29503
32763
29925
21514
9095
-5021
-18204
-27995
-32564
-31058
-23753
-12011
1977
15598
26305
32095
31880
25698
14703
952
-12978
-24480
-31393
-32418
-27360
-17165
-3744
10381
22559
30497
32702
28754
19394
6380
-7836
-20580
-29446
-32762
-29899
-21393
-8847
5370
18577
28275
32630
30814
23169
11138
-3003
-16579
-27016
-32334
-31523
-24733
-13249
751
14612
25700
31906
32048
26096
15179
1372
-12698
-24354
-31371
-32412
-27273
-16932
-3359
10856
23003
30758
32638
28280
18514
5205
-9101
-21669
-30089
-32747
-29131
-19930
-6905
7445
20371
29387
32762
29844
21189
8460
-5898
-19125
-28673
-32702
-30433
-22301
-9868
4468
17946
27963
32585
30916
23274
11134
-3159
-16845
-27275
-32428
-31305
-24119
-12260
1977
15833
26622
32247
31615
24845
13249
-923
-14918
-26016
-32055
-31858
-25461
-14105
0
14107
25468
31864
32046
25975
14832
792
-13405
-24986
-31684
-32188
-26395
-15435
-1452
12817
24578
31525
32292
26727
15917
1981
-12345
-24250
-31393
-32366
-26976
-16280
-2378
11993
24006
31293
32415
27148
16527
2644
-11762
-23850
-31230
-32442
-27244
-16660
-2779
11653
23783
31206
32451
27267
16679
2783
-11667
-23806
-31222
-32441
-27217
-16586
-2656
11803
23919
31277
32412
27094
16378
2398
-12062
-24120
-31370
-32361
-26894
-16056
-2009
12441
24407
31496
32285
26615
15616
1488
-12939
-24777
-31650
-32178
-26251
-15055
-836
13553
25223
31826
32033
25797
14372
52
-14280
-25739
-32015
-31841
-25247
-13561
863
15115
26318
32208
31592
24592
12618
-1908
-16052
-26950
-32393
-31276
-23823
-11540
3083
17085
27622
32556
30880
22932
10324
-4384
-18204
-28323
-32682
-30389
-21909
-8965
5807
19399
29038
32755
29790
20744
7461
-7347
-20658
-29748
-32757
-29067
-19428
-5811
8997
21966
30436
32669
28203
17952
4016
-10746
-23305
-31079
-32468
-27184
-16309
-2077
12583
24657
31656
32135
25992
14491
0
-14493
-25999
-32139
-31644
-24613
-12494
2208
16457
27304
32503
30975
23032
10317
-4537
-18454
-28547
-32719
-30103
-21238
-7961
6971
20458
29694
32757
29007
19220
5431
-9491
-22439
-30713
-32587
-27666
-16973
-2736
12073
24364
31568
32177
26060
14492
-108
-14689
-26197
-32222
-31498
-24174
-11781
3083
17304
27896
32634
30520
21996
8847
-6162
-19879
-29416
-32766
-29219
-19519
-5706
9311
22368
30711
32578
27570
16743
2378
-12491
-24723
-31732
-32033
-25558
-13674
1105
15653
26888
32428
31095
23169
10328
-4707
-18745
-28806
-32750
-29736
-20402
-6728
8378
21705
30414
32650
27932
17262
2911
-12062
-24465
-31651
-32083
-25665
-13765
1077
15692
26955
32455
31012
22932
9941
-5180
-19194
-29098
-32765
-29406
-19738
-5832
9326
22486
30817
32526
27244
16102
1495
-13436
-25478
-32035
-31693
-24521
-12062
2999
17416
28078
32680
30226
21243
7668
-7565
-21167
-30192
-32685
-28105
-17438
-2992
12103
24578
31727
31995
25321
13150
-1876
-16499
-27539
-32596
-30567
-21889
-8448
6833
20630
29936
32722
28377
17845
3419
-11753
-24364
-31659
-32040
-25423
-13249
1823
16499
27568
32607
30508
21729
8189
-7147
-20920
-30108
-32693
-28105
-17347
-2779
12401
24860
31856
31850
24838
12360
-2839
-17416
-28160
-32702
-30037
-20749
-6884
8501
22013
30668
32552
27244
15915
1066
-14020
-26008
-32243
-31342
-23500
-10451
4915
19194
29220
32766
29042
18871
4509
-10856
-23813
-31479
-32147
-25665
-13473
1720
16533
27666
32637
30335
21271
7461
-8015
-21705
-30552
-32578
-27327
-15968
-1038
14125
26133
32294
31228
23169
9920
-5554
-19786
-29584
-32748
-28565
-17970
-3339
12043
24723
31849
31816
24627
11897
-3511
-18132
-28673
-32755
-29458
-19519
-5177
10334
23516
31393
32182
25702
13414
-1907
-16800
-27896
-32682
-30072
-20653
-6555
9029
22570
30997
32395
26445
14492
-751
-15827
-27310
-32589
-30461
-21406
-7481
8148
21926
30713
32507
26894
15151
-48
-15238
-26955
-32522
-30664
-21804
-7961
7702
21608
30575
32549
27076
15403
202
-15047
-26852
-32503
-30703
-21861
-8002
7696
21629
30598
32538
27001
15255
0
-15257
-27007
-32541
-30582
-21579
-7602
8129
21989
30779
32468
26664
14703
-655
-15865
-27411
-32621
-30288
-20948
-6758
8997
22672
31098
32318
26047
13736
-1763
-16855
-28038
-32713
-29790
-19946
-5464
10289
23653
31516
32046
25116
12336
-3319
-18204
-28847
-32766
-29042
-18541
-3711
11987
24889
31977
31593
23823
10480
-5316
-19871
-29777
-32711
-27983
-16697
-1495
14059
26318
32404
30885
22114
8148
-7733
-21801
-30745
-32460
-26539
-14372
1180
16457
27860
32699
29832
19930
5325
-10537
-23916
-31650
-31910
-24631
-11530
4298
19113
29409
32747
28334
17210
2009
-13670
-26112
-32365
-30942
-22178
-8148
7817
21929
30833
32412
26285
13907
-1780
-17047
-28259
-32743
-29429
-19103
-4222
11667
24777
31977
31548
23586
9991
-5992
-20546
-30192
-32619
-27244
-15350
219
15739
27492
32660
30001
20149
5464
-10533
-24006
-31719
-31816
-24270
-10892
5106
19879
29873
32681
27625
15917
373
-15261
-27221
-32621
-30156
-20416
-5748
10308
23879
31684
31836
24293
10875
-5173
-19973
-29942
-32665
-27477
-15633
0
15636
27483
32666
29925
19920
5078
-10999
-24407
-31886
-31615
-23656
-9941
6193
20824
30386
32549
26782
14487
-1341
-16845
-28242
-32749
-29262
-18630
-3445
12583
25539
32252
31078
22301
8064
-8148
-22368
-31111
-32231
-25451
-12429
3643
18824
29387
32737
28047
16465
836
-15001
-27152
-32625
-30072
-20115
-5205
10989
24479
31937
31523
23335
9388
-6876
-21447
-30723
-32412
-26092
-13322
2743
18132
29038
32759
28371
16955
1338
-14612
-26944
-32596
-30164
-20247
-5304
10958
24501
31960
31477
23169
9099
-7236
-21774
-30894
-32323
-25702
-12676
3510
18824
29446
32724
27837
16000
166
-15711
-27666
-32707
-29572
-19041
-3744
12491
25602
32304
30916
21780
7184
-9215
-23305
-31551
-31880
-24205
-10451
5930
20824
30486
32483
26311
13518
-2679
-18204
-29147
-32749
-28098
-16364
-502
15488
27574
32702
29574
18976
3583
-12717
-25806
-32371
-30748
-21345
-6538
9926
23879
31785
31636
23467
9346
-7147
-21830
-30974
-32254
-25342
-11991
4409
19692
29968
32623
26976
14462
-1736
-17495
-28798
-32764
-28377
-16752
-852
15267
27492
32699
29554
18857
3339
-13034
-26077
-32450
-30520
-20777
-5712
10817
24578
32042
31291
22515
7961
-8637
-23021
-31496
-31881
-24075
-10079
6509
21426
30833
32307
25463
12062
-4448
-19815
-30076
-32585
-26689
-13907
2465
18204
29244
32732
27762
15616
-569
-16610
-28356
-32765
-28692
-17189
-1231
15047
27428
32699
29490
18630
2932
-13528
-26478
-32552
-30168
-19943
-4530
12062
25519
32337
30737
21133
6022
-10659
-24565
-32068
-31208
-22206
-7407
9326
23628
31760
31593
23169
8686
-8070
-22719
-31423
-31903
-24028
-9858
6896
21846
31070
32147
24790
10926
-5807
-21019
-30711
-32336
-25461
-11891
4807
20244
30356
32478
26047
12755
-3899
-19528
-30012
-32581
-26556
-13521
3083
18877
29687
32654
26991
14192
-2362
-18294
-29387
-32703
-27360
-14769
1736
17784
29119
32734
27666
15255
-1206
-17349
-28887
-32752
-27913
-15652
771
16993
28695
32761
28105
15962
-434
-16717
-28547
-32765
-28244
-16186
193
16523
28443
32766
28334
16326
-48
-16412
-28387
-32766
-28374
-16382
0
0
0
0
0
0
0
0
0
0
0
0
0
0
0
0
0
0
0
0
0
0
0
0
0
0
0
0
0
0
0
0
0
0
0
0
0
0
0
0
0
0
0
0
0
0
0
0
0
0
0
0
0
0
0
0
0
0
0
0
0
0
0
0
0
0
0
0
0
0
0
0
0
0
0
0
0
0
0
0
0
0
0
0
0
0
0
0
0
0
0
0
0
0
0
0
0
0
0
0
0
0
0
0
0
0
0
0
0
0
0
0
0
0
0
0
0
0
0
0
0
0
0
0
0
0
0
0
0
0
0
0
0
0
0
0
0
0
0
0
0
0
0
0
0
0
0
0
0
0
0
0
0
0
0
0
0
0
0
0
0
0
0
0
0
0
0
0
0
0
0
0
0
0
0
0
0
0
0
0
0
0
0
0
0
0
0
0
0
0
0
0
0
0
0
0
0
0
0
0
0
0
0
0
0
0
0
0
0
0
0
0
0
0
0
0
0
0
0
0
0
0
0
0
0
0
0
0
0
0
0
0
0
0
0
0
0
0
0
0
0
0
0
0
0
0
0
0
0
0
0
0
0
0
0
0
0
0
0
0
0
0
0
0
0
0
0
0
0
0
0
0
0
0
0
0
0
0
0
0
0
0
0
0
0
0
0
0
0
0
0
0
0
0
0
0
0
0
0
0
0
0
0
0
0
0
0
0
0
0
0
0
0
0
0
0
0
0
0
0
0
0
0
0
0
0
0
0
0
0
0
0
0
0
0
0
0
0
0
0
0
0
0
0
0
0
0
0
0
0
0
0
0
0
0
0
0
0
0
0
0
0
0
0
0
0
0
0
0
0
0
0
0
0
0
0
0
0
0
0
0
0
0
0
0
0
0
0
0
0
0
0
0
0
0
0
0
0
0
0
0
0
0
0
0
0
0
0
0
0
0
0
0
0
0
0
0
0
0
0
0
0
0
0
0
0
0
0
0
0
0
0
0
0
0
0
0
0
0
0
0
0
0
0
0
0
0
0
0
0
0
0
0
0
0
0
0
0
0
0
0
0
0
0
0
0
0
0
0
0
0
0
0
0
0
0
0
0
0
0
0
0
0
0
0
0
0
0
0
0
0
0
0
0
0
0
0
0
0
0
0
0
0
0
0
0
0
0
0
0
0
0
0
0
0
0
0
0
0
0
0
0
0
0
0
0
0
0
0
0
0
0
0
0
0
0
0
0
0
0
0
0
0
0
0
0
0
0
0
0
0
0
0
0
0
0
0
0
0
0
0
0
0
0
0
0
0
0
0
0
0
0
0
0
0
0
0
0
0
0
0
0
0
0
0
0
0
0
0
0
0
0
0
0
0
0
0
0
0
0
0
0
0
0
0
0
0
0
0
0
0
0
0
0
0
0
0
0
0
0
0
0
0
0
0
0
0
0
0
0
0
0
0
0
0
0
0
0
0
0
0
0
0
0
0
0
0
0
0
0
0
0
0
0
0
0
0
0
0
0
0
0
0
0
0
0
0
0
0
0
0
0
0
0
0
0
0
0
0
0
0
0
0
0
0
0
0
0
0
0
0
0
0
0
0
0
0
0
0
0
0
0
0
0
0
0
0
0
0
0
0
0
0
0
0
0
0
0
0
0
0
0
0
0
0
0
0
0
0
0
0
0
0
0
0
0
0
0
0
0
0
0
0
0
0
0
0
0
0
0
0
0
0
0
0
0
0
0
0
0
0
0
0
0
0
0
0
0
0
0
0
0
0
0
0
0
0
0
0
0
0
0
0
0
0
0
0
0
0
0
0
0
0
0
0
0
0
0
0
0
0
0
0
0
0
0
0
0
0
0
0
0
0
0
0
0
0
0
0
0
0
0
0
0
0
0
0
0
0
0
0
0
0
0
0
0
0
0
0
0
0
0
0
0
0
0
0
0
0
0
0
0
0
0
0
0
0
0
0
0
0
0
0
0
0
0
0
0
0
0
0
0
0
0
0
0
0
0
0
0
0
0
0
0
0
0
0
0
0
0
0
0
0
0
0
0
0
0
0
0
0
0
0
0
0
0
0
0
0
0
0
0
0
0
0
0
0
0
0
0
0
0
0
0
0
0
0
0
0
0
0
0
0
0
0
0
0
0
0
0
0
0
0
0
0
0
0
0
0
0
0
0
0
0
0
0
0
0
0
0
3640
3678
3773
3881
3933
3854
3578
3056
2274
1254
57
-1228
-2495
-3634
-4550
-5174
-5475
-5460
-5176
-4693
-4099
-3478
-2899
-2403
-1998
-1660
-1339
-970
-494
136
934
1878
2907
3926
4823
5480
5799
5712
5199
4295
3083
1693
275
-1010
-2024
-2665
-2882
-2682
-2133
-1347
-466
358
991
1331
1324
974
336
-492
-1388
-2221
-2876
-3272
-3371
-3180
-2754
-2178
-1552
-975
-523
-240
-126
-143
-216
-256
-169
117
643
1402
2338
3354
4316
5082
5517
5515
5021
4039
2637
940
-882
-2637
-4134
-5208
-5740
-5674
-5024
-3872
-2356
-655
1034
2523
3648
4294
4401
3973
3070
1801
310
-1242
-2700
-3922
-4797
-5255
-5265
-4843
-4039
-2934
-1630
-240
1120
2344
3339
4033
4383
4371
4012
3349
2455
1421
355
-630
-1429
-1950
-2131
-1942
-1394
-540
529
1694
2817
3761
4398
4633
4407
3713
2591
1129
-549
-2299
-3967
-5413
-6520
-7208
-7440
-7223
-6602
-5655
-4473
-3158
-1804
-489
728
1813
2751
3541
4192
4717
5121
5405
5561
5576
5434
5121
4633
3974
3164
2234
1225
183
-846
-1824
-2717
-3505
-4174
-4717
-5129
-5402
-5520
-5460
-5194
-4693
-3932
-2905
-1628
-147
1456
3071
4564
5789
6609
6914
6635
5764
4355
2528
457
-1647
-3563
-5078
-6026
-6302
-5880
-4818
-3252
-1380
564
2343
3741
4596
4823
4418
3463
2111
562
-961
-2246
-3121
-3475
-3272
-2554
-1433
-71
1340
2611
3577
4119
4179
3765
2943
1826
553
-728
-1884
-2811
-3446
-3767
-3794
-3575
-3178
-2673
-2125
-1580
-1064
-585
-138
291
712
1126
1521
1868
2133
2277
2266
2083
1733
1248
680
100
-411
-784
-965
-927
-680
-268
235
740
1155
1399
1422
1212
800
255
-324
-829
-1158
-1233
-1021
-541
137
900
1605
2105
2272
2020
1323
225
-1164
-2682
-4130
-5307
-6037
-6196
-5736
-4690
-3172
-1363
515
2237
3598
4453
4731
4455
3728
2725
1657
743
168
57
446
1280
2415
3640
4709
5379
5454
4815
3444
1436
-1011
-3623
-6084
-8076
-9333
-9673
-9032
-7471
-5173
-2419
448
3073
5135
6387
6696
6057
4592
2531
180
-2119
-4048
-5338
-5822
-5443
-4264
-2457
-270
2002
4071
5682
6656
6908
6453
5398
3923
2246
595
-831
-1889
-2507
-2689
-2511
-2101
-1612
-1198
-981
-1034
-1367
-1925
-2600
-3247
-3710
-3849
-3564
-2813
-1624
-93
1628
3349
4866
5994
6583
6548
5874
4621
2915
932
-1120
-3037
-4630
-5756
-6326
-6319
-5772
-4779
-3469
-1993
-504
862
2001
2845
3367
3578
3519
3252
2849
2377
1897
1452
1068
754
504
305
140
-6
-147
-286
-422
-550
-664
-756
-823
-869
-898
-922
-950
-992
-1053
-1130
-1214
-1288
-1331
-1321
-1237
-1066
-807
-469
-75
339
732
1057
1272
1343
1254
1003
612
122
-409
-915
-1322
-1563
-1585
-1354
-861
-125
804
1856
2938
3948
4782
5346
5563
5383
4787
3792
2450
843
-920
-2718
-4418
-5896
-7039
-7762
-8009
-7762
-7039
-5896
-4418
-2718
-920
843
2450
3792
4787
5383
5563
5346
4782
3948
2938
1856
804
-125
-861
-1354
-1585
-1563
-1322
-915
-409
122
612
1003
1254
1343
1272
1057
732
339
-75
-469
-807
-1066
-1237
-1321
-1331
-1288
-1214
-1130
-1053
-992
-950
-922
-898
-869
-823
-756
-664
-550
-422
-286
-147
-6
140
305
504
754
1068
1452
1897
2377
2849
3252
3519
3578
3367
2845
2001
862
-504
-1993
-3469
-4779
-5772
-6319
-6326
-5756
-4630
-3037
-1120
932
2915
4621
5874
6548
6583
5994
4866
3349
1628
-93
-1624
-2813
-3564
-3849
-3710
-3247
-2600
-1925
-1367
-1034
-981
-1198
-1612
-2101
-2511
-2689
-2507
-1889
-831
595
2246
3923
5398
6453
6908
6656
5682
4071
2002
-270
-2457
-4264
-5443
-5822
-5338
-4048
-2119
180
2531
4592
6057
6696
6387
5135
3073
448
-2419
-5173
-7471
-9032
-9673
-9333
-8076
-6084
-3623
-1011
1436
3444
4815
5454
5379
4709
3640
2415
1280
446
57
168
743
1657
2725
3728
4455
4731
4453
3598
2237
515
-1363
-3172
-4690
-5736
-6196
-6037
-5307
-4130
-2682
-1164
225
1323
2020
2272
2105
1605
900
137
-541
-1021
-1233
-1158
-829
-324
255
800
1212
1422
1399
1155
740
235
-268
-680
-927
-965
-784
-411
100
680
1248
1733
2083
2266
2277
2133
1868
1521
1126
712
291
-138
-585
-1064
-1580
-2125
-2673
-3178
-3575
-3794
-3767
-3446
-2811
-1884
-728
553
1826
2943
3765
4179
4119
3577
2611
1340
-71
-1433
-2554
-3272
-3475
-3121
-2246
-961
562
2111
3463
4418
4823
4596
3741
2343
564
-1380
-3252
-4818
-5880
-6302
-6026
-5078
-3563
-1647
457
2528
4355
5764
6635
6914
6609
5789
4564
3071
1456
-147
-1628
-2905
-3932
-4693
-5194
-5460
-5520
-5402
-5129
-4717
-4174
-3505
-2717
-1824
-846
183
1225
2234
3164
3974
4633
5121
5434
5576
5561
5405
5121
4717
4192
3541
2751
1813
728
-489
-1804
-3158
-4473
-5655
-6602
-7223
-7440
-7208
-6520
-5413
-3967
-2299
-549
1129
2591
3713
4407
4633
4398
3761
2817
1694
529
-540
-1394
-1942
-2131
-1950
-1429
-630
355
1421
2455
3349
4012
4371
4383
4033
3339
2344
1120
-240
-1630
-2934
-4039
-4843
-5265
-5255
-4797
-3922
-2700
-1242
310
1801
3070
3973
4401
4294
3648
2523
1034
-655
-2356
-3872
-5024
-5674
-5740
-5208
-4134
-2637
-882
940
2637
4039
5021
5515
5517
5082
4316
3354
2338
1402
643
117
-169
-256
-216
-143
-126
-240
-523
-975
-1552
-2178
-2754
-3180
-3371
-3272
-2876
-2221
-1388
-492
336
974
1324
1331
991
358
-466
-1347
-2133
-2682
-2882
-2665
-2024
-1010
275
1693
3083
4295
5199
5712
5799
5480
4823
3926
2907
1878
934
136
-494
-970
-1339
-1660
-1998
-2403
-2899
-3478
-4099
-4693
-5176
-5460
-5475
-5174
-4550
-3634
-2495
-1228
57
1254
2274
3056
3578
3854
3933
3881
3773
3678
0
0
0
0
0
0
0
0
0
0
0
0
0
0
0
0
0
0
0
0
0
0
0
0
0
0
0
0
0
0
0
0
0
0
0
0
0
0
0
0
0
0
0
0
0
0
0
0
0
0
0
0
0
0
0
0
0
0
0
0
0
0
0
0
0
0
0
728
500
-145
-1102
-2211
-3284
-4129
-4586
-4542
-3956
-2860
-1356
396
2207
3877
5227
6122
6486
6311
5654
4626
3373
2055
822
-205
-948
-1380
-1522
-1437
-1215
-956
-756
-689
-799
-1093
-1547
-2107
-2700
-3248
-3674
-3918
-3936
-3708
-3238
-2547
-1672
-662
427
1541
2618
3600
4430
5052
5416
5484
5229
4648
3762
2621
1304
-84
-1425
-2594
-3479
-3991
-4083
-3756
-3062
-2105
-1022
28
889
1429
1561
1258
559
-432
-1563
-2651
-3510
-3978
-3944
-3366
-2279
-796
910
2627
4135
5236
5785
5711
5026
3828
2282
600
-992
-2290
-3135
-3440
-3200
-2491
-1456
-281
836
1718
2229
2304
1950
1246
324
-650
-1513
-2124
-2396
-2307
-1901
-1282
-595
3
376
426
120
-503
-1338
-2227
-2986
-3438
-3442
-2923
-1884
-417
1315
3094
4684
5864
6465
6398
5673
4394
2749
984
-639
-1883
-2570
-2613
-2035
-961
390
1750
2831
3380
3216
2265
575
-1684
-4244
-6769
-8904
-10329
-10801
-10194
-8517
-5921
-2677
857
4286
7224
9349
10445
10428
9351
7400
4862
2086
-567
-2771
-4274
-4933
-4721
-3731
-2154
-247
1700
3415
4666
5299
5249
4542
3287
1651
-164
-1953
-3534
-4768
-5570
-5918
-5839
-5401
-4699
-3831
-2888
-1942
-1040
-205
558
1255
1891
2462
2952
3331
3559
3594
3402
2966
2295
1429
437
-585
-1532
-2293
-2774
-2908
-2668
-2068
-1169
-67
1112
2237
3179
3831
4120
4016
3532
2725
1681
511
-669
-1751
-2645
-3285
-3640
-3709
-3517
-3112
-2552
-1901
-1221
-563
28
526
908
1163
1285
1272
1125
850
456
-36
-599
-1195
-1771
-2269
-2626
-2781
-2684
-2301
-1621
-663
525
1869
3269
4613
5784
6671
7184
7261
6872
6031
4784
3215
1432
-440
-2273
-3945
-5349
-6408
-7070
-7320
-7175
-6678
-5896
-4911
-3809
-2675
-1586
-601
236
906
1407
1754
1977
2112
2196
2266
2347
2455
2591
2744
2892
3005
3050
2997
2824
2520
2088
1546
925
268
-378
-966
-1456
-1817
-2035
-2111
-2064
-1924
-1731
-1525
-1343
-1212
-1145
-1138
-1172
-1216
-1231
-1178
-1026
-757
-371
110
648
1186
1658
1998
2150
2073
1753
1202
464
-391
-1276
-2092
-2738
-3129
-3200
-2918
-2286
-1343
-163
1152
2486
3713
4716
5396
5681
5537
4966
4010
2747
1281
-266
-1770
-3109
-4179
-4904
-5242
-5186
-4765
-4043
-3105
-2053
-994
-24
774
1350
1678
1767
1657
1408
1094
791
565
463
504
675
937
1222
1451
1543
1429
1066
444
-400
-1397
-2435
-3383
-4102
-4465
-4374
-3779
-2684
-1154
685
2669
4599
6274
7510
8161
8141
7431
6085
4222
2010
-345
-2637
-4668
-6279
-7363
-7874
-7826
-7285
-6361
-5181
-3881
-2578
-1366
-302
592
1329
1938
2462
2937
3388
3815
4195
4486
4632
4576
4273
3700
2865
1812
616
-623
-1793
-2785
-3504
-3887
-3911
-3594
-2993
-2198
-1316
-457
279
821
1129
1200
1067
789
443
104
-159
-304
-310
-190
20
271
505
669
728
669
505
271
20
-190
-310
-304
-159
104
443
789
1067
1200
1129
821
279
-457
-1316
-2198
-2993
-3594
-3911
-3887
-3504
-2785
-1793
-623
616
1812
2865
3700
4273
4576
4632
4486
4195
3815
3388
2937
2462
1938
1329
592
-302
-1366
-2578
-3881
-5181
-6361
-7285
-7826
-7874
-7363
-6279
-4668
-2637
-345
2010
4222
6085
7431
8141
8161
7510
6274
4599
2669
685
-1154
-2684
-3779
-4374
-4465
-4102
-3383
-2435
-1397
-400
444
1066
1429
1543
1451
1222
937
675
504
463
565
791
1094
1408
1657
1767
1678
1350
774
-24
-994
-2053
-3105
-4043
-4765
-5186
-5242
-4904
-4179
-3109
-1770
-266
1281
2747
4010
4966
5537
5681
5396
4716
3713
2486
1152
-163
-1343
-2286
-2918
-3200
-3129
-2738
-2092
-1276
-391
464
1202
1753
2073
2150
1998
1658
1186
648
110
-371
-757
-1026
-1178
-1231
-1216
-1172
-1138
-1145
-1212
-1343
-1525
-1731
-1924
-2064
-2111
-2035
-1817
-1456
-966
-378
268
925
1546
2088
2520
2824
2997
3050
3005
2892
2744
2591
2455
2347
2266
2196
2112
1977
1754
1407
906
236
-601
-1586
-2675
-3809
-4911
-5896
-6678
-7175
-7320
-7070
-6408
-5349
-3945
-2273
-440
1432
3215
4784
6031
6872
7261
7184
6671
5784
4613
3269
1869
525
-663
-1621
-2301
-2684
-2781
-2626
-2269
-1771
-1195
-599
-36
456
850
1125
1272
1285
1163
908
526
28
-563
-1221
-1901
-2552
-3112
-3517
-3709
-3640
-3285
-2645
-1751
-669
511
1681
2725
3532
4016
4120
3831
3179
2237
1112
-67
-1169
-2068
-2668
-2908
-2774
-2293
-1532
-585
437
1429
2295
2966
3402
3594
3559
3331
2952
2462
1891
1255
558
-205
-1040
-1942
-2888
-3831
-4699
-5401
-5839
-5918
-5570
-4768
-3534
-1953
-164
1651
3287
4542
5249
5299
4666
3415
1700
-247
-2154
-3731
-4721
-4933
-4274
-2771
-567
2086
4862
7400
9351
10428
10445
9349
7224
4286
857
-2677
-5921
-8517
-10194
-10801
-10329
-8904
-6769
-4244
-1684
575
2265
3216
3380
2831
1750
390
-961
-2035
-2613
-2570
-1883
-639
984
2749
4394
5673
6398
6465
5864
4684
3094
1315
-417
-1884
-2923
-3442
-3438
-2986
-2227
-1338
-503
120
426
376
3
-595
-1282
-1901
-2307
-2396
-2124
-1513
-650
324
1246
1950
2304
2229
1718
836
-281
-1456
-2491
-3200
-3440
-3135
-2290
-992
600
2282
3828
5026
5711
5785
5236
4135
2627
910
-796
-2279
-3366
-3944
-3978
-3510
-2651
-1563
-432
559
1258
1561
1429
889
28
-1022
-2105
-3062
-3756
-4083
-3991
-3479
-2594
-1425
-84
1304
2621
3762
4648
5229
5484
5416
5052
4430
3600
2618
1541
427
-662
-1672
-2547
-3238
-3708
-3936
-3918
-3674
-3248
-2700
-2107
-1547
-1093
-799
-689
-756
-956
-1215
-1437
-1522
-1380
-948
-205
822
2055
3373
4626
5654
6311
6486
6122
5227
3877
2207
396
-1356
-2860
-3956
-4542
-4586
-4129
-3284
-2211
-1102
-145
500
0
0
0
0
0
0
0
0
0
0
0
0
0
0
0
0
0
0
0
0
0
0
0
0
0
0
0
0
0
0
0
0
0
0
0
0
0
0
0
0
0
0
0
0
0
0
0
0
0
0
0
0
0
0
0
0
0
0
0
0
0
0
0
0
0
0
0
2184
2107
1889
1564
1180
796
466
232
119
124
224
374
516
590
542
335
-45
-586
-1250
-1976
-2692
-3319
-3786
-4035
-4029
-3755
-3225
-2473
-1550
-518
555
1606
2570
3395
4033
4447
4609
4498
4107
3440
2522
1394
121
-1209
-2495
-3620
-4467
-4934
-4943
-4455
-3481
-2087
-389
1452
3249
4805
5939
6510
6432
5692
4352
2544
454
-1695
-3677
-5287
-6365
-6818
-6630
-5862
-4638
-3132
-1536
-39
1202
2084
2563
2661
2452
2054
1599
1210
987
979
1189
1565
2015
2426
2682
2687
2383
1764
876
-185
-1293
-2304
-3084
-3530
-3587
-3254
-2590
-1700
-723
195
920
1354
1447
1208
701
33
-659
-1241
-1594
-1638
-1347
-750
71
1000
1897
2630
3089
3210
2979
2440
1678
812
-29
-732
-1214
-1436
-1413
-1210
-924
-673
-567
-690
-1078
-1709
-2505
-3337
-4042
-4454
-4425
-3854
-2710
-1038
1032
3309
5549
7494
8901
9576
9402
8352
6501
4013
1128
-1870
-4687
-7050
-8737
-9609
-9614
-8796
-7282
-5265
-2977
-662
1454
3188
4415
5078
5187
4812
4071
3105
2064
1087
282
-275
-556
-570
-363
-7
408
794
1068
1163
1041
688
121
-615
-1456
-2318
-3112
-3747
-4145
-4243
-4004
-3422
-2522
-1362
-27
1375
2729
3915
4827
5383
5531
5259
4595
3601
2372
1020
-334
-1579
-2619
-3386
-3847
-3997
-3864
-3497
-2956
-2306
-1601
-888
-195
462
1079
1651
2171
2621
2971
3176
3186
2950
2433
1620
532
-769
-2184
-3579
-4800
-5691
-6115
-5975
-5229
-3908
-2109
2
2218
4303
6030
7204
7692
7441
6484
4939
2994
883
-1143
-2857
-4075
-4683
-4656
-4051
-3000
-1690
-331
871
1750
2195
2169
1708
915
-60
-1051
-1894
-2460
-2674
-2522
-2055
-1377
-623
59
542
735
603
171
-476
-1215
-1895
-2368
-2514
-2261
-1595
-570
708
2089
3406
4498
5237
5544
5403
4859
4012
2998
1967
1057
375
-25
-150
-60
138
310
319
49
-572
-1559
-2861
-4368
-5923
-7341
-8437
-9051
-9068
-8440
-7184
-5390
-3201
-800
1612
3847
5742
7180
8100
8494
8405
7913
7121
6138
5067
3991
2971
2041
1213
487
-148
-706
-1192
-1610
-1957
-2227
-2419
-2538
-2601
-2633
-2666
-2737
-2873
-3089
-3379
-3713
-4037
-4276
-4351
-4183
-3714
-2915
-1803
-434
1086
2626
4033
5158
5877
6109
5832
5083
3965
2626
1245
5
-933
-1456
-1510
-1117
-368
587
1565
2373
2838
2840
2324
1318
-71
-1674
-3276
-4653
-5600
-5968
-5680
-4750
-3283
-1459
488
2306
3755
4643
4854
4368
3255
1676
-145
-1955
-3500
-4567
-5008
-4767
-3879
-2470
-734
1088
2756
4047
4800
4930
4439
3416
2020
457
-1051
-2297
-3117
-3412
-3158
-2412
-1294
26
1360
2522
3360
3772
3721
3233
2393
1331
195
-864
-1719
-2282
-2514
-2427
-2080
-1566
-995
-476
-101
67
9
-256
-679
-1179
-1668
-2060
-2285
-2302
-2099
-1697
-1141
-495
170
791
1316
1715
1983
2133
2194
2202
2191
2184
2191
2202
2194
2133
1983
1715
1316
791
170
-495
-1141
-1697
-2099
-2302
-2285
-2060
-1668
-1179
-679
-256
9
67
-101
-476
-995
-1566
-2080
-2427
-2514
-2282
-1719
-864
195
1331
2393
3233
3721
3772
3360
2522
1360
26
-1294
-2412
-3158
-3412
-3117
-2297
-1051
457
2020
3416
4439
4930
4800
4047
2756
1088
-734
-2470
-3879
-4767
-5008
-4567
-3500
-1955
-145
1676
3255
4368
4854
4643
3755
2306
488
-1459
-3283
-4750
-5680
-5968
-5600
-4653
-3276
-1674
-71
1318
2324
2840
2838
2373
1565
587
-368
-1117
-1510
-1456
-933
5
1245
2626
3965
5083
5832
6109
5877
5158
4033
2626
1086
-434
-1803
-2915
-3714
-4183
-4351
-4276
-4037
-3713
-3379
-3089
-2873
-2737
-2666
-2633
-2601
-2538
-2419
-2227
-1957
-1610
-1192
-706
-148
487
1213
2041
2971
3991
5067
6138
7121
7913
8405
8494
8100
7180
5742
3847
1612
-800
-3201
-5390
-7184
-8440
-9068
-9051
-8437
-7341
-5923
-4368
-2861
-1559
-572
49
319
310
138
-60
-150
-25
375
1057
1967
2998
4012
4859
5403
5544
5237
4498
3406
2089
708
-570
-1595
-2261
-2514
-2368
-1895
-1215
-476
171
603
735
542
59
-623
-1377
-2055
-2522
-2674
-2460
-1894
-1051
-60
915
1708
2169
2195
1750
871
-331
-1690
-3000
-4051
-4656
-4683
-4075
-2857
-1143
883
2994
4939
6484
7441
7692
7204
6030
4303
2218
2
-2109
-3908
-5229
-5975
-6115
-5691
-4800
-3579
-2184
-769
532
1620
2433
2950
3186
3176
2971
2621
2171
1651
1079
462
-195
-888
-1601
-2306
-2956
-3497
-3864
-3997
-3847
-3386
-2619
-1579
-334
1020
2372
3601
4595
5259
5531
5383
4827
3915
2729
1375
-27
-1362
-2522
-3422
-4004
-4243
-4145
-3747
-3112
-2318
-1456
-615
121
688
1041
1163
1068
794
408
-7
-363
-570
-556
-275
282
1087
2064
3105
4071
4812
5187
5078
4415
3188
1454
-662
-2977
-5265
-7282
-8796
-9614
-9609
-8737
-7050
-4687
-1870
1128
4013
6501
8352
9402
9576
8901
7494
5549
3309
1032
-1038
-2710
-3854
-4425
-4454
-4042
-3337
-2505
-1709
-1078
-690
-567
-673
-924
-1210
-1413
-1436
-1214
-732
-29
812
1678
2440
2979
3210
3089
2630
1897
1000
71
-750
-1347
-1638
-1594
-1241
-659
33
701
1208
1447
1354
920
195
-723
-1700
-2590
-3254
-3587
-3530
-3084
-2304
-1293
-185
876
1764
2383
2687
2682
2426
2015
1565
1189
979
987
1210
1599
2054
2452
2661
2563
2084
1202
-39
-1536
-3132
-4638
-5862
-6630
-6818
-6365
-5287
-3677
-1695
454
2544
4352
5692
6432
6510
5939
4805
3249
1452
-389
-2087
-3481
-4455
-4943
-4934
-4467
-3620
-2495
-1209
121
1394
2522
3440
4107
4498
4609
4447
4033
3395
2570
1606
555
-518
-1550
-2473
-3225
-3755
-4029
-4035
-3786
-3319
-2692
-1976
-1250
-586
-45
335
542
590
516
374
224
124
119
232
466
796
1180
1564
1889
2107
0
0
0
0
0
0
0
0
0
0
0
0
0
0
0
0
0
0
0
0
0
0
0
0
0
0
0
0
0
0
0
0
0
0
0
0
0
0
0
0
0
0
0
0
0
0
0
0
0
0
0
0
0
0
0
0
0
0
0
0
0
0
0
0
0
0
0
