0
-1.2415e+05
-1.5375e-10
1.2788e+05
8685.2
-1.1746e+05
0
1.2253e+05
-13.344
-1.2625e+05
1.9563e-11
1.3887e+05
26231
-1.0738e+05
9.8859e-11
1.2137e+05
-31.715
-1.2884e+05
0
1.505e+05
44090
-97584
2.4441e-10
1.2063e+05
-11.779
-1.3202e+05
3.0116e-11
1.6302e+05
62578
-87916
0
1.2038e+05
-31.23
-1.358e+05
3.7877e-11
1.7664e+05
82050
-78168
4.7529e-11
1.2053e+05
28.268
-1.4033e+05
0
1.9163e+05
1.0282e+05
-68236
-1.0124e-10
1.212e+05
23.157
-1.4563e+05
-1.8388e-10
2.0825e+05
1.2526e+05
-57949
0
1.2239e+05
17.614
-1.5187e+05
3.7659e-11
2.2697e+05
1.4997e+05
-47030
-5.8789e-11
1.2412e+05
69.686
-1.5931e+05
0
2.4833e+05
1.7765e+05
-35236
-4.0575e-11
1.2658e+05
-0.82286
-1.6807e+05
-3.1882e-11
2.7307e+05
2.093e+05
-22055
0
1.2971e+05
8.6254
-1.7861e+05
-6.7066e-11
3.0217e+05
2.4616e+05
-7044.1
-4.922e-11
1.3377e+05
-19.735
-1.914e+05
0
3.3723e+05
2.9038e+05
10821
-6.0406e-11
1.3883e+05
8.9353
-2.072e+05
-2.1407e-10
3.8041e+05
3.449e+05
32851
0
1.452e+05
-28.918
-2.2695e+05
-1.0247e-10
4.3498e+05
4.1424e+05
61161
3.3729e-11
1.5315e+05
25.588
-2.5252e+05
0
5.0676e+05
5.0657e+05
99696
1.5557e-10
1.632e+05
-10.128
-2.8659e+05
1.4291e-10
6.0566e+05
6.3644e+05
1.5592e+05
0
1.7575e+05
-4.9113
-3.3442e+05
1.4592e-11
7.5139e+05
8.3375e+05
2.4584e+05
-5.5336e-11
1.9126e+05
28.921
-4.0682e+05
0
9.895e+05
1.1714e+06
4.1127e+05
-5.9837e-11
2.087e+05
-7.8894
-5.318e+05
2.3849e-10
1.4592e+06
1.8914e+06
8.0603e+05
0
2.1339e+05
-9.2212
-8.2927e+05
5.0295e-11
3.0155e+06
4.8528e+06
3.0205e+06
4.5876e-11
-5.1838e+05
-9.011e+05
1.182e+06
0
-4.8116e+05
1.2767e+05
2.8296e+05
2.7599e-10
8.1702e+05
-2.3428e+06
2.237e+06
-3.0239e-10
-2.1289e+06
-2.4821e+06
-1.5562e+06
0
2.2291e+06
-4.073e+06
3.4057e+06
2.5289e-10
-3.5131e+06
-4.588e+06
-3.0462e+06
9.4006e-11
3.4136e+06
-5.4781e+06
4.2665e+06
0
-4.3087e+06
-5.6874e+06
-3.7438e+06
-1.4597e-10
3.7215e+06
-5.5637e+06
4.1051e+06
-5.1407e-11
-3.8359e+06
-4.8301e+06
-2.9706e+06
-0
2.4624e+06
-3.3856e+06
2.3039e+06
1.324e-10
-1.6415e+06
-1.5125e+06
-4.714e+05
4.9788e-11
-3.921e+05
9.0106e+05
-8.6777e+05
-0
1.6353e+06
3.0813e+06
2.7169e+06
3.1916e-10
-3.4078e+06
4.9883e+06
-3.5822e+06
1.9704e-10
3.8008e+06
5.6288e+06
4.1172e+06
-0
-3.9553e+06
5.1322e+06
-3.2167e+06
-3.5665e-10
2.4263e+06
2.9479e+06
1.7173e+06
1.5588e-10
-6.7872e+05
8.0152
7.0646e+05
-0
-1.9071e+06
-3.3197e+06
-2.7211e+06
-1.0592e-10
3.4467e+06
-5.3774e+06
4.0872e+06
-3.1291e-10
-4.2023e+06
-5.6546e+06
-3.6683e+06
-0
2.8452e+06
-3.3856e+06
1.8872e+06
9.1156e-11
-5.8559e+05
2.7615e+05
9.9248e+05
-1.3308e-10
-2.3695e+06
4.0729e+06
-3.2815e+06
-0
3.8475e+06
5.6659e+06
4.0357e+06
1.6757e-10
-3.5501e+06
4.2805e+06
-2.3675e+06
1.9702e-11
8.6922e+05
1.478e+05
-6.5907e+05
-0
2.1766e+06
-4.0729e+06
3.4753e+06
3.4011e-10
-4.1171e+06
-5.8146e+06
-3.9046e+06
2.0248e-10
3.0214e+06
-3.3856e+06
1.6543e+06
-0
1.1364e+05
1.5079e+06
1.9773e+06
2.2306e-10
-3.392e+06
5.3774e+06
-3.9962e+06
-2.1291e-11
3.7657e+06
4.745e+06
2.7513e+06
-0
-1.0284e+06
22.071
1.0415e+06
-3.9372e-11
-2.8381e+06
-4.9046e+06
-3.8726e+06
-1.458e-11
3.9581e+06
-5.1322e+06
3.0542e+06
-0
-1.27e+06
-2.4824e+05
9.4027e+05
-8.8015e-11
-2.8661e+06
4.9883e+06
-3.9244e+06
-6.7535e-11
3.8518e+06
4.7781e+06
2.6367e+06
-0
-5.4692e+05
-9.0105e+05
1.7752e+06
-2.4468e-10
-3.5066e+06
-5.5829e+06
-4.0514e+06
-5.4851e-11
3.2456e+06
-3.3856e+06
1.3198e+06
-0
1.1265e+06
3.2108e+06
3.204e+06
-2.9801e-10
-4.0808e+06
5.5637e+06
-3.405e+06
1.5355e-11
1.4339e+06
2.4789e+05
-1.1113e+06
-0
3.2545e+06
-5.4781e+06
4.077e+06
1.1456e-10
-3.1675e+06
-3.0408e+06
-8.9522e+05
-2.4663e-10
-1.7652e+06
4.073e+06
-3.6776e+06
-0
3.9757e+06
4.8333e+06
2.4427e+06
-1.5924e-10
2.6302e+05
-2.3428e+06
2.84e+06
3.3173e-10
-4.026e+06
-5.4883e+06
-3.2437e+06
-0
8.3879e+05
9.0107e+05
-2.048e+06
4.9684e-10
3.9253e+06
5.8147e+06
3.7237e+06
1.7698e-10
-1.509e+06
-22.153
1.4994e+06
-0
-3.6585e+06
-5.6766e+06
-3.7874e+06
2.4616e-10
1.7494e+06
-3.0145e+05
-1.38e+06
-1.0633e-10
3.7522e+06
5.8468e+06
3.8568e+06
0
-1.604e+06
-15.065
1.5892e+06
-4.7806e-10
-3.7576e+06
-5.6438e+06
-3.5645e+06
-4.6179e-10
1.0534e+06
9.0108e+05
-2.2472e+06
0
4.1123e+06
5.6608e+06
3.1678e+06
-2.8151e-10
-45764
-2.3428e+06
3.0337e+06
2.0799e-10
-3.93e+06
-4.6584e+06
-2.0417e+06
0
-1.3567e+06
4.0729e+06
-3.8758e+06
2.7551e-10
3.5653e+06
3.2189e+06
5.1511e+05
4.7147e-10
2.9276e+06
-5.4781e+06
3.99e+06
0
-1.8431e+06
-65771
1.7559e+06
-1.9729e-10
-3.9749e+06
5.5637e+06
-3.07e+06
-8.6423e-11
-3.2156e+05
-3.0237e+06
-3.4902e+06
0
3.6632e+06
-3.3857e+06
5.3016e+05
5.729e-10
3.1591e+06
5.7762e+06
4.0377e+06
2.9005e-10
-1.3425e+06
-9.0107e+05
2.4253e+06
0
-3.895e+06
-4.5778e+06
-1.7785e+06
-9.6395e-12
-2.0691e+06
4.9883e+06
-4.1358e+06
6.6339e-11
2.327e+06
4.5708e+05
-1.7771e+06
0
4.0863e+06
-5.1322e+06
2.1455e+06
1.6241e-10
2.072e+06
5.1232e+06
4.1773e+06
-6.0984e-11
-2.058e+06
50.18
2.0079e+06
0
-3.8533e+06
-4.5148e+06
-1.6116e+06
1.8828e-10
-2.4573e+06
5.3775e+06
-4.0898e+06
-2.3846e-10
1.3637e+06
-1.2645e+06
-2.8875e+06
0
3.8102e+06
-3.3857e+06
1.6832e+05
9.0191e-11
3.8265e+06
6.0735e+06
3.4106e+06
-3.1944e-11
8.8265e+05
-4.0729e+06
3.8797e+06
0
-2.0862e+06
1.2916e+05
2.2516e+06
-9.9636e-12
-3.9928e+06
4.2805e+06
-1.1159e+06
-2.3218e-10
-2.9699e+06
-5.3678e+06
-3.3027e+06
0
-7.0221e+05
4.0729e+06
-4.1351e+06
1.4718e-11
2.4453e+06
46906
-2.3792e+06
8.1668e-11
3.906e+06
-3.3856e+06
-95095
0
4.2099e+06
6.0072e+06
2.7176e+06
-1.1945e-10
2.28e+06
-5.3774e+06
3.7703e+06
7.1061e-11
2.356e+05
3.7076e+06
4.0214e+06
0
-2.3645e+06
-31.635
2.2555e+06
1.1761e-11
-3.3456e+06
-2.5171e+06
5.5129e+05
2.9286e-11
-3.9219e+06
5.1322e+06
-1.96e+06
0
-2.598e+06
-5.1451e+06
-3.0963e+06
-9.3598e-11
-1.4111e+06
4.9883e+06
-4.2707e+06
-2.9252e-10
9.2269e+05
-2.5311e+06
-3.6628e+06
0
2.1584e+06
9.0102e+05
-3.3073e+06
8.9875e-11
3.9278e+06
2.1482e+06
-1.5111e+06
1.8651e-10
4.1034e+06
-3.3856e+06
-5.9526e+05
0
4.779e+06
5.5801e+06
1.3388e+06
1.2016e-10
3.878e+06
-5.5637e+06
1.9196e+06
1.3616e-10
3.7945e+06
6.5968e+06
3.3587e+06
-0
2.3469e+06
-5.4781e+06
3.2822e+06
-7.094e-12
2.0462e+06
5.7357e+06
4.1265e+06
-1.7167e-10
5.6431e+05
-4.0729e+06
3.5168e+06
-0
3.8723e+05
4.0262e+06
3.9267e+06
4.8488e-11
-8.361e+05
-2.3428e+06
3.0815e+06
-1.2562e-12
-8.3025e+05
2.2275e+06
3.2101e+06
-0
-1.6624e+06
-9.0109e+05
2.4454e+06
-1.3689e-11
-1.6356e+06
6.4125e+05
2.2934e+06
1.0401e-11
-1.9614e+06
41.408
1.9349e+06
-0
-2.2553e+06
-8.0474e+05
1.276e+06
2.0181e-11
-1.8333e+06
3.0144e+05
1.7567e+06
5.6348e-11
-3.0467e+06
-2.523e+06
-2810.2
-0
-1.3282e+06
-27.572
2.128e+06
-1.73e-10
-5.0584e+06
-6.5929e+06
-3.2167e+06
1.9842e-10
2.5964e+05
22.392
6.1492e+05
-0
-2.2818e+06
-3.257e+06
-1.6702e+06
-1.9454e-10
1.018e+05
-2.1088
4.5172e+05
-1.235e-10
-1.6266e+06
-2.3166e+06
-1.1787e+06
-0
49271
14.875
3.6921e+05
-6.3068e-11
-1.2924e+06
-1.8286e+06
-9.2047e+05
1.7007e-10
24119
25.911
3.1617e+05
-0
-1.0826e+06
-1.5218e+06
-7.5855e+05
4.2641e-11
10168
-44.992
2.7836e+05
6.0793e-11
-9.364e+05
-1.3089e+06
-6.4674e+05
-0
1611.9
29.476
2.4963e+05
1.0096e-10
-8.2804e+05
-1.1517e+06
-5.6479e+05
-1.0959e-10
-3809.9
-3.4315
2.2701e+05
-0
-7.4419e+05
-1.0307e+06
-5.0208e+05
1.0136e-11
-7383
-46.334
2.0863e+05
5.6046e-11
-6.7711e+05
-9.3419e+05
-4.5238e+05
-0
-9903
-12.138
1.9335e+05
8.7999e-11
-6.2226e+05
-8.5565e+05
-4.1217e+05
-7.9741e-11
-11622
8.4119
1.8042e+05
-0
-5.7641e+05
-7.9025e+05
-3.7886e+05
2.7896e-11
-12828
17.72
1.6934e+05
1.688e-10
-5.375e+05
-7.3492e+05
-3.5082e+05
-0
-13652
-45.461
1.5978e+05
4.5076e-11
-5.0409e+05
-6.8751e+05
-3.2687e+05
1.3386e-10
-14276
-38.22
1.5138e+05
-0
-4.7506e+05
-6.4645e+05
-3.0621e+05
-1.9738e-11
-14737
36.636
1.4388e+05
3.3786e-12
-4.4952e+05
-6.1045e+05
-2.882e+05
-0
-14978
-34.036
1.373e+05
4.9258e-11
-4.2695e+05
-5.7866e+05
-2.7232e+05
-4.2131e-11
-15173
-29.251
1.3135e+05
-0
-4.068e+05
-5.5034e+05
-2.5823e+05
5.2575e-12
-15293
-22.27
1.2596e+05
-9.4066e-11
-3.8866e+05
-5.2489e+05
-2.4557e+05
0
-15388
-10.317
1.2111e+05
6.5409e-12
-3.7235e+05
-5.0206e+05
-2.3427e+05
9.1487e-11
-15398
-19.674
1.1667e+05
0
-3.5751e+05
-4.8131e+05
-2.2402e+05
6.6603e-11
-15380
-40.794
1.1262e+05
-5.2513e-11
-3.4397e+05
-4.624e+05
-2.1469e+05
0
-15383
16.071
1.0883e+05
4.0509e-11
-3.3152e+05
-4.4504e+05
-2.0615e+05
-2.2743e-11
-15327
-12.134
1.0541e+05
0
-3.2012e+05
-4.2915e+05
-1.9834e+05
-5.6533e-11
-15266
-13.519
1.0222e+05
-5.8535e-11
-3.0956e+05
-4.1445e+05
-1.9112e+05
0
-15217
7.4762
99245
2.4535e-11
-2.9981e+05
-4.0091e+05
-1.845e+05
4.8332e-11
-15105
-21.015
96479
0
-2.9068e+05
-3.8821e+05
-1.7827e+05
-2.6857e-11
-15046
-21.243
93913
1.5058e-12
-2.8223e+05
-3.7645e+05
-1.7252e+05
0
-14986
4.0759
91487
1.3958e-10
-2.7431e+05
-3.6546e+05
-1.6714e+05
2.1633e-10
-14914
14.275
89221
0
-2.6691e+05
-3.5522e+05
-1.6216e+05
-9.4285e-11
-14809
2.4105
87083
-2.5886e-10
-2.5991e+05
-3.4549e+05
-1.5739e+05
0
-14765
34.907
85069
1.5521e-10
-2.5337e+05
-3.3643e+05
-1.5299e+05
1.476e-11
-14664
3.0079
83202
0
-2.4722e+05
-3.279e+05
-1.4884e+05
-1.5354e-10
-14578
-1.9016
81417
9.7124e-11
-2.414e+05
-3.1985e+05
-1.4492e+05
0
-14521
66.776
79648
3.4349e-11
-2.3579e+05
-3.121e+05
-1.4116e+05
-2.3286e-11
-14409
-14.609
78103
0
-2.3059e+05
-3.0487e+05
-1.3763e+05
3.4782e-11
-14340
-2.3195
76559
1.4537e-11
-2.2557e+05
-2.9791e+05
-1.3423e+05
0
-14282
-20.302
75140
-5.1209e-11
-2.2088e+05
-2.9141e+05
-1.3107e+05
1.8851e-10
-14204
-31.865
73765
0
-2.1638e+05
-2.8516e+05
-1.2802e+05
-1.1638e-10
-14166
-1.3635
72434
8.9719e-11
-2.1209e+05
-2.7922e+05
-1.2513e+05
0
-14101
-1.8691
71175
-5.8096e-11
-2.0799e+05
-2.7354e+05
-1.2237e+05
-1.5357e-10
-14035
-16.144
69984
0
-2.0407e+05
-2.681e+05
-1.197e+05
-1.3743e-10
-14011
23.799
68819
-1.9513e-11
-2.0034e+05
-2.6295e+05
-1.1722e+05
-0
-13935
18.683
67704
8.8091e-11
-1.9672e+05
-2.5795e+05
-1.1478e+05
1.3639e-10
-13882
17.309
66648
-0
-1.9328e+05
-2.5317e+05
-1.1246e+05
5.996e-11
-13847
59.998
65586
4.1231e-11
-1.899e+05
-2.485e+05
-1.1018e+05
-0
-13792
24.493
64647
2.9109e-11
-1.8676e+05
-2.4415e+05
-1.0808e+05
1.7325e-10
-13688
-48.535
63743
-0
-1.8367e+05
-2.3983e+05
-1.0595e+05
-1.989e-10
-13677
-43.243
62863
-8.2103e-11
-1.8076e+05
-2.3578e+05
-1.0396e+05
-0
-13667
9.8176
61959
1.1884e-10
-1.779e+05
-2.318e+05
-1.0202e+05
1.2265e-11
-13628
-9.1245
61150
-0
-1.7521e+05
-2.2807e+05
-1.0021e+05
9.4761e-11
-13572
-11.229
60327
1.0362e-10
-1.7252e+05
-2.2433e+05
-98371
-0
-13565
6.31
59551
-2.7839e-11
-1.6998e+05
-2.2081e+05
-96658
1.5825e-10
-13506
-42.068
58840
-0
-1.6756e+05
-2.1742e+05
-94990
-9.5168e-11
-13512
36.989
58045
6.2244e-11
-1.651e+05
-2.1402e+05
-93334
-0
-13460
-29.711
57406
-9.3647e-11
-1.6285e+05
-2.1086e+05
-91776
-1.2458e-10
-13450
-1.3454
56712
-0
-1.6062e+05
-2.0776e+05
-90256
-1.2403e-10
-13442
41.188
56016
6.0961e-11
-1.5841e+05
-2.047e+05
-88764
-0
-13395
-14.741
55430
2.5556e-11
-1.5636e+05
-2.0183e+05
-87345
-5.9012e-12
-13402
45.556
54767
-0
-1.543e+05
-1.9898e+05
-85959
-4.3874e-11
-13358
20.206
54177
-2.0698e-10
-1.5231e+05
-1.962e+05
-84597
-0
-13334
12.686
53596
1.0516e-10
-1.5037e+05
-1.9348e+05
-83259
8.4754e-12
-13308
-22.73
53070
-0
-1.4854e+05
-1.9091e+05
-81982
9.3282e-11
-13303
-7.8545
52518
9.6049e-11
-1.4673e+05
-1.8839e+05
-80745
-0
-13285
-6.4303
51983
-3.6992e-11
-1.4496e+05
-1.8591e+05
-79525
2.8272e-11
-13276
3.1342
51457
-0
-1.4323e+05
-1.8349e+05
-78336
-4.1988e-11
-13247
-28.712
50977
1.1117e-10
-1.4155e+05
-1.8113e+05
-77152
0
-13263
-6.242
50486
-3.9491e-11
-1.3993e+05
-1.7886e+05
-76027
-7.6464e-11
-13261
-0.21384
50018
0
-1.3838e+05
-1.767e+05
-74973
-2.3935e-11
-13238
15.516
49519
1.7245e-10
-1.3677e+05
-1.7443e+05
-73846
0
-13228
-27.673
49121
1.0338e-10
-1.3532e+05
-1.724e+05
-72849
3.4759e-11
-13192
-53.58
48689
0
-1.3383e+05
-1.7028e+05
-71773
5.0995e-11
-13233
-10.218
48250
-3.0133e-10
-1.3241e+05
-1.6828e+05
-70780
0
-13243
20.839
47812
-1.2543e-10
-1.31e+05
-1.6631e+05
-69806
1.7083e-11
-13247
45.391
47380
0
-1.296e+05
-1.6437e+05
-68852
-6.8283e-11
-13207
-18.459
47030
-1.2197e-10
-1.2829e+05
-1.625e+05
-67913
0
-13217
-6.2276
46640
-7.1908e-12
-1.2699e+05
-1.6067e+05
-67007
-1.4532e-10
-13202
-27.319
46278
0
-1.2572e+05
-1.5887e+05
-66098
-8.1088e-11
-13227
9.0774
45890
-1.95e-11
-1.2447e+05
-1.5712e+05
-65238
0
-13211
-2.9116
45529
2.0315e-11
-1.2324e+05
-1.5538e+05
-64375
-6.6579e-11
-13198
-26.877
45192
0
-1.2204e+05
-1.5367e+05
-63511
-2.6127e-11
-13218
-11.549
44845
3.3732e-11
-1.2087e+05
-1.5204e+05
-62696
0
-13208
-24.249
44512
9.6718e-11
-1.1971e+05
-1.5038e+05
-61861
-1.4934e-11
-13222
-21.771
44189
0
-1.1859e+05
-1.4879e+05
-61054
6.0076e-11
-13239
-13.361
43873
-1.2593e-10
-1.1752e+05
-1.4727e+05
-60293
0
-13237
-12.539
43554
-2.8507e-11
-1.1643e+05
-1.4572e+05
-59513
-7.9114e-11
-13250
-10.851
43253
0
-1.1539e+05
-1.4425e+05
-58782
-4.3154e-11
-13246
-15.736
42951
-3.3802e-11
-1.1435e+05
-1.4278e+05
-58041
0
-13261
7.443
42630
1.3429e-10
-1.1329e+05
-1.4129e+05
-57287
8.1965e-11
-13257
-32.764
42381
0
-1.1232e+05
-1.3988e+05
-56561
-1.1016e-10
-13292
-9.4676
42102
8.4061e-11
-1.1139e+05
-1.3856e+05
-55908
-0
-13290
8.0798
41798
-1.6866e-10
-1.1041e+05
-1.3718e+05
-55225
-2.7523e-11
-13268
-34.818
41547
-0
-1.0945e+05
-1.3579e+05
-54497
3.3189e-11
-13324
11.384
41269
-5.1574e-11
-1.0854e+05
-1.3451e+05
-53851
-0
-13339
33.923
40988
-3.6932e-11
-1.0763e+05
-1.3322e+05
-53212
1.2119e-10
-13326
11.918
40739
-0
-1.0673e+05
-1.3193e+05
-52556
3.9086e-11
-13345
23.944
40478
1.6464e-10
-1.0584e+05
-1.3067e+05
-51912
-0
-13357
19.355
40240
-1.228e-10
-1.0499e+05
-1.2945e+05
-51300
-2.8382e-11
-13360
10.133
40007
-0
-1.0417e+05
-1.2829e+05
-50727
-1.0173e-10
-13342
-1.2652
39751
1.8833e-10
-1.0327e+05
-1.27e+05
-50053
-0
-13384
15.505
39519
-3.2245e-11
-1.0246e+05
-1.2583e+05
-49456
5.2233e-11
-13385
-11.371
39315
-0
-1.0167e+05
-1.2469e+05
-48868
2.0024e-10
-13400
-21.414
39111
7.411e-11
-1.0092e+05
-1.2362e+05
-48333
-0
-13389
-32.231
38882
-7.0534e-11
-1.001e+05
-1.2243e+05
-47716
-4.5191e-11
-13430
-16.551
38671
-0
-99357
-1.2136e+05
-47157
-1.8272e-11
-13469
32.149
38423
4.1776e-11
-98587
-1.2027e+05
-46619
-0
-13443
-32.148
38262
-1.7775e-11
-97884
-1.1925e+05
-46090
1.0909e-10
-13474
20.673
38002
-0
-97082
-1.181e+05
-45494
1.1879e-10
-13509
23.806
37814
-1.1033e-10
-96391
-1.1711e+05
-44994
-0
-13492
-18.276
37641
5.52e-11
-95690
-1.1608e+05
-44453
1.297e-11
-13536
16.901
37433
-0
-95012
-1.1513e+05
-43982
-5.8231e-11
-13511
-17.483
37245
7.6487e-11
-94291
-1.1407e+05
-43428
-0
-13552
-0.47942
37058
6.7903e-11
-93632
-1.1313e+05
-42949
-7.6077e-11
-13548
-16.991
36873
-0
-92943
-1.1212e+05
-42426
6.303e-11
-13566
-35.348
36715
1.4535e-10
-92306
-1.1118e+05
-41926
0
-13613
8.9405
36511
-2.8778e-11
-91650
-1.1024e+05
-41441
1.226e-10
-13626
-5.5313
36354
0
-91049
-1.0937e+05
-40993
5.3594e-11
-13648
26.118
36149
-2.3133e-11
-90394
-1.0844e+05
-40523
0
-13653
17.689
35975
1.0004e-10
-89760
-1.0753e+05
-40055
-1.598e-10
-13654
-7.4566
35822
0
-89151
-1.0664e+05
-39597
-9.6223e-11
-13658
-27.954
35666
-1.2492e-10
-88531
-1.0572e+05
-39102
0
-13710
2.5467
35498
8.9821e-12
-87952
-1.0488e+05
-38667
-7.8508e-11
-13731
15.927
35325
0
-87356
-1.0402e+05
-38223
1.2374e-11
-13745
10.446
35173
8.1555e-11
-86791
-1.0321e+05
-37808
0
-13739
-12.909
35024
-5.1191e-11
-86207
-1.0235e+05
-37362
1.1312e-10
-13755
-26.777
34885
0
-85650
-1.0153e+05
-36921
-6.2723e-11
-13796
-0.57958
34725
8.8368e-11
-85108
-1.0075e+05
-36522
0
-13805
3.9159
34564
4.2579e-11
-84546
-99940
-36111
-5.8302e-11
-13805
-15.84
34421
0
-83985
-99117
-35679
7.4837e-11
-13819
-37.509
34297
-6.402e-11
-83458
-98326
-35249
0
-13873
9.5365
34131
-1.2049e-10
-82933
-97573
-34862
8.2989e-11
-13895
37.928
33954
0
-82362
-96751
-34436
7.0766e-11
-13903
9.4465
33838
-5.9885e-11
-81853
-95993
-34032
0
-13927
3.4424
33716
8.8447e-11
-81371
-95282
-33658
1.3567e-10
-13952
26.265
33562
0
-80865
-94566
-33305
1.5649e-10
-13917
-44.614
33466
-1.1495e-10
-80367
-93818
-32902
0
-13948
-35.826
33331
-1.2354e-11
-79860
-93060
-32486
1.9596e-11
-14017
34.622
33156
0
-79342
-92309
-32090
1.978e-10
-14045
37.409
33035
1.7825e-10
-78886
-91646
-31750
-0
-14045
24.045
32910
9.0307e-11
-78409
-90955
-31394
-5.8919e-11
-14048
12.116
32781
-0
-77911
-90220
-31007
-9.3778e-11
-14055
-30.871
32700
8.0385e-11
-77484
-89571
-30655
-0
-14089
-4.6663
32561
-3.4109e-11
-77013
-88880
-30284
-6.9635e-11
-14137
47.522
32399
-0
-76523
-88180
-29928
5.9972e-11
-14122
-19.608
32334
2.4988e-10
-76118
-87568
-29602
-0
-14134
-18.592
32210
-7.5015e-11
-75653
-86874
-29225
1.206e-11
-14183
14.316
32080
-0
-75221
-86252
-28906
6.3682e-11
-14184
7.9381
31952
-1.9802e-11
-74735
-85526
-28511
-0
-14218
-13.822
31882
6.8589e-11
-74374
-84977
-28216
-2.4303e-11
-14246
24.309
31735
-0
-73929
-84346
-27898
4.2306e-11
-14237
-7.9746
31637
-4.2279e-11
-73497
-83705
-27557
-0
-14252
-17.238
31531
-4.7615e-11
-73059
-83042
-27192
1.699e-10
-14293
-16.56
31446
-0
-72699
-82504
-26905
6.705e-11
-14321
27.006
31294
1.9618e-11
-72242
-81843
-26555
-0
-14359
55.814
31166
-7.2969e-11
-71819
-81234
-26245
-2.8753e-12
-14336
-20.945
31123
-0
-71477
-80711
-25965
4.8255e-11
-14360
18.302
30972
4.7377e-11
-71016
-80046
-25616
-0
-14375
-2.3255
30885
-3.7705e-12
-70617
-79439
-25282
1.5396e-10
-14415
17.949
30776
-0
-70230
-78873
-24989
1.5642e-10
-14411
-11.654
30689
6.404e-11
-69835
-78280
-24671
-0
-14419
-46.681
30622
1.5566e-10
-69470
-77713
-24353
-4.4747e-11
-14463
-20.017
30515
-0
-69092
-77150
-24047
-1.8562e-10
-14502
12
30396
5.638e-11
-68704
-76583
-23749
0
-14508
-15.352
30326
1.0116e-10
-68364
-76077
-23486
7.4513e-11
-14503
-41.54
30242
0
-67988
-75508
-23172
-4.0754e-11
-14550
2.0021
30114
-9.0374e-11
-67582
-74908
-22848
0
-14572
-19.638
30052
-3.0612e-11
-67263
-74424
-22587
-1.296e-10
-14590
-6.7757
29944
0
-66882
-73858
-22279
-7.703e-11
-14633
29.005
29827
6.8409e-11
-66503
-73302
-21984
0
-14646
10.472
29754
-2.0188e-12
-66168
-72801
-21722
-5.6285e-12
-14638
-29.207
29689
0
-65821
-72265
-21421
9.856e-11
-14679
-14.049
29604
2.6995e-12
-65498
-71784
-21163
0
-14706
20.654
29479
1.2515e-10
-65112
-71227
-20874
4.0342e-11
-14698
-37.247
29437
0
-64792
-70720
-20586
3.1186e-12
-14745
-4.7061
29336
-1.407e-10
-64447
-70202
-20301
0
-14779
5.9237
29257
-1.998e-11
-64146
-69758
-20065
2.5667e-11
-14803
48.078
29122
0
-63752
-69190
-19768
-1.0425e-10
-14812
15.632
29065
2.554e-10
-63435
-68701
-19497
0
-14845
39.397
28964
-1.3507e-10
-63092
-68199
-19237
1.8606e-10
-14831
-19.304
28923
0
-62779
-67705
-18957
-7.2639e-11
-14862
-23.059
28860
-1.1559e-11
-62487
-67253
-18703
0
-14905
17.954
28754
2.2953e-11
-62167
-66797
-18474
-1.3736e-10
-14887
-25.716
28695
0
-61845
-66302
-18199
5.3615e-11
-14923
-3.5357
28598
1.522e-10
-61500
-65779
-17906
0
-14968
15.545
28519
1.8809e-11
-61203
-65336
-17672
-8.3687e-11
-14966
-14.736
28462
0
-60899
-64863
-17403
-7.4798e-11
-15016
24.964
28363
-6.1975e-11
-60586
-64402
-17157
-0
-15030
19.456
28290
-4.6861e-11
-60284
-63952
-16917
-2.4425e-11
-15041
12.524
28215
-0
-59978
-63499
-16683
1.1623e-10
-15016
-64.085
28196
4.5753e-11
-59708
-63062
-16431
-0
-15057
-37.301
28107
-2.1137e-12
-59391
-62576
-16152
-7.2165e-11
-15116
5.5827
28021
-0
-59125
-62197
-15966
8.4615e-11
-15092
-27.788
27946
1.7158e-10
-58781
-61667
-15665
-0
-15137
-25.112
27891
5.1274e-11
-58510
-61238
-15418
-5.3267e-11
-15181
1.0904
27814
-0
-58241
-60837
-15202
1.0376e-10
-15201
17.299
27726
4.5592e-11
-57940
-60397
-14971
-0
-15197
-21.198
27684
-1.0822e-10
-57677
-59990
-14748
1.3681e-10
-15216
-14.605
27603
-0
-57369
-59521
-14486
-5.8489e-11
-15255
6.396
27522
-1.3662e-10
-57068
-59058
-14222
-0
-15293
2.9697
27482
1.1567e-10
-56856
-58732
-14044
5.6464e-11
-15328
78.985
27331
-0
-56487
-58217
-13784
-1.3341e-11
-15304
-14.863
27337
-1.313e-10
-56257
-57833
-13560
-0
-15335
-2.4881
27267
-8.2533e-12
-55984
-57414
-13325
1.1368e-10
-15369
13.521
27197
-0
-55729
-57038
-13130
2.4549e-11
-15361
-13.102
27138
5.8377e-12
-55431
-56568
-12852
-0
-15433
42.196
27053
-6.6963e-12
-55185
-56215
-12675
4.0817e-12
-15419
20.405
26984
-0
-54890
-55773
-12438
4.6055e-11
-15421
-18.819
26948
2.227e-11
-54621
-55335
-12175
-0
-15484
21.617
26874
-4.3794e-11
-54374
-54959
-11967
-1.8745e-10
-15510
34.29
26807
-0
-54131
-54607
-11790
-2.3747e-11
-15491
-2.0081
26752
-1.2197e-10
-53844
-54159
-11533
0
-15541
28.738
26675
-4.7666e-11
-53572
-53743
-11300
4.8037e-11
-15569
28.8
26621
0
-53329
-53371
-11096
2.7648e-12
-15574
0.24177
26588
-6.189e-11
-53112
-53036
-10916
0
-15572
-23.19
26539
5.2635e-11
-52859
-52640
-10688
1.3105e-10
-15621
19.948
26453
0
-52603
-52266
-10492
-4.9478e-11
-15624
4.8593
26398
-2.2925e-10
-52355
-51897
-10299
0
-15623
-10.145
26332
-3.6093e-12
-52065
-51455
-10055
-3.5622e-11
-15627
-65.51
26325
0
-51851
-51091
-9833
-1.5569e-10
-15686
-8.6088
26230
-2.2781e-10
-51569
-50662
-9587.1
0
-15729
-1.4097
26186
1.157e-10
-51362
-50339
-9407.7
9.8411e-12
-15744
2.0191
26124
0
-51117
-49962
-9194.5
-3.111e-11
-15780
22.105
26060
-2.2985e-10
-50892
-49631
-9021.8
0
-15777
2.6609
26010
4.6523e-11
-50659
-49286
-8843.2
-1.3534e-10
-15768
-23.515
25956
0
-50385
-48855
-8593.9
-2.0111e-10
-15813
-7.7953
25900
1.3561e-10
-50153
-48497
-8393.6
0
-15834
-4.591
25840
3.2643e-12
-49905
-48116
-8183
-5.5038e-11
-15843
-35.692
25814
0
-49691
-47770
-7982.4
-7.9871e-11
-15869
-33.797
25763
-6.3088e-11
-49455
-47391
-7754
0
-15934
20.527
25685
-2.7139e-11
-49236
-47071
-7588.8
1.4658e-11
-15921
-23.926
25662
0
-49034
-46750
-7405.4
-1.5657e-11
-15959
26.304
25561
-1.6343e-10
-48758
-46351
-7196.8
0
-15952
-27.906
25547
-2.449e-10
-48537
-45981
-6968.9
-8.8455e-11
-16013
12.214
25487
0
-48352
-45713
-6837.5
-2.1182e-11
-15989
-23.101
25439
9.0633e-11
-48098
-45317
-6609.4
-0
-16030
-4.2612
25382
1.406e-10
-47876
-44978
-6423.5
-8.0498e-11
-16045
-3.8369
25319
-0
-47614
-44564
-6179.8
3.6083e-11
-16090
-2.5117
25292
-8.955e-11
-47444
-44294
-6029.2
-0
-16100
0.89678
25231
1.7173e-11
-47208
-43933
-5825.3
-1.3339e-10
-16132
15.235
25172
-0
-46978
-43575
-5620.1
-1.7304e-11
-16164
19.772
25131
6.8941e-11
-46792
-43292
-5468.6
-0
-16162
0.41146
25089
-5.9462e-11
-46577
-42956
-5275
8.5848e-11
-16208
51.962
24998
-0
-46334
-42611
-5101
-1.4281e-10
-16189
-1.0611
24976
-1.8256e-10
-46109
-42243
-4880.8
-0
-16243
38.667
24905
1.266e-10
-45888
-41915
-4708.8
2.3667e-11
-16231
-8.7537
24885
-0
-45673
-41560
-4495.5
-4.567e-11
-16272
-0.87126
24849
1.054e-10
-45496
-41283
-4341.5
-0
-16286
8.8938
24784
-1.0092e-10
-45259
-40922
-4138.4
-1.9111e-10
-16310
2.1056
24749
-0
-45070
-40626
-3974.6
-1.2004e-10
-16322
1.751
24693
-8.3452e-11
-44836
-40264
-3768.7
-0
-16348
-2.1482
24653
-1.0581e-10
-44627
-39927
-3569.4
6.6448e-11
-16384
3.7906
24618
-0
-44455
-39657
-3419.8
8.6047e-12
-16398
12.729
24556
1.5695e-10
-44228
-39315
-3231.1
-0
-16410
-7.2539
24526
9.9738e-12
-44032
-38999
-3045.8
8.3889e-11
-16445
11.638
24472
-0
-43833
-38696
-2877.8
-7.8589e-11
-16466
28.428
24404
-3.2617e-10
-43593
-38327
-2668.1
-0
-16497
29.603
24366
1.5944e-10
-43406
-38037
-2508.2
9.9551e-11
-16502
13.273
24325
-0
-43189
-37693
-2309.5
-8.6576e-11
-16524
-5.463
24309
2.5152e-12
-43029
-37431
-2159.5
0
-16539
-2.5169
24258
-9.0676e-11
-42816
-37099
-1966
7.3483e-11
-16576
11.588
24214
0
-42640
-36830
-1820.9
-1.4779e-11
-16585
19.797
24147
-7.4432e-11
-42400
-36465
-1616.8
0
-16604
-0.73909
24124
-1.2489e-10
-42210
-36152
-1428.5
3.6664e-11
-16639
6.4558
24088
0
-42039
-35879
-1269.1
2.2131e-12
-16677
52.345
24004
2.5499e-10
-41808
-35544
-1096.7
0
-16651
-37.283
24031
-1.0021e-10
-41662
-35274
-920.42
-2.8767e-12
-16717
33.835
23946
0
-41458
-34976
-757.9
5.6786e-11
-16745
69.732
23862
-1.0036e-11
-41216
-34623
-568.66
0
-16748
33.163
23845
1.2385e-10
-41029
-34314
-386.35
-1.3369e-10
-16772
25.483
23819
0
-40866
-34060
-250.13
-1.3254e-10
-16758
-21.227
23806
-1.4205e-10
-40685
-33758
-68.049
0
-16801
9.6001
23746
8.1315e-11
-40483
-33446
112.28
1.1621e-10
-16834
25.428
23697
0
-40298
-33166
261.04
1.338e-10
-16825
-15.1
23680
-1.093e-11
-40112
-32858
446.8
0
-16865
4.5251
23634
-7.969e-11
-39936
-32587
597.77
-1.9554e-10
-16880
8.3558
23583
0
-39734
-32282
760.32
-1.9982e-10
-16868
-46.678
23578
-6.77e-11
-39549
-31961
961.4
0
-16914
-39.07
23557
2.2526e-11
-39412
-31738
1089.7
-1.7243e-11
-16925
-40.714
23516
0
-39227
-31443
1266.5
2.4236e-11
-16978
10.852
23442
-8.351e-11
-39032
-31155
1424.9
0
-17005
41.813
23367
1.2555e-10
-38804
-30819
1606.6
-1.2614e-11
-17011
12.482
23346
0
-38620
-30516
1785.8
-1.2283e-10
-17039
15.799
23308
-2.0686e-10
-38436
-30220
1957.5
-0
-17058
-1.8915
23292
5.0847e-11
-38285
-29973
2101
1.758e-10
-17075
2.9809
23244
-0
-38081
-29646
2299.2
1.0116e-10
-17131
42.28
23191
4.8295e-11
-37918
-29408
2418
-0
-17099
-25.726
23191
6.4867e-11
-37746
-29110
2605
1.5296e-10
-17156
18.436
23132
-0
-37567
-28838
2757.2
4.8564e-11
-17168
5.012
23106
-7.6998e-11
-37407
-28583
2903.8
-0
-17192
25.176
23046
3.7876e-11
-37206
-28276
3076.5
-1.7111e-10
-17215
26.1
23009
-0
-37035
-28017
3212.7
2.8997e-11
-17199
-22.57
22995
2.3126e-10
-36844
-27692
3416.5
-0
-17255
4.7943
22957
-6.3806e-11
-36691
-27449
3554.9
-4.4175e-11
-17266
-4.5859
22928
-0
-36530
-27194
3701.5
-7.6329e-11
-17291
17.646
22866
-1.8379e-10
-36319
-26867
3891.3
-0
-17328
27.513
22831
-1.1076e-10
-36163
-26627
4021.6
1.6646e-12
-17326
10.106
22793
-0
-35958
-26297
4216.8
6.5553e-11
-17353
-10.278
22789
1.3502e-11
-35823
-26059
4368
-0
-17404
42.497
22718
-6.1532e-11
-35639
-25788
4514.3
-3.8133e-11
-17406
16.511
22700
-0
-35488
-25547
4649.1
-8.3822e-11
-17412
4.1704
22666
-1.7109e-10
-35301
-25244
4833.4
-0
-17463
40.133
22615
1.1257e-10
-35143
-25007
4961.3
1.143e-10
-17474
51.149
22554
-0
-34935
-24696
5129.9
-9.738e-12
-17476
18.084
22538
2.7824e-12
-34762
-24409
5298.7
-0
-17494
-1.0168
22525
-5.8007e-11
-34614
-24163
5445.2
-1.6304e-10
-17517
3.5219
22487
-0
-34450
-23913
5577.5
1.8003e-10
-17498
-53.39
22487
-1.8447e-10
-34289
-23633
5753.1
0
-17551
-8.0498
22420
-3.811e-11
-34081
-23306
5948.1
-3.0259e-11
-17590
-8.1409
22403
0
-33952
-23096
6065.9
5.2717e-11
-17586
-33.925
22381
-1.4305e-10
-33782
-22811
6242.5
0
-17639
7.4954
22323
5.5343e-11
-33603
-22535
6399.9
3.202e-11
-17653
-14.978
22315
0
-33472
-22316
6531.1
2.329e-11
-17679
7.492
22261
2.248e-10
-33302
-22068
6655.8
0
-17652
-57.719
22263
-8.3143e-11
-33133
-21772
6845.3
2.4087e-11
-17713
-15.332
22213
0
-32977
-21531
6981.6
7.8033e-11
-17729
-8.6742
22164
-8.4922e-11
-32772
-21196
7190.8
0
-17796
32.53
22123
-1.4063e-10
-32643
-20999
7295.1
1.7e-11
-17789
11.744
22095
0
-32486
-20763
7416.4
7.4209e-11
-17767
-40.111
22084
-1.4731e-10
-32299
-20440
7625.4
0
-17844
20.924
22025
9.4959e-11
-32143
-20205
7751.7
-6.2342e-11
-17839
-11.591
22009
0
-31985
-19947
7903
-1.6086e-11
-17858
-15.197
21979
1.2645e-10
-31816
-19669
8071.6
0
-17896
1.6077
21941
-2.9717e-11
-31661
-19427
8205.7
9.5499e-11
-17891
-40.102
21937
0
-31510
-19161
8377.2
7.8121e-11
-17951
12.245
21875
-3.8186e-11
-31336
-18893
8531.7
0
-17969
-4.119
21866
2.315e-11
-31221
-18705
8637.6
5.8752e-11
-17975
-4.1607
21823
0
-31043
-18425
8801.6
2.3772e-10
-18015
31.567
21761
4.8513e-11
-30855
-18143
8957.9
0
-18025
12.299
21738
-5.3228e-11
-30686
-17864
9126.6
-2.6364e-11
-18059
23.391
21703
0
-30523
-17599
9283.4
-1.6653e-10
-18081
10.916
21689
5.4941e-11
-30393
-17385
9405.4
-0
-18082
-15.644
21677
3.5283e-10
-30254
-17156
9540.7
-8.1856e-11
-18106
1.4706
21625
-0
-30064
-16856
9717.9
-1.0213e-10
-18141
9.0638
21595
-1.7084e-10
-29913
-16612
9860.7
-0
-18160
6.1553
21565
-5.5456e-11
-29757
-16364
10001
2.0092e-10
-18155
-42.15
21572
-0
-29622
-16117
10163
7.0576e-11
-18214
4.9614
21522
1.1029e-10
-29485
-15912
10274
-0
-18217
2.2119
21478
4.0191e-11
-29299
-15620
10444
-1.2131e-10
-18249
12.651
21440
-0
-29127
-15340
10614
7.1882e-11
-18283
11.48
21426
-8.3354e-11
-29018
-15168
10703
-0
-18265
-17.729
21395
-5.6695e-11
-28823
-14846
10904
-1.8328e-10
-18320
-2.2556
21379
-0
-28722
-14682
10995
-3.1406e-12
-18328
18.719
21308
-1.5221e-10
-28501
-14347
11185
-0
-18349
-8.3759
21309
-6.2997e-11
-28382
-14140
11309
8.9775e-11
-18361
-13.386
21276
-0
-28209
-13855
11485
-1.527e-10
-18416
30.75
21219
-6.4569e-11
-28041
-13601
11624
-0
-18411
-8.0508
21210
1.6779e-10
-27879
-13324
11796
2.1477e-10
-18440
-23.425
21207
-0
-27753
-13094
11947
-2.8638e-10
-18491
13.423
21163
4.36e-11
-27614
-12874
12076
-0
-18512
15.503
21138
8.7604e-11
-27494
-12693
12166
1.3491e-10
-18488
-27.563
21120
-0
-27320
-12403
12346
-5.8122e-11
-18540
5.7942
21075
3.4107e-10
-27161
-12146
12503
-0
-18588
48.365
21017
-2.2726e-10
-27000
-11909
12628
-1.6255e-10
-18581
17.21
20998
-0
-26837
-11646
12778
1.1579e-10
-18579
-35.08
21013
7.7738e-11
-26722
-11436
12910
0
-18603
-29.821
20981
1.2298e-10
-26566
-11178
13070
3.3765e-10
-18651
8.9396
20928
0
-26406
-10936
13202
-1.3455e-10
-18650
-21.627
20913
1.4064e-10
-26245
-10660
13376
0
-18699
6.1665
20874
-1.8496e-10
-26099
-10429
13507
6.786e-12
-18703
-22.744
20865
0
-25953
-10174
13671
-1.172e-10
-18752
2.4113
20836
7.0092e-11
-25840
-9997.5
13770
0
-18771
41.739
20753
-1.4673e-10
-25618
-9674.2
13940
7.846e-11
-18747
-58.857
20803
0
-25508
-9441
14108
-1.4195e-11
-18823
11.263
20738
4.1143e-11
-25352
-9202.4
14244
0
-18833
-12.081
20731
2.0266e-12
-25224
-8981.5
14381
-2.4327e-10
-18860
-8.0869
20709
0
-25105
-8788.7
14493
7.0759e-11
-18874
-2.3782
20671
2.0908e-12
-24956
-8564.5
14612
0
-18868
-30.615
20651
1.2129e-11
-24793
-8294.8
14775
-1.6419e-10
-18905
-13.294
20611
0
-24631
-8032.3
14934
-1.0967e-10
-18945
15.935
20558
9.091e-11
-24448
-7745.1
15101
0
-18960
-17.424
20566
2.0867e-10
-24336
-7543
15227
-1.1196e-10
-18978
-27.124
20551
0
-24212
-7336.5
15350
-5.5529e-12
-18997
-18.191
20510
-1.8567e-10
-24041
-7059.7
15518
0
-19038
-3.0714
20482
-4.5993e-12
-23913
-6852.7
15639
8.5832e-11
-19060
15.046
20431
0
-23739
-6585.7
15789
2.8209e-10
-19067
-13.97
20424
2.6965e-10
-23603
-6355.3
15928
0
-19091
-4.8097
20383
-6.2537e-11
-23426
-6068.7
16101
-4.1329e-10
-19126
-2.3402
20361
0
-23283
-5826.9
16248
-8.098e-12
-19143
-26.905
20362
-4.8245e-11
-23165
-5608.4
16397
-0
-19214
54.994
20280
-2.1046e-10
-22999
-5374.3
16516
-1.5379e-10
-19205
24.001
20259
-0
-22826
-5087.7
16692
-5.068e-12
-19244
30.094
20239
-1.3564e-10
-22700
-4880.2
16811
-0
-19245
4.6548
20225
1.1149e-10
-22554
-4636.8
16956
1.135e-10
-19261
-12.854
20215
-0
-22425
-4417.6
17088
-4.1264e-11
-19281
-11.257
20181
7.2912e-11
-22255
-4135
17266
-0
-19332
13.948
20148
1.1415e-10
-22120
-3915.5
17395
2.1844e-11
-19347
8.7024
20122
-0
-21971
-3673.8
17535
3.7322e-11
-19356
-20.014
20117
7.5604e-11
-21834
-3429.5
17694
-0
-19404
5.762
20085
-4.9473e-11
-21710
-3231.6
17808
1.4462e-10
-19418
14.47
20038
-0
-21526
-2939.4
17981
1.2893e-10
-19448
6.8394
20026
-1.542e-10
-21397
-2718.7
18116
-0
-19463
-13.426
20024
-1.5585e-10
-21291
-2538.4
18222
-1.1114e-10
-19476
-3.4931
19973
-0
-21097
-2226.5
18411
-6.3249e-11
-19517
-1.1886
19958
4.2361e-11
-20967
-2000
18554
-0
-19548
2.675
19938
-3.1349e-11
-20846
-1800.3
18671
-1.2544e-10
-19555
-16.428
19924
-0
-20707
-1557.7
18831
-1.1376e-10
-19633
76.687
19831
-6.5244e-11
-20525
-1303.9
18959
-0
-19613
18.483
19835
2.3302e-11
-20381
-1054.3
19111
7.918e-11
-19627
-13.752
19843
-0
-20272
-855.35
19238
4.0319e-12
-19660
12.938
19793
-2.7565e-11
-20102
-584.41
19400
-0
-19695
21.513
19766
1.1445e-10
-19967
-368.26
19523
-2.644e-11
-19697
-4.9882
19754
-0
-19825
-127.78
19670
3.9831e-11
-19724
0
19724
-3.9831e-11
-19670
127.78
19825
0
-19754
4.9882
19697
2.644e-11
-19523
368.26
19967
-1.1445e-10
-19766
-21.513
19695
0
-19400
584.41
20102
2.7565e-11
-19793
-12.938
19660
-4.0319e-12
-19238
855.35
20272
0
-19843
13.752
19627
-7.918e-11
-19111
1054.3
20381
-2.3302e-11
-19835
-18.483
19613
0
-18959
1303.9
20525
6.5244e-11
-19831
-76.687
19633
1.1376e-10
-18831
1557.7
20707
0
-19924
16.428
19555
1.2544e-10
-18671
1800.3
20846
3.1349e-11
-19938
-2.675
19548
0
-18554
2000
20967
-4.2361e-11
-19958
1.1886
19517
6.3249e-11
-18411
2226.5
21097
0
-19973
3.4931
19476
1.1114e-10
-18222
2538.4
21291
1.5585e-10
-20024
13.426
19463
0
-18116
2718.7
21397
1.542e-10
-20026
-6.8394
19448
-1.2893e-10
-17981
2939.4
21526
0
-20038
-14.47
19418
-1.4462e-10
-17808
3231.6
21710
4.9473e-11
-20085
-5.762
19404
0
-17694
3429.5
21834
-7.5604e-11
-20117
20.014
19356
-3.7322e-11
-17535
3673.8
21971
0
-20122
-8.7024
19347
-2.1844e-11
-17395
3915.5
22120
-1.1415e-10
-20148
-13.948
19332
0
-17266
4135
22255
-7.2912e-11
-20181
11.257
19281
4.1264e-11
-17088
4417.6
22425
0
-20215
12.854
19261
-1.135e-10
-16956
4636.8
22554
-1.1149e-10
-20225
-4.6548
19245
0
-16811
4880.2
22700
1.3564e-10
-20239
-30.094
19244
5.068e-12
-16692
5087.7
22826
0
-20259
-24.001
19205
1.5379e-10
-16516
5374.3
22999
2.1046e-10
-20280
-54.994
19214
0
-16397
5608.4
23165
4.8245e-11
-20362
26.905
19143
8.098e-12
-16248
5826.9
23283
-0
-20361
2.3402
19126
4.1329e-10
-16101
6068.7
23426
6.2537e-11
-20383
4.8097
19091
-0
-15928
6355.3
23603
-2.6965e-10
-20424
13.97
19067
-2.8209e-10
-15789
6585.7
23739
-0
-20431
-15.046
19060
-8.5832e-11
-15639
6852.7
23913
4.5993e-12
-20482
3.0714
19038
-0
-15518
7059.7
24041
1.8567e-10
-20510
18.191
18997
5.5529e-12
-15350
7336.5
24212
-0
-20551
27.124
18978
1.1196e-10
-15227
7543
24336
-2.0867e-10
-20566
17.424
18960
-0
-15101
7745.1
24448
-9.091e-11
-20558
-15.935
18945
1.0967e-10
-14934
8032.3
24631
-0
-20611
13.294
18905
1.6419e-10
-14775
8294.8
24793
-1.2129e-11
-20651
30.615
18868
-0
-14612
8564.5
24956
-2.0908e-12
-20671
2.3782
18874
-7.0759e-11
-14493
8788.7
25105
-0
-20709
8.0869
18860
2.4327e-10
-14381
8981.5
25224
-2.0266e-12
-20731
12.081
18833
-0
-14244
9202.4
25352
-4.1143e-11
-20738
-11.263
18823
1.4195e-11
-14108
9441
25508
-0
-20803
58.857
18747
-7.846e-11
-13940
9674.2
25618
1.4673e-10
-20753
-41.739
18771
-0
-13770
9997.5
25840
-7.0092e-11
-20836
-2.4113
18752
1.172e-10
-13671
10174
25953
-0
-20865
22.744
18703
-6.786e-12
-13507
10429
26099
1.8496e-10
-20874
-6.1665
18699
-0
-13376
10660
26245
-1.4064e-10
-20913
21.627
18650
1.3455e-10
-13202
10936
26406
-0
-20928
-8.9396
18651
-3.3765e-10
-13070
11178
26566
-1.2298e-10
-20981
29.821
18603
-0
-12910
11436
26722
-7.7738e-11
-21013
35.08
18579
-1.1579e-10
-12778
11646
26837
0
-20998
-17.21
18581
1.6255e-10
-12628
11909
27000
2.2726e-10
-21017
-48.365
18588
0
-12503
12146
27161
-3.4107e-10
-21075
-5.7942
18540
5.8122e-11
-12346
12403
27320
0
-21120
27.563
18488
-1.3491e-10
-12166
12693
27494
-8.7604e-11
-21138
-15.503
18512
0
-12076
12874
27614
-4.36e-11
-21163
-13.423
18491
2.8638e-10
-11947
13094
27753
0
-21207
23.425
18440
-2.1477e-10
-11796
13324
27879
-1.6779e-10
-21210
8.0508
18411
0
-11624
13601
28041
6.4569e-11
-21219
-30.75
18416
1.527e-10
-11485
13855
28209
0
-21276
13.386
18361
-8.9775e-11
-11309
14140
28382
6.2997e-11
-21309
8.3759
18349
0
-11185
14347
28501
1.5221e-10
-21308
-18.719
18328
3.1406e-12
-10995
14682
28722
0
-21379
2.2556
18320
1.8328e-10
-10904
14846
28823
5.6695e-11
-21395
17.729
18265
0
-10703
15168
29018
8.3354e-11
-21426
-11.48
18283
-7.1882e-11
-10614
15340
29127
0
-21440
-12.651
18249
1.2131e-10
-10444
15620
29299
-4.0191e-11
-21478
-2.2119
18217
0
-10274
15912
29485
-1.1029e-10
-21522
-4.9614
18214
-7.0576e-11
-10163
16117
29622
0
-21572
42.15
18155
-2.0092e-10
-10001
16364
29757
5.5456e-11
-21565
-6.1553
18160
0
-9860.7
16612
29913
1.7084e-10
-21595
-9.0638
18141
1.0213e-10
-9717.9
16856
30064
0
-21625
-1.4706
18106
8.1856e-11
-9540.7
17156
30254
-3.5283e-10
-21677
15.644
18082
0
-9405.4
17385
30393
-5.4941e-11
-21689
-10.916
18081
1.6653e-10
-9283.4
17599
30523
-0
-21703
-23.391
18059
2.6364e-11
-9126.6
17864
30686
5.3228e-11
-21738
-12.299
18025
-0
-8957.9
18143
30855
-4.8513e-11
-21761
-31.567
18015
-2.3772e-10
-8801.6
18425
31043
-0
-21823
4.1607
17975
-5.8752e-11
-8637.6
18705
31221
-2.315e-11
-21866
4.119
17969
-0
-8531.7
18893
31336
3.8186e-11
-21875
-12.245
17951
-7.8121e-11
-8377.2
19161
31510
-0
-21937
40.102
17891
-9.5499e-11
-8205.7
19427
31661
2.9717e-11
-21941
-1.6077
17896
-0
-8071.6
19669
31816
-1.2645e-10
-21979
15.197
17858
1.6086e-11
-7903
19947
31985
-0
-22009
11.591
17839
6.2342e-11
-7751.7
20205
32143
-9.4959e-11
-22025
-20.924
17844
-0
-7625.4
20440
32299
1.4731e-10
-22084
40.111
17767
-7.4209e-11
-7416.4
20763
32486
-0
-22095
-11.744
17789
-1.7e-11
-7295.1
20999
32643
1.4063e-10
-22123
-32.53
17796
-0
-7190.8
21196
32772
8.4922e-11
-22164
8.6742
17729
-7.8033e-11
-6981.6
21531
32977
-0
-22213
15.332
17713
-2.4087e-11
-6845.3
21772
33133
8.3143e-11
-22263
57.719
17652
-0
-6655.8
22068
33302
-2.248e-10
-22261
-7.492
17679
-2.329e-11
-6531.1
22316
33472
-0
-22315
14.978
17653
-3.202e-11
-6399.9
22535
33603
-5.5343e-11
-22323
-7.4954
17639
-0
-6242.5
22811
33782
1.4305e-10
-22381
33.925
17586
-5.2717e-11
-6065.9
23096
33952
-0
-22403
8.1409
17590
3.0259e-11
-5948.1
23306
34081
3.811e-11
-22420
8.0498
17551
-0
-5753.1
23633
34289
1.8447e-10
-22487
53.39
17498
-1.8003e-10
-5577.5
23913
34450
0
-22487
-3.5219
17517
1.6304e-10
-5445.2
24163
34614
5.8007e-11
-22525
1.0168
17494
0
-5298.7
24409
34762
-2.7824e-12
-22538
-18.084
17476
9.738e-12
-5129.9
24696
34935
0
-22554
-51.149
17474
-1.143e-10
-4961.3
25007
35143
-1.1257e-10
-22615
-40.133
17463
0
-4833.4
25244
35301
1.7109e-10
-22666
-4.1704
17412
8.3822e-11
-4649.1
25547
35488
0
-22700
-16.511
17406
3.8133e-11
-4514.3
25788
35639
6.1532e-11
-22718
-42.497
17404
0
-4368
26059
35823
-1.3502e-11
-22789
10.278
17353
-6.5553e-11
-4216.8
26297
35958
0
-22793
-10.106
17326
-1.6646e-12
-4021.6
26627
36163
1.1076e-10
-22831
-27.513
17328
0
-3891.3
26867
36319
1.8379e-10
-22866
-17.646
17291
7.6329e-11
-3701.5
27194
36530
0
-22928
4.5859
17266
4.4175e-11
-3554.9
27449
36691
6.3806e-11
-22957
-4.7943
17255
0
-3416.5
27692
36844
-2.3126e-10
-22995
22.57
17199
-2.8997e-11
-3212.7
28017
37035
0
-23009
-26.1
17215
1.7111e-10
-3076.5
28276
37206
-3.7876e-11
-23046
-25.176
17192
0
-2903.8
28583
37407
7.6998e-11
-23106
-5.012
17168
-4.8564e-11
-2757.2
28838
37567
0
-23132
-18.436
17156
-1.5296e-10
-2605
29110
37746
-6.4867e-11
-23191
25.726
17099
0
-2418
29408
37918
-4.8295e-11
-23191
-42.28
17131
-1.0116e-10
-2299.2
29646
38081
0
-23244
-2.9809
17075
-1.758e-10
-2101
29973
38285
-5.0847e-11
-23292
1.8915
17058
0
-1957.5
30220
38436
2.0686e-10
-23308
-15.799
17039
1.2283e-10
-1785.8
30516
38620
-0
-23346
-12.482
17011
1.2614e-11
-1606.6
30819
38804
-1.2555e-10
-23367
-41.813
17005
-0
-1424.9
31155
39032
8.351e-11
-23442
-10.852
16978
-2.4236e-11
-1266.5
31443
39227
-0
-23516
40.714
16925
1.7243e-11
-1089.7
31738
39412
-2.2526e-11
-23557
39.07
16914
-0
-961.4
31961
39549
6.77e-11
-23578
46.678
16868
1.9982e-10
-760.32
32282
39734
-0
-23583
-8.3558
16880
1.9554e-10
-597.77
32587
39936
7.969e-11
-23634
-4.5251
16865
-0
-446.8
32858
40112
1.093e-11
-23680
15.1
16825
-1.338e-10
-261.04
33166
40298
-0
-23697
-25.428
16834
-1.1621e-10
-112.28
33446
40483
-8.1315e-11
-23746
-9.6001
16801
-0
68.049
33758
40685
1.4205e-10
-23806
21.227
16758
1.3254e-10
250.13
34060
40866
-0
-23819
-25.483
16772
1.3369e-10
386.35
34314
41029
-1.2385e-10
-23845
-33.163
16748
-0
568.66
34623
41216
1.0036e-11
-23862
-69.732
16745
-5.6786e-11
757.9
34976
41458
-0
-23946
-33.835
16717
2.8767e-12
920.42
35274
41662
1.0021e-10
-24031
37.283
16651
-0
1096.7
35544
41808
-2.5499e-10
-24004
-52.345
16677
-2.2131e-12
1269.1
35879
42039
-0
-24088
-6.4558
16639
-3.6664e-11
1428.5
36152
42210
1.2489e-10
-24124
0.73909
16604
-0
1616.8
36465
42400
7.4432e-11
-24147
-19.797
16585
1.4779e-11
1820.9
36830
42640
-0
-24214
-11.588
16576
-7.3483e-11
1966
37099
42816
9.0676e-11
-24258
2.5169
16539
-0
2159.5
37431
43029
-2.5152e-12
-24309
5.463
16524
8.6576e-11
2309.5
37693
43189
0
-24325
-13.273
16502
-9.9551e-11
2508.2
38037
43406
-1.5944e-10
-24366
-29.603
16497
0
2668.1
38327
43593
3.2617e-10
-24404
-28.428
16466
7.8589e-11
2877.8
38696
43833
0
-24472
-11.638
16445
-8.3889e-11
3045.8
38999
44032
-9.9738e-12
-24526
7.2539
16410
0
3231.1
39315
44228
-1.5695e-10
-24556
-12.729
16398
-8.6047e-12
3419.8
39657
44455
0
-24618
-3.7906
16384
-6.6448e-11
3569.4
39927
44627
1.0581e-10
-24653
2.1482
16348
0
3768.7
40264
44836
8.3452e-11
-24693
-1.751
16322
1.2004e-10
3974.6
40626
45070
0
-24749
-2.1056
16310
1.9111e-10
4138.4
40922
45259
1.0092e-10
-24784
-8.8938
16286
0
4341.5
41283
45496
-1.054e-10
-24849
0.87126
16272
4.567e-11
4495.5
41560
45673
0
-24885
8.7537
16231
-2.3667e-11
4708.8
41915
45888
-1.266e-10
-24905
-38.667
16243
0
4880.8
42243
46109
1.8256e-10
-24976
1.0611
16189
1.4281e-10
5101
42611
46334
0
-24998
-51.962
16208
-8.5848e-11
5275
42956
46577
5.9462e-11
-25089
-0.41146
16162
0
5468.6
43292
46792
-6.8941e-11
-25131
-19.772
16164
1.7304e-11
5620.1
43575
46978
0
-25172
-15.235
16132
1.3339e-10
5825.3
43933
47208
-1.7173e-11
-25231
-0.89678
16100
0
6029.2
44294
47444
8.955e-11
-25292
2.5117
16090
-3.6083e-11
6179.8
44564
47614
0
-25319
3.8369
16045
8.0498e-11
6423.5
44978
47876
-1.406e-10
-25382
4.2612
16030
0
6609.4
45317
48098
-9.0633e-11
-25439
23.101
15989
2.1182e-11
6837.5
45713
48352
-0
-25487
-12.214
16013
8.8455e-11
6968.9
45981
48537
2.449e-10
-25547
27.906
15952
-0
7196.8
46351
48758
1.6343e-10
-25561
-26.304
15959
1.5657e-11
7405.4
46750
49034
-0
-25662
23.926
15921
-1.4658e-11
7588.8
47071
49236
2.7139e-11
-25685
-20.527
15934
-0
7754
47391
49455
6.3088e-11
-25763
33.797
15869
7.9871e-11
7982.4
47770
49691
-0
-25814
35.692
15843
5.5038e-11
8183
48116
49905
-3.2643e-12
-25840
4.591
15834
-0
8393.6
48497
50153
-1.3561e-10
-25900
7.7953
15813
2.0111e-10
8593.9
48855
50385
-0
-25956
23.515
15768
1.3534e-10
8843.2
49286
50659
-4.6523e-11
-26010
-2.6609
15777
-0
9021.8
49631
50892
2.2985e-10
-26060
-22.105
15780
3.111e-11
9194.5
49962
51117
-0
-26124
-2.0191
15744
-9.8411e-12
9407.7
50339
51362
-1.157e-10
-26186
1.4097
15729
-0
9587.1
50662
51569
2.2781e-10
-26230
8.6088
15686
1.5569e-10
9833
51091
51851
-0
-26325
65.51
15627
3.5622e-11
10055
51455
52065
3.6093e-12
-26332
10.145
15623
-0
10299
51897
52355
2.2925e-10
-26398
-4.8593
15624
4.9478e-11
10492
52266
52603
-0
-26453
-19.948
15621
-1.3105e-10
10688
52640
52859
-5.2635e-11
-26539
23.19
15572
-0
10916
53036
53112
6.189e-11
-26588
-0.24177
15574
-2.7648e-12
11096
53371
53329
-0
-26621
-28.8
15569
-4.8037e-11
11300
53743
53572
4.7666e-11
-26675
-28.738
15541
-0
11533
54159
53844
1.2197e-10
-26752
2.0081
15491
2.3747e-11
11790
54607
54131
0
-26807
-34.29
15510
1.8745e-10
11967
54959
54374
4.3794e-11
-26874
-21.617
15484
0
12175
55335
54621
-2.227e-11
-26948
18.819
15421
-4.6055e-11
12438
55773
54890
0
-26984
-20.405
15419
-4.0817e-12
12675
56215
55185
6.6963e-12
-27053
-42.196
15433
0
12852
56568
55431
-5.8377e-12
-27138
13.102
15361
-2.4549e-11
13130
57038
55729
0
-27197
-13.521
15369
-1.1368e-10
13325
57414
55984
8.2533e-12
-27267
2.4881
15335
0
13560
57833
56257
1.313e-10
-27337
14.863
15304
1.3341e-11
13784
58217
56487
0
-27331
-78.985
15328
-5.6464e-11
14044
58732
56856
-1.1567e-10
-27482
-2.9697
15293
0
14222
59058
57068
1.3662e-10
-27522
-6.396
15255
5.8489e-11
14486
59521
57369
0
-27603
14.605
15216
-1.3681e-10
14748
59990
57677
1.0822e-10
-27684
21.198
15197
0
14971
60397
57940
-4.5592e-11
-27726
-17.299
15201
-1.0376e-10
15202
60837
58241
0
-27814
-1.0904
15181
5.3267e-11
15418
61238
58510
-5.1274e-11
-27891
25.112
15137
0
15665
61667
58781
-1.7158e-10
-27946
27.788
15092
-8.4615e-11
15966
62197
59125
0
-28021
-5.5827
15116
7.2165e-11
16152
62576
59391
2.1137e-12
-28107
37.301
15057
0
16431
63062
59708
-4.5753e-11
-28196
64.085
15016
-1.1623e-10
16683
63499
59978
0
-28215
-12.524
15041
2.4425e-11
16917
63952
60284
4.6861e-11
-28290
-19.456
15030
0
17157
64402
60586
6.1975e-11
-28363
-24.964
15016
7.4798e-11
17403
64863
60899
-0
-28462
14.736
14966
8.3687e-11
17672
65336
61203
-1.8809e-11
-28519
-15.545
14968
-0
17906
65779
61500
-1.522e-10
-28598
3.5357
14923
-5.3615e-11
18199
66302
61845
-0
-28695
25.716
14887
1.3736e-10
18474
66797
62167
-2.2953e-11
-28754
-17.954
14905
-0
18703
67253
62487
1.1559e-11
-28860
23.059
14862
7.2639e-11
18957
67705
62779
-0
-28923
19.304
14831
-1.8606e-10
19237
68199
63092
1.3507e-10
-28964
-39.397
14845
-0
19497
68701
63435
-2.554e-10
-29065
-15.632
14812
1.0425e-10
19768
69190
63752
-0
-29122
-48.078
14803
-2.5667e-11
20065
69758
64146
1.998e-11
-29257
-5.9237
14779
-0
20301
70202
64447
1.407e-10
-29336
4.7061
14745
-3.1186e-12
20586
70720
64792
-0
-29437
37.247
14698
-4.0342e-11
20874
71227
65112
-1.2515e-10
-29479
-20.654
14706
-0
21163
71784
65498
-2.6995e-12
-29604
14.049
14679
-9.856e-11
21421
72265
65821
-0
-29689
29.207
14638
5.6285e-12
21722
72801
66168
2.0188e-12
-29754
-10.472
14646
-0
21984
73302
66503
-6.8409e-11
-29827
-29.005
14633
7.703e-11
22279
73858
66882
-0
-29944
6.7757
14590
1.296e-10
22587
74424
67263
3.0612e-11
-30052
19.638
14572
-0
22848
74908
67582
9.0374e-11
-30114
-2.0021
14550
4.0754e-11
23172
75508
67988
-0
-30242
41.54
14503
-7.4513e-11
23486
76077
68364
-1.0116e-10
-30326
15.352
14508
-0
23749
76583
68704
-5.638e-11
-30396
-12
14502
1.8562e-10
24047
77150
69092
0
-30515
20.017
14463
4.4747e-11
24353
77713
69470
-1.5566e-10
-30622
46.681
14419
0
24671
78280
69835
-6.404e-11
-30689
11.654
14411
-1.5642e-10
24989
78873
70230
0
-30776
-17.949
14415
-1.5396e-10
25282
79439
70617
3.7705e-12
-30885
2.3255
14375
0
25616
80046
71016
-4.7377e-11
-30972
-18.302
14360
-4.8255e-11
25965
80711
71477
0
-31123
20.945
14336
2.8753e-12
26245
81234
71819
7.2969e-11
-31166
-55.814
14359
0
26555
81843
72242
-1.9618e-11
-31294
-27.006
14321
-6.705e-11
26905
82504
72699
0
-31446
16.56
14293
-1.699e-10
27192
83042
73059
4.7615e-11
-31531
17.238
14252
0
27557
83705
73497
4.2279e-11
-31637
7.9746
14237
-4.2306e-11
27898
84346
73929
0
-31735
-24.309
14246
2.4303e-11
28216
84977
74374
-6.8589e-11
-31882
13.822
14218
0
28511
85526
74735
1.9802e-11
-31952
-7.9381
14184
-6.3682e-11
28906
86252
75221
0
-32080
-14.316
14183
-1.206e-11
29225
86874
75653
7.5015e-11
-32210
18.592
14134
0
29602
87568
76118
-2.4988e-10
-32334
19.608
14122
-5.9972e-11
29928
88180
76523
0
-32399
-47.522
14137
6.9635e-11
30284
88880
77013
3.4109e-11
-32561
4.6663
14089
0
30655
89571
77484
-8.0385e-11
-32700
30.871
14055
9.3778e-11
31007
90220
77911
0
-32781
-12.116
14048
5.8919e-11
31394
90955
78409
-9.0307e-11
-32910
-24.045
14045
0
31750
91646
78886
-1.7825e-10
-33035
-37.409
14045
-1.978e-10
32090
92309
79342
-0
-33156
-34.622
14017
-1.9596e-11
32486
93060
79860
1.2354e-11
-33331
35.826
13948
-0
32902
93818
80367
1.1495e-10
-33466
44.614
13917
-1.5649e-10
33305
94566
80865
-0
-33562
-26.265
13952
-1.3567e-10
33658
95282
81371
-8.8447e-11
-33716
-3.4424
13927
-0
34032
95993
81853
5.9885e-11
-33838
-9.4465
13903
-7.0766e-11
34436
96751
82362
-0
-33954
-37.928
13895
-8.2989e-11
34862
97573
82933
1.2049e-10
-34131
-9.5365
13873
-0
35249
98326
83458
6.402e-11
-34297
37.509
13819
-7.4837e-11
35679
99117
83985
-0
-34421
15.84
13805
5.8302e-11
36111
99940
84546
-4.2579e-11
-34564
-3.9159
13805
-0
36522
1.0075e+05
85108
-8.8368e-11
-34725
0.57958
13796
6.2723e-11
36921
1.0153e+05
85650
-0
-34885
26.777
13755
-1.1312e-10
37362
1.0235e+05
86207
5.1191e-11
-35024
12.909
13739
-0
37808
1.0321e+05
86791
-8.1555e-11
-35173
-10.446
13745
-1.2374e-11
38223
1.0402e+05
87356
-0
-35325
-15.927
13731
7.8508e-11
38667
1.0488e+05
87952
-8.9821e-12
-35498
-2.5467
13710
-0
39102
1.0572e+05
88531
1.2492e-10
-35666
27.954
13658
9.6223e-11
39597
1.0664e+05
89151
-0
-35822
7.4566
13654
1.598e-10
40055
1.0753e+05
89760
-1.0004e-10
-35975
-17.689
13653
-0
40523
1.0844e+05
90394
2.3133e-11
-36149
-26.118
13648
-5.3594e-11
40993
1.0937e+05
91049
-0
-36354
5.5313
13626
-1.226e-10
41441
1.1024e+05
91650
2.8778e-11
-36511
-8.9405
13613
-0
41926
1.1118e+05
92306
-1.4535e-10
-36715
35.348
13566
-6.303e-11
42426
1.1212e+05
92943
0
-36873
16.991
13548
7.6077e-11
42949
1.1313e+05
93632
-6.7903e-11
-37058
0.47942
13552
0
43428
1.1407e+05
94291
-7.6487e-11
-37245
17.483
13511
5.8231e-11
43982
1.1513e+05
95012
0
-37433
-16.901
13536
-1.297e-11
44453
1.1608e+05
95690
-5.52e-11
-37641
18.276
13492
0
44994
1.1711e+05
96391
1.1033e-10
-37814
-23.806
13509
-1.1879e-10
45494
1.181e+05
97082
0
-38002
-20.673
13474
-1.0909e-10
46090
1.1925e+05
97884
1.7775e-11
-38262
32.148
13443
0
46619
1.2027e+05
98587
-4.1776e-11
-38423
-32.149
13469
1.8272e-11
47157
1.2136e+05
99357
0
-38671
16.551
13430
4.5191e-11
47716
1.2243e+05
1.001e+05
7.0534e-11
-38882
32.231
13389
0
48333
1.2362e+05
1.0092e+05
-7.411e-11
-39111
21.414
13400
-2.0024e-10
48868
1.2469e+05
1.0167e+05
0
-39315
11.371
13385
-5.2233e-11
49456
1.2583e+05
1.0246e+05
3.2245e-11
-39519
-15.505
13384
0
50053
1.27e+05
1.0327e+05
-1.8833e-10
-39751
1.2652
13342
1.0173e-10
50727
1.2829e+05
1.0417e+05
0
-40007
-10.133
13360
2.8382e-11
51300
1.2945e+05
1.0499e+05
1.228e-10
-40240
-19.355
13357
0
51912
1.3067e+05
1.0584e+05
-1.6464e-10
-40478
-23.944
13345
-3.9086e-11
52556
1.3193e+05
1.0673e+05
0
-40739
-11.918
13326
-1.2119e-10
53212
1.3322e+05
1.0763e+05
3.6932e-11
-40988
-33.923
13339
0
53851
1.3451e+05
1.0854e+05
5.1574e-11
-41269
-11.384
13324
-3.3189e-11
54497
1.3579e+05
1.0945e+05
0
-41547
34.818
13268
2.7523e-11
55225
1.3718e+05
1.1041e+05
1.6866e-10
-41798
-8.0798
13290
0
55908
1.3856e+05
1.1139e+05
-8.4061e-11
-42102
9.4676
13292
1.1016e-10
56561
1.3988e+05
1.1232e+05
-0
-42381
32.764
13257
-8.1965e-11
57287
1.4129e+05
1.1329e+05
-1.3429e-10
-42630
-7.443
13261
-0
58041
1.4278e+05
1.1435e+05
3.3802e-11
-42951
15.736
13246
4.3154e-11
58782
1.4425e+05
1.1539e+05
-0
-43253
10.851
13250
7.9114e-11
59513
1.4572e+05
1.1643e+05
2.8507e-11
-43554
12.539
13237
-0
60293
1.4727e+05
1.1752e+05
1.2593e-10
-43873
13.361
13239
-6.0076e-11
61054
1.4879e+05
1.1859e+05
-0
-44189
21.771
13222
1.4934e-11
61861
1.5038e+05
1.1971e+05
-9.6718e-11
-44512
24.249
13208
-0
62696
1.5204e+05
1.2087e+05
-3.3732e-11
-44845
11.549
13218
2.6127e-11
63511
1.5367e+05
1.2204e+05
-0
-45192
26.877
13198
6.6579e-11
64375
1.5538e+05
1.2324e+05
-2.0315e-11
-45529
2.9116
13211
-0
65238
1.5712e+05
1.2447e+05
1.95e-11
-45890
-9.0774
13227
8.1088e-11
66098
1.5887e+05
1.2572e+05
-0
-46278
27.319
13202
1.4532e-10
67007
1.6067e+05
1.2699e+05
7.1908e-12
-46640
6.2276
13217
-0
67913
1.625e+05
1.2829e+05
1.2197e-10
-47030
18.459
13207
6.8283e-11
68852
1.6437e+05
1.296e+05
-0
-47380
-45.391
13247
-1.7083e-11
69806
1.6631e+05
1.31e+05
1.2543e-10
-47812
-20.839
13243
-0
70780
1.6828e+05
1.3241e+05
3.0133e-10
-48250
10.218
13233
-5.0995e-11
71773
1.7028e+05
1.3383e+05
-0
-48689
53.58
13192
-3.4759e-11
72849
1.724e+05
1.3532e+05
-1.0338e-10
-49121
27.673
13228
-0
73846
1.7443e+05
1.3677e+05
-1.7245e-10
-49519
-15.516
13238
2.3935e-11
74973
1.767e+05
1.3838e+05
-0
-50018
0.21384
13261
7.6464e-11
76027
1.7886e+05
1.3993e+05
3.9491e-11
-50486
6.242
13263
-0
77152
1.8113e+05
1.4155e+05
-1.1117e-10
-50977
28.712
13247
4.1988e-11
78336
1.8349e+05
1.4323e+05
0
-51457
-3.1342
13276
-2.8272e-11
79525
1.8591e+05
1.4496e+05
3.6992e-11
-51983
6.4303
13285
0
80745
1.8839e+05
1.4673e+05
-9.6049e-11
-52518
7.8545
13303
-9.3282e-11
81982
1.9091e+05
1.4854e+05
0
-53070
22.73
13308
-8.4754e-12
83259
1.9348e+05
1.5037e+05
-1.0516e-10
-53596
-12.686
13334
0
84597
1.962e+05
1.5231e+05
2.0698e-10
-54177
-20.206
13358
4.3874e-11
85959
1.9898e+05
1.543e+05
0
-54767
-45.556
13402
5.9012e-12
87345
2.0183e+05
1.5636e+05
-2.5556e-11
-55430
14.741
13395
0
88764
2.047e+05
1.5841e+05
-6.0961e-11
-56016
-41.188
13442
1.2403e-10
90256
2.0776e+05
1.6062e+05
0
-56712
1.3454
13450
1.2458e-10
91776
2.1086e+05
1.6285e+05
9.3647e-11
-57406
29.711
13460
0
93334
2.1402e+05
1.651e+05
-6.2244e-11
-58045
-36.989
13512
9.5168e-11
94990
2.1742e+05
1.6756e+05
0
-58840
42.068
13506
-1.5825e-10
96658
2.2081e+05
1.6998e+05
2.7839e-11
-59551
-6.31
13565
0
98371
2.2433e+05
1.7252e+05
-1.0362e-10
-60327
11.229
13572
-9.4761e-11
1.0021e+05
2.2807e+05
1.7521e+05
0
-61150
9.1245
13628
-1.2265e-11
1.0202e+05
2.318e+05
1.779e+05
-1.1884e-10
-61959
-9.8176
13667
0
1.0396e+05
2.3578e+05
1.8076e+05
8.2103e-11
-62863
43.243
13677
1.989e-10
1.0595e+05
2.3983e+05
1.8367e+05
0
-63743
48.535
13688
-1.7325e-10
1.0808e+05
2.4415e+05
1.8676e+05
-2.9109e-11
-64647
-24.493
13792
0
1.1018e+05
2.485e+05
1.899e+05
-4.1231e-11
-65586
-59.998
13847
-5.996e-11
1.1246e+05
2.5317e+05
1.9328e+05
0
-66648
-17.309
13882
-1.3639e-10
1.1478e+05
2.5795e+05
1.9672e+05
-8.8091e-11
-67704
-18.683
13935
0
1.1722e+05
2.6295e+05
2.0034e+05
1.9513e-11
-68819
-23.799
14011
1.3743e-10
1.197e+05
2.681e+05
2.0407e+05
-0
-69984
16.144
14035
1.5357e-10
1.2237e+05
2.7354e+05
2.0799e+05
5.8096e-11
-71175
1.8691
14101
-0
1.2513e+05
2.7922e+05
2.1209e+05
-8.9719e-11
-72434
1.3635
14166
1.1638e-10
1.2802e+05
2.8516e+05
2.1638e+05
-0
-73765
31.865
14204
-1.8851e-10
1.3107e+05
2.9141e+05
2.2088e+05
5.1209e-11
-75140
20.302
14282
-0
1.3423e+05
2.9791e+05
2.2557e+05
-1.4537e-11
-76559
2.3195
14340
-3.4782e-11
1.3763e+05
3.0487e+05
2.3059e+05
-0
-78103
14.609
14409
2.3286e-11
1.4116e+05
3.121e+05
2.3579e+05
-3.4349e-11
-79648
-66.776
14521
-0
1.4492e+05
3.1985e+05
2.414e+05
-9.7124e-11
-81417
1.9016
14578
1.5354e-10
1.4884e+05
3.279e+05
2.4722e+05
-0
-83202
-3.0079
14664
-1.476e-11
1.5299e+05
3.3643e+05
2.5337e+05
-1.5521e-10
-85069
-34.907
14765
-0
1.5739e+05
3.4549e+05
2.5991e+05
2.5886e-10
-87083
-2.4105
14809
9.4285e-11
1.6216e+05
3.5522e+05
2.6691e+05
-0
-89221
-14.275
14914
-2.1633e-10
1.6714e+05
3.6546e+05
2.7431e+05
-1.3958e-10
-91487
-4.0759
14986
-0
1.7252e+05
3.7645e+05
2.8223e+05
-1.5058e-12
-93913
21.243
15046
2.6857e-11
1.7827e+05
3.8821e+05
2.9068e+05
-0
-96479
21.015
15105
-4.8332e-11
1.845e+05
4.0091e+05
2.9981e+05
-2.4535e-11
-99245
-7.4762
15217
-0
1.9112e+05
4.1445e+05
3.0956e+05
5.8535e-11
-1.0222e+05
13.519
15266
5.6533e-11
1.9834e+05
4.2915e+05
3.2012e+05
-0
-1.0541e+05
12.134
15327
2.2743e-11
2.0615e+05
4.4504e+05
3.3152e+05
-4.0509e-11
-1.0883e+05
-16.071
15383
-0
2.1469e+05
4.624e+05
3.4397e+05
5.2513e-11
-1.1262e+05
40.794
15380
-6.6603e-11
2.2402e+05
4.8131e+05
3.5751e+05
-0
-1.1667e+05
19.674
15398
-9.1487e-11
2.3427e+05
5.0206e+05
3.7235e+05
-6.5409e-12
-1.2111e+05
10.317
15388
-0
2.4557e+05
5.2489e+05
3.8866e+05
9.4066e-11
-1.2596e+05
22.27
15293
-5.2575e-12
2.5823e+05
5.5034e+05
4.068e+05
0
-1.3135e+05
29.251
15173
4.2131e-11
2.7232e+05
5.7866e+05
4.2695e+05
-4.9258e-11
-1.373e+05
34.036
14978
0
2.882e+05
6.1045e+05
4.4952e+05
-3.3786e-12
-1.4388e+05
-36.636
14737
1.9738e-11
3.0621e+05
6.4645e+05
4.7506e+05
0
-1.5138e+05
38.22
14276
-1.3386e-10
3.2687e+05
6.8751e+05
5.0409e+05
-4.5076e-11
-1.5978e+05
45.461
13652
0
3.5082e+05
7.3492e+05
5.375e+05
-1.688e-10
-1.6934e+05
-17.72
12828
-2.7896e-11
3.7886e+05
7.9025e+05
5.7641e+05
0
-1.8042e+05
-8.4119
11622
7.9741e-11
4.1217e+05
8.5565e+05
6.2226e+05
-8.7999e-11
-1.9335e+05
12.138
9903
0
4.5238e+05
9.3419e+05
6.7711e+05
-5.6046e-11
-2.0863e+05
46.334
7383
-1.0136e-11
5.0208e+05
1.0307e+06
7.4419e+05
0
-2.2701e+05
3.4315
3809.9
1.0959e-10
5.6479e+05
1.1517e+06
8.2804e+05
-1.0096e-10
-2.4963e+05
-29.476
-1611.9
0
6.4674e+05
1.3089e+06
9.364e+05
-6.0793e-11
-2.7836e+05
44.992
-10168
-4.2641e-11
7.5855e+05
1.5218e+06
1.0826e+06
0
-3.1617e+05
-25.911
-24119
-1.7007e-10
9.2047e+05
1.8286e+06
1.2924e+06
6.3068e-11
-3.6921e+05
-14.875
-49271
0
1.1787e+06
2.3166e+06
1.6266e+06
1.235e-10
-4.5172e+05
2.1088
-1.018e+05
1.9454e-10
1.6702e+06
3.257e+06
2.2818e+06
0
-6.1492e+05
-22.392
-2.5964e+05
-1.9842e-10
3.2167e+06
6.5929e+06
5.0584e+06
1.73e-10
-2.128e+06
27.572
1.3282e+06
0
2810.2
2.523e+06
3.0467e+06
-5.6348e-11
-1.7567e+06
-3.0144e+05
1.8333e+06
-2.0181e-11
-1.276e+06
8.0474e+05
2.2553e+06
0
-1.9349e+06
-41.408
1.9614e+06
-1.0401e-11
-2.2934e+06
-6.4125e+05
1.6356e+06
1.3689e-11
-2.4454e+06
9.0109e+05
1.6624e+06
0
-3.2101e+06
-2.2275e+06
8.3025e+05
1.2562e-12
-3.0815e+06
2.3428e+06
8.361e+05
-4.8488e-11
-3.9267e+06
-4.0262e+06
-3.8723e+05
0
-3.5168e+06
4.0729e+06
-5.6431e+05
1.7167e-10
-4.1265e+06
-5.7357e+06
-2.0462e+06
7.094e-12
-3.2822e+06
5.4781e+06
-2.3469e+06
0
-3.3587e+06
-6.5968e+06
-3.7945e+06
-1.3616e-10
-1.9196e+06
5.5637e+06
-3.878e+06
-1.2016e-10
-1.3388e+06
-5.5801e+06
-4.779e+06
-0
5.9526e+05
3.3856e+06
-4.1034e+06
-1.8651e-10
1.5111e+06
-2.1482e+06
-3.9278e+06
-8.9875e-11
3.3073e+06
-9.0102e+05
-2.1584e+06
-0
3.6628e+06
2.5311e+06
-9.2269e+05
2.9252e-10
4.2707e+06
-4.9883e+06
1.4111e+06
9.3598e-11
3.0963e+06
5.1451e+06
2.598e+06
-0
1.96e+06
-5.1322e+06
3.9219e+06
-2.9286e-11
-5.5129e+05
2.5171e+06
3.3456e+06
-1.1761e-11
-2.2555e+06
31.635
2.3645e+06
-0
-4.0214e+06
-3.7076e+06
-2.356e+05
-7.1061e-11
-3.7703e+06
5.3774e+06
-2.28e+06
1.1945e-10
-2.7176e+06
-6.0072e+06
-4.2099e+06
-0
95095
3.3856e+06
-3.906e+06
-8.1668e-11
2.3792e+06
-46906
-2.4453e+06
-1.4718e-11
4.1351e+06
-4.0729e+06
7.0221e+05
-0
3.3027e+06
5.3678e+06
2.9699e+06
2.3218e-10
1.1159e+06
-4.2805e+06
3.9928e+06
9.9636e-12
-2.2516e+06
-1.2916e+05
2.0862e+06
-0
-3.8797e+06
4.0729e+06
-8.8265e+05
3.1944e-11
-3.4106e+06
-6.0735e+06
-3.8265e+06
-9.0191e-11
-1.6832e+05
3.3857e+06
-3.8102e+06
-0
2.8875e+06
1.2645e+06
-1.3637e+06
2.3846e-10
4.0898e+06
-5.3775e+06
2.4573e+06
-1.8828e-10
1.6116e+06
4.5148e+06
3.8533e+06
-0
-2.0079e+06
-50.18
2.058e+06
6.0984e-11
-4.1773e+06
-5.1232e+06
-2.072e+06
-1.6241e-10
-2.1455e+06
5.1322e+06
-4.0863e+06
-0
1.7771e+06
-4.5708e+05
-2.327e+06
-6.6339e-11
4.1358e+06
-4.9883e+06
2.0691e+06
9.6395e-12
1.7785e+06
4.5778e+06
3.895e+06
-0
-2.4253e+06
9.0107e+05
1.3425e+06
-2.9005e-10
-4.0377e+06
-5.7762e+06
-3.1591e+06
-5.729e-10
-5.3016e+05
3.3857e+06
-3.6632e+06
-0
3.4902e+06
3.0237e+06
3.2156e+05
8.6423e-11
3.07e+06
-5.5637e+06
3.9749e+06
1.9729e-10
-1.7559e+06
65771
1.8431e+06
-0
-3.99e+06
5.4781e+06
-2.9276e+06
-4.7147e-10
-5.1511e+05
-3.2189e+06
-3.5653e+06
-2.7551e-10
3.8758e+06
-4.0729e+06
1.3567e+06
-0
2.0417e+06
4.6584e+06
3.93e+06
-2.0799e-10
-3.0337e+06
2.3428e+06
45764
2.8151e-10
-3.1678e+06
-5.6608e+06
-4.1123e+06
-0
2.2472e+06
-9.0108e+05
-1.0534e+06
4.6179e-10
3.5645e+06
5.6438e+06
3.7576e+06
4.7806e-10
-1.5892e+06
15.065
1.604e+06
-0
-3.8568e+06
-5.8468e+06
-3.7522e+06
1.0633e-10
1.38e+06
3.0145e+05
-1.7494e+06
-2.4616e-10
3.7874e+06
5.6766e+06
3.6585e+06
0
-1.4994e+06
22.153
1.509e+06
-1.7698e-10
-3.7237e+06
-5.8147e+06
-3.9253e+06
-4.9684e-10
2.048e+06
-9.0107e+05
-8.3879e+05
0
3.2437e+06
5.4883e+06
4.026e+06
-3.3173e-10
-2.84e+06
2.3428e+06
-2.6302e+05
1.5924e-10
-2.4427e+06
-4.8333e+06
-3.9757e+06
0
3.6776e+06
-4.073e+06
1.7652e+06
2.4663e-10
8.9522e+05
3.0408e+06
3.1675e+06
-1.1456e-10
-4.077e+06
5.4781e+06
-3.2545e+06
0
1.1113e+06
-2.4789e+05
-1.4339e+06
-1.5355e-11
3.405e+06
-5.5637e+06
4.0808e+06
2.9801e-10
-3.204e+06
-3.2108e+06
-1.1265e+06
0
-1.3198e+06
3.3856e+06
-3.2456e+06
5.4851e-11
4.0514e+06
5.5829e+06
3.5066e+06
2.4468e-10
-1.7752e+06
9.0105e+05
5.4692e+05
0
-2.6367e+06
-4.7781e+06
-3.8518e+06
6.7535e-11
3.9244e+06
-4.9883e+06
2.8661e+06
8.8015e-11
-9.4027e+05
2.4824e+05
1.27e+06
0
-3.0542e+06
5.1322e+06
-3.9581e+06
1.458e-11
3.8726e+06
4.9046e+06
2.8381e+06
3.9372e-11
-1.0415e+06
-22.071
1.0284e+06
0
-2.7513e+06
-4.745e+06
-3.7657e+06
2.1291e-11
3.9962e+06
-5.3774e+06
3.392e+06
-2.2306e-10
-1.9773e+06
-1.5079e+06
-1.1364e+05
0
-1.6543e+06
3.3856e+06
-3.0214e+06
-2.0248e-10
3.9046e+06
5.8146e+06
4.1171e+06
-3.4011e-10
-3.4753e+06
4.0729e+06
-2.1766e+06
0
6.5907e+05
-1.478e+05
-8.6922e+05
-1.9702e-11
2.3675e+06
-4.2805e+06
3.5501e+06
-1.6757e-10
-4.0357e+06
-5.6659e+06
-3.8475e+06
0
3.2815e+06
-4.0729e+06
2.3695e+06
1.3308e-10
-9.9248e+05
-2.7615e+05
5.8559e+05
-9.1156e-11
-1.8872e+06
3.3856e+06
-2.8452e+06
0
3.6683e+06
5.6546e+06
4.2023e+06
3.1291e-10
-4.0872e+06
5.3774e+06
-3.4467e+06
1.0592e-10
2.7211e+06
3.3197e+06
1.9071e+06
0
-7.0646e+05
-8.0152
6.7872e+05
-1.5588e-10
-1.7173e+06
-2.9479e+06
-2.4263e+06
3.5665e-10
3.2167e+06
-5.1322e+06
3.9553e+06
0
-4.1172e+06
-5.6288e+06
-3.8008e+06
-1.9704e-10
3.5822e+06
-4.9883e+06
3.4078e+06
-3.1916e-10
-2.7169e+06
-3.0813e+06
-1.6353e+06
0
8.6777e+05
-9.0106e+05
3.921e+05
-4.9788e-11
4.714e+05
1.5125e+06
1.6415e+06
-1.324e-10
-2.3039e+06
3.3856e+06
-2.4624e+06
0
2.9706e+06
4.8301e+06
3.8359e+06
5.1407e-11
-4.1051e+06
5.5637e+06
-3.7215e+06
1.4597e-10
3.7438e+06
5.6874e+06
4.3087e+06
-0
-4.2665e+06
5.4781e+06
-3.4136e+06
-9.4006e-11
3.0462e+06
4.588e+06
3.5131e+06
-2.5289e-10
-3.4057e+06
4.073e+06
-2.2291e+06
-0
1.5562e+06
2.4821e+06
2.1289e+06
3.0239e-10
-2.237e+06
2.3428e+06
-8.1702e+05
-2.7599e-10
-2.8296e+05
-1.2767e+05
4.8116e+05
-0
-1.182e+06
9.011e+05
5.1838e+05
-4.5876e-11
-3.0205e+06
-4.8528e+06
-3.0155e+06
-5.0295e-11
8.2927e+05
9.2212
-2.1339e+05
-0
-8.0603e+05
-1.8914e+06
-1.4592e+06
-2.3849e-10
5.318e+05
7.8894
-2.087e+05
5.9837e-11
-4.1127e+05
-1.1714e+06
-9.895e+05
-0
4.0682e+05
-28.921
-1.9126e+05
5.5336e-11
-2.4584e+05
-8.3375e+05
-7.5139e+05
-1.4592e-11
3.3442e+05
4.9113
-1.7575e+05
-0
-1.5592e+05
-6.3644e+05
-6.0566e+05
-1.4291e-10
2.8659e+05
10.128
-1.632e+05
-1.5557e-10
-99696
-5.0657e+05
-5.0676e+05
-0
2.5252e+05
-25.588
-1.5315e+05
-3.3729e-11
-61161
-4.1424e+05
-4.3498e+05
1.0247e-10
2.2695e+05
28.918
-1.452e+05
-0
-32851
-3.449e+05
-3.8041e+05
2.1407e-10
2.072e+05
-8.9353
-1.3883e+05
6.0406e-11
-10821
-2.9038e+05
-3.3723e+05
-0
1.914e+05
19.735
-1.3377e+05
4.922e-11
7044.1
-2.4616e+05
-3.0217e+05
6.7066e-11
1.7861e+05
-8.6254
-1.2971e+05
-0
22055
-2.093e+05
-2.7307e+05
3.1882e-11
1.6807e+05
0.82286
-1.2658e+05
4.0575e-11
35236
-1.7765e+05
-2.4833e+05
-0
1.5931e+05
-69.686
-1.2412e+05
5.8789e-11
47030
-1.4997e+05
-2.2697e+05
-3.7659e-11
1.5187e+05
-17.614
-1.2239e+05
-0
57949
-1.2526e+05
-2.0825e+05
1.8388e-10
1.4563e+05
-23.157
-1.212e+05
1.0124e-10
68236
-1.0282e+05
-1.9163e+05
-0
1.4033e+05
-28.268
-1.2053e+05
-4.7529e-11
78168
-82050
-1.7664e+05
-3.7877e-11
1.358e+05
31.23
-1.2038e+05
-0
87916
-62578
-1.6302e+05
-3.0116e-11
1.3202e+05
11.779
-1.2063e+05
-2.4441e-10
97584
-44090
-1.505e+05
-0
1.2884e+05
31.715
-1.2137e+05
-9.8859e-11
1.0738e+05
-26231
-1.3887e+05
-1.9563e-11
1.2625e+05
13.344
-1.2253e+05
-0
1.1746e+05
-8685.2
-1.2788e+05
1.5375e-10
1.2415e+05
