-7
-60
-87
-135
-178
-250
-269
-282
-279
-268
-287
-276
-250
-227
-256
-221
-215
-185
-81
-52
-38
-22
-12
95
188
217
276
371
402
473
508
502
532
497
530
533
515
508
481
496
457
384
326
259
194
153
106
19
-64
-134
-197
-246
-324
-393
-418
-420
-458
-475
-475
-460
-440
-423
-433
-430
-371
-315
-252
-170
-87
-16
56
130
181
254
320
375
457
537
582
608
592
596
597
567
531
497
516
452
379
282
222
165
34
-66
-155
-192
-285
-362
-446
-519
-570
-652
-675
-705
-711
-694
-673
-640
-583
-563
-531
-480
-426
-301
-233
-150
-49
61
181
218
281
365
467
488
537
596
592
624
583
540
520
431
366
284
210
154
122
15
-111
-233
-324
-396
-478
-584
-640
-668
-709
-721
-773
-791
-761
-772
-732
-681
-619
-516
-461
-362
-271
-231
-134
-40
68
150
228
310
380
432
474
524
555
530
497
496
500
442
376
290
213
152
48
-56
-157
-203
-310
-379
-456
-492
-527
-579
-623
-639
-659
-616
-615
-579
-517
-498
-384
-358
-257
-142
-103
3
110
180
310
344
420
512
515
561
548
527
533
525
506
492
426
371
338
241
211
146
3
-89
-123
-182
-212
-297
-364
-369
-380
-412
-385
-378
-397
-364
-331
-222
-126
-99
-31
73
136
194
314
399
440
429
521
610
654
633
610
698
677
597
565
534
527
439
367
333
240
168
86
44
15
-70
-149
-184
-149
-187
-234
-241
-271
-236
-208
-160
-102
-46
-40
11
97
146
203
276
356
406
477
534
529
578
570
568
567
483
490
449
400
395
328
245
161
99
13
-17
-123
-183
-154
-246
-266
-260
-258
-297
-315
-299
-264
-213
-219
-151
-93
-95
-30
42
93
141
156
168
273
307
316
299
293
286
284
274
213
151
101
61
14
-33
-81
-165
-228
-296
-358
-427
-478
-470
-453
-456
-483
-488
-459
-425
-412
-375
-335
-279
-203
-158
-76
-31
-32
9
48
95
113
119
142
162
96
75
62
20
-30
-87
-117
-162
-257
-319
-369
-395
-431
-490
-512
-517
-550
-561
-531
-521
-487
-467
-390
-334
-300
-210
-207
-154
-87
-63
72
123
76
105
140
159
205
178
178
179
87
78
43
-43
-70
-129
-232
-247
-307
-357
-358
-410
-383
-415
-428
-398
-398
-386
-364
-323
-226
-190
-124
-85
-79
-9
39
146
168
187
219
274
283
290
350
309
254
154
114
135
113
17
-56
-84
-113
-99
-199
-283
-287
-336
-287
-273
-320
-277
-257
-246
-174
-147
-129
-59
-7
88
153
199
264
320
303
287
324
354
358
317
291
291
242
177
131
121
47
-32
-124
-196
-192
-236
-265
-282
-309
-320
-263
-250
-221
-202
-206
-131
-60
-31
34
91
114
183
207
262
306
319
350
336
338
363
282
249
213
123
92
30
-42
-71
-124
-184
-245
-240
-236
-280
-261
-245
-241
-256
-208
-160
-132
-60
-17
30
117
154
230
260
305
381
390
414
400
396
423
416
371
347
250
217
151
31
-11
-49
-108
-92
-131
-217
-188
-206
-190
-176
-189
-125
-39
11
39
94
152
227
275
339
445
462
490
552
556
563
533
493
482
447
386
311
286
190
115
72
-28
-76
-112
-176
-157
-154
-142
-100
-134
-100
-53
-25
39
115
211
278
293
355
448
463
496
569
574
574
563
538
464
412
322
304
271
162
119
16
-35
-69
-103
-129
-184
-147
-136
-153
-99
-49
47
95
100
141
232
281
369
462
502
582
580
625
639
604
557
471
485
464
359
286
216
178
105
-47
-73
-125
-151
-171
-197
-158
-177
-168
-136
-101
-43
2
88
161
248
298
304
375
405
469
511
475
481
467
417
378
322
224
133
71
-3
-20
-131
-184
-212
-269
-285
-363
-374
-347
-281
-269
-236
-168
-87
-54
-46
22
89
177
158
211
299
249
279
247
206
210
83
7
-42
-70
-143
-228
-312
-389
-460
-544
-506
-503
-497
-513
-530
-480
-426
-379
-299
-240
-156
-90
-50
32
87
125
143
144
139
171
162
124
120
16
-77
-108
-203
-307
-365
-409
-458
-479
-479
-525
-536
-511
-530
-490
-397
-344
-287
-251
-166
-16
1
40
102
115
142
135
148
178
145
72
35
4
-84
-142
-224
-299
-311
-405
-473
-471
-498
-470
-452
-472
-411
-329
-321
-231
-100
-48
22
68
117
177
224
249
314
314
204
222
196
160
148
26
-15
-103
-183
-225
-310
-386
-408
-428
-443
-420
-402
-334
-239
-170
-117
-19
57
71
128
210
271
335
315
307
340
315
243
227
142
73
-2
-121
-121
-231
-326
-329
-386
-434
-457
-472
-429
-353
-334
-238
-121
-11
96
141
200
266
306
390
441
482
467
453
405
307
272
214
81
-14
-90
-210
-299
-366
-402
-409
-490
-552
-517
-485
-443
-318
-218
-130
-40
-9
97
173
226
327
394
396
456
452
382
362
313
231
109
17
-42
-43
-164
-298
-254
-328
-414
-428
-384
-315
-263
-237
-196
-87
-5
60
168
221
249
308
314
340
349
324
266
227
127
35
-38
-139
-210
-320
-431
-440
-450
-479
-513
-558
-540
-478
-386
-252
-154
-82
36
133
184
284
314
355
384
366
404
354
271
234
101
-35
-150
-245
-307
-415
-537
-544
-553
-636
-642
-620
-577
-457
-405
-299
-157
-71
41
147
227
315
379
399
438
399
379
362
291
190
95
-31
-154
-243
-320
-402
-476
-501
-556
-599
-591
-539
-452
-340
-268
-117
-48
14
151
248
317
339
319
386
413
389
373
272
148
51
-71
-134
-212
-359
-434
-474
-475
-519
-576
-519
-484
-395
-282
-192
-34
62
187
270
297
369
441
454
485
412
334
322
235
133
-3
-113
-189
-274
-382
-442
-435
-549
-565
-484
-438
-325
-265
-176
-10
100
188
286
395
537
626
621
620
566
451
439
311
204
94
-58
-130
-201
-348
-396
-456
-505
-511
-535
-458
-398
-307
-181
-13
109
256
369
451
468
544
625
642
625
549
508
409
261
134
50
-78
-163
-289
-402
-469
-495
-484
-418
-395
-325
-231
-135
42
192
308
440
518
636
694
684
701
682
592
467
326
219
79
-54
-162
-311
-400
-457
-512
-497
-455
-444
-373
-291
-149
-18
87
228
360
476
575
687
781
775
734
712
641
604
405
247
150
-7
-129
-303
-378
-432
-477
-493
-423
-375
-286
-173
-37
129
282
376
519
659
678
728
745
740
693
606
546
460
307
182
94
-82
-270
-383
-434
-478
-486
-399
-334
-254
-174
-67
85
214
395
568
686
784
823
841
823
719
642
511
410
264
104
-48
-177
-298
-368
-410
-507
-508
-463
-350
-201
-71
62
175
330
432
542
705
779
860
913
885
783
661
500
374
234
98
-45
-239
-341
-406
-506
-515
-462
-434
-352
-238
-170
-17
105
237
417
521
643
708
655
622
617
550
434
309
108
-46
-231
-361
-439
-530
-556
-616
-672
-620
-549
-465
-313
-191
-22
128
226
364
482
521
556
512
441
402
294
206
41
-132
-244
-415
-562
-663
-788
-826
-838
-806
-657
-572
-466
-340
-199
-20
118
199
265
377
402
416
409
335
257
110
-54
-227
-398
-522
-651
-784
-795
-767
-804
-761
-671
-549
-432
-325
-150
58
209
346
453
499
506
488
437
329
253
82
-79
-198
-394
-558
-718
-828
-844
-866
-788
-693
-606
-463
-272
-48
86
212
347
449
495
521
582
570
482
357
146
-15
-177
-358
-486
-655
-802
-840
-883
-822
-738
-693
-558
-389
-236
-22
187
335
480
600
651
662
667
564
483
358
181
-5
-284
-408
-441
-615
-778
-810
-775
-762
-682
-525
-348
-167
18
264
398
441
505
645
716
706
657
478
344
177
21
-125
-311
-471
-610
-720
-721
-733
-649
-481
-410
-235
-114
18
286
409
516
629
699
787
742
626
551
350
177
-2
-201
-311
-473
-593
-646
-711
-737
-699
-614
-485
-289
-48
154
359
479
610
719
746
731
709
596
476
346
163
-23
-162
-340
-476
-599
-709
-706
-686
-584
-506
-392
-248
-73
145
321
474
514
613
677
664
645
575
463
294
71
-84
-294
-432
-526
-650
-693
-665
-644
-587
-411
-245
-85
96
218
365
435
500
582
584
508
421
347
243
50
-141
-329
-481
-567
-655
-709
-728
-684
-606
-490
-342
-181
4
178
281
405
466
525
564
503
470
403
244
69
-137
-358
-514
-612
-748
-752
-754
-742
-608
-511
-330
-174
-56
143
277
387
509
590
606
612
485
331
154
-21
-110
-298
-513
-574
-611
-699
-706
-677
-623
-472
-297
-121
107
293
386
554
627
646
701
627
551
454
284
104
-95
-277
-384
-536
-636
-644
-599
-575
-486
-361
-201
-15
150
288
469
604
695
707
684
670
546
386
174
-18
-123
-303
-426
-525
-630
-599
-594
-518
-323
-207
-31
175
349
538
700
783
800
770
749
652
474
267
128
-52
-225
-393
-517
-558
-599
-556
-498
-402
-292
-113
82
285
453
567
680
786
745
752
730
524
353
220
73
-43
-270
-430
-461
-523
-521
-475
-404
-246
-86
49
227
374
492
615
623
644
655
561
453
323
137
-40
-238
-318
-396
-481
-503
-512
-453
-348
-206
-94
99
260
420
625
685
717
722
620
531
434
242
113
-61
-243
-360
-452
-502
-540
-531
-484
-402
-269
-103
111
305
432
583
645
669
681
628
565
461
273
106
-38
-194
-318
-428
-436
-412
-422
-362
-286
-136
86
238
367
513
616
640
624
676
667
558
346
123
-36
-248
-318
-352
-439
-498
-502
-459
-340
-225
-141
98
304
421
523
574
590
676
573
459
371
168
41
-142
-374
-494
-550
-593
-592
-524
-515
-370
-150
37
232
339
441
484
561
551
498
415
232
119
-50
-209
-386
-506
-576
-678
-670
-582
-442
-361
-249
-43
149
306
363
423
490
510
489
410
271
63
-46
-156
-356
-596
-724
-704
-673
-646
-543
-459
-318
-93
87
283
407
485
617
646
580
476
326
124
-32
-291
-495
-559
-685
-745
-748
-730
-574
-442
-333
-98
129
313
495
570
616
667
633
506
317
93
-87
-270
-477
-606
-666
-733
-779
-698
-611
-474
-264
-79
123
341
510
620
698
621
569
536
343
149
-20
-258
-433
-611
-747
-735
-727
-691
-526
-351
-189
76
279
442
599
657
661
663
583
480
293
63
-91
-303
-521
-593
-667
-627
-528
-467
-308
-130
20
239
468
603
760
748
664
620
469
301
99
-58
-200
-326
-495
-574
-583
-588
-485
-312
-114
35
196
381
606
698
761
800
727
571
417
215
29
-184
-419
-482
-558
-603
-596
-495
-363
-215
-48
171
389
559
686
772
827
785
689
539
265
38
-189
-382
-455
-624
-699
-674
-567
-450
-309
-114
106
318
491
667
782
755
705
563
373
198
-24
-231
-439
-618
-720
-766
-721
-640
-493
-332
-119
94
275
494
653
732
737
607
503
376
116
-104
-279
-439
-566
-733
-779
-734
-716
-570
-369
-104
86
257
435
527
604
630
524
408
251
83
-119
-381
-577
-691
-815
-895
-794
-680
-429
-249
-144
175
380
529
662
752
727
619
468
284
91
-130
-347
-493
-624
-745
-788
-759
-591
-401
-230
10
225
393
592
764
817
757
649
500
324
87
-162
-373
-530
-661
-760
-741
-667
-533
-365
-170
111
336
580
736
801
817
739
638
468
242
34
-181
-399
-580
-717
-746
-658
-530
-397
-191
61
287
499
676
794
819
766
719
604
382
126
-98
-295
-469
-584
-660
-692
-667
-554
-295
-63
155
415
604
775
852
781
658
585
378
154
-2
-222
-407
-604
-701
-621
-560
-481
-266
-62
193
417
603
804
900
848
781
631
411
214
17
-240
-444
-576
-718
-716
-632
-468
-289
-132
114
349
556
727
791
810
712
595
400
225
52
-204
-444
-598
-667
-734
-727
-625
-438
-170
67
301
482
571
612
613
612
511
323
89
-119
-386
-597
-731
-763
-802
-771
-648
-441
-259
-99
151
381
565
686
644
538
414
202
0
-204
-444
-634
-767
-831
-765
-738
-648
-481
-258
-5
227
345
415
529
463
382
321
92
-89
-260
-504
-600
-777
-868
-786
-733
-556
-357
-200
8
173
309
429
437
379
336
201
-1
-171
-383
-614
-750
-816
-790
-778
-735
-503
-285
-99
94
275
380
476
437
441
352
156
14
-257
-463
-582
-718
-775
-801
-719
-559
-386
-151
53
232
391
514
539
506
292
130
29
-156
-424
-639
-726
-732
-722
-722
-557
-404
-236
16
174
342
432
449
494
469
335
148
-116
-340
-473
-676
-756
-767
-714
-519
-384
-218
20
166
322
450
508
472
409
356
257
31
-252
-406
-596
-736
-810
-772
-587
-440
-212
-3
207
422
533
633
631
549
446
296
82
-140
-335
-517
-633
-685
-615
-473
-345
-175
39
226
407
579
709
746
697
521
332
180
-84
-325
-455
-538
-585
-604
-530
-291
-119
63
344
550
760
827
712
642
578
373
144
-106
-299
-353
-492
-498
-449
-415
-193
-4
214
463
652
795
884
915
870
728
529
286
45
-190
-352
-440
-460
-413
-309
-137
99
313
462
664
837
891
899
788
632
426
198
28
-188
-390
-448
-466
-403
-250
-74
143
418
676
865
991
1036
980
863
667
470
224
-1
-194
-414
-487
-417
-383
-260
-52
183
436
667
833
959
941
807
724
520
328
8
-266
-380
-511
-514
-518
-364
-196
15
255
473
671
779
890
898
797
645
358
117
-96
-347
-512
-562
-548
-472
-294
-95
143
369
533
700
806
759
681
556
366
145
-131
-355
-527
-684
-694
-585
-433
-257
-41
199
374
585
699
725
674
488
318
133
-154
-346
-467
-553
-630
-659
-579
-381
-156
79
351
526
577
670
681
559
339
59
-249
-439
-622
-750
-815
-847
-706
-445
-222
-58
214
388
582
686
618
531
331
170
-34
-317
-533
-717
-835
-827
-752
-558
-295
-89
202
431
549
671
635
584
473
208
-122
-348
-616
-773
-862
-963
-840
-633
-377
-95
113
353
544
647
705
584
405
134
-193
-361
-640
-875
-907
-970
-896
-716
-494
-128
126
336
491
558
579
485
321
90
-190
-537
-779
-903
-1016
-970
-915
-698
-415
-136
178
422
625
675
628
555
338
38
-287
-581
-747
-923
-1057
-1025
-956
-667
-394
-109
249
476
673
769
732
621
415
124
-220
-527
-843
-986
-1067
-1148
-956
-692
-357
17
265
561
747
793
802
677
432
140
-220
-547
-783
-949
-946
-912
-816
-563
-271
76
458
710
831
899
829
668
415
7
-268
-560
-796
-974
-1016
-841
-605
-296
-12
305
678
971
1033
1021
917
748
490
122
-207
-501
-773
-917
-913
-724
-505
-186
220
575
790
1017
1131
1074
860
567
346
41
-341
-542
-700
-681
-518
-439
-175
157
430
755
1013
1118
1193
1122
845
575
149
-189
-469
-743
-780
-704
-587
-356
-47
303
694
930
1090
1111
1044
881
607
295
-85
-477
-739
-826
-760
-614
-437
-195
162
464
772
1013
1028
1022
955
678
344
-110
-450
-708
-903
-934
-892
-706
-414
-15
369
713
924
1055
1120
1010
696
294
-123
-494
-773
-928
-1057
-1105
-966
-642
-275
98
455
722
903
963
865
678
338
-73
-418
-749
-1054
-1194
-1185
-1026
-785
-480
-74
308
585
812
891
801
601
282
-102
-511
-862
-1128
-1226
-1222
-1166
-874
-484
-71
307
572
786
881
729
565
262
-141
-541
-907
-1123
-1257
-1293
-1201
-894
-516
-133
251
557
817
932
825
677
327
-132
-508
-861
-1148
-1337
-1375
-1213
-890
-520
-132
274
596
815
942
852
589
250
-148
-556
-926
-1216
-1375
-1372
-1205
-851
-418
-23
395
811
1025
1031
895
543
295
-126
-579
-888
-1233
-1298
-1290
-1176
-811
-452
29
562
891
1100
1173
1020
789
408
-55
-478
-931
-1282
-1346
-1245
-940
-583
-193
312
711
980
1219
1292
1141
794
372
-44
-544
-957
-1216
-1254
-1145
-978
-618
-63
450
840
1213
1409
1438
1280
863
453
-55
-649
-985
-1155
-1142
-1009
-655
-248
218
698
1052
1389
1455
1322
1138
811
344
-189
-666
-1045
-1166
-1148
-962
-579
-109
376
966
1400
1601
1628
1434
1162
746
153
-416
-810
-1086
-1161
-1024
-780
-367
140
654
1129
1475
1619
1615
1423
986
474
-29
-535
-889
-1079
-1117
-945
-612
-165
377
908
1333
1606
1614
1451
1191
746
203
-335
-834
-1150
-1295
-1253
-921
-452
109
666
1121
1464
1602
1594
1338
937
410
-118
-584
-1011
-1222
-1275
-1043
-656
-223
319
878
1356
1631
1663
1464
1118
641
29
-512
-998
-1350
-1410
-1277
-953
-462
49
608
1086
1404
1533
1491
1205
702
188
-397
-913
-1281
-1521
-1499
-1243
-865
-321
331
935
1352
1548
1479
1207
794
257
-317
-872
-1333
-1632
-1629
-1389
-1000
-451
115
668
1217
1439
1406
1239
889
335
-225
-802
-1240
-1527
-1700
-1491
-1074
-580
-4
563
1023
1349
1483
1326
1015
457
-183
-768
-1296
-1627
-1697
-1555
-1209
-688
-64
565
1138
1480
1613
1518
1151
586
-41
-630
-1185
-1552
-1648
-1544
-1228
-738
-143
538
1118
1458
1650
1573
1220
690
48
-588
-1092
-1538
-1702
-1558
-1245
-670
7
598
1181
1559
1740
1665
1248
770
152
-516
-1055
-1509
-1668
-1554
-1176
-665
-13
618
1205
1664
1780
1724
1345
771
97
-578
-1136
-1540
-1693
-1622
-1231
-664
23
735
1292
1763
1917
1818
1396
754
98
-590
-1188
-1590
-1672
-1561
-1185
-603
139
834
1372
1820
1996
1853
1431
852
123
-561
-1134
-1537
-1718
-1602
-1194
-595
147
867
1466
1841
1914
1758
1377
765
18
-746
-1303
-1725
-1812
-1577
-1135
-492
184
871
1543
1899
1950
1766
1339
701
-67
-857
-1456
-1759
-1818
-1560
-1044
-410
306
931
1498
1835
1910
1698
1144
417
-335
-989
-1519
-1841
-1835
-1512
-980
-278
465
1168
1697
1910
1826
1508
894
168
-649
-1377
-1752
-1907
-1853
-1509
-869
-109
648
1293
1702
1870
1688
1207
526
-254
-920
-1466
-1862
-1986
-1798
-1344
-651
80
841
1457
1755
1826
1548
994
265
-570
-1293
-1834
-2142
-2072
-1738
-1247
-451
378
1160
1672
1823
1761
1332
687
30
-786
-1473
-1930
-2083
-1952
-1555
-894
-75
816
1466
1845
1910
1616
1140
458
-406
-1149
-1734
-2034
-2021
-1766
-1133
-403
366
1118
1616
1864
1805
1448
930
226
-545
-1207
-1779
-1960
-1740
-1413
-856
-84
741
1422
1817
1920
1678
1222
571
-217
-933
-1504
-1839
-1855
-1558
-998
-279
457
1139
1629
1861
1861
1412
790
140
-612
-1187
-1643
-1834
-1671
-1244
-588
121
775
1398
1718
1705
1482
1018
397
-350
-1063
-1497
-1734
-1748
-1461
-938
-203
505
1053
1436
1577
1470
1141
517
-281
-982
-1488
-1754
-1802
-1613
-1099
-427
316
1004
1412
1575
1492
1131
595
-29
-709
-1324
-1712
-1816
-1668
-1289
-655
-2
659
1199
1465
1486
1200
748
131
-601
-1196
-1621
-1784
-1588
-1213
-667
17
651
1129
1422
1496
1257
758
140
-504
-1070
-1509
-1703
-1626
-1362
-856
-200
448
1003
1292
1385
1211
769
212
-383
-917
-1401
-1629
-1554
-1245
-759
-160
438
963
1277
1295
1215
842
249
-329
-955
-1323
-1536
-1596
-1257
-738
-184
420
887
1205
1314
1134
801
298
-345
-913
-1287
-1475
-1410
-1191
-779
-248
343
920
1248
1346
1155
723
240
-288
-773
-1166
-1390
-1385
-1084
-628
-80
421
792
1136
1268
1111
763
304
-198
-650
-1032
-1270
-1210
-985
-599
-11
476
879
1105
1154
1022
691
251
-261
-670
-933
-1005
-948
-737
-373
92
555
882
1138
1153
983
675
236
-196
-582
-871
-985
-954
-746
-293
185
606
954
1078
1098
952
585
170
-296
-665
-847
-890
-749
-507
-165
225
621
891
981
904
668
403
81
-335
-623
-815
-815
-609
-371
-2
399
630
855
926
798
608
308
-26
-364
-709
-842
-750
-610
-266
47
316
575
678
732
642
427
70
-199
-475
-729
-723
-625
-449
-175
75
395
654
659
650
557
324
6
-302
-470
-572
-591
-540
-333
-2
228
421
621
645
543
352
94
-94
-338
-510
-534
-521
-386
-107
131
350
455
511
563
450
225
-12
-251
-389
-400
-379
-290
-129
76
319
463
467
446
347
203
62
-79
-282
-438
-411
-279
-42
104
243
462
575
581
485
371
162
-48
-227
-397
-367
-354
-284
-8
158
413
544
572
591
483
245
130
-45
-244
-305
-389
-277
-52
92
269
476
524
540
477
291
189
-9
-198
-250
-265
-262
-127
33
231
405
457
488
447
314
169
-53
-157
-200
-267
-202
-157
-12
169
277
407
465
319
291
159
4
-55
-186
-186
-145
-116
-5
91
184
360
345
313
296
148
31
-113
-184
-113
-145
-113
27
57
151
260
259
328
281
119
80
-7
-147
-191
-266
-144
39
29
110
213
255
314
242
148
74
-65
-163
-222
-232
-143
-3
126
231
249
303
278
152
126
-13
-133
-195
-307
-278
-183
-33
130
205
209
296
223
123
148
-2
-116
-182
-202
-179
-196
-134
-4
34
106
171
176
140
97
-37
-158
-208
-248
-243
-281
-189
-33
47
99
133
107
40
-40
-102
-86
-180
-231
-181
-120
-109
-92
-25
31
12
-7
-3
-35
-77
-158
-138
-144
-171
-149
-178
-133
-29
52
99
79
-25
-71
-95
-207
-225
-190
-211
-135
-106
-92
-7
34
45
25
-65
-157
-187
-184
-217
-201
-141
-106
-8
32
27
30
57
23
-13
-10
-88
-79
-123
-172
-70
-20
0
90
121
93
3
-78
-99
-77
-120
-156
-78
-22
75
73
85
177
180
116
51
15
-45
-91
-90
-34
-9
16
17
20
87
128
113
148
92
29
-12
-45
-1
-48
-76
-3
92
154
239
231
172
144
101
49
-72
-146
-148
-104
-18
31
74
199
235
280
313
238
115
7
-51
-82
-165
-181
-73
11
67
78
89
150
152
134
163
56
-29
-53
-55
-15
-45
-90
35
97
43
130
117
118
123
-3
7
-22
-71
-39
-44
8
2
-10
-2
-55
-69
-92
-72
-24
51
106
123
135
154
205
166
55
15
-53
-151
-182
-175
-137
-44
12
122
168
146
164
176
176
47
-64
-130
-190
-191
-172
-51
60
106
143
192
166
114
60
-14
-90
-173
-199
-238
-169
-49
22
36
96
153
143
101
-3
-89
-164
-250
-306
-265
-243
-125
-69
-55
66
114
166
127
-35
-151
-223
-277
-261
-327
-346
-263
-130
-16
98
85
10
-45
-121
-176
-166
-196
-242
-280
-251
-216
-191
-138
-102
-95
-156
-168
-158
-162
-195
-171
-149
-85
5
-92
-169
-126
-122
-163
-207
-219
-145
-147
-167
-84
-82
38
100
68
14
-76
-63
-66
-139
-176
-197
-188
-145
-99
15
86
34
106
109
34
-16
-113
-155
-218
-253
-177
-80
-2
80
179
225
236
113
-8
-1
-84
-167
-171
-116
3
37
123
208
210
225
182
100
53
-36
-143
-69
-99
-76
-7
25
205
238
180
194
161
68
-3
-56
-113
-65
-22
9
127
193
216
232
107
-13
-47
-48
-107
-122
-53
14
112
118
131
170
167
161
82
-85
-148
-73
-58
-15
8
108
184
197
211
187
92
2
-52
-85
-103
-114
-58
16
36
147
227
234
189
55
-1
-15
-57
-60
-152
-196
-131
-49
47
119
156
188
202
173
79
-34
-94
-96
-23
-9
19
123
190
281
239
104
48
-31
-28
-66
-144
-125
-9
113
206
193
153
97
68
66
-11
-103
-121
-115
-95
14
107
148
182
179
147
102
-45
-95
-68
-85
-90
-90
-25
119
181
153
160
180
115
4
-64
-104
-180
-209
-145
-9
153
170
156
141
56
20
-21
-75
-132
-163
-174
-132
0
106
177
204
153
188
81
-76
-145
-246
-322
-279
-175
-49
49
116
283
271
105
73
7
-128
-183
-224
-166
-66
-46
49
124
74
30
-14
-29
-56
-159
-187
-135
-112
7
126
165
125
79
57
27
-71
-128
-160
-236
-142
-54
12
97
170
226
235
187
126
-37
-154
-179
-212
-153
-63
24
170
282
351
317
212
61
-21
-67
-84
-170
-142
-29
17
154
191
247
267
173
193
157
53
-19
-87
-105
-17
90
202
308
338
269
254
138
-18
-83
-123
-71
-29
79
216
320
407
352
280
185
81
-22
-106
-100
-21
69
165
230
269
329
257
181
43
-100
-176
-243
-141
-37
63
254
364
328
249
254
258
47
-157
-181
-220
-157
-4
111
229
246
301
289
154
-60
-154
-173
-168
-173
-200
-73
96
159
191
211
121
64
36
-78
-151
-202
-202
-97
32
92
128
115
138
120
-22
-133
-216
-269
-262
-129
-52
-9
92
146
118
68
-28
-165
-183
-228
-209
-160
-125
48
194
228
167
101
75
-38
-232
-397
-421
-345
-210
-108
19
144
254
256
167
22
-124
-284
-394
-367
-298
-159
-76
53
184
256
232
44
-112
-261
-318
-389
-369
-201
-124
16
130
112
98
38
-71
-188
-259
-344
-401
-358
-146
52
89
158
230
157
54
-93
-253
-354
-340
-316
-233
-97
56
170
214
167
-12
-161
-211
-297
-302
-231
-176
-62
97
193
140
19
-25
-82
-234
-307
-359
-372
-298
-94
133
202
191
120
123
24
-170
-262
-312
-305
-261
-126
97
190
197
192
153
-12
-197
-321
-366
-359
-288
-182
-53
118
217
246
182
81
-98
-291
-352
-355
-261
-132
-40
121
302
325
188
77
-56
-234
-359
-434
-388
-292
-130
86
199
249
245
111
-23
-186
-315
-384
-374
-321
-188
-20
122
249
285
214
97
-104
-246
-318
-372
-326
-175
-40
104
178
159
101
7
-134
-290
-349
-337
-278
-170
-62
99
208
172
92
-28
-164
-265
-382
-412
-313
-171
-58
30
99
185
109
-17
-151
-282
-349
-400
-322
-198
-43
103
125
140
108
-37
-201
-359
-495
-525
-456
-293
-39
155
194
231
192
98
-53
-225
-367
-392
-424
-357
-177
34
178
184
103
3
-78
-136
-113
-143
-242
-239
-235
-191
-114
-151
-179
-162
-105
-41
23
95
82
111
155
201
233
136
28
-55
-168
-187
-248
-253
-177
-122
23
123
165
218
126
150
134
-1
-81
-189
-158
-32
-19
88
186
223
236
239
273
223
97
43
56
30
-64
-14
122
166
138
151
220
239
225
215
