17280
10867
2325
-6507.3
-13684
-17635
-17564
-13655
-7048.4
438.15
6752.6
10123
9508.8
4877.4
-2767.7
-11619
-19501
-24410
-25009
-20989
-13154
-3249
6457.2
13722
16885
15281
9425
894.52
-8044.8
-14991
-18003
-16086
-9457.8
484.62
11490
20991
26726
27302
22543
13555
2465.8
-8076.1
-15541
-18136
-15249
-7612.8
2864.8
13548
21708
25191
22938
15268
3806.4
-8884.5
-19916
-26762
-27866
-23023
-13439
-1445.2
10047
18242
21130
17965
9457.8
-2390.7
-14760
-24676
-29716
-28581
-21416
-9774.2
3742.1
16092
24503
27127
23466
14480
2372
-9940
-19501
-24011
-22351
-14845
-3176.4
10009
21713
29278
31000
26499
16807
4112.8
-8742.4
-18920
-24220
-23577
-17280
-6886.8
5144.7
16020
23242
25161
21331
12587
836.75
-11378
-21454
-27290
-27742
-22844
-13773
-2567.2
8333.1
16622
20611
19579
13885
4873.4
-5447.1
-14840
-21313
-23529
-21050
-14418
-4994.7
5324.6
14514
20825
23125
21099
15288
6954.9
-2179.6
-10286
-15778
-17613
-15477
-9828.6
-1798.1
7036.8
14953
20407
22322
20288
14634
6369.9
-2998.6
-11750
-18268
-21340
-20398
-15628
-7950.7
1143.8
9869.2
16481
19617
18565
13425
5105.6
-4834.5
-14477
-21913
-25622
-24781
-19449
-10568
201.89
10800
19172
23676
23426
18469
9796.2
-852.87
-11328
-19501
-23691
-23005
-17518
-8264.1
2971.9
14012
22715
27408
27203
22174
13325
2384.8
-8543.5
-17397
-22552
-23125
-19130
-11442
-1619.6
8419.9
16767
21881
22853
19570
12683
3481.5
-6376.7
-15166
-21403
-24092
-22877
-18071
-10586
-1746
6939.6
14032
18392
19354
16817
11254
3622.9
-4788.4
-12566
-18390
-21252
-20605
-16477
-9457.8
-634.59
8582.4
16680
22293
24435
22686
17277
9075.9
-546.94
-9940.3
-17458
-21749
-22012
-18147
-10791
-1217
8883.6
17703
23642
25602
23187
16778
7463.3
-3160
-13272
-21160
-25519
-25676
-21693
-14346
-4958.8
4834.5
13382
19294
21672
20227
15312
7823.8
-962.84
-9616.5
-16781
-21378
-22756
-20766
-15754
-8494.3
-60.238
8333.1
15499
20438
22468
21317
17151
10569
2518.2
-5823
-13209
-18502
-20847
-19806
-15454
-8381.6
370.27
9457.8
17438
22999
25182
23549
18268
10105
306.18
-9601.3
-18062
-23754
-25798
-23914
-18457
-10349
-916.15
8333.1
15960
20823
22248
20114
14845
7322.1
-1280.7
-9682
-16687
-21349
-23086
-21735
-17542
-11114
-3318.1
4834.5
12311
18179
21706
22450
20308
15532
8720.4
749.76
-7320
-14376
-19404
-21628
-20649
-16509
-9724
-1217
7798
15994
22133
25260
24863
20955
14080
5228.3
-4319.6
-13194
-20150
-24249
-24997
-22399
-16934
-9457.8
-1065.2
7083.8
13926
18628
20677
19921
16552
11062
4162.9
-3301.2
-10448
-16444
-20584
-22360
-21513
-18071
-12358
-4981.1
3220.7
11264
18132
22913
24923
23826
19696
13030
4694.9
-4188.6
-12405
-18822
-22562
-23125
-20474
-15020
-7554.3
873.57
9121.7
16118
21005
23242
22646
19391
13956
7029.4
-575.46
-8025.8
-14550
-19501
-22407
-22994
-21205
-17209
-11387
-4320.7
3254.5
10507
16592
20751
22417
21301
17453
11285
3531.9
-4834.5
-12735
-19132
-23179
-24346
-22489
-17869
-11100
-3055.5
5266.1
12879
18941
22841
24260
23174
19817
14634
8208.3
1193.9
-5743.6
-11973
-16936
-20175
-21371
-20362
-17184
-12086
-5529.6
1828.2
9191
15706
20566
23125
22996
20112
14765
7566.4
-631.92
-8850.1
-16118
-21607
-24734
-25225
-23134
-18799
-12782
-5775.5
1491.5
8333.1
14165
18536
21144
21828
20568
17468
12768
6833.8
157.33
-6665.6
-12971
-18086
-21407
-22482
-21086
-17280
-11415
-4110.6
3817.8
11467
17964
22589
24862
24597
21908
17177
10975
3972.3
-3143.2
-9747.2
-15327
-19501
-22028
-22785
-21755
-19020
-14759
-9248.5
-2877.7
3858.5
10379
16058
20292
22578
22585
20233
15705
9457.8
2161
-5385.1
-12357
-18017
-21805
-23404
-22758
-20047
-15643
-10034
-3754.4
2677.1
8796.6
14212
18603
21708
23323
23293
21544
18093
13099
6870.2
-124.31
-7283.4
-13929
-19384
-23064
-24568
-23730
-20659
-15715
-9457.8
-2567.9
4254.7
10378
15305
18714
20461
20553
19107
16311
12385
7567.5
2113.7
-3685.9
-9492.2
-14910
-19501
-22819
-24467
-24157
-21783
-17449
-11491
-4442.1
3028.7
10202
16409
21110
23965
24849
23849
21209
17280
12449
7086.4
1521.6
-3966.5
-9132.5
-13741
-17546
-20287
-21699
-21562
-19739
-16235
-11234
-5101.3
1631.9
8333.1
14348
19091
22122
23214
22354
19743
15729
10748
5244.5
-379.26
-5801.8
-10785
-15155
-18768
-21479
-23125
-23527
-22520
-19998
-15970
-10593
-4199.1
2728.8
9601.3
15800
20764
24067
25481
24993
22785
19193
14634
9529.1
4250.2
-918.08
-5779.8
-10204
-14086
-17308
-19712
-21101
-21263
-20020
-17288
-13124
-7760.2
-1597.3
4834.5
10945
16167
20043
22286
22808
21711
19249
15759
11586
7031.8
2320.8
-2404.6
-7053.8
-11545
-15757
-19501
-22515
-24483
-25101
-24136
-21492
-17256
-11709
-5297.4
1425.8
7887.2
13577
18118
21310
23120
23662
23125
21715
19591
16849
13507
9554.1
4995.7
-89.473
-5508.9
-10944
-15977
-20144
-23019
-24285
-23804
-21647
-18071
-13488
-8374
-3189.7
1692.6
6034.7
9738.8
12819
15343
17372
18902
19838
20006
19186
17192
13929
9457.8
4018.6
-1984.2
-8036.3
-13595
-18179
-21450
-23253
-23630
-22774
-20975
-18529
-15670
-12529
-9119.5
-5377.4
-1217
3396.7
8386.1
13530
18473
22769
25969
27698
27747
26104
22976
18729
13821
8712.6
3774.4
-764.72
-4834.5
-8495.2
-11874
-15088
-18168
-21020
-23412
-25024
-25515
-24615
-22207
-18365
-13382
-7704.2
-1866.2
3615
8333.1
12057
14754
16557
17705
18442
18947
19253
19255
18721
17378
14992
11465
6887.1
1553.9
-4075.5
-9457.8
-14071
-17517
-19595
-20326
-19932
-18757
-17174
-15477
-13814
-12155
-10319
-8041.9
-5075.9
-1288
3269
8333.1
13465
18129
21800
24080
24784
23966
21909
19040
15825
12656
9757.3
7151
4668.6
2024.9
-1077.4
-4834.5
-9255.7
-14125
-19024
-23410
-26738
-28579
-28722
-27221
-24382
-20688
-16675
-12811
-9383.8
-6449.1
-3835.6
-1217
1773
5412.9
9787
14731
19842
24555
28275
30503
30964
29676
26938
23260
19238
15408
12119
9457.8
7243.4
5097.3
2566.9
-728.95
-4968.7
-10052
-15594
-21000
-25595
-28786
-30198
-29773
-27778
-24736
-21297
-18071
-15480
-13652
-12401
-11290
-9758.9
-7299.1
-3605.8
1312.6
7108.5
13158
18702
23019
25607
26295
25292
23125
20503
18132
16529
15895
16055
16516
16599
15631
13137
8987.5
3455.2
-2829.5
-9018.7
-14248
-17847
-19501
-19328
-17844
-15825
-14101
-13338
-13855
-15537
-17856
-20007
-21126
-20510
-17827
-13215
-7270.8
-912.78
4834.5
9093.4
11350
11584
10269
8248.5
6513.8
5939.9
7048.4
9858.5
13869
18176
21695
23449
22817
19717
14634
8520.3
2564.9
-2102.1
-4693.3
-4964.4
-3279
-517.12
2151.7
3573.3
2917.4
-94.893
-5099.1
-11162
-17007
-21328
-23125
-21971
-18123
-12481
-6367.9
-1202.4
1859
2219.2
2.6429e-10
-3980.2
-8409
-11811
-12932
-11068
-6267.2
661.7
8333.1
15120
19559
20723
18458
13448
7042.8
934
-3270
-4454.1
-2289.1
2671.5
9115
15291
19449
20283
0
0
0
0
0
0
0
0
0
0
0
0
0
0
0
0
0
0
0
0
0
0
0
0
0
0
0
0
0
0
0
0
0
0
0
0
0
0
0
0
0
0
0
0
0
0
0
0
0
0
0
0
0
0
0
0
0
0
0
0
0
0
0
0
0
0
0
0
0
0
0
0
0
0
0
0
0
0
0
0
0
0
0
0
0
0
0
0
0
0
0
0
0
0
0
0
0
0
0
0
0
0
0
0
0
0
0
0
0
0
0
0
0
0
0
0
0
0
0
0
0
0
0
0
0
0
0
0
0
0
0
0
0
0
0
0
0
0
0
0
0
0
0
0
0
0
0
0
0
0
0
0
0
0
0
0
0
0
0
0
0
0
0
0
0
0
0
0
0
0
0
0
0
0
0
0
0
0
0
0
0
0
0
0
0
0
0
0
0
0
0
0
0
0
0
0
0
0
0
0
0
0
0
0
0
0
0
0
0
0
0
0
0
0
0
0
0
0
0
0
0
0
0
0
0
0
0
0
0
0
0
0
0
0
0
0
0
0
0
0
-17280
-10867
-2325
6507.3
13684
17635
17564
13655
7048.4
-438.15
-6752.6
-10123
-9508.8
-4877.4
2767.7
11619
19501
24410
25009
20989
13154
3249
-6457.2
-13722
-16885
-15281
-9425
-894.52
8044.8
14991
18003
16086
9457.8
-484.62
-11490
-20991
-26726
-27302
-22543
-13555
-2465.8
8076.1
15541
18136
15249
7612.8
-2864.8
-13548
-21708
-25191
-22938
-15268
-3806.4
8884.5
19916
26762
27866
23023
13439
1445.2
-10047
-18242
-21130
-17965
-9457.8
2390.7
14760
24676
29716
28581
21416
9774.2
-3742.1
-16092
-24503
-27127
-23466
-14480
-2372
9940
19501
24011
22351
14845
3176.4
-10009
-21713
-29278
-31000
-26499
-16807
-4112.8
8742.4
18920
24220
23577
17280
6886.8
-5144.7
-16020
-23242
-25161
-21331
-12587
-836.75
11378
21454
27290
27742
22844
13773
2567.2
-8333.1
-16622
-20611
-19579
-13885
-4873.4
5447.1
14840
21313
23529
21050
14418
4994.7
-5324.6
-14514
-20825
-23125
-21099
-15288
-6954.9
2179.6
10286
15778
17613
15477
9828.6
1798.1
-7036.8
-14953
-20407
-22322
-20288
-14634
-6369.9
2998.6
11750
18268
21340
20398
15628
7950.7
-1143.8
-9869.2
-16481
-19617
-18565
-13425
-5105.6
4834.5
14477
21913
25622
24781
19449
10568
-201.89
-10800
-19172
-23676
-23426
-18469
-9796.2
852.87
11328
19501
23691
23005
17518
8264.1
-2971.9
-14012
-22715
-27408
-27203
-22174
-13325
-2384.8
8543.5
17397
22552
23125
19130
11442
1619.6
-8419.9
-16767
-21881
-22853
-19570
-12683
-3481.5
6376.7
15166
21403
24092
22877
18071
10586
1746
-6939.6
-14032
-18392
-19354
-16817
-11254
-3622.9
4788.4
12566
18390
21252
20605
16477
9457.8
634.59
-8582.4
-16680
-22293
-24435
-22686
-17277
-9075.9
546.94
9940.3
17458
21749
22012
18147
10791
1217
-8883.6
-17703
-23642
-25602
-23187
-16778
-7463.3
3160
13272
21160
25519
25676
21693
14346
4958.8
-4834.5
-13382
-19294
-21672
-20227
-15312
-7823.8
962.84
9616.5
16781
21378
22756
20766
15754
8494.3
60.238
-8333.1
-15499
-20438
-22468
-21317
-17151
-10569
-2518.2
5823
13209
18502
20847
19806
15454
8381.6
-370.27
-9457.8
-17438
-22999
-25182
-23549
-18268
-10105
-306.18
9601.3
18062
23754
25798
23914
18457
10349
916.15
-8333.1
-15960
-20823
-22248
-20114
-14845
-7322.1
1280.7
9682
16687
21349
23086
21735
17542
11114
3318.1
-4834.5
-12311
-18179
-21706
-22450
-20308
-15532
-8720.4
-749.76
7320
14376
19404
21628
20649
16509
9724
1217
-7798
-15994
-22133
-25260
-24863
-20955
-14080
-5228.3
4319.6
13194
20150
24249
24997
22399
16934
9457.8
1065.2
-7083.8
-13926
-18628
-20677
-19921
-16552
-11062
-4162.9
3301.2
10448
16444
20584
22360
21513
18071
12358
4981.1
-3220.7
-11264
-18132
-22913
-24923
-23826
-19696
-13030
-4694.9
4188.6
12405
18822
22562
23125
20474
15020
7554.3
-873.57
-9121.7
-16118
-21005
-23242
-22646
-19391
-13956
-7029.4
575.46
8025.8
14550
19501
22407
22994
21205
17209
11387
4320.7
-3254.5
-10507
-16592
-20751
-22417
-21301
-17453
-11285
-3531.9
4834.5
12735
19132
23179
24346
22489
17869
11100
3055.5
-5266.1
-12879
-18941
-22841
-24260
-23174
-19817
-14634
-8208.3
-1193.9
5743.6
11973
16936
20175
21371
20362
17184
12086
5529.6
-1828.2
-9191
-15706
-20566
-23125
-22996
-20112
-14765
-7566.4
631.92
8850.1
16118
21607
24734
25225
23134
18799
12782
5775.5
-1491.5
-8333.1
-14165
-18536
-21144
-21828
-20568
-17468
-12768
-6833.8
-157.33
6665.6
12971
18086
21407
22482
21086
17280
11415
4110.6
-3817.8
-11467
-17964
-22589
-24862
-24597
-21908
-17177
-10975
-3972.3
3143.2
9747.2
15327
19501
22028
22785
21755
19020
14759
9248.5
2877.7
-3858.5
-10379
-16058
-20292
-22578
-22585
-20233
-15705
-9457.8
-2161
5385.1
12357
18017
21805
23404
22758
20047
15643
10034
3754.4
-2677.1
-8796.6
-14212
-18603
-21708
-23323
-23293
-21544
-18093
-13099
-6870.2
124.31
7283.4
13929
19384
23064
24568
23730
20659
15715
9457.8
2567.9
-4254.7
-10378
-15305
-18714
-20461
-20553
-19107
-16311
-12385
-7567.5
-2113.7
3685.9
9492.2
14910
19501
22819
24467
24157
21783
17449
11491
4442.1
-3028.7
-10202
-16409
-21110
-23965
-24849
-23849
-21209
-17280
-12449
-7086.4
-1521.6
3966.5
9132.5
13741
17546
20287
21699
21562
19739
16235
11234
5101.3
-1631.9
-8333.1
-14348
-19091
-22122
-23214
-22354
-19743
-15729
-10748
-5244.5
379.26
5801.8
10785
15155
18768
21479
23125
23527
22520
19998
15970
10593
4199.1
-2728.8
-9601.3
-15800
-20764
-24067
-25481
-24993
-22785
-19193
-14634
-9529.1
-4250.2
918.08
5779.8
10204
14086
17308
19712
21101
21263
20020
17288
13124
7760.2
1597.3
-4834.5
-10945
-16167
-20043
-22286
-22808
-21711
-19249
-15759
-11586
-7031.8
-2320.8
2404.6
7053.8
11545
15757
19501
22515
24483
25101
24136
21492
17256
11709
5297.4
-1425.8
-7887.2
-13577
-18118
-21310
-23120
-23662
-23125
-21715
-19591
-16849
-13507
-9554.1
-4995.7
89.473
5508.9
10944
15977
20144
23019
24285
23804
21647
18071
13488
8374
3189.7
-1692.6
-6034.7
-9738.8
-12819
-15343
-17372
-18902
-19838
-20006
-19186
-17192
-13929
-9457.8
-4018.6
1984.2
8036.3
13595
18179
21450
23253
23630
22774
20975
18529
15670
12529
9119.5
5377.4
1217
-3396.7
-8386.1
-13530
-18473
-22769
-25969
-27698
-27747
-26104
-22976
-18729
-13821
-8712.6
-3774.4
764.72
4834.5
8495.2
11874
15088
18168
21020
23412
25024
25515
24615
22207
18365
13382
7704.2
1866.2
-3615
-8333.1
-12057
-14754
-16557
-17705
-18442
-18947
-19253
-19255
-18721
-17378
-14992
-11465
-6887.1
-1553.9
4075.5
9457.8
14071
17517
19595
20326
19932
18757
17174
15477
13814
12155
10319
8041.9
5075.9
1288
-3269
-8333.1
-13465
-18129
-21800
-24080
-24784
-23966
-21909
-19040
-15825
-12656
-9757.3
-7151
-4668.6
-2024.9
1077.4
4834.5
9255.7
14125
19024
23410
26738
28579
28722
27221
24382
20688
16675
12811
9383.8
6449.1
3835.6
1217
-1773
-5412.9
-9787
-14731
-19842
-24555
-28275
-30503
-30964
-29676
-26938
-23260
-19238
-15408
-12119
-9457.8
-7243.4
-5097.3
-2566.9
728.95
4968.7
10052
15594
21000
25595
28786
30198
29773
27778
24736
21297
18071
15480
13652
12401
11290
9758.9
7299.1
3605.8
-1312.6
-7108.5
-13158
-18702
-23019
-25607
-26295
-25292
-23125
-20503
-18132
-16529
-15895
-16055
-16516
-16599
-15631
-13137
-8987.5
-3455.2
2829.5
9018.7
14248
17847
19501
19328
17844
15825
14101
13338
13855
15537
17856
20007
21126
20510
17827
13215
7270.8
912.78
-4834.5
-9093.4
-11350
-11584
-10269
-8248.5
-6513.8
-5939.9
-7048.4
-9858.5
-13869
-18176
-21695
-23449
-22817
-19717
-14634
-8520.3
-2564.9
2102.1
4693.3
4964.4
3279
517.12
-2151.7
-3573.3
-2917.4
94.893
5099.1
11162
17007
21328
23125
21971
18123
12481
6367.9
1202.4
-1859
-2219.2
-2.6429e-10
3980.2
8409
11811
12932
11068
6267.2
-661.7
-8333.1
-15120
-19559
-20723
-18458
-13448
-7042.8
-934
3270
4454.1
2289.1
-2671.5
-9115
-15291
-19449
-20283
0
0
0
0
0
0
0
0
0
0
0
0
0
0
0
0
0
0
0
0
0
0
0
0
0
0
0
0
0
0
0
0
0
0
0
0
0
0
0
0
0
0
0
0
0
0
0
0
0
0
0
0
0
0
0
0
0
0
0
0
0
0
0
0
0
0
0
0
0
0
0
0
0
0
0
0
0
0
0
0
0
0
0
0
0
0
0
0
0
0
0
0
0
0
0
0
0
0
0
0
0
0
0
0
0
0
0
0
0
0
0
0
0
0
0
0
0
0
0
0
0
0
0
0
0
0
0
0
0
0
0
0
0
0
0
0
0
0
0
0
0
0
0
0
0
0
0
0
0
0
0
0
0
0
0
0
0
0
0
0
0
0
0
0
0
0
0
0
0
0
0
0
0
0
0
0
0
0
0
0
0
0
0
0
0
0
0
0
0
0
0
0
0
0
0
0
0
0
0
0
0
0
0
0
0
0
0
0
0
0
0
0
0
0
0
0
0
0
0
0
0
0
0
0
0
0
0
0
0
0
0
0
0
0
0
0
0
0
0
0
-17280
-10867
-2325
6507.3
13684
17635
17564
13655
7048.4
-438.15
-6752.6
-10123
-9508.8
-4877.4
2767.7
11619
19501
24410
25009
20989
13154
3249
-6457.2
-13722
-16885
-15281
-9425
-894.52
8044.8
14991
18003
16086
9457.8
-484.62
-11490
-20991
-26726
-27302
-22543
-13555
-2465.8
8076.1
15541
18136
15249
7612.8
-2864.8
-13548
-21708
-25191
-22938
-15268
-3806.4
8884.5
19916
26762
27866
23023
13439
1445.2
-10047
-18242
-21130
-17965
-9457.8
2390.7
14760
24676
29716
28581
21416
9774.2
-3742.1
-16092
-24503
-27127
-23466
-14480
-2372
9940
19501
24011
22351
14845
3176.4
-10009
-21713
-29278
-31000
-26499
-16807
-4112.8
8742.4
18920
24220
23577
17280
6886.8
-5144.7
-16020
-23242
-25161
-21331
-12587
-836.75
11378
21454
27290
27742
22844
13773
2567.2
-8333.1
-16622
-20611
-19579
-13885
-4873.4
5447.1
14840
21313
23529
21050
14418
4994.7
-5324.6
-14514
-20825
-23125
-21099
-15288
-6954.9
2179.6
10286
15778
17613
15477
9828.6
1798.1
-7036.8
-14953
-20407
-22322
-20288
-14634
-6369.9
2998.6
11750
18268
21340
20398
15628
7950.7
-1143.8
-9869.2
-16481
-19617
-18565
-13425
-5105.6
4834.5
14477
21913
25622
24781
19449
10568
-201.89
-10800
-19172
-23676
-23426
-18469
-9796.2
852.87
11328
19501
23691
23005
17518
8264.1
-2971.9
-14012
-22715
-27408
-27203
-22174
-13325
-2384.8
8543.5
17397
22552
23125
19130
11442
1619.6
-8419.9
-16767
-21881
-22853
-19570
-12683
-3481.5
6376.7
15166
21403
24092
22877
18071
10586
1746
-6939.6
-14032
-18392
-19354
-16817
-11254
-3622.9
4788.4
12566
18390
21252
20605
16477
9457.8
634.59
-8582.4
-16680
-22293
-24435
-22686
-17277
-9075.9
546.94
9940.3
17458
21749
22012
18147
10791
1217
-8883.6
-17703
-23642
-25602
-23187
-16778
-7463.3
3160
13272
21160
25519
25676
21693
14346
4958.8
-4834.5
-13382
-19294
-21672
-20227
-15312
-7823.8
962.84
9616.5
16781
21378
22756
20766
15754
8494.3
60.238
-8333.1
-15499
-20438
-22468
-21317
-17151
-10569
-2518.2
5823
13209
18502
20847
19806
15454
8381.6
-370.27
-9457.8
-17438
-22999
-25182
-23549
-18268
-10105
-306.18
9601.3
18062
23754
25798
23914
18457
10349
916.15
-8333.1
-15960
-20823
-22248
-20114
-14845
-7322.1
1280.7
9682
16687
21349
23086
21735
17542
11114
3318.1
-4834.5
-12311
-18179
-21706
-22450
-20308
-15532
-8720.4
-749.76
7320
14376
19404
21628
20649
16509
9724
1217
-7798
-15994
-22133
-25260
-24863
-20955
-14080
-5228.3
4319.6
13194
20150
24249
24997
22399
16934
9457.8
1065.2
-7083.8
-13926
-18628
-20677
-19921
-16552
-11062
-4162.9
3301.2
10448
16444
20584
22360
21513
18071
12358
4981.1
-3220.7
-11264
-18132
-22913
-24923
-23826
-19696
-13030
-4694.9
4188.6
12405
18822
22562
23125
20474
15020
7554.3
-873.57
-9121.7
-16118
-21005
-23242
-22646
-19391
-13956
-7029.4
575.46
8025.8
14550
19501
22407
22994
21205
17209
11387
4320.7
-3254.5
-10507
-16592
-20751
-22417
-21301
-17453
-11285
-3531.9
4834.5
12735
19132
23179
24346
22489
17869
11100
3055.5
-5266.1
-12879
-18941
-22841
-24260
-23174
-19817
-14634
-8208.3
-1193.9
5743.6
11973
16936
20175
21371
20362
17184
12086
5529.6
-1828.2
-9191
-15706
-20566
-23125
-22996
-20112
-14765
-7566.4
631.92
8850.1
16118
21607
24734
25225
23134
18799
12782
5775.5
-1491.5
-8333.1
-14165
-18536
-21144
-21828
-20568
-17468
-12768
-6833.8
-157.33
6665.6
12971
18086
21407
22482
21086
17280
11415
4110.6
-3817.8
-11467
-17964
-22589
-24862
-24597
-21908
-17177
-10975
-3972.3
3143.2
9747.2
15327
19501
22028
22785
21755
19020
14759
9248.5
2877.7
-3858.5
-10379
-16058
-20292
-22578
-22585
-20233
-15705
-9457.8
-2161
5385.1
12357
18017
21805
23404
22758
20047
15643
10034
3754.4
-2677.1
-8796.6
-14212
-18603
-21708
-23323
-23293
-21544
-18093
-13099
-6870.2
124.31
7283.4
13929
19384
23064
24568
23730
20659
15715
9457.8
2567.9
-4254.7
-10378
-15305
-18714
-20461
-20553
-19107
-16311
-12385
-7567.5
-2113.7
3685.9
9492.2
14910
19501
22819
24467
24157
21783
17449
11491
4442.1
-3028.7
-10202
-16409
-21110
-23965
-24849
-23849
-21209
-17280
-12449
-7086.4
-1521.6
3966.5
9132.5
13741
17546
20287
21699
21562
19739
16235
11234
5101.3
-1631.9
-8333.1
-14348
-19091
-22122
-23214
-22354
-19743
-15729
-10748
-5244.5
379.26
5801.8
10785
15155
18768
21479
23125
23527
22520
19998
15970
10593
4199.1
-2728.8
-9601.3
-15800
-20764
-24067
-25481
-24993
-22785
-19193
-14634
-9529.1
-4250.2
918.08
5779.8
10204
14086
17308
19712
21101
21263
20020
17288
13124
7760.2
1597.3
-4834.5
-10945
-16167
-20043
-22286
-22808
-21711
-19249
-15759
-11586
-7031.8
-2320.8
2404.6
7053.8
11545
15757
19501
22515
24483
25101
24136
21492
17256
11709
5297.4
-1425.8
-7887.2
-13577
-18118
-21310
-23120
-23662
-23125
-21715
-19591
-16849
-13507
-9554.1
-4995.7
89.473
5508.9
10944
15977
20144
23019
24285
23804
21647
18071
13488
8374
3189.7
-1692.6
-6034.7
-9738.8
-12819
-15343
-17372
-18902
-19838
-20006
-19186
-17192
-13929
-9457.8
-4018.6
1984.2
8036.3
13595
18179
21450
23253
23630
22774
20975
18529
15670
12529
9119.5
5377.4
1217
-3396.7
-8386.1
-13530
-18473
-22769
-25969
-27698
-27747
-26104
-22976
-18729
-13821
-8712.6
-3774.4
764.72
4834.5
8495.2
11874
15088
18168
21020
23412
25024
25515
24615
22207
18365
13382
7704.2
1866.2
-3615
-8333.1
-12057
-14754
-16557
-17705
-18442
-18947
-19253
-19255
-18721
-17378
-14992
-11465
-6887.1
-1553.9
4075.5
9457.8
14071
17517
19595
20326
19932
18757
17174
15477
13814
12155
10319
8041.9
5075.9
1288
-3269
-8333.1
-13465
-18129
-21800
-24080
-24784
-23966
-21909
-19040
-15825
-12656
-9757.3
-7151
-4668.6
-2024.9
1077.4
4834.5
9255.7
14125
19024
23410
26738
28579
28722
27221
24382
20688
16675
12811
9383.8
6449.1
3835.6
1217
-1773
-5412.9
-9787
-14731
-19842
-24555
-28275
-30503
-30964
-29676
-26938
-23260
-19238
-15408
-12119
-9457.8
-7243.4
-5097.3
-2566.9
728.95
4968.7
10052
15594
21000
25595
28786
30198
29773
27778
24736
21297
18071
15480
13652
12401
11290
9758.9
7299.1
3605.8
-1312.6
-7108.5
-13158
-18702
-23019
-25607
-26295
-25292
-23125
-20503
-18132
-16529
-15895
-16055
-16516
-16599
-15631
-13137
-8987.5
-3455.2
2829.5
9018.7
14248
17847
19501
19328
17844
15825
14101
13338
13855
15537
17856
20007
21126
20510
17827
13215
7270.8
912.78
-4834.5
-9093.4
-11350
-11584
-10269
-8248.5
-6513.8
-5939.9
-7048.4
-9858.5
-13869
-18176
-21695
-23449
-22817
-19717
-14634
-8520.3
-2564.9
2102.1
4693.3
4964.4
3279
517.12
-2151.7
-3573.3
-2917.4
94.893
5099.1
11162
17007
21328
23125
21971
18123
12481
6367.9
1202.4
-1859
-2219.2
-2.6429e-10
3980.2
8409
11811
12932
11068
6267.2
-661.7
-8333.1
-15120
-19559
-20723
-18458
-13448
-7042.8
-934
3270
4454.1
2289.1
-2671.5
-9115
-15291
-19449
-20283
0
0
0
0
0
0
0
0
0
0
0
0
0
0
0
0
0
0
0
0
0
0
0
0
0
0
0
0
0
0
0
0
0
0
0
0
0
0
0
0
0
0
0
0
0
0
0
0
0
0
0
0
0
0
0
0
0
0
0
0
0
0
0
0
0
0
0
0
0
0
0
0
0
0
0
0
0
0
0
0
0
0
0
0
0
0
0
0
0
0
0
0
0
0
0
0
0
0
0
0
0
0
0
0
0
0
0
0
0
0
0
0
0
0
0
0
0
0
0
0
0
0
0
0
0
0
0
0
0
0
0
0
0
0
0
0
0
0
0
0
0
0
0
0
0
0
0
0
0
0
0
0
0
0
0
0
0
0
0
0
0
0
0
0
0
0
0
0
0
0
0
0
0
0
0
0
0
0
0
0
0
0
0
0
0
0
0
0
0
0
0
0
0
0
0
0
0
0
0
0
0
0
0
0
0
0
0
0
0
0
0
0
0
0
0
0
0
0
0
0
0
0
0
0
0
0
0
0
0
0
0
0
0
0
0
0
0
0
0
0
-17280
-10867
-2325
6507.3
13684
17635
17564
13655
7048.4
-438.15
-6752.6
-10123
-9508.8
-4877.4
2767.7
11619
19501
24410
25009
20989
13154
3249
-6457.2
-13722
-16885
-15281
-9425
-894.52
8044.8
14991
18003
16086
9457.8
-484.62
-11490
-20991
-26726
-27302
-22543
-13555
-2465.8
8076.1
15541
18136
15249
7612.8
-2864.8
-13548
-21708
-25191
-22938
-15268
-3806.4
8884.5
19916
26762
27866
23023
13439
1445.2
-10047
-18242
-21130
-17965
-9457.8
2390.7
14760
24676
29716
28581
21416
9774.2
-3742.1
-16092
-24503
-27127
-23466
-14480
-2372
9940
19501
24011
22351
14845
3176.4
-10009
-21713
-29278
-31000
-26499
-16807
-4112.8
8742.4
18920
24220
23577
17280
6886.8
-5144.7
-16020
-23242
-25161
-21331
-12587
-836.75
11378
21454
27290
27742
22844
13773
2567.2
-8333.1
-16622
-20611
-19579
-13885
-4873.4
5447.1
14840
21313
23529
21050
14418
4994.7
-5324.6
-14514
-20825
-23125
-21099
-15288
-6954.9
2179.6
10286
15778
17613
15477
9828.6
1798.1
-7036.8
-14953
-20407
-22322
-20288
-14634
-6369.9
2998.6
11750
18268
21340
20398
15628
7950.7
-1143.8
-9869.2
-16481
-19617
-18565
-13425
-5105.6
4834.5
14477
21913
25622
24781
19449
10568
-201.89
-10800
-19172
-23676
-23426
-18469
-9796.2
852.87
11328
19501
23691
23005
17518
8264.1
-2971.9
-14012
-22715
-27408
-27203
-22174
-13325
-2384.8
8543.5
17397
22552
23125
19130
11442
1619.6
-8419.9
-16767
-21881
-22853
-19570
-12683
-3481.5
6376.7
15166
21403
24092
22877
18071
10586
1746
-6939.6
-14032
-18392
-19354
-16817
-11254
-3622.9
4788.4
12566
18390
21252
20605
16477
9457.8
634.59
-8582.4
-16680
-22293
-24435
-22686
-17277
-9075.9
546.94
9940.3
17458
21749
22012
18147
10791
1217
-8883.6
-17703
-23642
-25602
-23187
-16778
-7463.3
3160
13272
21160
25519
25676
21693
14346
4958.8
-4834.5
-13382
-19294
-21672
-20227
-15312
-7823.8
962.84
9616.5
16781
21378
22756
20766
15754
8494.3
60.238
-8333.1
-15499
-20438
-22468
-21317
-17151
-10569
-2518.2
5823
13209
18502
20847
19806
15454
8381.6
-370.27
-9457.8
-17438
-22999
-25182
-23549
-18268
-10105
-306.18
9601.3
18062
23754
25798
23914
18457
10349
916.15
-8333.1
-15960
-20823
-22248
-20114
-14845
-7322.1
1280.7
9682
16687
21349
23086
21735
17542
11114
3318.1
-4834.5
-12311
-18179
-21706
-22450
-20308
-15532
-8720.4
-749.76
7320
14376
19404
21628
20649
16509
9724
1217
-7798
-15994
-22133
-25260
-24863
-20955
-14080
-5228.3
4319.6
13194
20150
24249
24997
22399
16934
9457.8
1065.2
-7083.8
-13926
-18628
-20677
-19921
-16552
-11062
-4162.9
3301.2
10448
16444
20584
22360
21513
18071
12358
4981.1
-3220.7
-11264
-18132
-22913
-24923
-23826
-19696
-13030
-4694.9
4188.6
12405
18822
22562
23125
20474
15020
7554.3
-873.57
-9121.7
-16118
-21005
-23242
-22646
-19391
-13956
-7029.4
575.46
8025.8
14550
19501
22407
22994
21205
17209
11387
4320.7
-3254.5
-10507
-16592
-20751
-22417
-21301
-17453
-11285
-3531.9
4834.5
12735
19132
23179
24346
22489
17869
11100
3055.5
-5266.1
-12879
-18941
-22841
-24260
-23174
-19817
-14634
-8208.3
-1193.9
5743.6
11973
16936
20175
21371
20362
17184
12086
5529.6
-1828.2
-9191
-15706
-20566
-23125
-22996
-20112
-14765
-7566.4
631.92
8850.1
16118
21607
24734
25225
23134
18799
12782
5775.5
-1491.5
-8333.1
-14165
-18536
-21144
-21828
-20568
-17468
-12768
-6833.8
-157.33
6665.6
12971
18086
21407
22482
21086
17280
11415
4110.6
-3817.8
-11467
-17964
-22589
-24862
-24597
-21908
-17177
-10975
-3972.3
3143.2
9747.2
15327
19501
22028
22785
21755
19020
14759
9248.5
2877.7
-3858.5
-10379
-16058
-20292
-22578
-22585
-20233
-15705
-9457.8
-2161
5385.1
12357
18017
21805
23404
22758
20047
15643
10034
3754.4
-2677.1
-8796.6
-14212
-18603
-21708
-23323
-23293
-21544
-18093
-13099
-6870.2
124.31
7283.4
13929
19384
23064
24568
23730
20659
15715
9457.8
2567.9
-4254.7
-10378
-15305
-18714
-20461
-20553
-19107
-16311
-12385
-7567.5
-2113.7
3685.9
9492.2
14910
19501
22819
24467
24157
21783
17449
11491
4442.1
-3028.7
-10202
-16409
-21110
-23965
-24849
-23849
-21209
-17280
-12449
-7086.4
-1521.6
3966.5
9132.5
13741
17546
20287
21699
21562
19739
16235
11234
5101.3
-1631.9
-8333.1
-14348
-19091
-22122
-23214
-22354
-19743
-15729
-10748
-5244.5
379.26
5801.8
10785
15155
18768
21479
23125
23527
22520
19998
15970
10593
4199.1
-2728.8
-9601.3
-15800
-20764
-24067
-25481
-24993
-22785
-19193
-14634
-9529.1
-4250.2
918.08
5779.8
10204
14086
17308
19712
21101
21263
20020
17288
13124
7760.2
1597.3
-4834.5
-10945
-16167
-20043
-22286
-22808
-21711
-19249
-15759
-11586
-7031.8
-2320.8
2404.6
7053.8
11545
15757
19501
22515
24483
25101
24136
21492
17256
11709
5297.4
-1425.8
-7887.2
-13577
-18118
-21310
-23120
-23662
-23125
-21715
-19591
-16849
-13507
-9554.1
-4995.7
89.473
5508.9
10944
15977
20144
23019
24285
23804
21647
18071
13488
8374
3189.7
-1692.6
-6034.7
-9738.8
-12819
-15343
-17372
-18902
-19838
-20006
-19186
-17192
-13929
-9457.8
-4018.6
1984.2
8036.3
13595
18179
21450
23253
23630
22774
20975
18529
15670
12529
9119.5
5377.4
1217
-3396.7
-8386.1
-13530
-18473
-22769
-25969
-27698
-27747
-26104
-22976
-18729
-13821
-8712.6
-3774.4
764.72
4834.5
8495.2
11874
15088
18168
21020
23412
25024
25515
24615
22207
18365
13382
7704.2
1866.2
-3615
-8333.1
-12057
-14754
-16557
-17705
-18442
-18947
-19253
-19255
-18721
-17378
-14992
-11465
-6887.1
-1553.9
4075.5
9457.8
14071
17517
19595
20326
19932
18757
17174
15477
13814
12155
10319
8041.9
5075.9
1288
-3269
-8333.1
-13465
-18129
-21800
-24080
-24784
-23966
-21909
-19040
-15825
-12656
-9757.3
-7151
-4668.6
-2024.9
1077.4
4834.5
9255.7
14125
19024
23410
26738
28579
28722
27221
24382
20688
16675
12811
9383.8
6449.1
3835.6
1217
-1773
-5412.9
-9787
-14731
-19842
-24555
-28275
-30503
-30964
-29676
-26938
-23260
-19238
-15408
-12119
-9457.8
-7243.4
-5097.3
-2566.9
728.95
4968.7
10052
15594
21000
25595
28786
30198
29773
27778
24736
21297
18071
15480
13652
12401
11290
9758.9
7299.1
3605.8
-1312.6
-7108.5
-13158
-18702
-23019
-25607
-26295
-25292
-23125
-20503
-18132
-16529
-15895
-16055
-16516
-16599
-15631
-13137
-8987.5
-3455.2
2829.5
9018.7
14248
17847
19501
19328
17844
15825
14101
13338
13855
15537
17856
20007
21126
20510
17827
13215
7270.8
912.78
-4834.5
-9093.4
-11350
-11584
-10269
-8248.5
-6513.8
-5939.9
-7048.4
-9858.5
-13869
-18176
-21695
-23449
-22817
-19717
-14634
-8520.3
-2564.9
2102.1
4693.3
4964.4
3279
517.12
-2151.7
-3573.3
-2917.4
94.893
5099.1
11162
17007
21328
23125
21971
18123
12481
6367.9
1202.4
-1859
-2219.2
-2.6429e-10
3980.2
8409
11811
12932
11068
6267.2
-661.7
-8333.1
-15120
-19559
-20723
-18458
-13448
-7042.8
-934
3270
4454.1
2289.1
-2671.5
-9115
-15291
-19449
-20283
0
0
0
0
0
0
0
0
0
0
0
0
0
0
0
0
0
0
0
0
0
0
0
0
0
0
0
0
0
0
0
0
0
0
0
0
0
0
0
0
0
0
0
0
0
0
0
0
0
0
0
0
0
0
0
0
0
0
0
0
0
0
0
0
0
0
0
0
0
0
0
0
0
0
0
0
0
0
0
0
0
0
0
0
0
0
0
0
0
0
0
0
0
0
0
0
0
0
0
0
0
0
0
0
0
0
0
0
0
0
0
0
0
0
0
0
0
0
0
0
0
0
0
0
0
0
0
0
0
0
0
0
0
0
0
0
0
0
0
0
0
0
0
0
0
0
0
0
0
0
0
0
0
0
0
0
0
0
0
0
0
0
0
0
0
0
0
0
0
0
0
0
0
0
0
0
0
0
0
0
0
0
0
0
0
0
0
0
0
0
0
0
0
0
0
0
0
0
0
0
0
0
0
0
0
0
0
0
0
0
0
0
0
0
0
0
0
0
0
0
0
0
0
0
0
0
0
0
0
0
0
0
0
0
0
0
0
0
0
0
-17280
-10867
-2325
6507.3
13684
17635
17564
13655
7048.4
-438.15
-6752.6
-10123
-9508.8
-4877.4
2767.7
11619
19501
24410
25009
20989
13154
3249
-6457.2
-13722
-16885
-15281
-9425
-894.52
8044.8
14991
18003
16086
9457.8
-484.62
-11490
-20991
-26726
-27302
-22543
-13555
-2465.8
8076.1
15541
18136
15249
7612.8
-2864.8
-13548
-21708
-25191
-22938
-15268
-3806.4
8884.5
19916
26762
27866
23023
13439
1445.2
-10047
-18242
-21130
-17965
-9457.8
2390.7
14760
24676
29716
28581
21416
9774.2
-3742.1
-16092
-24503
-27127
-23466
-14480
-2372
9940
19501
24011
22351
14845
3176.4
-10009
-21713
-29278
-31000
-26499
-16807
-4112.8
8742.4
18920
24220
23577
17280
6886.8
-5144.7
-16020
-23242
-25161
-21331
-12587
-836.75
11378
21454
27290
27742
22844
13773
2567.2
-8333.1
-16622
-20611
-19579
-13885
-4873.4
5447.1
14840
21313
23529
21050
14418
4994.7
-5324.6
-14514
-20825
-23125
-21099
-15288
-6954.9
2179.6
10286
15778
17613
15477
9828.6
1798.1
-7036.8
-14953
-20407
-22322
-20288
-14634
-6369.9
2998.6
11750
18268
21340
20398
15628
7950.7
-1143.8
-9869.2
-16481
-19617
-18565
-13425
-5105.6
4834.5
14477
21913
25622
24781
19449
10568
-201.89
-10800
-19172
-23676
-23426
-18469
-9796.2
852.87
11328
19501
23691
23005
17518
8264.1
-2971.9
-14012
-22715
-27408
-27203
-22174
-13325
-2384.8
8543.5
17397
22552
23125
19130
11442
1619.6
-8419.9
-16767
-21881
-22853
-19570
-12683
-3481.5
6376.7
15166
21403
24092
22877
18071
10586
1746
-6939.6
-14032
-18392
-19354
-16817
-11254
-3622.9
4788.4
12566
18390
21252
20605
16477
9457.8
634.59
-8582.4
-16680
-22293
-24435
-22686
-17277
-9075.9
546.94
9940.3
17458
21749
22012
18147
10791
1217
-8883.6
-17703
-23642
-25602
-23187
-16778
-7463.3
3160
13272
21160
25519
25676
21693
14346
4958.8
-4834.5
-13382
-19294
-21672
-20227
-15312
-7823.8
962.84
9616.5
16781
21378
22756
20766
15754
8494.3
60.238
-8333.1
-15499
-20438
-22468
-21317
-17151
-10569
-2518.2
5823
13209
18502
20847
19806
15454
8381.6
-370.27
-9457.8
-17438
-22999
-25182
-23549
-18268
-10105
-306.18
9601.3
18062
23754
25798
23914
18457
10349
916.15
-8333.1
-15960
-20823
-22248
-20114
-14845
-7322.1
1280.7
9682
16687
21349
23086
21735
17542
11114
3318.1
-4834.5
-12311
-18179
-21706
-22450
-20308
-15532
-8720.4
-749.76
7320
14376
19404
21628
20649
16509
9724
1217
-7798
-15994
-22133
-25260
-24863
-20955
-14080
-5228.3
4319.6
13194
20150
24249
24997
22399
16934
9457.8
1065.2
-7083.8
-13926
-18628
-20677
-19921
-16552
-11062
-4162.9
3301.2
10448
16444
20584
22360
21513
18071
12358
4981.1
-3220.7
-11264
-18132
-22913
-24923
-23826
-19696
-13030
-4694.9
4188.6
12405
18822
22562
23125
20474
15020
7554.3
-873.57
-9121.7
-16118
-21005
-23242
-22646
-19391
-13956
-7029.4
575.46
8025.8
14550
19501
22407
22994
21205
17209
11387
4320.7
-3254.5
-10507
-16592
-20751
-22417
-21301
-17453
-11285
-3531.9
4834.5
12735
19132
23179
24346
22489
17869
11100
3055.5
-5266.1
-12879
-18941
-22841
-24260
-23174
-19817
-14634
-8208.3
-1193.9
5743.6
11973
16936
20175
21371
20362
17184
12086
5529.6
-1828.2
-9191
-15706
-20566
-23125
-22996
-20112
-14765
-7566.4
631.92
8850.1
16118
21607
24734
25225
23134
18799
12782
5775.5
-1491.5
-8333.1
-14165
-18536
-21144
-21828
-20568
-17468
-12768
-6833.8
-157.33
6665.6
12971
18086
21407
22482
21086
17280
11415
4110.6
-3817.8
-11467
-17964
-22589
-24862
-24597
-21908
-17177
-10975
-3972.3
3143.2
9747.2
15327
19501
22028
22785
21755
19020
14759
9248.5
2877.7
-3858.5
-10379
-16058
-20292
-22578
-22585
-20233
-15705
-9457.8
-2161
5385.1
12357
18017
21805
23404
22758
20047
15643
10034
3754.4
-2677.1
-8796.6
-14212
-18603
-21708
-23323
-23293
-21544
-18093
-13099
-6870.2
124.31
7283.4
13929
19384
23064
24568
23730
20659
15715
9457.8
2567.9
-4254.7
-10378
-15305
-18714
-20461
-20553
-19107
-16311
-12385
-7567.5
-2113.7
3685.9
9492.2
14910
19501
22819
24467
24157
21783
17449
11491
4442.1
-3028.7
-10202
-16409
-21110
-23965
-24849
-23849
-21209
-17280
-12449
-7086.4
-1521.6
3966.5
9132.5
13741
17546
20287
21699
21562
19739
16235
11234
5101.3
-1631.9
-8333.1
-14348
-19091
-22122
-23214
-22354
-19743
-15729
-10748
-5244.5
379.26
5801.8
10785
15155
18768
21479
23125
23527
22520
19998
15970
10593
4199.1
-2728.8
-9601.3
-15800
-20764
-24067
-25481
-24993
-22785
-19193
-14634
-9529.1
-4250.2
918.08
5779.8
10204
14086
17308
19712
21101
21263
20020
17288
13124
7760.2
1597.3
-4834.5
-10945
-16167
-20043
-22286
-22808
-21711
-19249
-15759
-11586
-7031.8
-2320.8
2404.6
7053.8
11545
15757
19501
22515
24483
25101
24136
21492
17256
11709
5297.4
-1425.8
-7887.2
-13577
-18118
-21310
-23120
-23662
-23125
-21715
-19591
-16849
-13507
-9554.1
-4995.7
89.473
5508.9
10944
15977
20144
23019
24285
23804
21647
18071
13488
8374
3189.7
-1692.6
-6034.7
-9738.8
-12819
-15343
-17372
-18902
-19838
-20006
-19186
-17192
-13929
-9457.8
-4018.6
1984.2
8036.3
13595
18179
21450
23253
23630
22774
20975
18529
15670
12529
9119.5
5377.4
1217
-3396.7
-8386.1
-13530
-18473
-22769
-25969
-27698
-27747
-26104
-22976
-18729
-13821
-8712.6
-3774.4
764.72
4834.5
8495.2
11874
15088
18168
21020
23412
25024
25515
24615
22207
18365
13382
7704.2
1866.2
-3615
-8333.1
-12057
-14754
-16557
-17705
-18442
-18947
-19253
-19255
-18721
-17378
-14992
-11465
-6887.1
-1553.9
4075.5
9457.8
14071
17517
19595
20326
19932
18757
17174
15477
13814
12155
10319
8041.9
5075.9
1288
-3269
-8333.1
-13465
-18129
-21800
-24080
-24784
-23966
-21909
-19040
-15825
-12656
-9757.3
-7151
-4668.6
-2024.9
1077.4
4834.5
9255.7
14125
19024
23410
26738
28579
28722
27221
24382
20688
16675
12811
9383.8
6449.1
3835.6
1217
-1773
-5412.9
-9787
-14731
-19842
-24555
-28275
-30503
-30964
-29676
-26938
-23260
-19238
-15408
-12119
-9457.8
-7243.4
-5097.3
-2566.9
728.95
4968.7
10052
15594
21000
25595
28786
30198
29773
27778
24736
21297
18071
15480
13652
12401
11290
9758.9
7299.1
3605.8
-1312.6
-7108.5
-13158
-18702
-23019
-25607
-26295
-25292
-23125
-20503
-18132
-16529
-15895
-16055
-16516
-16599
-15631
-13137
-8987.5
-3455.2
2829.5
9018.7
14248
17847
19501
19328
17844
15825
14101
13338
13855
15537
17856
20007
21126
20510
17827
13215
7270.8
912.78
-4834.5
-9093.4
-11350
-11584
-10269
-8248.5
-6513.8
-5939.9
-7048.4
-9858.5
-13869
-18176
-21695
-23449
-22817
-19717
-14634
-8520.3
-2564.9
2102.1
4693.3
4964.4
3279
517.12
-2151.7
-3573.3
-2917.4
94.893
5099.1
11162
17007
21328
23125
21971
18123
12481
6367.9
1202.4
-1859
-2219.2
-2.6429e-10
3980.2
8409
11811
12932
11068
6267.2
-661.7
-8333.1
-15120
-19559
-20723
-18458
-13448
-7042.8
-934
3270
4454.1
2289.1
-2671.5
-9115
-15291
-19449
-20283
0
0
0
0
0
0
0
0
0
0
0
0
0
0
0
0
0
0
0
0
0
0
0
0
0
0
0
0
0
0
0
0
0
0
0
0
0
0
0
0
0
0
0
0
0
0
0
0
0
0
0
0
0
0
0
0
0
0
0
0
0
0
0
0
0
0
0
0
0
0
0
0
0
0
0
0
0
0
0
0
0
0
0
0
0
0
0
0
0
0
0
0
0
0
0
0
0
0
0
0
0
0
0
0
0
0
0
0
0
0
0
0
0
0
0
0
0
0
0
0
0
0
0
0
0
0
0
0
0
0
0
0
0
0
0
0
0
0
0
0
0
0
0
0
0
0
0
0
0
0
0
0
0
0
0
0
0
0
0
0
0
0
0
0
0
0
0
0
0
0
0
0
0
0
0
0
0
0
0
0
0
0
0
0
0
0
0
0
0
0
0
0
0
0
0
0
0
0
0
0
0
0
0
0
0
0
0
0
0
0
0
0
0
0
0
0
0
0
0
0
0
0
0
0
0
0
0
0
0
0
0
0
0
0
0
0
0
0
0
0
-17280
-10867
-2325
6507.3
13684
17635
17564
13655
7048.4
-438.15
-6752.6
-10123
-9508.8
-4877.4
2767.7
11619
19501
24410
25009
20989
13154
3249
-6457.2
-13722
-16885
-15281
-9425
-894.52
8044.8
14991
18003
16086
9457.8
-484.62
-11490
-20991
-26726
-27302
-22543
-13555
-2465.8
8076.1
15541
18136
15249
7612.8
-2864.8
-13548
-21708
-25191
-22938
-15268
-3806.4
8884.5
19916
26762
27866
23023
13439
1445.2
-10047
-18242
-21130
-17965
-9457.8
2390.7
14760
24676
29716
28581
21416
9774.2
-3742.1
-16092
-24503
-27127
-23466
-14480
-2372
9940
19501
24011
22351
14845
3176.4
-10009
-21713
-29278
-31000
-26499
-16807
-4112.8
8742.4
18920
24220
23577
17280
6886.8
-5144.7
-16020
-23242
-25161
-21331
-12587
-836.75
11378
21454
27290
27742
22844
13773
2567.2
-8333.1
-16622
-20611
-19579
-13885
-4873.4
5447.1
14840
21313
23529
21050
14418
4994.7
-5324.6
-14514
-20825
-23125
-21099
-15288
-6954.9
2179.6
10286
15778
17613
15477
9828.6
1798.1
-7036.8
-14953
-20407
-22322
-20288
-14634
-6369.9
2998.6
11750
18268
21340
20398
15628
7950.7
-1143.8
-9869.2
-16481
-19617
-18565
-13425
-5105.6
4834.5
14477
21913
25622
24781
19449
10568
-201.89
-10800
-19172
-23676
-23426
-18469
-9796.2
852.87
11328
19501
23691
23005
17518
8264.1
-2971.9
-14012
-22715
-27408
-27203
-22174
-13325
-2384.8
8543.5
17397
22552
23125
19130
11442
1619.6
-8419.9
-16767
-21881
-22853
-19570
-12683
-3481.5
6376.7
15166
21403
24092
22877
18071
10586
1746
-6939.6
-14032
-18392
-19354
-16817
-11254
-3622.9
4788.4
12566
18390
21252
20605
16477
9457.8
634.59
-8582.4
-16680
-22293
-24435
-22686
-17277
-9075.9
546.94
9940.3
17458
21749
22012
18147
10791
1217
-8883.6
-17703
-23642
-25602
-23187
-16778
-7463.3
3160
13272
21160
25519
25676
21693
14346
4958.8
-4834.5
-13382
-19294
-21672
-20227
-15312
-7823.8
962.84
9616.5
16781
21378
22756
20766
15754
8494.3
60.238
-8333.1
-15499
-20438
-22468
-21317
-17151
-10569
-2518.2
5823
13209
18502
20847
19806
15454
8381.6
-370.27
-9457.8
-17438
-22999
-25182
-23549
-18268
-10105
-306.18
9601.3
18062
23754
25798
23914
18457
10349
916.15
-8333.1
-15960
-20823
-22248
-20114
-14845
-7322.1
1280.7
9682
16687
21349
23086
21735
17542
11114
3318.1
-4834.5
-12311
-18179
-21706
-22450
-20308
-15532
-8720.4
-749.76
7320
14376
19404
21628
20649
16509
9724
1217
-7798
-15994
-22133
-25260
-24863
-20955
-14080
-5228.3
4319.6
13194
20150
24249
24997
22399
16934
9457.8
1065.2
-7083.8
-13926
-18628
-20677
-19921
-16552
-11062
-4162.9
3301.2
10448
16444
20584
22360
21513
18071
12358
4981.1
-3220.7
-11264
-18132
-22913
-24923
-23826
-19696
-13030
-4694.9
4188.6
12405
18822
22562
23125
20474
15020
7554.3
-873.57
-9121.7
-16118
-21005
-23242
-22646
-19391
-13956
-7029.4
575.46
8025.8
14550
19501
22407
22994
21205
17209
11387
4320.7
-3254.5
-10507
-16592
-20751
-22417
-21301
-17453
-11285
-3531.9
4834.5
12735
19132
23179
24346
22489
17869
11100
3055.5
-5266.1
-12879
-18941
-22841
-24260
-23174
-19817
-14634
-8208.3
-1193.9
5743.6
11973
16936
20175
21371
20362
17184
12086
5529.6
-1828.2
-9191
-15706
-20566
-23125
-22996
-20112
-14765
-7566.4
631.92
8850.1
16118
21607
24734
25225
23134
18799
12782
5775.5
-1491.5
-8333.1
-14165
-18536
-21144
-21828
-20568
-17468
-12768
-6833.8
-157.33
6665.6
12971
18086
21407
22482
21086
17280
11415
4110.6
-3817.8
-11467
-17964
-22589
-24862
-24597
-21908
-17177
-10975
-3972.3
3143.2
9747.2
15327
19501
22028
22785
21755
19020
14759
9248.5
2877.7
-3858.5
-10379
-16058
-20292
-22578
-22585
-20233
-15705
-9457.8
-2161
5385.1
12357
18017
21805
23404
22758
20047
15643
10034
3754.4
-2677.1
-8796.6
-14212
-18603
-21708
-23323
-23293
-21544
-18093
-13099
-6870.2
124.31
7283.4
13929
19384
23064
24568
23730
20659
15715
9457.8
2567.9
-4254.7
-10378
-15305
-18714
-20461
-20553
-19107
-16311
-12385
-7567.5
-2113.7
3685.9
9492.2
14910
19501
22819
24467
24157
21783
17449
11491
4442.1
-3028.7
-10202
-16409
-21110
-23965
-24849
-23849
-21209
-17280
-12449
-7086.4
-1521.6
3966.5
9132.5
13741
17546
20287
21699
21562
19739
16235
11234
5101.3
-1631.9
-8333.1
-14348
-19091
-22122
-23214
-22354
-19743
-15729
-10748
-5244.5
379.26
5801.8
10785
15155
18768
21479
23125
23527
22520
19998
15970
10593
4199.1
-2728.8
-9601.3
-15800
-20764
-24067
-25481
-24993
-22785
-19193
-14634
-9529.1
-4250.2
918.08
5779.8
10204
14086
17308
19712
21101
21263
20020
17288
13124
7760.2
1597.3
-4834.5
-10945
-16167
-20043
-22286
-22808
-21711
-19249
-15759
-11586
-7031.8
-2320.8
2404.6
7053.8
11545
15757
19501
22515
24483
25101
24136
21492
17256
11709
5297.4
-1425.8
-7887.2
-13577
-18118
-21310
-23120
-23662
-23125
-21715
-19591
-16849
-13507
-9554.1
-4995.7
89.473
5508.9
10944
15977
20144
23019
24285
23804
21647
18071
13488
8374
3189.7
-1692.6
-6034.7
-9738.8
-12819
-15343
-17372
-18902
-19838
-20006
-19186
-17192
-13929
-9457.8
-4018.6
1984.2
8036.3
13595
18179
21450
23253
23630
22774
20975
18529
15670
12529
9119.5
5377.4
1217
-3396.7
-8386.1
-13530
-18473
-22769
-25969
-27698
-27747
-26104
-22976
-18729
-13821
-8712.6
-3774.4
764.72
4834.5
8495.2
11874
15088
18168
21020
23412
25024
25515
24615
22207
18365
13382
7704.2
1866.2
-3615
-8333.1
-12057
-14754
-16557
-17705
-18442
-18947
-19253
-19255
-18721
-17378
-14992
-11465
-6887.1
-1553.9
4075.5
9457.8
14071
17517
19595
20326
19932
18757
17174
15477
13814
12155
10319
8041.9
5075.9
1288
-3269
-8333.1
-13465
-18129
-21800
-24080
-24784
-23966
-21909
-19040
-15825
-12656
-9757.3
-7151
-4668.6
-2024.9
1077.4
4834.5
9255.7
14125
19024
23410
26738
28579
28722
27221
24382
20688
16675
12811
9383.8
6449.1
3835.6
1217
-1773
-5412.9
-9787
-14731
-19842
-24555
-28275
-30503
-30964
-29676
-26938
-23260
-19238
-15408
-12119
-9457.8
-7243.4
-5097.3
-2566.9
728.95
4968.7
10052
15594
21000
25595
28786
30198
29773
27778
24736
21297
18071
15480
13652
12401
11290
9758.9
7299.1
3605.8
-1312.6
-7108.5
-13158
-18702
-23019
-25607
-26295
-25292
-23125
-20503
-18132
-16529
-15895
-16055
-16516
-16599
-15631
-13137
-8987.5
-3455.2
2829.5
9018.7
14248
17847
19501
19328
17844
15825
14101
13338
13855
15537
17856
20007
21126
20510
17827
13215
7270.8
912.78
-4834.5
-9093.4
-11350
-11584
-10269
-8248.5
-6513.8
-5939.9
-7048.4
-9858.5
-13869
-18176
-21695
-23449
-22817
-19717
-14634
-8520.3
-2564.9
2102.1
4693.3
4964.4
3279
517.12
-2151.7
-3573.3
-2917.4
94.893
5099.1
11162
17007
21328
23125
21971
18123
12481
6367.9
1202.4
-1859
-2219.2
-2.6429e-10
3980.2
8409
11811
12932
11068
6267.2
-661.7
-8333.1
-15120
-19559
-20723
-18458
-13448
-7042.8
-934
3270
4454.1
2289.1
-2671.5
-9115
-15291
-19449
-20283
0
0
0
0
0
0
0
0
0
0
0
0
0
0
0
0
0
0
0
0
0
0
0
0
0
0
0
0
0
0
0
0
0
0
0
0
0
0
0
0
0
0
0
0
0
0
0
0
0
0
0
0
0
0
0
0
0
0
0
0
0
0
0
0
0
0
0
0
0
0
0
0
0
0
0
0
0
0
0
0
0
0
0
0
0
0
0
0
0
0
0
0
0
0
0
0
0
0
0
0
0
0
0
0
0
0
0
0
0
0
0
0
0
0
0
0
0
0
0
0
0
0
0
0
0
0
0
0
0
0
0
0
0
0
0
0
0
0
0
0
0
0
0
0
0
0
0
0
0
0
0
0
0
0
0
0
0
0
0
0
0
0
0
0
0
0
0
0
0
0
0
0
0
0
0
0
0
0
0
0
0
0
0
0
0
0
0
0
0
0
0
0
0
0
0
0
0
0
0
0
0
0
0
0
0
0
0
0
0
0
0
0
0
0
0
0
0
0
0
0
0
0
0
0
0
0
0
0
0
0
0
0
0
0
0
0
0
0
0
0
17280
10867
2325
-6507.3
-13684
-17635
-17564
-13655
-7048.4
438.15
6752.6
10123
9508.8
4877.4
-2767.7
-11619
-19501
-24410
-25009
-20989
-13154
-3249
6457.2
13722
16885
15281
9425
894.52
-8044.8
-14991
-18003
-16086
-9457.8
484.62
11490
20991
26726
27302
22543
13555
2465.8
-8076.1
-15541
-18136
-15249
-7612.8
2864.8
13548
21708
25191
22938
15268
3806.4
-8884.5
-19916
-26762
-27866
-23023
-13439
-1445.2
10047
18242
21130
17965
9457.8
-2390.7
-14760
-24676
-29716
-28581
-21416
-9774.2
3742.1
16092
24503
27127
23466
14480
2372
-9940
-19501
-24011
-22351
-14845
-3176.4
10009
21713
29278
31000
26499
16807
4112.8
-8742.4
-18920
-24220
-23577
-17280
-6886.8
5144.7
16020
23242
25161
21331
12587
836.75
-11378
-21454
-27290
-27742
-22844
-13773
-2567.2
8333.1
16622
20611
19579
13885
4873.4
-5447.1
-14840
-21313
-23529
-21050
-14418
-4994.7
5324.6
14514
20825
23125
21099
15288
6954.9
-2179.6
-10286
-15778
-17613
-15477
-9828.6
-1798.1
7036.8
14953
20407
22322
20288
14634
6369.9
-2998.6
-11750
-18268
-21340
-20398
-15628
-7950.7
1143.8
9869.2
16481
19617
18565
13425
5105.6
-4834.5
-14477
-21913
-25622
-24781
-19449
-10568
201.89
10800
19172
23676
23426
18469
9796.2
-852.87
-11328
-19501
-23691
-23005
-17518
-8264.1
2971.9
14012
22715
27408
27203
22174
13325
2384.8
-8543.5
-17397
-22552
-23125
-19130
-11442
-1619.6
8419.9
16767
21881
22853
19570
12683
3481.5
-6376.7
-15166
-21403
-24092
-22877
-18071
-10586
-1746
6939.6
14032
18392
19354
16817
11254
3622.9
-4788.4
-12566
-18390
-21252
-20605
-16477
-9457.8
-634.59
8582.4
16680
22293
24435
22686
17277
9075.9
-546.94
-9940.3
-17458
-21749
-22012
-18147
-10791
-1217
8883.6
17703
23642
25602
23187
16778
7463.3
-3160
-13272
-21160
-25519
-25676
-21693
-14346
-4958.8
4834.5
13382
19294
21672
20227
15312
7823.8
-962.84
-9616.5
-16781
-21378
-22756
-20766
-15754
-8494.3
-60.238
8333.1
15499
20438
22468
21317
17151
10569
2518.2
-5823
-13209
-18502
-20847
-19806
-15454
-8381.6
370.27
9457.8
17438
22999
25182
23549
18268
10105
306.18
-9601.3
-18062
-23754
-25798
-23914
-18457
-10349
-916.15
8333.1
15960
20823
22248
20114
14845
7322.1
-1280.7
-9682
-16687
-21349
-23086
-21735
-17542
-11114
-3318.1
4834.5
12311
18179
21706
22450
20308
15532
8720.4
749.76
-7320
-14376
-19404
-21628
-20649
-16509
-9724
-1217
7798
15994
22133
25260
24863
20955
14080
5228.3
-4319.6
-13194
-20150
-24249
-24997
-22399
-16934
-9457.8
-1065.2
7083.8
13926
18628
20677
19921
16552
11062
4162.9
-3301.2
-10448
-16444
-20584
-22360
-21513
-18071
-12358
-4981.1
3220.7
11264
18132
22913
24923
23826
19696
13030
4694.9
-4188.6
-12405
-18822
-22562
-23125
-20474
-15020
-7554.3
873.57
9121.7
16118
21005
23242
22646
19391
13956
7029.4
-575.46
-8025.8
-14550
-19501
-22407
-22994
-21205
-17209
-11387
-4320.7
3254.5
10507
16592
20751
22417
21301
17453
11285
3531.9
-4834.5
-12735
-19132
-23179
-24346
-22489
-17869
-11100
-3055.5
5266.1
12879
18941
22841
24260
23174
19817
14634
8208.3
1193.9
-5743.6
-11973
-16936
-20175
-21371
-20362
-17184
-12086
-5529.6
1828.2
9191
15706
20566
23125
22996
20112
14765
7566.4
-631.92
-8850.1
-16118
-21607
-24734
-25225
-23134
-18799
-12782
-5775.5
1491.5
8333.1
14165
18536
21144
21828
20568
17468
12768
6833.8
157.33
-6665.6
-12971
-18086
-21407
-22482
-21086
-17280
-11415
-4110.6
3817.8
11467
17964
22589
24862
24597
21908
17177
10975
3972.3
-3143.2
-9747.2
-15327
-19501
-22028
-22785
-21755
-19020
-14759
-9248.5
-2877.7
3858.5
10379
16058
20292
22578
22585
20233
15705
9457.8
2161
-5385.1
-12357
-18017
-21805
-23404
-22758
-20047
-15643
-10034
-3754.4
2677.1
8796.6
14212
18603
21708
23323
23293
21544
18093
13099
6870.2
-124.31
-7283.4
-13929
-19384
-23064
-24568
-23730
-20659
-15715
-9457.8
-2567.9
4254.7
10378
15305
18714
20461
20553
19107
16311
12385
7567.5
2113.7
-3685.9
-9492.2
-14910
-19501
-22819
-24467
-24157
-21783
-17449
-11491
-4442.1
3028.7
10202
16409
21110
23965
24849
23849
21209
17280
12449
7086.4
1521.6
-3966.5
-9132.5
-13741
-17546
-20287
-21699
-21562
-19739
-16235
-11234
-5101.3
1631.9
8333.1
14348
19091
22122
23214
22354
19743
15729
10748
5244.5
-379.26
-5801.8
-10785
-15155
-18768
-21479
-23125
-23527
-22520
-19998
-15970
-10593
-4199.1
2728.8
9601.3
15800
20764
24067
25481
24993
22785
19193
14634
9529.1
4250.2
-918.08
-5779.8
-10204
-14086
-17308
-19712
-21101
-21263
-20020
-17288
-13124
-7760.2
-1597.3
4834.5
10945
16167
20043
22286
22808
21711
19249
15759
11586
7031.8
2320.8
-2404.6
-7053.8
-11545
-15757
-19501
-22515
-24483
-25101
-24136
-21492
-17256
-11709
-5297.4
1425.8
7887.2
13577
18118
21310
23120
23662
23125
21715
19591
16849
13507
9554.1
4995.7
-89.473
-5508.9
-10944
-15977
-20144
-23019
-24285
-23804
-21647
-18071
-13488
-8374
-3189.7
1692.6
6034.7
9738.8
12819
15343
17372
18902
19838
20006
19186
17192
13929
9457.8
4018.6
-1984.2
-8036.3
-13595
-18179
-21450
-23253
-23630
-22774
-20975
-18529
-15670
-12529
-9119.5
-5377.4
-1217
3396.7
8386.1
13530
18473
22769
25969
27698
27747
26104
22976
18729
13821
8712.6
3774.4
-764.72
-4834.5
-8495.2
-11874
-15088
-18168
-21020
-23412
-25024
-25515
-24615
-22207
-18365
-13382
-7704.2
-1866.2
3615
8333.1
12057
14754
16557
17705
18442
18947
19253
19255
18721
17378
14992
11465
6887.1
1553.9
-4075.5
-9457.8
-14071
-17517
-19595
-20326
-19932
-18757
-17174
-15477
-13814
-12155
-10319
-8041.9
-5075.9
-1288
3269
8333.1
13465
18129
21800
24080
24784
23966
21909
19040
15825
12656
9757.3
7151
4668.6
2024.9
-1077.4
-4834.5
-9255.7
-14125
-19024
-23410
-26738
-28579
-28722
-27221
-24382
-20688
-16675
-12811
-9383.8
-6449.1
-3835.6
-1217
1773
5412.9
9787
14731
19842
24555
28275
30503
30964
29676
26938
23260
19238
15408
12119
9457.8
7243.4
5097.3
2566.9
-728.95
-4968.7
-10052
-15594
-21000
-25595
-28786
-30198
-29773
-27778
-24736
-21297
-18071
-15480
-13652
-12401
-11290
-9758.9
-7299.1
-3605.8
1312.6
7108.5
13158
18702
23019
25607
26295
25292
23125
20503
18132
16529
15895
16055
16516
16599
15631
13137
8987.5
3455.2
-2829.5
-9018.7
-14248
-17847
-19501
-19328
-17844
-15825
-14101
-13338
-13855
-15537
-17856
-20007
-21126
-20510
-17827
-13215
-7270.8
-912.78
4834.5
9093.4
11350
11584
10269
8248.5
6513.8
5939.9
7048.4
9858.5
13869
18176
21695
23449
22817
19717
14634
8520.3
2564.9
-2102.1
-4693.3
-4964.4
-3279
-517.12
2151.7
3573.3
2917.4
-94.893
-5099.1
-11162
-17007
-21328
-23125
-21971
-18123
-12481
-6367.9
-1202.4
1859
2219.2
2.6429e-10
-3980.2
-8409
-11811
-12932
-11068
-6267.2
661.7
8333.1
15120
19559
20723
18458
13448
7042.8
934
-3270
-4454.1
-2289.1
2671.5
9115
15291
19449
20283
0
0
0
0
0
0
0
0
0
0
0
0
0
0
0
0
0
0
0
0
0
0
0
0
0
0
0
0
0
0
0
0
0
0
0
0
0
0
0
0
0
0
0
0
0
0
0
0
0
0
0
0
0
0
0
0
0
0
0
0
0
0
0
0
0
0
0
0
0
0
0
0
0
0
0
0
0
0
0
0
0
0
0
0
0
0
0
0
0
0
0
0
0
0
0
0
0
0
0
0
0
0
0
0
0
0
0
0
0
0
0
0
0
0
0
0
0
0
0
0
0
0
0
0
0
0
0
0
0
0
0
0
0
0
0
0
0
0
0
0
0
0
0
0
0
0
0
0
0
0
0
0
0
0
0
0
0
0
0
0
0
0
0
0
0
0
0
0
0
0
0
0
0
0
0
0
0
0
0
0
0
0
0
0
0
0
0
0
0
0
0
0
0
0
0
0
0
0
0
0
0
0
0
0
0
0
0
0
0
0
0
0
0
0
0
0
0
0
0
0
0
0
0
0
0
0
0
0
0
0
0
0
0
0
0
0
0
0
0
0
-17280
-10867
-2325
6507.3
13684
17635
17564
13655
7048.4
-438.15
-6752.6
-10123
-9508.8
-4877.4
2767.7
11619
19501
24410
25009
20989
13154
3249
-6457.2
-13722
-16885
-15281
-9425
-894.52
8044.8
14991
18003
16086
9457.8
-484.62
-11490
-20991
-26726
-27302
-22543
-13555
-2465.8
8076.1
15541
18136
15249
7612.8
-2864.8
-13548
-21708
-25191
-22938
-15268
-3806.4
8884.5
19916
26762
27866
23023
13439
1445.2
-10047
-18242
-21130
-17965
-9457.8
2390.7
14760
24676
29716
28581
21416
9774.2
-3742.1
-16092
-24503
-27127
-23466
-14480
-2372
9940
19501
24011
22351
14845
3176.4
-10009
-21713
-29278
-31000
-26499
-16807
-4112.8
8742.4
18920
24220
23577
17280
6886.8
-5144.7
-16020
-23242
-25161
-21331
-12587
-836.75
11378
21454
27290
27742
22844
13773
2567.2
-8333.1
-16622
-20611
-19579
-13885
-4873.4
5447.1
14840
21313
23529
21050
14418
4994.7
-5324.6
-14514
-20825
-23125
-21099
-15288
-6954.9
2179.6
10286
15778
17613
15477
9828.6
1798.1
-7036.8
-14953
-20407
-22322
-20288
-14634
-6369.9
2998.6
11750
18268
21340
20398
15628
7950.7
-1143.8
-9869.2
-16481
-19617
-18565
-13425
-5105.6
4834.5
14477
21913
25622
24781
19449
10568
-201.89
-10800
-19172
-23676
-23426
-18469
-9796.2
852.87
11328
19501
23691
23005
17518
8264.1
-2971.9
-14012
-22715
-27408
-27203
-22174
-13325
-2384.8
8543.5
17397
22552
23125
19130
11442
1619.6
-8419.9
-16767
-21881
-22853
-19570
-12683
-3481.5
6376.7
15166
21403
24092
22877
18071
10586
1746
-6939.6
-14032
-18392
-19354
-16817
-11254
-3622.9
4788.4
12566
18390
21252
20605
16477
9457.8
634.59
-8582.4
-16680
-22293
-24435
-22686
-17277
-9075.9
546.94
9940.3
17458
21749
22012
18147
10791
1217
-8883.6
-17703
-23642
-25602
-23187
-16778
-7463.3
3160
13272
21160
25519
25676
21693
14346
4958.8
-4834.5
-13382
-19294
-21672
-20227
-15312
-7823.8
962.84
9616.5
16781
21378
22756
20766
15754
8494.3
60.238
-8333.1
-15499
-20438
-22468
-21317
-17151
-10569
-2518.2
5823
13209
18502
20847
19806
15454
8381.6
-370.27
-9457.8
-17438
-22999
-25182
-23549
-18268
-10105
-306.18
9601.3
18062
23754
25798
23914
18457
10349
916.15
-8333.1
-15960
-20823
-22248
-20114
-14845
-7322.1
1280.7
9682
16687
21349
23086
21735
17542
11114
3318.1
-4834.5
-12311
-18179
-21706
-22450
-20308
-15532
-8720.4
-749.76
7320
14376
19404
21628
20649
16509
9724
1217
-7798
-15994
-22133
-25260
-24863
-20955
-14080
-5228.3
4319.6
13194
20150
24249
24997
22399
16934
9457.8
1065.2
-7083.8
-13926
-18628
-20677
-19921
-16552
-11062
-4162.9
3301.2
10448
16444
20584
22360
21513
18071
12358
4981.1
-3220.7
-11264
-18132
-22913
-24923
-23826
-19696
-13030
-4694.9
4188.6
12405
18822
22562
23125
20474
15020
7554.3
-873.57
-9121.7
-16118
-21005
-23242
-22646
-19391
-13956
-7029.4
575.46
8025.8
14550
19501
22407
22994
21205
17209
11387
4320.7
-3254.5
-10507
-16592
-20751
-22417
-21301
-17453
-11285
-3531.9
4834.5
12735
19132
23179
24346
22489
17869
11100
3055.5
-5266.1
-12879
-18941
-22841
-24260
-23174
-19817
-14634
-8208.3
-1193.9
5743.6
11973
16936
20175
21371
20362
17184
12086
5529.6
-1828.2
-9191
-15706
-20566
-23125
-22996
-20112
-14765
-7566.4
631.92
8850.1
16118
21607
24734
25225
23134
18799
12782
5775.5
-1491.5
-8333.1
-14165
-18536
-21144
-21828
-20568
-17468
-12768
-6833.8
-157.33
6665.6
12971
18086
21407
22482
21086
17280
11415
4110.6
-3817.8
-11467
-17964
-22589
-24862
-24597
-21908
-17177
-10975
-3972.3
3143.2
9747.2
15327
19501
22028
22785
21755
19020
14759
9248.5
2877.7
-3858.5
-10379
-16058
-20292
-22578
-22585
-20233
-15705
-9457.8
-2161
5385.1
12357
18017
21805
23404
22758
20047
15643
10034
3754.4
-2677.1
-8796.6
-14212
-18603
-21708
-23323
-23293
-21544
-18093
-13099
-6870.2
124.31
7283.4
13929
19384
23064
24568
23730
20659
15715
9457.8
2567.9
-4254.7
-10378
-15305
-18714
-20461
-20553
-19107
-16311
-12385
-7567.5
-2113.7
3685.9
9492.2
14910
19501
22819
24467
24157
21783
17449
11491
4442.1
-3028.7
-10202
-16409
-21110
-23965
-24849
-23849
-21209
-17280
-12449
-7086.4
-1521.6
3966.5
9132.5
13741
17546
20287
21699
21562
19739
16235
11234
5101.3
-1631.9
-8333.1
-14348
-19091
-22122
-23214
-22354
-19743
-15729
-10748
-5244.5
379.26
5801.8
10785
15155
18768
21479
23125
23527
22520
19998
15970
10593
4199.1
-2728.8
-9601.3
-15800
-20764
-24067
-25481
-24993
-22785
-19193
-14634
-9529.1
-4250.2
918.08
5779.8
10204
14086
17308
19712
21101
21263
20020
17288
13124
7760.2
1597.3
-4834.5
-10945
-16167
-20043
-22286
-22808
-21711
-19249
-15759
-11586
-7031.8
-2320.8
2404.6
7053.8
11545
15757
19501
22515
24483
25101
24136
21492
17256
11709
5297.4
-1425.8
-7887.2
-13577
-18118
-21310
-23120
-23662
-23125
-21715
-19591
-16849
-13507
-9554.1
-4995.7
89.473
5508.9
10944
15977
20144
23019
24285
23804
21647
18071
13488
8374
3189.7
-1692.6
-6034.7
-9738.8
-12819
-15343
-17372
-18902
-19838
-20006
-19186
-17192
-13929
-9457.8
-4018.6
1984.2
8036.3
13595
18179
21450
23253
23630
22774
20975
18529
15670
12529
9119.5
5377.4
1217
-3396.7
-8386.1
-13530
-18473
-22769
-25969
-27698
-27747
-26104
-22976
-18729
-13821
-8712.6
-3774.4
764.72
4834.5
8495.2
11874
15088
18168
21020
23412
25024
25515
24615
22207
18365
13382
7704.2
1866.2
-3615
-8333.1
-12057
-14754
-16557
-17705
-18442
-18947
-19253
-19255
-18721
-17378
-14992
-11465
-6887.1
-1553.9
4075.5
9457.8
14071
17517
19595
20326
19932
18757
17174
15477
13814
12155
10319
8041.9
5075.9
1288
-3269
-8333.1
-13465
-18129
-21800
-24080
-24784
-23966
-21909
-19040
-15825
-12656
-9757.3
-7151
-4668.6
-2024.9
1077.4
4834.5
9255.7
14125
19024
23410
26738
28579
28722
27221
24382
20688
16675
12811
9383.8
6449.1
3835.6
1217
-1773
-5412.9
-9787
-14731
-19842
-24555
-28275
-30503
-30964
-29676
-26938
-23260
-19238
-15408
-12119
-9457.8
-7243.4
-5097.3
-2566.9
728.95
4968.7
10052
15594
21000
25595
28786
30198
29773
27778
24736
21297
18071
15480
13652
12401
11290
9758.9
7299.1
3605.8
-1312.6
-7108.5
-13158
-18702
-23019
-25607
-26295
-25292
-23125
-20503
-18132
-16529
-15895
-16055
-16516
-16599
-15631
-13137
-8987.5
-3455.2
2829.5
9018.7
14248
17847
19501
19328
17844
15825
14101
13338
13855
15537
17856
20007
21126
20510
17827
13215
7270.8
912.78
-4834.5
-9093.4
-11350
-11584
-10269
-8248.5
-6513.8
-5939.9
-7048.4
-9858.5
-13869
-18176
-21695
-23449
-22817
-19717
-14634
-8520.3
-2564.9
2102.1
4693.3
4964.4
3279
517.12
-2151.7
-3573.3
-2917.4
94.893
5099.1
11162
17007
21328
23125
21971
18123
12481
6367.9
1202.4
-1859
-2219.2
-2.6429e-10
3980.2
8409
11811
12932
11068
6267.2
-661.7
-8333.1
-15120
-19559
-20723
-18458
-13448
-7042.8
-934
3270
4454.1
2289.1
-2671.5
-9115
-15291
-19449
-20283
